A1(-2.4285)
(8.8759)
(2.6297)
A2(3.3279)
(8.7819)
(2.2218)
A3(-1.5945)
(9.0261)
(-3.1651)
A4(0.6464)
(7.9152)
(-6.8666)
G1(-0.2405)
(-0.3874)
(-0.0154)
G2(-0.0474)
(0.0192)
(-0.0788)
G3(-0.0011)
(0.0431)
(-0.0564)
G4(-0.0138)
(-0.0250)
(-0.0277)
A1(-3.4009)
(9.0388)
(2.2465)
A2(2.8635)
(9.0884)
(2.6049)
A3(-1.1492)
(9.0836)
(-2.4708)
A4(0.3831)
(7.7716)
(-6.4643)
G1(-0.1245)
(-0.1123)
(-0.1309)
G2(0.0005)
(-0.1043)
(-0.0830)
G3(-0.1171)
(-0.0867)
(0.0686)
G4(0.0027)
(-0.1990)
(0.0639)
A1(-3.8416)
(9.0101)
(3.4345)
A2(2.8395)
(9.0644)
(2.2841)
A3(-0.9194)
(8.9447)
(-2.9784)
A4(0.2490)
(7.9392)
(-6.4356)
G1(-0.0591)
(-0.1729)
(-0.0011)
G2(0.0080)
(-0.3943)
(-0.0085)
G3(-0.0644)
(-0.1602)
(0.0633)
G4(0.0133)
(-0.0005)
(0.0218)
A1(-2.7926)
(9.3837)
(4.7421)
A2(2.2505)
(9.0501)
(2.2122)
A3(-1.1444)
(9.5289)
(-3.6296)
A4(0.1293)
(7.3358)
(-6.5745)
G1(-0.1538)
(-0.8705)
(-0.8391)
G2(-0.1155)
(-0.5060)
(-0.0325)
G3(0.0835)
(-0.5486)
(0.3682)
G4(-0.0330)
(-0.1032)
(0.1479)
A1(-2.6154)
(6.0546)
(2.0789)
A2(1.9489)
(8.9735)
(2.1261)
A3(-2.9113)
(9.8833)
(-3.2561)
A4(-0.2682)
(8.7484)
(-5.8610)
G1(-0.7721)
(-3.1538)
(-0.7513)
G2(-0.1644)
(-0.0718)
(0.0644)
G3(0.0372)
(-1.6730)
(1.0525)
G4(0.1224)
(-0.3911)
(0.3741)
A1(0.0287)
(7.6353)
(3.0704)
A2(2.5857)
(9.5768)
(2.9209)
A3(-3.4381)
(8.8346)
(-2.7438)
A4(-1.0056)
(9.0980)
(-5.1763)
G1(0.2336)
(-3.5859)
(-1.0759)
G2(-0.0734)
(-1.0866)
(0.0527)
G3(0.0032)
(-3.1251)
(1.9544)
G4(0.2469)
(-0.8056)
(0.8913)
A1(-11.8553)
(13.8097)
(8.9047)
A2(2.5331)
(8.5281)
(2.6528)
A3(11.1187)
(10.2328)
(7.4029)
A4(1.8531)
(21.4904)
(2.3607)
G1(3.8706)
(-5.1764)
(0.2065)
G2(-0.1208)
(-2.7159)
(-0.0718)
G3(-2.7782)
(-9.6493)
(5.3009)
G4(1.8464)
(-3.7125)
(3.8732)
A1(7.4150)
(17.9674)
(5.3936)
A2(0.8236)
(11.1761)
(7.4172)
A3(38.8914)
(50.5943)
(-15.6150)
A4(0.9625)
(16.1465)
(0.9768)
G1(3.1294)
(-8.1924)
(1.3505)
G2(-0.3038)
(-4.1984)
(0.0415)
G3(3.8562)
(7.7960)
(-1.9928)
G4(1.2702)
(-6.1661)
(7.1229)
A1(9.6950)
(15.5724)
(3.8464)
A2(-1.0822)
(10.9990)
(9.4332)
A3(6.2872)
(12.6988)
(-8.8250)
A4(-16.5727)
(2.9975)
(-23.7984)
G1(1.7294)
(-5.8421)
(-1.3537)
G2(-3.8780)
(-4.1079)
(0.7274)
G3(-0.3464)
(-1.8874)
(0.4528)
G4(0.3634)
(2.7792)
(5.2062)
A1(4.3733)
(10.1693)
(14.5952)
A2(4.7645)
(12.3254)
(20.0347)
A3(9.0788)
(10.1610)
(-1.1157)
A4(-7.1539)
(-3.7206)
(-13.0245)
G1(-0.7833)
(-10.3900)
(-2.7489)
G2(-7.0947)
(-7.2410)
(0.0176)
G3(-0.5475)
(-3.5008)
(0.7849)
G4(0.5779)
(8.2791)
(8.7570)
A1(-14.1306)
(2.8836)
(-3.2333)
A2(-1.9920)
(20.9876)
(19.1776)
A3(13.6517)
(11.8561)
(5.5210)
A4(-5.6360)
(-6.9432)
(-2.7725)
G1(1.1557)
(-6.5971)
(-0.4459)
G2(-7.7843)
(-3.1576)
(1.7592)
G3(-1.1834)
(-8.1158)
(3.4215)
G4(-2.9500)
(7.5480)
(4.4117)
A1(-0.3976)
(16.2382)
(5.9013)
A2(5.6982)
(11.3868)
(13.9678)
A3(-0.5315)
(-2.5043)
(-1.6328)
A4(1.5802)
(16.5104)
(2.3320)
G1(0.7732)
(-0.8806)
(0.1453)
G2(-5.2317)
(-10.4480)
(2.8851)
G3(-2.6031)
(-5.5914)
(1.9348)
G4(-4.6342)
(-2.1678)
(4.7161)
A1(-3.4871)
(12.5930)
(1.5137)
A2(-5.9855)
(0.8428)
(-9.8258)
A3(-13.9678)
(6.9432)
(1.6568)
A4(4.2665)
(6.0478)
(24.6315)
G1(-0.5449)
(-0.0984)
(-0.3022)
G2(1.9129)
(-2.3440)
(2.8372)
G3(-1.2600)
(-2.4397)
(-0.4699)
G4(-14.8715)
(5.3440)
(-15.7388)
A1(-0.4790)
(9.3118)
(-0.1868)
A2(-10.1849)
(14.5424)
(8.0014)
A3(-1.0295)
(9.5912)
(-2.3176)
A4(4.6017)
(-2.5139)
(-3.3375)
G1(0.0442)
(-0.0697)
(-0.0905)
G2(-1.6469)
(-0.4619)
(-0.5188)
G3(0.3235)
(0.0208)
(-0.1799)
G4(1.0451)
(-3.2283)
(-0.1921)
A1(-1.6334)
(9.5226)
(2.2657)
A2(2.3272)
(1.8675)
(6.6272)
A3(3.1747)
(8.7915)
(-5.1811)
A4(7.5561)
(-2.5857)
(-7.1587)
G1(-0.0718)
(0.5976)
(-0.1969)
G2(-0.7726)
(-4.4692)
(-0.7795)
G3(0.0090)
(0.3475)
(-0.1112)
G4(1.9231)
(-1.9656)
(-2.0976)
A1(0.5269)
(9.9729)
(1.7963)
A2(16.9174)
(1.2737)
(-6.0334)
A3(3.4189)
(7.0246)
(-5.2481)
A4(6.7086)
(-5.0230)
(-4.9656)
G1(0.0027)
(0.8402)
(0.1165)
G2(-1.0461)
(3.6253)
(-2.3088)
G3(0.1266)
(1.0073)
(-0.2315)
G4(-0.5284)
(-3.9137)
(-1.0227)
A1(-1.1736)
(9.1825)
(0.9532)
A2(7.3694)
(2.9640)
(-0.2107)
A3(1.2258)
(10.4196)
(-2.8204)
A4(4.0270)
(-2.0638)
(-5.9280)
G1(0.3139)
(0.3650)
(0.1229)
G2(-1.0637)
(0.1825)
(-1.7602)
G3(0.1229)
(0.7136)
(-0.3139)
G4(-2.7510)
(-3.8802)
(-1.3952)
A1(-3.9566)
(10.4519)
(0.0096)
A2(15.0835)
(6.7516)
(-1.7334)
A3(1.2450)
(8.7197)
(-3.3471)
A4(3.1268)
(0.9625)
(-8.2361)
G1(-0.0521)
(0.4869)
(-0.2368)
G2(0.0623)
(3.9073)
(-1.3069)
G3(0.1405)
(0.7524)
(-0.2549)
G4(-4.4373)
(-2.7462)
(-0.8642)
A1(-1.4562)
(8.5933)
(1.1448)
A2(6.5553)
(5.9376)
(2.8874)
A3(1.2354)
(9.2991)
(-3.9169)
A4(6.2968)
(0.6273)
(-11.2144)
G1(-0.4677)
(1.3846)
(0.1277)
G2(-0.4236)
(0.3102)
(-1.4718)
G3(0.2081)
(0.4715)
(-0.2602)
G4(-4.1840)
(-1.2851)
(0.8673)
A1(0.0671)
(9.4603)
(3.6883)
A2(7.7093)
(8.0541)
(1.9537)
A3(-0.3352)
(9.4523)
(-1.9345)
A4(4.4484)
(11.9375)
(-6.1483)
G1(0.1181)
(0.8934)
(-0.3890)
G2(1.3090)
(1.2824)
(-1.6506)
G3(0.2299)
(0.6364)
(-0.3773)
G4(-2.5222)
(-1.3617)
(0.5976)
