A1(2.8309)
(10.0256)
(2.4477)
A2(2.8730)
(8.9783)
(2.7629)
A3(-0.8188)
(8.0876)
(-5.5641)
A4(-2.3128)
(8.5569)
(-2.4086)
G1(-0.2751)
(2.0050)
(-0.1054)
G2(-0.0596)
(0.4422)
(0.1149)
G3(-0.0043)
(0.2235)
(-0.1415)
G4(1.3776)
(4.7305)
(-2.9319)
A1(-1.4945)
(10.7776)
(-0.1198)
A2(5.5785)
(5.9616)
(6.2106)
A3(0.5507)
(8.7149)
(-5.8083)
A4(-2.5762)
(6.0190)
(-2.1356)
G1(0.0090)
(2.1758)
(-0.7391)
G2(-0.7194)
(0.0676)
(0.8530)
G3(0.1963)
(0.3352)
(-0.3395)
G4(0.2139)
(1.6400)
(-1.4170)
A1(-3.1806)
(12.8181)
(7.1372)
A2(1.1205)
(7.9727)
(7.1395)
A3(0.8763)
(10.8074)
(-3.2417)
A4(7.4651)
(0.4597)
(-9.9503)
G1(-0.9945)
(5.0684)
(-1.7453)
G2(-0.6311)
(1.5947)
(0.8748)
G3(0.2458)
(0.4315)
(-0.7604)
G4(2.0694)
(1.4090)
(-0.6529)
A1(2.1076)
(18.2836)
(3.3818)
A2(4.6064)
(5.9424)
(8.7819)
A3(4.8459)
(26.1064)
(13.5751)
A4(11.8609)
(2.1404)
(-8.3127)
G1(-8.8001)
(1.8044)
(0.1437)
G2(0.3283)
(1.9427)
(0.0947)
G3(3.7205)
(2.1524)
(-2.8904)
G4(1.5213)
(3.6295)
(-1.4564)
A1(-9.1586)
(10.8878)
(1.2215)
A2(6.2824)
(9.8450)
(7.2257)
A3(4.2521)
(14.1162)
(-8.3222)
A4(-8.8825)
(9.9742)
(-8.3318)
G1(-6.7701)
(6.0693)
(0.6944)
G2(0.6497)
(1.6565)
(-0.5837)
G3(3.8019)
(2.9639)
(-3.5157)
G4(0.8189)
(2.2216)
(-0.6481)
A1(-9.9298)
(21.1049)
(18.2021)
A2(-9.5050)
(9.5960)
(2.1356)
A3(39.7773)
(16.6110)
(-14.3125)
A4(-3.7014)
(8.5329)
(-8.0685)
G1(-7.4118)
(0.6146)
(1.7373)
G2(1.1701)
(2.9218)
(0.5619)
G3(-1.3792)
(-0.2219)
(-1.3766)
G4(0.2309)
(2.6233)
(-0.6130)
A1(-7.6018)
(1.9639)
(15.8646)
A2(0.4405)
(10.0604)
(6.5410)
A3(7.9296)
(-2.6911)
(-25.9627)
A4(-1.4174)
(15.4043)
(-7.1587)
G1(-6.3944)
(5.1801)
(0.7040)
G2(1.5288)
(6.9840)
(1.6474)
G3(-3.4827)
(0.2453)
(-2.9197)
G4(0.4150)
(6.1816)
(-1.8555)
A1(7.7311)
(14.5665)
(-2.0549)
A2(-11.0756)
(12.5217)
(4.4436)
A3(16.3189)
(-3.5626)
(-8.9543)
A4(-11.7938)
(1.1636)
(-0.9433)
G1(-0.9434)
(7.3623)
(-0.4156)
G2(1.0217)
(2.3775)
(2.1173)
G3(4.2787)
(-5.8000)
(-9.8489)
G4(0.4555)
(7.7401)
(-4.4197)
A1(-8.9574)
(1.7675)
(-12.2433)
A2(-7.6998)
(13.7236)
(15.4953)
A3(7.8578)
(-3.8451)
(2.3655)
A4(2.3655)
(0.2251)
(-4.6926)
G1(3.3938)
(0.5635)
(-1.5633)
G2(1.5144)
(8.8868)
(2.4961)
G3(2.2945)
(-6.7914)
(-8.5175)
G4(-0.6103)
(3.8663)
(-2.1902)
A1(-3.2189)
(1.8729)
(-2.5196)
A2(21.6867)
(7.0054)
(-9.6007)
A3(-6.2776)
(-16.6062)
(1.7286)
A4(11.2144)
(12.4642)
(4.8794)
G1(-2.6648)
(0.1777)
(4.8534)
G2(2.3253)
(4.8933)
(2.1141)
G3(-7.1979)
(-2.4914)
(-7.9843)
G4(-1.4261)
(1.7629)
(-0.5374)
A1(-7.6162)
(9.1825)
(-7.2282)
A2(2.7725)
(-0.5698)
(6.0478)
A3(48.2815)
(50.1585)
(26.0250)
A4(6.4452)
(12.7372)
(9.2081)
G1(-0.8854)
(-3.9100)
(1.2542)
G2(1.3867)
(-0.0106)
(0.0106)
G3(5.9676)
(10.1378)
(5.6133)
G4(-0.5577)
(-1.2994)
(0.3326)
A1(-5.2020)
(6.3276)
(3.1231)
A2(16.6972)
(4.1515)
(5.2529)
A3(-10.5680)
(-2.0542)
(-6.3063)
A4(-0.2586)
(8.5712)
(-7.4795)
G1(-0.7705)
(-0.5683)
(2.4514)
G2(1.5027)
(3.4252)
(-0.2762)
G3(3.8440)
(0.5438)
(3.9392)
G4(0.2150)
(-0.1256)
(-0.0612)
A1(-12.2577)
(9.8866)
(-0.6562)
A2(5.9089)
(9.6678)
(6.3159)
A3(-6.4596)
(-10.9702)
(-0.5842)
A4(0.2346)
(9.2703)
(-4.0797)
G1(0.6204)
(-5.6372)
(2.5685)
G2(-0.3698)
(-1.8342)
(0.4326)
G3(0.9355)
(6.2241)
(0.8333)
G4(-0.0452)
(0.1958)
(-0.0830)
A1(-6.7587)
(7.8221)
(2.3375)
A2(0.8667)
(11.3294)
(1.7382)
A3(-2.8299)
(-2.5235)
(-6.6607)
A4(1.0199)
(9.3182)
(-3.5243)
G1(1.3000)
(-1.0413)
(1.9284)
G2(-0.1011)
(1.4952)
(0.3155)
G3(-4.4607)
(2.9692)
(0.7231)
G4(-0.1394)
(-0.6561)
(0.0128)
A1(-6.1504)
(6.4474)
(1.8058)
A2(4.7932)
(9.1219)
(0.9720)
A3(-4.7836)
(1.1444)
(-11.3150)
A4(-0.3112)
(9.7923)
(-2.2793)
G1(1.0222)
(-1.0025)
(2.1242)
G2(0.1830)
(0.0341)
(-0.0825)
G3(-4.0446)
(1.9300)
(0.4645)
G4(-0.1820)
(-0.5646)
(0.0814)
A1(-7.2761)
(8.6652)
(2.0262)
A2(2.4948)
(9.3518)
(-0.0239)
A3(0.9577)
(5.3582)
(-11.5496)
A4(0.7087)
(9.0884)
(-3.9313)
G1(1.9012)
(-1.0222)
(0.6433)
G2(0.2261)
(-1.1595)
(0.1288)
G3(-2.4573)
(0.5763)
(-1.2095)
G4(-0.1304)
(-0.5933)
(0.1612)
A1(-4.6655)
(8.3778)
(1.6190)
A2(-2.0255)
(9.2177)
(-0.1867)
A3(-2.5235)
(5.3247)
(-9.8258)
A4(0.4645)
(9.3661)
(-3.0071)
G1(1.4165)
(-1.1036)
(0.9163)
G2(0.0234)
(-0.7189)
(-0.0633)
G3(-3.4694)
(-0.4417)
(1.3888)
G4(-0.0500)
(-0.6353)
(0.2006)
A1(-5.7049)
(8.2197)
(1.3604)
A2(2.2458)
(9.1602)
(-1.3120)
A3(-0.8428)
(9.6295)
(-5.8514)
A4(0.9194)
(9.5241)
(-3.7924)
G1(1.8411)
(-1.2696)
(0.3592)
G2(0.0750)
(-0.5428)
(0.0325)
G3(-1.9704)
(-0.3304)
(0.5853)
G4(-0.0947)
(-0.1517)
(0.1921)
A1(-4.6080)
(8.8185)
(1.1209)
A2(-0.4405)
(9.6869)
(0.6321)
A3(-2.3942)
(9.0597)
(-5.6312)
A4(0.4214)
(9.5577)
(-2.5857)
G1(1.6639)
(-0.4496)
(0.2293)
G2(-0.1304)
(-1.3218)
(-0.0378)
G3(-1.7182)
(-0.7322)
(0.5715)
G4(-0.1293)
(-0.7535)
(0.3246)
A1(-4.4547)
(9.5944)
(-0.0383)
A2(0.6656)
(9.8354)
(0.7183)
A3(-1.6568)
(10.5393)
(-2.1835)
A4(-0.3926)
(9.4475)
(-3.8355)
G1(0.6997)
(-1.1020)
(0.2863)
G2(0.0048)
(-0.5795)
(0.0910)
G3(-0.9514)
(0.6540)
(-0.1905)
G4(-0.0043)
(0.3171)
(0.1277)
