A1(1.1640)
(7.8557)
(6.8162)
A2(1.9585)
(9.0884)
(0.3065)
A3(-1.8100)
(11.1666)
(-1.7526)
A4(1.1253)
(8.9926)
(-4.4245)
G1(-0.4587)
(-1.9034)
(-0.4204)
G2(-0.1830)
(0.4076)
(-0.0096)
G3(0.6444)
(-0.4651)
(0.3911)
G4(0.3134)
(-0.4603)
(0.0575)
A1(-1.6574)
(8.6748)
(5.0056)
A2(3.0885)
(9.8928)
(2.3559)
A3(-5.5306)
(7.5513)
(-7.2496)
A4(-3.2178)
(8.2504)
(-7.8290)
G1(0.6816)
(-2.2652)
(-1.1776)
G2(-0.2863)
(-0.1676)
(0.2097)
G3(0.2246)
(-2.2652)
(1.7384)
G4(0.5172)
(-0.3267)
(0.5539)
A1(0.3305)
(6.6055)
(13.4983)
A2(3.7302)
(7.9248)
(2.4995)
A3(6.9336)
(5.4061)
(-4.6591)
A4(-1.5706)
(12.3589)
(-3.1029)
G1(0.7923)
(-4.4841)
(-1.1935)
G2(-0.4789)
(-1.6240)
(-0.1203)
G3(0.0639)
(-3.6545)
(3.7365)
G4(0.5082)
(-1.1153)
(1.2499)
A1(-7.0653)
(6.4282)
(4.3637)
A2(-0.8428)
(12.9718)
(3.5769)
A3(-19.0291)
(12.1482)
(-4.3144)
A4(-11.8609)
(33.5188)
(1.2402)
G1(1.8087)
(-2.5137)
(-0.5640)
G2(0.2432)
(-1.9896)
(-0.0436)
G3(-0.5486)
(-8.5431)
(4.5666)
G4(2.7207)
(-1.8289)
(4.2707)
A1(10.6195)
(18.9686)
(-0.6227)
A2(1.1253)
(12.5313)
(4.4484)
A3(10.9032)
(19.1871)
(14.6908)
A4(-0.1197)
(14.6381)
(0.0144)
G1(1.7453)
(-4.0004)
(0.5896)
G2(0.2490)
(-2.7186)
(-0.1644)
G3(2.0124)
(5.4627)
(-1.0163)
G4(2.2280)
(-7.2181)
(7.4240)
A1(8.4496)
(13.8672)
(3.7506)
A2(-0.3208)
(5.1236)
(6.3590)
A3(4.2952)
(8.5952)
(-10.5680)
A4(-19.7522)
(-4.9512)
(-28.4623)
G1(1.8443)
(-5.5499)
(-1.3633)
G2(-4.0792)
(-3.4635)
(1.5202)
G3(-0.4044)
(-0.7247)
(-0.0729)
G4(0.5683)
(3.3688)
(5.7654)
A1(12.1667)
(9.4891)
(13.2588)
A2(-3.3806)
(20.9924)
(4.9752)
A3(7.6231)
(9.3134)
(-3.7350)
A4(-8.0685)
(0.2442)
(-24.0138)
G1(2.2519)
(-7.3671)
(-1.0775)
G2(-6.3912)
(-8.0333)
(-2.6276)
G3(-0.6694)
(-2.2067)
(0.3879)
G4(1.5500)
(5.6457)
(7.5863)
A1(-12.8469)
(9.0963)
(8.2197)
A2(-2.9975)
(20.6380)
(24.0378)
A3(9.9120)
(10.7260)
(5.0853)
A4(-7.6614)
(-6.1244)
(-1.7478)
G1(1.7533)
(-8.9837)
(-0.4629)
G2(-9.4301)
(-3.6545)
(1.6570)
G3(-0.6694)
(-7.9631)
(2.3493)
G4(-1.7709)
(9.4849)
(2.2551)
A1(-5.9828)
(4.7900)
(7.3431)
A2(19.4505)
(12.3062)
(6.4500)
A3(10.4004)
(4.4245)
(7.0246)
A4(-4.2425)
(-15.8927)
(4.0270)
G1(0.4837)
(0.6513)
(-0.4432)
G2(-5.1429)
(-5.5930)
(-0.4443)
G3(-2.4381)
(-11.2680)
(5.0567)
G4(-7.5198)
(3.9185)
(0.7875)
A1(-14.9306)
(6.0642)
(2.3759)
A2(-6.0908)
(14.8441)
(8.1451)
A3(-6.5266)
(11.5879)
(3.6440)
A4(-24.6651)
(72.7598)
(-78.6208)
G1(0.3821)
(-1.8991)
(0.3448)
G2(-1.1706)
(-7.4964)
(3.4923)
G3(-0.4230)
(2.1045)
(-1.9550)
G4(11.6368)
(17.4357)
(3.2081)
A1(-2.4717)
(7.7455)
(2.6393)
A2(-9.3326)
(8.3222)
(-5.9855)
A3(-1.7861)
(12.1003)
(-0.7326)
A4(12.0572)
(-40.3758)
(4.1851)
G1(-0.5034)
(0.1213)
(-0.5843)
G2(1.0206)
(0.1708)
(2.9075)
G3(-1.3212)
(-2.9043)
(-0.3501)
G4(2.3264)
(2.3817)
(-2.0226)
A1(-0.0431)
(10.6339)
(1.5424)
A2(-0.4022)
(0.7709)
(3.0789)
A3(0.1006)
(10.0317)
(-0.6464)
A4(14.9063)
(3.0646)
(1.0056)
G1(-0.0351)
(0.4502)
(-0.2788)
G2(0.2485)
(-3.2150)
(0.6971)
G3(-0.1586)
(0.6886)
(-0.2416)
G4(2.1827)
(-0.4709)
(-4.5293)
A1(-2.4717)
(8.6939)
(0.0192)
A2(-3.3950)
(2.4612)
(-7.9823)
A3(-0.6464)
(9.3134)
(-2.8252)
A4(11.6981)
(-2.8443)
(-5.4253)
G1(0.4470)
(0.4640)
(-0.0825)
G2(-1.4873)
(3.9924)
(-1.5681)
G3(0.0223)
(0.7221)
(-0.3182)
G4(1.3548)
(-3.7397)
(0.4566)
A1(-0.7472)
(9.3693)
(-0.8909)
A2(5.0805)
(0.6608)
(-0.5411)
A3(0.5794)
(9.5433)
(-1.7621)
A4(10.8649)
(-2.1787)
(-6.4356)
G1(0.3038)
(0.5231)
(-0.1548)
G2(-0.8381)
(-3.0847)
(-2.0300)
G3(0.0559)
(2.1721)
(-0.5465)
G4(0.6167)
(-2.4121)
(-1.7320)
A1(-0.7856)
(9.7573)
(0.8766)
A2(5.2098)
(1.8196)
(1.1971)
A3(0.3400)
(8.9447)
(-4.9512)
A4(10.4770)
(-2.4469)
(-7.1156)
G1(0.4262)
(0.1532)
(0.1618)
G2(-0.8264)
(0.9397)
(-2.0055)
G3(0.2309)
(0.3294)
(-0.0106)
G4(-0.1719)
(-2.3142)
(-1.8581)
A1(-1.1879)
(9.4412)
(-2.0980)
A2(13.1585)
(3.9169)
(0.5315)
A3(1.8579)
(9.4523)
(-3.3519)
A4(5.4540)
(0.2251)
(-8.0254)
G1(-0.0809)
(1.0632)
(0.1160)
G2(-0.1043)
(0.6971)
(-1.9555)
G3(0.1059)
(-0.3602)
(0.1075)
G4(-2.4882)
(-2.6116)
(-0.8285)
A1(-0.1245)
(9.6280)
(0.3161)
A2(10.0604)
(4.2234)
(-0.8475)
A3(2.0111)
(8.6191)
(-3.8355)
A4(6.7373)
(0.5890)
(-8.5090)
G1(0.3395)
(0.7817)
(-0.1910)
G2(0.5720)
(1.2090)
(-1.1403)
G3(0.0963)
(-0.5039)
(-0.0335)
G4(-3.0309)
(-1.8118)
(-1.1105)
A1(0.7377)
(9.4843)
(-0.5077)
A2(8.1786)
(3.9361)
(-0.7470)
A3(0.2442)
(8.5712)
(-3.6631)
A4(2.6145)
(2.9018)
(-9.7540)
G1(0.0218)
(-0.1575)
(-0.0511)
G2(-1.3117)
(1.5798)
(-1.8358)
G3(0.0777)
(-0.7088)
(0.1799)
G4(-2.8186)
(-0.8019)
(-0.2911)
A1(-0.7760)
(9.4316)
(0.1245)
A2(11.6933)
(5.9855)
(1.5993)
A3(1.1588)
(9.6869)
(-2.4517)
A4(4.1755)
(4.7740)
(-8.7340)
G1(-0.0351)
(0.2192)
(-0.2049)
G2(-0.5582)
(0.2405)
(-1.4931)
G3(0.1517)
(-0.0452)
(0.0213)
G4(-3.6173)
(-0.2288)
(-0.8147)
A1(-0.1341)
(9.8004)
(-0.0144)
A2(7.3837)
(7.4699)
(2.4565)
A3(0.1197)
(9.0405)
(-2.7629)
A4(3.8786)
(11.6789)
(-5.6790)
G1(-0.3437)
(-0.0788)
(-0.3459)
G2(0.9402)
(1.3063)
(-1.4011)
G3(0.1910)
(0.3379)
(-0.1836)
G4(-1.9704)
(-1.6942)
(0.5257)
