A1(-1.3939)
(7.3623)
(6.7827)
A2(2.0207)
(9.4140)
(0.0718)
A3(-2.3990)
(10.4962)
(-3.0167)
A4(0.3160)
(8.3893)
(-6.4835)
G1(-1.3212)
(-1.0163)
(-0.0958)
G2(0.0686)
(0.4209)
(0.0213)
G3(0.3251)
(-0.5672)
(0.3485)
G4(0.0633)
(-0.4720)
(0.2150)
A1(-1.2310)
(7.5204)
(4.1146)
A2(0.9433)
(10.2328)
(0.9960)
A3(-5.4109)
(9.1123)
(-4.1515)
A4(-1.6089)
(8.2744)
(-5.4636)
G1(-0.5401)
(-2.6483)
(-0.6412)
G2(-0.1628)
(-0.6673)
(0.0665)
G3(0.3437)
(-1.9582)
(1.4106)
G4(0.2836)
(-0.9461)
(0.5523)
A1(-0.5125)
(7.3623)
(9.4412)
A2(3.4620)
(9.7300)
(-0.2682)
A3(9.9311)
(7.7620)
(1.9058)
A4(-1.4461)
(9.1028)
(-6.9959)
G1(0.1729)
(-2.4839)
(-0.1788)
G2(0.0580)
(-0.8391)
(-0.0564)
G3(-1.1015)
(-3.1017)
(3.4641)
G4(0.3704)
(-0.8253)
(0.5949)
A1(-5.3122)
(15.4527)
(6.6486)
A2(-0.4166)
(9.5672)
(3.0694)
A3(-2.6624)
(12.4834)
(4.4053)
A4(-6.4212)
(23.0657)
(11.2911)
G1(1.5804)
(1.1887)
(0.8296)
G2(0.1910)
(-2.7553)
(0.3198)
G3(-2.7947)
(-8.8150)
(3.9461)
G4(2.5988)
(-3.5673)
(3.3230)
A1(9.0628)
(13.7618)
(5.1589)
A2(1.5802)
(8.8873)
(3.1603)
A3(-5.2337)
(30.7799)
(7.2688)
A4(-2.6719)
(16.0842)
(-6.4979)
G1(2.0039)
(-7.7007)
(0.2804)
G2(0.6912)
(-1.4771)
(0.7237)
G3(0.6470)
(6.0831)
(-1.1478)
G4(2.8729)
(-4.4889)
(6.2161)
A1(-0.3305)
(9.1969)
(3.3099)
A2(2.9066)
(11.5161)
(7.1874)
A3(0.5842)
(5.5258)
(-10.5201)
A4(-21.9931)
(29.7264)
(-27.8494)
G1(1.4548)
(-5.7133)
(-1.3888)
G2(-0.3246)
(-3.7870)
(1.7815)
G3(0.4033)
(-0.5369)
(1.2201)
G4(1.5554)
(-1.8475)
(9.2167)
A1(10.7967)
(10.1118)
(17.9818)
A2(-6.9049)
(20.4082)
(12.3684)
A3(6.9767)
(9.1028)
(-4.4628)
A4(-7.0725)
(1.1923)
(-18.8950)
G1(0.6412)
(-8.6591)
(-2.0268)
G2(-8.6426)
(-3.6710)
(0.5736)
G3(-0.0761)
(-2.3828)
(0.7561)
G4(-0.4305)
(3.7450)
(6.8941)
A1(-1.8873)
(3.5063)
(10.4614)
A2(10.6398)
(16.8552)
(14.9494)
A3(11.3964)
(11.7747)
(-5.5785)
A4(-3.5674)
(-0.0670)
(-13.5560)
G1(-0.0346)
(-13.5726)
(-2.3706)
G2(-6.8855)
(-4.3942)
(0.4443)
G3(-0.2724)
(-4.2739)
(1.3580)
G4(-0.0303)
(5.1642)
(7.9051)
A1(-3.4632)
(9.1442)
(10.1357)
A2(13.2160)
(11.1570)
(8.7963)
A3(18.6365)
(-1.1444)
(10.9607)
A4(-8.5760)
(-8.2744)
(0.0000)
G1(1.2116)
(-1.5814)
(-0.3145)
G2(-5.3153)
(-6.5471)
(-1.2398)
G3(-2.7691)
(-11.3840)
(6.6115)
G4(-3.0740)
(4.5549)
(3.3326)
A1(-7.4964)
(8.6269)
(4.0667)
A2(-12.7515)
(19.0387)
(12.7946)
A3(10.1227)
(16.6301)
(11.3389)
A4(-6.8043)
(-6.8857)
(-2.5331)
G1(1.0935)
(-3.4300)
(0.3693)
G2(-1.8470)
(-5.0162)
(3.4635)
G3(0.4800)
(7.7412)
(-3.3507)
G4(-5.7011)
(-1.0754)
(3.7189)
A1(-6.9791)
(5.3074)
(2.7734)
A2(-5.0182)
(2.8874)
(-8.5617)
A3(-7.0629)
(11.7843)
(0.9529)
A4(-7.3454)
(25.5126)
(25.0481)
G1(-0.5481)
(-1.2388)
(-0.8056)
G2(-0.0128)
(-2.1311)
(2.3748)
G3(-1.8624)
(-5.2227)
(0.3225)
G4(6.4359)
(-17.1867)
(-5.9889)
A1(-0.9532)
(10.5956)
(0.4263)
A2(8.8681)
(1.6568)
(12.1386)
A3(-5.3534)
(14.0109)
(2.9209)
A4(6.8953)
(9.1746)
(-9.6869)
G1(-0.0537)
(0.8939)
(-0.1692)
G2(0.6854)
(-2.4796)
(0.6582)
G3(0.1336)
(1.1244)
(-0.3954)
G4(3.0708)
(-0.5417)
(-2.2732)
A1(-1.6238)
(10.0256)
(1.9256)
A2(9.3374)
(-0.1628)
(-1.2641)
A3(3.9313)
(9.0788)
(-3.7350)
A4(7.5178)
(-4.0510)
(-6.4117)
G1(0.0516)
(1.2414)
(-0.1431)
G2(-0.4342)
(5.1737)
(-1.8273)
G3(0.2969)
(2.4914)
(-0.5954)
G4(1.3143)
(-4.5554)
(-1.2606)
A1(-2.7782)
(8.2101)
(0.8622)
A2(7.2496)
(0.7757)
(1.9776)
A3(0.9912)
(8.5090)
(-3.3710)
A4(4.8123)
(-1.8100)
(-4.9895)
G1(0.0287)
(1.6437)
(0.1740)
G2(-0.9658)
(-1.1009)
(-1.6070)
G3(-0.0564)
(1.5091)
(-0.4459)
G4(-1.3952)
(-4.1590)
(-3.1554)
A1(-1.5903)
(9.2496)
(-0.0623)
A2(12.5696)
(4.6591)
(-0.3352)
A3(-0.0862)
(9.0261)
(-2.7438)
A4(2.4756)
(4.9608)
(-7.6854)
G1(-0.1506)
(0.6013)
(0.1618)
G2(-0.3006)
(4.0467)
(-2.0215)
G3(0.0011)
(1.1664)
(-0.3480)
G4(-4.2351)
(-4.1622)
(-2.2455)
A1(-0.3880)
(9.4555)
(1.0251)
A2(8.9687)
(4.2665)
(-1.3360)
A3(1.8866)
(8.8298)
(-3.2082)
A4(-1.6328)
(5.8945)
(-10.6686)
G1(0.1399)
(0.9860)
(-0.0266)
G2(-0.4374)
(2.1375)
(-1.8347)
G3(0.0442)
(0.4331)
(-0.1458)
G4(-2.9484)
(-0.1676)
(-2.4914)
A1(-0.5269)
(9.6376)
(-0.0383)
A2(8.1594)
(4.3910)
(4.5729)
A3(1.8483)
(9.2751)
(-2.3128)
A4(5.6838)
(7.9775)
(-8.2265)
G1(0.4581)
(0.2751)
(-0.2155)
G2(1.5229)
(0.6077)
(-1.8773)
G3(0.0809)
(0.3315)
(-0.2453)
G4(-2.1008)
(-1.3441)
(1.1643)
A1(0.2730)
(9.4268)
(0.7425)
A2(8.6718)
(5.8227)
(3.5482)
A3(1.9441)
(9.6199)
(-1.9776)
A4(2.8443)
(9.5289)
(-7.6471)
G1(-0.0303)
(-0.3459)
(-0.1479)
G2(1.9076)
(2.4488)
(-2.3099)
G3(0.1006)
(-0.0569)
(-0.0612)
G4(-2.0806)
(-1.5495)
(0.8402)
A1(-2.0549)
(8.2724)
(0.0287)
A2(9.9790)
(6.4548)
(4.0606)
A3(1.1253)
(9.4954)
(-1.9249)
A4(4.2904)
(10.1227)
(-6.2489)
G1(-0.4651)
(-0.6103)
(-0.3629)
G2(1.6666)
(-0.6444)
(-1.6570)
G3(0.1325)
(-0.3086)
(-0.0591)
G4(-2.1806)
(-1.4734)
(0.4853)
A1(-1.6574)
(10.0112)
(1.7963)
A2(6.9767)
(8.9926)
(1.0247)
A3(-0.1006)
(9.5098)
(-2.1452)
A4(-3.0694)
(13.2591)
(-3.2753)
G1(-0.3858)
(0.2879)
(-0.4023)
G2(1.3686)
(-1.2308)
(-1.2627)
G3(0.3166)
(-0.1016)
(-0.2426)
G4(0.8258)
(0.0053)
(-0.7923)
