A1(-2.5244)
(9.1059)
(-1.5951)
A2(3.8164)
(9.5050)
(3.9935)
A3(1.5371)
(8.2361)
(-6.4165)
A4(4.4915)
(13.4410)
(-0.3639)
G1(0.4730)
(1.6357)
(-0.5890)
G2(-0.1575)
(-0.1240)
(0.1692)
G3(-0.0218)
(0.3427)
(-0.2059)
G4(1.0594)
(2.0923)
(-1.0680)
A1(-0.3114)
(8.8903)
(-0.0671)
A2(1.4461)
(10.0078)
(1.6807)
A3(-0.5555)
(8.2169)
(-5.8371)
A4(-0.5124)
(7.3502)
(-4.1515)
G1(0.2826)
(1.7996)
(-0.6423)
G2(0.0718)
(1.2563)
(0.2166)
G3(-0.3682)
(0.8141)
(-0.3980)
G4(0.9567)
(7.1101)
(-4.2000)
A1(-1.7963)
(12.0805)
(-1.1161)
A2(3.8403)
(6.0382)
(5.1188)
A3(-1.7142)
(11.0277)
(-1.5562)
A4(10.1370)
(12.2727)
(-1.6807)
G1(-0.6252)
(1.4175)
(-0.9706)
G2(-1.2063)
(1.1451)
(0.7801)
G3(0.1080)
(-0.0782)
(-0.3060)
G4(0.9839)
(-2.8048)
(2.6489)
A1(-1.3268)
(8.1526)
(3.5111)
A2(1.5706)
(9.6391)
(4.7597)
A3(-1.8723)
(12.6653)
(-0.5411)
A4(-8.4420)
(6.7947)
(-6.5984)
G1(-1.8161)
(1.9204)
(-1.1132)
G2(-0.2692)
(3.4066)
(1.1009)
G3(0.9583)
(0.0154)
(-0.6800)
G4(0.3528)
(1.6863)
(-1.3734)
A1(-8.2389)
(11.3093)
(0.5365)
A2(17.2335)
(8.5665)
(9.7157)
A3(-1.0056)
(14.6717)
(2.7150)
A4(-1.3408)
(8.6766)
(-7.7764)
G1(-4.7443)
(3.6397)
(0.1075)
G2(1.3920)
(-0.6667)
(-0.7322)
G3(2.4334)
(0.9796)
(-1.9678)
G4(0.0255)
(-0.2187)
(-0.3964)
A1(3.2764)
(16.6119)
(14.5426)
A2(-0.4070)
(8.5856)
(0.6847)
A3(8.8825)
(20.9971)
(1.0678)
A4(-4.0127)
(9.2177)
(-4.7453)
G1(-6.7871)
(3.8424)
(0.2559)
G2(1.2026)
(4.9662)
(-1.8326)
G3(3.7423)
(6.9600)
(-4.3016)
G4(-0.1596)
(0.7487)
(-0.3443)
A1(-6.3803)
(11.4865)
(19.4236)
A2(-1.1349)
(10.9176)
(1.8196)
A3(17.2957)
(6.6032)
(-24.2054)
A4(-5.1906)
(12.6366)
(-1.5514)
G1(-6.9169)
(5.9809)
(0.1160)
G2(1.2781)
(2.0433)
(-0.1639)
G3(-1.9608)
(-1.7698)
(-3.8748)
G4(0.2192)
(3.8259)
(-0.4321)
A1(1.7053)
(10.5093)
(12.7463)
A2(-6.2728)
(9.6295)
(4.5394)
A3(7.9392)
(12.6270)
(-22.7832)
A4(-2.0494)
(1.5083)
(-11.5305)
G1(-4.1675)
(7.4421)
(-1.0328)
G2(0.4443)
(5.8346)
(0.8232)
G3(0.1676)
(0.6997)
(-8.5170)
G4(1.9140)
(11.8310)
(-6.8180)
A1(10.6291)
(11.6206)
(0.2922)
A2(-1.9920)
(11.1187)
(5.8179)
A3(15.6293)
(-0.6704)
(-8.7101)
A4(-6.8187)
(-0.8188)
(10.9607)
G1(0.2703)
(4.0590)
(-1.9646)
G2(0.8328)
(5.7867)
(1.8528)
G3(5.0279)
(-4.8768)
(-8.7639)
G4(0.0282)
(9.7132)
(-6.6982)
A1(-12.7846)
(-14.0779)
(0.3066)
A2(-4.6495)
(6.7660)
(31.8764)
A3(5.3534)
(-14.8824)
(4.5538)
A4(-41.8028)
(43.9001)
(-5.7461)
G1(-0.0133)
(2.7989)
(-0.4629)
G2(-0.7859)
(10.2687)
(1.0972)
G3(-0.1330)
(-3.6652)
(-8.6059)
G4(-2.3424)
(-2.8378)
(-1.6511)
A1(-5.9828)
(2.8070)
(2.1411)
A2(-2.8778)
(17.6788)
(42.8610)
A3(-11.7795)
(74.6321)
(-75.6903)
A4(5.3151)
(10.4579)
(-0.2490)
G1(-1.5825)
(-9.3306)
(1.8384)
G2(5.2520)
(-4.3942)
(-1.5107)
G3(2.1460)
(-9.5248)
(-1.7911)
G4(-1.1664)
(-1.0302)
(0.7263)
A1(-10.5668)
(0.7233)
(-2.9363)
A2(16.3285)
(1.7478)
(17.9421)
A3(-2.5235)
(0.8523)
(-13.2878)
A4(-1.0151)
(10.5489)
(-1.4174)
G1(-1.3957)
(2.0167)
(1.3941)
G2(0.3411)
(2.9729)
(0.1485)
G3(1.5660)
(-1.3627)
(3.0309)
G4(0.2831)
(-0.6923)
(0.1937)
A1(-3.6261)
(3.3195)
(12.2194)
A2(3.5434)
(11.1426)
(7.2113)
A3(-14.0971)
(-14.0540)
(-8.1594)
A4(-2.6001)
(9.1698)
(-5.5162)
G1(1.7624)
(-4.7113)
(1.9773)
G2(-0.1219)
(-3.2698)
(0.0575)
G3(-0.6795)
(5.5776)
(0.9780)
G4(0.2921)
(0.1096)
(0.0096)
A1(-9.7142)
(5.9684)
(1.4658)
A2(1.5036)
(10.8793)
(4.0127)
A3(-5.1523)
(-5.8179)
(-6.1100)
A4(-0.2346)
(9.1985)
(-4.0031)
G1(0.9509)
(-2.3168)
(2.3243)
G2(-0.3384)
(-0.9658)
(0.2214)
G3(-3.7966)
(2.8489)
(-0.7364)
G4(-0.0234)
(0.2400)
(-0.1107)
A1(-5.4702)
(7.1563)
(1.0299)
A2(0.7039)
(11.2192)
(2.6240)
A3(-3.4237)
(0.2346)
(-9.8114)
A4(0.6560)
(8.6479)
(-4.8459)
G1(1.0057)
(0.7460)
(1.9151)
G2(0.2921)
(-0.3241)
(-0.0841)
G3(-3.3571)
(2.0971)
(-0.2613)
G4(0.1022)
(0.7178)
(-0.0830)
A1(-6.9743)
(6.7108)
(1.1113)
A2(-1.5658)
(8.5952)
(1.1061)
A3(-1.5467)
(3.1364)
(-11.0325)
A4(0.2107)
(8.6910)
(-3.7158)
G1(1.1882)
(-0.0756)
(0.9285)
G2(0.2347)
(0.4512)
(0.1123)
G3(-2.7170)
(1.2691)
(-0.5901)
G4(0.1187)
(0.1485)
(0.0740)
A1(-7.6497)
(9.4986)
(1.7867)
A2(0.5986)
(8.9447)
(1.2833)
A3(-2.3703)
(4.4484)
(-9.9407)
A4(0.8763)
(9.6199)
(-4.4197)
G1(0.9887)
(-0.0239)
(0.8391)
G2(0.0830)
(0.0601)
(0.0623)
G3(-3.1879)
(0.4060)
(-0.0394)
G4(-0.0106)
(0.0553)
(0.1330)
A1(-6.3660)
(7.9946)
(1.8585)
A2(0.3065)
(9.4284)
(0.3160)
A3(-3.2370)
(8.6814)
(-8.4851)
A4(-0.0431)
(8.4898)
(-5.3008)
G1(0.7306)
(0.3613)
(1.3101)
G2(-0.2315)
(-0.1761)
(0.3421)
G3(-2.6877)
(0.2985)
(0.0399)
G4(0.0096)
(0.2863)
(0.1868)
A1(-3.4824)
(7.4054)
(-0.2491)
A2(1.3312)
(9.6965)
(0.6321)
A3(-3.2274)
(9.1411)
(-5.0039)
A4(0.7230)
(9.5337)
(-3.5721)
G1(0.7609)
(0.1517)
(1.0099)
G2(0.1442)
(0.3219)
(0.0963)
G3(-1.4553)
(-0.0223)
(-0.2144)
G4(-0.1373)
(0.1117)
(0.2533)
A1(-3.5782)
(10.2890)
(-0.4359)
A2(-0.0096)
(10.1323)
(0.7566)
A3(-5.9376)
(11.5113)
(-4.6591)
A4(0.6369)
(9.3087)
(-3.4764)
G1(1.7496)
(-0.1224)
(0.7875)
G2(0.2214)
(-0.1006)
(0.1745)
G3(-0.4204)
(0.4581)
(0.2980)
G4(-0.1101)
(0.3384)
(0.2395)
