A1(-2.8357)
(8.5646)
(-2.0022)
A2(2.8683)
(8.9256)
(2.7102)
A3(0.8092)
(8.0924)
(-5.6120)
A4(3.2992)
(8.9687)
(-2.8970)
G1(-0.2160)
(-0.0750)
(0.2293)
G2(-0.0798)
(0.0617)
(0.0144)
G3(-0.0431)
(0.3384)
(-0.0245)
G4(0.1107)
(0.3006)
(0.0266)
A1(-2.5914)
(9.4555)
(-1.2502)
A2(2.7007)
(9.0453)
(3.0071)
A3(0.3543)
(7.8434)
(-5.8849)
A4(4.0510)
(9.2656)
(-2.9640)
G1(0.1596)
(0.1767)
(-0.1048)
G2(-0.0846)
(0.1948)
(0.0543)
G3(-0.0958)
(0.1309)
(0.0346)
G4(0.1969)
(1.0339)
(-0.3251)
A1(-2.5244)
(9.4891)
(-0.5940)
A2(2.4277)
(8.5186)
(2.8826)
A3(1.0630)
(8.0206)
(-5.4061)
A4(5.3056)
(10.3142)
(-1.9824)
G1(0.1660)
(0.8125)
(-0.1405)
G2(-0.1463)
(0.3842)
(0.1054)
G3(-0.1048)
(0.0809)
(-0.0133)
G4(0.5310)
(2.3594)
(-1.0259)
A1(0.1389)
(9.8435)
(-0.9149)
A2(3.5386)
(9.0884)
(2.4277)
A3(0.4980)
(8.4084)
(-4.8411)
A4(-1.1540)
(8.0158)
(-3.5721)
G1(0.3203)
(1.8906)
(-0.2932)
G2(-0.3246)
(0.6609)
(0.3150)
G3(-0.0330)
(0.1282)
(-0.0436)
G4(1.0233)
(4.4027)
(-2.8537)
A1(-1.2694)
(9.3597)
(0.0910)
A2(6.0813)
(7.9918)
(5.3486)
A3(1.8340)
(9.8593)
(-3.6919)
A4(4.7836)
(1.7047)
(-3.0406)
G1(-0.1059)
(1.6825)
(-0.7843)
G2(-0.5310)
(1.8454)
(1.0818)
G3(0.1953)
(0.9424)
(-0.1948)
G4(0.0905)
(3.7381)
(-3.0139)
A1(-0.6658)
(13.3738)
(2.6824)
A2(4.2186)
(7.0916)
(4.0654)
A3(-0.0096)
(9.7971)
(-2.1308)
A4(3.4429)
(8.2025)
(-0.8523)
G1(-0.6625)
(2.5089)
(-1.2473)
G2(0.1532)
(2.0752)
(1.3830)
G3(0.5912)
(0.3459)
(-0.1235)
G4(0.7322)
(1.8688)
(-0.4794)
A1(0.1150)
(0.6467)
(11.3093)
A2(5.2146)
(7.8195)
(5.3008)
A3(-3.4381)
(19.1440)
(7.0054)
A4(-6.2393)
(4.9464)
(-4.8267)
G1(-6.9191)
(4.0685)
(-0.3374)
G2(0.1783)
(3.9829)
(0.2597)
G3(2.5573)
(1.8816)
(-0.6492)
G4(-0.2724)
(-2.0470)
(-0.0112)
A1(-3.7410)
(30.3832)
(0.1102)
A2(4.7118)
(7.9583)
(9.8114)
A3(3.3902)
(29.1566)
(13.0723)
A4(-0.5986)
(9.3996)
(-6.1962)
G1(-7.9716)
(2.8745)
(0.9051)
G2(1.3888)
(0.9227)
(-0.6747)
G3(4.2409)
(0.2139)
(-1.1414)
G4(-0.1745)
(0.9626)
(-0.8822)
A1(-3.7123)
(18.1495)
(18.8344)
A2(-4.5346)
(5.3103)
(-3.5099)
A3(20.8966)
(19.0531)
(-18.8088)
A4(-8.4372)
(10.9463)
(-6.3542)
G1(-5.8394)
(2.8883)
(-1.1100)
G2(1.5288)
(1.6793)
(-0.7066)
G3(3.6397)
(4.3942)
(-5.7809)
G4(-0.4885)
(2.7058)
(-0.2565)
A1(-3.3866)
(7.0940)
(6.8306)
A2(0.2825)
(10.7883)
(2.9784)
A3(6.1531)
(4.3096)
(-16.1513)
A4(-3.6057)
(16.0938)
(5.4061)
G1(-4.6565)
(6.4907)
(-1.3627)
G2(1.7214)
(5.1955)
(1.2877)
G3(-1.8039)
(-1.3904)
(-4.9625)
G4(1.3468)
(7.8002)
(-3.0565)
A1(2.4669)
(10.3513)
(7.8509)
A2(-6.2872)
(12.5408)
(3.2417)
A3(10.9367)
(8.2265)
(-15.0691)
A4(-12.1003)
(-6.6319)
(-7.9009)
G1(-2.1316)
(5.5909)
(-2.0029)
G2(1.3351)
(5.1929)
(0.9578)
G3(1.7762)
(-0.9631)
(-9.6403)
G4(0.1309)
(9.1843)
(-5.0066)
A1(-12.2433)
(-0.5652)
(-4.1578)
A2(-8.0014)
(2.1979)
(13.9965)
A3(3.8355)
(-8.5234)
(2.5426)
A4(-5.3965)
(16.8217)
(2.2505)
G1(2.2886)
(-0.7652)
(-0.9051)
G2(-1.6586)
(7.4709)
(1.9092)
G3(1.9417)
(-4.9194)
(-7.3245)
G4(-0.8838)
(-3.2299)
(2.3493)
A1(7.6257)
(1.2885)
(-2.8692)
A2(16.7546)
(2.0686)
(22.4576)
A3(-10.1514)
(12.9957)
(2.0973)
A4(14.4849)
(8.7724)
(3.0406)
G1(-3.6604)
(-4.8284)
(4.3319)
G2(1.1887)
(-1.3276)
(1.4250)
G3(-2.5983)
(1.5149)
(-9.8643)
G4(-0.4534)
(-1.8773)
(0.8413)
A1(-22.1587)
(7.4533)
(-2.7112)
A2(-0.4118)
(11.2863)
(1.2306)
A3(-2.1979)
(-14.7387)
(41.6878)
A4(0.7470)
(8.5090)
(-1.2115)
G1(0.0564)
(-5.8032)
(1.5245)
G2(1.7735)
(-3.6295)
(0.4353)
G3(4.5214)
(17.4357)
(4.3665)
G4(0.1841)
(0.4417)
(0.4204)
A1(-5.3888)
(3.6117)
(-0.5892)
A2(21.6244)
(3.0071)
(7.7093)
A3(-11.7890)
(-11.4395)
(-9.3757)
A4(4.7262)
(9.7061)
(-3.8882)
G1(-0.0772)
(-1.0531)
(3.7290)
G2(0.3124)
(0.9349)
(0.5412)
G3(2.6728)
(4.4650)
(2.7968)
G4(-0.0527)
(-1.2350)
(0.3656)
A1(-9.1011)
(8.7849)
(2.0070)
A2(-0.1820)
(12.0716)
(0.7997)
A3(1.9345)
(-4.7262)
(-1.9537)
A4(-0.5459)
(8.8825)
(-2.9353)
G1(0.2788)
(-3.2752)
(2.9346)
G2(-0.3996)
(-1.2952)
(0.3842)
G3(-1.8496)
(6.1060)
(1.1749)
G4(0.0979)
(-0.9200)
(0.2230)
A1(-8.3730)
(6.7731)
(2.2274)
A2(8.7628)
(10.6542)
(1.9249)
A3(-3.8259)
(-1.9393)
(-10.9463)
A4(1.3599)
(9.3805)
(-4.6448)
G1(0.9424)
(-1.5165)
(2.0087)
G2(0.1022)
(0.1064)
(0.1564)
G3(-2.7106)
(2.9213)
(-0.7301)
G4(0.1937)
(0.1591)
(-0.0085)
A1(-6.9935)
(8.2532)
(-0.9963)
A2(-1.3264)
(10.4100)
(1.7095)
A3(0.1628)
(-1.2929)
(-11.3916)
A4(1.4461)
(9.5816)
(-4.0558)
G1(1.8842)
(-1.1648)
(0.9849)
G2(0.0442)
(0.0841)
(-0.1548)
G3(-3.5098)
(1.2952)
(-1.8097)
G4(0.1532)
(-0.1948)
(0.2426)
A1(-5.4894)
(8.7945)
(2.5387)
A2(2.8443)
(9.2895)
(0.2538)
A3(2.2027)
(2.8970)
(-13.1202)
A4(0.6416)
(9.0453)
(-3.6009)
G1(1.9747)
(-0.4337)
(1.1632)
G2(-0.2134)
(0.1990)
(-0.0133)
G3(-4.7049)
(0.2565)
(-0.0372)
G4(0.1181)
(-0.3145)
(0.3001)
A1(-5.7289)
(6.5097)
(0.7137)
A2(1.8148)
(9.4188)
(2.1069)
A3(-4.6112)
(10.7069)
(-6.3638)
A4(0.6129)
(8.9639)
(-5.1332)
G1(1.5793)
(-0.0580)
(0.4417)
G2(-0.2288)
(-1.1845)
(0.0617)
G3(-3.0724)
(1.8087)
(-0.6657)
G4(0.1330)
(0.1298)
(0.3033)
