A1(-2.9411)
(7.8509)
(1.3077)
A2(3.2274)
(8.8729)
(0.6800)
A3(-1.2402)
(9.3948)
(-2.2984)
A4(0.4549)
(8.4420)
(-5.5450)
G1(-0.3789)
(-0.3326)
(0.2985)
G2(0.0090)
(0.2283)
(-0.0149)
G3(0.1522)
(-0.1368)
(-0.0192)
G4(0.0724)
(0.1293)
(-0.0851)
A1(-4.1146)
(6.2750)
(3.5590)
A2(3.0502)
(9.0549)
(0.2825)
A3(-1.6041)
(9.9264)
(-1.7621)
A4(0.8619)
(8.7101)
(-5.5019)
G1(-1.4931)
(-0.5688)
(-0.3230)
G2(-0.1884)
(-0.0213)
(-0.0410)
G3(0.2283)
(-0.2916)
(0.1144)
G4(0.2852)
(0.2086)
(-0.0527)
A1(-1.4753)
(8.6125)
(5.2595)
A2(2.0590)
(9.1985)
(0.2442)
A3(-1.3791)
(11.2432)
(-1.4222)
A4(1.5131)
(7.9966)
(-5.8083)
G1(-1.1382)
(-1.1318)
(-0.8759)
G2(-0.0372)
(0.3608)
(-0.0176)
G3(0.3693)
(-1.6900)
(0.6875)
G4(0.2794)
(0.0569)
(0.0266)
A1(2.5866)
(6.2079)
(7.1467)
A2(3.0646)
(9.2464)
(2.2793)
A3(-0.0383)
(8.4132)
(-1.7669)
A4(-1.7957)
(8.6239)
(-7.2065)
G1(-0.5337)
(-2.2950)
(-0.6646)
G2(-0.7428)
(-0.3097)
(-0.0117)
G3(0.5284)
(-3.3927)
(2.0226)
G4(0.3491)
(-0.6045)
(0.6726)
A1(-10.7920)
(11.2231)
(10.7872)
A2(1.0295)
(9.5529)
(3.4572)
A3(-2.5809)
(4.8985)
(-2.8012)
A4(2.8635)
(27.5812)
(6.4931)
G1(2.8729)
(-0.0766)
(-0.1362)
G2(-0.3427)
(-2.3519)
(0.2198)
G3(-0.7577)
(-5.1631)
(3.5471)
G4(2.3253)
(-3.0852)
(3.3241)
A1(3.4153)
(8.6316)
(4.4643)
A2(-1.0726)
(9.8785)
(3.6775)
A3(-14.4945)
(35.8939)
(15.4522)
A4(-9.2081)
(14.4322)
(0.6416)
G1(1.7118)
(-7.2362)
(-0.5832)
G2(0.0532)
(-2.4983)
(-0.1038)
G3(0.8051)
(0.2708)
(-0.1357)
G4(2.0822)
(-4.7055)
(7.5837)
A1(4.0763)
(13.7330)
(1.0634)
A2(2.6336)
(9.3518)
(13.1011)
A3(5.7509)
(4.1180)
(-4.7980)
A4(-22.9029)
(36.0040)
(-27.9691)
G1(1.5431)
(-5.7005)
(-1.3079)
G2(-1.8704)
(-4.4048)
(1.3361)
G3(0.4411)
(1.6325)
(0.1304)
G4(-0.6343)
(-4.3234)
(8.6309)
A1(12.7511)
(9.8531)
(15.1413)
A2(2.5187)
(28.4527)
(-2.0542)
A3(8.8250)
(8.0780)
(-7.2065)
A4(-6.6702)
(-1.6137)
(-21.2557)
G1(-0.5481)
(-9.0007)
(-2.1109)
G2(-8.2307)
(-9.7866)
(-3.3959)
G3(-0.8477)
(-2.1545)
(0.7173)
G4(0.6204)
(5.1833)
(8.7724)
A1(-3.6356)
(-1.2502)
(8.0042)
A2(-1.0822)
(25.9388)
(23.6116)
A3(20.3363)
(5.9089)
(9.0644)
A4(-6.2010)
(-10.3334)
(-6.0478)
G1(1.5985)
(-3.8030)
(0.9264)
G2(-10.5082)
(-4.0180)
(-0.4752)
G3(-1.1382)
(-8.6208)
(2.8324)
G4(-3.1969)
(6.5961)
(4.6459)
A1(8.7179)
(8.8472)
(5.0104)
A2(1.6759)
(11.9327)
(14.3844)
A3(-35.1804)
(10.5776)
(0.9433)
A4(0.6512)
(10.5824)
(-4.4197)
G1(-0.5869)
(-1.1994)
(-0.8338)
G2(-5.5946)
(-9.6818)
(1.7767)
G3(-3.0596)
(-4.0558)
(1.5075)
G4(-5.3376)
(1.9784)
(4.1590)
A1(-14.2743)
(3.4536)
(8.1766)
A2(-11.0660)
(19.2446)
(9.8497)
A3(-1.4509)
(17.9134)
(2.7725)
A4(-29.3050)
(22.6013)
(34.3185)
G1(-0.2166)
(-2.5126)
(0.2315)
G2(-1.0435)
(-5.1572)
(3.3880)
G3(-0.2528)
(0.5938)
(-1.2090)
G4(10.0048)
(-17.4363)
(-3.0831)
A1(4.2488)
(7.9036)
(1.4226)
A2(17.2622)
(-1.7765)
(7.0533)
A3(-3.5817)
(11.0947)
(-5.8323)
A4(10.5632)
(-3.0789)
(-6.7469)
G1(0.0309)
(-1.0275)
(-0.2517)
G2(0.3704)
(2.7239)
(0.1825)
G3(-0.2703)
(-0.6364)
(-0.2150)
G4(5.4712)
(-1.2893)
(0.4033)
A1(1.3891)
(11.3380)
(1.3556)
A2(8.9926)
(-1.5131)
(-4.3622)
A3(2.2122)
(8.2408)
(-2.4948)
A4(5.7078)
(-3.1316)
(-4.2904)
G1(-0.0521)
(0.4789)
(-0.2416)
G2(0.3496)
(4.6943)
(-0.3225)
G3(-0.3533)
(-2.2099)
(0.4347)
G4(1.2696)
(-2.9745)
(-1.5027)
A1(-1.7388)
(9.0532)
(0.5365)
A2(6.6798)
(0.7853)
(-1.9920)
A3(4.8171)
(7.5609)
(-3.2082)
A4(4.8746)
(-3.3040)
(-6.3925)
G1(0.0788)
(-0.4640)
(-0.1165)
G2(-0.0809)
(0.1203)
(-1.5841)
G3(0.0878)
(-0.3555)
(-0.0213)
G4(-1.3015)
(-3.6572)
(-1.4984)
A1(-3.8751)
(8.8137)
(0.3114)
A2(9.2225)
(0.6033)
(-0.8045)
A3(-0.1963)
(9.5912)
(-3.4620)
A4(2.3894)
(-1.7765)
(-7.6806)
G1(0.1426)
(-0.3709)
(-0.1735)
G2(-0.2123)
(3.0575)
(-1.6634)
G3(0.0266)
(-0.1692)
(-0.0846)
G4(-2.2647)
(-3.8184)
(-1.1121)
A1(-0.9676)
(9.1490)
(-0.0431)
A2(8.6957)
(1.4988)
(-0.4310)
A3(-0.4549)
(8.6191)
(-3.2657)
A4(3.9600)
(2.3846)
(-11.3437)
G1(-0.1884)
(0.8764)
(0.0830)
G2(0.3975)
(1.5006)
(-2.2115)
G3(0.1309)
(0.4411)
(-0.2751)
G4(-2.2907)
(-1.5633)
(-0.8737)
A1(-5.6235)
(10.4423)
(1.9495)
A2(9.4810)
(4.6400)
(1.6712)
A3(2.9353)
(8.2696)
(-1.7957)
A4(5.3822)
(4.2042)
(-14.0588)
G1(-0.3730)
(1.7405)
(-0.8445)
G2(-0.0867)
(0.9339)
(-2.7329)
G3(0.2570)
(2.0305)
(-0.6811)
G4(-2.5515)
(-1.4527)
(-0.5188)
A1(1.1113)
(11.9990)
(3.3243)
A2(9.5960)
(8.9208)
(2.2027)
A3(-0.4597)
(11.0756)
(-3.0215)
A4(7.3263)
(8.1116)
(-9.0501)
G1(-0.7545)
(1.0632)
(0.7019)
G2(0.9583)
(2.2264)
(-3.2869)
G3(0.2070)
(2.2168)
(-0.5848)
G4(-2.1199)
(-0.8046)
(0.0341)
A1(-0.8862)
(7.5060)
(-2.4142)
A2(5.7892)
(6.8331)
(4.3622)
A3(3.9217)
(9.1028)
(-2.4612)
A4(3.4620)
(10.6303)
(-7.3263)
G1(-0.1751)
(1.6581)
(-0.2639)
G2(0.5353)
(-1.1621)
(-2.1300)
G3(0.2485)
(0.6348)
(-0.3278)
G4(-2.2013)
(-0.4566)
(-0.0718)
A1(0.2299)
(9.4460)
(2.8980)
A2(3.7397)
(8.7676)
(1.8627)
A3(2.2889)
(8.1786)
(-3.7589)
A4(3.5338)
(13.3644)
(-5.5976)
G1(0.3326)
(0.9120)
(-0.3459)
G2(0.9168)
(0.7035)
(-1.9231)
G3(0.3427)
(0.6721)
(-0.5167)
G4(-0.5587)
(-0.9668)
(-0.0506)
