A1(-2.3423)
(10.4662)
(3.1997)
A2(3.4907)
(8.9878)
(1.5850)
A3(-1.3264)
(8.7676)
(-4.0941)
A4(1.3551)
(7.6614)
(-6.6272)
G1(-0.0106)
(1.3218)
(-0.2746)
G2(-0.0521)
(0.5566)
(0.0319)
G3(0.0623)
(-0.0005)
(-0.0106)
G4(-0.0293)
(0.1618)
(-0.0399)
A1(-3.3434)
(8.7801)
(1.5472)
A2(3.3327)
(9.5768)
(0.9577)
A3(-1.2258)
(9.0070)
(-3.1795)
A4(1.5897)
(8.1738)
(-5.7174)
G1(-0.7513)
(0.0059)
(0.0937)
G2(-0.2176)
(-0.0027)
(-0.0623)
G3(-0.0176)
(-0.2256)
(0.0569)
G4(0.0138)
(0.1958)
(-0.0713)
A1(-2.5579)
(8.8807)
(1.7627)
A2(3.5386)
(9.1363)
(1.4748)
A3(-1.8579)
(9.5481)
(-3.7781)
A4(0.8811)
(8.4324)
(-5.9089)
G1(-1.1871)
(-0.3852)
(0.0665)
G2(-0.1155)
(0.1666)
(-0.0144)
G3(0.1948)
(-0.8147)
(0.3129)
G4(0.0777)
(-0.0729)
(0.0883)
A1(-5.9205)
(6.1504)
(3.1710)
A2(3.0981)
(9.2464)
(2.5570)
A3(-4.3718)
(9.7348)
(-5.0757)
A4(0.8811)
(8.4324)
(-7.1060)
G1(0.0553)
(-4.1899)
(-2.3349)
G2(0.1250)
(-0.0899)
(0.1485)
G3(0.4752)
(-2.4621)
(1.6160)
G4(-0.1825)
(-0.9594)
(0.4039)
A1(-0.2635)
(8.4353)
(5.9684)
A2(3.7828)
(9.1171)
(2.4325)
A3(-4.7980)
(7.8003)
(-5.5833)
A4(-1.2546)
(10.7500)
(-5.8706)
G1(0.5066)
(-3.2374)
(-1.8581)
G2(0.1405)
(-0.4629)
(0.0154)
G3(0.2873)
(-3.3901)
(2.1753)
G4(-0.0218)
(-0.8253)
(0.6949)
A1(-11.8314)
(9.4986)
(10.3656)
A2(4.4532)
(11.0229)
(2.7342)
A3(19.1392)
(6.9671)
(7.9727)
A4(-0.5124)
(22.7545)
(8.8107)
G1(3.5545)
(-4.6751)
(0.7189)
G2(0.2086)
(-3.4066)
(-0.0468)
G3(-3.5689)
(-8.8916)
(5.4744)
G4(2.1572)
(-4.4815)
(3.6503)
A1(6.0019)
(21.8569)
(4.9146)
A2(1.2258)
(12.2918)
(4.2282)
A3(22.8934)
(66.5301)
(9.0597)
A4(-9.3805)
(26.3985)
(1.5514)
G1(1.2537)
(-6.3779)
(0.3698)
G2(-0.4560)
(-4.3048)
(0.2543)
G3(4.3367)
(5.0269)
(-3.6673)
G4(3.3443)
(-6.0512)
(7.4730)
A1(10.0016)
(13.8001)
(5.6235)
A2(-6.4931)
(4.5203)
(7.3454)
A3(8.8298)
(9.5912)
(-11.5592)
A4(-9.5481)
(1.5514)
(-24.1479)
G1(1.6112)
(-5.0641)
(-1.2723)
G2(-5.5957)
(-1.5979)
(1.4149)
G3(0.4746)
(1.3031)
(-0.8812)
G4(-0.2171)
(3.6508)
(5.2312)
A1(12.9139)
(6.8737)
(10.7776)
A2(0.7230)
(11.8369)
(20.8631)
A3(10.6925)
(8.1355)
(-4.2617)
A4(-8.3079)
(-1.8100)
(-15.0500)
G1(0.4257)
(-8.5021)
(-1.1265)
G2(-7.9955)
(-5.9613)
(-0.1612)
G3(-0.6087)
(-2.8910)
(0.5577)
G4(1.5857)
(5.7133)
(7.9024)
A1(4.7134)
(6.0019)
(10.7105)
A2(14.7387)
(11.3868)
(7.3023)
A3(8.5377)
(8.5617)
(-0.8715)
A4(-3.3998)
(-6.1818)
(-3.6440)
G1(1.0802)
(2.0124)
(-1.2851)
G2(-6.3172)
(-5.9240)
(-1.1089)
G3(-1.0531)
(-8.9751)
(2.6920)
G4(-2.1524)
(7.1181)
(3.7753)
A1(-10.8303)
(13.0960)
(7.6497)
A2(4.9895)
(9.9455)
(15.2271)
A3(12.4642)
(0.0910)
(5.8466)
A4(-6.7564)
(-6.0861)
(2.5379)
G1(-0.1474)
(-2.8920)
(-0.0388)
G2(-5.9453)
(-8.6144)
(1.0765)
G3(-2.6430)
(-8.5042)
(3.3880)
G4(-4.5086)
(4.3500)
(4.1861)
A1(-15.5964)
(10.1836)
(5.4463)
A2(-9.6343)
(15.1888)
(5.0518)
A3(10.1514)
(4.9273)
(-0.7901)
A4(-23.3961)
(-44.8003)
(61.8470)
G1(-0.2512)
(-0.7684)
(-0.6055)
G2(0.0043)
(-3.1012)
(3.3853)
G3(-0.5662)
(-0.4709)
(0.2267)
G4(11.3606)
(-10.9573)
(-4.9423)
A1(-2.5244)
(9.9968)
(-0.6083)
A2(11.4682)
(-5.5689)
(-2.5809)
A3(-4.9560)
(11.0277)
(-0.0192)
A4(20.4848)
(-9.3901)
(-6.6511)
G1(0.1309)
(1.5979)
(-0.4683)
G2(1.1435)
(-2.1226)
(0.1985)
G3(0.0580)
(1.0908)
(-0.2703)
G4(2.6340)
(-2.7532)
(-0.6327)
A1(-4.2967)
(9.6040)
(2.9219)
A2(15.4713)
(-4.7166)
(2.1261)
A3(-0.5219)
(9.6582)
(-2.2505)
A4(9.6774)
(-10.3573)
(-1.2594)
G1(-0.0234)
(1.2946)
(-0.1527)
G2(-1.5900)
(-0.5827)
(-1.8996)
G3(0.0080)
(1.7384)
(-0.5710)
G4(2.3812)
(-4.7970)
(-5.2674)
A1(-3.1902)
(9.4172)
(2.6345)
A2(4.2904)
(5.3774)
(-0.5171)
A3(1.2258)
(9.4379)
(-1.8196)
A4(2.7102)
(-2.9544)
(-5.7078)
G1(0.0883)
(1.3532)
(-0.0468)
G2(-2.7345)
(3.3491)
(-2.9953)
G3(0.1761)
(1.4931)
(-0.5534)
G4(-7.4741)
(-6.3337)
(-0.7194)
A1(-0.2299)
(12.7942)
(0.7281)
A2(7.7524)
(9.4475)
(1.3599)
A3(1.9824)
(8.5473)
(-2.4995)
A4(5.6838)
(0.9912)
(-7.8961)
G1(0.3831)
(1.2643)
(-0.0580)
G2(-0.0410)
(4.9013)
(-2.2413)
G3(0.3693)
(1.3021)
(-0.5289)
G4(-6.0267)
(1.2728)
(-2.2205)
A1(-0.6227)
(6.7252)
(-2.1316)
A2(14.8153)
(6.1962)
(-0.7135)
A3(2.3607)
(8.2265)
(-6.6032)
A4(7.9966)
(10.4627)
(-8.8059)
G1(0.8594)
(0.9386)
(-0.5358)
G2(2.0183)
(5.6335)
(-1.7746)
G3(0.3171)
(0.7604)
(-0.3129)
G4(-4.5921)
(-1.2760)
(2.1519)
A1(2.6010)
(7.7120)
(-0.4551)
A2(2.8347)
(8.4898)
(6.4739)
A3(1.1444)
(9.6678)
(-1.2354)
A4(10.3621)
(11.8082)
(-1.6999)
G1(-0.3847)
(-0.4848)
(-0.3374)
G2(3.2028)
(1.9709)
(-2.2413)
G3(0.1548)
(0.2740)
(-0.2027)
G4(-2.1684)
(-2.1194)
(0.8237)
A1(-5.1301)
(11.3237)
(-0.4119)
A2(12.6318)
(3.7110)
(2.3080)
A3(1.5467)
(8.4755)
(-4.3287)
A4(3.1699)
(23.9324)
(-5.7413)
G1(-0.2501)
(-0.0122)
(-0.4677)
G2(2.2785)
(-1.3862)
(-1.1031)
G3(0.8599)
(-0.6912)
(-0.0984)
G4(-0.3943)
(2.4296)
(-0.7551)
A1(-4.2488)
(10.8782)
(1.2885)
A2(3.7972)
(8.6000)
(3.9648)
A3(1.2450)
(7.7141)
(-6.9145)
A4(1.9441)
(7.7333)
(-3.0933)
G1(0.6029)
(0.3533)
(0.0915)
G2(-0.0527)
(-0.6742)
(-1.0094)
G3(0.4161)
(-0.2708)
(-0.2836)
G4(0.2442)
(-0.1389)
(-0.2474)
