A1(-1.9064)
(9.6471)
(-0.9772)
A2(2.4181)
(8.7963)
(3.2801)
A3(1.6759)
(7.8530)
(-6.2345)
A4(4.6878)
(9.5624)
(-1.7334)
G1(0.2804)
(1.0286)
(-0.2969)
G2(-0.1506)
(-0.0117)
(0.2368)
G3(-0.0500)
(0.3650)
(-0.0724)
G4(0.3565)
(2.9080)
(-1.1967)
A1(-3.2572)
(7.5252)
(-0.6514)
A2(3.3184)
(8.8107)
(3.3710)
A3(1.5371)
(8.0014)
(-6.3973)
A4(1.2402)
(9.2703)
(-2.1117)
G1(-0.4044)
(1.4617)
(-0.1532)
G2(-0.3475)
(0.6364)
(0.2506)
G3(-0.0575)
(-0.0144)
(0.0138)
G4(0.7854)
(3.1762)
(-1.4489)
A1(-0.1245)
(9.4412)
(2.1555)
A2(5.1571)
(7.9679)
(2.6528)
A3(0.1484)
(9.1794)
(-3.0023)
A4(6.1339)
(5.5450)
(-1.0104)
G1(-0.1447)
(2.0843)
(-0.7412)
G2(0.0559)
(1.4745)
(0.8328)
G3(0.0298)
(0.4901)
(-0.1628)
G4(1.2835)
(6.4593)
(-4.9635)
A1(0.0719)
(12.6122)
(2.8213)
A2(6.7516)
(5.3151)
(6.4117)
A3(-0.1772)
(10.1083)
(-2.3750)
A4(14.3796)
(-2.0686)
(-1.4844)
G1(-0.7407)
(2.1508)
(-0.9748)
G2(-0.9237)
(1.5921)
(0.9748)
G3(0.4757)
(0.7694)
(-0.1905)
G4(3.1246)
(1.6144)
(-0.5055)
A1(-0.3928)
(10.2746)
(4.7182)
A2(-4.2425)
(6.0334)
(7.3550)
A3(-1.4078)
(12.1769)
(0.6129)
A4(-17.2239)
(46.6917)
(10.3573)
G1(-1.7006)
(3.0554)
(-1.1557)
G2(-0.2847)
(-0.4001)
(0.8679)
G3(1.4447)
(1.0461)
(-0.4246)
G4(2.1279)
(-2.3381)
(-1.2047)
A1(2.0789)
(22.7862)
(4.9194)
A2(6.7038)
(9.2799)
(4.5586)
A3(5.1667)
(25.7808)
(15.6437)
A4(-1.2881)
(5.8562)
(-2.5474)
G1(-8.0083)
(3.4954)
(0.3262)
G2(2.1343)
(3.4172)
(-0.8588)
G3(4.1510)
(2.2476)
(-1.9906)
G4(0.0138)
(0.1235)
(-0.1208)
A1(-4.5553)
(10.8063)
(6.3851)
A2(10.5153)
(7.7141)
(12.3589)
A3(10.4100)
(16.2758)
(-6.3973)
A4(3.0502)
(8.2696)
(-6.4117)
G1(-5.9102)
(6.5072)
(1.2654)
G2(1.5027)
(-1.3542)
(-0.2054)
G3(3.2230)
(4.5990)
(-3.6498)
G4(1.0765)
(2.9123)
(-1.1637)
A1(-5.8870)
(20.6163)
(14.0779)
A2(-1.9968)
(4.9704)
(7.0964)
A3(32.2307)
(15.8113)
(-8.5042)
A4(-3.9073)
(11.5017)
(-3.7397)
G1(-6.4902)
(2.4009)
(0.2416)
G2(1.6219)
(6.8009)
(-0.2075)
G3(-0.9786)
(-1.3654)
(-1.9172)
G4(0.2639)
(5.2253)
(-1.2888)
A1(-6.4522)
(4.6655)
(9.7046)
A2(2.4277)
(11.7364)
(3.3902)
A3(15.3995)
(3.4285)
(-22.4959)
A4(-7.4699)
(17.2957)
(-1.0343)
G1(-5.5638)
(5.9123)
(-0.5257)
G2(1.6815)
(4.9423)
(2.0353)
G3(0.1692)
(-1.4686)
(-3.1065)
G4(1.2361)
(8.3925)
(-3.3305)
A1(1.3077)
(11.2231)
(7.8748)
A2(-5.0566)
(11.1378)
(3.3806)
A3(11.6358)
(3.6440)
(-17.2478)
A4(-5.0853)
(-0.5028)
(-7.8769)
G1(-2.1433)
(7.6928)
(-1.1158)
G2(1.4335)
(6.5641)
(1.4287)
G3(3.9898)
(-2.3158)
(-8.8533)
G4(0.4571)
(9.7355)
(-5.2317)
A1(-10.4423)
(-2.9938)
(-30.6371)
A2(-7.5609)
(10.3669)
(9.0501)
A3(9.1028)
(-2.8826)
(8.4036)
A4(2.8922)
(16.1034)
(3.3519)
G1(0.7423)
(8.6788)
(-1.6480)
G2(0.0192)
(6.8462)
(1.8395)
G3(4.7858)
(-7.6848)
(-6.7360)
G4(-1.2760)
(-0.0085)
(0.6114)
A1(-0.5748)
(-13.5414)
(8.1862)
A2(-2.3607)
(4.8554)
(12.6079)
A3(5.3391)
(-15.4665)
(8.7340)
A4(-0.7661)
(11.5448)
(-0.1437)
G1(1.7969)
(2.7808)
(-1.3792)
G2(0.4385)
(11.4867)
(0.9605)
G3(-1.6884)
(-3.4279)
(-6.1347)
G4(-0.5864)
(0.7152)
(0.2506)
A1(7.5347)
(6.8162)
(2.7303)
A2(21.6053)
(10.6542)
(14.5280)
A3(-7.8817)
(-7.0725)
(6.1148)
A4(9.1075)
(8.3270)
(0.6895)
G1(-2.8441)
(-0.6960)
(3.3092)
G2(0.6050)
(2.2625)
(1.1451)
G3(-3.3140)
(-2.8484)
(-9.7558)
G4(-0.3177)
(-0.7210)
(0.6486)
A1(-17.6034)
(4.8284)
(-0.6083)
A2(-3.1268)
(10.4291)
(1.6712)
A3(-6.7229)
(-0.2298)
(-8.3462)
A4(1.4796)
(8.4084)
(-2.9880)
G1(-0.6343)
(1.3893)
(1.7842)
G2(0.4193)
(-0.1894)
(-0.0793)
G3(-14.8263)
(0.4523)
(17.2979)
G4(0.1580)
(-0.5066)
(0.3682)
A1(-2.9794)
(1.5328)
(-1.1017)
A2(8.7197)
(4.5921)
(2.7007)
A3(-11.8369)
(-3.9887)
(-10.0413)
A4(3.5530)
(9.3087)
(-4.5155)
G1(-0.3597)
(1.2489)
(1.6176)
G2(0.3539)
(1.0972)
(0.4661)
G3(0.1490)
(0.1618)
(4.5421)
G4(0.1862)
(-1.5266)
(0.4954)
A1(-11.1991)
(5.0583)
(-0.9867)
A2(-0.5602)
(5.9711)
(1.1492)
A3(0.2011)
(-4.3431)
(-6.4117)
A4(-0.2394)
(8.1594)
(-6.0190)
G1(0.4390)
(-1.0004)
(1.7608)
G2(-0.3390)
(-0.2629)
(0.2650)
G3(-3.0469)
(5.1583)
(0.5832)
G4(0.0660)
(-0.7886)
(0.3171)
A1(-8.8233)
(7.2425)
(1.2694)
A2(6.4835)
(10.8553)
(1.5993)
A3(-5.3726)
(-5.4540)
(-9.5864)
A4(1.6328)
(9.2560)
(-5.5067)
G1(1.5575)
(-0.6013)
(1.3622)
G2(-0.1027)
(-0.4688)
(-0.0798)
G3(-4.1292)
(3.5088)
(-0.2059)
G4(-0.0325)
(-0.3629)
(0.0984)
A1(-6.3229)
(7.0893)
(1.4705)
A2(1.2402)
(9.4667)
(0.6656)
A3(-0.7374)
(-1.6233)
(-9.9120)
A4(0.4357)
(8.9926)
(-3.9840)
G1(1.6575)
(-1.0227)
(1.6070)
G2(-0.4065)
(-1.4346)
(0.0537)
G3(-4.6427)
(1.4346)
(-1.4537)
G4(-0.1208)
(-0.5566)
(0.2581)
A1(-8.5933)
(6.6246)
(-0.7520)
A2(2.2122)
(10.4531)
(1.1588)
A3(0.8715)
(5.1619)
(-10.1179)
A4(0.3160)
(9.3709)
(-4.5298)
G1(3.0841)
(-1.0679)
(0.8003)
G2(0.1447)
(-0.7971)
(0.0298)
G3(-4.4857)
(-0.8237)
(-0.9754)
G4(-0.1916)
(-0.5518)
(0.3666)
A1(-7.4006)
(7.3815)
(4.0236)
A2(0.8284)
(8.4755)
(0.7566)
A3(-3.5386)
(4.9321)
(-10.6398)
A4(1.2306)
(9.6007)
(-3.2322)
G1(1.2100)
(0.2107)
(0.6609)
G2(-0.0426)
(-0.9674)
(0.0101)
G3(-4.8752)
(0.1288)
(-0.2959)
G4(-0.0495)
(0.0532)
(0.3267)
