A1(-2.3136)
(8.2437)
(-1.1496)
A2(2.8587)
(8.7819)
(3.2705)
A3(0.8188)
(7.8721)
(-6.0142)
A4(5.8897)
(9.9264)
(-3.0119)
G1(0.5848)
(0.1224)
(0.0053)
G2(-0.1330)
(0.0585)
(0.1527)
G3(-0.0442)
(0.2123)
(-0.0080)
G4(0.1841)
(1.7384)
(-0.7971)
A1(-3.1518)
(9.1442)
(0.7329)
A2(4.6208)
(9.1075)
(2.6767)
A3(1.1157)
(8.0014)
(-5.1332)
A4(-0.8619)
(8.4755)
(-1.5754)
G1(0.1447)
(1.9672)
(-0.2501)
G2(-0.1383)
(1.1462)
(0.3065)
G3(-0.1937)
(-0.4933)
(0.0617)
G4(0.8599)
(4.1936)
(-2.3088)
A1(0.8814)
(10.4471)
(0.4167)
A2(5.5929)
(7.3023)
(3.2657)
A3(0.3735)
(9.9503)
(-3.8211)
A4(8.4084)
(3.3950)
(-2.2266)
G1(-0.4448)
(1.8528)
(-0.1219)
G2(-0.2384)
(1.0876)
(1.0238)
G3(0.0000)
(0.8056)
(-0.2059)
G4(0.1048)
(5.3387)
(-3.4726)
A1(-0.9245)
(13.1534)
(1.2454)
A2(1.6472)
(6.3446)
(5.9664)
A3(-1.2163)
(11.1761)
(0.7901)
A4(1.3838)
(7.0390)
(2.9449)
G1(-0.5885)
(2.2274)
(-0.6987)
G2(-0.2107)
(1.8587)
(1.3564)
G3(0.6518)
(0.5603)
(-0.1075)
G4(0.6428)
(0.2969)
(0.9722)
A1(0.2778)
(10.5381)
(2.5914)
A2(6.6415)
(7.7381)
(8.1594)
A3(-1.6185)
(15.5336)
(1.5514)
A4(2.7438)
(18.4114)
(-2.0303)
G1(-2.7303)
(1.9752)
(-1.0594)
G2(0.4603)
(5.5159)
(-0.0357)
G3(2.2290)
(1.1403)
(-0.7748)
G4(0.4949)
(-3.0091)
(1.7597)
A1(-7.6210)
(7.2809)
(13.5367)
A2(5.0374)
(13.0436)
(12.9095)
A3(2.9688)
(13.3644)
(-7.2736)
A4(0.8667)
(9.0501)
(-9.0118)
G1(-5.9235)
(5.7442)
(-1.1286)
G2(0.8338)
(0.1937)
(-0.1873)
G3(2.1705)
(1.3580)
(-2.5829)
G4(0.5039)
(1.0664)
(-0.3528)
A1(-14.1019)
(21.5695)
(15.5868)
A2(-2.7390)
(11.2288)
(1.1732)
A3(25.8957)
(22.9700)
(-6.3207)
A4(-6.2584)
(9.3326)
(-4.6543)
G1(-7.9673)
(3.7674)
(0.1187)
G2(1.9358)
(3.3779)
(-1.2095)
G3(1.6096)
(2.8670)
(-3.3262)
G4(-0.3544)
(3.8530)
(-0.6444)
A1(6.3564)
(14.9737)
(7.2952)
A2(-9.0453)
(11.7555)
(-0.9146)
A3(13.3309)
(1.0822)
(-23.6116)
A4(-13.2735)
(-3.1125)
(-11.4730)
G1(-4.7518)
(6.9276)
(-1.4197)
G2(1.5761)
(5.9905)
(0.4491)
G3(1.8778)
(-0.2719)
(-8.6564)
G4(0.7529)
(9.4014)
(-5.8309)
A1(-1.6430)
(6.3181)
(0.8766)
A2(-7.0054)
(10.4531)
(-0.3304)
A3(25.4073)
(-2.1069)
(-10.3669)
A4(7.8290)
(8.2217)
(-1.1301)
G1(-0.7657)
(4.3649)
(-2.1029)
G2(0.5087)
(5.1482)
(1.2835)
G3(3.2289)
(-3.6248)
(-10.1969)
G4(-1.0669)
(9.3865)
(-3.8743)
A1(-15.3138)
(1.6813)
(8.6748)
A2(-1.9249)
(9.9934)
(17.4394)
A3(-1.4509)
(-19.7234)
(0.1484)
A4(-11.9854)
(10.9176)
(1.9728)
G1(0.6997)
(-0.0021)
(-0.9535)
G2(-1.5245)
(11.9922)
(1.9225)
G3(-3.5864)
(-5.5574)
(-6.7296)
G4(-0.4778)
(3.0575)
(-0.3416)
A1(-11.0458)
(0.1341)
(2.0741)
A2(3.0023)
(21.5574)
(9.3853)
A3(-9.9742)
(38.8675)
(-64.4280)
A4(2.9497)
(11.6550)
(-2.5091)
G1(-0.9908)
(-8.8645)
(3.2166)
G2(0.0442)
(-1.2707)
(2.4094)
G3(5.5467)
(-1.0946)
(-3.7588)
G4(-0.6034)
(-0.2352)
(0.3491)
A1(-4.8954)
(2.5244)
(1.7675)
A2(9.5098)
(5.5498)
(2.3032)
A3(-11.7412)
(6.6319)
(-6.2393)
A4(-8.2217)
(11.5544)
(-1.0247)
G1(-1.0993)
(4.8704)
(0.4895)
G2(0.6641)
(1.9028)
(-0.1394)
G3(-0.4257)
(-4.1143)
(3.9898)
G4(-0.0351)
(3.0224)
(-1.6064)
A1(-6.2079)
(4.4452)
(-4.9146)
A2(5.3008)
(14.6908)
(3.1125)
A3(-10.5345)
(-8.9352)
(-4.2473)
A4(5.7461)
(12.2439)
(9.5720)
G1(-0.9897)
(-3.7296)
(2.4302)
G2(0.3794)
(-1.2760)
(0.0362)
G3(2.6818)
(1.7224)
(-0.3922)
G4(0.4480)
(1.3569)
(-0.6619)
A1(-12.7080)
(1.6957)
(-2.0453)
A2(-1.3695)
(11.1330)
(-0.1772)
A3(-5.3295)
(-7.7428)
(-4.8746)
A4(-10.6734)
(11.0612)
(-7.5609)
G1(-0.0878)
(1.8491)
(1.2063)
G2(0.7428)
(3.5524)
(-0.7944)
G3(-0.0532)
(0.8046)
(-0.0660)
G4(0.5619)
(-1.3856)
(0.0883)
A1(-7.8461)
(6.9839)
(-2.2801)
A2(-0.1676)
(5.2529)
(3.2561)
A3(-4.8650)
(-9.0740)
(-3.9600)
A4(4.5394)
(9.5146)
(-6.2345)
G1(0.3038)
(-0.1304)
(3.0352)
G2(-1.6341)
(-0.8290)
(0.1995)
G3(-1.1925)
(1.7751)
(-1.2020)
G4(-0.0346)
(-1.3212)
(0.3006)
A1(-8.2341)
(7.0845)
(-0.7472)
A2(2.2170)
(9.9311)
(1.5897)
A3(-2.6336)
(-5.0374)
(-10.8170)
A4(-2.0159)
(8.4994)
(-4.1372)
G1(0.4182)
(-2.0673)
(1.6027)
G2(-0.1123)
(0.2554)
(-0.1346)
G3(-2.9857)
(1.8608)
(-1.1111)
G4(0.2661)
(0.0676)
(0.2006)
A1(-5.9396)
(6.7971)
(-1.2742)
A2(3.6009)
(10.3142)
(2.8252)
A3(-1.0965)
(-3.6392)
(-10.4675)
A4(-0.7805)
(8.8873)
(-3.5386)
G1(1.2217)
(-1.4782)
(1.6980)
G2(0.0399)
(-1.6852)
(0.3847)
G3(-5.1253)
(1.9592)
(-1.2340)
G4(0.1490)
(0.1006)
(0.0580)
A1(-6.0929)
(7.0893)
(-0.2922)
A2(-2.9688)
(7.8290)
(1.6712)
A3(3.4907)
(-0.2251)
(-10.5536)
A4(1.2594)
(9.0692)
(-2.5762)
G1(1.5628)
(-1.2063)
(1.3782)
G2(0.1745)
(-0.6609)
(0.0367)
G3(-4.6368)
(-0.4305)
(-0.7098)
G4(0.2533)
(-0.3182)
(0.1309)
A1(-5.4702)
(7.0318)
(2.5770)
A2(2.2027)
(8.3893)
(1.3216)
A3(-3.3184)
(7.3933)
(-9.2656)
A4(1.0534)
(12.0716)
(-1.4174)
G1(0.4635)
(-0.3719)
(0.7503)
G2(0.4193)
(-0.7455)
(0.0463)
G3(-4.3905)
(-1.7906)
(0.5864)
G4(1.0238)
(-0.4768)
(-0.0170)
A1(-5.6570)
(8.4784)
(-0.7760)
A2(0.8523)
(7.5034)
(1.9968)
A3(-7.6088)
(10.1083)
(-6.3590)
A4(-0.2634)
(8.1259)
(-8.9352)
G1(0.6545)
(0.8588)
(0.4853)
G2(-0.4140)
(-0.9376)
(0.1623)
G3(-2.2274)
(-0.0069)
(-0.3081)
G4(0.5795)
(-0.1591)
(-0.2251)
