A1(2.9076)
(9.0388)
(2.0597)
A2(3.0023)
(8.8538)
(2.2936)
A3(-1.1779)
(8.8490)
(-4.8315)
A4(-6.5027)
(11.4251)
(0.9290)
G1(-0.2671)
(2.5994)
(-0.5039)
G2(-0.8689)
(0.8418)
(0.0202)
G3(0.0346)
(0.8477)
(-0.4592)
G4(1.3702)
(6.5860)
(-4.4394)
A1(-0.7712)
(8.9670)
(-0.5173)
A2(8.9256)
(7.1587)
(4.7645)
A3(3.1268)
(9.0501)
(-4.6064)
A4(4.2617)
(3.9983)
(1.1732)
G1(-0.0788)
(1.1595)
(-0.5332)
G2(-0.9062)
(1.3308)
(1.1685)
G3(0.0734)
(1.0004)
(-0.3597)
G4(0.0053)
(6.5711)
(-4.6767)
A1(-0.4551)
(11.6158)
(5.6522)
A2(-4.4197)
(9.0118)
(7.2353)
A3(-2.0303)
(12.3110)
(0.6752)
A4(-0.4357)
(2.9449)
(-6.2632)
G1(-1.2574)
(3.7626)
(-1.4383)
G2(-0.2847)
(1.2169)
(1.1903)
G3(1.2675)
(0.2134)
(-0.4379)
G4(0.5906)
(-0.4938)
(0.3544)
A1(-2.1555)
(5.2643)
(9.8387)
A2(5.2625)
(5.2864)
(8.7293)
A3(-1.7382)
(15.6916)
(4.1228)
A4(6.9097)
(3.7302)
(-9.1459)
G1(-5.8825)
(4.1505)
(-1.8049)
G2(-0.6247)
(6.0522)
(0.2990)
G3(2.4882)
(0.8450)
(-0.9780)
G4(1.1201)
(-0.3006)
(-1.4910)
A1(-5.8678)
(11.2039)
(13.1295)
A2(5.0566)
(12.5791)
(11.5257)
A3(8.8442)
(19.2254)
(-5.6695)
A4(-0.2729)
(8.5186)
(-6.7852)
G1(-8.1174)
(6.4779)
(1.1041)
G2(1.7836)
(0.1745)
(-1.0892)
G3(4.1100)
(4.9556)
(-4.2830)
G4(0.4826)
(1.3489)
(-0.7684)
A1(-8.9574)
(19.9793)
(14.9689)
A2(-0.9146)
(4.2521)
(0.8475)
A3(18.6460)
(19.4601)
(-7.3885)
A4(-4.5298)
(8.8825)
(-9.0166)
G1(-7.6954)
(2.9357)
(-1.6762)
G2(0.2975)
(1.6655)
(0.8381)
G3(5.6553)
(6.9797)
(-7.0005)
G4(0.1836)
(2.2753)
(-0.6673)
A1(-6.9982)
(4.7661)
(11.1273)
A2(5.0901)
(9.9551)
(4.7309)
A3(13.0676)
(-5.8849)
(-23.1902)
A4(-7.8626)
(16.1704)
(-2.5522)
G1(-5.5584)
(7.1282)
(-0.5108)
G2(1.0999)
(3.4625)
(2.0614)
G3(-1.2451)
(-0.5326)
(-3.6024)
G4(0.6806)
(7.7667)
(-3.6966)
A1(7.5108)
(17.8142)
(10.3752)
A2(-4.4580)
(12.2487)
(3.4860)
A3(10.5872)
(1.0534)
(-17.4777)
A4(-13.4698)
(-2.4612)
(-8.8538)
G1(-2.4014)
(6.5184)
(-2.0183)
G2(1.0738)
(4.0206)
(1.0584)
G3(2.3578)
(-3.9754)
(-8.7378)
G4(-0.2629)
(9.2231)
(-6.4524)
A1(2.6393)
(8.6891)
(-5.1301)
A2(-6.7995)
(11.8513)
(7.2832)
A3(15.1026)
(-5.4205)
(-5.7892)
A4(4.9895)
(3.9313)
(-5.7940)
G1(0.6641)
(4.3064)
(-1.1345)
G2(1.6325)
(5.2833)
(3.0256)
G3(5.2700)
(-8.1541)
(-8.1637)
G4(-1.7166)
(4.6512)
(-2.3785)
A1(-7.3671)
(-15.4718)
(5.3984)
A2(-2.9113)
(5.8945)
(9.9024)
A3(8.1403)
(-13.9390)
(9.5624)
A4(-1.7957)
(9.4427)
(-3.8259)
G1(0.0516)
(3.9515)
(-2.3929)
G2(1.0759)
(10.2607)
(2.9452)
G3(-0.2134)
(-4.6044)
(-7.0446)
G4(-0.8615)
(1.0451)
(0.1926)
A1(12.3679)
(4.6032)
(2.5291)
A2(15.3277)
(6.2584)
(19.8719)
A3(-2.7246)
(-10.1801)
(-1.7573)
A4(9.1411)
(2.3463)
(-4.0893)
G1(-3.1810)
(-0.2682)
(2.9128)
G2(1.8507)
(3.0309)
(0.4821)
G3(-6.1358)
(-2.3807)
(-7.1074)
G4(-0.4278)
(1.5953)
(0.0410)
A1(-13.5031)
(3.5973)
(3.6117)
A2(-6.2537)
(7.6327)
(1.5131)
A3(-16.0938)
(0.8906)
(12.3780)
A4(5.4492)
(9.1315)
(-1.7573)
G1(0.4512)
(2.3764)
(2.5185)
G2(0.3852)
(1.2563)
(-0.1240)
G3(-9.1720)
(-0.7380)
(17.4357)
G4(0.0937)
(0.1591)
(0.1948)
A1(-2.2801)
(1.0921)
(0.7520)
A2(13.5799)
(2.2266)
(3.9696)
A3(-5.3151)
(-5.4779)
(-5.7940)
A4(-0.3639)
(9.6822)
(-2.2266)
G1(-0.5640)
(2.3025)
(1.9039)
G2(1.1350)
(1.8933)
(0.7396)
G3(2.8894)
(2.5345)
(2.6733)
G4(0.2214)
(-0.1628)
(0.2474)
A1(-4.0476)
(9.0005)
(4.2104)
A2(4.5250)
(14.3508)
(4.7453)
A3(-5.5450)
(-8.0206)
(-3.5243)
A4(-0.1580)
(8.6622)
(-5.5498)
G1(-0.2927)
(-7.1484)
(3.0203)
G2(0.1666)
(-2.1120)
(-0.1639)
G3(-1.0695)
(6.6025)
(2.7079)
G4(0.2778)
(0.0745)
(0.0202)
A1(-9.0867)
(6.2702)
(4.2440)
A2(2.7246)
(9.9838)
(1.6233)
A3(-4.0462)
(-1.9249)
(-10.9654)
A4(-0.5938)
(8.2456)
(-5.1954)
G1(0.9562)
(-1.9928)
(1.9874)
G2(-0.1580)
(0.2214)
(0.4975)
G3(-3.2975)
(3.7674)
(-0.5577)
G4(0.1011)
(-0.3714)
(0.2559)
A1(-4.8236)
(7.4485)
(3.5398)
A2(1.6807)
(9.9838)
(1.1636)
A3(-0.7039)
(-1.9058)
(-10.6781)
A4(2.2027)
(9.1171)
(-5.6647)
G1(2.7670)
(-0.5172)
(2.0550)
G2(-0.0857)
(0.0484)
(-0.0474)
G3(-3.7934)
(2.7116)
(-1.5320)
G4(0.0793)
(-0.0803)
(0.1250)
A1(-8.0137)
(6.8066)
(3.2429)
A2(0.8667)
(9.3661)
(1.2354)
A3(0.3304)
(4.4580)
(-11.8609)
A4(1.6616)
(8.7724)
(-4.1851)
G1(2.4669)
(0.0426)
(0.6784)
G2(0.0952)
(-0.3129)
(-0.1570)
G3(-4.3990)
(-0.5215)
(-0.7753)
G4(0.1266)
(0.1868)
(0.2677)
A1(-6.8019)
(6.7108)
(2.2848)
A2(1.8866)
(9.7396)
(1.7621)
A3(-2.5379)
(3.4046)
(-11.4730)
A4(0.3208)
(9.3182)
(-4.7166)
G1(1.3521)
(-0.0218)
(0.6545)
G2(0.0697)
(0.0979)
(-0.0170)
G3(-4.6799)
(1.7405)
(-1.3824)
G4(0.1240)
(0.0553)
(0.3698)
A1(-6.0163)
(7.5778)
(1.2502)
A2(0.2586)
(8.9256)
(2.1835)
A3(-3.2609)
(10.0652)
(-7.1395)
A4(1.8675)
(9.0357)
(-4.3766)
G1(1.2489)
(-0.2118)
(0.5369)
G2(-0.0309)
(-0.9642)
(0.2128)
G3(-1.7294)
(1.0924)
(-0.7380)
G4(0.1250)
(0.0468)
(0.4778)
A1(-4.5889)
(11.3859)
(-0.2491)
A2(-0.1197)
(9.7109)
(1.3743)
A3(-2.5043)
(8.7436)
(-2.9497)
A4(1.6568)
(7.8578)
(-5.7126)
G1(1.6554)
(-1.0743)
(0.4730)
G2(-0.0261)
(-0.4065)
(0.3352)
G3(-1.4936)
(1.6277)
(-0.9131)
G4(0.1836)
(0.1101)
(0.5135)
