A1(-0.7520)
(8.2532)
(-0.5988)
A2(1.8723)
(8.7580)
(3.5051)
A3(1.6999)
(8.1403)
(-6.2728)
A4(6.6559)
(9.9886)
(-1.8723)
G1(-0.0330)
(0.7327)
(0.2645)
G2(-0.0819)
(0.3895)
(0.1958)
G3(-0.0559)
(0.3257)
(-0.0931)
G4(0.3294)
(2.8846)
(-1.1536)
A1(-1.4226)
(9.2879)
(-0.3640)
A2(3.2274)
(9.5481)
(2.8156)
A3(0.9768)
(8.8729)
(-4.1420)
A4(-6.9911)
(9.6295)
(-0.2921)
G1(0.0979)
(1.7134)
(-0.1708)
G2(-0.8072)
(1.3548)
(0.2432)
G3(-0.0266)
(0.3890)
(-0.2325)
G4(0.4363)
(2.6941)
(-2.2801)
A1(-0.8909)
(10.0112)
(-0.2299)
A2(7.6710)
(6.9192)
(4.3862)
A3(0.6416)
(9.1075)
(-3.2657)
A4(6.5745)
(6.8809)
(-1.2977)
G1(0.1596)
(1.2074)
(-0.8668)
G2(-0.4544)
(0.8008)
(1.1435)
G3(0.2783)
(0.4166)
(-0.2533)
G4(-0.3379)
(6.0618)
(-2.9170)
A1(-0.0096)
(12.3152)
(2.1507)
A2(0.0000)
(5.4061)
(8.5904)
A3(-1.3312)
(11.1953)
(-2.3703)
A4(6.1818)
(4.3144)
(-6.0621)
G1(-0.9041)
(3.4933)
(-1.0520)
G2(-0.6779)
(1.5410)
(-0.2081)
G3(1.0664)
(0.0761)
(-0.3235)
G4(1.2664)
(2.1391)
(-1.2813)
A1(-2.4046)
(5.4415)
(2.9507)
A2(5.8323)
(7.6184)
(5.0901)
A3(0.4453)
(14.7052)
(0.9960)
A4(0.2586)
(14.2072)
(-3.9696)
G1(-4.0472)
(3.3656)
(-0.7886)
G2(0.1437)
(4.8976)
(0.3118)
G3(2.0375)
(0.7976)
(-0.6141)
G4(0.4023)
(-2.6515)
(0.8317)
A1(-5.2595)
(11.9895)
(6.3420)
A2(5.7126)
(11.7412)
(9.8833)
A3(-3.1987)
(16.4434)
(-5.0326)
A4(-1.0726)
(9.6917)
(-7.9727)
G1(-5.2802)
(2.9899)
(0.1894)
G2(0.7801)
(1.3026)
(-0.5683)
G3(2.7925)
(1.9172)
(-1.7336)
G4(0.6002)
(2.0566)
(-0.8019)
A1(-4.5601)
(12.1811)
(13.6851)
A2(-7.5274)
(10.3334)
(-0.1820)
A3(20.1065)
(17.6501)
(-15.2175)
A4(-2.0159)
(9.4906)
(-4.8842)
G1(-5.4914)
(2.5637)
(-0.1501)
G2(1.3569)
(2.1136)
(-1.1424)
G3(3.1161)
(3.7934)
(-4.6320)
G4(0.1298)
(1.9433)
(-0.4965)
A1(-2.2226)
(14.7964)
(11.7595)
A2(-4.8507)
(11.4251)
(3.6440)
A3(9.2847)
(2.9784)
(-18.6125)
A4(-5.7317)
(16.5918)
(0.4453)
G1(-4.9423)
(6.3699)
(-1.0578)
G2(1.2244)
(4.2750)
(-0.0873)
G3(0.2139)
(-1.3319)
(-3.3560)
G4(0.6646)
(7.9067)
(-2.4722)
A1(4.0332)
(7.5731)
(2.9315)
A2(-12.3254)
(13.8385)
(7.3358)
A3(11.2432)
(-4.4867)
(-6.8378)
A4(-1.4700)
(-1.7526)
(-1.5706)
G1(-0.6013)
(3.2470)
(-1.7240)
G2(0.2980)
(5.4840)
(2.3557)
G3(4.2995)
(-6.5242)
(-5.6335)
G4(-0.9876)
(9.3226)
(-5.9714)
A1(-7.6880)
(-4.4356)
(6.3133)
A2(3.9504)
(8.9160)
(7.2927)
A3(6.7277)
(-12.6414)
(4.7453)
A4(-14.6765)
(14.4945)
(1.0630)
G1(1.3548)
(2.8904)
(0.2315)
G2(-2.1865)
(10.6364)
(1.0786)
G3(-2.3865)
(-4.8555)
(-6.6338)
G4(-0.8386)
(-0.3427)
(0.6263)
A1(3.1710)
(-0.3497)
(-0.4934)
A2(6.5553)
(3.7254)
(1.5083)
A3(-0.9625)
(-3.8978)
(3.6009)
A4(8.0589)
(7.3263)
(-1.6807)
G1(-1.5330)
(2.1024)
(1.6251)
G2(2.2104)
(2.5962)
(0.7402)
G3(-0.9184)
(-1.4383)
(-7.7582)
G4(-0.3155)
(3.5508)
(-1.0839)
A1(-16.9615)
(0.5940)
(-0.6467)
A2(-4.3766)
(14.1880)
(6.5314)
A3(22.7545)
(-13.6661)
(18.8424)
A4(0.7183)
(9.4284)
(-2.0973)
G1(-0.1729)
(-1.8204)
(1.3452)
G2(-0.0426)
(0.7599)
(0.0330)
G3(3.3012)
(11.0754)
(4.6714)
G4(-0.0431)
(0.1671)
(0.2368)
A1(-10.1501)
(7.3815)
(-1.2502)
A2(8.3941)
(9.0022)
(3.9983)
A3(-9.4906)
(-5.6503)
(-5.4636)
A4(0.0766)
(9.1363)
(-3.2944)
G1(-0.6758)
(-3.1091)
(1.6267)
G2(0.2352)
(0.8030)
(0.0468)
G3(0.3741)
(1.3180)
(2.7654)
G4(0.3134)
(-0.3751)
(0.3523)
A1(-10.0591)
(4.8379)
(0.4503)
A2(4.6352)
(9.7875)
(1.4700)
A3(-3.6727)
(-6.3686)
(-9.6726)
A4(1.3120)
(8.4324)
(-5.8610)
G1(-0.1133)
(-0.2517)
(1.2510)
G2(0.0261)
(0.4603)
(0.1016)
G3(-2.2455)
(3.3874)
(1.7251)
G4(0.1048)
(-0.4922)
(0.1357)
A1(-6.6821)
(6.5624)
(0.2251)
A2(-0.0192)
(9.4810)
(1.7573)
A3(-5.3630)
(-2.0542)
(-9.1411)
A4(-0.0144)
(8.4898)
(-5.2433)
G1(0.7290)
(-0.4890)
(1.3431)
G2(-0.1628)
(0.0468)
(-0.0564)
G3(-3.0703)
(2.3078)
(0.2916)
G4(-0.0447)
(0.1713)
(0.0857)
A1(-6.6534)
(7.2569)
(0.8814)
A2(0.1101)
(10.2137)
(0.9768)
A3(-1.3120)
(1.4557)
(-8.6766)
A4(0.6656)
(8.6191)
(-4.7214)
G1(1.0435)
(-0.6380)
(1.1526)
G2(0.2027)
(-0.8971)
(0.1187)
G3(-2.9692)
(1.0674)
(-0.8636)
G4(-0.1155)
(-0.3512)
(0.1517)
A1(-7.9850)
(8.2005)
(1.9543)
A2(0.1053)
(9.4140)
(1.2689)
A3(-1.4413)
(2.7485)
(-10.0221)
A4(1.0487)
(9.1794)
(-4.2234)
G1(1.2377)
(-0.9722)
(1.2302)
G2(0.2022)
(-0.1612)
(0.0506)
G3(-2.8404)
(0.2240)
(-0.4374)
G4(-0.1681)
(-0.7056)
(0.3336)
A1(-6.6150)
(7.2330)
(0.6275)
A2(0.9529)
(9.1602)
(0.2059)
A3(-0.4597)
(5.7078)
(-9.6869)
A4(-0.4262)
(8.1882)
(-4.9560)
G1(1.9491)
(0.1538)
(0.7380)
G2(0.0298)
(-0.8844)
(-0.0388)
G3(-2.2679)
(0.9126)
(-0.6029)
G4(0.0043)
(-0.0591)
(0.1628)
A1(-3.9805)
(8.9047)
(-0.2922)
A2(-0.9098)
(9.1842)
(0.9050)
A3(-1.8627)
(9.0022)
(-7.5369)
A4(2.1500)
(8.9208)
(-4.2521)
G1(1.1488)
(-0.8833)
(1.4303)
G2(-0.2528)
(-0.9168)
(0.1527)
G3(-2.1971)
(0.6774)
(-0.4177)
G4(0.0490)
(-0.0106)
(0.3757)
A1(-4.7517)
(8.5263)
(0.9341)
A2(0.6129)
(10.0796)
(1.0343)
A3(-2.5331)
(9.0261)
(-3.2370)
A4(1.2498)
(8.5760)
(-5.0709)
G1(0.1953)
(-0.3235)
(0.7726)
G2(-0.0777)
(0.0027)
(0.1027)
G3(-1.7778)
(0.1804)
(-0.0559)
G4(0.0080)
(-0.1155)
(0.4810)
