A1(-0.1485)
(7.8652)
(-1.5280)
A2(2.9305)
(9.0549)
(3.4716)
A3(0.8045)
(7.9248)
(-6.6463)
A4(-0.1580)
(8.5281)
(1.4222)
G1(-0.0234)
(1.0664)
(-0.4284)
G2(-0.3028)
(0.2751)
(0.2990)
G3(-0.0202)
(0.2895)
(-0.0639)
G4(1.3063)
(3.9749)
(-1.8565)
A1(-3.7027)
(9.6136)
(-0.6706)
A2(5.3486)
(7.5465)
(3.7493)
A3(3.2178)
(9.2799)
(-2.6911)
A4(4.5490)
(1.6424)
(-2.6671)
G1(0.3778)
(1.0610)
(-0.5688)
G2(-0.6476)
(1.1142)
(0.9392)
G3(-0.0899)
(1.2095)
(-0.4789)
G4(-0.2458)
(4.0143)
(-2.6920)
A1(-1.3891)
(10.4950)
(0.6179)
A2(4.4053)
(5.9280)
(3.6488)
A3(-1.4509)
(9.1794)
(-4.8219)
A4(5.0470)
(9.1842)
(1.0104)
G1(-0.0181)
(2.6393)
(-0.7918)
G2(-1.0653)
(1.1898)
(1.1510)
G3(0.3060)
(0.1485)
(-0.2426)
G4(1.3973)
(1.1430)
(-0.1639)
A1(1.9783)
(8.2580)
(5.2738)
A2(4.5825)
(6.2824)
(6.5888)
A3(-3.1460)
(14.9590)
(-1.8292)
A4(-0.4118)
(6.0573)
(-6.4787)
G1(-1.7246)
(4.1393)
(-0.9764)
G2(-0.2714)
(5.0333)
(-0.3597)
G3(1.4543)
(1.2542)
(-0.7790)
G4(0.9828)
(-0.5518)
(-0.2059)
A1(1.1304)
(20.2475)
(0.9772)
A2(11.9375)
(13.4123)
(10.5297)
A3(-4.0701)
(21.8016)
(1.3503)
A4(0.3017)
(9.4571)
(-7.9871)
G1(-5.9033)
(4.1643)
(-0.0878)
G2(0.4970)
(-0.8120)
(0.0851)
G3(3.6343)
(3.2235)
(-1.9337)
G4(0.5310)
(1.3526)
(-0.6907)
A1(-2.9028)
(12.5116)
(13.9821)
A2(-9.8162)
(10.2855)
(6.4787)
A3(6.3063)
(18.2630)
(-2.1835)
A4(-3.9792)
(7.4747)
(-8.0062)
G1(-8.0844)
(2.6685)
(0.2128)
G2(2.0380)
(3.4593)
(-0.6247)
G3(3.7982)
(5.0098)
(-4.2388)
G4(0.1745)
(1.4873)
(-0.3932)
A1(-8.0089)
(7.8796)
(14.0492)
A2(-2.0016)
(13.4794)
(2.1021)
A3(22.3044)
(3.9313)
(-22.5390)
A4(-3.9744)
(14.6429)
(-1.3551)
G1(-7.0633)
(5.1578)
(0.6556)
G2(1.1589)
(3.1783)
(0.6306)
G3(-0.7194)
(-2.6643)
(-2.6744)
G4(0.2916)
(4.8470)
(-1.3101)
A1(10.0543)
(13.2828)
(6.9360)
A2(-5.9951)
(12.5217)
(0.2729)
A3(15.0500)
(0.3017)
(-14.3221)
A4(-8.9830)
(-5.1140)
(-4.5729)
G1(-1.1542)
(7.3996)
(-0.5529)
G2(1.0892)
(3.8158)
(1.4463)
G3(5.6968)
(-5.0444)
(-9.4950)
G4(-0.6173)
(11.1978)
(-7.4272)
A1(7.7215)
(9.8148)
(-7.6066)
A2(-11.0038)
(11.0804)
(9.0118)
A3(13.8768)
(-4.3096)
(-2.5283)
A4(15.9262)
(10.5536)
(-0.7470)
G1(1.7022)
(5.5191)
(-1.1382)
G2(1.2414)
(6.3848)
(2.0614)
G3(6.1209)
(-8.8405)
(-7.2729)
G4(-1.2744)
(3.9046)
(-2.1716)
A1(15.7880)
(2.8261)
(8.2149)
A2(8.6239)
(4.1755)
(11.8082)
A3(5.8466)
(-26.1926)
(4.5586)
A4(-2.9688)
(5.3439)
(-5.6982)
G1(-3.2821)
(4.4011)
(0.1101)
G2(2.1519)
(13.6178)
(0.6556)
G3(-5.2493)
(-4.9518)
(-7.2852)
G4(-0.6524)
(2.2381)
(-0.4534)
A1(-20.6834)
(8.7083)
(-2.8788)
A2(-6.4596)
(7.6279)
(3.4860)
A3(47.9319)
(-36.6935)
(21.7777)
A4(-4.2569)
(5.9664)
(-3.9504)
G1(-0.8663)
(-5.9485)
(2.7537)
G2(1.2483)
(-0.8407)
(-0.8455)
G3(5.8399)
(4.3830)
(3.5769)
G4(-0.1777)
(0.7827)
(-0.0388)
A1(-7.2952)
(5.9636)
(-0.5365)
A2(14.3508)
(10.8984)
(2.8826)
A3(-5.9376)
(-11.6071)
(-3.7828)
A4(3.2178)
(10.4291)
(-1.8627)
G1(0.6183)
(-2.0896)
(1.8661)
G2(0.1836)
(-0.0926)
(-0.2315)
G3(0.6417)
(3.5902)
(2.4036)
G4(-0.0947)
(0.8072)
(-0.0458)
A1(-5.6618)
(4.4068)
(3.7314)
A2(-1.1157)
(3.4237)
(0.1484)
A3(-2.4708)
(-4.7549)
(-2.8156)
A4(4.5059)
(10.6494)
(-1.1349)
G1(0.6497)
(-1.7783)
(2.3104)
G2(-0.1559)
(-1.0834)
(1.3526)
G3(-4.3399)
(6.7483)
(0.8115)
G4(-0.1415)
(-0.9392)
(0.4975)
A1(-7.0222)
(2.9267)
(5.4654)
A2(4.9464)
(10.2424)
(2.8204)
A3(-1.8340)
(1.5754)
(-10.4339)
A4(-10.9415)
(7.5226)
(-7.9631)
G1(2.0332)
(-1.5053)
(1.2755)
G2(-0.0319)
(0.0287)
(0.2293)
G3(-3.5151)
(-0.2613)
(-1.2973)
G4(0.2341)
(0.3996)
(0.0543)
A1(-5.8007)
(6.2510)
(-0.2730)
A2(-3.3854)
(8.9591)
(0.2346)
A3(-2.9353)
(3.6440)
(-10.5776)
A4(-1.2163)
(6.2441)
(-3.0119)
G1(1.4053)
(-0.7077)
(1.4798)
G2(-0.6178)
(-1.2574)
(0.4198)
G3(-2.5595)
(1.3127)
(-1.0690)
G4(0.2975)
(-1.1919)
(0.0032)
A1(-4.5601)
(8.7131)
(2.3423)
A2(-3.4620)
(9.1075)
(1.0534)
A3(-0.3687)
(8.1834)
(-9.7731)
A4(-0.4070)
(8.4755)
(-5.1954)
G1(1.8688)
(-0.1889)
(0.9280)
G2(-0.1719)
(1.7405)
(-0.3331)
G3(-2.1822)
(1.4984)
(-0.9738)
G4(0.3310)
(1.1616)
(-0.0160)
A1(-4.9194)
(7.8892)
(1.8825)
A2(6.9528)
(5.2720)
(1.3551)
A3(-2.1261)
(8.7245)
(-8.7963)
A4(0.4166)
(8.6910)
(-5.4636)
G1(1.2302)
(-0.5640)
(0.7966)
G2(-0.5843)
(0.4156)
(0.5369)
G3(-2.4381)
(0.3054)
(-0.0984)
G4(0.1857)
(-0.5906)
(0.3081)
A1(-5.5229)
(7.2186)
(-0.0287)
A2(4.1659)
(9.5241)
(1.9585)
A3(-1.5227)
(8.2313)
(-5.1619)
A4(0.4262)
(8.5569)
(-5.7365)
G1(0.4257)
(-0.1490)
(0.7466)
G2(-0.4246)
(-0.7045)
(0.0835)
G3(-1.7012)
(0.0309)
(-0.1937)
G4(0.0027)
(-0.3299)
(0.4012)
A1(-4.7709)
(10.8734)
(-0.4024)
A2(1.5323)
(9.4236)
(2.7246)
A3(-5.3199)
(12.7324)
(-4.4293)
A4(1.5610)
(8.8729)
(-5.4109)
G1(0.7317)
(-1.0930)
(0.3352)
G2(-0.1575)
(-0.8056)
(0.2629)
G3(-0.4193)
(1.0036)
(0.0117)
G4(-0.1474)
(-0.3459)
(0.5502)
A1(-4.2679)
(10.2267)
(0.5988)
A2(1.6664)
(9.8210)
(3.6057)
A3(0.0096)
(11.2623)
(-5.2720)
A4(2.8299)
(9.2368)
(-4.0175)
G1(1.1722)
(-0.1235)
(0.3363)
G2(-0.5401)
(-1.1185)
(0.2182)
G3(-0.0223)
(0.2480)
(0.0937)
G4(-0.4635)
(-0.8673)
(0.6694)
