A1(-1.9879)
(7.3192)
(1.5807)
A2(1.5371)
(7.9823)
(-1.1779)
A3(-2.4708)
(9.1602)
(-4.0079)
A4(0.1101)
(7.0820)
(-8.2504)
G1(-1.0738)
(-1.1238)
(-0.3586)
G2(-0.3049)
(-0.4278)
(-0.0447)
G3(0.3225)
(-0.6103)
(0.3113)
G4(0.3358)
(-0.1144)
(0.1027)
A1(-2.7830)
(6.9935)
(4.6463)
A2(1.5083)
(8.8011)
(0.0958)
A3(-3.1987)
(10.5728)
(-2.1787)
A4(0.5650)
(8.7340)
(-4.1611)
G1(-0.6971)
(-3.6114)
(-0.9344)
G2(-0.5135)
(-0.4959)
(-0.0915)
G3(0.2528)
(-2.6068)
(1.3271)
G4(0.1272)
(-0.6550)
(0.4028)
A1(0.0719)
(6.9072)
(5.6139)
A2(2.3511)
(10.4148)
(-1.5179)
A3(1.9106)
(6.3542)
(-2.5283)
A4(-0.1820)
(8.5712)
(-6.0478)
G1(-0.2453)
(-1.7586)
(-0.4528)
G2(-0.6534)
(-0.6433)
(0.0021)
G3(-0.2432)
(-3.3262)
(2.3876)
G4(0.2831)
(-0.5114)
(0.2916)
A1(-8.6269)
(7.7455)
(9.1586)
A2(3.5578)
(8.4563)
(0.9050)
A3(6.0908)
(9.1028)
(4.9464)
A4(2.8443)
(15.8161)
(-0.2729)
G1(1.0828)
(-2.3376)
(0.3421)
G2(-0.0862)
(-3.2986)
(0.2841)
G3(-2.2168)
(-6.3428)
(4.3724)
G4(1.3058)
(-1.4457)
(1.1302)
A1(-4.0907)
(10.1405)
(6.6965)
A2(-0.4405)
(10.2759)
(3.2034)
A3(-8.4276)
(11.4491)
(-1.7957)
A4(-3.3519)
(26.7815)
(10.2807)
G1(2.6882)
(-1.5112)
(-0.0160)
G2(0.0261)
(-1.7938)
(0.1075)
G3(-1.1531)
(-6.3327)
(3.3571)
G4(3.0165)
(-3.1884)
(3.3220)
A1(2.7686)
(15.0695)
(2.1411)
A2(-0.6656)
(11.2863)
(6.0094)
A3(1.1779)
(8.4611)
(5.3008)
A4(-15.5001)
(14.5998)
(-1.3886)
G1(1.4761)
(-4.4453)
(-0.4741)
G2(0.0564)
(-2.1253)
(0.5997)
G3(0.7120)
(0.9030)
(-0.0702)
G4(4.7294)
(-5.7995)
(10.6832)
A1(1.3795)
(10.1693)
(3.0944)
A2(2.3415)
(9.5768)
(10.1706)
A3(-4.0941)
(2.7725)
(-7.8673)
A4(-50.6422)
(23.6691)
(-24.5837)
G1(1.4229)
(-5.1157)
(-0.9211)
G2(-1.7932)
(-3.7216)
(2.1567)
G3(0.6731)
(-1.1866)
(0.4486)
G4(2.1652)
(-2.6297)
(4.1803)
A1(3.3099)
(6.1217)
(18.8728)
A2(-0.3735)
(34.6633)
(-1.1636)
A3(6.2680)
(7.4460)
(-5.1954)
A4(-9.9359)
(-6.6080)
(-15.8975)
G1(-0.0367)
(-8.2265)
(-2.6409)
G2(-7.9812)
(-8.3877)
(-2.0444)
G3(-0.2155)
(-2.0848)
(0.6795)
G4(3.2480)
(7.0085)
(6.6360)
A1(-4.0620)
(9.9345)
(10.7488)
A2(9.3805)
(5.7796)
(24.6076)
A3(7.1012)
(13.5608)
(-3.4668)
A4(-7.2353)
(-6.4165)
(-7.7812)
G1(1.6405)
(-16.4848)
(-3.7344)
G2(-7.0287)
(-5.9506)
(0.5704)
G3(-0.2182)
(-4.5384)
(1.5777)
G4(-0.2879)
(8.9943)
(4.1691)
A1(14.3126)
(6.3995)
(-2.6058)
A2(15.4665)
(5.9568)
(9.5864)
A3(1.9776)
(4.2713)
(-4.9895)
A4(-1.9680)
(-7.7907)
(5.1332)
G1(-0.5875)
(-0.7774)
(-0.6183)
G2(-5.1296)
(-8.0881)
(-0.3049)
G3(-2.6223)
(-8.9347)
(4.7475)
G4(-6.7935)
(3.8456)
(4.4054)
A1(-9.1250)
(8.5837)
(6.5719)
A2(-1.2450)
(12.9239)
(14.1402)
A3(0.9625)
(8.3222)
(-7.1682)
A4(-1.0343)
(9.2847)
(-5.4253)
G1(0.4145)
(-2.9655)
(-0.3496)
G2(-4.0371)
(-9.8882)
(2.6127)
G3(-1.3862)
(-2.4445)
(0.5965)
G4(-6.4215)
(0.7290)
(5.5164)
A1(-3.4345)
(10.1597)
(2.3088)
A2(-1.3551)
(8.4084)
(-9.2177)
A3(9.4571)
(7.8769)
(-2.3032)
A4(14.6334)
(-10.7595)
(5.9951)
G1(-0.1517)
(0.4688)
(0.1362)
G2(0.5571)
(-0.4917)
(2.0848)
G3(-0.9376)
(-0.4917)
(-0.3336)
G4(-4.4878)
(1.9305)
(-11.3595)
A1(-3.0177)
(8.7897)
(1.3939)
A2(16.3141)
(-1.1971)
(9.1411)
A3(-7.0198)
(11.8513)
(-0.3065)
A4(10.4579)
(-1.2689)
(-8.2073)
G1(-0.0223)
(0.6428)
(-0.1368)
G2(-0.2714)
(-1.7911)
(0.2261)
G3(-0.3033)
(0.7141)
(-0.7684)
G4(6.1528)
(-0.2384)
(-0.1687)
A1(-1.4562)
(10.2459)
(0.8478)
A2(5.7892)
(1.3647)
(-6.4165)
A3(0.8811)
(8.7963)
(-4.7166)
A4(7.2018)
(-4.1611)
(-3.8355)
G1(0.1623)
(0.7742)
(-0.0793)
G2(-1.1180)
(3.7333)
(-2.1029)
G3(0.0724)
(0.6428)
(-0.3656)
G4(-0.1016)
(-3.2975)
(1.0797)
A1(-2.6010)
(10.0639)
(1.0873)
A2(23.3435)
(0.9864)
(-4.8746)
A3(1.3599)
(9.2943)
(-4.4436)
A4(4.4005)
(-1.9441)
(-3.9935)
G1(0.5002)
(1.0722)
(0.0867)
G2(0.2591)
(0.3501)
(-0.6811)
G3(-0.0580)
(0.5986)
(-0.2841)
G4(-1.8145)
(-3.4630)
(-0.2953)
A1(-1.6957)
(9.6615)
(1.2071)
A2(9.2225)
(1.3024)
(1.8866)
A3(-0.4501)
(8.4515)
(-3.4429)
A4(5.8706)
(-0.8667)
(-7.5226)
G1(0.4055)
(0.4374)
(0.1602)
G2(-0.8115)
(2.1854)
(-1.8943)
G3(-0.1511)
(0.9440)
(-0.4683)
G4(-4.1867)
(-3.2592)
(-1.1563)
A1(-0.5173)
(9.2975)
(-1.4610)
A2(7.9009)
(2.9592)
(0.2011)
A3(1.4700)
(9.1554)
(-5.1954)
A4(1.5083)
(-1.2641)
(-8.9830)
G1(0.4432)
(0.5071)
(-0.1293)
G2(-0.1277)
(2.2370)
(-1.8730)
G3(-0.1990)
(0.7630)
(-0.3714)
G4(-4.3958)
(-2.5621)
(0.2091)
A1(-0.7616)
(8.4975)
(0.1916)
A2(12.3445)
(6.4356)
(-0.4836)
A3(1.2546)
(9.4044)
(-2.8108)
A4(6.3686)
(3.5338)
(-13.7379)
G1(-0.1011)
(1.0568)
(-0.2198)
G2(0.5279)
(2.1950)
(-2.2162)
G3(-0.3102)
(0.1006)
(-0.1517)
G4(-3.3731)
(0.6364)
(-0.3044)
A1(-1.3077)
(8.4879)
(0.8526)
A2(9.3661)
(4.4915)
(4.4532)
A3(0.2777)
(9.0692)
(-2.5570)
A4(2.9401)
(2.8922)
(-9.7971)
G1(-0.0596)
(1.0664)
(-0.2857)
G2(0.4927)
(1.3521)
(-2.3014)
G3(-0.1091)
(1.1840)
(-0.4853)
G4(-3.6886)
(-1.3335)
(-0.2054)
A1(-0.5700)
(9.0915)
(-0.4167)
A2(5.6743)
(6.5122)
(1.2306)
A3(2.5666)
(9.9742)
(-1.4653)
A4(4.5250)
(10.9702)
(-7.1635)
G1(-0.1894)
(0.0734)
(-0.2214)
G2(0.5997)
(0.2309)
(-2.2817)
G3(0.2230)
(1.8613)
(-0.5140)
G4(-2.6845)
(-1.2132)
(0.3704)
