A1(-2.3806)
(10.3896)
(-0.9149)
A2(2.8060)
(8.8825)
(2.9928)
A3(0.7949)
(7.9679)
(-6.3111)
A4(1.9728)
(10.4052)
(-2.0111)
G1(-0.1623)
(0.9200)
(0.0154)
G2(-0.0388)
(0.1144)
(0.0724)
G3(0.0234)
(-0.3065)
(0.1650)
G4(0.3672)
(1.9805)
(-0.6258)
A1(-0.5173)
(10.6435)
(1.2358)
A2(2.7390)
(8.8681)
(2.2218)
A3(0.9050)
(8.8155)
(-5.6360)
A4(2.5666)
(8.6574)
(-0.9816)
G1(-0.2847)
(2.6286)
(-0.4108)
G2(-0.5566)
(0.7295)
(0.0963)
G3(-0.2150)
(0.0979)
(-0.1096)
G4(1.0914)
(2.5972)
(-1.6096)
A1(1.6238)
(10.0064)
(0.1054)
A2(2.9832)
(10.3190)
(2.9928)
A3(0.1820)
(8.9160)
(-3.1843)
A4(-2.5522)
(10.1323)
(-0.0479)
G1(0.4725)
(1.3877)
(-0.1245)
G2(-0.6534)
(1.2984)
(0.2873)
G3(0.0729)
(0.7976)
(-0.3124)
G4(1.6208)
(4.3128)
(-2.5584)
A1(-0.0096)
(11.1560)
(2.6728)
A2(5.8658)
(5.0230)
(5.2337)
A3(1.7765)
(8.6574)
(-5.1906)
A4(2.4229)
(9.0501)
(-0.5028)
G1(0.7237)
(2.6015)
(-1.3697)
G2(-0.9280)
(2.4089)
(1.2675)
G3(0.5284)
(0.9817)
(-0.5459)
G4(-0.4789)
(5.1886)
(-2.8654)
A1(2.0693)
(9.5992)
(7.5299)
A2(-1.9154)
(7.4651)
(7.0629)
A3(-0.7518)
(12.0859)
(-0.2586)
A4(2.1165)
(0.6608)
(-5.9233)
G1(-1.7948)
(2.5291)
(-1.7517)
G2(-0.0085)
(-0.2331)
(1.2143)
G3(0.8844)
(0.9679)
(-0.7886)
G4(1.9044)
(-0.6412)
(0.8056)
A1(-13.0481)
(20.0990)
(-5.4080)
A2(6.2201)
(6.5457)
(7.7668)
A3(1.2546)
(25.1726)
(10.9942)
A4(6.3159)
(4.4005)
(-9.6438)
G1(-4.8726)
(4.9870)
(-0.0277)
G2(1.5069)
(3.9930)
(0.5811)
G3(4.2346)
(1.3345)
(-1.4447)
G4(1.2068)
(-0.0809)
(-0.1639)
A1(5.9492)
(9.4555)
(24.2136)
A2(4.0989)
(11.1282)
(10.6877)
A3(2.7821)
(15.7634)
(-6.9911)
A4(-1.1013)
(8.8107)
(-7.9583)
G1(-7.1707)
(6.5476)
(0.2618)
G2(2.1598)
(0.7003)
(-1.1073)
G3(3.6051)
(3.9568)
(-4.4596)
G4(0.8056)
(3.0841)
(-0.8578)
A1(-13.4600)
(17.1771)
(12.1188)
A2(-11.7268)
(13.8098)
(1.3455)
A3(36.2099)
(11.2623)
(-11.2958)
A4(-5.7700)
(9.5241)
(-5.3582)
G1(-6.2390)
(4.0169)
(0.1070)
G2(1.1419)
(2.9389)
(-0.4629)
G3(0.9285)
(-2.1737)
(-0.2277)
G4(-0.4752)
(3.3406)
(-0.3682)
A1(-1.6574)
(12.2050)
(12.7511)
A2(2.4756)
(9.3948)
(4.6495)
A3(16.0507)
(-1.6376)
(-22.3954)
A4(-3.3088)
(20.5039)
(4.4628)
G1(-5.3754)
(8.0498)
(-0.1330)
G2(1.5985)
(5.9347)
(1.6692)
G3(2.2945)
(-3.8163)
(-4.5134)
G4(0.4746)
(6.6408)
(-2.0321)
A1(10.4423)
(8.7275)
(0.3832)
A2(-5.2720)
(11.8465)
(3.0263)
A3(13.7284)
(-6.0094)
(-3.1508)
A4(-1.9585)
(-13.3166)
(-5.7748)
G1(0.4087)
(4.3426)
(-1.9470)
G2(1.5181)
(3.7764)
(1.3319)
G3(4.2000)
(-7.4746)
(-6.4460)
G4(0.0766)
(7.5650)
(-4.4756)
A1(3.0225)
(2.6968)
(-6.4330)
A2(-11.6885)
(8.8538)
(13.6039)
A3(7.8530)
(-8.8346)
(3.9504)
A4(3.5291)
(-1.3599)
(-5.0135)
G1(3.3906)
(4.1249)
(-1.9353)
G2(0.4986)
(7.8444)
(1.6527)
G3(0.0367)
(-7.5177)
(-4.4618)
G4(0.2139)
(-0.9030)
(0.8019)
A1(-0.3976)
(5.2547)
(4.3637)
A2(18.4784)
(10.9750)
(-1.5467)
A3(-8.7484)
(-6.7756)
(0.0048)
A4(10.5728)
(5.9999)
(-5.9807)
G1(-4.3250)
(2.6776)
(1.1595)
G2(2.5291)
(7.5203)
(3.3667)
G3(-3.7120)
(-1.8012)
(-10.0325)
G4(-0.3778)
(-0.1868)
(1.3127)
A1(2.0118)
(0.7664)
(3.3961)
A2(13.2687)
(0.3065)
(-1.2019)
A3(5.2768)
(53.4913)
(-10.8457)
A4(0.8667)
(5.9185)
(-6.6415)
G1(-0.7189)
(-4.4123)
(2.6622)
G2(2.2317)
(-0.2480)
(0.5699)
G3(11.2717)
(10.1862)
(-6.7520)
G4(-0.2097)
(1.3537)
(-0.4683)
A1(-10.5812)
(3.5638)
(-5.5325)
A2(5.8083)
(0.9768)
(3.8116)
A3(-15.3325)
(0.7518)
(-14.0109)
A4(5.7509)
(8.5856)
(-3.1364)
G1(-0.8753)
(0.8429)
(1.5655)
G2(0.1421)
(3.3055)
(0.6114)
G3(-4.0457)
(0.0176)
(7.8119)
G4(0.1277)
(1.1850)
(0.0074)
A1(-9.6280)
(5.1445)
(1.7340)
A2(8.6287)
(13.8672)
(2.5474)
A3(-7.6567)
(-8.0876)
(-3.9744)
A4(0.8619)
(8.9830)
(-4.2282)
G1(0.3342)
(-1.9752)
(2.3349)
G2(0.6917)
(-0.6226)
(0.1314)
G3(0.6864)
(3.6535)
(0.7785)
G4(0.1580)
(0.2017)
(0.2911)
A1(-8.9286)
(6.4474)
(-0.8287)
A2(4.1611)
(6.2872)
(2.1931)
A3(-5.6120)
(-3.5626)
(-8.9639)
A4(2.6240)
(8.4898)
(-4.7214)
G1(0.4826)
(-0.2373)
(1.7091)
G2(0.0213)
(1.6378)
(-0.0239)
G3(-1.6049)
(3.0692)
(-0.0341)
G4(-0.0378)
(-0.8354)
(0.4023)
A1(-6.1744)
(6.7827)
(2.5770)
A2(4.2952)
(10.8984)
(1.4461)
A3(-2.1261)
(-3.5530)
(-10.7883)
A4(1.6951)
(9.1698)
(-4.2617)
G1(1.0158)
(-1.7491)
(2.0130)
G2(-0.1687)
(-0.5358)
(0.1948)
G3(-3.0187)
(2.3040)
(-0.6391)
G4(0.0931)
(-0.2363)
(0.2331)
A1(-7.9131)
(7.2809)
(0.0862)
A2(3.5386)
(9.0692)
(1.9632)
A3(0.2825)
(1.2019)
(-12.9670)
A4(1.6759)
(8.7867)
(-4.7070)
G1(1.7081)
(-2.1987)
(1.1611)
G2(-0.0090)
(-0.4236)
(-0.1389)
G3(-3.4343)
(1.6049)
(-1.4883)
G4(0.1011)
(-0.0500)
(0.2182)
A1(-7.5970)
(8.1047)
(0.1772)
A2(2.1883)
(9.3565)
(1.5514)
A3(0.0575)
(0.9577)
(-10.0748)
A4(0.0910)
(9.2703)
(-4.8602)
G1(1.8017)
(-2.4589)
(1.0163)
G2(-0.2490)
(-0.7923)
(0.1054)
G3(-3.6636)
(0.2421)
(-0.2485)
G4(0.0793)
(-0.4081)
(0.4794)
A1(-6.2702)
(6.9647)
(0.4503)
A2(2.0351)
(9.6822)
(1.9968)
A3(-3.4955)
(7.0725)
(-8.9064)
A4(0.2969)
(8.7245)
(-5.3917)
G1(2.5563)
(0.0686)
(0.5161)
G2(-0.2826)
(-0.3555)
(0.1325)
G3(-3.5577)
(1.9247)
(-0.9865)
G4(0.1868)
(-0.2097)
(0.5859)
