A1(-2.7926)
(9.4939)
(1.8777)
A2(2.4804)
(9.1889)
(1.9585)
A3(-0.1341)
(8.5952)
(-4.3431)
A4(0.1293)
(7.3119)
(-6.9432)
G1(-0.1011)
(-0.0335)
(-0.0553)
G2(-0.1953)
(-0.0117)
(-0.0298)
G3(0.1160)
(0.2288)
(-0.0601)
G4(0.0074)
(0.2070)
(-0.0995)
A1(-3.7506)
(8.8855)
(0.7664)
A2(2.3176)
(9.6582)
(0.7661)
A3(-1.0439)
(9.1028)
(-2.7438)
A4(0.2346)
(7.8243)
(-6.5218)
G1(-0.2980)
(0.0601)
(-0.0181)
G2(-0.2735)
(0.2469)
(-0.0974)
G3(0.0101)
(0.1942)
(-0.0431)
G4(-0.0229)
(0.0500)
(-0.0298)
A1(-3.0896)
(9.0053)
(2.1890)
A2(3.2753)
(9.0166)
(1.1971)
A3(-0.7470)
(9.3613)
(-3.4237)
A4(0.2921)
(7.8673)
(-6.6463)
G1(-1.1526)
(-1.1153)
(-0.1378)
G2(-0.0591)
(0.1352)
(0.0580)
G3(0.1719)
(-0.1032)
(0.1266)
G4(-0.0415)
(0.2246)
(-0.0495)
A1(-0.0479)
(8.0185)
(3.3051)
A2(2.3559)
(9.1459)
(3.0933)
A3(0.0000)
(10.4531)
(-3.2370)
A4(0.0144)
(8.4659)
(-6.0765)
G1(-1.0147)
(-3.4284)
(-1.1366)
G2(0.0756)
(0.0027)
(0.1203)
G3(0.2022)
(-3.3081)
(1.5761)
G4(0.0362)
(-0.5550)
(0.2990)
A1(1.3604)
(7.8748)
(8.1479)
A2(5.4540)
(8.0349)
(1.4940)
A3(7.1108)
(7.5226)
(-3.3040)
A4(-0.4788)
(8.9352)
(-5.1763)
G1(-0.1059)
(-2.5270)
(-0.5348)
G2(0.3501)
(-0.1586)
(-0.1357)
G3(-0.1511)
(-5.4941)
(3.4853)
G4(0.4502)
(-0.9998)
(0.7716)
A1(-8.3921)
(13.2684)
(10.1980)
A2(1.7190)
(9.0166)
(3.6440)
A3(4.2760)
(5.1571)
(-2.8587)
A4(-0.8619)
(33.2890)
(9.1219)
G1(3.4321)
(0.6582)
(0.3033)
G2(0.2959)
(-2.8298)
(-0.0915)
G3(-0.6279)
(-5.1221)
(3.8818)
G4(2.6467)
(-2.6382)
(3.6040)
A1(-3.1758)
(6.6965)
(9.6136)
A2(0.0670)
(10.2855)
(5.4205)
A3(-11.6406)
(36.1668)
(31.7280)
A4(-7.7955)
(13.7906)
(-3.5961)
G1(2.5392)
(-9.4881)
(-0.5571)
G2(-0.0516)
(-3.0708)
(0.1799)
G3(-0.2533)
(1.3862)
(0.2453)
G4(1.8847)
(-4.4788)
(7.6284)
A1(8.6652)
(9.5992)
(8.2149)
A2(-0.8140)
(14.6717)
(13.3836)
A3(3.4668)
(5.6982)
(-3.2465)
A4(-6.6463)
(-4.7597)
(-24.0474)
G1(1.9092)
(-6.6413)
(-1.4947)
G2(-5.9958)
(-1.3356)
(0.4715)
G3(-0.1809)
(-2.2508)
(0.8711)
G4(0.5491)
(4.1505)
(6.7632)
A1(-0.6275)
(8.3203)
(9.8962)
A2(1.1636)
(12.2727)
(24.1575)
A3(7.1204)
(10.6111)
(-3.1508)
A4(-5.4492)
(-4.8746)
(-8.1738)
G1(-0.2091)
(-10.6566)
(-3.0884)
G2(-7.1819)
(-4.6523)
(1.7810)
G3(-0.4938)
(-4.8241)
(1.2670)
G4(0.7460)
(7.9205)
(6.9254)
A1(-4.3781)
(12.1188)
(6.0450)
A2(15.5240)
(11.0325)
(5.9855)
A3(9.8497)
(-2.8730)
(1.3695)
A4(-6.3542)
(-12.1673)
(0.7230)
G1(0.9855)
(-1.3212)
(0.2778)
G2(-5.2525)
(-8.2190)
(0.2331)
G3(-3.0942)
(-10.2937)
(5.5334)
G4(-6.6674)
(3.8807)
(2.8692)
A1(-3.8704)
(0.2874)
(0.4646)
A2(-0.7230)
(11.0325)
(12.4690)
A3(-2.1883)
(5.6120)
(-1.3982)
A4(0.6991)
(17.4872)
(-1.9010)
G1(0.5875)
(0.2341)
(0.2772)
G2(-4.0238)
(-9.5195)
(2.5520)
G3(-2.2844)
(-4.8215)
(1.5548)
G4(-6.1502)
(-0.6188)
(5.2711)
A1(-3.3434)
(12.0134)
(3.0896)
A2(0.5459)
(1.8675)
(-6.0238)
A3(-6.6607)
(9.5912)
(-3.3232)
A4(26.6139)
(-29.1183)
(8.3701)
G1(-0.0410)
(0.8881)
(0.2331)
G2(1.5719)
(0.4374)
(2.0630)
G3(-0.4001)
(1.9449)
(-1.5676)
G4(0.4651)
(7.0372)
(-5.7505)
A1(-0.4934)
(9.7190)
(0.1485)
A2(4.6878)
(6.4548)
(-0.2682)
A3(0.3543)
(9.3565)
(-4.3574)
A4(12.5887)
(-5.1475)
(-3.2034)
G1(0.0665)
(0.3602)
(-0.0043)
G2(0.4576)
(-1.6304)
(0.0085)
G3(0.1181)
(0.6705)
(-0.2591)
G4(1.6895)
(-2.5185)
(-2.4200)
A1(-0.7760)
(10.5716)
(1.5184)
A2(29.4391)
(-1.7095)
(-2.6911)
A3(2.2745)
(8.5856)
(-4.2473)
A4(10.4004)
(-4.0462)
(-6.9767)
G1(0.0814)
(1.0781)
(-0.0266)
G2(1.2515)
(5.3770)
(-1.0382)
G3(0.0942)
(0.6641)
(-0.2501)
G4(1.5570)
(-1.4303)
(-2.4855)
A1(-1.7579)
(10.0830)
(1.8058)
A2(1.5179)
(1.8531)
(1.9106)
A3(2.3798)
(8.7628)
(-3.6871)
A4(6.5027)
(-1.7334)
(-6.2680)
G1(0.1235)
(0.2602)
(-0.0154)
G2(-1.1616)
(3.1187)
(-2.1460)
G3(0.0490)
(0.3177)
(-0.1868)
G4(-1.4298)
(-2.7026)
(-2.6622)
A1(-0.7089)
(9.0340)
(0.2635)
A2(11.9950)
(4.4101)
(-3.2753)
A3(1.6376)
(8.8873)
(-3.2657)
A4(2.3846)
(1.4317)
(-9.6534)
G1(0.1415)
(0.4645)
(-0.0372)
G2(-1.0578)
(1.2350)
(-1.7703)
G3(0.0676)
(-0.1974)
(-0.0293)
G4(-2.8681)
(-2.4238)
(-1.0307)
A1(-0.1533)
(9.9585)
(0.4167)
A2(6.6319)
(4.9512)
(4.3335)
A3(1.7286)
(8.9304)
(-3.7206)
A4(5.4396)
(3.9600)
(-11.0852)
G1(0.0394)
(0.1745)
(0.0133)
G2(0.0697)
(1.8427)
(-1.5075)
G3(-0.0133)
(-0.4704)
(0.0596)
G4(-2.6733)
(-0.7705)
(-0.3629)
A1(-0.6993)
(9.4028)
(0.1150)
A2(9.8593)
(5.1044)
(2.1739)
A3(1.3120)
(9.2177)
(-3.2417)
A4(4.2425)
(4.5729)
(-9.8833)
G1(-0.2043)
(0.1634)
(0.0271)
G2(0.2261)
(0.4124)
(-1.7592)
G3(0.0186)
(-0.0947)
(-0.0250)
G4(-3.0352)
(-2.0007)
(1.2627)
A1(-1.0299)
(9.6423)
(1.3508)
A2(7.3215)
(7.8290)
(2.3224)
A3(-0.2442)
(8.7580)
(-2.6719)
A4(5.9041)
(7.7285)
(-9.0405)
G1(-0.1963)
(-0.3288)
(-0.3698)
G2(1.1478)
(0.6582)
(-1.6927)
G3(0.0729)
(0.3714)
(-0.1809)
G4(-2.2977)
(-1.8491)
(0.9110)
A1(-0.5269)
(10.7153)
(0.7472)
A2(5.9855)
(7.7333)
(2.6576)
A3(0.9816)
(9.6534)
(-2.1500)
A4(2.6767)
(10.2089)
(-1.6616)
G1(-0.0841)
(0.3986)
(-0.1963)
G2(0.8908)
(-1.7086)
(-1.2409)
G3(0.2480)
(0.7535)
(-0.3799)
G4(-1.8454)
(-1.4862)
(0.4816)
