A1(-1.1927)
(8.7322)
(0.1533)
A2(2.6384)
(8.7197)
(3.6057)
A3(0.8523)
(7.1108)
(-7.8003)
A4(4.6208)
(11.8800)
(-0.6800)
G1(0.5279)
(1.5155)
(-0.3640)
G2(-0.0899)
(0.1245)
(0.0239)
G3(-0.1575)
(0.2953)
(-0.1128)
G4(0.6987)
(2.5467)
(-1.0217)
A1(-1.2885)
(10.7680)
(0.2682)
A2(3.6583)
(9.4667)
(3.8068)
A3(0.4788)
(9.5672)
(-4.0654)
A4(4.4580)
(1.0774)
(-2.7773)
G1(-0.0218)
(1.3143)
(-0.4576)
G2(-0.4135)
(1.0461)
(0.6460)
G3(-0.2261)
(0.7673)
(-0.4512)
G4(0.4906)
(5.5941)
(-4.2266)
A1(-1.6238)
(11.6494)
(-2.5579)
A2(5.9472)
(6.4069)
(5.5641)
A3(0.0575)
(9.7444)
(-3.8738)
A4(10.5010)
(21.6675)
(17.0611)
G1(0.2118)
(1.2542)
(-0.7732)
G2(-1.1824)
(1.9012)
(0.7673)
G3(0.2054)
(0.4076)
(-0.2863)
G4(1.1286)
(0.1522)
(0.3762)
A1(-0.8191)
(7.7838)
(2.5004)
A2(-3.0742)
(7.3167)
(9.3709)
A3(-0.7805)
(12.3828)
(-2.6001)
A4(5.7317)
(11.8178)
(-6.4117)
G1(-1.1499)
(1.3580)
(-1.0802)
G2(0.2192)
(4.5453)
(-0.4065)
G3(1.1653)
(0.3299)
(-0.5906)
G4(1.0435)
(0.5534)
(-0.4326)
A1(-7.7168)
(9.0101)
(0.2635)
A2(3.8259)
(5.8993)
(6.9719)
A3(-3.1173)
(16.8935)
(6.6319)
A4(0.5507)
(7.1012)
(-6.5745)
G1(-6.2608)
(2.7324)
(-0.1708)
G2(-0.1644)
(-5.3339)
(1.2015)
G3(1.6229)
(0.4284)
(-1.5623)
G4(0.2059)
(-0.5204)
(-0.6928)
A1(0.0862)
(9.7046)
(9.5034)
A2(-9.0070)
(14.6429)
(13.1777)
A3(-1.1971)
(21.4329)
(-3.7397)
A4(-3.4333)
(9.9311)
(-3.6727)
G1(-7.3038)
(5.7761)
(0.8615)
G2(1.3814)
(6.6599)
(-3.4944)
G3(2.2929)
(3.0745)
(-2.7249)
G4(0.0984)
(0.4284)
(-0.3076)
A1(-12.6361)
(16.1041)
(20.9995)
A2(-7.1874)
(10.3238)
(-1.8435)
A3(24.0617)
(20.2262)
(-11.2623)
A4(-5.3678)
(9.7731)
(-6.0525)
G1(-7.2777)
(1.2744)
(1.5889)
G2(1.6575)
(-0.1192)
(0.2304)
G3(0.7976)
(4.2574)
(-3.6146)
G4(-0.4816)
(3.7764)
(-0.7891)
A1(-3.5829)
(9.7573)
(10.5620)
A2(-0.5219)
(8.6718)
(0.1628)
A3(7.5800)
(7.7572)
(-24.8518)
A4(1.0343)
(14.7339)
(2.9113)
G1(-5.6393)
(7.8492)
(-0.2432)
G2(0.5875)
(4.3990)
(0.1570)
G3(0.4268)
(0.7785)
(-6.3252)
G4(1.7044)
(9.2678)
(-3.6668)
A1(5.7145)
(12.8756)
(6.1839)
A2(-9.0836)
(13.8816)
(-0.9146)
A3(20.6189)
(3.0646)
(-17.7506)
A4(-3.9217)
(1.8196)
(-10.1658)
G1(-1.8794)
(6.1140)
(-1.7368)
G2(1.0477)
(5.9730)
(1.1004)
G3(4.3218)
(-2.5105)
(-9.3737)
G4(0.6220)
(9.3306)
(-4.6177)
A1(-21.5169)
(6.9408)
(13.4792)
A2(-9.5672)
(8.6095)
(15.7491)
A3(8.9639)
(-5.2002)
(8.2456)
A4(2.8491)
(15.8305)
(-0.9912)
G1(4.1313)
(-1.3654)
(-0.7705)
G2(-1.4468)
(7.4368)
(1.0903)
G3(1.5117)
(-7.4139)
(-7.2224)
G4(-0.5917)
(-0.3304)
(0.3624)
A1(4.5314)
(7.5395)
(-5.9540)
A2(15.5575)
(7.1395)
(13.9773)
A3(-15.9262)
(19.3595)
(-5.1715)
A4(10.9702)
(1.1444)
(-6.0430)
G1(-0.8567)
(-5.9203)
(3.5614)
G2(-0.3230)
(-1.1573)
(0.1628)
G3(-5.1530)
(4.5421)
(-11.5665)
G4(-0.2038)
(-0.1719)
(0.0069)
A1(-8.1143)
(6.0259)
(3.6069)
A2(-6.3782)
(12.1961)
(-3.2082)
A3(-10.1083)
(30.3250)
(-3.8930)
A4(-1.4605)
(8.4324)
(-4.9608)
G1(-1.0914)
(2.6685)
(3.3427)
G2(0.5741)
(1.8464)
(0.6433)
G3(-7.3447)
(-7.5470)
(5.7042)
G4(-0.0176)
(-0.2836)
(0.1570)
A1(-8.1718)
(3.2381)
(-2.6824)
A2(17.1425)
(-1.2641)
(5.2912)
A3(1.0822)
(-6.7708)
(-6.7086)
A4(6.4691)
(8.7915)
(-5.1715)
G1(-1.2824)
(0.3400)
(3.2624)
G2(1.4548)
(2.1231)
(-0.1378)
G3(1.3846)
(3.4539)
(2.3322)
G4(-0.3145)
(-0.7199)
(0.4486)
A1(-9.1442)
(6.2941)
(4.1721)
A2(-1.5802)
(5.0901)
(1.2833)
A3(-5.6886)
(-7.5705)
(-12.3445)
A4(-0.9481)
(9.4427)
(-3.9935)
G1(0.3661)
(1.0546)
(1.7677)
G2(0.1628)
(-0.1905)
(-0.2740)
G3(-3.5199)
(2.8495)
(2.2721)
G4(-0.2448)
(-0.6742)
(0.2969)
A1(-6.6294)
(8.2197)
(0.9867)
A2(-0.0383)
(9.1219)
(2.3080)
A3(-3.7589)
(2.0446)
(-10.1849)
A4(0.2490)
(8.3175)
(-4.1851)
G1(0.7247)
(-2.3062)
(1.9092)
G2(0.0027)
(-1.2169)
(-0.1623)
G3(-3.2017)
(2.6606)
(-0.1096)
G4(-0.1117)
(-0.1527)
(-0.0016)
A1(-6.7540)
(8.6460)
(4.5362)
A2(-1.1013)
(9.6534)
(1.6424)
A3(-1.0534)
(2.4948)
(-10.0461)
A4(3.0694)
(9.8928)
(-4.0414)
G1(1.3196)
(-0.9498)
(1.1813)
G2(0.1032)
(-0.5614)
(0.1607)
G3(-3.0591)
(0.8631)
(0.0170)
G4(-0.2272)
(0.3459)
(-0.0788)
A1(-5.6283)
(7.1419)
(1.5232)
A2(1.5802)
(9.2464)
(0.4453)
A3(-3.2082)
(5.2720)
(-12.1578)
A4(2.3080)
(9.0405)
(-2.1213)
G1(1.0717)
(-0.1181)
(0.7455)
G2(0.1431)
(-0.4012)
(0.0021)
G3(-2.9788)
(0.3108)
(0.1942)
G4(-0.3177)
(-0.3320)
(0.1048)
A1(-6.0450)
(7.7311)
(0.7520)
A2(-1.6951)
(9.4427)
(0.1437)
A3(-2.9161)
(8.1690)
(-8.0972)
A4(0.0335)
(9.1985)
(-2.8443)
G1(1.5107)
(-0.5124)
(0.5305)
G2(0.2192)
(-0.2187)
(-0.0043)
G3(-2.2460)
(-0.0926)
(-0.2724)
G4(-0.3241)
(-0.5209)
(0.3432)
A1(-5.2116)
(8.5454)
(2.1364)
A2(1.7573)
(9.0788)
(0.1053)
A3(-4.7932)
(7.9966)
(-6.5362)
A4(1.5419)
(8.9160)
(-3.0023)
G1(1.0860)
(-0.1410)
(0.4879)
G2(0.3837)
(-0.8077)
(0.1990)
G3(-2.3120)
(0.0825)
(-0.3741)
G4(-0.2160)
(-0.0623)
(0.1554)
A1(-5.7912)
(8.1910)
(1.3412)
A2(0.2586)
(9.2991)
(0.3400)
A3(-5.3917)
(9.3853)
(-3.0550)
A4(-0.3017)
(10.0126)
(-0.3879)
G1(0.0873)
(0.1846)
(0.6173)
G2(0.2826)
(-0.1708)
(0.2001)
G3(-1.2435)
(0.5326)
(-0.3241)
G4(-0.0117)
(-0.5300)
(0.5619)
