A1(-1.2837)
(9.4076)
(6.9503)
A2(2.9688)
(8.5760)
(-1.8914)
A3(-2.8060)
(10.8409)
(-0.5363)
A4(1.7190)
(9.1746)
(-3.8259)
G1(-2.3615)
(-0.5316)
(0.2682)
G2(-0.0069)
(0.1405)
(-0.0341)
G3(0.4768)
(-0.8237)
(0.3847)
G4(0.0947)
(-0.4252)
(0.0990)
A1(0.6562)
(7.7551)
(3.8656)
A2(3.9504)
(8.8442)
(-1.5323)
A3(-10.0030)
(7.4747)
(-7.9583)
A4(-0.5459)
(9.8450)
(-3.3758)
G1(-0.2155)
(-1.4298)
(-1.2329)
G2(-0.2027)
(0.0059)
(-0.0607)
G3(0.2565)
(-3.0118)
(1.4633)
G4(0.4906)
(-0.9046)
(0.1942)
A1(-9.4220)
(17.0525)
(9.4364)
A2(2.8443)
(10.0317)
(2.2553)
A3(11.5496)
(5.3295)
(1.9585)
A4(-0.0048)
(14.6621)
(-1.6281)
G1(1.7496)
(-3.1102)
(1.3313)
G2(-0.4438)
(-1.6639)
(0.1777)
G3(-2.3887)
(-7.9790)
(6.4077)
G4(1.7123)
(-0.8344)
(0.8407)
A1(18.4464)
(15.0886)
(-6.6534)
A2(0.6991)
(9.0501)
(0.9720)
A3(10.3382)
(-3.6775)
(15.8257)
A4(-5.3870)
(22.4911)
(-7.8673)
G1(1.3351)
(-0.6721)
(1.7363)
G2(-0.9716)
(-2.2445)
(0.3411)
G3(-1.5506)
(8.1493)
(-2.8463)
G4(3.1756)
(-2.2700)
(4.2787)
A1(11.2422)
(15.7928)
(2.0693)
A2(-0.7135)
(9.3278)
(7.5082)
A3(10.2711)
(4.9368)
(-1.7142)
A4(-36.3679)
(21.5765)
(-23.3961)
G1(0.9812)
(-4.1952)
(-0.7854)
G2(-2.7973)
(-3.7849)
(0.8157)
G3(0.0724)
(2.0476)
(-0.3842)
G4(0.8269)
(-1.0105)
(5.7825)
A1(-5.3936)
(3.1423)
(26.1057)
A2(5.0996)
(9.7827)
(20.4656)
A3(7.3215)
(13.4506)
(2.8347)
A4(-5.2864)
(-3.7589)
(-9.1028)
G1(-4.0606)
(-17.2053)
(-2.8777)
G2(-8.0115)
(-4.2111)
(-0.1979)
G3(-0.1032)
(-4.9039)
(1.1850)
G4(1.1478)
(7.4506)
(6.7887)
A1(3.0273)
(8.5837)
(7.5778)
A2(16.6014)
(8.8585)
(12.4259)
A3(7.4843)
(-7.6231)
(-1.9106)
A4(-7.1204)
(-12.5073)
(-0.1484)
G1(-2.2572)
(0.0357)
(0.4129)
G2(-4.9588)
(-8.7341)
(-0.6343)
G3(-2.9362)
(-11.0115)
(6.3524)
G4(-5.5808)
(3.6524)
(2.3152)
A1(-15.5724)
(9.1202)
(4.7182)
A2(-14.5089)
(14.8824)
(13.1154)
A3(12.5408)
(11.1522)
(3.8020)
A4(1.8627)
(10.9032)
(-65.5293)
G1(0.9062)
(-1.0695)
(-0.5608)
G2(0.2847)
(-4.5017)
(3.4662)
G3(-0.5571)
(0.8226)
(-0.8508)
G4(2.4791)
(4.7129)
(1.0967)
A1(-2.8213)
(8.6316)
(1.0442)
A2(14.5663)
(0.5363)
(2.0734)
A3(-5.4396)
(9.8162)
(-3.8786)
A4(-2.8108)
(20.0969)
(-2.7007)
G1(-0.2895)
(0.1985)
(-0.0564)
G2(0.0782)
(-0.8248)
(-0.5507)
G3(-0.9216)
(-0.3874)
(-0.2549)
G4(-4.1739)
(2.6111)
(-1.2702)
A1(-1.0825)
(10.1309)
(1.4466)
A2(-1.3455)
(5.3630)
(-13.3740)
A3(2.1691)
(7.5800)
(-5.7030)
A4(7.8051)
(-3.7110)
(-6.2106)
G1(0.0654)
(0.9136)
(0.1644)
G2(-0.0436)
(5.2168)
(-1.2781)
G3(0.0383)
(0.3970)
(-0.1644)
G4(1.9858)
(-3.8046)
(0.0346)
A1(2.0741)
(11.0985)
(2.9315)
A2(0.2682)
(-0.7470)
(2.3463)
A3(2.0494)
(9.1554)
(-2.3942)
A4(8.1020)
(-6.4117)
(-5.7796)
G1(0.2927)
(0.8955)
(0.1256)
G2(-1.6213)
(1.0749)
(-2.2205)
G3(0.0745)
(1.7315)
(-0.4981)
G4(-1.5649)
(-4.4022)
(-3.4039)
A1(-4.2057)
(8.8137)
(-0.2060)
A2(13.3309)
(5.2577)
(1.3647)
A3(2.3080)
(8.8777)
(-2.6528)
A4(-1.1779)
(3.3184)
(-10.1514)
G1(0.1772)
(0.6763)
(-0.2575)
G2(-0.8450)
(2.0199)
(-2.2301)
G3(-0.1415)
(0.4959)
(-0.1517)
G4(-2.9841)
(-2.3583)
(-1.9842)
A1(6.1265)
(9.9585)
(-0.1677)
A2(8.7963)
(6.9815)
(1.5323)
A3(-0.3160)
(9.1698)
(-2.2314)
A4(6.1052)
(6.1100)
(-7.5417)
G1(-0.2820)
(1.1595)
(0.1735)
G2(1.9534)
(4.5565)
(-2.0832)
G3(-0.0942)
(0.4704)
(0.0463)
G4(-2.2178)
(-1.8188)
(0.7891)
A1(-0.0575)
(8.1622)
(-0.7185)
A2(10.6015)
(7.5034)
(5.8897)
A3(2.6767)
(8.9783)
(-3.8451)
A4(9.1937)
(9.8689)
(-9.4236)
G1(-0.2272)
(-0.1708)
(-0.0862)
G2(1.6692)
(-0.3054)
(-2.1098)
G3(0.2506)
(-0.2421)
(0.0426)
G4(-3.1161)
(-1.5101)
(0.1293)
A1(-0.5125)
(10.5668)
(0.2587)
A2(9.6199)
(9.9838)
(-0.0239)
A3(0.6273)
(9.7205)
(-2.0063)
A4(1.3024)
(10.0365)
(-5.3008)
G1(-0.4911)
(0.6886)
(-0.0090)
G2(2.0061)
(1.3798)
(-1.9667)
G3(0.3831)
(-0.2054)
(0.0117)
G4(-2.2546)
(-0.3166)
(-0.0069)
A1(-0.8143)
(10.2363)
(0.6993)
A2(3.1412)
(8.6526)
(1.8962)
A3(0.4788)
(9.4475)
(-3.6200)
A4(2.4612)
(11.0564)
(-5.0135)
G1(-0.2219)
(0.6896)
(-0.1357)
G2(0.8168)
(0.9360)
(-0.9131)
G3(0.1862)
(-0.2230)
(-0.2198)
G4(-0.6689)
(0.4001)
(-0.1921)
A1(-1.2119)
(9.9010)
(0.0623)
A2(5.8897)
(9.4954)
(0.7518)
A3(0.4932)
(8.3366)
(-2.9305)
A4(0.4501)
(9.2512)
(-1.9010)
G1(0.0330)
(0.2176)
(-0.3336)
G2(0.0117)
(0.3246)
(-0.6412)
G3(0.0585)
(0.6103)
(-0.5146)
G4(-0.5130)
(-0.0096)
(-0.6220)
A1(-2.2034)
(10.4519)
(1.0059)
A2(5.7892)
(9.4858)
(-0.2346)
A3(1.4222)
(8.1882)
(-4.2234)
A4(1.6999)
(9.1363)
(-1.6855)
G1(0.2501)
(-0.1208)
(-0.3645)
G2(0.4619)
(-0.2661)
(-0.1963)
G3(0.0096)
(0.0426)
(-0.5864)
G4(-0.1213)
(-1.2670)
(-0.0878)
A1(-3.2812)
(8.6029)
(1.3747)
A2(4.1851)
(10.1418)
(0.7135)
A3(0.2346)
(8.9399)
(-4.1611)
A4(-1.1779)
(8.7915)
(-5.3008)
G1(0.3459)
(-0.3507)
(-0.2905)
G2(-0.1219)
(-0.1181)
(-0.6002)
G3(-0.2267)
(-0.5454)
(-0.4347)
G4(-0.3352)
(-0.0059)
(-0.4954)
A1(-8.8568)
(12.9762)
(4.2536)
A2(-0.8092)
(9.1267)
(-1.8627)
A3(-0.2538)
(8.7245)
(-3.6105)
A4(-0.3352)
(9.8354)
(-1.8866)
G1(0.5140)
(-0.4374)
(-0.5082)
G2(-0.3347)
(-0.1133)
(-0.2762)
G3(-0.2810)
(-0.3150)
(-0.3725)
G4(-0.2198)
(-0.0947)
(-0.2943)
