A1(-1.5041)
(8.9047)
(7.0557)
A2(2.4708)
(8.9112)
(-1.6472)
A3(-1.1971)
(11.3294)
(-2.7390)
A4(1.3312)
(8.9926)
(-4.8698)
G1(-4.3793)
(-2.7329)
(0.5231)
G2(-0.1415)
(-0.0468)
(-0.0138)
G3(0.2006)
(-1.2260)
(0.6795)
G4(0.1000)
(-0.0271)
(0.1548)
A1(4.2009)
(7.1132)
(4.1194)
A2(2.7054)
(8.1451)
(-1.4748)
A3(-7.6902)
(7.9296)
(-7.7955)
A4(-0.7374)
(10.3430)
(-2.7581)
G1(-0.1016)
(-2.3860)
(-0.9823)
G2(-0.8737)
(-0.6912)
(-0.1426)
G3(0.1900)
(-2.3147)
(1.4351)
G4(0.6008)
(-1.0594)
(0.3539)
A1(-9.3789)
(11.3476)
(6.5528)
A2(4.2617)
(9.0453)
(1.6233)
A3(15.9597)
(6.7900)
(6.9097)
A4(1.1779)
(14.2503)
(0.0096)
G1(1.2467)
(-2.1205)
(0.2277)
G2(-0.3826)
(-1.4138)
(0.1511)
G3(-1.6974)
(-6.3268)
(4.7087)
G4(1.8134)
(-1.6559)
(1.1260)
A1(10.8973)
(4.6655)
(-7.3910)
A2(-0.1293)
(9.7013)
(1.8818)
A3(-4.3814)
(5.5785)
(2.5762)
A4(-1.6520)
(24.8422)
(-13.2351)
G1(0.9940)
(-0.5188)
(0.8487)
G2(-0.5944)
(-2.0497)
(0.1735)
G3(0.0617)
(4.7491)
(-0.9493)
G4(4.2665)
(-0.6194)
(4.2564)
A1(-0.1772)
(9.2160)
(1.3987)
A2(-0.8954)
(10.0844)
(8.5952)
A3(0.8428)
(3.3471)
(-1.1444)
A4(-42.8179)
(21.3132)
(-22.2900)
G1(1.3500)
(-5.7197)
(-0.5954)
G2(-2.1982)
(-5.0333)
(1.5926)
G3(-0.0889)
(2.1896)
(0.5220)
G4(1.3367)
(-2.4429)
(5.8926)
A1(16.4777)
(16.1664)
(-1.2837)
A2(-0.8619)
(5.3151)
(13.5225)
A3(-0.2538)
(8.6814)
(-2.1165)
A4(-8.4467)
(-7.7189)
(-22.7593)
G1(2.1396)
(-7.3942)
(-0.9791)
G2(-6.1672)
(-3.8594)
(2.1199)
G3(-0.8870)
(-2.3775)
(0.9621)
G4(0.0239)
(3.4380)
(6.3284)
A1(9.4412)
(6.2079)
(21.5791)
A2(9.4619)
(10.1370)
(23.9229)
A3(14.8536)
(11.5688)
(-1.4174)
A4(-8.1020)
(-3.0311)
(-11.7938)
G1(-2.1934)
(-8.9650)
(1.0935)
G2(-6.7286)
(-3.8376)
(-0.3501)
G3(-1.2196)
(-5.9075)
(0.7615)
G4(1.2749)
(7.2798)
(7.1356)
A1(-9.5082)
(3.7362)
(8.2724)
A2(10.7931)
(11.2192)
(10.0892)
A3(8.5569)
(7.0294)
(19.5511)
A4(-7.0150)
(-11.8417)
(2.4660)
G1(0.1729)
(-1.3803)
(0.0458)
G2(-5.3552)
(-6.7408)
(-1.2425)
G3(-3.0623)
(-11.2579)
(4.0898)
G4(-4.5740)
(5.2259)
(4.0047)
A1(1.6765)
(7.4485)
(2.3950)
A2(-6.6032)
(12.1578)
(9.4810)
A3(-6.2441)
(7.9583)
(1.5131)
A4(-14.3461)
(6.2058)
(-74.6895)
G1(0.1618)
(-3.0416)
(-0.8296)
G2(-2.3232)
(-6.7520)
(2.9442)
G3(-0.1522)
(0.1192)
(-0.5694)
G4(-3.8796)
(1.3106)
(1.9731)
A1(-3.2189)
(4.0811)
(1.0778)
A2(0.5507)
(0.6560)
(-8.2313)
A3(1.5467)
(3.5291)
(-2.7150)
A4(9.4332)
(28.9938)
(-22.2278)
G1(-0.3480)
(1.7852)
(-0.1011)
G2(0.7178)
(2.0790)
(0.7050)
G3(-0.5816)
(-4.4038)
(0.5779)
G4(-7.5581)
(1.7900)
(0.3938)
A1(-0.2826)
(9.2544)
(0.7856)
A2(-4.0797)
(8.1403)
(-9.0788)
A3(-2.1931)
(9.2943)
(-8.3031)
A4(7.0533)
(-3.0646)
(-6.4165)
G1(-0.0208)
(-0.1266)
(-0.2517)
G2(-0.3108)
(0.3805)
(-1.3877)
G3(0.5151)
(1.8470)
(-0.6162)
G4(0.5236)
(-3.5322)
(-1.8001)
A1(-3.2285)
(10.9452)
(1.0011)
A2(-0.3256)
(3.8403)
(11.1091)
A3(3.7158)
(8.5569)
(-1.8244)
A4(6.1531)
(-2.2793)
(-6.7086)
G1(0.1974)
(1.7443)
(0.1075)
G2(0.3384)
(1.5644)
(-0.9259)
G3(0.0639)
(-0.1926)
(-0.0431)
G4(-1.6815)
(-3.8307)
(-1.4362)
A1(-1.5424)
(9.2352)
(1.2119)
A2(14.3461)
(6.0286)
(-2.0686)
A3(-0.5315)
(7.9152)
(-3.6775)
A4(1.5323)
(0.7949)
(-8.2744)
G1(-0.0032)
(0.2868)
(0.0548)
G2(0.5289)
(1.3415)
(-1.2414)
G3(-0.1144)
(0.9849)
(-0.3427)
G4(-3.2448)
(-2.6446)
(-2.2125)
A1(0.6946)
(10.1693)
(1.8729)
A2(7.6040)
(4.1515)
(2.5235)
A3(0.7374)
(9.7109)
(-2.6384)
A4(2.9401)
(2.0016)
(-9.8689)
G1(0.0043)
(1.0669)
(-0.0740)
G2(-0.1032)
(2.6850)
(-1.4484)
G3(-0.1415)
(0.0059)
(-0.0979)
G4(-3.6317)
(-0.9865)
(-1.2409)
A1(0.0192)
(9.7429)
(0.4646)
A2(9.4906)
(5.4492)
(3.7014)
A3(0.8428)
(9.3901)
(-1.4605)
A4(6.8139)
(6.5936)
(-9.5385)
G1(-0.4177)
(0.6822)
(-0.2724)
G2(0.6896)
(0.9605)
(-1.4489)
G3(0.0782)
(0.5342)
(-0.1830)
G4(-1.7022)
(-1.4782)
(0.5896)
A1(-1.6047)
(10.9069)
(-1.4993)
A2(6.2776)
(6.4883)
(6.4500)
A3(2.4086)
(9.5816)
(-1.9728)
A4(2.4900)
(9.8354)
(-9.7636)
G1(0.0090)
(0.4278)
(-0.3342)
G2(1.0626)
(1.8140)
(-1.8885)
G3(0.1783)
(0.9078)
(-0.2261)
G4(-2.7324)
(-0.9605)
(0.7881)
A1(1.3652)
(6.0354)
(-1.0586)
A2(7.6040)
(7.4699)
(3.3998)
A3(1.7526)
(9.1650)
(-2.7869)
A4(1.3264)
(9.7827)
(-3.0789)
G1(-0.7923)
(-0.3730)
(-0.3038)
G2(1.7389)
(0.5055)
(-1.7363)
G3(0.2905)
(0.2863)
(-0.1538)
G4(-1.8879)
(-2.5440)
(0.8892)
A1(-2.6154)
(11.2997)
(2.0837)
A2(6.7708)
(8.6910)
(2.4660)
A3(2.2362)
(8.8059)
(-4.0462)
A4(9.8354)
(18.6413)
(-4.8554)
G1(-0.0106)
(0.1128)
(-0.0202)
G2(1.6889)
(-1.0775)
(-1.0312)
G3(0.3640)
(0.0303)
(-0.2182)
G4(-1.2122)
(2.3727)
(-0.7971)
A1(-2.6872)
(9.6232)
(0.7377)
A2(5.5162)
(8.4228)
(2.2218)
A3(1.4988)
(8.6766)
(-5.0087)
A4(-0.1053)
(9.9742)
(-3.3567)
G1(0.0346)
(0.5364)
(-0.5587)
G2(0.1128)
(-0.2613)
(-0.6258)
G3(0.1506)
(-0.0788)
(-0.3815)
G4(-0.2975)
(-0.7263)
(-0.2645)
A1(-3.7506)
(8.6604)
(1.7771)
A2(8.1020)
(7.7333)
(-2.0399)
A3(0.1101)
(8.3366)
(-4.2473)
A4(-1.0534)
(9.4332)
(-4.5059)
G1(0.8626)
(0.6550)
(-0.2442)
G2(1.4468)
(1.4825)
(-0.2437)
G3(-0.2043)
(0.0697)
(-0.5805)
G4(-0.2065)
(-0.5880)
(-0.2086)
