A1(-1.0825)
(9.3549)
(-0.0575)
A2(2.7964)
(8.7388)
(2.3750)
A3(1.7717)
(7.8099)
(-6.3303)
A4(7.3694)
(9.1171)
(-1.3168)
G1(-0.1687)
(1.2616)
(-0.2102)
G2(0.2389)
(-0.1548)
(0.0016)
G3(-0.0112)
(0.1942)
(-0.0665)
G4(0.1660)
(1.9725)
(-0.8141)
A1(-0.6275)
(8.7275)
(-0.0144)
A2(2.9832)
(10.2951)
(2.6336)
A3(0.2155)
(10.0030)
(-4.7118)
A4(-6.7373)
(9.8210)
(0.9433)
G1(0.0404)
(1.7464)
(-0.3448)
G2(-0.5513)
(0.7971)
(0.0484)
G3(-0.1979)
(0.4826)
(-0.3884)
G4(0.4268)
(3.0815)
(-3.0197)
A1(-2.2896)
(10.4806)
(-0.0096)
A2(5.9472)
(9.5289)
(3.2465)
A3(1.8387)
(9.3853)
(-2.5091)
A4(6.3973)
(6.4356)
(1.1684)
G1(-0.0995)
(1.2451)
(-0.3086)
G2(0.0351)
(1.3595)
(0.3150)
G3(0.0341)
(0.5672)
(-0.2304)
G4(-0.1586)
(6.6855)
(-3.1890)
A1(0.1006)
(12.5068)
(1.4083)
A2(-2.2601)
(7.9104)
(8.9639)
A3(-0.7326)
(10.2280)
(-3.2896)
A4(-0.6943)
(9.9455)
(-2.2649)
G1(-0.6087)
(2.9421)
(-1.2749)
G2(-0.7237)
(-0.0851)
(0.7061)
G3(0.8317)
(0.7976)
(-0.2799)
G4(1.9720)
(1.6469)
(-1.1041)
A1(-1.9112)
(4.4212)
(11.8170)
A2(8.5473)
(3.8642)
(4.0175)
A3(-1.5275)
(17.1664)
(7.4747)
A4(0.4597)
(4.9512)
(-1.4413)
G1(-8.8852)
(3.8062)
(-1.5256)
G2(0.5577)
(3.3230)
(0.7806)
G3(2.6600)
(1.9220)
(-1.1435)
G4(-0.4810)
(-3.3640)
(-0.0952)
A1(1.0107)
(28.3666)
(-6.9312)
A2(1.9824)
(10.5297)
(10.6925)
A3(-6.3877)
(30.8469)
(2.2889)
A4(-3.5147)
(10.1514)
(-6.0573)
G1(-5.3754)
(5.4488)
(1.5527)
G2(0.0788)
(0.5731)
(0.0410)
G3(4.3867)
(1.2499)
(-1.7081)
G4(0.2086)
(1.4628)
(-1.1478)
A1(-2.1124)
(19.0452)
(13.1199)
A2(1.4700)
(1.9968)
(-0.5219)
A3(18.4401)
(24.0857)
(-20.2837)
A4(-7.0054)
(10.2568)
(-3.3615)
G1(-9.3189)
(6.0065)
(-0.2751)
G2(0.8455)
(0.2980)
(-0.1671)
G3(2.9346)
(6.6216)
(-6.3364)
G4(-0.1921)
(3.1384)
(-0.3310)
A1(-7.6305)
(10.0830)
(10.3225)
A2(-13.2064)
(14.4370)
(4.2713)
A3(25.5030)
(-2.0303)
(-16.4434)
A4(-5.4109)
(16.6541)
(2.1835)
G1(-6.4120)
(3.7961)
(0.3469)
G2(1.4356)
(5.9054)
(0.1304)
G3(-0.4060)
(-2.7558)
(-1.8023)
G4(0.4794)
(6.2411)
(-1.4218)
A1(-1.6765)
(10.7776)
(6.8498)
A2(-1.3934)
(9.1459)
(0.5028)
A3(15.4282)
(-5.7988)
(-9.5768)
A4(-6.0717)
(1.3599)
(-5.8275)
G1(-1.2707)
(8.3488)
(0.0708)
G2(1.1573)
(4.0105)
(1.0855)
G3(5.4935)
(-4.4799)
(-7.6433)
G4(-0.0649)
(7.9077)
(-3.8999)
A1(-7.4341)
(-3.7793)
(-34.6416)
A2(-8.4467)
(4.1324)
(16.0220)
A3(7.8865)
(-2.7533)
(6.5553)
A4(4.0270)
(10.9463)
(1.2641)
G1(-0.5135)
(2.8851)
(-1.7065)
G2(-0.6396)
(9.5780)
(1.7155)
G3(1.6038)
(-7.8848)
(-5.4169)
G4(-1.3782)
(-1.5272)
(0.9658)
A1(-5.3840)
(-7.9658)
(-0.8335)
A2(3.1795)
(12.2631)
(4.3862)
A3(3.1460)
(-13.0292)
(7.4412)
A4(1.0247)
(12.6174)
(5.5115)
G1(0.8477)
(3.3284)
(-1.3957)
G2(1.1504)
(12.4317)
(0.5890)
G3(-5.1418)
(-2.9021)
(-4.7975)
G4(-0.3778)
(1.1270)
(0.2331)
A1(-9.0101)
(4.5936)
(0.8143)
A2(2.9880)
(5.9280)
(3.5051)
A3(9.4475)
(47.5919)
(35.4821)
A4(2.7533)
(9.2512)
(-4.7549)
G1(-1.2462)
(-6.7850)
(2.4876)
G2(1.8369)
(-0.7721)
(-0.9025)
G3(4.7129)
(17.4357)
(2.9985)
G4(0.2240)
(-0.4762)
(0.3954)
A1(-4.0284)
(3.8512)
(-3.2476)
A2(8.2696)
(3.7733)
(4.9416)
A3(-3.5338)
(-4.9895)
(-2.6001)
A4(0.7661)
(8.6048)
(-4.2856)
G1(-0.0819)
(0.8663)
(1.7948)
G2(-0.2304)
(1.3473)
(0.1000)
G3(1.8709)
(0.7689)
(3.8509)
G4(-0.1086)
(-1.2771)
(0.4629)
A1(-8.5550)
(9.6376)
(4.2871)
A2(5.6982)
(12.7419)
(-0.4453)
A3(-6.9623)
(-8.4659)
(-4.4436)
A4(6.0525)
(12.6366)
(-0.5794)
G1(0.0575)
(-3.0160)
(2.3142)
G2(-0.3735)
(-0.9349)
(0.1469)
G3(0.1463)
(4.8130)
(1.4436)
G4(-0.1357)
(-1.7858)
(0.3773)
A1(-10.3225)
(6.1073)
(4.0045)
A2(2.5905)
(8.7293)
(1.5514)
A3(-3.3232)
(-3.9744)
(-7.5992)
A4(2.1069)
(8.6718)
(-6.2489)
G1(1.2409)
(-2.2056)
(1.8193)
G2(0.3187)
(0.1495)
(0.1011)
G3(-2.9745)
(3.6391)
(-1.4048)
G4(0.0399)
(0.2485)
(0.1112)
A1(-5.5660)
(6.3899)
(2.6297)
A2(4.6831)
(11.3581)
(2.1644)
A3(-3.5003)
(-6.0047)
(-9.8019)
A4(0.2011)
(9.1123)
(-3.8020)
G1(1.0674)
(-0.2155)
(1.4431)
G2(-0.1485)
(-1.1265)
(-0.3320)
G3(-3.8956)
(3.4311)
(-1.2116)
G4(-0.1133)
(-0.3688)
(0.2395)
A1(-7.6066)
(7.2809)
(1.7100)
A2(-0.0814)
(11.2336)
(1.2067)
A3(1.4461)
(5.0996)
(-10.9559)
A4(0.8619)
(9.1123)
(-5.0087)
G1(1.6543)
(-0.5928)
(1.6453)
G2(0.1729)
(-0.0654)
(0.1756)
G3(-3.7557)
(0.2618)
(-1.1249)
G4(-0.0452)
(-0.2810)
(0.2426)
A1(-6.2271)
(9.4747)
(-0.1102)
A2(1.1732)
(8.4898)
(0.8332)
A3(-2.0351)
(6.2393)
(-11.3485)
A4(0.5507)
(9.4140)
(-3.1556)
G1(2.4568)
(-0.0809)
(1.2361)
G2(-0.1639)
(-0.4347)
(0.1761)
G3(-3.1985)
(0.2506)
(-1.4144)
G4(-0.0851)
(0.2618)
(0.2698)
A1(-6.4091)
(7.3288)
(0.5700)
A2(2.0542)
(10.1610)
(-0.5890)
A3(2.6288)
(5.5210)
(-8.1786)
A4(0.5028)
(9.5720)
(-3.1699)
G1(1.2606)
(0.8737)
(0.8971)
G2(-0.2448)
(-0.2847)
(0.1846)
G3(-3.3363)
(1.1584)
(-0.5199)
G4(0.0032)
(-0.0724)
(0.3837)
A1(-3.2620)
(11.8027)
(-1.6047)
A2(0.0910)
(9.0884)
(2.1069)
A3(-3.9696)
(11.0421)
(-0.3496)
A4(1.6807)
(8.7340)
(-3.2801)
G1(1.1978)
(-2.2460)
(1.1909)
G2(-0.0750)
(-0.2469)
(0.4954)
G3(-1.9332)
(0.7407)
(-0.4592)
G4(0.1969)
(0.3751)
(0.4331)
