A1(-2.6489)
(6.6582)
(3.6548)
A2(2.8539)
(8.8873)
(-0.1628)
A3(-2.9353)
(9.8114)
(-2.6480)
A4(-0.3448)
(8.4611)
(-4.9895)
G1(-1.2361)
(-1.1169)
(-0.6082)
G2(-0.1048)
(0.0974)
(-0.0527)
G3(0.4156)
(-1.0009)
(0.6396)
G4(0.4720)
(0.0479)
(-0.0894)
A1(0.3784)
(6.8402)
(4.5889)
A2(3.2513)
(8.1068)
(0.7997)
A3(-2.4612)
(9.4092)
(-2.4517)
A4(-1.4461)
(7.8003)
(-7.0629)
G1(0.1080)
(-2.5350)
(-1.4404)
G2(-0.5087)
(-0.0543)
(0.1064)
G3(0.3139)
(-2.0848)
(1.5990)
G4(0.5726)
(-0.4933)
(0.4411)
A1(0.9820)
(7.3431)
(11.6015)
A2(2.4660)
(7.8769)
(2.3272)
A3(9.8976)
(6.8953)
(-0.8332)
A4(-3.4429)
(7.2736)
(-8.1738)
G1(0.1096)
(-4.1638)
(-0.0293)
G2(-1.1031)
(-0.7806)
(0.0325)
G3(-0.5582)
(-4.0967)
(3.7658)
G4(0.3278)
(-0.5763)
(0.8328)
A1(-11.2901)
(9.0388)
(11.0506)
A2(1.4796)
(9.2943)
(2.9688)
A3(-12.6318)
(5.8371)
(-10.9942)
A4(-4.6304)
(29.4870)
(1.7047)
G1(2.1742)
(-0.6470)
(-1.0275)
G2(-0.4454)
(-3.1443)
(0.1506)
G3(-0.6130)
(-6.3109)
(2.9947)
G4(2.4647)
(-2.6728)
(3.4476)
A1(-4.8906)
(6.0594)
(4.6176)
A2(0.8140)
(9.0549)
(5.7940)
A3(-4.4484)
(-6.2393)
(-16.1321)
A4(-9.7205)
(20.6476)
(-5.9951)
G1(2.0742)
(-5.8511)
(-1.3356)
G2(0.2485)
(-2.9005)
(0.0138)
G3(0.8301)
(-2.5781)
(1.6229)
G4(2.0449)
(-5.3669)
(9.5770)
A1(7.9371)
(13.3403)
(2.8070)
A2(6.0094)
(8.5665)
(12.7707)
A3(10.6734)
(14.5951)
(-3.9840)
A4(-30.4303)
(22.1990)
(-24.2197)
G1(2.1146)
(-5.2307)
(-1.1291)
G2(-3.1118)
(-5.9043)
(1.7969)
G3(-0.1064)
(-1.4042)
(0.0511)
G4(0.3991)
(-3.6130)
(7.3761)
A1(11.4099)
(5.7480)
(10.0878)
A2(8.4467)
(11.1809)
(6.9240)
A3(9.2129)
(8.9735)
(-3.5913)
A4(-6.7804)
(-2.9257)
(-17.4633)
G1(-0.8242)
(-8.7612)
(-1.3952)
G2(-7.5842)
(-9.2880)
(-1.7576)
G3(-0.6534)
(-2.0438)
(0.4108)
G4(2.4876)
(5.9464)
(8.2807)
A1(4.0476)
(5.5756)
(13.0481)
A2(-4.5777)
(13.9103)
(22.6875)
A3(8.3701)
(12.4355)
(-0.8475)
A4(-6.9576)
(-3.6536)
(-9.9886)
G1(-1.3792)
(-11.5836)
(-1.5442)
G2(-7.2867)
(-7.0271)
(1.1808)
G3(-0.5140)
(-5.6473)
(1.4197)
G4(1.9465)
(8.0530)
(6.9930)
A1(3.6404)
(7.1228)
(11.3668)
A2(14.1449)
(7.8386)
(8.8059)
A3(12.1530)
(-4.6687)
(-0.9577)
A4(-3.7733)
(-9.7300)
(-0.7230)
G1(-0.4454)
(-0.5880)
(-0.7822)
G2(-5.3610)
(-6.4269)
(-0.1447)
G3(-3.2549)
(-10.4895)
(5.6425)
G4(-4.8412)
(3.0447)
(3.1528)
A1(-12.7367)
(3.2285)
(3.4440)
A2(-4.8937)
(16.2949)
(10.5249)
A3(15.7155)
(12.0955)
(4.0031)
A4(-12.8329)
(71.7877)
(-46.3087)
G1(0.3336)
(-2.0470)
(-0.1815)
G2(-0.7758)
(-6.4040)
(2.8298)
G3(-1.1675)
(-0.7396)
(-0.1570)
G4(3.6875)
(0.8083)
(1.7038)
A1(-2.9363)
(12.4685)
(1.5041)
A2(-6.6080)
(5.9472)
(-12.4068)
A3(-15.9262)
(15.4187)
(2.5139)
A4(-3.3950)
(-23.3578)
(4.7118)
G1(-0.5231)
(1.9374)
(-0.0452)
G2(0.4411)
(-3.0969)
(2.4099)
G3(-1.3675)
(-1.8964)
(0.1681)
G4(0.0000)
(2.9224)
(-7.0686)
A1(-3.5063)
(9.0628)
(0.8766)
A2(2.4421)
(6.2345)
(-3.2609)
A3(0.4070)
(11.8848)
(2.8587)
A4(7.8386)
(-6.4596)
(-1.8387)
G1(0.0255)
(-0.4544)
(-0.1846)
G2(-0.9174)
(-0.0729)
(0.4337)
G3(0.5901)
(2.3120)
(-0.7386)
G4(1.4926)
(-2.1481)
(-0.7396)
A1(-1.4226)
(9.6136)
(0.5317)
A2(18.9764)
(-1.4269)
(1.9920)
A3(1.4269)
(8.4324)
(-5.0661)
A4(8.5138)
(-4.6448)
(-4.8171)
G1(0.0803)
(0.1362)
(-0.1719)
G2(-0.9275)
(-1.1350)
(-0.1203)
G3(0.1219)
(0.3230)
(-0.0782)
G4(0.9280)
(-2.5451)
(-1.8528)
A1(-1.2263)
(10.1309)
(0.5173)
A2(-2.3655)
(1.6424)
(4.9752)
A3(1.2785)
(8.7771)
(-3.2992)
A4(8.5377)
(-6.5410)
(-5.8897)
G1(0.1958)
(0.1197)
(0.0080)
G2(-1.3441)
(-0.6359)
(-1.6607)
G3(0.0846)
(0.4150)
(-0.1527)
G4(-0.7098)
(-3.8770)
(-1.6974)
A1(-1.5280)
(9.1011)
(0.0623)
A2(14.4993)
(4.5107)
(-1.9968)
A3(1.3599)
(9.3326)
(-4.0893)
A4(5.6360)
(-3.6488)
(-8.7867)
G1(0.3379)
(1.1201)
(-0.1953)
G2(-0.4629)
(2.2200)
(-2.0965)
G3(-0.0654)
(-0.0984)
(-0.0601)
G4(-3.2432)
(-3.2736)
(-1.2537)
A1(-0.7999)
(9.0340)
(-0.2108)
A2(8.7053)
(3.8451)
(0.2777)
A3(0.6847)
(8.7149)
(-3.5578)
A4(2.6193)
(1.2498)
(-9.2512)
G1(0.2299)
(1.5266)
(0.0043)
G2(-0.4097)
(0.8030)
(-1.8959)
G3(-0.0968)
(-0.2905)
(-0.0362)
G4(-3.5412)
(-1.7432)
(-1.6671)
A1(-1.1209)
(9.9633)
(0.0335)
A2(9.5624)
(5.3582)
(0.2298)
A3(0.2251)
(9.6199)
(-2.6576)
A4(3.5817)
(5.1667)
(-9.8210)
G1(-0.4289)
(0.8583)
(-0.1767)
G2(0.0952)
(1.3941)
(-1.9853)
G3(-0.0341)
(0.3704)
(-0.2251)
G4(-2.7829)
(-0.3203)
(-0.3523)
A1(-0.0527)
(9.4939)
(0.5125)
A2(8.9543)
(7.0342)
(1.6472)
A3(1.1971)
(8.4755)
(-3.9265)
A4(4.3958)
(7.2832)
(-10.1801)
G1(-0.0867)
(1.0105)
(-0.4459)
G2(1.1201)
(1.7459)
(-2.0018)
G3(0.0287)
(0.4475)
(-0.2235)
G4(-3.0996)
(-0.8163)
(0.2852)
A1(0.0335)
(9.3885)
(0.3976)
A2(5.4779)
(6.8187)
(3.7589)
A3(2.1691)
(9.7157)
(-2.4612)
A4(4.9943)
(12.1386)
(-7.0294)
G1(-0.4613)
(0.5577)
(-0.2692)
G2(1.3255)
(0.7753)
(-1.7001)
G3(0.1197)
(0.4055)
(-0.2336)
G4(-1.8267)
(-1.1275)
(-0.0325)
A1(-1.2550)
(9.6950)
(1.3077)
A2(6.4787)
(8.5042)
(2.6719)
A3(0.9098)
(8.9926)
(-3.3615)
A4(3.1603)
(8.7628)
(-3.3088)
G1(-0.1027)
(0.2996)
(-0.4837)
G2(2.1109)
(-0.2682)
(-1.3580)
G3(0.1437)
(0.0607)
(-0.2235)
G4(-1.8060)
(-0.1298)
(-0.1309)
