A1(-0.2060)
(8.2724)
(7.5299)
A2(2.5331)
(8.7819)
(0.1772)
A3(-1.8531)
(11.1187)
(-0.6512)
A4(1.0965)
(8.5808)
(-5.4157)
G1(-1.6618)
(-1.6996)
(-0.5209)
G2(-0.1713)
(0.1830)
(0.0245)
G3(0.6513)
(-0.4390)
(0.3358)
G4(0.2086)
(-0.4848)
(0.1277)
A1(-5.4750)
(7.0797)
(3.1902)
A2(2.1021)
(9.1171)
(0.7949)
A3(-3.5386)
(8.7293)
(-4.7980)
A4(-0.0958)
(8.2552)
(-5.6599)
G1(-1.4857)
(-4.2000)
(-1.6852)
G2(-0.2022)
(0.2123)
(0.0021)
G3(0.6087)
(-1.4181)
(1.2361)
G4(0.2501)
(-0.0958)
(0.1442)
A1(0.4598)
(6.9791)
(10.8207)
A2(3.4093)
(9.3518)
(-0.0048)
A3(25.1774)
(5.5258)
(5.1284)
A4(1.6089)
(11.6262)
(-3.2609)
G1(0.6034)
(-4.2079)
(-0.6093)
G2(-0.2607)
(-1.0408)
(-0.0021)
G3(-2.6834)
(-4.4889)
(5.4031)
G4(0.7721)
(-1.6788)
(1.0855)
A1(-8.1670)
(12.5786)
(7.2617)
A2(1.6712)
(10.3908)
(1.8962)
A3(2.2266)
(9.0405)
(5.4923)
A4(0.8715)
(20.6811)
(5.5976)
G1(3.0932)
(-1.8698)
(0.8471)
G2(-0.1341)
(-2.9974)
(0.2128)
G3(-3.1964)
(-9.7217)
(6.6370)
G4(1.9337)
(-2.5600)
(2.5520)
A1(-4.8810)
(9.9010)
(4.7852)
A2(-0.9673)
(9.7540)
(4.1228)
A3(-15.2463)
(-0.2969)
(-19.5271)
A4(-4.8602)
(30.3824)
(8.0732)
G1(0.8237)
(0.2948)
(-0.7120)
G2(0.6976)
(-2.2838)
(0.4023)
G3(-0.3150)
(-2.4419)
(2.4424)
G4(3.1645)
(-2.0407)
(3.3289)
A1(-3.4967)
(7.0988)
(3.4201)
A2(3.5338)
(8.1307)
(7.8243)
A3(13.1633)
(6.4931)
(-27.5668)
A4(-17.6932)
(33.5571)
(-21.1264)
G1(1.9630)
(-6.3375)
(-0.5151)
G2(-0.6274)
(-4.2761)
(1.3835)
G3(1.1291)
(0.6407)
(1.4335)
G4(2.7388)
(-3.7546)
(9.6318)
A1(10.4567)
(16.6454)
(3.3003)
A2(-4.9799)
(6.7947)
(12.3397)
A3(6.2680)
(11.0421)
(-11.9854)
A4(-29.5014)
(-2.2505)
(-20.8439)
G1(1.3415)
(-5.6702)
(-0.8892)
G2(-3.7072)
(-3.0150)
(1.0786)
G3(-0.3970)
(0.1415)
(0.0564)
G4(0.9961)
(1.5123)
(5.8298)
A1(7.4533)
(6.8833)
(13.6085)
A2(5.6072)
(13.0245)
(10.8074)
A3(8.3893)
(11.8561)
(-2.5857)
A4(-10.1514)
(-2.6145)
(-15.1649)
G1(-1.1999)
(-10.1048)
(-1.3372)
G2(-6.6035)
(-7.9790)
(-0.1692)
G3(-0.4890)
(-2.3317)
(0.1341)
G4(1.0876)
(6.0368)
(8.6825)
A1(-9.0484)
(8.2341)
(15.3425)
A2(-3.8642)
(16.0172)
(20.9876)
A3(4.6639)
(14.8441)
(4.5011)
A4(-5.2194)
(-5.2289)
(-5.3343)
G1(0.5555)
(-5.8181)
(-3.1336)
G2(-8.3691)
(-3.9451)
(1.6533)
G3(-0.3315)
(-6.5753)
(1.8964)
G4(1.4841)
(7.8811)
(5.5936)
A1(1.6861)
(3.6021)
(17.7088)
A2(10.9702)
(17.8560)
(12.1530)
A3(10.2759)
(7.4843)
(-2.3942)
A4(-2.5043)
(-6.0047)
(1.3743)
G1(0.3874)
(-3.6306)
(-1.1595)
G2(-6.4598)
(-5.3366)
(-1.7368)
G3(-1.1914)
(-10.0649)
(4.1308)
G4(-1.7948)
(6.6775)
(2.5653)
A1(-2.6633)
(7.7359)
(-5.2978)
A2(-3.4716)
(11.1713)
(11.2719)
A3(-9.0214)
(13.2639)
(4.5969)
A4(8.8729)
(17.1712)
(-6.8522)
G1(0.1740)
(-0.7066)
(-0.0660)
G2(-2.4600)
(-8.8528)
(2.0593)
G3(-1.6256)
(-3.0320)
(0.9009)
G4(-6.0161)
(-1.6458)
(6.5711)
A1(-7.3000)
(4.8619)
(0.5556)
A2(-8.1499)
(9.4044)
(6.0047)
A3(5.8419)
(10.9559)
(3.4764)
A4(-43.9384)
(41.8842)
(40.5626)
G1(0.9637)
(-1.8906)
(-0.4502)
G2(0.8402)
(-3.8690)
(2.3631)
G3(-0.4470)
(0.9216)
(-0.6662)
G4(8.2908)
(-17.4363)
(2.2253)
A1(-4.2919)
(6.1600)
(3.4009)
A2(-6.6702)
(6.8139)
(-17.2670)
A3(-3.5530)
(6.1962)
(-8.0206)
A4(16.3189)
(-11.6406)
(11.4586)
G1(0.5140)
(0.5114)
(-0.0580)
G2(1.0594)
(-2.4488)
(2.5893)
G3(-1.2106)
(-2.1998)
(0.2863)
G4(-5.8458)
(7.0526)
(-15.1790)
A1(3.0465)
(12.4110)
(1.7436)
A2(3.6392)
(4.3335)
(15.5910)
A3(-9.6391)
(20.6141)
(4.2952)
A4(7.5992)
(-12.5935)
(-1.6903)
G1(-0.6997)
(0.8077)
(0.0628)
G2(-1.1855)
(-4.0334)
(-0.4220)
G3(-0.0282)
(1.7570)
(0.2964)
G4(0.8642)
(-2.9192)
(0.0899)
A1(-3.7746)
(9.5705)
(2.0837)
A2(-4.7357)
(4.1851)
(-17.8464)
A3(1.1013)
(4.8171)
(-4.2952)
A4(5.8562)
(-5.5402)
(-7.3598)
G1(-0.0947)
(0.3315)
(-0.0154)
G2(-1.6485)
(-0.0431)
(-2.1258)
G3(0.3320)
(1.4910)
(-0.1852)
G4(0.9131)
(-3.6349)
(-3.1182)
A1(0.0144)
(10.9500)
(0.0910)
A2(-4.8650)
(4.7357)
(5.7365)
A3(-0.1532)
(8.8394)
(-3.6823)
A4(5.7988)
(-3.9361)
(-7.1491)
G1(0.2277)
(1.3292)
(0.2948)
G2(-2.0534)
(1.0892)
(-1.5607)
G3(0.1788)
(0.8216)
(-0.2501)
G4(-2.4467)
(-4.5384)
(-1.9688)
A1(-2.5052)
(8.4161)
(0.0431)
A2(12.1578)
(7.8578)
(0.0622)
A3(3.5721)
(8.7580)
(-3.6536)
A4(2.6432)
(-4.5633)
(-8.3175)
G1(0.2756)
(0.6178)
(0.0479)
G2(-0.3368)
(6.1172)
(-3.0384)
G3(0.2144)
(0.6359)
(-0.2543)
G4(-4.1409)
(-4.1255)
(-2.7037)
A1(-0.5173)
(9.7094)
(1.4897)
A2(16.5535)
(5.3917)
(-3.8595)
A3(2.1835)
(8.6718)
(-3.5003)
A4(-3.0071)
(1.4365)
(-11.3820)
G1(0.0649)
(1.8810)
(-0.1948)
G2(-0.3794)
(1.2366)
(-1.8714)
G3(-0.1373)
(0.0899)
(-0.2171)
G4(-4.1909)
(-1.3101)
(-1.8001)
A1(0.2060)
(9.6184)
(1.2550)
A2(5.1667)
(7.6998)
(3.3902)
A3(1.6712)
(8.7915)
(-2.9257)
A4(2.6288)
(4.2856)
(-10.8074)
G1(0.3959)
(1.3681)
(-0.2485)
G2(-0.1447)
(2.6457)
(-1.8539)
G3(-0.1107)
(0.2559)
(-0.3374)
G4(-3.7961)
(-0.3837)
(-0.8019)
A1(-0.0527)
(8.7370)
(3.1231)
A2(9.7971)
(7.7620)
(0.5698)
A3(0.6225)
(9.5816)
(-2.5331)
A4(3.9792)
(6.1866)
(-10.7883)
G1(-0.2054)
(1.3351)
(-0.2033)
G2(0.6412)
(2.2285)
(-1.8821)
G3(-0.1506)
(0.2900)
(-0.2448)
G4(-3.7493)
(0.0080)
(-0.1309)
