A1(-2.0597)
(8.5215)
(-1.3029)
A2(3.1412)
(8.8346)
(3.0837)
A3(0.9864)
(7.5944)
(-6.4069)
A4(3.6057)
(8.9399)
(-3.4141)
G1(-0.5263)
(-0.0122)
(0.2804)
G2(0.0426)
(0.1091)
(0.1293)
G3(0.0245)
(0.3124)
(0.0043)
G4(-0.0341)
(-0.0516)
(0.1139)
A1(-3.6021)
(12.0661)
(-2.0214)
A2(3.5147)
(8.7580)
(3.0981)
A3(0.5650)
(7.7716)
(-5.6647)
A4(3.3567)
(9.8402)
(-4.2234)
G1(-0.0420)
(0.1900)
(-0.0096)
G2(-0.1591)
(0.1623)
(-0.1336)
G3(0.0250)
(0.0803)
(0.0761)
G4(-0.0894)
(1.0999)
(-0.3714)
A1(-4.3302)
(10.0926)
(-3.6308)
A2(3.1364)
(8.5856)
(2.5809)
A3(2.6528)
(7.8769)
(-6.9145)
A4(9.3087)
(7.8961)
(-2.9401)
G1(0.5843)
(1.5245)
(-0.3060)
G2(-0.1298)
(-0.0905)
(-0.0410)
G3(-0.0585)
(-0.2352)
(0.0431)
G4(-0.0921)
(2.8330)
(-1.5516)
A1(1.5520)
(8.0521)
(-0.5125)
A2(3.7062)
(10.9415)
(1.8100)
A3(1.7047)
(7.5848)
(-7.4651)
A4(-0.3879)
(9.1219)
(2.7007)
G1(0.3475)
(2.4137)
(-0.2820)
G2(-0.2123)
(0.7849)
(0.0229)
G3(-0.3395)
(0.4145)
(-0.5688)
G4(1.1201)
(6.8776)
(-3.9797)
A1(-1.3987)
(10.2124)
(1.9783)
A2(7.2880)
(7.9535)
(4.4005)
A3(-0.4501)
(8.1834)
(-4.2665)
A4(4.1324)
(3.2848)
(0.0910)
G1(0.6524)
(0.9956)
(-0.8753)
G2(-0.0452)
(1.3250)
(0.8386)
G3(-0.2240)
(0.9493)
(-0.6497)
G4(-0.5204)
(5.7090)
(-3.1799)
A1(0.2587)
(10.5525)
(4.1386)
A2(-4.9560)
(6.0142)
(7.2449)
A3(-2.3032)
(14.3796)
(-0.9577)
A4(0.1149)
(9.3278)
(-5.8275)
G1(-2.4594)
(2.9346)
(-1.5825)
G2(-0.2437)
(1.4617)
(1.1877)
G3(0.7253)
(1.2451)
(-0.7460)
G4(0.7865)
(-0.9062)
(0.0064)
A1(-3.4919)
(2.6633)
(5.9875)
A2(6.8809)
(5.8658)
(6.2297)
A3(-4.1324)
(17.6070)
(6.0861)
A4(-3.8930)
(5.7940)
(-8.1642)
G1(-6.7765)
(3.9685)
(-0.3022)
G2(-0.2831)
(4.3229)
(0.0314)
G3(2.2237)
(2.4701)
(-1.2595)
G4(-1.7145)
(-2.0273)
(0.4832)
A1(-5.6043)
(11.2614)
(16.1664)
A2(7.6950)
(14.6717)
(13.0340)
A3(-2.6624)
(17.0563)
(-9.7396)
A4(-2.8922)
(9.9216)
(-6.3303)
G1(-6.8579)
(3.8977)
(0.6263)
G2(2.1577)
(0.3145)
(-1.4069)
G3(4.1446)
(4.3633)
(-4.1766)
G4(1.1371)
(2.8798)
(-0.6103)
A1(1.0538)
(14.0013)
(13.6995)
A2(-0.4884)
(1.4461)
(0.7278)
A3(20.6763)
(20.1257)
(-10.6350)
A4(-4.9656)
(9.5816)
(-2.3320)
G1(-8.0791)
(4.9433)
(-0.6061)
G2(0.7364)
(1.5447)
(-0.5859)
G3(4.6751)
(5.5382)
(-5.0684)
G4(0.3592)
(2.0140)
(-0.1761)
A1(-0.9676)
(13.0097)
(13.4696)
A2(0.7566)
(11.3054)
(3.3902)
A3(11.2240)
(-1.8052)
(-18.7274)
A4(1.3503)
(8.2744)
(-1.0343)
G1(-4.6235)
(8.0961)
(-1.2680)
G2(1.9358)
(4.9066)
(0.8519)
G3(1.7017)
(-2.5398)
(-3.9451)
G4(0.0144)
(6.0320)
(-1.7709)
A1(-1.8346)
(12.7319)
(3.1087)
A2(-2.0063)
(8.3510)
(3.7254)
A3(11.4491)
(-4.1132)
(-15.2080)
A4(-1.4222)
(14.7483)
(-0.1532)
G1(-1.4436)
(6.1358)
(-1.7842)
G2(0.9301)
(4.8513)
(0.2895)
G3(3.6024)
(-3.4907)
(-8.4281)
G4(0.4347)
(2.8601)
(-1.1951)
A1(-19.9361)
(0.7089)
(-18.3554)
A2(-5.8754)
(5.1380)
(18.8280)
A3(6.1004)
(-4.9752)
(2.8635)
A4(0.1437)
(2.0063)
(-6.3159)
G1(-0.0777)
(1.3005)
(-2.3243)
G2(0.6396)
(8.9837)
(1.0717)
G3(1.9135)
(-7.4012)
(-5.7383)
G4(0.1176)
(-0.4566)
(0.9562)
A1(1.1592)
(-4.0572)
(11.0889)
A2(9.2943)
(8.3797)
(1.2163)
A3(0.1245)
(-15.1074)
(4.7884)
A4(-10.4483)
(10.0892)
(-6.5027)
G1(1.7943)
(4.1398)
(-2.3679)
G2(0.6109)
(5.4334)
(1.1073)
G3(-2.5770)
(-3.9563)
(-4.6858)
G4(-0.3517)
(0.6470)
(-0.1032)
A1(-4.5218)
(6.9360)
(4.5457)
A2(12.5696)
(3.4141)
(1.4844)
A3(-23.1376)
(44.3550)
(-21.6053)
A4(10.5919)
(10.7069)
(-2.8156)
G1(-1.4234)
(-9.2098)
(1.8847)
G2(0.0585)
(2.1598)
(1.6927)
G3(3.9600)
(2.7516)
(-4.5554)
G4(-0.4166)
(-0.8966)
(0.7524)
A1(-11.2997)
(3.2093)
(-2.6154)
A2(-5.5689)
(14.5903)
(1.7430)
A3(34.4095)
(-48.3629)
(1.4222)
A4(-1.9010)
(8.1163)
(-3.4668)
G1(-0.9078)
(4.1335)
(1.6613)
G2(-0.0436)
(-1.7751)
(-0.0729)
G3(-1.9278)
(-3.6141)
(7.3442)
G4(0.0851)
(0.4033)
(0.0447)
A1(-7.5539)
(5.2738)
(0.9388)
A2(8.9878)
(5.8802)
(2.7725)
A3(-9.4523)
(-12.9431)
(-2.3224)
A4(0.9481)
(9.7348)
(-4.7166)
G1(0.6369)
(-4.7310)
(2.5525)
G2(0.5518)
(-1.2696)
(0.2001)
G3(2.6691)
(3.5396)
(2.5345)
G4(-0.1325)
(-0.3453)
(0.3709)
A1(-12.5451)
(4.9864)
(-2.3806)
A2(-1.5227)
(9.5960)
(4.0510)
A3(-0.7278)
(-3.8068)
(-3.0694)
A4(1.4988)
(10.8984)
(-3.8499)
G1(-0.2086)
(-0.2613)
(2.6233)
G2(0.2309)
(-0.8131)
(-0.0793)
G3(-0.9009)
(4.3160)
(0.2975)
G4(-0.2139)
(-0.4608)
(0.2336)
A1(-7.3767)
(5.5229)
(-2.3663)
A2(4.2856)
(11.8657)
(1.4078)
A3(-5.4444)
(-3.8211)
(-9.9455)
A4(0.8523)
(8.2696)
(-3.6344)
G1(1.3782)
(-3.1256)
(1.8565)
G2(0.3299)
(-0.6800)
(0.0484)
G3(-2.7686)
(3.0772)
(-0.5172)
G4(-0.2283)
(-0.1974)
(0.1160)
A1(-5.7624)
(7.6593)
(4.4739)
A2(1.7478)
(10.0221)
(2.2889)
A3(-4.3670)
(-5.6982)
(-8.6143)
A4(1.4317)
(9.5193)
(-3.5626)
G1(1.8842)
(-1.3170)
(1.5687)
G2(0.1979)
(-1.1265)
(-0.1830)
G3(-4.1457)
(3.0772)
(-0.7966)
G4(-0.1149)
(0.2937)
(0.0197)
A1(-5.1972)
(8.4113)
(3.0992)
A2(2.9401)
(8.1451)
(0.9385)
A3(-1.5323)
(6.1196)
(-13.7762)
A4(1.0104)
(9.4236)
(-3.0406)
G1(2.5222)
(-0.5273)
(1.1733)
G2(0.0628)
(-0.5039)
(0.0410)
G3(-4.4793)
(-0.4677)
(-0.2959)
G4(-0.1043)
(-0.3986)
(0.2836)
