A1(-2.8884)
(8.9478)
(3.2860)
A2(3.3184)
(8.9447)
(2.5331)
A3(-1.9441)
(9.2177)
(-2.6480)
A4(0.3256)
(7.6806)
(-6.7947)
G1(-0.2847)
(0.1580)
(0.0926)
G2(0.0458)
(-0.1453)
(0.0351)
G3(0.2613)
(0.3437)
(-0.1564)
G4(0.2033)
(0.1527)
(-0.0942)
A1(-4.3158)
(8.6221)
(1.6478)
A2(2.1069)
(9.2656)
(1.1396)
A3(-1.1061)
(8.9064)
(-3.7733)
A4(0.4549)
(7.4412)
(-7.0246)
G1(-0.1431)
(0.0772)
(0.0080)
G2(-0.1639)
(0.1144)
(-0.0857)
G3(0.2166)
(0.2831)
(-0.0681)
G4(0.1607)
(0.1011)
(-0.1000)
A1(-3.9087)
(8.4592)
(2.0693)
A2(2.9928)
(9.1650)
(1.2402)
A3(-1.0439)
(8.4515)
(-3.7589)
A4(0.2586)
(7.6231)
(-6.7947)
G1(-0.3374)
(0.0995)
(0.1080)
G2(-0.0495)
(0.1793)
(-0.0245)
G3(0.1894)
(0.0537)
(-0.0303)
G4(0.1314)
(0.0500)
(-0.1644)
A1(-3.5782)
(7.7551)
(2.4285)
A2(2.9305)
(8.7580)
(1.2354)
A3(-1.1875)
(8.9208)
(-4.4245)
A4(-0.4693)
(7.7381)
(-6.7804)
G1(-0.2591)
(-1.3611)
(-0.3911)
G2(-0.0468)
(0.2341)
(-0.0436)
G3(0.2416)
(-0.0580)
(0.2011)
G4(0.1559)
(-0.2687)
(0.1830)
A1(-5.2164)
(6.5719)
(3.8033)
A2(3.1316)
(9.2608)
(1.7717)
A3(-2.5139)
(8.2935)
(-5.0757)
A4(0.1053)
(7.7764)
(-6.5649)
G1(-0.6412)
(-0.9796)
(-0.9754)
G2(-0.0654)
(-0.1485)
(0.0569)
G3(0.0825)
(-1.4202)
(0.9887)
G4(0.2054)
(-0.2224)
(0.3922)
A1(0.9101)
(8.1574)
(4.9864)
A2(1.8292)
(9.1075)
(1.8914)
A3(-1.9154)
(8.4132)
(-4.5298)
A4(-0.1149)
(7.0437)
(-8.8825)
G1(0.3927)
(-2.1162)
(-1.0222)
G2(-0.1548)
(-1.4117)
(-0.2182)
G3(-0.0479)
(-2.3397)
(1.9135)
G4(0.2182)
(0.2804)
(0.2895)
A1(-8.1335)
(3.1662)
(6.8019)
A2(1.7142)
(9.9216)
(1.8100)
A3(8.5904)
(10.7500)
(5.3582)
A4(5.5545)
(12.9526)
(-7.1826)
G1(1.4282)
(-2.4211)
(-0.0027)
G2(-0.1266)
(-1.3409)
(0.1304)
G3(-3.5077)
(-8.2073)
(4.8736)
G4(1.0743)
(-1.6517)
(2.1987)
A1(6.2223)
(17.1388)
(0.2108)
A2(3.9792)
(8.9591)
(3.4907)
A3(8.3845)
(6.0573)
(-6.2058)
A4(-3.5674)
(20.3699)
(-5.0661)
G1(1.3909)
(-2.1545)
(0.2203)
G2(0.6619)
(-1.9603)
(0.3150)
G3(2.0774)
(0.1330)
(-0.8338)
G4(2.0470)
(-2.1843)
(3.3284)
A1(9.5897)
(15.3185)
(2.3471)
A2(1.2115)
(11.9519)
(5.9664)
A3(-7.3885)
(10.9223)
(-9.1411)
A4(-24.4352)
(20.2358)
(-18.5120)
G1(1.5346)
(-4.1648)
(-1.6304)
G2(-0.3006)
(-3.1320)
(0.7694)
G3(0.2288)
(-0.3757)
(0.2868)
G4(1.4926)
(-2.1753)
(6.7222)
A1(9.5082)
(13.0624)
(8.7418)
A2(0.0575)
(15.0069)
(4.8602)
A3(9.8833)
(7.7189)
(-4.5394)
A4(-8.8250)
(0.7853)
(-23.6068)
G1(1.0695)
(-7.3187)
(-2.3807)
G2(-7.4219)
(-8.6346)
(-1.7858)
G3(-0.7790)
(-1.9603)
(0.5465)
G4(1.0217)
(3.7110)
(7.0037)
A1(-3.7841)
(0.9963)
(-2.8501)
A2(-1.0965)
(18.8711)
(19.8862)
A3(19.7857)
(12.8808)
(3.7254)
A4(-5.6024)
(-5.8131)
(-11.6789)
G1(1.6788)
(-5.9549)
(-1.5139)
G2(-7.8210)
(-3.9914)
(0.4246)
G3(-1.7469)
(-8.7644)
(3.6849)
G4(-0.2607)
(7.7098)
(5.3850)
A1(0.6850)
(27.6098)
(0.3880)
A2(5.9041)
(8.9639)
(14.6477)
A3(-4.0654)
(1.7717)
(-0.8523)
A4(-7.2449)
(-5.1380)
(2.1500)
G1(-0.4534)
(-3.2661)
(-0.9631)
G2(-4.7954)
(-9.0448)
(1.1808)
G3(-2.8271)
(-4.2691)
(1.1063)
G4(-3.6359)
(3.9148)
(3.2959)
A1(-5.7385)
(3.8416)
(4.2296)
A2(-10.6446)
(7.0725)
(-4.2473)
A3(-3.9696)
(17.7123)
(1.3360)
A4(-1.5993)
(46.3853)
(-82.4036)
G1(0.3565)
(-0.6236)
(-1.1440)
G2(-0.8769)
(-2.2221)
(4.4958)
G3(-1.4399)
(-5.7069)
(0.7231)
G4(10.2405)
(8.1025)
(3.8945)
A1(-3.4249)
(6.4043)
(3.0417)
A2(18.8328)
(5.6503)
(-2.7246)
A3(-7.4939)
(13.7667)
(4.2138)
A4(5.7126)
(6.0094)
(-5.4684)
G1(-0.8759)
(-0.7199)
(-0.0559)
G2(0.4890)
(-2.5946)
(1.3643)
G3(-0.4012)
(-0.3469)
(-0.2315)
G4(-6.0469)
(4.1170)
(-4.9061)
A1(-4.2727)
(10.5429)
(4.8810)
A2(-0.3926)
(2.6911)
(-3.4429)
A3(0.9768)
(7.4268)
(-3.8978)
A4(5.7413)
(-1.7765)
(0.6273)
G1(-0.5183)
(1.3830)
(0.0772)
G2(-2.2296)
(6.1613)
(-2.0912)
G3(0.5656)
(0.8695)
(0.0692)
G4(1.7028)
(-2.3445)
(1.9273)
A1(-5.5469)
(15.6682)
(1.4945)
A2(0.1580)
(-2.5043)
(4.3718)
A3(6.8761)
(4.6304)
(-6.6894)
A4(8.8298)
(-7.2592)
(-2.2458)
G1(1.5820)
(1.5006)
(0.0208)
G2(0.6492)
(-2.0050)
(-0.0921)
G3(0.9743)
(1.6038)
(-0.4869)
G4(-1.1701)
(-3.9610)
(-2.1875)
A1(2.1268)
(-4.0763)
(4.0380)
A2(19.1057)
(3.4524)
(0.0335)
A3(-5.3534)
(16.1656)
(-9.9359)
A4(-1.0056)
(-0.1293)
(-2.8108)
G1(-0.6572)
(-0.4523)
(-0.1591)
G2(0.0756)
(1.5596)
(-1.0280)
G3(-1.0935)
(0.9062)
(-0.2368)
G4(-5.1913)
(-4.2750)
(0.5970)
A1(-3.2333)
(3.6692)
(-2.4860)
A2(8.7340)
(1.5323)
(-5.9711)
A3(6.7564)
(-0.3256)
(-0.9960)
A4(5.9951)
(3.4333)
(-6.2920)
G1(0.1054)
(0.2863)
(-1.8438)
G2(0.2708)
(3.7551)
(-2.6707)
G3(1.3739)
(0.9871)
(-0.0245)
G4(-3.3731)
(2.3307)
(-0.9727)
A1(-8.3107)
(11.3907)
(3.4392)
A2(-3.8211)
(-0.1101)
(6.9863)
A3(26.9635)
(-5.3917)
(-3.6536)
A4(5.0182)
(5.3917)
(-18.2582)
G1(-1.4851)
(-0.3693)
(-0.4890)
G2(1.2600)
(-0.8881)
(-2.2514)
G3(-0.0250)
(0.5034)
(1.2318)
G4(-2.6499)
(-0.8572)
(1.1164)
A1(-1.5089)
(11.8889)
(0.2635)
A2(17.7650)
(11.8226)
(-0.4070)
A3(10.5393)
(6.0047)
(-9.7444)
A4(5.2960)
(11.5736)
(-11.7029)
G1(0.8519)
(0.0968)
(-0.2485)
G2(1.7012)
(-0.5044)
(-2.4232)
G3(0.8562)
(1.6687)
(-0.2155)
G4(-3.1059)
(-0.9152)
(-0.3012)
