A1(-2.7830)
(9.0292)
(1.1975)
A2(3.7158)
(9.0214)
(-1.3743)
A3(-0.6943)
(9.3278)
(-2.6432)
A4(1.5083)
(8.0589)
(-6.0286)
G1(-0.3943)
(1.0222)
(0.3118)
G2(0.2474)
(0.4204)
(0.0942)
G3(0.1336)
(0.5976)
(-0.0644)
G4(-0.0686)
(0.3874)
(-0.0697)
A1(-3.7314)
(8.5885)
(1.3364)
A2(3.8355)
(8.5952)
(-0.8523)
A3(-1.1061)
(8.9447)
(-3.0646)
A4(0.3735)
(8.9352)
(-5.5402)
G1(-0.2464)
(-0.2570)
(0.1304)
G2(0.0984)
(0.2985)
(0.1277)
G3(0.0798)
(0.4581)
(-0.1171)
G4(0.0612)
(0.5843)
(-0.1815)
A1(-4.9337)
(6.9887)
(1.3077)
A2(3.8978)
(8.5521)
(-1.0870)
A3(-0.2729)
(9.2847)
(-2.8252)
A4(0.9864)
(8.3175)
(-5.7030)
G1(-0.8200)
(-0.5401)
(0.0138)
G2(-0.0500)
(0.5039)
(0.0479)
G3(0.1224)
(0.0825)
(0.0388)
G4(0.1644)
(0.7492)
(-0.1378)
A1(-4.6894)
(8.4161)
(3.1423)
A2(2.2793)
(9.1985)
(-0.0048)
A3(-5.4779)
(10.9223)
(-2.7485)
A4(0.8140)
(9.5050)
(-3.4285)
G1(-1.0493)
(-4.1611)
(-1.3361)
G2(-0.4757)
(0.6971)
(-0.1219)
G3(0.7120)
(-2.0167)
(1.2558)
G4(0.3666)
(-0.7971)
(0.2788)
A1(0.9005)
(5.7624)
(13.9582)
A2(6.0908)
(9.2225)
(0.7614)
A3(8.3797)
(3.5338)
(-4.8171)
A4(2.1931)
(9.6438)
(-7.8243)
G1(0.3342)
(-4.4937)
(-0.2921)
G2(-0.1580)
(-0.0096)
(-0.0048)
G3(-0.3246)
(-3.9472)
(3.8663)
G4(0.5970)
(-1.8406)
(1.1722)
A1(-16.1041)
(18.5375)
(10.9788)
A2(3.5051)
(9.0932)
(1.2067)
A3(10.2759)
(8.6335)
(10.3717)
A4(-1.0391)
(21.9500)
(4.2186)
G1(2.8090)
(-2.3301)
(0.7838)
G2(-0.5156)
(-3.5167)
(0.1618)
G3(-3.7700)
(-8.6607)
(5.2754)
G4(1.6405)
(-3.3896)
(3.0682)
A1(1.8681)
(13.0529)
(1.5424)
A2(-3.5961)
(14.3748)
(2.8539)
A3(16.0316)
(65.8022)
(0.1197)
A4(-2.5043)
(12.4307)
(-3.2178)
G1(3.0059)
(-7.0063)
(0.5459)
G2(0.1580)
(-2.3514)
(0.1788)
G3(3.2161)
(5.1759)
(-4.2792)
G4(1.9332)
(-4.9391)
(6.4093)
A1(8.9382)
(11.2710)
(5.2451)
A2(-6.1052)
(12.7659)
(13.6996)
A3(5.1044)
(7.2353)
(-4.9560)
A4(-30.7320)
(-2.1644)
(-23.3722)
G1(1.8821)
(-6.8318)
(-0.9413)
G2(-4.7310)
(-3.3369)
(0.6321)
G3(-0.4049)
(-0.1926)
(-0.1320)
G4(0.7689)
(2.2242)
(6.6466)
A1(13.6181)
(13.8528)
(10.0016)
A2(-2.1883)
(11.5688)
(5.1284)
A3(6.0908)
(9.1123)
(0.0192)
A4(-9.7013)
(1.6137)
(-21.9740)
G1(1.1669)
(-8.6825)
(-1.0397)
G2(-8.1493)
(-4.4101)
(-0.6476)
G3(-0.7524)
(-1.7038)
(0.4661)
G4(1.0887)
(3.8903)
(8.0040)
A1(-18.8201)
(5.8391)
(-2.6537)
A2(-8.9591)
(15.8736)
(19.6612)
A3(3.9648)
(12.5552)
(7.7572)
A4(-6.1531)
(-7.6327)
(-7.7285)
G1(4.6698)
(-12.3147)
(-1.7373)
G2(-9.4982)
(-4.6900)
(1.8597)
G3(-0.2134)
(-9.3317)
(2.7766)
G4(2.0023)
(9.4429)
(5.3477)
A1(5.2978)
(14.7677)
(2.9938)
A2(5.2625)
(6.4787)
(17.7362)
A3(-2.5570)
(1.3838)
(0.8715)
A4(6.7133)
(-6.2968)
(1.4509)
G1(0.8881)
(-0.4752)
(-0.8838)
G2(-5.7718)
(-11.4420)
(1.2659)
G3(-4.4884)
(-11.0546)
(5.0269)
G4(-7.6491)
(4.1074)
(5.3121)
A1(-1.8250)
(3.3626)
(6.6869)
A2(-7.2688)
(6.6942)
(1.6520)
A3(-7.9296)
(9.4571)
(-1.0487)
A4(-18.4066)
(-19.9054)
(40.7541)
G1(0.3097)
(0.0293)
(-0.7407)
G2(1.8220)
(-1.3207)
(3.5040)
G3(-1.6490)
(-2.9543)
(-0.7987)
G4(7.1149)
(-17.4363)
(-5.6377)
A1(-2.6824)
(9.5657)
(3.5159)
A2(10.7404)
(-5.3103)
(-10.4148)
A3(-1.7286)
(7.9583)
(-4.5681)
A4(-6.3782)
(-3.4477)
(3.1508)
G1(-0.1101)
(-0.9700)
(0.0303)
G2(0.6024)
(5.0897)
(0.7141)
G3(-0.9482)
(-1.2004)
(-0.6034)
G4(-14.1734)
(8.7149)
(-9.4860)
A1(0.2826)
(9.9824)
(1.9927)
A2(-11.2001)
(0.4405)
(-0.4693)
A3(-1.5706)
(10.1275)
(-0.7326)
A4(5.4971)
(-4.0558)
(-0.4214)
G1(0.0117)
(0.4512)
(0.1660)
G2(-2.5999)
(4.7906)
(0.0601)
G3(0.1506)
(-0.4741)
(-0.0548)
G4(2.6180)
(-4.1223)
(1.9316)
A1(0.2299)
(9.6376)
(0.6467)
A2(4.1851)
(1.1779)
(1.2354)
A3(1.9632)
(7.7045)
(-5.7126)
A4(9.8928)
(-6.9959)
(-5.5976)
G1(0.4576)
(1.0866)
(0.1399)
G2(-0.9466)
(-3.8174)
(-1.2361)
G3(0.4331)
(2.0348)
(-0.5305)
G4(0.8014)
(-3.1554)
(-2.8484)
A1(-2.8884)
(10.0016)
(0.6850)
A2(0.1724)
(-0.2682)
(0.7518)
A3(2.4325)
(8.6095)
(-4.6735)
A4(8.3893)
(-3.8834)
(-4.6878)
G1(0.1522)
(0.9754)
(0.1548)
G2(-2.1998)
(1.1398)
(-2.4137)
G3(0.2144)
(1.7645)
(-0.4220)
G4(-0.9482)
(-3.8663)
(-2.4270)
A1(0.4790)
(9.1586)
(-2.0741)
A2(14.5998)
(4.2473)
(-3.6679)
A3(1.4653)
(8.3270)
(-4.4053)
A4(0.9002)
(0.9864)
(-7.6231)
G1(0.0122)
(1.1738)
(-0.5146)
G2(-0.5827)
(1.7107)
(-1.9417)
G3(-0.0160)
(0.8987)
(-0.2575)
G4(-3.3821)
(-2.5387)
(-3.3108)
A1(-1.1879)
(9.7908)
(-0.4455)
A2(7.2784)
(5.7652)
(4.5298)
A3(2.2553)
(9.0405)
(-2.2553)
A4(1.6233)
(4.6256)
(-10.1754)
G1(0.4539)
(0.8716)
(-0.2671)
G2(0.3001)
(2.7122)
(-1.7820)
G3(-0.0532)
(0.9163)
(-0.1921)
G4(-3.0533)
(-0.7881)
(-1.0504)
A1(-1.1640)
(9.0053)
(-0.2347)
A2(8.4611)
(5.8658)
(-0.6656)
A3(1.3695)
(9.2656)
(-3.4955)
A4(4.2904)
(7.8434)
(-11.5592)
G1(-0.2559)
(1.2489)
(-0.0458)
G2(0.6343)
(1.8885)
(-1.8204)
G3(-0.1043)
(0.5672)
(-0.1650)
G4(-2.5100)
(-0.5726)
(-0.2905)
A1(1.2885)
(8.8807)
(4.1434)
A2(6.8091)
(8.0876)
(4.0989)
A3(2.7629)
(9.2368)
(-3.0406)
A4(6.5601)
(10.7452)
(-7.8003)
G1(0.7354)
(0.8455)
(-0.8961)
G2(1.3792)
(1.2036)
(-1.7815)
G3(0.0495)
(0.0708)
(-0.1602)
G4(-2.4142)
(-1.2473)
(0.5332)
