A1(-2.1364)
(8.3682)
(3.3003)
A2(2.8922)
(8.6143)
(0.9194)
A3(-2.1931)
(9.6917)
(-2.5762)
A4(-0.0144)
(8.5090)
(-5.5689)
G1(-0.9307)
(-0.3198)
(-0.2485)
G2(-0.1341)
(0.3134)
(0.0074)
G3(0.3964)
(-0.3570)
(0.2629)
G4(0.0234)
(-0.0660)
(0.0426)
A1(-3.2189)
(6.9599)
(4.6847)
A2(3.0215)
(9.2895)
(0.1532)
A3(-2.6001)
(11.3054)
(-2.6384)
A4(0.1628)
(9.3518)
(-4.1324)
G1(-1.3021)
(-2.2902)
(-1.1137)
G2(-0.0096)
(-0.1250)
(0.0144)
G3(0.4927)
(-1.7538)
(1.0626)
G4(0.2857)
(-0.0910)
(0.1011)
A1(-1.9064)
(7.2330)
(12.5451)
A2(2.1739)
(9.8881)
(1.9154)
A3(9.4332)
(5.3056)
(-1.5754)
A4(-1.5467)
(10.2232)
(-4.4772)
G1(-1.1478)
(-4.2862)
(0.1532)
G2(-0.2075)
(-0.4917)
(0.0229)
G3(-0.0543)
(-4.7821)
(4.0132)
G4(0.4145)
(-0.8280)
(0.6502)
A1(-6.4666)
(12.8325)
(13.6133)
A2(2.1165)
(10.8745)
(6.2680)
A3(-12.8425)
(6.0525)
(-10.9750)
A4(3.2513)
(21.8591)
(5.7317)
G1(2.7755)
(0.9450)
(0.4592)
G2(0.7072)
(-2.0955)
(0.1692)
G3(-0.2634)
(-4.7055)
(2.3557)
G4(2.6957)
(-2.0396)
(2.9426)
A1(7.7215)
(6.1456)
(-1.8729)
A2(-2.1069)
(9.8258)
(1.3168)
A3(8.4755)
(3.0694)
(8.2648)
A4(-8.0589)
(20.2885)
(-10.4339)
G1(0.4832)
(-0.2458)
(-0.5188)
G2(0.3650)
(-2.0385)
(0.0952)
G3(0.1974)
(2.9261)
(-0.0718)
G4(2.7814)
(-0.7082)
(3.8520)
A1(2.8788)
(13.7043)
(1.2837)
A2(0.6752)
(6.6846)
(11.0421)
A3(8.6862)
(4.1324)
(0.1676)
A4(-22.2182)
(20.4561)
(-25.5988)
G1(1.5538)
(-3.5497)
(-0.8892)
G2(-2.5483)
(-4.7869)
(1.3420)
G3(0.8588)
(1.6038)
(0.2602)
G4(-0.5507)
(-2.3019)
(6.1800)
A1(10.1022)
(13.9342)
(8.2101)
A2(0.1628)
(27.5429)
(4.9081)
A3(8.0062)
(9.5098)
(-4.0462)
A4(-2.9928)
(-2.4134)
(-21.4904)
G1(1.2600)
(-8.1105)
(-1.9129)
G2(-7.3352)
(-6.8249)
(-3.0096)
G3(-0.6497)
(-1.4787)
(0.4055)
G4(1.4026)
(6.8094)
(7.9891)
A1(-27.3655)
(9.9010)
(-9.1490)
A2(-2.2122)
(15.5479)
(18.1959)
A3(6.3638)
(14.4275)
(-1.0870)
A4(-2.9257)
(-5.4205)
(-5.6886)
G1(2.5861)
(-10.4225)
(-1.5559)
G2(-7.8811)
(-3.8498)
(0.7657)
G3(-0.7785)
(-6.9712)
(2.4206)
G4(-1.8528)
(8.0855)
(3.8014)
A1(-12.2625)
(13.0960)
(6.3612)
A2(9.3278)
(8.3079)
(10.9080)
A3(6.6224)
(1.2019)
(1.3168)
A4(-0.5842)
(-5.9520)
(-1.0630)
G1(0.9184)
(-2.9394)
(0.1006)
G2(-5.3717)
(-8.5888)
(0.8684)
G3(-3.3896)
(-8.4515)
(4.5395)
G4(-6.5876)
(2.0784)
(4.9705)
A1(-7.8652)
(9.1633)
(4.5218)
A2(-14.4849)
(9.4954)
(-9.5002)
A3(12.2392)
(7.1060)
(2.1835)
A4(-33.0879)
(-19.2733)
(4.4580)
G1(-0.1612)
(-1.5330)
(-0.1474)
G2(0.3219)
(-5.5723)
(3.6295)
G3(-1.1526)
(-1.3026)
(0.3310)
G4(9.3625)
(-14.1744)
(-5.9522)
A1(-2.9890)
(9.9058)
(3.0560)
A2(5.7030)
(-2.1452)
(-1.0918)
A3(-9.5433)
(8.5425)
(1.5467)
A4(16.3189)
(-1.8435)
(3.2370)
G1(-0.4422)
(0.3262)
(0.1000)
G2(1.9220)
(4.2580)
(-0.4017)
G3(-0.5603)
(-0.9477)
(-0.5087)
G4(-7.4985)
(1.3883)
(-6.6626)
A1(-2.6537)
(10.1932)
(1.6957)
A2(-2.3320)
(6.4404)
(-1.8292)
A3(1.4509)
(7.6902)
(-5.8419)
A4(8.1786)
(-6.8618)
(0.5650)
G1(0.3001)
(-0.6667)
(-0.3315)
G2(-2.4163)
(0.0670)
(-0.2118)
G3(0.4278)
(1.3851)
(-0.3432)
G4(1.3952)
(-3.1756)
(0.3916)
A1(-1.4945)
(10.0687)
(0.0575)
A2(11.2336)
(4.7980)
(1.5275)
A3(1.7286)
(8.3989)
(-4.0654)
A4(8.1930)
(-4.2952)
(-5.7365)
G1(0.3773)
(0.5295)
(-0.0931)
G2(0.2528)
(-2.1375)
(-1.6038)
G3(0.2065)
(0.7327)
(-0.1772)
G4(-1.3904)
(-2.8042)
(-0.1884)
A1(-1.0921)
(10.0064)
(-1.0203)
A2(7.6662)
(3.0885)
(-0.5938)
A3(1.8148)
(9.0884)
(-2.2601)
A4(4.5155)
(-1.9154)
(-7.2257)
G1(0.1463)
(0.6045)
(-0.1075)
G2(0.8822)
(4.0755)
(-2.4498)
G3(0.0016)
(0.5034)
(-0.1671)
G4(-3.0868)
(-3.1272)
(-1.3665)
A1(-1.8585)
(9.6280)
(-0.1245)
A2(8.3558)
(4.2665)
(0.8859)
A3(3.5386)
(7.9392)
(-3.0502)
A4(0.9385)
(1.4222)
(-7.8147)
G1(0.1729)
(1.3627)
(-0.0867)
G2(0.2980)
(1.0972)
(-1.7964)
G3(0.1458)
(0.5215)
(-0.1426)
G4(-2.9362)
(-0.6710)
(-1.7070)
A1(0.1245)
(8.6077)
(-0.5269)
A2(7.3550)
(5.5450)
(-0.4884)
A3(2.1261)
(8.4659)
(-4.3191)
A4(3.7397)
(3.7445)
(-9.3661)
G1(0.2118)
(1.3553)
(-0.0782)
G2(-0.2347)
(1.1244)
(-1.5570)
G3(-0.1011)
(0.6050)
(-0.2661)
G4(-3.1815)
(-0.6774)
(-0.6790)
A1(0.8047)
(9.7573)
(-0.0766)
A2(10.7117)
(6.6176)
(1.1061)
A3(1.9345)
(9.2368)
(-2.5379)
A4(4.9608)
(4.5155)
(-10.0987)
G1(-0.2139)
(0.3970)
(-0.0021)
G2(0.8477)
(2.5339)
(-1.6128)
G3(-0.1703)
(0.2682)
(-0.2081)
G4(-3.2049)
(-0.8402)
(-0.5103)
A1(0.5844)
(9.9681)
(-0.6898)
A2(9.5720)
(7.7907)
(3.0071)
A3(2.0973)
(9.9120)
(-1.3024)
A4(4.7166)
(11.0708)
(-4.8411)
G1(-0.3570)
(-0.2352)
(-0.2166)
G2(1.0046)
(1.5809)
(-1.9156)
G3(0.2591)
(0.0351)
(-0.0149)
G4(-2.4387)
(-2.8000)
(1.4931)
A1(-1.2789)
(9.9777)
(-1.0346)
A2(5.5785)
(9.0214)
(3.1412)
A3(2.3559)
(9.0501)
(-3.5865)
A4(3.1364)
(10.1370)
(-1.3072)
G1(-0.6662)
(0.4108)
(-0.3384)
G2(1.8757)
(-0.1000)
(-1.5293)
G3(0.4544)
(0.1032)
(-0.1373)
G4(-1.4660)
(-0.5310)
(-0.3022)
A1(-1.0059)
(10.4279)
(1.9543)
A2(5.0422)
(7.8769)
(0.2346)
A3(2.6336)
(7.9966)
(-4.7262)
A4(3.0311)
(10.6159)
(-3.7828)
G1(0.1208)
(0.9349)
(-0.6896)
G2(0.9993)
(-0.2607)
(-0.9222)
G3(0.4001)
(0.2416)
(-0.3129)
G4(-0.6470)
(1.0030)
(-0.6380)
