A1(-4.4739)
(14.2695)
(3.0560)
A2(3.5003)
(8.6048)
(3.0694)
A3(0.6704)
(7.6184)
(-5.7365)
A4(2.2027)
(9.1028)
(-3.7924)
G1(0.7710)
(0.4044)
(-0.1378)
G2(-0.0702)
(0.2006)
(-0.0404)
G3(-0.0516)
(0.0309)
(0.0835)
G4(0.0862)
(0.0617)
(0.0798)
A1(-2.5483)
(9.6376)
(-2.1411)
A2(2.8204)
(8.8298)
(3.0837)
A3(1.2785)
(7.5944)
(-6.3398)
A4(3.0023)
(10.6303)
(-3.7972)
G1(0.3134)
(0.2740)
(0.0580)
G2(-0.0931)
(0.0761)
(0.0740)
G3(-0.1655)
(0.0676)
(0.0138)
G4(-0.0213)
(1.0616)
(-0.4001)
A1(-2.2513)
(9.2687)
(-0.5700)
A2(3.8068)
(8.7771)
(2.3176)
A3(1.8148)
(7.4412)
(-6.2680)
A4(-0.5267)
(10.9367)
(-2.4995)
G1(0.4363)
(1.2824)
(-0.2538)
G2(-0.2820)
(0.5662)
(0.0873)
G3(-0.2921)
(0.0772)
(-0.0654)
G4(0.4566)
(3.6716)
(-2.0114)
A1(0.0048)
(8.7897)
(0.0144)
A2(5.7700)
(8.8825)
(3.8164)
A3(0.3400)
(8.8250)
(-3.6152)
A4(6.4356)
(11.3150)
(3.1987)
G1(0.3560)
(1.2036)
(-0.1724)
G2(-0.3634)
(0.9062)
(0.6598)
G3(-0.2118)
(0.3310)
(-0.1628)
G4(1.0999)
(6.3055)
(-4.6177)
A1(-0.1245)
(9.2687)
(-1.9591)
A2(5.8275)
(6.9528)
(5.3439)
A3(1.4940)
(9.9647)
(-3.4381)
A4(10.0078)
(1.1444)
(-6.9959)
G1(-0.0899)
(1.3335)
(-0.4704)
G2(-0.7588)
(1.6064)
(1.2010)
G3(0.1389)
(0.6375)
(-0.2368)
G4(1.4580)
(3.9866)
(-1.4622)
A1(-0.8095)
(12.3152)
(0.5365)
A2(-0.2777)
(4.4197)
(9.6917)
A3(0.4214)
(12.0093)
(-1.1827)
A4(-1.5754)
(22.8981)
(1.6903)
G1(-1.2425)
(2.0997)
(-1.0429)
G2(-0.4789)
(4.6187)
(0.5412)
G3(1.3787)
(0.9264)
(-0.2927)
G4(0.9142)
(-1.0664)
(0.0223)
A1(-2.2992)
(4.6942)
(6.8737)
A2(3.2465)
(7.2592)
(10.1849)
A3(-1.1732)
(18.2390)
(3.8355)
A4(2.4612)
(8.8969)
(-3.8307)
G1(-6.5599)
(2.4749)
(-1.3830)
G2(1.8071)
(-0.6731)
(-0.5518)
G3(3.0219)
(1.0201)
(-0.7748)
G4(-0.0117)
(-1.1302)
(0.4949)
A1(-5.8582)
(9.7860)
(17.2585)
A2(-6.7516)
(11.5927)
(6.1579)
A3(6.7038)
(9.4954)
(-6.5218)
A4(-4.8985)
(7.3885)
(-7.0150)
G1(-6.4524)
(5.5058)
(0.6715)
G2(1.5804)
(3.9062)
(-1.2925)
G3(1.6825)
(2.6164)
(-2.9410)
G4(0.0952)
(1.6511)
(-0.4204)
A1(-8.4496)
(11.8793)
(10.4135)
A2(-2.2505)
(11.7316)
(0.9098)
A3(23.9803)
(5.8945)
(-13.3070)
A4(-4.7788)
(10.8362)
(-4.0127)
G1(-5.1546)
(3.0192)
(0.2831)
G2(1.2393)
(0.1293)
(1.0919)
G3(-0.9312)
(-1.0302)
(-2.9085)
G4(-0.2889)
(3.3449)
(-0.7748)
A1(0.2539)
(10.3513)
(4.2296)
A2(1.6712)
(13.1681)
(4.5490)
A3(8.8250)
(9.2943)
(-17.9900)
A4(-5.9137)
(3.0789)
(-9.3901)
G1(-3.3954)
(5.3887)
(-0.8030)
G2(0.3970)
(5.9480)
(0.9051)
G3(3.2081)
(-0.0500)
(-8.7533)
G4(0.7705)
(8.0855)
(-4.3623)
A1(2.8453)
(7.2473)
(1.1544)
A2(-1.2737)
(8.4851)
(1.8340)
A3(12.7132)
(-3.1220)
(-8.7915)
A4(-6.6990)
(5.1188)
(-2.3750)
G1(-0.6380)
(4.4463)
(-1.2074)
G2(1.8427)
(5.1333)
(1.3675)
G3(7.0861)
(-5.0774)
(-7.7077)
G4(-0.6290)
(7.2676)
(-3.8717)
A1(-20.9516)
(-10.1788)
(-20.6451)
A2(-6.3351)
(5.7317)
(11.6310)
A3(6.2872)
(-4.5777)
(7.4795)
A4(-10.8026)
(19.5127)
(4.2808)
G1(0.4087)
(-0.1357)
(0.0346)
G2(-1.4814)
(7.9136)
(0.5161)
G3(2.2471)
(-4.8465)
(-6.3582)
G4(-1.7299)
(-1.5208)
(0.8375)
A1(6.2797)
(0.2443)
(4.0667)
A2(7.3550)
(3.4524)
(15.8400)
A3(-13.3118)
(13.4171)
(-26.9060)
A4(4.0845)
(8.3845)
(-5.0757)
G1(-1.3446)
(-5.6292)
(2.2620)
G2(0.6763)
(-1.2978)
(0.4454)
G3(0.2826)
(1.6299)
(-5.0343)
G4(-0.0176)
(-0.7003)
(0.5768)
A1(-10.1740)
(7.0701)
(-0.0479)
A2(-2.4277)
(-0.1724)
(5.1427)
A3(-26.1926)
(16.8217)
(-9.4906)
A4(0.6369)
(8.9591)
(-4.0558)
G1(-0.2932)
(-0.2810)
(2.0635)
G2(0.2868)
(2.7808)
(1.3335)
G3(-7.4224)
(-4.0292)
(5.6564)
G4(0.3688)
(-0.3847)
(0.2315)
A1(-7.8892)
(11.1943)
(-1.3556)
A2(3.1987)
(10.3621)
(1.3264)
A3(-4.1755)
(-5.9903)
(-5.3822)
A4(0.8667)
(8.1547)
(-5.7317)
G1(0.6604)
(-0.9190)
(2.0258)
G2(-0.5949)
(-1.9513)
(0.1543)
G3(-1.7065)
(4.3915)
(1.6980)
G4(0.1995)
(-0.4321)
(0.1916)
A1(-5.6762)
(7.3910)
(2.2322)
A2(3.5291)
(11.0229)
(0.1867)
A3(-2.2697)
(-4.9177)
(-12.7755)
A4(1.3503)
(8.9160)
(-3.7972)
G1(0.9360)
(-0.8365)
(1.6315)
G2(0.0835)
(0.2341)
(0.1341)
G3(-3.0687)
(3.2299)
(0.2916)
G4(0.0905)
(-0.1245)
(0.0729)
A1(-5.3265)
(9.4555)
(3.3003)
A2(3.4429)
(9.3757)
(0.2251)
A3(-3.7302)
(1.1971)
(-8.2744)
A4(0.2155)
(9.1554)
(-4.8219)
G1(1.8305)
(-1.0546)
(1.3361)
G2(-0.0112)
(-0.8785)
(0.0404)
G3(-2.3839)
(2.7228)
(-2.0901)
G4(0.0644)
(0.3331)
(-0.0745)
A1(-8.3730)
(8.1383)
(-0.4646)
A2(2.1404)
(9.1459)
(1.1540)
A3(-0.9002)
(4.7597)
(-12.5313)
A4(-0.2203)
(9.0692)
(-4.5011)
G1(3.4752)
(-1.3111)
(-0.3491)
G2(0.0490)
(-0.3661)
(0.0585)
G3(-3.1150)
(0.0905)
(-2.4067)
G4(0.0053)
(-0.1043)
(0.2086)
A1(-4.8427)
(8.1479)
(0.6946)
A2(-0.6560)
(9.7252)
(-0.1484)
A3(-6.2728)
(10.4339)
(-10.3813)
A4(0.6991)
(9.1028)
(-3.8738)
G1(1.1494)
(-0.3437)
(1.4745)
G2(-0.2352)
(-0.8296)
(-0.0378)
G3(-3.5838)
(2.4206)
(-0.7056)
G4(0.1846)
(-0.1767)
(0.4975)
A1(-7.7455)
(12.5164)
(-2.6776)
A2(0.7326)
(8.6191)
(0.4645)
A3(-3.5243)
(11.1235)
(-0.0527)
A4(2.4708)
(7.9679)
(-5.2577)
G1(1.6687)
(-1.9310)
(0.0053)
G2(-0.1086)
(-1.1706)
(0.3294)
G3(-1.1957)
(0.3225)
(0.3826)
G4(0.2932)
(0.0596)
(0.6407)
