A1(-2.6920)
(7.0557)
(1.3843)
A2(3.1699)
(8.5665)
(2.1356)
A3(-4.7692)
(11.1043)
(-4.6878)
A4(-2.5426)
(8.5281)
(-5.8658)
G1(-0.7274)
(-3.1059)
(-1.3239)
G2(-0.0404)
(0.5050)
(0.0186)
G3(0.0245)
(-2.8303)
(1.7533)
G4(0.4284)
(-0.0458)
(0.2682)
A1(5.0870)
(4.4595)
(8.1335)
A2(4.5059)
(8.9016)
(3.7637)
A3(-3.8020)
(5.3439)
(-9.5337)
A4(-0.1149)
(6.4931)
(-7.9440)
G1(-0.4624)
(-2.5940)
(-0.6220)
G2(-0.0479)
(-0.8131)
(0.1389)
G3(0.1713)
(-3.6136)
(2.1859)
G4(0.3847)
(-0.4188)
(0.6465)
A1(-5.1206)
(6.5863)
(10.7153)
A2(-0.2729)
(9.5385)
(5.0757)
A3(-2.7007)
(13.2016)
(3.7062)
A4(0.4549)
(9.9311)
(-7.4795)
G1(1.5027)
(-1.1100)
(-0.7482)
G2(-0.3182)
(-2.2583)
(0.1548)
G3(-2.0321)
(-7.8433)
(5.4632)
G4(0.7928)
(-0.7162)
(1.3611)
A1(-3.5494)
(9.6998)
(9.1346)
A2(2.8299)
(10.2280)
(2.4277)
A3(-1.9441)
(2.6288)
(-4.5107)
A4(-2.2027)
(21.9740)
(-1.7909)
G1(2.2886)
(-1.8044)
(0.0899)
G2(-0.0426)
(-1.1057)
(-0.5326)
G3(0.7753)
(-1.7560)
(2.7547)
G4(1.8667)
(-3.4369)
(3.9100)
A1(-0.2156)
(10.7488)
(6.5528)
A2(2.5905)
(10.6015)
(3.2417)
A3(2.1644)
(5.4396)
(-7.3933)
A4(-11.4251)
(31.1869)
(-1.1875)
G1(2.1002)
(-2.1641)
(0.4821)
G2(0.2559)
(-4.0510)
(-0.2708)
G3(0.7460)
(-3.2778)
(0.1330)
G4(2.6941)
(-1.1142)
(3.0139)
A1(2.8932)
(4.7230)
(2.0310)
A2(0.0239)
(10.6638)
(9.9551)
A3(9.8785)
(28.0505)
(-5.4540)
A4(-16.4865)
(34.2658)
(-34.3281)
G1(1.7368)
(-5.7005)
(-1.4862)
G2(-0.3475)
(-3.7040)
(0.9248)
G3(0.3592)
(0.0192)
(0.0202)
G4(1.7996)
(-3.3028)
(10.1905)
A1(7.2856)
(12.5595)
(6.4809)
A2(1.2737)
(5.2098)
(10.4483)
A3(0.5459)
(-1.0965)
(-6.1387)
A4(-20.9205)
(-14.4897)
(-24.7321)
G1(1.5878)
(-4.7539)
(-1.9465)
G2(-4.0137)
(-1.4521)
(0.5784)
G3(-0.1681)
(1.7507)
(-1.0344)
G4(1.9422)
(5.1168)
(5.4462)
A1(-11.4147)
(5.0248)
(-0.6514)
A2(-1.2881)
(13.8050)
(27.3418)
A3(7.4699)
(17.5830)
(-4.6687)
A4(-10.9128)
(-3.6727)
(-10.7164)
G1(0.1671)
(-13.7008)
(-4.6794)
G2(-6.2715)
(-7.4459)
(0.2703)
G3(-0.6343)
(-4.6704)
(2.6850)
G4(3.3704)
(9.2476)
(6.4460)
A1(3.0273)
(6.6390)
(4.7182)
A2(-1.2929)
(27.8685)
(18.6508)
A3(7.0198)
(8.7532)
(-8.9591)
A4(-9.7731)
(-2.0782)
(-3.9792)
G1(2.7069)
(-2.0396)
(-2.5318)
G2(-8.5968)
(-1.3638)
(1.2574)
G3(-1.8714)
(-10.7434)
(6.4481)
G4(0.6321)
(10.2283)
(2.7329)
A1(-1.9879)
(12.0038)
(16.3580)
A2(19.6181)
(3.8451)
(6.0908)
A3(5.9568)
(-35.9130)
(-1.6616)
A4(-8.9878)
(-8.3606)
(1.4796)
G1(2.0853)
(-1.4426)
(-1.4074)
G2(-5.6058)
(-4.9215)
(-1.4825)
G3(-2.6638)
(-7.2633)
(7.1000)
G4(-5.7676)
(6.1768)
(2.2891)
A1(-3.4249)
(8.0089)
(3.7650)
A2(-15.6150)
(18.2295)
(13.3453)
A3(23.2860)
(27.9116)
(4.3670)
A4(-5.2002)
(13.3022)
(-33.9977)
G1(0.2687)
(-0.2873)
(-0.6524)
G2(-0.7561)
(-6.0038)
(3.0213)
G3(-0.3597)
(0.1213)
(0.7732)
G4(-4.0121)
(2.9766)
(1.5623)
A1(-4.6415)
(5.5564)
(7.9994)
A2(-3.0406)
(2.8395)
(-4.5346)
A3(-7.5178)
(-0.6847)
(-8.4994)
A4(4.9991)
(-11.0852)
(21.1600)
G1(0.0921)
(-0.4060)
(-0.0112)
G2(-0.2804)
(-0.1399)
(1.6309)
G3(-0.5539)
(-1.7799)
(-0.7865)
G4(2.4685)
(-7.5608)
(-10.2043)
A1(-4.6607)
(7.8988)
(3.3578)
A2(27.3226)
(6.3303)
(-1.6424)
A3(3.4381)
(11.3485)
(-3.5961)
A4(6.4212)
(5.8083)
(-9.2751)
G1(0.0894)
(1.4378)
(0.3906)
G2(-0.2762)
(0.4581)
(-1.2265)
G3(-1.1680)
(-0.4161)
(-0.1543)
G4(-1.0036)
(-0.2001)
(0.1027)
A1(-1.4226)
(10.2172)
(2.3950)
A2(-1.8818)
(5.2050)
(-7.1395)
A3(2.8778)
(6.9863)
(-3.3471)
A4(7.7476)
(-5.3822)
(0.6800)
G1(0.1277)
(0.7045)
(0.5146)
G2(-4.1728)
(2.0359)
(-1.9401)
G3(0.1937)
(0.9307)
(-0.8386)
G4(3.9068)
(-2.3844)
(1.0823)
A1(-1.7292)
(12.3439)
(2.7447)
A2(13.3357)
(3.4907)
(-6.9576)
A3(2.3176)
(8.0637)
(-6.1387)
A4(7.4412)
(-4.7453)
(-2.7677)
G1(0.4624)
(0.7801)
(0.3922)
G2(-0.1804)
(1.5820)
(-1.4580)
G3(0.3235)
(1.1355)
(-0.7918)
G4(0.8051)
(-2.4993)
(0.7088)
A1(-1.9064)
(8.6029)
(2.1507)
A2(6.1914)
(6.3207)
(2.2122)
A3(1.9393)
(6.9432)
(-7.7428)
A4(4.1611)
(-4.6735)
(-8.4563)
G1(0.6949)
(0.9158)
(0.2607)
G2(0.7082)
(3.7381)
(-2.2902)
G3(-0.1799)
(0.3060)
(-0.4001)
G4(-6.8557)
(-5.2972)
(-1.2962)
A1(-0.6227)
(9.5944)
(1.9448)
A2(16.5583)
(3.9217)
(-3.8355)
A3(4.1611)
(8.6143)
(-5.5306)
A4(3.0119)
(-1.3312)
(-6.6463)
G1(0.8226)
(0.5869)
(-0.2097)
G2(0.1564)
(1.6011)
(-1.9034)
G3(-0.3863)
(0.2772)
(-0.4491)
G4(-5.7383)
(-4.0547)
(-2.1316)
A1(-0.5652)
(8.6939)
(-0.0910)
A2(7.0150)
(3.9552)
(2.5187)
A3(-0.0910)
(7.8051)
(-7.3454)
A4(2.6288)
(0.1532)
(-9.9216)
G1(0.6460)
(0.7226)
(-0.1123)
G2(0.1926)
(1.0903)
(-1.4298)
G3(-0.4225)
(-0.1751)
(-0.5066)
G4(-4.9646)
(-1.7278)
(-1.1414)
A1(0.0814)
(9.4076)
(0.3832)
A2(9.4763)
(4.7549)
(-0.5028)
A3(2.0446)
(9.2560)
(-2.8156)
A4(2.4756)
(7.2305)
(-12.1625)
G1(0.3001)
(0.8626)
(0.0181)
G2(0.2522)
(0.9253)
(-1.4431)
G3(-0.4853)
(0.1357)
(-0.3735)
G4(-3.2991)
(1.3085)
(-1.3042)
A1(0.1198)
(8.7849)
(3.1614)
A2(8.4515)
(5.1188)
(4.5107)
A3(0.8954)
(8.8107)
(-3.4189)
A4(5.4013)
(5.5306)
(-7.3454)
G1(0.8370)
(1.5655)
(0.1022)
G2(1.1930)
(2.3812)
(-1.8816)
G3(-0.3272)
(0.2315)
(-0.3198)
G4(-3.1155)
(-1.1829)
(-0.0090)
