A1(0.0431)
(8.4975)
(3.7123)
A2(2.9592)
(10.4196)
(1.2977)
A3(-3.4093)
(9.5720)
(-3.9504)
A4(0.2346)
(8.0828)
(-6.4500)
G1(0.0027)
(-2.6228)
(-1.2877)
G2(-0.3831)
(0.8918)
(0.0617)
G3(0.1745)
(-2.5180)
(1.3723)
G4(0.1926)
(-0.5513)
(0.2107)
A1(-6.1983)
(9.4124)
(10.2267)
A2(2.7773)
(9.8689)
(1.9393)
A3(8.2408)
(7.0485)
(5.4636)
A4(-0.7853)
(10.4339)
(-3.8211)
G1(0.5204)
(-3.8536)
(0.2852)
G2(-0.3214)
(-2.5738)
(-0.0490)
G3(-1.7874)
(-4.9513)
(4.3697)
G4(0.1697)
(-1.0860)
(0.8668)
A1(-13.7522)
(9.6471)
(8.5215)
A2(0.2538)
(9.9503)
(3.0263)
A3(-1.9824)
(10.7308)
(6.0669)
A4(-1.3647)
(18.0619)
(0.9577)
G1(1.2489)
(0.7875)
(0.2996)
G2(-0.0149)
(-2.1934)
(-0.0053)
G3(-1.9470)
(-7.8886)
(3.6146)
G4(1.0765)
(-1.9491)
(1.7613)
A1(-8.2916)
(2.4477)
(-1.7148)
A2(-0.2538)
(10.3382)
(1.0822)
A3(30.9091)
(10.2903)
(-0.2011)
A4(-6.4787)
(13.8624)
(-11.2958)
G1(1.9199)
(-4.7800)
(0.6513)
G2(0.4390)
(-2.2700)
(0.1745)
G3(1.8688)
(-2.2253)
(0.8514)
G4(2.4078)
(-1.7054)
(4.1473)
A1(1.2119)
(13.0002)
(3.8129)
A2(0.0814)
(7.3167)
(6.9240)
A3(15.4234)
(8.7628)
(-4.7262)
A4(-25.0912)
(21.2078)
(-18.8519)
G1(2.4562)
(-5.4488)
(-0.7636)
G2(-2.5456)
(-3.3826)
(1.3356)
G3(0.1799)
(-0.2038)
(0.5247)
G4(-0.7572)
(-1.6623)
(5.2365)
A1(2.2848)
(10.4088)
(5.5133)
A2(0.4405)
(6.7708)
(5.1332)
A3(-2.1596)
(7.2401)
(-4.6064)
A4(-5.3151)
(2.4852)
(-22.6396)
G1(2.6409)
(-5.6000)
(-1.1701)
G2(-5.4871)
(-1.7214)
(0.8131)
G3(-0.2107)
(-0.3453)
(0.2895)
G4(-2.5525)
(1.6086)
(4.6906)
A1(9.8819)
(13.7426)
(3.9230)
A2(6.7181)
(8.4851)
(19.7186)
A3(5.7652)
(9.4523)
(-3.4764)
A4(-6.5170)
(-0.1437)
(-16.5631)
G1(2.2269)
(-7.6874)
(0.4315)
G2(-6.6259)
(-5.9809)
(-0.0596)
G3(-0.8046)
(-2.4669)
(0.2554)
G4(0.0032)
(4.1547)
(7.9732)
A1(-16.6837)
(7.1132)
(-3.7314)
A2(17.6022)
(9.9024)
(14.9207)
A3(6.5505)
(11.0181)
(8.8155)
A4(-1.6568)
(-6.2776)
(-1.8723)
G1(1.0637)
(-8.6718)
(-0.7785)
G2(-5.5473)
(-3.9743)
(-0.5587)
G3(-0.1219)
(-6.6189)
(1.0658)
G4(-2.2556)
(4.3873)
(4.9242)
A1(6.1073)
(5.9157)
(18.4033)
A2(6.8283)
(7.7381)
(13.1537)
A3(7.6136)
(8.7101)
(4.7453)
A4(-2.7102)
(-10.5441)
(-1.4844)
G1(1.3670)
(0.8253)
(-0.4943)
G2(-5.9283)
(-6.0757)
(0.9908)
G3(-1.5979)
(-13.0165)
(4.4564)
G4(-3.4976)
(2.3902)
(4.3867)
A1(-6.7396)
(-0.2491)
(1.2742)
A2(-1.9776)
(5.7221)
(2.7677)
A3(-6.8618)
(12.4690)
(-0.0958)
A4(-2.8922)
(36.2338)
(1.4413)
G1(-0.7295)
(-2.5307)
(-0.1272)
G2(-1.4303)
(-4.6124)
(1.4399)
G3(-0.8163)
(-1.1983)
(-0.1868)
G4(7.9849)
(-13.6609)
(0.7194)
A1(-3.3291)
(10.6626)
(0.7856)
A2(3.7828)
(-3.6679)
(-8.1834)
A3(-6.0861)
(11.2480)
(-4.4484)
A4(14.0492)
(14.8728)
(-10.5919)
G1(-0.0777)
(1.0876)
(-0.2921)
G2(1.1084)
(-0.3709)
(1.0217)
G3(0.5332)
(1.6064)
(-0.7189)
G4(4.2750)
(-0.2336)
(-2.5877)
A1(-3.8464)
(9.2352)
(2.2369)
A2(0.3926)
(0.7949)
(-0.6129)
A3(2.2745)
(8.9208)
(-2.5139)
A4(5.8945)
(-5.7126)
(-4.3048)
G1(-0.1953)
(1.3478)
(-0.1958)
G2(0.6098)
(0.1708)
(-1.5186)
G3(0.0548)
(1.2404)
(-0.3448)
G4(2.1567)
(-4.3713)
(-1.2781)
A1(-2.6776)
(10.0639)
(2.7734)
A2(4.9129)
(-2.8012)
(0.0287)
A3(0.7566)
(9.2751)
(-3.1364)
A4(11.6262)
(-4.7549)
(-5.8514)
G1(-0.0250)
(1.8230)
(0.1000)
G2(-1.9906)
(0.2629)
(-1.9784)
G3(0.1133)
(1.7262)
(-0.5428)
G4(-0.9940)
(-4.8497)
(-2.7686)
A1(-1.2694)
(9.5992)
(0.5556)
A2(9.6247)
(4.3814)
(1.5945)
A3(1.2498)
(8.6095)
(-4.5586)
A4(2.7102)
(-1.4988)
(-10.4148)
G1(0.0910)
(1.7022)
(0.1575)
G2(-0.4432)
(5.1466)
(-2.4270)
G3(-0.1000)
(1.4282)
(-0.3757)
G4(-3.7977)
(-3.9467)
(-0.9259)
A1(3.4871)
(10.6722)
(0.7616)
A2(6.9959)
(5.4540)
(4.0989)
A3(0.3687)
(9.3518)
(-2.9257)
A4(4.5107)
(5.4540)
(-11.0660)
G1(0.1857)
(-0.0963)
(0.0420)
G2(1.1973)
(3.6838)
(-1.6043)
G3(-0.2405)
(0.2613)
(-0.1761)
G4(-2.4621)
(0.0144)
(0.3799)
A1(0.6802)
(9.1346)
(0.4646)
A2(9.6247)
(5.6216)
(7.8338)
A3(2.2410)
(9.6295)
(-1.4605)
A4(8.2073)
(3.2848)
(-12.1721)
G1(-0.0527)
(0.0059)
(0.0043)
G2(1.0004)
(1.8789)
(-2.1199)
G3(-0.1676)
(0.3757)
(-0.2049)
G4(-2.6185)
(-0.7301)
(1.3521)
A1(-0.7664)
(9.4699)
(-0.4072)
A2(5.6503)
(6.7564)
(6.5888)
A3(2.8012)
(8.7724)
(-1.6999)
A4(-1.0822)
(8.0972)
(-7.7141)
G1(0.0867)
(-0.4432)
(-0.5529)
G2(1.3223)
(-0.8780)
(-1.6421)
G3(0.1995)
(0.1107)
(-0.2208)
G4(-2.5180)
(-0.8620)
(-0.1075)
A1(-2.9459)
(9.1154)
(0.1389)
A2(7.7381)
(8.1211)
(3.0981)
A3(1.4317)
(9.4332)
(-2.6528)
A4(8.2696)
(12.2392)
(-12.8090)
G1(-0.7593)
(0.0984)
(-0.5683)
G2(1.9646)
(-1.1786)
(-1.3537)
G3(0.3161)
(0.2240)
(-0.3842)
G4(1.2946)
(-0.7508)
(-0.6971)
A1(-3.3866)
(10.8494)
(1.5568)
A2(4.9081)
(8.3606)
(0.1484)
A3(1.1253)
(9.7875)
(-1.2354)
A4(4.2808)
(23.7648)
(-3.5913)
G1(-0.2581)
(0.6886)
(-0.0325)
G2(2.0087)
(0.1357)
(-1.3846)
G3(0.7460)
(-0.0388)
(-0.4901)
G4(-0.3507)
(1.3643)
(-0.7636)
A1(-3.4105)
(9.9633)
(2.4285)
A2(8.6000)
(9.0692)
(0.8236)
A3(0.1389)
(8.2744)
(-5.9328)
A4(-0.7422)
(12.2535)
(-5.8371)
G1(0.4193)
(0.4693)
(-0.4571)
G2(1.0850)
(1.6719)
(-0.8636)
G3(0.3406)
(-0.2634)
(-0.3390)
G4(-0.8583)
(-0.2027)
(-0.5747)
