A1(-1.6574)
(8.9382)
(2.5052)
A2(3.3758)
(9.2081)
(1.2402)
A3(-3.0406)
(10.9702)
(-3.1556)
A4(0.5267)
(8.2696)
(-5.4157)
G1(-0.5944)
(-3.1911)
(-1.0541)
G2(-0.0862)
(0.9578)
(0.0442)
G3(0.3879)
(-2.0396)
(1.1653)
G4(0.1639)
(-0.4699)
(0.1219)
A1(-10.2603)
(7.8509)
(7.7982)
A2(2.9880)
(9.5050)
(2.9305)
A3(14.2982)
(9.5193)
(4.1084)
A4(-0.1724)
(9.5433)
(-5.8179)
G1(0.9833)
(-5.1338)
(-1.1951)
G2(-0.4816)
(-0.8056)
(-0.1495)
G3(-1.5554)
(-5.9182)
(4.3011)
G4(0.4784)
(-1.2239)
(0.9493)
A1(-5.9971)
(9.9872)
(9.2831)
A2(1.8244)
(9.2847)
(3.3806)
A3(-4.0941)
(11.9375)
(5.2050)
A4(0.1532)
(17.9805)
(1.7621)
G1(1.9603)
(-1.2606)
(-0.2708)
G2(-0.2698)
(-1.8603)
(-0.0974)
G3(-1.8549)
(-8.6639)
(5.0535)
G4(1.3638)
(-2.1827)
(1.7932)
A1(11.5105)
(21.1097)
(1.8681)
A2(2.5474)
(10.8026)
(6.1244)
A3(8.9160)
(4.5729)
(-8.3701)
A4(-8.9974)
(14.6860)
(-12.1769)
G1(1.8113)
(-4.5363)
(1.1142)
G2(0.3751)
(-2.6217)
(-0.3044)
G3(0.4629)
(-0.8780)
(-0.5028)
G4(2.4892)
(-2.1540)
(4.8007)
A1(8.6987)
(12.3439)
(2.9698)
A2(0.6512)
(6.3877)
(11.0899)
A3(-0.5219)
(14.2024)
(-7.7955)
A4(-33.1022)
(18.5599)
(-24.1527)
G1(2.1449)
(-6.4221)
(-0.8775)
G2(-3.1565)
(-4.3351)
(1.3776)
G3(-0.0729)
(-1.0115)
(-0.2730)
G4(0.6870)
(-0.9461)
(5.4717)
A1(7.8557)
(9.9058)
(5.4942)
A2(-4.2569)
(14.8776)
(7.2592)
A3(2.8299)
(6.1148)
(-8.3989)
A4(-1.8579)
(-0.2346)
(-22.4385)
G1(1.4442)
(-7.9519)
(-1.2654)
G2(-6.3289)
(-2.7122)
(0.2762)
G3(-0.6854)
(-1.1472)
(0.4890)
G4(0.0750)
(4.2622)
(5.4818)
A1(-6.3181)
(1.3029)
(3.7458)
A2(-0.0766)
(10.7308)
(22.1320)
A3(14.5041)
(9.0166)
(0.4836)
A4(-6.5027)
(-4.8267)
(-12.0093)
G1(0.5018)
(-9.4226)
(-2.2588)
G2(-7.0313)
(-5.5537)
(1.5602)
G3(-1.5548)
(-8.6447)
(3.3081)
G4(-0.1564)
(7.6470)
(6.3641)
A1(-4.0045)
(6.6294)
(6.9120)
A2(5.0039)
(18.2630)
(15.1026)
A3(7.0916)
(12.2775)
(6.2058)
A4(-5.4779)
(-3.9361)
(-5.6120)
G1(1.3542)
(-0.5257)
(-0.8338)
G2(-6.7514)
(-3.1613)
(0.4097)
G3(-1.7975)
(-10.1123)
(5.6984)
G4(-1.8188)
(7.4049)
(2.5036)
A1(-4.8284)
(3.5398)
(3.0369)
A2(-4.9799)
(15.9693)
(15.9789)
A3(-12.6174)
(24.4640)
(-4.7357)
A4(3.7876)
(-6.9911)
(-5.0278)
G1(0.9472)
(-1.8182)
(0.4965)
G2(-3.7376)
(-10.2155)
(2.8931)
G3(-1.1041)
(2.5919)
(-2.0114)
G4(-5.9033)
(3.2033)
(6.1533)
A1(-4.7948)
(9.4891)
(4.1865)
A2(-2.7150)
(-0.7422)
(-22.6108)
A3(-3.3327)
(8.3127)
(-4.8698)
A4(-15.3181)
(-31.7280)
(48.4299)
G1(0.1511)
(-0.2139)
(-0.1990)
G2(-2.0258)
(-0.6758)
(1.8826)
G3(-0.7013)
(0.3022)
(-0.7790)
G4(9.3402)
(-8.5915)
(-5.8852)
A1(-1.3364)
(8.6987)
(2.1890)
A2(16.4338)
(2.9975)
(-4.2042)
A3(-4.7214)
(10.2137)
(0.1628)
A4(2.5187)
(3.4860)
(-1.2881)
G1(-0.0186)
(0.2661)
(-0.3161)
G2(-0.7428)
(-2.0768)
(-0.2192)
G3(-0.7439)
(-1.3585)
(-0.1884)
G4(-9.7212)
(3.9185)
(-5.0758)
A1(-1.1400)
(10.0639)
(0.9628)
A2(-4.3814)
(2.9449)
(-2.8922)
A3(-1.5227)
(9.8354)
(-3.2753)
A4(4.4388)
(-3.9935)
(-0.0958)
G1(-0.1591)
(0.1006)
(-0.2618)
G2(-3.0070)
(1.7820)
(-0.7779)
G3(0.0090)
(-0.2719)
(-0.0436)
G4(2.2189)
(-3.7392)
(0.4752)
A1(-1.6478)
(10.2603)
(0.9820)
A2(13.3644)
(0.3256)
(-2.7054)
A3(2.0830)
(8.7149)
(-3.4572)
A4(3.6296)
(-2.9736)
(-5.5354)
G1(0.2751)
(0.2703)
(0.0654)
G2(0.8881)
(-0.6577)
(-1.7299)
G3(0.2458)
(0.0750)
(-0.1027)
G4(-2.3424)
(-3.6444)
(-1.1706)
A1(-1.5903)
(9.0292)
(1.6478)
A2(4.8363)
(1.0199)
(-0.6512)
A3(3.1125)
(7.5513)
(-4.5059)
A4(5.5162)
(-3.7589)
(-6.2872)
G1(0.2059)
(0.1165)
(-0.2432)
G2(-0.6263)
(-0.5241)
(-1.5639)
G3(0.1745)
(0.2937)
(-0.1070)
G4(-3.6237)
(-4.0212)
(-0.9961)
A1(-1.6095)
(9.1059)
(2.0885)
A2(7.3310)
(2.8156)
(-1.5754)
A3(1.9920)
(8.9639)
(-2.9401)
A4(-0.6656)
(2.3415)
(-9.2656)
G1(-0.3874)
(0.4262)
(0.2863)
G2(-0.9791)
(1.1898)
(-2.0933)
G3(0.1857)
(0.1729)
(-0.1729)
G4(-3.9685)
(-1.0046)
(-0.5385)
A1(-2.5723)
(8.1191)
(0.2060)
A2(11.2911)
(5.3917)
(0.9385)
A3(1.0965)
(10.6590)
(-1.8962)
A4(8.2073)
(0.2634)
(-14.9302)
G1(0.0835)
(0.4459)
(-0.2357)
G2(-0.6093)
(1.3952)
(-2.6031)
G3(0.2762)
(0.6071)
(-0.2112)
G4(-4.1968)
(-1.0669)
(-1.2366)
A1(-1.3412)
(10.9213)
(1.5568)
A2(9.1746)
(6.6319)
(1.6568)
A3(-0.3496)
(9.1554)
(-3.4764)
A4(-0.5076)
(4.3431)
(-8.7245)
G1(0.3735)
(0.9206)
(-0.0702)
G2(-0.3304)
(-0.0729)
(-3.2709)
G3(0.3570)
(2.1189)
(-0.7508)
G4(-3.5981)
(-2.4355)
(0.8040)
A1(-1.0634)
(9.2544)
(0.3114)
A2(6.7756)
(7.8721)
(1.0343)
A3(-0.3687)
(10.8984)
(-5.0949)
A4(3.0933)
(11.4251)
(-3.7350)
G1(-0.2214)
(1.1962)
(0.1027)
G2(1.5325)
(0.4981)
(-2.0987)
G3(0.0873)
(0.7646)
(-0.5188)
G4(-2.2280)
(-1.4011)
(0.4193)
A1(0.0240)
(9.8914)
(0.4263)
A2(7.7812)
(10.9990)
(-1.1588)
A3(1.7861)
(9.8641)
(-2.7246)
A4(3.1843)
(8.0014)
(-3.3232)
G1(-0.4933)
(1.2749)
(0.4342)
G2(2.3610)
(0.3815)
(-1.3324)
G3(0.2730)
(0.4507)
(-0.3171)
G4(-1.5900)
(0.6359)
(-0.0426)
A1(-0.1437)
(10.7009)
(2.1843)
A2(3.4955)
(7.0390)
(0.2729)
A3(1.0487)
(8.1594)
(-3.2609)
A4(5.1858)
(7.9679)
(-9.3948)
G1(0.2692)
(1.5618)
(-0.7966)
G2(0.8450)
(0.1038)
(-0.7322)
G3(0.3054)
(0.1240)
(-0.2671)
G4(0.9786)
(-0.0059)
(-0.0968)
