A1(0.4934)
(10.0256)
(0.1820)
A2(5.2625)
(8.2935)
(3.7254)
A3(-0.9864)
(9.1459)
(-4.7884)
A4(-5.1140)
(9.7875)
(-1.1684)
G1(0.1458)
(2.3259)
(-0.4454)
G2(-0.4837)
(-0.1282)
(0.4390)
G3(-0.1517)
(0.2496)
(-0.1953)
G4(1.0169)
(4.6363)
(-3.1155)
A1(-1.2454)
(10.2459)
(-0.0287)
A2(4.3144)
(8.2025)
(3.6966)
A3(2.6240)
(8.9591)
(-4.9321)
A4(2.6719)
(5.0566)
(-2.8108)
G1(0.1729)
(1.8358)
(-0.8056)
G2(-0.8067)
(0.5374)
(0.8264)
G3(0.1133)
(0.8961)
(-0.4150)
G4(0.0170)
(5.0710)
(-3.7934)
A1(0.0144)
(11.2901)
(2.9794)
A2(0.1293)
(5.9568)
(6.8139)
A3(-3.3040)
(14.6142)
(-0.5267)
A4(-3.4716)
(13.4985)
(-3.4620)
G1(-2.4940)
(3.2400)
(-1.2441)
G2(-0.2687)
(2.2993)
(0.7726)
G3(1.3681)
(1.0908)
(-0.7168)
G4(0.5747)
(-1.9529)
(-0.0404)
A1(-3.0129)
(1.2646)
(7.9179)
A2(4.6064)
(6.8139)
(7.3358)
A3(1.0247)
(18.7083)
(5.4061)
A4(5.0949)
(8.3606)
(-8.1068)
G1(-5.6026)
(3.4651)
(-0.9253)
G2(0.2081)
(3.9653)
(0.0032)
G3(2.5504)
(1.1382)
(-1.1579)
G4(0.8386)
(-0.0543)
(-0.1687)
A1(-8.8712)
(6.3947)
(10.7872)
A2(6.4548)
(9.6103)
(9.1746)
A3(2.5953)
(15.0883)
(-6.4979)
A4(-2.5091)
(8.4611)
(-4.1180)
G1(-7.6065)
(5.3387)
(-0.1203)
G2(1.1105)
(0.3629)
(0.0543)
G3(2.9601)
(3.2970)
(-3.6689)
G4(0.3852)
(2.0816)
(-0.5853)
A1(-5.7864)
(21.8090)
(16.5544)
A2(-11.0947)
(10.8314)
(-8.1594)
A3(10.0173)
(16.3428)
(-10.7069)
A4(-4.7980)
(9.4906)
(-5.2289)
G1(-7.8300)
(2.7452)
(-2.1896)
G2(1.7820)
(3.3677)
(-2.3652)
G3(3.0777)
(5.9389)
(-5.8580)
G4(-0.0921)
(2.5690)
(-0.3916)
A1(-9.5801)
(8.9047)
(10.4758)
A2(-4.7884)
(11.1905)
(2.1739)
A3(7.8338)
(0.6177)
(-24.1431)
A4(-4.6495)
(15.3899)
(4.9081)
G1(-6.0177)
(7.1218)
(-0.5305)
G2(1.2936)
(4.4197)
(0.6971)
G3(-2.2349)
(-1.8172)
(-2.1944)
G4(1.0163)
(7.0398)
(-1.7272)
A1(0.9245)
(10.0687)
(8.0473)
A2(-5.2864)
(9.6678)
(2.6240)
A3(5.6743)
(7.2305)
(-19.6899)
A4(-6.0286)
(7.4891)
(-2.6240)
G1(-3.2427)
(6.0874)
(-1.5431)
G2(1.0914)
(4.7528)
(1.0094)
G3(0.6066)
(-2.3142)
(-8.1626)
G4(1.0275)
(8.2153)
(-3.5519)
A1(3.8847)
(3.1662)
(-38.1431)
A2(-9.0836)
(7.3406)
(11.0516)
A3(3.3615)
(-6.1292)
(-0.8140)
A4(6.5362)
(6.9240)
(-1.9297)
G1(-0.2554)
(6.5333)
(-3.3949)
G2(-0.3092)
(6.3151)
(1.3947)
G3(2.0156)
(-4.7837)
(-7.0723)
G4(-0.7748)
(-0.7976)
(1.4128)
A1(-11.6398)
(-1.3795)
(16.0562)
A2(-1.3791)
(7.3358)
(9.1985)
A3(1.7621)
(-12.5360)
(-0.8571)
A4(-5.6168)
(12.2248)
(0.2203)
G1(1.4351)
(3.4422)
(-2.1348)
G2(-0.6268)
(10.0426)
(1.3782)
G3(-1.0227)
(-4.1920)
(-6.8877)
G4(-0.2166)
(0.9684)
(-0.5369)
A1(-9.5609)
(2.5770)
(-0.7712)
A2(13.3740)
(3.6105)
(9.7396)
A3(-10.9223)
(65.7687)
(-63.1112)
A4(5.0087)
(8.1594)
(-3.5482)
G1(-0.8445)
(-8.1786)
(2.9272)
G2(0.1086)
(-1.6219)
(1.0658)
G3(10.2245)
(-1.5937)
(-3.0453)
G4(0.0468)
(-0.1336)
(0.2118)
A1(-16.6406)
(2.1076)
(0.5461)
A2(-8.8155)
(13.8624)
(7.2209)
A3(-12.3637)
(-21.6819)
(2.2793)
A4(2.4373)
(7.5322)
(-0.2777)
G1(0.5912)
(0.7487)
(0.3044)
G2(-0.0718)
(0.1155)
(-0.6093)
G3(-6.2630)
(-0.9690)
(13.4853)
G4(-0.0639)
(0.1250)
(-0.1043)
A1(-11.5488)
(7.9036)
(0.3640)
A2(7.9248)
(9.1315)
(1.9824)
A3(-8.9399)
(-8.1977)
(-3.8211)
A4(-0.9816)
(7.1922)
(-7.1682)
G1(-0.6359)
(-4.2260)
(3.1953)
G2(0.4906)
(-1.6948)
(-0.1995)
G3(2.0470)
(2.8452)
(2.9149)
G4(0.2139)
(-0.2033)
(0.1942)
A1(-15.6251)
(2.2944)
(-0.2826)
A2(0.1484)
(5.3870)
(-1.0439)
A3(-1.8483)
(-3.5674)
(-4.2713)
A4(-1.3168)
(7.9918)
(-6.4643)
G1(1.2004)
(-2.0146)
(2.5222)
G2(0.2549)
(-0.8796)
(0.3650)
G3(1.7852)
(4.0478)
(0.2496)
G4(-0.0553)
(-0.3033)
(0.2565)
A1(-7.1755)
(5.4846)
(6.0354)
A2(4.6304)
(9.7300)
(0.5794)
A3(-7.0629)
(-2.2362)
(-11.8561)
A4(0.5028)
(8.5186)
(-4.7836)
G1(0.2480)
(-1.2840)
(2.1684)
G2(-0.5358)
(-0.7870)
(0.1197)
G3(-1.0392)
(3.6556)
(0.0724)
G4(-0.2464)
(-0.2703)
(0.0506)
A1(-7.4389)
(6.3324)
(2.0980)
A2(-1.6712)
(10.4866)
(2.0255)
A3(-4.7262)
(-1.4461)
(-11.3820)
A4(2.2553)
(9.0836)
(-4.4532)
G1(0.9951)
(-1.0174)
(1.5979)
G2(0.2410)
(-0.6902)
(-0.0234)
G3(-1.5921)
(3.8121)
(-1.5958)
G4(-0.3203)
(-0.2160)
(0.0181)
A1(-7.9084)
(6.1600)
(2.3567)
A2(1.4030)
(8.7771)
(1.4174)
A3(0.4166)
(0.8092)
(-8.5329)
A4(1.6089)
(9.3182)
(-3.8690)
G1(1.2010)
(-0.4784)
(1.0546)
G2(0.0585)
(-0.3054)
(-0.1777)
G3(-3.3800)
(1.6102)
(-1.1217)
G4(-0.2501)
(0.4448)
(-0.0282)
A1(-3.9183)
(7.6162)
(4.0763)
A2(0.6464)
(9.5720)
(1.5083)
A3(-1.4461)
(0.0958)
(-11.4778)
A4(0.9960)
(8.7340)
(-5.4109)
G1(1.2217)
(0.0458)
(1.3744)
G2(0.1304)
(-0.8434)
(-0.1086)
G3(-3.6381)
(0.4294)
(-0.9690)
G4(-0.3927)
(0.1330)
(-0.0511)
A1(-7.0461)
(6.8210)
(4.0284)
A2(1.1205)
(10.1514)
(0.5842)
A3(-0.5794)
(3.6583)
(-9.8689)
A4(1.3168)
(9.5433)
(-2.9928)
G1(1.6442)
(-0.0261)
(1.0397)
G2(0.3326)
(-0.1474)
(-0.0548)
G3(-3.6593)
(0.5954)
(-0.9541)
G4(-0.3352)
(-0.1868)
(0.0521)
A1(-4.8810)
(7.7168)
(1.7867)
A2(0.5555)
(9.1698)
(0.6464)
A3(-2.4565)
(11.3677)
(-8.2744)
A4(0.4070)
(9.4523)
(-3.3567)
G1(1.5128)
(0.3932)
(0.8179)
G2(0.3310)
(-0.2778)
(0.0915)
G3(-3.0070)
(1.1834)
(-1.2893)
G4(-0.2852)
(0.0995)
(0.0516)
