A1(-0.7951)
(6.1312)
(4.1242)
A2(0.7278)
(9.1602)
(-0.6608)
A3(-3.3423)
(10.4531)
(-2.3272)
A4(0.9481)
(9.2416)
(-4.5633)
G1(-1.5735)
(-0.9418)
(-0.8046)
G2(-0.0452)
(0.2607)
(-0.0341)
G3(0.7497)
(-1.1515)
(0.5981)
G4(0.3150)
(-0.5635)
(0.0963)
A1(-0.4551)
(9.3262)
(7.2521)
A2(3.9025)
(8.8107)
(-1.1109)
A3(6.4452)
(9.1219)
(-1.2689)
A4(-3.1891)
(11.3102)
(-0.2394)
G1(0.1171)
(-4.7587)
(0.1368)
G2(-0.4214)
(-0.8764)
(0.1346)
G3(-0.2746)
(-3.5247)
(2.5776)
G4(1.1403)
(-0.2363)
(0.2740)
A1(-8.4879)
(13.6468)
(9.3214)
A2(2.8012)
(9.2512)
(2.1979)
A3(1.1971)
(13.6517)
(13.4698)
A4(-5.0422)
(14.4658)
(4.2042)
G1(2.2844)
(0.9509)
(-0.3012)
G2(-0.1713)
(-1.9034)
(0.3852)
G3(-3.6737)
(-11.5665)
(4.6198)
G4(2.6089)
(-2.6393)
(2.6904)
A1(7.7503)
(15.3138)
(-1.3700)
A2(3.3471)
(11.0756)
(2.6240)
A3(34.4047)
(11.4874)
(-18.7705)
A4(-3.7493)
(11.2144)
(-10.2041)
G1(1.5335)
(-3.5902)
(0.5523)
G2(-1.0334)
(-1.2004)
(0.7779)
G3(0.8354)
(2.2099)
(-0.9786)
G4(2.4387)
(-1.8108)
(5.1152)
A1(-2.5531)
(5.9109)
(2.3998)
A2(0.7183)
(13.1921)
(3.9217)
A3(-1.7382)
(3.7876)
(-18.3061)
A4(-11.7986)
(22.0698)
(-17.1377)
G1(1.6911)
(-4.7587)
(-1.1084)
G2(-1.2058)
(-3.5173)
(1.5043)
G3(1.3138)
(-0.2506)
(-0.3767)
G4(1.3319)
(-5.5898)
(9.1773)
A1(8.4592)
(11.1225)
(4.3350)
A2(-1.0104)
(9.4475)
(8.0589)
A3(1.5514)
(8.0828)
(-2.8778)
A4(-6.8378)
(1.1253)
(-22.7449)
G1(1.3313)
(-5.9384)
(-1.4213)
G2(-7.6949)
(-2.4083)
(1.0030)
G3(-0.0298)
(-1.0259)
(0.4544)
G4(-0.3608)
(4.0260)
(6.3252)
A1(2.8357)
(7.7072)
(7.4294)
A2(-0.6656)
(9.1028)
(22.4816)
A3(8.6095)
(8.5665)
(-2.3128)
A4(-6.6080)
(-2.9018)
(-10.7548)
G1(0.2474)
(-9.7382)
(-1.3308)
G2(-7.3745)
(-5.4100)
(1.1754)
G3(-0.3257)
(-4.1425)
(0.7604)
G4(1.1345)
(6.5296)
(5.9160)
A1(-1.5472)
(2.9076)
(9.4555)
A2(11.7747)
(5.4205)
(11.3246)
A3(7.1874)
(5.7892)
(1.3168)
A4(-0.3017)
(-11.2144)
(0.2155)
G1(0.9504)
(-1.3223)
(-0.2432)
G2(-5.1179)
(-6.3561)
(-0.4369)
G3(-2.5259)
(-9.6195)
(3.5614)
G4(-5.4089)
(2.9979)
(1.6820)
A1(-5.9205)
(4.7421)
(0.5892)
A2(-0.5363)
(10.4962)
(6.1387)
A3(-4.9943)
(10.5105)
(1.0726)
A4(-8.3845)
(83.1602)
(-32.6713)
G1(-0.1298)
(-0.2208)
(-0.0367)
G2(-1.9167)
(-4.9832)
(1.9044)
G3(-1.5825)
(-2.0758)
(-0.1394)
G4(6.2268)
(-6.4412)
(3.0937)
A1(-0.1868)
(10.6483)
(-0.1293)
A2(6.6846)
(1.6185)
(-15.9214)
A3(-6.9815)
(12.8664)
(-0.4836)
A4(5.6695)
(15.1122)
(-15.6054)
G1(-0.1325)
(0.6577)
(-0.1187)
G2(0.8226)
(-3.4949)
(1.2866)
G3(0.2357)
(0.8503)
(-0.5028)
G4(-0.6130)
(1.0499)
(-1.7038)
A1(-2.5531)
(9.5801)
(0.4119)
A2(1.8148)
(-1.0918)
(-6.5936)
A3(1.6520)
(9.0980)
(-4.3479)
A4(12.7850)
(-6.6032)
(-5.2768)
G1(0.1203)
(0.3746)
(-0.2788)
G2(1.1531)
(-0.8125)
(1.2813)
G3(0.5225)
(1.0791)
(-0.3278)
G4(2.7106)
(-2.7388)
(-0.7668)
A1(-1.5089)
(9.9585)
(0.7425)
A2(14.6525)
(-1.4988)
(0.5171)
A3(1.7669)
(9.1602)
(-3.0071)
A4(5.4779)
(-3.1412)
(-4.1803)
G1(0.1362)
(0.5997)
(-0.1277)
G2(0.3214)
(-0.1586)
(-0.8040)
G3(0.1192)
(0.9631)
(-0.2639)
G4(0.9041)
(-1.9603)
(-1.7230)
A1(-2.3375)
(10.0256)
(0.7712)
A2(9.7827)
(1.7957)
(-1.3791)
A3(1.6185)
(8.7724)
(-3.5865)
A4(4.8363)
(-1.7957)
(-7.5082)
G1(0.2719)
(0.4108)
(-0.0255)
G2(-0.0729)
(1.4867)
(-1.5889)
G3(0.0059)
(0.7572)
(-0.1820)
G4(-2.2402)
(-3.4630)
(-2.1418)
A1(-1.2789)
(8.9574)
(-0.9867)
A2(6.1770)
(3.7589)
(2.5570)
A3(2.1261)
(9.2464)
(-2.0207)
A4(0.2586)
(2.2266)
(-9.6295)
G1(0.4406)
(-0.0724)
(0.2033)
G2(0.0277)
(1.5963)
(-1.4112)
G3(0.0122)
(-0.1990)
(0.0543)
G4(-4.0723)
(-2.5350)
(-1.9890)
A1(-3.2572)
(9.6998)
(-1.5759)
A2(11.2527)
(4.7980)
(2.0973)
A3(2.8060)
(8.8298)
(-3.4907)
A4(2.3894)
(6.7133)
(-11.1809)
G1(0.4438)
(0.4518)
(-0.7114)
G2(0.8615)
(1.7522)
(-1.9002)
G3(-0.0543)
(-0.3203)
(0.0527)
G4(-2.5094)
(-0.2336)
(-0.2517)
A1(0.5413)
(10.5620)
(-0.7281)
A2(6.0238)
(5.6743)
(5.6647)
A3(1.0247)
(10.8840)
(-0.1676)
A4(7.6998)
(9.5289)
(-7.1970)
G1(-0.6162)
(0.6449)
(1.0264)
G2(1.0211)
(0.1235)
(-1.9433)
G3(0.1900)
(1.4367)
(-0.2192)
G4(-2.1641)
(-1.1563)
(1.1025)
A1(-0.4119)
(9.5130)
(-1.1831)
A2(7.1635)
(7.7428)
(2.9209)
A3(3.0742)
(8.4228)
(-3.0550)
A4(3.6152)
(10.2855)
(-5.2050)
G1(0.5763)
(-0.6311)
(0.0772)
G2(1.2377)
(1.1190)
(-1.7432)
G3(0.2038)
(-0.0090)
(-0.0495)
G4(-1.6362)
(-1.8443)
(0.8971)
A1(-1.0346)
(9.5274)
(0.1150)
A2(4.9895)
(7.2065)
(4.5203)
A3(2.0159)
(8.8107)
(-3.8690)
A4(5.5785)
(7.7764)
(-6.9863)
G1(-0.0239)
(-0.0293)
(-0.4720)
G2(1.3015)
(-1.1238)
(-1.5224)
G3(-0.0532)
(0.2256)
(-0.1671)
G4(-1.8102)
(-1.7586)
(0.5960)
A1(-0.5365)
(11.3620)
(0.1389)
A2(5.6647)
(9.1746)
(1.6281)
A3(1.1779)
(9.4427)
(-2.5953)
A4(8.9208)
(3.0167)
(-2.7485)
G1(-0.3943)
(0.5976)
(-0.2251)
G2(0.9562)
(-0.4432)
(-0.9009)
G3(0.1091)
(0.1873)
(-0.2889)
G4(0.0782)
(0.4592)
(-0.2522)
A1(-0.2778)
(10.5525)
(1.7053)
A2(5.5785)
(6.5793)
(0.7997)
A3(0.0718)
(8.6910)
(-4.3574)
A4(2.2314)
(10.3717)
(-4.9321)
G1(1.2334)
(1.3431)
(-0.7306)
G2(0.8482)
(-0.1016)
(-0.6651)
G3(-0.0223)
(-0.0037)
(-0.3262)
G4(-0.1809)
(-0.1889)
(-0.4544)
