A1(-1.8729)
(7.6976)
(0.0527)
A2(3.9169)
(8.4611)
(3.1795)
A3(1.0247)
(7.5465)
(-6.6655)
A4(3.0167)
(9.2368)
(-3.9073)
G1(-0.0298)
(0.3996)
(0.1187)
G2(0.0021)
(0.0905)
(0.0404)
G3(0.0053)
(0.4848)
(-0.1213)
G4(0.0740)
(0.3342)
(-0.0074)
A1(-5.0104)
(10.8446)
(0.0766)
A2(4.1611)
(8.4420)
(2.9592)
A3(0.5219)
(7.7189)
(-5.9711)
A4(4.5203)
(8.6526)
(-3.9313)
G1(-0.0357)
(0.6768)
(0.1112)
G2(-0.0639)
(0.0314)
(0.0378)
G3(0.0011)
(0.4805)
(-0.0793)
G4(0.2384)
(1.1797)
(-0.4832)
A1(-0.9101)
(10.7776)
(0.1724)
A2(3.9696)
(8.4755)
(2.3750)
A3(1.0918)
(8.1882)
(-6.5793)
A4(4.2808)
(7.8099)
(-3.6631)
G1(0.3906)
(2.7468)
(-0.5539)
G2(-0.2410)
(0.2873)
(0.0160)
G3(-0.1378)
(0.6220)
(-0.3177)
G4(1.0653)
(3.5934)
(-2.3589)
A1(1.2167)
(10.4567)
(1.0346)
A2(4.3958)
(7.9392)
(1.4078)
A3(1.4653)
(8.6143)
(-4.8937)
A4(-3.1747)
(11.4443)
(-2.5379)
G1(-0.0585)
(3.3800)
(-0.4188)
G2(-0.8588)
(0.9206)
(0.0452)
G3(-0.0835)
(0.5741)
(-0.3150)
G4(1.0610)
(6.9372)
(-4.3851)
A1(-1.1400)
(10.0543)
(2.5483)
A2(7.4460)
(5.8658)
(5.1427)
A3(0.8954)
(10.7404)
(-6.5649)
A4(5.0470)
(4.1037)
(-7.4508)
G1(-0.1596)
(3.5109)
(-1.4356)
G2(-0.5257)
(3.6248)
(1.4841)
G3(0.5225)
(1.2058)
(-0.5736)
G4(1.1339)
(3.4954)
(-2.4169)
A1(3.7650)
(10.2746)
(8.0137)
A2(-0.4166)
(6.5410)
(5.8275)
A3(-3.0023)
(11.8369)
(0.9194)
A4(-11.4730)
(-0.3926)
(-11.0708)
G1(-2.3993)
(3.6977)
(-1.2739)
G2(0.1676)
(2.2024)
(1.6176)
G3(1.2856)
(1.5798)
(-0.9456)
G4(-2.1880)
(-5.1626)
(1.2398)
A1(-6.8306)
(20.7600)
(-7.2377)
A2(9.1267)
(7.4077)
(9.4044)
A3(-5.8802)
(25.0003)
(2.9688)
A4(4.8028)
(10.8793)
(-7.6758)
G1(-6.4950)
(4.8869)
(0.9535)
G2(1.5804)
(4.1265)
(0.4581)
G3(3.2070)
(1.3425)
(-2.0343)
G4(0.6651)
(-0.7444)
(-0.3640)
A1(0.5030)
(10.9644)
(22.3024)
A2(7.2113)
(9.4858)
(10.3382)
A3(6.5457)
(17.7410)
(1.9058)
A4(-3.4572)
(9.7636)
(-5.7844)
G1(-7.4613)
(3.9105)
(-0.1729)
G2(3.2560)
(0.1293)
(-1.1983)
G3(3.7945)
(5.8048)
(-4.5677)
G4(0.7295)
(3.5199)
(-0.8221)
A1(0.2635)
(27.3320)
(17.4357)
A2(-2.9975)
(3.8451)
(0.1101)
A3(20.3028)
(23.7744)
(-13.8959)
A4(-6.8618)
(11.5831)
(-5.3870)
G1(-8.1844)
(3.9387)
(0.7593)
G2(0.0165)
(-0.6343)
(0.2400)
G3(3.2666)
(6.1150)
(-5.9006)
G4(-0.1266)
(2.5052)
(-0.6103)
A1(-0.8909)
(13.4696)
(11.4434)
A2(3.9313)
(2.8299)
(0.8284)
A3(11.7651)
(1.3791)
(-22.4241)
A4(-4.1420)
(15.1601)
(-2.8635)
G1(-4.7773)
(8.3893)
(-0.0591)
G2(1.8081)
(4.7534)
(1.7570)
G3(1.9044)
(-2.1487)
(-5.0870)
G4(1.4755)
(8.8134)
(-3.5428)
A1(6.5863)
(10.8542)
(3.1279)
A2(-8.6048)
(14.3413)
(4.9847)
A3(19.5798)
(-3.4189)
(-14.0348)
A4(-8.0589)
(-4.0893)
(-4.8650)
G1(-0.5497)
(6.7403)
(-1.0376)
G2(0.9897)
(4.0935)
(0.5608)
G3(5.3525)
(-4.4261)
(-9.8728)
G4(0.5901)
(11.7975)
(-6.2374)
A1(-15.1222)
(7.6976)
(26.9392)
A2(-5.5593)
(7.2880)
(12.9047)
A3(4.9991)
(-9.0980)
(8.9926)
A4(5.3726)
(18.0236)
(2.6480)
G1(0.7795)
(-0.9988)
(0.3555)
G2(-0.5571)
(9.8584)
(2.0582)
G3(0.3203)
(-7.1511)
(-5.5478)
G4(-0.9674)
(0.9445)
(0.7311)
A1(9.0915)
(7.1419)
(3.7841)
A2(7.7907)
(10.1610)
(7.6567)
A3(0.5555)
(-24.2533)
(6.5841)
A4(0.1676)
(6.8091)
(-0.9242)
G1(-2.3259)
(3.9579)
(0.3443)
G2(2.0476)
(11.5224)
(2.0779)
G3(-6.4652)
(-1.5091)
(-7.3889)
G4(-0.8615)
(-1.5596)
(1.3654)
A1(-7.7263)
(1.0682)
(-5.9828)
A2(11.9471)
(4.6160)
(18.8424)
A3(-12.6701)
(86.3301)
(-130.9054)
A4(6.8666)
(13.8768)
(1.6089)
G1(-0.0059)
(-8.2052)
(2.0907)
G2(0.4651)
(-0.4938)
(1.1499)
G3(9.6014)
(-14.9018)
(-10.4108)
G4(-0.4949)
(-4.1984)
(1.4442)
A1(-10.2172)
(7.9994)
(-1.9352)
A2(6.0478)
(3.7254)
(3.4668)
A3(-7.7764)
(16.7546)
(-15.7443)
A4(-0.8811)
(8.5473)
(-6.3590)
G1(-0.1059)
(-4.6677)
(3.0293)
G2(0.3884)
(-0.5491)
(-0.0426)
G3(-4.7188)
(-0.3975)
(4.1712)
G4(0.3006)
(1.4601)
(-0.2911)
A1(-7.2569)
(7.3815)
(0.5700)
A2(7.8434)
(7.9104)
(1.8531)
A3(-5.2002)
(-4.9895)
(-5.7461)
A4(1.5850)
(9.5337)
(-3.4141)
G1(0.1543)
(-0.7774)
(1.8651)
G2(0.0990)
(-2.3205)
(-0.8982)
G3(0.2746)
(2.0449)
(2.4174)
G4(0.1341)
(0.8338)
(-0.0676)
A1(-7.1898)
(6.1600)
(2.0310)
A2(-1.7334)
(9.8162)
(-0.3352)
A3(-5.7796)
(-3.0742)
(-10.3908)
A4(-0.0622)
(8.6143)
(-5.4731)
G1(0.7710)
(-0.8019)
(2.0380)
G2(0.2517)
(0.9227)
(0.4177)
G3(-2.5254)
(4.0079)
(1.5905)
G4(0.0138)
(0.4518)
(-0.0314)
A1(-6.7540)
(7.9658)
(0.5988)
A2(6.5266)
(9.4763)
(2.1548)
A3(-5.6934)
(-2.6480)
(-11.5927)
A4(2.2505)
(8.8777)
(-4.5777)
G1(1.1414)
(-0.9057)
(1.6495)
G2(-0.0963)
(0.7354)
(0.0878)
G3(-2.4318)
(3.2986)
(-0.1820)
G4(-0.0942)
(0.4911)
(-0.0617)
A1(-6.4426)
(7.8700)
(1.8250)
A2(-0.9002)
(10.2232)
(1.1253)
A3(-1.7286)
(0.4262)
(-10.2520)
A4(0.7326)
(8.9160)
(-4.1324)
G1(1.5538)
(-1.0632)
(1.0834)
G2(0.2639)
(0.4055)
(-0.0607)
G3(-2.9234)
(2.2274)
(-1.2265)
G4(-0.3134)
(-0.4768)
(0.2192)
A1(-5.1828)
(7.8652)
(2.7351)
A2(3.8451)
(9.7348)
(0.8284)
A3(-0.0958)
(4.2138)
(-9.6869)
A4(1.3360)
(9.3613)
(-3.4860)
G1(2.0279)
(-0.3528)
(0.9897)
G2(0.0234)
(-0.0841)
(0.1075)
G3(-2.9128)
(0.4762)
(-0.4385)
G4(-0.3076)
(-0.3262)
(0.2011)
