A1(-3.9230)
(8.6652)
(4.3829)
A2(2.5283)
(8.5425)
(1.6137)
A3(-4.6878)
(9.3422)
(-3.1508)
A4(-0.5602)
(8.2361)
(-5.5689)
G1(-0.7524)
(-1.4670)
(-0.3065)
G2(-0.1240)
(0.4544)
(-0.0527)
G3(0.5236)
(-1.0951)
(0.5119)
G4(0.3219)
(-0.1517)
(0.0968)
A1(-5.0966)
(7.6066)
(4.8188)
A2(1.9249)
(9.6534)
(0.5890)
A3(-2.2122)
(9.7109)
(-3.4189)
A4(-0.5124)
(7.8243)
(-7.0342)
G1(-0.8668)
(-2.7776)
(-0.7279)
G2(-0.1490)
(-0.5002)
(-0.1101)
G3(0.5720)
(-2.2423)
(1.3494)
G4(0.2943)
(-0.5672)
(0.3001)
A1(0.0575)
(8.5215)
(3.8608)
A2(1.4940)
(9.0022)
(1.3551)
A3(-1.1109)
(8.7724)
(-4.0414)
A4(-2.1165)
(7.3741)
(-7.7381)
G1(0.3475)
(-1.8150)
(-0.6593)
G2(-0.1522)
(-1.0573)
(0.0170)
G3(0.5225)
(-1.3250)
(1.3010)
G4(0.2416)
(-0.3139)
(0.4310)
A1(-14.6048)
(7.7503)
(14.7629)
A2(1.8244)
(9.7636)
(0.4118)
A3(12.5408)
(6.3686)
(6.3542)
A4(0.3926)
(11.0756)
(-2.2362)
G1(0.6449)
(-0.4784)
(0.1548)
G2(0.1160)
(-1.4681)
(0.0208)
G3(-3.7961)
(-6.5918)
(5.0934)
G4(0.6055)
(-1.1393)
(1.1808)
A1(1.5951)
(11.8793)
(4.1865)
A2(0.4166)
(10.4483)
(1.2115)
A3(-16.5631)
(11.2144)
(-3.2657)
A4(-2.2697)
(18.7322)
(2.8826)
G1(0.9110)
(1.4516)
(-1.9672)
G2(0.1916)
(-2.1104)
(0.1043)
G3(-1.0025)
(-4.4415)
(2.2748)
G4(1.5410)
(-1.0823)
(1.9305)
A1(-2.4142)
(6.1839)
(-1.5951)
A2(-0.9529)
(8.0972)
(1.6328)
A3(8.0158)
(10.6686)
(-10.7212)
A4(-3.4812)
(18.4306)
(-4.0797)
G1(2.5206)
(-1.1148)
(-0.9780)
G2(0.5326)
(-2.1657)
(0.3299)
G3(1.0850)
(-2.1966)
(0.3464)
G4(2.5243)
(-5.0279)
(5.8256)
A1(8.3299)
(11.8074)
(2.0453)
A2(0.1628)
(14.6046)
(5.3439)
A3(-5.0374)
(11.1522)
(-1.8771)
A4(-17.6261)
(27.7392)
(-19.3930)
G1(1.6229)
(-4.4208)
(-0.7795)
G2(-0.3570)
(-2.7446)
(1.1802)
G3(0.8258)
(2.4323)
(-0.7210)
G4(2.9708)
(-4.6400)
(9.6525)
A1(12.4589)
(10.9261)
(6.4761)
A2(-0.3448)
(10.4675)
(7.8051)
A3(4.8554)
(9.8402)
(-2.0542)
A4(-9.5385)
(-0.9912)
(-24.4879)
G1(1.8124)
(-7.5315)
(-1.8949)
G2(-7.8976)
(-3.9823)
(-0.5986)
G3(-0.2192)
(-0.8971)
(0.5593)
G4(0.4363)
(4.2393)
(5.7282)
A1(10.6674)
(8.0185)
(16.5783)
A2(3.9025)
(14.7435)
(10.5153)
A3(7.2832)
(8.0493)
(-2.1117)
A4(-5.9616)
(-5.1811)
(-12.4211)
G1(0.8716)
(-9.1869)
(-1.4819)
G2(-7.9359)
(-7.7359)
(-0.5353)
G3(-0.8764)
(-3.2539)
(0.8817)
G4(0.6417)
(6.9882)
(7.0814)
A1(-9.7525)
(3.1423)
(5.9444)
A2(12.1147)
(19.9533)
(14.3556)
A3(21.5526)
(10.1370)
(1.0822)
A4(-7.2784)
(-7.6136)
(-2.2697)
G1(1.7001)
(-3.1395)
(-0.5529)
G2(-6.6349)
(-3.4534)
(-2.6983)
G3(-1.0967)
(-11.2521)
(4.3447)
G4(-4.1446)
(6.0166)
(3.1980)
A1(1.2742)
(15.7353)
(7.4054)
A2(8.8585)
(5.6695)
(13.9582)
A3(13.9582)
(0.3065)
(0.3783)
A4(-3.5195)
(-14.5184)
(-2.8491)
G1(-0.6497)
(-0.7370)
(1.5149)
G2(-6.4944)
(-9.8632)
(-0.2283)
G3(-2.3780)
(-10.0622)
(4.7326)
G4(-6.1645)
(3.2932)
(3.8983)
A1(-15.6443)
(8.3059)
(6.5336)
A2(-6.4548)
(16.0651)
(4.2090)
A3(13.0149)
(-4.3479)
(9.3518)
A4(-2.8299)
(12.4594)
(30.1095)
G1(-0.1995)
(-1.0030)
(-0.4805)
G2(0.3246)
(-2.7510)
(1.3244)
G3(-0.2086)
(2.7047)
(-1.5809)
G4(5.6425)
(-13.4763)
(-6.6232)
A1(-2.4573)
(10.5620)
(0.7233)
A2(1.5036)
(2.7869)
(-8.0014)
A3(-10.3765)
(11.0708)
(3.5291)
A4(21.3467)
(10.5441)
(-2.0830)
G1(-0.5034)
(1.5421)
(-0.4172)
G2(1.5559)
(-0.1117)
(1.1472)
G3(-0.8689)
(-2.9133)
(-0.0798)
G4(-4.4586)
(4.9045)
(-3.9009)
A1(-1.7579)
(10.4806)
(0.9388)
A2(-4.3958)
(9.1554)
(3.3806)
A3(1.8148)
(8.6191)
(-3.3184)
A4(5.4779)
(-4.5586)
(4.6926)
G1(-0.0484)
(2.8383)
(-0.1517)
G2(-0.3783)
(-5.3286)
(0.5428)
G3(0.4230)
(2.8250)
(-0.9706)
G4(6.3332)
(-5.0199)
(1.1978)
A1(-2.8261)
(8.9047)
(2.0262)
A2(-3.0885)
(-6.2632)
(3.5865)
A3(2.9305)
(9.2225)
(-5.2289)
A4(2.8683)
(-3.6248)
(-4.0893)
G1(0.1671)
(2.1662)
(0.0149)
G2(-1.0121)
(2.7718)
(-2.2950)
G3(0.0500)
(2.5265)
(-0.9386)
G4(0.1612)
(-6.7839)
(-0.0713)
A1(0.6467)
(10.9452)
(0.1150)
A2(4.4053)
(3.0646)
(0.6081)
A3(-2.0542)
(9.2847)
(-3.3662)
A4(-0.0335)
(0.5842)
(-1.7909)
G1(0.1910)
(1.1957)
(-0.1165)
G2(-0.2623)
(3.7966)
(-2.5776)
G3(-0.2373)
(2.0236)
(-0.6332)
G4(-7.3267)
(-8.0024)
(-1.3058)
A1(-0.5748)
(9.7190)
(1.8537)
A2(6.4356)
(6.2968)
(4.5633)
A3(0.6177)
(9.2895)
(-3.0550)
A4(-5.0853)
(-0.0287)
(-9.5002)
G1(0.0580)
(1.8023)
(-0.1543)
G2(-0.5268)
(5.0700)
(-2.4238)
G3(-0.1735)
(0.7976)
(-0.2528)
G4(-4.6719)
(-3.1001)
(-1.0695)
A1(-0.4359)
(8.8376)
(1.6669)
A2(10.0844)
(6.6319)
(6.5266)
A3(0.4070)
(9.2751)
(-1.9393)
A4(7.2449)
(11.9183)
(-12.4642)
G1(0.0170)
(0.3054)
(-0.1027)
G2(2.5893)
(1.7304)
(-1.5915)
G3(0.1368)
(0.7609)
(-0.3421)
G4(-3.3592)
(-1.8193)
(2.9186)
A1(-1.1400)
(8.5981)
(0.6658)
A2(7.2353)
(8.0110)
(9.5146)
A3(1.3886)
(9.1363)
(-2.0494)
A4(5.5833)
(17.3292)
(-9.3661)
G1(-0.3214)
(-0.9349)
(-0.2469)
G2(2.4445)
(0.2969)
(-2.5126)
G3(0.2533)
(0.3102)
(-0.2357)
G4(-3.5364)
(-3.0102)
(2.1567)
A1(-2.5866)
(9.7525)
(2.7926)
A2(10.3956)
(9.9934)
(4.5538)
A3(0.2777)
(9.1985)
(-1.7286)
A4(-6.1339)
(7.7381)
(-2.0638)
G1(0.8594)
(0.0096)
(-0.4778)
G2(3.5795)
(-0.8775)
(-2.6941)
G3(0.5960)
(-0.3331)
(-0.0490)
G4(0.8556)
(0.8540)
(-1.3351)
