A1(-2.3423)
(9.6615)
(-1.0059)
A2(3.6152)
(8.3606)
(4.1994)
A3(0.2346)
(7.7955)
(-6.0908)
A4(2.8299)
(8.9974)
(-3.8355)
G1(-0.0176)
(0.3390)
(0.0963)
G2(0.0623)
(0.0548)
(0.1282)
G3(0.0495)
(0.1841)
(0.0729)
G4(-0.0165)
(0.3469)
(-0.0766)
A1(-2.6154)
(8.3251)
(-0.2347)
A2(2.3320)
(9.2273)
(2.9209)
A3(0.5267)
(7.8482)
(-6.8139)
A4(3.8978)
(8.9016)
(-3.7445)
G1(-0.2416)
(0.7104)
(0.0569)
G2(-0.3225)
(0.3964)
(0.0197)
G3(-0.0649)
(0.3166)
(0.0718)
G4(0.1086)
(0.8461)
(-0.1767)
A1(-2.3615)
(9.6998)
(-0.8766)
A2(3.0598)
(8.1403)
(3.2896)
A3(1.3743)
(8.3366)
(-4.3048)
A4(6.0908)
(9.2799)
(-2.8587)
G1(-0.0490)
(1.1185)
(-0.0362)
G2(-0.1564)
(0.2426)
(0.1644)
G3(0.1979)
(0.3193)
(0.0303)
G4(0.4927)
(2.4509)
(-1.0892)
A1(0.1964)
(10.5716)
(-1.1113)
A2(4.1276)
(7.8626)
(5.2337)
A3(1.8627)
(7.5561)
(-6.0765)
A4(1.1923)
(9.2464)
(-2.1596)
G1(0.3666)
(1.2851)
(-0.2703)
G2(-0.3698)
(0.3400)
(0.2788)
G3(0.2400)
(0.4198)
(-0.0069)
G4(1.1334)
(3.7679)
(-2.1513)
A1(0.0335)
(10.1645)
(-2.0166)
A2(6.2824)
(7.6567)
(4.4963)
A3(4.0223)
(8.7676)
(-4.9847)
A4(9.7540)
(5.8419)
(0.2634)
G1(0.6832)
(2.0864)
(-0.4752)
G2(-0.0239)
(1.6506)
(0.9546)
G3(0.2703)
(0.6173)
(-0.3815)
G4(0.7322)
(5.0311)
(-3.8546)
A1(2.4525)
(13.1103)
(4.0763)
A2(-1.2498)
(6.1627)
(9.1650)
A3(-2.2793)
(8.4180)
(-8.5617)
A4(-3.0502)
(14.2551)
(-3.5913)
G1(0.1527)
(2.2514)
(-1.0169)
G2(0.0388)
(2.0705)
(1.1238)
G3(0.8854)
(1.7352)
(-0.7960)
G4(-0.1517)
(0.3831)
(-0.3576)
A1(-5.5038)
(2.6202)
(7.5587)
A2(5.1619)
(4.8746)
(7.0150)
A3(0.3783)
(17.3436)
(1.7765)
A4(0.6321)
(6.5122)
(-10.0413)
G1(-6.7403)
(4.2319)
(-0.8072)
G2(0.6683)
(0.5662)
(0.2325)
G3(1.7682)
(0.6455)
(-0.5960)
G4(0.9653)
(1.6192)
(-0.7641)
A1(2.0310)
(14.3414)
(20.3337)
A2(4.2617)
(13.3549)
(7.5322)
A3(2.1500)
(19.6947)
(-4.5346)
A4(-0.4549)
(6.4979)
(-7.9918)
G1(-7.3889)
(4.1026)
(0.2352)
G2(0.8689)
(0.8727)
(0.3751)
G3(3.7344)
(3.5652)
(-3.2310)
G4(0.0942)
(2.0917)
(-0.9690)
A1(-3.9422)
(22.9778)
(19.9936)
A2(-3.5338)
(11.0468)
(-2.7198)
A3(16.6445)
(19.9054)
(-11.3389)
A4(-5.3343)
(9.7875)
(-6.3686)
G1(-9.2667)
(3.3959)
(-0.6572)
G2(2.6568)
(4.0366)
(-1.2015)
G3(3.9419)
(4.5410)
(-6.4609)
G4(-0.2533)
(3.0447)
(-1.0584)
A1(1.1017)
(10.6770)
(7.7886)
A2(-6.5505)
(11.2480)
(2.0207)
A3(18.2342)
(-0.8475)
(-22.2230)
A4(-13.2591)
(7.4603)
(-6.2393)
G1(-5.0694)
(8.8826)
(0.1139)
G2(2.0603)
(5.6085)
(1.1776)
G3(2.6680)
(-3.1038)
(-5.1913)
G4(0.5092)
(10.0681)
(-4.4964)
A1(5.6379)
(9.3023)
(-24.4819)
A2(-7.1060)
(12.0189)
(8.6383)
A3(13.1394)
(-5.2433)
(-0.6656)
A4(-1.6328)
(9.5002)
(-1.8196)
G1(1.9145)
(7.4102)
(-1.8039)
G2(1.4080)
(5.1253)
(2.7127)
G3(4.6879)
(-7.7263)
(-8.5021)
G4(-1.0115)
(3.6263)
(-3.0980)
A1(19.0548)
(3.8704)
(8.8664)
A2(12.0476)
(0.2682)
(-4.1803)
A3(3.9217)
(-27.1886)
(6.6272)
A4(-12.1099)
(6.7181)
(0.5076)
G1(-0.7758)
(1.8358)
(-0.0697)
G2(1.2664)
(4.3208)
(1.5240)
G3(-3.1490)
(-3.4013)
(-8.0737)
G4(-0.1016)
(1.9284)
(-0.6556)
A1(0.4119)
(6.6055)
(-2.6681)
A2(-6.4404)
(4.7453)
(21.5382)
A3(-32.2978)
(32.8772)
(0.5076)
A4(4.9512)
(4.2234)
(-4.4772)
G1(-1.1802)
(-9.7137)
(2.6260)
G2(1.0355)
(-0.3539)
(0.8322)
G3(3.7892)
(3.7684)
(-8.4398)
G4(-0.2155)
(-1.5820)
(0.6178)
A1(-7.4629)
(0.3880)
(-0.1293)
A2(-0.2969)
(5.2098)
(2.9209)
A3(-8.0972)
(31.0145)
(10.8122)
A4(2.0399)
(10.4387)
(-3.1556)
G1(0.1681)
(4.3021)
(2.4105)
G2(0.2538)
(0.7141)
(0.4347)
G3(-3.6615)
(-8.0716)
(3.0272)
G4(0.3193)
(-0.0474)
(0.2054)
A1(-9.2496)
(6.1360)
(6.3755)
A2(3.2561)
(14.3652)
(1.4605)
A3(-1.0343)
(-3.5003)
(-2.2936)
A4(1.3838)
(9.3278)
(-4.6591)
G1(0.9700)
(-5.7750)
(2.4243)
G2(0.1453)
(-2.4722)
(0.4890)
G3(-2.2285)
(5.5702)
(1.5022)
G4(0.1825)
(0.0080)
(0.0803)
A1(-8.1383)
(5.8295)
(3.9278)
A2(4.3096)
(10.4148)
(1.3264)
A3(-5.2146)
(2.1883)
(-9.5289)
A4(0.0862)
(7.8721)
(-4.9799)
G1(1.2627)
(0.1325)
(1.8113)
G2(-0.0756)
(0.9051)
(0.0729)
G3(-3.2890)
(1.0823)
(0.9626)
G4(0.0160)
(0.4810)
(-0.0649)
A1(-8.1191)
(8.5406)
(1.1640)
A2(-0.3591)
(10.5489)
(0.4836)
A3(-1.8914)
(2.4469)
(-10.8026)
A4(3.2082)
(9.4858)
(-3.1651)
G1(1.1334)
(-1.0099)
(1.9273)
G2(-0.0160)
(-0.5885)
(-0.1634)
G3(-2.8064)
(1.9358)
(-0.5603)
G4(-0.0665)
(-0.0064)
(0.0325)
A1(-7.2330)
(8.3826)
(2.8644)
A2(-0.0239)
(8.2361)
(0.2634)
A3(-0.2155)
(3.6248)
(-10.0126)
A4(-0.9146)
(9.3134)
(-5.4157)
G1(1.7890)
(-0.3927)
(0.9131)
G2(0.0575)
(0.4869)
(-0.0436)
G3(-2.9889)
(0.0702)
(-0.0921)
G4(-0.0591)
(-0.1144)
(0.0819)
A1(-3.2812)
(8.1718)
(1.4370)
A2(1.3838)
(9.3661)
(0.8571)
A3(-3.6344)
(6.5601)
(-8.5665)
A4(-0.0527)
(9.5433)
(-3.7828)
G1(0.8237)
(0.9227)
(0.8652)
G2(-0.5039)
(-1.0105)
(0.1697)
G3(-3.0112)
(0.7258)
(0.1671)
G4(-0.2852)
(-0.4592)
(0.1256)
A1(-5.1972)
(7.9371)
(2.3854)
A2(1.0774)
(9.0453)
(0.9768)
A3(-3.5578)
(9.6151)
(-5.4396)
A4(0.9529)
(9.8306)
(-3.7302)
G1(1.3250)
(-0.5587)
(0.7928)
G2(-0.2198)
(0.1405)
(0.1650)
G3(-1.8571)
(0.4177)
(-0.2368)
G4(-0.1852)
(-0.8673)
(0.4943)
