A1(-2.2369)
(9.0628)
(-1.7053)
A2(3.6344)
(8.5234)
(2.5283)
A3(1.1779)
(7.9583)
(-5.4923)
A4(2.5522)
(9.2608)
(-2.5857)
G1(-0.2677)
(0.1559)
(0.1336)
G2(-0.0096)
(0.0921)
(-0.0176)
G3(0.0239)
(0.1628)
(-0.0335)
G4(-0.1352)
(0.2746)
(-0.1288)
A1(-2.0741)
(9.5418)
(-0.8909)
A2(3.4524)
(9.0740)
(3.1891)
A3(0.8571)
(8.2265)
(-5.2768)
A4(5.2337)
(9.8258)
(-1.7669)
G1(0.0894)
(0.7732)
(-0.2410)
G2(0.0617)
(0.1187)
(-0.0176)
G3(0.0053)
(0.1745)
(-0.0580)
G4(0.2969)
(1.0036)
(-0.5757)
A1(-2.4860)
(9.5418)
(-1.1927)
A2(3.6583)
(8.6718)
(2.6193)
A3(1.8244)
(7.3263)
(-5.5976)
A4(6.0047)
(11.9040)
(0.7997)
G1(0.3241)
(0.8413)
(-0.3065)
G2(-0.0490)
(0.3549)
(-0.0282)
G3(0.0766)
(0.0692)
(-0.0527)
G4(1.3095)
(1.4218)
(-0.9738)
A1(1.3364)
(10.5429)
(2.7830)
A2(6.0621)
(8.3653)
(4.2473)
A3(1.6137)
(9.0405)
(-3.8403)
A4(-2.2314)
(6.9049)
(-1.1013)
G1(0.6912)
(1.4803)
(-0.6683)
G2(-0.4629)
(0.2512)
(0.1751)
G3(0.1415)
(0.5640)
(-0.3182)
G4(0.7290)
(6.0991)
(-3.3598)
A1(-4.7086)
(10.4519)
(-0.2156)
A2(6.0765)
(5.6790)
(5.0135)
A3(1.1301)
(9.7636)
(-2.8108)
A4(6.3973)
(8.1355)
(-2.1308)
G1(-1.4585)
(0.8125)
(-0.1836)
G2(-0.6284)
(0.8344)
(0.5550)
G3(0.3480)
(0.4103)
(-0.1836)
G4(0.5757)
(6.2247)
(-3.4257)
A1(-1.4514)
(7.1515)
(11.1991)
A2(0.8045)
(8.1834)
(4.0366)
A3(-3.7350)
(13.5081)
(-0.5602)
A4(7.1635)
(12.4786)
(-5.5641)
G1(-2.3956)
(5.0226)
(-2.5063)
G2(-0.2235)
(3.1682)
(0.9844)
G3(1.4575)
(0.5773)
(-0.5672)
G4(1.5048)
(0.2480)
(0.2453)
A1(4.2775)
(7.0557)
(11.3237)
A2(4.7309)
(6.2968)
(6.4452)
A3(-0.4405)
(19.9724)
(7.1682)
A4(-8.9687)
(1.6855)
(-5.2864)
G1(-9.1912)
(0.8349)
(0.7694)
G2(0.5284)
(4.2644)
(0.6013)
G3(2.6813)
(2.1199)
(-1.6033)
G4(-0.6146)
(-1.9140)
(0.1245)
A1(-3.2764)
(11.1991)
(21.9001)
A2(5.6551)
(12.9047)
(8.6526)
A3(10.9080)
(15.6054)
(-4.9895)
A4(-6.5984)
(6.9623)
(-8.2791)
G1(-7.3740)
(2.7010)
(-0.9732)
G2(2.4812)
(1.9848)
(-0.9998)
G3(4.4788)
(4.2250)
(-4.7922)
G4(0.0484)
(2.3924)
(-0.6987)
A1(-2.0693)
(22.3599)
(15.3856)
A2(-9.3230)
(5.6264)
(-1.3024)
A3(28.3952)
(16.3572)
(-15.8305)
A4(-3.2753)
(8.8155)
(-5.8658)
G1(-8.2914)
(3.2097)
(0.7700)
G2(1.0546)
(-0.2762)
(-0.0591)
G3(-0.5161)
(3.2980)
(-2.6781)
G4(0.0724)
(3.6508)
(-0.8216)
A1(0.4838)
(11.5488)
(9.9585)
A2(5.0278)
(9.5337)
(3.6440)
A3(14.6860)
(4.2425)
(-22.4863)
A4(-1.1396)
(6.6846)
(-10.2232)
G1(-4.4144)
(8.9709)
(-0.2065)
G2(2.0268)
(5.9437)
(1.7097)
G3(3.2044)
(-1.5586)
(-8.5452)
G4(1.1840)
(11.5915)
(-6.0028)
A1(10.5046)
(12.5020)
(0.3736)
A2(-7.0054)
(9.5960)
(1.4796)
A3(17.3484)
(-9.0309)
(-7.0150)
A4(-10.1227)
(-4.8698)
(-11.1139)
G1(0.3698)
(5.6936)
(-1.0999)
G2(1.1882)
(4.0010)
(0.8572)
G3(7.5704)
(-7.0372)
(-7.9248)
G4(-1.3117)
(8.3946)
(-4.0882)
A1(-22.0677)
(-11.5775)
(4.6224)
A2(-9.2608)
(7.9727)
(16.8743)
A3(11.8178)
(-5.8227)
(11.8752)
A4(2.9018)
(13.1490)
(0.2490)
G1(4.4591)
(5.1046)
(-0.7327)
G2(-1.0259)
(10.5422)
(1.7602)
G3(-2.8931)
(-6.3907)
(-8.1834)
G4(-1.4383)
(0.0442)
(0.7593)
A1(12.6218)
(7.9850)
(6.7635)
A2(18.9764)
(8.5186)
(-10.3477)
A3(5.5641)
(-25.2971)
(6.9767)
A4(7.4172)
(7.9918)
(3.2657)
G1(-3.7807)
(2.1210)
(0.5167)
G2(3.7849)
(6.0650)
(4.4011)
G3(-5.5233)
(-3.4114)
(-9.2896)
G4(-0.5161)
(-0.3480)
(0.4720)
A1(-22.9922)
(5.4798)
(-0.9053)
A2(-6.2297)
(14.1545)
(1.2163)
A3(32.8437)
(-47.0844)
(25.2588)
A4(5.0757)
(11.7364)
(-1.4940)
G1(-0.7285)
(3.2172)
(1.1196)
G2(1.1738)
(-0.8429)
(-1.4649)
G3(-9.8334)
(-4.1356)
(10.2847)
G4(-0.0234)
(-3.2299)
(1.0121)
A1(-0.3353)
(4.6415)
(1.0682)
A2(7.6184)
(-0.0192)
(4.0606)
A3(-5.8035)
(13.3596)
(-7.8673)
A4(2.1548)
(9.0740)
(-5.5641)
G1(-0.0170)
(-0.5635)
(2.3620)
G2(-0.1666)
(0.1027)
(1.5171)
G3(0.7513)
(-0.2128)
(6.9100)
G4(0.0681)
(-2.0864)
(0.4911)
A1(-11.7021)
(7.2138)
(-2.2561)
A2(3.6919)
(8.0302)
(1.6281)
A3(-0.1006)
(-4.7884)
(-7.0677)
A4(-1.0822)
(8.3031)
(-5.8227)
G1(1.1142)
(-1.3569)
(2.2370)
G2(-0.5890)
(-1.9236)
(-0.1655)
G3(-2.3674)
(5.7090)
(0.6891)
G4(0.0777)
(-0.3421)
(0.3549)
A1(-10.3321)
(7.8221)
(5.1158)
A2(3.7924)
(11.4060)
(1.9537)
A3(-3.8738)
(-2.5522)
(-6.6319)
A4(2.2889)
(9.3565)
(-4.3718)
G1(1.6511)
(-1.6458)
(1.4814)
G2(-0.9301)
(-2.5909)
(0.2277)
G3(-3.7839)
(4.8960)
(0.7865)
G4(0.0261)
(-0.8349)
(0.4081)
A1(-6.2989)
(8.7706)
(3.7314)
A2(2.7246)
(9.9455)
(0.3974)
A3(3.0454)
(1.5227)
(-10.5967)
A4(-0.2729)
(9.4284)
(-3.7541)
G1(2.0965)
(-2.5616)
(1.6410)
G2(-0.1937)
(-0.9833)
(-0.0122)
G3(-5.2951)
(2.0444)
(-1.2340)
G4(-0.0074)
(0.4039)
(0.2049)
A1(-6.6294)
(6.5767)
(3.1471)
A2(3.3758)
(9.8881)
(4.0989)
A3(1.9154)
(5.8706)
(-9.9311)
A4(0.8188)
(9.8019)
(-3.1268)
G1(2.6611)
(-0.7157)
(0.6066)
G2(-0.2160)
(-2.1146)
(0.2905)
G3(-5.1631)
(-0.9067)
(-0.5193)
G4(0.0117)
(-0.3475)
(0.3517)
A1(-6.3851)
(10.8159)
(3.1997)
A2(-1.0918)
(10.1418)
(2.7007)
A3(-1.0678)
(11.4586)
(-6.2153)
A4(1.6137)
(9.1028)
(-5.8275)
G1(0.1431)
(0.3363)
(0.8338)
G2(-0.0271)
(-0.8929)
(0.2639)
G3(-3.1357)
(0.8344)
(-1.3989)
G4(0.2075)
(0.4959)
(0.4613)
