A1(-2.1459)
(8.8328)
(-0.5556)
A2(3.6919)
(8.6622)
(3.3423)
A3(1.5467)
(7.6567)
(-6.0621)
A4(4.3335)
(9.7636)
(-2.7294)
G1(0.1096)
(0.3347)
(-0.0303)
G2(0.0314)
(0.5944)
(0.2059)
G3(-0.2144)
(0.5060)
(-0.0984)
G4(-0.0724)
(1.7794)
(-0.6204)
A1(-2.2513)
(9.7525)
(-1.2454)
A2(3.5913)
(9.8306)
(2.5666)
A3(0.9816)
(7.4939)
(-5.7604)
A4(4.9895)
(10.1610)
(-0.2777)
G1(0.1224)
(1.1706)
(-0.0277)
G2(-0.2017)
(0.6093)
(-0.0218)
G3(-0.2841)
(-0.0846)
(0.0053)
G4(0.3618)
(2.7814)
(-0.9402)
A1(-0.3928)
(8.5646)
(0.0479)
A2(4.6017)
(9.7923)
(3.4620)
A3(2.7533)
(8.5617)
(-4.8842)
A4(3.3998)
(9.9934)
(2.3032)
G1(0.4049)
(1.6501)
(-0.4358)
G2(-0.0713)
(0.4810)
(0.4347)
G3(-0.1772)
(0.4129)
(-0.0585)
G4(1.1813)
(4.6086)
(-3.0368)
A1(0.6946)
(9.8531)
(-0.0814)
A2(4.5107)
(7.1060)
(4.4580)
A3(1.1779)
(9.8402)
(-3.6105)
A4(2.1931)
(8.8011)
(-0.6177)
G1(0.2293)
(1.7267)
(-0.3108)
G2(0.1123)
(0.7418)
(0.8477)
G3(-0.0984)
(0.9903)
(-0.3134)
G4(-0.0410)
(3.6269)
(-1.9880)
A1(-0.0527)
(13.4792)
(1.7005)
A2(2.5809)
(5.1284)
(8.9016)
A3(0.8380)
(9.9455)
(-0.8380)
A4(-3.6583)
(9.8354)
(-1.8866)
G1(-0.3996)
(2.2072)
(-1.4729)
G2(-1.1212)
(2.4631)
(0.4555)
G3(1.0014)
(0.7359)
(-0.2256)
G4(0.3852)
(1.8060)
(-1.3122)
A1(-1.3460)
(8.0377)
(7.8940)
A2(6.5122)
(7.6567)
(4.7645)
A3(-4.0845)
(13.8624)
(-4.3191)
A4(3.8786)
(-3.1891)
(-11.8944)
G1(-1.9012)
(3.2895)
(-1.1760)
G2(-0.5561)
(4.7417)
(0.3070)
G3(1.9571)
(0.6369)
(-0.6588)
G4(1.0286)
(2.0220)
(-0.3767)
A1(-1.8537)
(29.2432)
(-10.1980)
A2(1.2785)
(7.8530)
(11.2049)
A3(-0.7566)
(29.2093)
(4.9943)
A4(5.4875)
(10.0700)
(-5.0853)
G1(-4.0483)
(4.7693)
(1.8390)
G2(0.7545)
(1.0781)
(0.0702)
G3(5.0513)
(1.1722)
(-2.0524)
G4(1.6182)
(1.9555)
(-1.1329)
A1(-4.8236)
(6.1983)
(20.7025)
A2(1.5850)
(12.2583)
(6.5841)
A3(7.1443)
(11.8513)
(-8.6718)
A4(-2.7821)
(7.4555)
(-7.6327)
G1(-6.7493)
(6.6589)
(-0.2746)
G2(2.1497)
(2.6749)
(-0.3421)
G3(3.0878)
(2.6643)
(-3.6971)
G4(0.7295)
(0.6162)
(-0.4055)
A1(-10.5189)
(12.3823)
(6.7635)
A2(-9.7971)
(13.3309)
(4.5346)
A3(28.4814)
(2.1452)
(-10.8218)
A4(-2.0399)
(9.9072)
(-6.9671)
G1(-4.3367)
(4.0174)
(-0.9988)
G2(0.5773)
(4.6193)
(0.1650)
G3(-1.5022)
(-1.9076)
(-1.9981)
G4(0.0277)
(3.4997)
(-0.9860)
A1(-5.5756)
(10.1788)
(9.0436)
A2(3.7158)
(7.5896)
(5.7030)
A3(10.4627)
(5.3726)
(-21.6244)
A4(-4.2282)
(16.9174)
(-2.4804)
G1(-3.8488)
(5.9618)
(-1.1669)
G2(1.3542)
(5.2605)
(1.9076)
G3(2.8170)
(-3.2400)
(-5.0620)
G4(1.0919)
(7.4804)
(-3.2565)
A1(4.8667)
(8.9095)
(-3.2524)
A2(-3.5626)
(11.1857)
(4.6112)
A3(6.9049)
(-8.2456)
(-0.6369)
A4(1.9728)
(-10.6829)
(-9.1506)
G1(2.2322)
(3.9376)
(-1.3117)
G2(1.3196)
(3.4018)
(2.3807)
G3(6.5551)
(-7.4836)
(-4.8555)
G4(-0.7386)
(7.0877)
(-4.4634)
A1(-10.0830)
(-5.4894)
(-21.3300)
A2(-4.6208)
(8.1930)
(11.2432)
A3(7.0006)
(-3.5721)
(3.8786)
A4(9.7588)
(32.2834)
(-0.5267)
G1(2.0114)
(0.5976)
(-2.0832)
G2(0.5385)
(7.2782)
(2.4339)
G3(1.2393)
(-7.0542)
(-5.0120)
G4(-1.5676)
(-3.7152)
(2.2189)
A1(9.3214)
(14.0300)
(-8.7179)
A2(18.8759)
(5.3056)
(-1.6137)
A3(-12.0620)
(2.5714)
(-4.0318)
A4(11.5161)
(1.6712)
(-2.3367)
G1(-1.3617)
(-1.3729)
(2.3248)
G2(3.0011)
(1.2494)
(1.2377)
G3(-4.0824)
(-0.1277)
(-7.1133)
G4(-1.6160)
(-1.7379)
(0.9817)
A1(-14.2839)
(3.2285)
(3.6308)
A2(4.3766)
(12.1673)
(3.1029)
A3(7.6471)
(50.2064)
(-37.1436)
A4(2.9736)
(12.8281)
(-1.5419)
G1(-0.6502)
(-7.4384)
(1.9183)
G2(0.5545)
(-2.7840)
(0.3139)
G3(10.3139)
(-5.5473)
(1.2686)
G4(-0.8567)
(0.2692)
(0.4342)
A1(-4.9673)
(6.1600)
(-0.1964)
A2(12.7707)
(2.6384)
(6.5122)
A3(-8.3175)
(3.8642)
(-10.4722)
A4(2.8730)
(10.2999)
(-1.2785)
G1(-0.5135)
(-1.3271)
(2.5983)
G2(1.4064)
(2.6914)
(-0.3485)
G3(-3.6269)
(-1.1983)
(5.3578)
G4(-0.0245)
(-0.5060)
(0.4613)
A1(-7.9898)
(5.7576)
(1.1783)
A2(5.8802)
(15.8352)
(5.0326)
A3(-8.7867)
(-9.4188)
(-9.1459)
A4(0.9768)
(9.8306)
(-4.5633)
G1(-0.3975)
(-3.2193)
(2.8989)
G2(0.3959)
(-1.3218)
(0.1325)
G3(1.5027)
(3.0852)
(1.2159)
G4(0.0665)
(-0.9280)
(0.2379)
A1(-8.2484)
(7.3192)
(-0.0479)
A2(5.6360)
(9.0980)
(2.3080)
A3(-5.2337)
(-2.7007)
(-10.2232)
A4(-0.1053)
(10.1227)
(-5.3630)
G1(0.7928)
(-0.8524)
(1.5612)
G2(-0.2011)
(0.7035)
(-0.0085)
G3(-2.7090)
(2.2540)
(2.0784)
G4(0.1415)
(-1.1542)
(0.1602)
A1(-5.7816)
(7.6832)
(0.7041)
A2(2.8491)
(10.2280)
(1.6520)
A3(-5.2146)
(-2.6193)
(-9.0597)
A4(2.3990)
(8.6431)
(-4.6160)
G1(1.1882)
(-1.6405)
(1.6820)
G2(-0.3698)
(-1.3457)
(-0.0654)
G3(-2.9096)
(2.0199)
(0.5736)
G4(0.0617)
(-0.2261)
(0.1618)
A1(-3.6931)
(7.3815)
(3.2189)
A2(-1.2450)
(11.3629)
(2.9401)
A3(2.7916)
(-0.3879)
(-10.0173)
A4(0.3160)
(8.6479)
(-5.5833)
G1(1.9358)
(0.5864)
(1.0653)
G2(-0.4124)
(-0.7577)
(-0.1830)
G3(-4.0323)
(1.4005)
(-1.0307)
G4(0.0814)
(-0.2118)
(0.3171)
A1(-5.3744)
(8.6987)
(3.1423)
A2(3.8116)
(8.8681)
(0.0814)
A3(0.5171)
(5.4636)
(-9.1315)
A4(0.3639)
(8.8729)
(-4.4915)
G1(2.1077)
(-0.7944)
(0.7998)
G2(-0.2623)
(-0.1697)
(0.1165)
G3(-4.1648)
(0.1016)
(-0.5459)
G4(0.1197)
(-0.2384)
(0.3682)
