A1(-1.8154)
(8.6125)
(4.7805)
A2(2.1787)
(9.3470)
(-0.3017)
A3(-1.5610)
(9.1985)
(-3.2370)
A4(0.0144)
(8.1259)
(-5.9664)
G1(-0.5491)
(-0.0362)
(-0.4087)
G2(-0.0803)
(0.1719)
(-0.0479)
G3(0.1325)
(0.0208)
(-0.0479)
G4(0.0803)
(0.2538)
(-0.0968)
A1(-3.3434)
(9.0819)
(3.7506)
A2(2.1308)
(9.1794)
(-0.7087)
A3(-2.3655)
(10.5297)
(-1.9776)
A4(0.0814)
(8.2456)
(-5.8227)
G1(-1.0525)
(-1.0797)
(-0.0585)
G2(-0.2219)
(0.0660)
(-0.0490)
G3(0.1490)
(-0.5875)
(0.3443)
G4(0.0782)
(0.0963)
(0.0404)
A1(-3.9518)
(7.4294)
(4.0332)
A2(1.3024)
(9.5337)
(-0.2777)
A3(-1.9393)
(10.6925)
(-2.2984)
A4(0.7278)
(8.2696)
(-6.1339)
G1(-0.8700)
(-1.5900)
(-0.6167)
G2(-0.1155)
(0.3709)
(0.0048)
G3(0.3028)
(-1.4654)
(0.5928)
G4(0.0431)
(-0.1756)
(0.1325)
A1(1.5232)
(7.3288)
(4.7757)
A2(2.5666)
(9.3039)
(0.4645)
A3(-1.4796)
(7.6040)
(-3.1891)
A4(-0.7805)
(9.5577)
(-3.7781)
G1(0.2857)
(-1.7432)
(-1.0483)
G2(-0.3799)
(-0.5960)
(-0.0202)
G3(0.2985)
(-1.7953)
(1.2749)
G4(0.1266)
(-0.7487)
(0.3895)
A1(-11.4626)
(8.5933)
(9.8819)
A2(2.5522)
(10.0365)
(0.9720)
A3(16.1034)
(7.5609)
(7.7764)
A4(3.8738)
(16.5870)
(0.7374)
G1(2.1263)
(-4.1005)
(-0.2464)
G2(0.1485)
(-1.5000)
(0.0245)
G3(-2.5690)
(-8.0024)
(6.0985)
G4(1.1015)
(-2.3147)
(1.1456)
A1(7.7455)
(8.4927)
(-2.0214)
A2(3.3136)
(9.3470)
(5.4588)
A3(7.0437)
(4.3000)
(0.7183)
A4(-5.3774)
(19.8096)
(-9.9264)
G1(0.8152)
(-1.1653)
(1.3223)
G2(0.4672)
(-2.7505)
(0.4294)
G3(0.2937)
(2.9830)
(-2.7446)
G4(3.2587)
(-0.3789)
(3.0932)
A1(0.7520)
(11.1608)
(4.1194)
A2(-0.9098)
(11.5017)
(6.0525)
A3(-2.3559)
(1.3934)
(-2.1404)
A4(-5.8131)
(14.9781)
(-7.4699)
G1(1.7081)
(-4.6501)
(-0.5130)
G2(-0.0952)
(-3.7040)
(0.3060)
G3(0.0160)
(0.5342)
(0.1155)
G4(1.5804)
(-4.2516)
(7.2032)
A1(4.9529)
(11.2901)
(2.6106)
A2(-6.6942)
(5.7700)
(9.5768)
A3(2.4325)
(9.7492)
(-8.3510)
A4(-5.1571)
(-7.9057)
(-21.2366)
G1(2.3972)
(-5.5462)
(-0.8498)
G2(-6.2039)
(-1.6187)
(1.6836)
G3(-0.0202)
(-0.8721)
(0.4161)
G4(-0.1474)
(2.5313)
(5.2530)
A1(10.4950)
(1.6286)
(17.3831)
A2(9.5050)
(7.4077)
(22.6491)
A3(7.8865)
(10.1323)
(-3.2561)
A4(-3.6823)
(-2.3367)
(-11.1187)
G1(-1.1488)
(-11.9518)
(-1.2063)
G2(-6.8259)
(-4.6363)
(-0.1453)
G3(-0.9019)
(-3.5093)
(0.6550)
G4(1.1361)
(6.1486)
(7.0367)
A1(6.5959)
(-3.5063)
(5.3505)
A2(13.8864)
(10.3669)
(8.3127)
A3(10.4914)
(9.7636)
(3.7110)
A4(-4.1276)
(-11.5736)
(-5.1667)
G1(1.4144)
(0.6018)
(-1.0797)
G2(-4.6927)
(-5.3249)
(-0.7737)
G3(-1.9885)
(-11.6581)
(4.8853)
G4(-4.0441)
(4.8018)
(3.1725)
A1(-8.3874)
(12.5451)
(3.2668)
A2(8.6335)
(6.8235)
(11.6119)
A3(0.8188)
(1.5850)
(4.1899)
A4(-8.1307)
(-5.1140)
(0.9337)
G1(0.5997)
(-0.4981)
(0.4406)
G2(-4.4384)
(-9.3439)
(0.4182)
G3(-3.2613)
(-9.8350)
(4.6086)
G4(-3.9568)
(3.5199)
(4.5075)
A1(-6.9695)
(11.5392)
(2.5004)
A2(-15.0260)
(11.1666)
(-1.2019)
A3(17.5495)
(26.5182)
(5.2816)
A4(-14.5472)
(-6.5362)
(37.0718)
G1(0.1905)
(-1.9119)
(-0.7652)
G2(0.5316)
(-1.8906)
(3.4374)
G3(-1.1515)
(-0.2969)
(0.7540)
G4(11.1462)
(-17.4363)
(-2.9809)
A1(-1.9448)
(9.8531)
(0.4359)
A2(23.7026)
(-5.9041)
(-5.5976)
A3(-3.1699)
(10.2328)
(-0.1867)
A4(8.5856)
(14.9877)
(-2.4517)
G1(0.4028)
(1.2329)
(-0.2921)
G2(-0.1112)
(-1.2984)
(-1.0392)
G3(-0.1724)
(-0.2794)
(-0.2868)
G4(1.7852)
(1.0009)
(-2.4387)
A1(-2.9986)
(9.0532)
(1.6142)
A2(5.6838)
(-2.9688)
(-7.0533)
A3(1.8818)
(8.2983)
(-4.6352)
A4(2.5379)
(-1.1253)
(-7.0485)
G1(-0.0319)
(0.9397)
(-0.2820)
G2(0.8982)
(2.9362)
(-1.8651)
G3(-0.0670)
(0.7285)
(-0.3682)
G4(1.3361)
(-3.8147)
(0.1266)
A1(-1.5568)
(9.5657)
(2.9363)
A2(9.2895)
(2.2745)
(0.3352)
A3(-0.7326)
(8.6574)
(-2.7677)
A4(10.4866)
(-6.5266)
(-7.5417)
G1(-0.2879)
(1.1632)
(-0.0362)
G2(-0.5800)
(-2.0018)
(-1.4213)
G3(-0.1346)
(1.1456)
(-0.4693)
G4(0.2937)
(-3.6333)
(-2.3142)
A1(-1.4083)
(9.1011)
(1.4418)
A2(5.1858)
(3.3902)
(0.8906)
A3(2.0111)
(9.0644)
(-1.9010)
A4(7.3502)
(-1.4413)
(-8.8921)
G1(-0.1133)
(0.8971)
(0.3821)
G2(-1.1909)
(5.2429)
(-2.9639)
G3(0.2416)
(1.1456)
(-0.2975)
G4(-4.0159)
(-5.3211)
(-2.3498)
A1(-0.6179)
(10.1932)
(0.0958)
A2(6.8857)
(6.4643)
(-0.4597)
A3(1.0104)
(9.0261)
(-3.6057)
A4(4.6687)
(-0.8045)
(-12.6031)
G1(0.1623)
(1.4154)
(0.1485)
G2(-1.1808)
(3.4768)
(-1.5596)
G3(0.1517)
(0.8381)
(-0.2277)
G4(-4.0696)
(-0.3964)
(-1.7842)
A1(2.3471)
(10.2315)
(1.2454)
A2(10.2951)
(5.5785)
(2.0446)
A3(0.8763)
(8.7149)
(-3.8738)
A4(6.7947)
(1.6568)
(-10.5441)
G1(0.3310)
(0.8455)
(-0.0580)
G2(0.8631)
(0.8423)
(-1.7091)
G3(-0.1176)
(0.0021)
(-0.1155)
G4(-2.7814)
(0.0639)
(1.3968)
A1(-0.5461)
(8.4879)
(0.0144)
A2(6.5218)
(7.6567)
(4.5346)
A3(2.4421)
(9.4906)
(-2.8012)
A4(2.9066)
(8.5090)
(-8.5952)
G1(0.4145)
(0.1644)
(-0.1666)
G2(0.8003)
(1.3925)
(-1.1339)
G3(-0.0612)
(0.4448)
(-0.2416)
G4(-2.7106)
(-0.7466)
(0.9450)
A1(-0.8718)
(9.7142)
(-0.2251)
A2(8.5042)
(8.4372)
(2.3942)
A3(0.4597)
(9.4954)
(-1.6424)
A4(2.0446)
(8.6335)
(-5.3247)
G1(0.1681)
(-0.1240)
(-0.2799)
G2(1.9970)
(0.8163)
(-1.6549)
G3(0.0623)
(0.1522)
(-0.1958)
G4(-2.1811)
(-1.5091)
(0.5385)
