A1(-3.0081)
(8.0808)
(0.7904)
A2(2.0638)
(9.1363)
(-0.6991)
A3(-0.7661)
(9.4715)
(-2.0207)
A4(0.1772)
(9.2608)
(-3.7254)
G1(-0.4794)
(0.6050)
(0.3358)
G2(-0.1112)
(0.1038)
(-0.0527)
G3(0.2379)
(0.0106)
(-0.0250)
G4(0.1644)
(0.2006)
(-0.0367)
A1(-4.1865)
(8.1574)
(2.0501)
A2(1.8483)
(9.2895)
(-1.0870)
A3(-3.3950)
(9.9599)
(-2.3894)
A4(2.0255)
(8.8490)
(-5.2577)
G1(-1.2787)
(-1.1009)
(-0.6039)
G2(-0.0713)
(0.2230)
(-0.0208)
G3(0.1916)
(-1.8294)
(0.9211)
G4(0.4401)
(-0.0937)
(0.0569)
A1(1.9448)
(7.9467)
(3.3387)
A2(2.3224)
(8.5281)
(-0.3879)
A3(-4.3048)
(9.9551)
(-3.1125)
A4(-0.1245)
(9.4284)
(-3.8164)
G1(-0.5369)
(-2.6100)
(-1.2606)
G2(-0.8466)
(-0.2916)
(-0.0905)
G3(0.4890)
(-1.9140)
(1.2233)
G4(0.4225)
(-0.9929)
(0.3704)
A1(-0.8095)
(8.3203)
(8.9191)
A2(3.5530)
(9.7348)
(0.2394)
A3(3.5243)
(7.6854)
(1.3982)
A4(-4.5107)
(10.5010)
(-5.7317)
G1(0.9211)
(-4.1478)
(0.1362)
G2(-0.0910)
(-2.3716)
(0.1916)
G3(-1.1579)
(-6.1592)
(4.2649)
G4(0.8173)
(-2.5291)
(1.5399)
A1(2.0358)
(5.6043)
(-2.0070)
A2(0.1915)
(7.9440)
(4.2186)
A3(-17.2957)
(3.8786)
(-4.7405)
A4(-9.3230)
(38.4269)
(6.4691)
G1(0.1841)
(-1.3580)
(-0.0702)
G2(-0.3246)
(-2.9165)
(0.3975)
G3(-0.5225)
(0.0974)
(1.3888)
G4(3.4790)
(-2.7723)
(3.6338)
A1(-3.9039)
(10.8830)
(3.0465)
A2(1.2881)
(10.0940)
(6.0238)
A3(10.3860)
(1.6999)
(-8.7388)
A4(-16.5727)
(29.4152)
(-25.1439)
G1(1.2004)
(-4.7991)
(-1.8491)
G2(-0.7098)
(-3.5354)
(0.8296)
G3(0.8461)
(1.7464)
(-0.1926)
G4(0.9668)
(-2.7516)
(8.1546)
A1(6.3324)
(8.7227)
(4.9002)
A2(-8.5856)
(22.5007)
(20.7051)
A3(7.4029)
(8.3414)
(-4.3862)
A4(-11.4874)
(1.3503)
(-21.9548)
G1(0.8705)
(-6.2140)
(-1.9145)
G2(-9.7776)
(-1.9885)
(0.7439)
G3(-0.4736)
(-1.1909)
(0.3390)
G4(0.4805)
(4.2606)
(7.0468)
A1(-0.9772)
(7.7886)
(15.2802)
A2(-5.1619)
(7.2927)
(25.3546)
A3(5.6312)
(11.9423)
(-1.0295)
A4(-4.3048)
(-5.4396)
(-8.6383)
G1(0.0186)
(-8.8203)
(-0.9381)
G2(-7.9838)
(-5.3594)
(1.8209)
G3(-0.5571)
(-5.4722)
(1.2100)
G4(-0.3852)
(7.8125)
(5.3153)
A1(-10.5189)
(9.5226)
(4.2727)
A2(10.9319)
(5.9041)
(12.7946)
A3(7.8578)
(2.9257)
(10.3717)
A4(-7.4460)
(-3.4572)
(2.1069)
G1(1.4074)
(-3.5737)
(0.5257)
G2(-5.6340)
(-7.1702)
(-0.7354)
G3(-4.0339)
(-10.9503)
(5.5404)
G4(-5.7436)
(2.9665)
(3.8195)
A1(-13.8576)
(0.4790)
(4.9433)
A2(-13.7284)
(15.5815)
(4.0079)
A3(7.0868)
(9.6438)
(5.3965)
A4(-41.6352)
(-8.0685)
(54.8990)
G1(-0.2996)
(-2.2131)
(0.3246)
G2(-0.3528)
(-4.4165)
(3.2613)
G3(-1.2143)
(-0.8588)
(0.1123)
G4(10.0101)
(-17.4363)
(-5.7931)
A1(0.3497)
(10.6243)
(1.5328)
A2(-7.0246)
(5.4779)
(0.4022)
A3(3.2465)
(12.5648)
(-4.9656)
A4(9.8545)
(-2.5426)
(-2.3320)
G1(0.0144)
(-0.7987)
(-0.0772)
G2(-2.2796)
(0.6593)
(-0.5385)
G3(0.8375)
(2.1577)
(-0.1979)
G4(-1.0823)
(-3.6833)
(-2.0662)
A1(0.7760)
(7.5874)
(0.2443)
A2(9.4763)
(0.3591)
(1.5706)
A3(1.8148)
(7.8769)
(-3.9121)
A4(6.2584)
(-1.9154)
(-4.5921)
G1(0.0963)
(-0.2820)
(-0.1453)
G2(-0.0372)
(-1.6240)
(-1.2904)
G3(0.0500)
(0.2927)
(-0.1740)
G4(-0.0484)
(-2.8862)
(-1.8986)
A1(-3.0369)
(8.6939)
(1.6574)
A2(14.5232)
(4.1899)
(-1.3168)
A3(2.9880)
(8.3175)
(-2.8204)
A4(2.9640)
(-3.4812)
(-7.9009)
G1(0.1804)
(-0.2740)
(-0.0830)
G2(0.3315)
(4.0153)
(-1.8986)
G3(0.1692)
(-0.0484)
(-0.0745)
G4(-2.4807)
(-3.3092)
(-2.0337)
A1(-1.3173)
(7.8173)
(1.3460)
A2(9.7348)
(3.3615)
(1.3168)
A3(0.9577)
(9.5816)
(-2.7485)
A4(9.1123)
(1.0678)
(-11.8752)
G1(-0.0431)
(0.3682)
(-0.2799)
G2(0.1761)
(0.8546)
(-1.6362)
G3(-0.0160)
(-0.1644)
(0.0165)
G4(-3.7854)
(-0.3895)
(-2.5504)
A1(0.6323)
(10.5956)
(-1.1113)
A2(6.9288)
(6.7756)
(1.7334)
A3(1.3264)
(9.1698)
(-4.9321)
A4(4.9416)
(6.4787)
(-7.9440)
G1(0.3294)
(0.6268)
(-0.0106)
G2(0.5236)
(0.7274)
(-2.0289)
G3(0.2575)
(0.0761)
(-0.1357)
G4(-1.6219)
(-2.6973)
(1.3063)
A1(-2.1843)
(9.1633)
(0.9149)
A2(7.4316)
(5.7796)
(5.1475)
A3(2.0973)
(8.5138)
(-4.1946)
A4(4.0606)
(6.1435)
(-10.6063)
G1(-0.6311)
(-0.1091)
(-0.3102)
G2(1.0770)
(0.2953)
(-2.1008)
G3(0.1059)
(-0.0261)
(-0.2065)
G4(-1.8736)
(-1.2957)
(0.0484)
A1(-1.6334)
(11.0219)
(2.8740)
A2(4.5729)
(7.2257)
(1.8004)
A3(1.2929)
(10.2280)
(-2.8204)
A4(-1.1923)
(10.7787)
(-8.8490)
G1(-0.4667)
(1.7815)
(-0.5013)
G2(1.1515)
(-1.6857)
(-1.8533)
G3(0.2778)
(0.2905)
(-0.2480)
G4(-0.7114)
(-0.0128)
(0.1330)
A1(-2.0693)
(10.9165)
(1.5232)
A2(5.5450)
(4.2952)
(0.2921)
A3(2.4948)
(7.9966)
(-5.7700)
A4(3.0837)
(9.2033)
(-3.6536)
G1(-0.2480)
(0.7125)
(-0.2139)
G2(0.4895)
(-0.7849)
(-1.0509)
G3(0.1570)
(0.3799)
(-0.4523)
G4(-1.2153)
(-1.9789)
(0.6689)
A1(-3.8608)
(7.4054)
(3.5063)
A2(4.8507)
(16.2997)
(-3.1364)
A3(-0.3496)
(9.3470)
(-5.0230)
A4(0.4693)
(8.3318)
(-3.9073)
G1(0.2533)
(-0.1293)
(-0.1772)
G2(2.3902)
(1.9332)
(-0.9764)
G3(-0.2607)
(-0.1165)
(-0.4778)
G4(-0.9461)
(-0.1825)
(-0.2251)
A1(-3.3291)
(8.9574)
(3.7267)
A2(-2.0542)
(11.9183)
(-2.2122)
A3(-0.8140)
(8.6670)
(-3.6344)
A4(-1.5850)
(11.0421)
(-2.6911)
G1(0.2671)
(0.7364)
(0.0245)
G2(0.7434)
(-0.6604)
(-0.2783)
G3(-0.4778)
(0.3278)
(-0.7343)
G4(-0.2490)
(-0.2395)
(-0.1474)
