A1(-0.9532)
(9.8579)
(0.8526)
A2(2.8204)
(8.9591)
(2.3655)
A3(0.9098)
(7.5513)
(-6.5122)
A4(3.8499)
(8.8585)
(-3.0789)
G1(-0.3065)
(0.3597)
(0.1192)
G2(-0.2230)
(0.2927)
(0.0713)
G3(0.0059)
(0.1724)
(0.0223)
G4(-0.1176)
(0.1181)
(-0.2421)
A1(-4.3158)
(9.5322)
(-0.8670)
A2(3.5338)
(9.1411)
(4.0223)
A3(0.2969)
(8.1355)
(-5.4300)
A4(1.3455)
(8.5521)
(-1.6855)
G1(0.0591)
(-0.1383)
(-0.0915)
G2(-0.5539)
(-0.0862)
(0.2490)
G3(-0.1101)
(-0.0064)
(0.0772)
G4(0.2171)
(1.7719)
(-0.7758)
A1(-2.5052)
(9.3310)
(0.1150)
A2(4.0031)
(8.6048)
(2.9832)
A3(0.6656)
(8.1499)
(-5.5545)
A4(2.3367)
(7.8721)
(-3.3232)
G1(-0.0841)
(1.4016)
(-0.1426)
G2(-0.5177)
(0.5992)
(0.1681)
G3(-0.0410)
(0.0718)
(-0.0202)
G4(0.1144)
(1.4734)
(-0.7897)
A1(-1.2646)
(9.3454)
(-0.0862)
A2(1.7669)
(7.9775)
(4.6735)
A3(0.8236)
(8.5186)
(-5.0135)
A4(2.6528)
(8.0062)
(-3.7158)
G1(0.0708)
(0.4523)
(-0.0341)
G2(-0.3762)
(1.1169)
(0.2389)
G3(0.0660)
(0.2778)
(-0.0968)
G4(0.3959)
(1.1446)
(-1.1669)
A1(-3.3099)
(9.5705)
(0.8239)
A2(3.1125)
(8.1451)
(3.3662)
A3(1.2067)
(8.9878)
(-4.1420)
A4(8.3510)
(8.5186)
(-1.2833)
G1(0.7295)
(0.9136)
(-0.5608)
G2(0.3161)
(0.6556)
(0.5438)
G3(0.2469)
(0.4784)
(-0.2719)
G4(1.0626)
(5.4137)
(-2.7100)
A1(-2.0022)
(10.7584)
(-0.3976)
A2(8.6239)
(7.9679)
(5.4061)
A3(1.4078)
(7.9535)
(-4.5729)
A4(-2.9784)
(7.6088)
(-0.8332)
G1(-0.0325)
(2.1497)
(-0.4401)
G2(-0.4725)
(0.2437)
(0.3219)
G3(0.3230)
(0.3704)
(-0.3650)
G4(0.5337)
(3.1288)
(-2.7335)
A1(-3.1566)
(10.3177)
(6.3851)
A2(3.7589)
(4.9656)
(6.6032)
A3(-1.1444)
(11.5017)
(-2.2170)
A4(-3.6583)
(18.2534)
(-5.4636)
G1(-2.6771)
(2.0593)
(-0.8844)
G2(0.5593)
(1.3846)
(0.4555)
G3(1.0765)
(0.4241)
(-0.5651)
G4(0.1266)
(-2.7819)
(1.1887)
A1(-2.6393)
(16.1520)
(0.5844)
A2(4.8459)
(8.6574)
(7.3310)
A3(2.9018)
(17.7410)
(0.2011)
A4(-4.1324)
(9.6055)
(-7.7141)
G1(-5.0646)
(5.2120)
(1.2872)
G2(0.8301)
(2.8841)
(-0.7827)
G3(2.9341)
(1.5357)
(-1.8039)
G4(0.2405)
(-0.3177)
(-0.2139)
A1(-0.3784)
(13.5271)
(12.8613)
A2(-6.1818)
(11.3533)
(3.2657)
A3(10.7739)
(11.7172)
(-10.0940)
A4(-1.2210)
(7.5753)
(-6.6224)
G1(-6.3242)
(3.1634)
(-0.0250)
G2(1.1643)
(1.6889)
(-0.2831)
G3(2.2343)
(3.3097)
(-4.5693)
G4(0.0330)
(1.1190)
(-0.4310)
A1(-11.3524)
(7.7982)
(13.0241)
A2(1.0151)
(9.3901)
(5.1858)
A3(11.9614)
(5.3295)
(-16.2423)
A4(-3.6775)
(9.4475)
(-5.9568)
G1(-5.6713)
(3.9046)
(-0.0218)
G2(1.5570)
(4.3357)
(0.8195)
G3(-1.5171)
(0.0947)
(-3.6333)
G4(-0.1171)
(3.4997)
(-1.2111)
A1(-3.0848)
(6.6103)
(7.2665)
A2(-5.1523)
(11.1809)
(6.4739)
A3(7.9009)
(1.3886)
(-10.8553)
A4(-6.5410)
(-4.7166)
(-2.9544)
G1(-2.0646)
(4.9657)
(-1.3729)
G2(0.9855)
(4.8513)
(1.8784)
G3(1.5314)
(-2.0135)
(-4.8098)
G4(0.2421)
(7.1181)
(-6.8525)
A1(-8.1718)
(5.6475)
(-7.5635)
A2(-0.3017)
(5.7796)
(8.7197)
A3(1.0726)
(-3.2513)
(-1.3743)
A4(-6.1531)
(10.1370)
(-5.9855)
G1(-0.8434)
(1.4394)
(0.8349)
G2(-1.1451)
(7.9088)
(0.9535)
G3(2.0885)
(-5.0551)
(-5.2711)
G4(-0.7194)
(-2.3509)
(2.0864)
A1(4.3877)
(1.9400)
(-4.2823)
A2(8.4803)
(10.8362)
(8.3510)
A3(-3.9456)
(-9.1794)
(0.4980)
A4(2.6767)
(8.8585)
(-3.2896)
G1(-0.3102)
(3.4923)
(0.0436)
G2(0.9817)
(-1.8629)
(1.5708)
G3(-0.1192)
(-1.6240)
(-7.8944)
G4(-1.0653)
(0.7088)
(0.2246)
A1(-11.6781)
(0.3880)
(-0.5940)
A2(-1.2402)
(12.2439)
(3.8116)
A3(27.3992)
(-5.7413)
(17.9517)
A4(5.1954)
(10.1179)
(-1.1827)
G1(0.5428)
(-2.7494)
(0.9674)
G2(0.6391)
(1.8592)
(-0.3932)
G3(3.8536)
(13.9648)
(2.5478)
G4(0.0149)
(-0.3608)
(0.2320)
A1(-7.9946)
(5.4319)
(-1.4083)
A2(2.9784)
(3.1747)
(4.6448)
A3(-4.8650)
(0.7230)
(-9.3374)
A4(0.5698)
(8.5377)
(-4.9177)
G1(-0.4608)
(-1.3468)
(1.5703)
G2(0.3544)
(0.4065)
(0.0069)
G3(-1.6730)
(0.2927)
(3.1155)
G4(0.2623)
(-0.8418)
(0.3725)
A1(-11.1321)
(5.6187)
(1.7244)
A2(1.2594)
(8.4563)
(1.7957)
A3(-1.7286)
(-4.4101)
(-7.1060)
A4(1.3216)
(8.3989)
(-5.9711)
G1(-0.5295)
(-1.2670)
(1.8943)
G2(-0.3821)
(-0.6540)
(0.2171)
G3(-1.4596)
(2.8021)
(0.4656)
G4(-0.0383)
(-1.4984)
(0.5646)
A1(-6.4618)
(7.4725)
(1.8969)
A2(3.4285)
(10.0461)
(0.6560)
A3(-4.0462)
(-2.7916)
(-8.4994)
A4(0.4118)
(8.7340)
(-5.3822)
G1(0.3129)
(-1.8209)
(1.6203)
G2(-0.0793)
(-1.0584)
(-0.1309)
G3(-1.9241)
(2.7547)
(0.2299)
G4(-0.0984)
(-0.7753)
(0.4523)
A1(-8.2149)
(6.7923)
(-0.0144)
A2(1.2067)
(9.4332)
(0.6033)
A3(-0.7566)
(-4.0175)
(-8.2935)
A4(0.8236)
(8.5234)
(-5.0949)
G1(0.9972)
(-1.3915)
(1.4660)
G2(0.0059)
(-1.2962)
(-0.0968)
G3(-3.1421)
(2.6111)
(-1.3643)
G4(-0.1469)
(-0.6731)
(0.3714)
A1(-6.3564)
(9.8771)
(2.1076)
A2(2.3128)
(9.3470)
(1.2402)
A3(1.7286)
(0.9720)
(-9.1411)
A4(-0.1676)
(8.7580)
(-4.8554)
G1(2.0912)
(-1.2553)
(1.3164)
G2(-0.0383)
(-0.7136)
(-0.0511)
G3(-3.7860)
(-0.0591)
(0.0532)
G4(-0.0628)
(0.0532)
(0.1229)
A1(-6.7444)
(8.7754)
(1.6047)
A2(0.2490)
(9.7683)
(1.5562)
A3(-5.8706)
(5.9807)
(-12.2056)
A4(0.7039)
(8.9926)
(-4.9129)
G1(1.7437)
(-0.3805)
(0.7439)
G2(0.0080)
(-0.6274)
(0.0798)
G3(-3.4188)
(1.3260)
(-0.4512)
G4(-0.0575)
(-0.0372)
(0.2618)
