A1(4.3973)
(5.3936)
(10.7488)
A2(4.5969)
(9.5624)
(2.0207)
A3(-3.3615)
(4.9991)
(-6.2584)
A4(-2.4660)
(7.1443)
(-7.3598)
G1(-0.1841)
(-1.3899)
(-0.5305)
G2(0.2171)
(-0.5449)
(0.3177)
G3(0.1958)
(-2.6196)
(2.2961)
G4(0.1580)
(-0.4683)
(0.9003)
A1(-4.2536)
(11.4865)
(9.2544)
A2(-2.2266)
(9.7444)
(3.4333)
A3(-5.8466)
(11.0038)
(3.9840)
A4(-2.9832)
(15.3899)
(-4.6878)
G1(3.0522)
(-0.6226)
(-0.8232)
G2(-0.2118)
(-2.5339)
(0.0835)
G3(-3.1607)
(-11.2356)
(5.8532)
G4(1.7911)
(-3.9403)
(3.5614)
A1(-6.6629)
(3.4824)
(9.4364)
A2(1.3360)
(13.3309)
(1.9680)
A3(-10.0173)
(1.5658)
(-9.9982)
A4(-5.0996)
(23.6691)
(2.9018)
G1(2.2615)
(-4.0398)
(-1.4947)
G2(-0.0213)
(-1.8443)
(-0.2405)
G3(1.6373)
(-1.2127)
(1.6432)
G4(2.0705)
(-2.6042)
(3.9759)
A1(0.2682)
(5.7768)
(-0.2443)
A2(-0.9194)
(13.7092)
(8.3701)
A3(6.9719)
(-5.9185)
(-9.7205)
A4(-19.1345)
(33.6290)
(-15.2032)
G1(2.3072)
(-3.6013)
(-1.8698)
G2(-0.0995)
(-4.0036)
(1.2297)
G3(0.6306)
(-3.1480)
(-0.0750)
G4(1.2584)
(-4.1781)
(6.8930)
A1(8.7562)
(14.0827)
(2.9076)
A2(-1.6616)
(5.5450)
(0.5124)
A3(2.7581)
(10.2520)
(-6.3063)
A4(-16.6158)
(4.8411)
(-26.8390)
G1(2.1327)
(-6.2316)
(-1.6070)
G2(-2.1817)
(-3.4779)
(0.4305)
G3(0.2863)
(-0.0851)
(-0.2150)
G4(0.2357)
(4.9715)
(2.4355)
A1(10.5668)
(1.8442)
(14.7150)
A2(-0.6800)
(11.7890)
(18.8998)
A3(7.8147)
(9.3422)
(-3.4524)
A4(-17.4442)
(-0.2298)
(-18.0906)
G1(-1.2494)
(-11.5649)
(-1.4904)
G2(-7.4522)
(-6.7461)
(0.7396)
G3(-0.8280)
(-3.1384)
(0.8322)
G4(3.1735)
(6.5663)
(9.2497)
A1(-12.6265)
(17.2920)
(1.2263)
A2(1.3455)
(23.7170)
(17.4346)
A3(7.0677)
(12.4020)
(0.4741)
A4(-14.1018)
(-4.4197)
(-3.5338)
G1(1.7762)
(-9.8718)
(-2.3445)
G2(-9.6855)
(-3.6279)
(1.5224)
G3(-0.8423)
(-8.0791)
(3.0229)
G4(3.4662)
(10.5374)
(6.0799)
A1(-9.7908)
(14.2983)
(5.8438)
A2(4.4341)
(11.0804)
(12.8952)
A3(7.3502)
(-2.5666)
(4.5825)
A4(-6.0717)
(-17.3388)
(-0.5028)
G1(0.8977)
(-4.4431)
(0.5731)
G2(-6.9717)
(-9.3764)
(0.4390)
G3(-4.9662)
(-9.8148)
(5.7410)
G4(-5.8687)
(2.9293)
(4.5634)
A1(-2.2226)
(9.6232)
(3.7314)
A2(-6.4979)
(11.1857)
(5.9664)
A3(19.9054)
(5.5929)
(5.8227)
A4(-28.4240)
(-6.1148)
(27.3561)
G1(-0.2698)
(-0.3395)
(-0.3581)
G2(0.7471)
(-6.0416)
(2.2194)
G3(-2.4812)
(-3.9786)
(0.3368)
G4(11.6277)
(-17.4363)
(-4.7198)
A1(-2.8644)
(7.0126)
(3.8656)
A2(-8.5138)
(6.6702)
(-18.7658)
A3(-6.3351)
(8.8250)
(3.6966)
A4(-6.4979)
(-1.8100)
(7.7285)
G1(-0.3187)
(-0.2735)
(-0.0623)
G2(1.0233)
(-2.3748)
(1.7959)
G3(-0.4683)
(0.9440)
(-1.2909)
G4(-17.4363)
(7.8002)
(-11.4479)
A1(-2.4908)
(13.9486)
(-0.9820)
A2(2.4995)
(6.0669)
(7.3789)
A3(0.3496)
(8.3749)
(2.1979)
A4(3.6583)
(-2.4038)
(-1.4796)
G1(-0.3161)
(1.7640)
(-0.1107)
G2(-0.5326)
(-0.4560)
(1.7097)
G3(0.3900)
(1.9161)
(-0.7157)
G4(1.9768)
(-3.3874)
(0.7992)
A1(-0.2012)
(10.4614)
(1.0921)
A2(3.3040)
(0.1484)
(-7.5513)
A3(2.3415)
(8.1834)
(-5.4588)
A4(7.6471)
(-6.4404)
(-6.1531)
G1(0.0952)
(0.4161)
(-0.2251)
G2(0.7779)
(4.9385)
(-2.2258)
G3(0.9647)
(4.1558)
(-0.8003)
G4(1.7193)
(-2.7207)
(-1.2776)
A1(-0.7856)
(10.4950)
(0.7951)
A2(0.1437)
(0.0862)
(1.7478)
A3(1.3455)
(9.5529)
(-3.0646)
A4(9.9216)
(-5.2385)
(-3.7637)
G1(0.2735)
(0.7088)
(-0.0686)
G2(-2.0614)
(1.9741)
(-1.8012)
G3(0.0053)
(0.2959)
(-0.0532)
G4(-0.1011)
(-3.8333)
(-0.7599)
A1(-0.6946)
(9.1107)
(0.4167)
A2(13.2974)
(5.4971)
(-1.3168)
A3(2.5331)
(8.4659)
(-4.4772)
A4(2.4804)
(-1.0630)
(-7.7476)
G1(0.5406)
(0.7854)
(-0.2458)
G2(-0.6290)
(0.2565)
(-1.5745)
G3(-0.0362)
(0.0984)
(-0.0873)
G4(-2.9389)
(-3.2198)
(-2.2221)
A1(-1.1544)
(9.6711)
(0.1677)
A2(8.1020)
(3.7828)
(0.4022)
A3(0.9864)
(9.0549)
(-3.5530)
A4(2.3798)
(1.1827)
(-8.6574)
G1(0.4810)
(1.1036)
(-0.2432)
G2(0.0037)
(2.2455)
(-1.2957)
G3(-0.1192)
(-0.3443)
(-0.0208)
G4(-3.5364)
(-3.4263)
(-3.2847)
A1(0.0527)
(9.8579)
(-0.5844)
A2(9.5385)
(5.7796)
(0.5890)
A3(0.2107)
(9.4475)
(-2.9880)
A4(0.1006)
(4.2617)
(-9.2799)
G1(0.6353)
(1.5921)
(-0.3491)
G2(0.4778)
(1.7001)
(-1.1776)
G3(-0.1282)
(0.2464)
(-0.1240)
G4(-2.1157)
(-2.2977)
(0.7881)
A1(0.5892)
(10.1884)
(-1.3747)
A2(8.8825)
(4.4819)
(2.7054)
A3(1.2594)
(9.3661)
(-1.9201)
A4(5.3870)
(2.0830)
(-12.7419)
G1(-0.6997)
(0.4927)
(0.0910)
G2(0.5369)
(2.0800)
(-1.5011)
G3(-0.0277)
(0.3634)
(-0.1921)
G4(-2.1194)
(-0.9099)
(0.0303)
A1(-1.6813)
(8.4400)
(0.1150)
A2(7.8243)
(7.5274)
(5.4875)
A3(1.6903)
(8.7436)
(-3.8786)
A4(3.4907)
(3.6823)
(-9.6151)
G1(0.1256)
(-0.7226)
(-0.4927)
G2(0.2634)
(0.7524)
(-2.1130)
G3(0.0388)
(0.2246)
(-0.2139)
G4(-2.3589)
(-2.1859)
(0.4672)
A1(-1.8969)
(9.0771)
(0.5748)
A2(8.2265)
(8.6718)
(4.1180)
A3(1.8387)
(8.8298)
(-3.8355)
A4(2.0255)
(9.4427)
(-8.9735)
G1(-0.2416)
(-0.0569)
(-0.6231)
G2(0.5151)
(0.5390)
(-2.0630)
G3(-0.0830)
(-0.0591)
(-0.0995)
G4(-2.4914)
(-0.9232)
(0.1564)
A1(-0.8622)
(9.1059)
(1.8394)
A2(4.7549)
(9.1602)
(1.7813)
A3(1.2450)
(9.2560)
(-1.6855)
A4(1.8579)
(10.3477)
(-4.4819)
G1(0.1995)
(0.3773)
(0.0032)
G2(1.6793)
(0.0926)
(-1.4793)
G3(0.0261)
(0.2144)
(-0.2293)
G4(-1.5309)
(-0.8030)
(0.4869)
