A1(-2.8692)
(8.5694)
(-2.7064)
A2(3.2848)
(8.3270)
(3.6440)
A3(1.0534)
(7.9009)
(-5.7557)
A4(3.1173)
(9.0309)
(-2.8252)
G1(-0.0713)
(-0.1123)
(0.0676)
G2(-0.0309)
(-0.0639)
(-0.0021)
G3(-0.0181)
(0.1878)
(-0.0431)
G4(-0.0112)
(0.0096)
(0.0202)
A1(-3.2141)
(8.8376)
(-1.8537)
A2(3.0454)
(8.6766)
(3.1987)
A3(0.6847)
(8.2408)
(-5.1427)
A4(2.9688)
(8.7580)
(-3.4524)
G1(-0.1176)
(-0.0633)
(0.1197)
G2(-0.0101)
(0.0458)
(-0.0208)
G3(-0.0388)
(0.0692)
(-0.0048)
G4(-0.0686)
(0.1314)
(-0.0915)
A1(-2.5291)
(9.4507)
(-2.5483)
A2(3.2130)
(8.6670)
(3.0358)
A3(0.7135)
(8.2408)
(-5.0901)
A4(4.4388)
(8.5904)
(-3.0215)
G1(-0.2384)
(-0.0846)
(0.2490)
G2(-0.0431)
(-0.0287)
(-0.0335)
G3(0.0282)
(0.0378)
(0.0117)
G4(-0.1070)
(0.3975)
(-0.0181)
A1(-3.5207)
(9.1442)
(-1.2358)
A2(2.6719)
(9.4667)
(3.0550)
A3(1.6568)
(7.3837)
(-6.6319)
A4(3.8930)
(9.2129)
(-2.5809)
G1(0.3991)
(0.2528)
(-0.1900)
G2(0.4959)
(0.4448)
(0.0186)
G3(-0.1224)
(-0.1522)
(0.0889)
G4(-0.0984)
(0.7684)
(-0.2139)
A1(-3.4536)
(8.6508)
(-1.4418)
A2(4.4580)
(7.8003)
(4.0270)
A3(1.4365)
(7.9104)
(-5.7892)
A4(7.2880)
(10.2855)
(-0.3256)
G1(0.3719)
(0.5816)
(-0.3198)
G2(-0.0415)
(-0.0122)
(0.0575)
G3(-0.1985)
(-0.1415)
(0.0192)
G4(0.4252)
(1.6607)
(-0.5624)
A1(0.7712)
(9.9202)
(-0.7425)
A2(2.9975)
(8.7867)
(2.8443)
A3(0.3112)
(9.0788)
(-4.0414)
A4(0.8475)
(10.8170)
(-1.8483)
G1(-0.2639)
(2.1040)
(-0.2980)
G2(-0.3033)
(-0.0889)
(-0.0053)
G3(-0.1240)
(0.5257)
(-0.2613)
G4(1.2920)
(3.3018)
(-2.2471)
A1(-1.8202)
(9.9729)
(0.1437)
A2(5.1811)
(5.2577)
(4.0606)
A3(1.7909)
(10.6973)
(-2.1117)
A4(15.8640)
(0.7614)
(-6.6415)
G1(-0.2767)
(1.6868)
(-0.9259)
G2(-0.9440)
(1.0499)
(0.9674)
G3(0.6737)
(0.7817)
(-0.3203)
G4(1.4883)
(5.5239)
(-2.7728)
A1(-0.4024)
(6.4043)
(8.0281)
A2(3.0119)
(7.2113)
(4.4532)
A3(-2.3032)
(13.6374)
(-1.5706)
A4(7.1443)
(11.3916)
(-1.2115)
G1(-3.5875)
(3.2172)
(-1.4803)
G2(-0.8939)
(3.9531)
(0.7482)
G3(1.7400)
(0.9126)
(-0.5710)
G4(1.7347)
(-0.0064)
(0.3464)
A1(-4.9194)
(21.2199)
(-2.8740)
A2(4.5394)
(8.2983)
(10.5010)
A3(-3.1508)
(23.6020)
(-4.6400)
A4(1.6807)
(9.7252)
(-8.0493)
G1(-5.5292)
(5.9235)
(2.7202)
G2(1.8379)
(1.0648)
(-0.1431)
G3(3.7791)
(0.9823)
(-1.7224)
G4(0.4661)
(2.5786)
(-0.7492)
A1(0.7520)
(20.3816)
(11.9607)
A2(-16.5727)
(6.8283)
(-0.8236)
A3(29.6211)
(26.8582)
(-19.1871)
A4(-4.7597)
(9.7492)
(-5.0709)
G1(-8.2275)
(5.6883)
(-0.6412)
G2(1.3111)
(2.7031)
(-1.0105)
G3(0.3986)
(5.4733)
(-3.8339)
G4(-0.5209)
(3.0910)
(-0.7886)
A1(-10.7153)
(9.9010)
(7.8173)
A2(2.6624)
(9.8833)
(6.4117)
A3(9.8497)
(-4.5873)
(-24.5023)
A4(-3.7302)
(13.9630)
(-3.3471)
G1(-5.4249)
(6.8302)
(-0.6210)
G2(1.6442)
(6.3939)
(1.7230)
G3(-0.4848)
(-4.7262)
(-3.9206)
G4(0.1144)
(5.5984)
(-1.3388)
A1(10.9883)
(11.8314)
(1.0394)
A2(-8.2744)
(11.4395)
(4.5777)
A3(14.8871)
(-3.2034)
(-8.2504)
A4(-0.9290)
(-3.2274)
(-1.8627)
G1(0.5704)
(2.4227)
(-2.1412)
G2(1.1408)
(4.6815)
(1.0009)
G3(4.4777)
(-5.8091)
(-8.5452)
G4(-0.1538)
(9.3604)
(-4.7294)
A1(-16.3005)
(-3.9805)
(0.5077)
A2(-7.0581)
(5.1140)
(13.0963)
A3(2.4277)
(-16.8312)
(4.4724)
A4(-2.1787)
(15.2559)
(2.1691)
G1(2.3509)
(4.9816)
(-1.7283)
G2(-2.2822)
(11.6394)
(1.4974)
G3(-2.3567)
(-4.1606)
(-5.6611)
G4(-1.0797)
(-0.7370)
(0.9360)
A1(-25.3441)
(3.6979)
(-4.7948)
A2(2.9161)
(-0.6369)
(3.2034)
A3(8.3989)
(109.6209)
(-59.9700)
A4(9.0166)
(9.6486)
(-1.7334)
G1(0.2618)
(-10.6540)
(-0.1075)
G2(1.1126)
(-0.8934)
(0.0420)
G3(9.7547)
(-12.2269)
(-1.4841)
G4(-0.1123)
(0.9865)
(0.4294)
A1(-67.5539)
(9.3789)
(42.5308)
A2(6.2010)
(-3.1987)
(6.0334)
A3(-13.7236)
(9.9407)
(-10.9894)
A4(3.0837)
(6.7469)
(-3.6009)
G1(-0.0580)
(-0.2054)
(6.5237)
G2(0.4715)
(1.2372)
(0.6103)
G3(1.6634)
(-0.1948)
(0.5593)
G4(0.0069)
(-0.8109)
(0.3081)
A1(-14.3222)
(9.6376)
(-1.9016)
A2(-0.7039)
(7.5609)
(0.6943)
A3(-1.1061)
(-8.7005)
(-10.4722)
A4(0.5986)
(8.9878)
(-4.5394)
G1(0.2059)
(-0.9546)
(2.0673)
G2(-0.5108)
(-0.1985)
(0.4810)
G3(-0.5188)
(3.5598)
(1.0844)
G4(-0.1096)
(-0.6912)
(0.1958)
A1(-10.9836)
(5.3696)
(3.2955)
A2(5.3343)
(8.1451)
(1.0199)
A3(-7.2257)
(-0.8475)
(-9.4571)
A4(-0.1437)
(8.3462)
(-4.6974)
G1(-0.4257)
(0.9530)
(1.8395)
G2(-0.2352)
(-0.0633)
(0.2277)
G3(-1.7384)
(2.3530)
(1.8901)
G4(-0.0388)
(-0.6907)
(0.2517)
A1(-6.8258)
(7.5970)
(0.9149)
A2(1.9632)
(9.2991)
(2.4469)
A3(-3.7541)
(-1.0151)
(-9.2368)
A4(1.7909)
(9.5624)
(-3.8068)
G1(0.0889)
(-0.9748)
(1.6863)
G2(-0.2086)
(-0.4842)
(-0.1783)
G3(-1.4958)
(3.0538)
(-0.2650)
G4(-0.1128)
(-0.2485)
(0.0963)
A1(-6.5815)
(8.1622)
(1.8154)
A2(0.3783)
(10.2568)
(1.4988)
A3(-0.6369)
(1.5850)
(-9.7923)
A4(0.2921)
(9.8210)
(-3.2896)
G1(1.1387)
(-0.8365)
(0.9668)
G2(-0.0404)
(-0.1820)
(0.0117)
G3(-2.5302)
(1.1893)
(-0.1756)
G4(-0.0325)
(0.0793)
(0.1336)
A1(-6.5528)
(7.3862)
(1.3747)
A2(2.3750)
(8.8394)
(1.6233)
A3(-0.6800)
(2.9880)
(-11.4251)
A4(0.5411)
(9.5481)
(-3.1220)
G1(1.4974)
(-0.7854)
(0.6997)
G2(-0.0069)
(-0.9333)
(0.2272)
G3(-3.1868)
(-0.1293)
(-0.3533)
G4(0.1681)
(0.5119)
(0.1133)
