A1(-4.6990)
(6.7300)
(8.1095)
A2(-0.7518)
(9.1842)
(0.5986)
A3(-1.2402)
(12.6941)
(0.8715)
A4(1.2067)
(8.8059)
(-3.7254)
G1(-4.4038)
(2.0646)
(0.4922)
G2(-0.7386)
(0.5789)
(0.1357)
G3(0.6923)
(0.5092)
(-0.2921)
G4(-0.1586)
(0.3368)
(-0.1761)
A1(-5.1158)
(10.8638)
(11.4961)
A2(-0.9960)
(9.9216)
(-1.4700)
A3(-2.2841)
(12.0333)
(-6.0190)
A4(-3.4716)
(7.8051)
(-7.3646)
G1(-3.9185)
(3.6194)
(-0.3842)
G2(-0.3304)
(1.1547)
(0.1740)
G3(0.6976)
(-0.0250)
(-0.3799)
G4(0.1527)
(1.4319)
(-0.4464)
A1(-10.4040)
(7.8796)
(4.6176)
A2(0.9050)
(7.3023)
(0.6895)
A3(-7.5130)
(7.4508)
(-12.2823)
A4(-1.5706)
(8.7340)
(-6.5074)
G1(-2.4663)
(1.8486)
(-1.3819)
G2(-1.2223)
(-0.4816)
(1.0557)
G3(2.8915)
(-0.4406)
(-1.1158)
G4(-0.3634)
(1.3627)
(-0.0718)
A1(-9.2831)
(6.6390)
(-1.1017)
A2(-2.7485)
(11.7268)
(6.1100)
A3(-8.9543)
(-5.0661)
(-7.9392)
A4(-1.6759)
(9.6438)
(-4.6064)
G1(2.8798)
(6.0299)
(-2.1189)
G2(-0.6385)
(3.3124)
(0.7758)
G3(4.2888)
(-3.1145)
(-2.5116)
G4(-1.2361)
(0.7130)
(0.0537)
A1(-3.8656)
(6.7300)
(-0.4694)
A2(3.6488)
(11.7699)
(4.6639)
A3(-6.3207)
(-5.4205)
(-2.1213)
A4(0.0479)
(9.5720)
(0.0670)
G1(5.9543)
(2.6382)
(-0.9381)
G2(0.7748)
(0.7700)
(0.7572)
G3(3.1182)
(-6.1629)
(-4.5804)
G4(-0.9088)
(-0.0074)
(0.4592)
A1(-12.6888)
(4.4116)
(1.6765)
A2(1.8914)
(7.7716)
(5.1667)
A3(-8.5186)
(-11.9519)
(-9.4763)
A4(0.2586)
(10.0987)
(-0.1867)
G1(4.6219)
(1.9129)
(-1.2084)
G2(1.1706)
(0.2783)
(0.1293)
G3(-1.0807)
(-1.6086)
(-2.8915)
G4(-0.0325)
(1.2207)
(0.1623)
A1(-8.3059)
(-1.3316)
(11.9320)
A2(2.8922)
(8.6766)
(2.9449)
A3(-1.0104)
(8.5521)
(-7.2113)
A4(7.4651)
(8.8585)
(-1.1875)
G1(-0.3874)
(-1.7060)
(0.7439)
G2(0.3762)
(-0.2384)
(0.1426)
G3(-2.7670)
(2.8165)
(-1.3260)
G4(-0.0431)
(-0.8503)
(0.3948)
A1(-4.7805)
(-3.8129)
(0.6227)
A2(6.0430)
(6.7660)
(0.8763)
A3(-41.1420)
(17.0371)
(-0.4597)
A4(-1.6664)
(10.0461)
(-2.0159)
G1(-2.1838)
(-1.3015)
(0.4699)
G2(-0.2868)
(-0.9073)
(-0.2559)
G3(2.0907)
(-2.9282)
(-0.8280)
G4(0.1032)
(0.9418)
(-0.3852)
A1(-4.2536)
(-0.8957)
(-1.6861)
A2(-0.4453)
(11.9950)
(2.8491)
A3(-8.7915)
(0.8236)
(-3.7110)
A4(-0.0814)
(9.2464)
(-3.6057)
G1(-2.5999)
(-1.8619)
(1.3590)
G2(0.0617)
(0.0883)
(0.3943)
G3(-0.5002)
(-1.1632)
(0.9041)
G4(0.1261)
(-0.5491)
(-0.0665)
A1(-12.5978)
(4.1961)
(-3.8608)
A2(4.7070)
(9.0453)
(2.1739)
A3(-3.9504)
(-2.5762)
(-3.2322)
A4(1.5897)
(9.1650)
(-2.4517)
G1(-1.2866)
(-1.1749)
(2.4706)
G2(-0.1038)
(0.0734)
(-0.0857)
G3(1.6501)
(0.0506)
(2.4727)
G4(0.1687)
(-0.4970)
(-0.0442)
A1(-9.1250)
(7.3815)
(1.2454)
A2(3.1316)
(9.3613)
(2.6959)
A3(-9.7348)
(-4.1515)
(-7.4508)
A4(-0.5794)
(9.6534)
(-4.0318)
G1(-0.1958)
(-3.8147)
(1.7395)
G2(0.1171)
(-0.6556)
(-0.1346)
G3(-0.1458)
(2.8197)
(1.2185)
G4(0.3358)
(-0.7615)
(-0.0170)
A1(-9.0580)
(6.4618)
(3.6931)
A2(1.3503)
(9.7875)
(1.6712)
A3(-9.0644)
(-2.3511)
(-6.6702)
A4(-0.0192)
(9.2895)
(-4.1899)
G1(0.2645)
(-0.5917)
(1.2526)
G2(-0.2607)
(-1.1632)
(-0.1958)
G3(-0.8578)
(3.1762)
(2.1465)
G4(0.3022)
(-0.6710)
(-0.0734)
A1(-6.9791)
(7.4820)
(5.6810)
A2(2.3367)
(8.5234)
(2.1021)
A3(-6.0478)
(-0.0479)
(-7.9200)
A4(-0.1724)
(8.7484)
(-5.3343)
G1(1.4378)
(-2.5201)
(1.7262)
G2(-0.0080)
(-0.0921)
(-0.2746)
G3(-2.1912)
(2.9729)
(1.6203)
G4(0.2086)
(-0.3837)
(-0.0537)
A1(-6.2079)
(7.9515)
(4.6942)
A2(0.5794)
(9.5433)
(1.9920)
A3(-2.6767)
(4.4484)
(-9.6151)
A4(-0.2442)
(8.8107)
(-4.0749)
G1(1.7671)
(-0.9535)
(0.8019)
G2(-0.0814)
(-0.6981)
(-0.3640)
G3(-2.9436)
(0.9860)
(1.1318)
G4(-0.0287)
(-0.1133)
(0.0074)
A1(-3.8368)
(9.2256)
(3.7650)
A2(1.1253)
(9.9838)
(1.7526)
A3(-2.3032)
(8.8442)
(-7.4508)
A4(-0.7757)
(9.3374)
(-3.6057)
G1(1.7389)
(-1.6634)
(0.6332)
G2(0.2677)
(-0.4087)
(-0.1815)
G3(-2.2636)
(-0.2421)
(1.4851)
G4(0.2033)
(-0.4837)
(0.3347)
A1(-3.3818)
(10.4231)
(-0.4551)
A2(1.0295)
(8.9543)
(1.8866)
A3(-3.6727)
(9.5720)
(-2.5570)
A4(0.1389)
(8.8777)
(-5.2960)
G1(1.7320)
(-2.3035)
(0.1926)
G2(0.2464)
(-0.8046)
(-0.1846)
G3(-2.0327)
(-0.4108)
(0.1990)
G4(0.2639)
(-0.1240)
(0.1580)
A1(-3.5782)
(9.2352)
(-0.6083)
A2(-0.0096)
(9.8210)
(1.3408)
A3(-5.2146)
(16.7403)
(-1.5275)
A4(0.5219)
(7.9631)
(-5.9089)
G1(0.8902)
(-0.9344)
(-0.1751)
G2(-0.0521)
(-0.7226)
(-0.1282)
G3(-0.8019)
(-0.7104)
(0.1873)
G4(-0.0729)
(0.1862)
(0.0878)
A1(-2.1555)
(10.1261)
(0.0814)
A2(0.4022)
(10.8888)
(0.3112)
A3(-0.2969)
(9.4236)
(-3.8786)
A4(1.5275)
(8.8729)
(-4.7740)
G1(0.6614)
(-0.2517)
(0.0255)
G2(0.1336)
(0.2916)
(-0.1357)
G3(-0.3991)
(-0.0952)
(-0.0138)
G4(-0.2134)
(-0.0133)
(0.1208)
A1(-3.0273)
(8.9382)
(-0.2156)
A2(0.2825)
(9.9982)
(-1.3599)
A3(-2.5379)
(10.8266)
(-2.8347)
A4(1.1061)
(8.6383)
(-4.5921)
G1(0.1431)
(-0.3304)
(-0.0404)
G2(0.4448)
(-0.6316)
(0.0511)
G3(-0.5247)
(-0.0809)
(0.1761)
G4(-0.2575)
(-0.1187)
(0.0984)
A1(-2.2178)
(9.7286)
(0.1533)
A2(0.9673)
(9.4427)
(0.1293)
A3(-0.7661)
(9.9599)
(0.1963)
A4(1.1013)
(8.8873)
(-4.7118)
G1(0.0915)
(0.4097)
(0.1511)
G2(0.0255)
(-0.3932)
(-0.0266)
G3(-0.0915)
(0.3214)
(-0.0250)
G4(-0.2107)
(0.0357)
(0.0772)
