A1(-3.2189)
(9.7717)
(3.6069)
A2(0.8140)
(8.7101)
(0.0239)
A3(-1.7047)
(10.2663)
(-1.2641)
A4(0.8811)
(7.6662)
(-5.6838)
G1(-1.7453)
(0.0208)
(0.5577)
G2(-0.6093)
(0.1697)
(-0.0330)
G3(0.1948)
(0.3677)
(-0.1043)
G4(0.5050)
(0.1362)
(-0.0697)
A1(-5.4223)
(9.5944)
(6.6725)
A2(0.0479)
(8.5473)
(0.3017)
A3(-2.3607)
(13.4363)
(-1.5371)
A4(0.6081)
(8.2887)
(-8.9399)
G1(-2.9506)
(0.3581)
(-1.4165)
G2(-0.9977)
(0.6465)
(0.2059)
G3(0.7157)
(-0.2873)
(0.1447)
G4(-0.0037)
(0.4651)
(-0.2831)
A1(-7.8748)
(12.6936)
(9.9968)
A2(-0.3065)
(11.1809)
(-0.6416)
A3(-8.9447)
(12.1913)
(-6.0047)
A4(-1.2450)
(9.3757)
(-4.2282)
G1(-2.6004)
(5.8421)
(-2.1449)
G2(-0.8769)
(0.6928)
(0.6630)
G3(1.2350)
(-0.4507)
(-0.5034)
G4(-0.2341)
(0.7359)
(-0.2357)
A1(-7.9419)
(12.3631)
(-0.0335)
A2(3.4189)
(11.6167)
(-1.9154)
A3(-4.5538)
(16.2375)
(-11.1378)
A4(-1.0247)
(8.7005)
(-5.6647)
G1(-0.7146)
(4.9763)
(-2.6414)
G2(-0.5624)
(1.1339)
(0.9754)
G3(3.7141)
(-0.1086)
(-1.8810)
G4(-0.2347)
(1.2787)
(-0.2772)
A1(-8.8185)
(8.1047)
(1.8825)
A2(-2.6767)
(9.7923)
(8.0732)
A3(-5.5593)
(-4.5729)
(-9.8881)
A4(1.4269)
(8.9447)
(-4.2904)
G1(4.0047)
(3.0320)
(-3.5173)
G2(-0.6034)
(0.6444)
(0.7524)
G3(6.2215)
(-3.9770)
(-7.8902)
G4(-0.8120)
(0.5092)
(0.1623)
A1(-3.4632)
(11.2758)
(3.7219)
A2(5.1763)
(10.8888)
(2.7677)
A3(-9.9120)
(-13.5703)
(-6.5362)
A4(2.1213)
(8.1259)
(-3.8930)
G1(3.5322)
(0.3932)
(-2.6856)
G2(0.4262)
(2.7356)
(0.4523)
G3(-0.1325)
(-5.3179)
(-2.1524)
G4(-0.4528)
(0.4443)
(0.5369)
A1(-7.8892)
(7.3335)
(9.6280)
A2(-5.0996)
(7.0629)
(6.3829)
A3(3.9121)
(6.5888)
(-6.1339)
A4(15.4522)
(5.9711)
(-2.2122)
G1(-1.4074)
(0.1809)
(0.9333)
G2(0.3863)
(0.0404)
(0.2565)
G3(-1.9949)
(-0.8306)
(-2.0327)
G4(-0.7136)
(-0.7146)
(-0.2496)
A1(-8.6173)
(0.3401)
(0.3832)
A2(2.3750)
(5.4013)
(-0.3112)
A3(-6.4787)
(-7.0964)
(1.6376)
A4(0.2634)
(10.0030)
(-1.2115)
G1(-1.6118)
(0.4459)
(0.8418)
G2(0.0580)
(-1.3047)
(-0.6455)
G3(-0.2490)
(0.1139)
(1.1393)
G4(0.0404)
(0.1873)
(-0.0569)
A1(-5.4319)
(-1.7196)
(0.1916)
A2(12.2009)
(2.9592)
(-1.6089)
A3(-8.0158)
(1.4078)
(-7.1395)
A4(3.0358)
(9.1075)
(-3.6152)
G1(-1.3399)
(-1.0653)
(0.2214)
G2(-1.6783)
(-0.1634)
(-1.8049)
G3(1.4340)
(1.1025)
(-0.9456)
G4(0.0277)
(-0.3421)
(-0.2054)
A1(-6.6246)
(2.3519)
(1.6334)
A2(2.7964)
(7.9775)
(3.1699)
A3(-6.8570)
(-2.1308)
(-1.3791)
A4(3.7254)
(9.3230)
(-1.7047)
G1(-1.0882)
(-0.4406)
(1.6315)
G2(-0.2980)
(0.7716)
(-0.3241)
G3(-0.5960)
(-2.1630)
(2.6435)
G4(0.2996)
(-0.0090)
(-0.2698)
A1(-11.2183)
(4.2248)
(-1.3029)
A2(-1.4317)
(8.9830)
(3.7828)
A3(-9.3709)
(-0.3017)
(-3.0550)
A4(1.3024)
(9.2225)
(-2.9592)
G1(-0.2618)
(-1.6426)
(2.5430)
G2(0.1735)
(-0.0990)
(-0.4667)
G3(0.7902)
(0.5944)
(1.5378)
G4(0.1532)
(-0.3161)
(-0.0580)
A1(-9.0963)
(4.9433)
(0.3976)
A2(2.0399)
(10.6255)
(2.2266)
A3(-9.8402)
(-0.7901)
(-5.5881)
A4(1.4269)
(9.4715)
(-2.7773)
G1(-0.0229)
(-0.4097)
(2.0561)
G2(0.0585)
(-0.5199)
(-0.4379)
G3(-0.8338)
(2.3232)
(1.7139)
G4(0.1309)
(-0.3193)
(-0.1171)
A1(-5.2882)
(6.2175)
(5.3888)
A2(0.5698)
(8.4946)
(2.3128)
A3(-10.6973)
(-0.3831)
(-4.9129)
A4(0.0096)
(9.3805)
(-3.0071)
G1(-0.3837)
(0.0202)
(2.7425)
G2(0.2027)
(-0.4613)
(-0.2682)
G3(-1.0972)
(2.4275)
(2.0939)
G4(0.0974)
(-0.6470)
(0.0037)
A1(-5.9732)
(8.8041)
(3.5877)
A2(1.0534)
(9.1411)
(2.2458)
A3(-8.1786)
(2.4421)
(-6.5457)
A4(0.0670)
(8.9783)
(-3.9744)
G1(0.2203)
(-0.7982)
(1.8347)
G2(0.1841)
(-0.4752)
(-0.2267)
G3(-1.3287)
(2.3902)
(1.7336)
G4(0.1064)
(-0.3374)
(-0.0702)
A1(-5.4175)
(8.9095)
(2.9123)
A2(1.6712)
(10.0556)
(1.0247)
A3(-5.6838)
(5.9711)
(-7.7141)
A4(0.4549)
(8.7867)
(-5.5306)
G1(0.6540)
(-1.0456)
(1.3271)
G2(0.1373)
(-0.5215)
(-0.1362)
G3(-1.3675)
(1.5979)
(1.8938)
G4(-0.0921)
(-0.1171)
(-0.1889)
A1(-5.3217)
(9.0149)
(2.7686)
A2(1.1588)
(10.4052)
(0.8428)
A3(-3.8595)
(6.9959)
(-7.4268)
A4(0.5315)
(9.1842)
(-3.0981)
G1(0.8732)
(-0.7593)
(0.8402)
G2(0.3070)
(-0.4342)
(-0.1921)
G3(-1.2063)
(0.8030)
(1.5697)
G4(-0.2363)
(-0.4081)
(-0.0628)
A1(-4.4595)
(9.6711)
(2.6489)
A2(0.3208)
(10.1179)
(0.2825)
A3(-4.6783)
(7.8721)
(-6.6990)
A4(-0.8284)
(9.5960)
(-3.7828)
G1(0.7950)
(0.2075)
(0.6891)
G2(0.5380)
(-0.7476)
(-0.2299)
G3(-1.2691)
(1.3154)
(0.4858)
G4(-0.0335)
(0.1133)
(-0.1075)
A1(-1.9304)
(8.4688)
(3.0992)
A2(-0.0144)
(9.3470)
(0.2586)
A3(-4.1899)
(8.7245)
(-5.3630)
A4(0.8619)
(9.4284)
(-3.3758)
G1(0.8131)
(-0.4065)
(0.3725)
G2(0.4401)
(-0.7630)
(-0.1777)
G3(-1.0195)
(1.0653)
(0.2703)
G4(-0.0005)
(0.1841)
(-0.1570)
A1(-3.3147)
(10.0639)
(2.0166)
A2(-2.0063)
(10.2089)
(2.1835)
A3(-2.4804)
(9.7252)
(-4.4388)
A4(-0.7709)
(9.5433)
(-3.9265)
G1(1.0323)
(-0.5326)
(0.4060)
G2(0.0676)
(0.1953)
(-0.2373)
G3(-0.9253)
(-0.1511)
(0.2474)
G4(0.0660)
(0.0144)
(0.0521)
A1(-2.5244)
(9.2879)
(-0.5700)
A2(0.3543)
(9.3565)
(-0.7661)
A3(-5.9520)
(9.4092)
(-4.5586)
A4(0.5171)
(9.1315)
(-4.0127)
G1(0.6114)
(-0.3076)
(-0.0862)
G2(0.2634)
(-0.2331)
(0.0889)
G3(-0.3033)
(-0.9371)
(0.3725)
G4(0.0165)
(0.3145)
(0.0463)
