A1(-2.0406)
(9.4891)
(0.9724)
A2(0.1437)
(9.5912)
(-0.6369)
A3(-1.3072)
(8.9112)
(-3.3471)
A4(0.1101)
(9.4188)
(-3.2322)
G1(-0.0740)
(0.0479)
(-0.0005)
G2(-0.0186)
(-0.0431)
(-0.0293)
G3(-0.0271)
(0.1128)
(-0.0527)
G4(-0.0564)
(0.0639)
(-0.0239)
A1(-2.2992)
(9.4460)
(0.9772)
A2(0.0431)
(9.5337)
(-0.6081)
A3(-1.2785)
(8.9112)
(-3.5482)
A4(0.0670)
(9.4044)
(-3.2657)
G1(-0.0059)
(0.0463)
(-0.0043)
G2(-0.0080)
(0.0032)
(-0.0229)
G3(-0.0213)
(0.1022)
(-0.0532)
G4(-0.0442)
(0.0628)
(-0.0335)
A1(-2.2609)
(9.4220)
(1.0394)
A2(0.1149)
(9.5098)
(-0.5986)
A3(-1.3455)
(8.9830)
(-3.3232)
A4(-0.0096)
(9.3948)
(-3.4716)
G1(0.0287)
(0.0644)
(0.0005)
G2(-0.0027)
(0.0053)
(-0.0325)
G3(-0.0181)
(0.1016)
(-0.0474)
G4(-0.0420)
(0.0506)
(-0.0261)
A1(-2.2178)
(9.5274)
(0.9676)
A2(0.0287)
(9.5624)
(-0.5986)
A3(-1.2977)
(8.8538)
(-3.6296)
A4(0.1245)
(9.4619)
(-3.1508)
G1(0.0367)
(0.0670)
(-0.0064)
G2(-0.0032)
(0.0357)
(-0.0341)
G3(-0.0261)
(0.0745)
(-0.0484)
G4(-0.0479)
(0.0069)
(-0.0160)
A1(-2.2322)
(9.3406)
(1.0155)
A2(0.1293)
(9.5241)
(-0.5650)
A3(-1.3024)
(9.0501)
(-3.5243)
A4(0.0096)
(9.3709)
(-3.3232)
G1(0.0378)
(-0.0303)
(-0.0245)
G2(-0.0213)
(-0.0043)
(-0.0372)
G3(-0.0362)
(0.0819)
(-0.0585)
G4(-0.0697)
(-0.0059)
(-0.0250)
A1(-2.2465)
(9.3597)
(1.0251)
A2(0.0958)
(9.5289)
(-0.6943)
A3(-1.3791)
(8.9783)
(-3.2801)
A4(-0.0622)
(9.3853)
(-3.2992)
G1(0.0149)
(0.0676)
(-0.0170)
G2(-0.0319)
(-0.0106)
(-0.0436)
G3(-0.0357)
(0.0559)
(-0.0543)
G4(-0.0649)
(0.0064)
(-0.0330)
A1(-2.3471)
(9.4028)
(1.1161)
A2(0.1484)
(9.5050)
(-0.6129)
A3(-1.4030)
(8.9735)
(-3.3854)
A4(0.1053)
(9.4906)
(-3.0119)
G1(0.0500)
(0.0553)
(-0.0314)
G2(-0.0149)
(-0.0170)
(-0.0314)
G3(-0.0229)
(0.0915)
(-0.0564)
G4(-0.0569)
(0.0553)
(-0.0447)
A1(-3.2812)
(9.2687)
(4.1386)
A2(0.0287)
(9.5720)
(-0.5267)
A3(-1.2737)
(8.9399)
(-3.2513)
A4(0.1006)
(9.9599)
(-1.4844)
G1(-0.5928)
(0.1437)
(0.0495)
G2(-0.0027)
(-0.0144)
(-0.0351)
G3(-0.0463)
(0.0931)
(-0.0851)
G4(0.1048)
(-0.1570)
(-0.0287)
A1(-4.9625)
(11.0410)
(6.9647)
A2(-0.5028)
(9.1650)
(-0.9864)
A3(-5.4540)
(19.6851)
(3.9648)
A4(-0.8475)
(4.1084)
(-12.9287)
G1(-4.5160)
(3.2821)
(-0.4927)
G2(-0.5459)
(0.1767)
(0.0686)
G3(0.9051)
(0.7466)
(0.2395)
G4(1.1552)
(2.4717)
(-0.4997)
A1(-11.3811)
(14.0348)
(4.8906)
A2(-7.0485)
(5.6216)
(2.3655)
A3(-2.7485)
(16.2710)
(-13.5655)
A4(-2.8491)
(10.2807)
(-4.6543)
G1(-1.8635)
(1.9640)
(-3.0958)
G2(-2.6872)
(1.2191)
(1.2803)
G3(2.7484)
(0.5640)
(-2.9522)
G4(-0.0080)
(-0.0106)
(0.2011)
A1(-8.5358)
(10.0208)
(1.0299)
A2(5.0613)
(15.9885)
(2.0925)
A3(-13.5655)
(0.1915)
(-11.6502)
A4(-1.1732)
(9.3948)
(-8.9112)
G1(2.5392)
(5.4951)
(-3.5471)
G2(1.0105)
(2.7329)
(1.7209)
G3(5.4542)
(-5.2727)
(-4.4346)
G4(-0.7966)
(0.7045)
(0.0404)
A1(-12.8517)
(10.3273)
(8.4257)
A2(-1.7669)
(14.2503)
(6.1770)
A3(-5.3343)
(-10.1754)
(-0.6416)
A4(-1.4844)
(8.7293)
(1.0870)
G1(5.5393)
(1.8805)
(-2.3280)
G2(0.2320)
(2.1716)
(0.6582)
G3(1.3170)
(-6.3071)
(-2.6153)
G4(-0.8626)
(1.7735)
(0.1862)
A1(-12.1859)
(-4.7948)
(1.6526)
A2(-3.1029)
(5.1044)
(2.6863)
A3(-4.5059)
(11.1761)
(-7.6854)
A4(7.8578)
(11.6406)
(3.8451)
G1(-0.1862)
(-5.0194)
(0.3177)
G2(1.1174)
(-0.3512)
(0.7439)
G3(-1.3824)
(5.3392)
(-4.5661)
G4(-0.4624)
(-1.1451)
(0.2783)
A1(-0.0575)
(-4.6751)
(4.9050)
A2(12.1242)
(1.8148)
(-5.9616)
A3(-26.5900)
(13.7379)
(-5.6599)
A4(5.2337)
(5.7700)
(-5.0901)
G1(-1.6996)
(-0.0160)
(0.7322)
G2(0.0468)
(-0.3219)
(-0.4017)
G3(-0.2128)
(0.6444)
(-0.6407)
G4(0.1751)
(-2.0651)
(0.2006)
A1(-5.1493)
(5.5948)
(2.1699)
A2(-2.3894)
(6.1244)
(6.3494)
A3(-2.4804)
(4.0845)
(0.2634)
A4(2.3511)
(9.6391)
(-1.9824)
G1(-1.8188)
(-3.0575)
(2.8362)
G2(-0.1048)
(1.1440)
(-0.0234)
G3(0.0383)
(-1.1164)
(1.6096)
G4(0.1926)
(-0.7274)
(-0.0782)
A1(-10.8159)
(7.4246)
(-1.4658)
A2(1.8004)
(12.7994)
(2.8204)
A3(-5.5785)
(1.4988)
(-6.8235)
A4(1.4796)
(9.2847)
(-3.6775)
G1(0.1836)
(-1.8039)
(3.3837)
G2(0.1203)
(-2.2370)
(-0.6066)
G3(0.7333)
(0.0788)
(4.8412)
G4(0.2661)
(-1.3846)
(0.0607)
A1(-8.5598)
(8.3011)
(2.2082)
A2(4.5633)
(9.4571)
(3.2082)
A3(-7.2688)
(-3.0167)
(-6.8283)
A4(-0.4214)
(8.8059)
(-5.4396)
G1(0.9126)
(-3.2198)
(1.7906)
G2(0.4257)
(-0.5092)
(-0.5241)
G3(-2.1944)
(4.5884)
(3.2730)
G4(0.1692)
(0.5880)
(-0.4864)
A1(-6.9456)
(10.6962)
(7.5635)
A2(-0.3112)
(10.4244)
(1.9058)
A3(-3.0119)
(11.0277)
(-7.9631)
A4(-1.8340)
(9.3518)
(-3.2513)
G1(1.2318)
(0.2863)
(0.6806)
G2(0.6029)
(0.3262)
(-0.3789)
G3(-2.7393)
(1.0993)
(2.5488)
G4(-0.0564)
(-0.7386)
(0.2559)
A1(-5.7001)
(9.1633)
(4.6415)
A2(0.4693)
(8.2552)
(0.1580)
A3(-2.4469)
(9.0261)
(-8.0685)
A4(-0.1341)
(9.1650)
(-3.9169)
G1(1.7533)
(-0.5773)
(0.9466)
G2(0.2091)
(-1.4873)
(-0.4268)
G3(-1.6948)
(0.1921)
(1.7576)
G4(0.1575)
(-0.0665)
(-0.0601)
A1(-5.6379)
(9.4076)
(2.8932)
A2(-1.9297)
(10.6638)
(1.1109)
A3(-6.1770)
(9.7588)
(-10.4052)
A4(1.3264)
(8.4898)
(-4.5059)
G1(0.9504)
(-1.2052)
(-0.2884)
G2(0.1080)
(-0.6465)
(-0.2708)
G3(0.1905)
(2.0619)
(0.2607)
G4(0.1490)
(0.5002)
(-0.0585)
