A1(-0.3640)
(9.0244)
(-1.8585)
A2(1.7526)
(9.3613)
(-0.4262)
A3(1.5036)
(9.2512)
(-2.7677)
A4(-0.5842)
(9.5337)
(-3.1556)
G1(-0.3842)
(0.2623)
(0.1219)
G2(0.0154)
(0.1788)
(-0.0112)
G3(0.0144)
(0.2277)
(-0.0298)
G4(-0.1304)
(-0.0809)
(0.1197)
A1(-1.2023)
(9.3693)
(-1.1113)
A2(2.3511)
(9.3039)
(-0.9385)
A3(2.2745)
(9.0022)
(-2.6240)
A4(0.1437)
(9.5672)
(-3.3998)
G1(-0.3171)
(0.2496)
(0.0160)
G2(0.2081)
(-0.1596)
(0.1123)
G3(0.0506)
(0.1075)
(0.0239)
G4(-0.0878)
(0.2735)
(-0.0117)
A1(1.5663)
(9.1346)
(1.0011)
A2(1.7095)
(8.9256)
(-0.5938)
A3(1.5897)
(9.3948)
(-2.1021)
A4(2.0734)
(11.7316)
(2.3607)
G1(-1.2106)
(0.6353)
(0.0601)
G2(-0.1676)
(0.0750)
(0.0181)
G3(0.1426)
(0.3118)
(0.0431)
G4(0.4864)
(0.4762)
(-0.5555)
A1(0.1054)
(7.3048)
(1.1975)
A2(2.5666)
(9.5241)
(-0.7614)
A3(1.7142)
(9.9503)
(0.0048)
A4(7.3646)
(12.6845)
(-4.3144)
G1(-1.5798)
(-0.3427)
(0.3060)
G2(-0.1149)
(-0.0096)
(0.0654)
G3(0.4730)
(0.2788)
(0.1011)
G4(0.9871)
(1.2877)
(-0.4752)
A1(-2.9938)
(8.4927)
(-5.4127)
A2(1.8100)
(8.7005)
(3.7733)
A3(1.5754)
(6.8235)
(-5.3726)
A4(-0.6416)
(12.1242)
(-11.3772)
G1(0.1165)
(-1.4207)
(-0.0325)
G2(-1.9220)
(-0.3661)
(-0.2203)
G3(0.8817)
(0.5715)
(-0.2650)
G4(0.1341)
(2.2737)
(0.1900)
A1(9.2112)
(13.9342)
(7.3719)
A2(11.8705)
(12.0955)
(3.8020)
A3(-0.8188)
(11.6502)
(-3.0358)
A4(-0.4693)
(1.6568)
(-14.4370)
G1(-0.2538)
(-2.6031)
(-0.0878)
G2(-3.9743)
(-0.7897)
(1.4415)
G3(-0.2395)
(-1.7517)
(0.3246)
G4(1.7847)
(1.8459)
(2.7670)
A1(-2.9219)
(12.9810)
(3.4345)
A2(10.5393)
(10.0030)
(11.1905)
A3(2.6049)
(9.5098)
(-4.7836)
A4(1.4509)
(-3.7541)
(-8.2983)
G1(0.9275)
(-1.4309)
(-1.5506)
G2(-4.4900)
(-1.5096)
(2.6866)
G3(-0.3326)
(-1.8629)
(0.0984)
G4(1.3766)
(4.3059)
(6.0129)
A1(2.5244)
(8.3490)
(6.4378)
A2(11.3054)
(6.1196)
(6.0286)
A3(-1.6089)
(8.6335)
(-5.5881)
A4(3.7637)
(-5.7317)
(0.5650)
G1(0.6252)
(0.1117)
(0.3411)
G2(-3.5588)
(-4.4043)
(2.7276)
G3(-1.3079)
(-2.6909)
(0.3033)
G4(0.2714)
(3.5854)
(3.3688)
A1(-5.3074)
(7.7647)
(5.2211)
A2(7.2927)
(5.8179)
(3.6392)
A3(4.1132)
(8.0206)
(-0.3735)
A4(0.0192)
(-15.2175)
(-5.4157)
G1(0.6912)
(-0.3411)
(0.0521)
G2(-1.1526)
(-3.8807)
(2.4472)
G3(-1.1291)
(-1.5782)
(-0.0394)
G4(-0.5827)
(1.4207)
(2.5494)
A1(-4.4020)
(7.9946)
(4.9242)
A2(5.0278)
(0.9481)
(1.8723)
A3(-3.0311)
(10.3717)
(-0.8140)
A4(11.0756)
(49.3014)
(16.8265)
G1(-0.7114)
(1.0898)
(-0.4071)
G2(2.1322)
(-2.3456)
(2.0736)
G3(-0.4619)
(-0.2144)
(-0.4289)
G4(0.2852)
(-2.6999)
(-6.0081)
A1(-3.7985)
(10.5716)
(3.2189)
A2(7.9344)
(0.3256)
(-4.6926)
A3(0.7183)
(8.0014)
(-2.8874)
A4(4.6304)
(-16.9318)
(5.1236)
G1(0.2432)
(0.2261)
(0.2932)
G2(4.2995)
(-1.3074)
(0.2208)
G3(0.6247)
(2.0720)
(-0.0266)
G4(-1.7538)
(-0.9791)
(-0.8844)
A1(0.7185)
(8.8616)
(3.5829)
A2(0.1628)
(-4.5346)
(9.2416)
A3(1.5467)
(8.4132)
(-4.4436)
A4(1.2115)
(4.6639)
(-5.1236)
G1(0.1820)
(0.1543)
(-0.6284)
G2(-1.5107)
(7.2633)
(-3.8738)
G3(0.1463)
(1.1829)
(0.0612)
G4(0.5268)
(1.4207)
(-4.2984)
A1(0.0719)
(8.8233)
(1.8442)
A2(23.0945)
(1.4078)
(-6.1483)
A3(-2.3559)
(9.5912)
(-3.7924)
A4(15.0021)
(-2.1596)
(-3.9169)
G1(-0.1282)
(-1.0823)
(-0.1437)
G2(-0.1213)
(-0.1783)
(-0.6268)
G3(-0.1517)
(0.5848)
(0.1421)
G4(1.8049)
(-2.4243)
(-2.3344)
A1(-1.6430)
(10.7584)
(-0.2203)
A2(2.9353)
(-4.1994)
(3.9456)
A3(4.3431)
(10.2089)
(2.2122)
A4(11.6741)
(0.5363)
(-6.7852)
G1(0.3640)
(-0.8030)
(0.6029)
G2(-1.9592)
(4.9322)
(-2.2727)
G3(-0.0745)
(-0.4310)
(0.5800)
G4(0.3129)
(-1.2941)
(-2.1902)
A1(-1.7292)
(9.1490)
(1.1257)
A2(10.7500)
(0.7278)
(-2.3894)
A3(3.4381)
(7.8961)
(-4.5011)
A4(3.1268)
(4.6687)
(-6.2920)
G1(0.3049)
(0.2884)
(-0.0857)
G2(0.7588)
(-0.8269)
(-1.8927)
G3(0.4832)
(1.1408)
(0.0085)
G4(-0.3187)
(-0.6593)
(-2.8330)
A1(-2.6441)
(9.4364)
(-0.2874)
A2(6.5170)
(3.0885)
(3.2753)
A3(2.5091)
(8.8729)
(-2.0303)
A4(2.7438)
(7.9104)
(-7.9057)
G1(0.2570)
(0.8147)
(0.0979)
G2(1.3995)
(3.3087)
(-1.5596)
G3(0.2325)
(1.2893)
(-0.1612)
G4(-0.6939)
(-1.4803)
(-2.2524)
A1(1.3268)
(10.2746)
(-0.0192)
A2(9.8881)
(6.1579)
(2.1596)
A3(2.0159)
(8.8969)
(-2.8012)
A4(6.0478)
(11.6598)
(-9.0261)
G1(0.1022)
(1.7288)
(-0.0213)
G2(1.8496)
(1.1930)
(-1.8549)
G3(0.1868)
(1.1015)
(-0.2496)
G4(-1.0099)
(-1.9364)
(-0.7035)
A1(0.4934)
(9.8387)
(0.8574)
A2(6.4117)
(5.7365)
(4.3958)
A3(2.4373)
(8.8825)
(-2.4565)
A4(4.6783)
(12.5696)
(-5.9233)
G1(0.6795)
(0.8274)
(0.0346)
G2(1.4585)
(-0.0761)
(-2.4073)
G3(0.1229)
(1.1988)
(-0.3751)
G4(-1.3925)
(-2.4525)
(-0.2980)
A1(-1.3604)
(9.9968)
(-2.0645)
A2(8.2073)
(8.6383)
(4.3958)
A3(2.4852)
(8.8011)
(-3.6775)
A4(2.0877)
(10.8984)
(-3.3615)
G1(0.3251)
(1.0610)
(-0.0527)
G2(1.4841)
(0.4816)
(-2.6409)
G3(0.0330)
(0.5598)
(-0.1149)
G4(-1.0099)
(-1.4000)
(0.0410)
A1(-0.6083)
(9.7190)
(-0.4982)
A2(4.7501)
(9.5672)
(2.6528)
A3(1.9297)
(7.6231)
(-3.3040)
A4(3.1220)
(10.5776)
(-2.9832)
G1(-0.2868)
(-0.0005)
(-0.2416)
G2(1.3143)
(-0.6508)
(-1.2414)
G3(0.0287)
(0.7902)
(-0.1804)
G4(-0.6130)
(0.9748)
(-0.2724)
