A1(2.1795)
(9.0196)
(-0.8478)
A2(2.5762)
(9.1123)
(-0.5507)
A3(2.6911)
(9.4379)
(-1.2163)
A4(2.8874)
(12.7419)
(-3.1125)
G1(-1.1579)
(-0.9871)
(0.1655)
G2(-0.0958)
(0.1772)
(0.1501)
G3(0.6274)
(-0.0527)
(0.0968)
G4(0.9099)
(0.0798)
(-0.3597)
A1(-1.3268)
(12.1188)
(-1.1736)
A2(3.1268)
(8.0780)
(0.9625)
A3(1.7286)
(8.3462)
(-4.6974)
A4(8.0349)
(14.1880)
(-11.7124)
G1(-0.7881)
(-1.2127)
(-0.5465)
G2(-1.4340)
(-0.5800)
(0.0314)
G3(0.5156)
(0.1570)
(-0.0452)
G4(0.6141)
(0.8445)
(-0.9642)
A1(3.7985)
(10.7249)
(3.9470)
A2(10.8553)
(12.1434)
(4.0797)
A3(2.5762)
(8.2025)
(-7.4412)
A4(-3.7110)
(8.6862)
(-13.3405)
G1(-0.5875)
(-2.9224)
(-0.0011)
G2(-3.0171)
(-0.9259)
(0.6641)
G3(-0.3996)
(-1.5431)
(0.1511)
G4(3.7668)
(0.6859)
(2.8010)
A1(-1.1688)
(11.5248)
(2.0358)
A2(-0.3017)
(9.9120)
(8.7436)
A3(3.5386)
(9.1985)
(-2.7869)
A4(2.6767)
(-5.3439)
(-6.7756)
G1(0.2565)
(-1.8901)
(-1.0711)
G2(-3.1059)
(-2.4509)
(3.4327)
G3(-0.5800)
(-1.2882)
(-0.0564)
G4(4.3607)
(3.5407)
(4.5219)
A1(-2.0406)
(6.7061)
(5.7576)
A2(12.4786)
(4.1515)
(3.7302)
A3(3.0215)
(8.2839)
(-1.9585)
A4(2.9736)
(-8.2887)
(0.5746)
G1(0.0772)
(0.1155)
(-0.0090)
G2(-4.1201)
(-3.9036)
(2.4185)
G3(-1.1749)
(-1.9353)
(-0.0548)
G4(-0.7508)
(6.1198)
(2.5834)
A1(-4.3494)
(8.8041)
(4.3781)
A2(5.5737)
(2.6815)
(-0.8045)
A3(-0.4070)
(9.5672)
(0.1772)
A4(4.7549)
(-2.2122)
(-6.5984)
G1(-0.2724)
(0.5321)
(-0.1240)
G2(1.0770)
(-2.3636)
(1.5394)
G3(-0.6098)
(-2.0928)
(-0.1314)
G4(-2.3567)
(-1.4436)
(0.6673)
A1(-0.4407)
(7.9946)
(5.3792)
A2(10.8888)
(3.9025)
(0.0144)
A3(-2.6528)
(9.2273)
(0.8859)
A4(17.1856)
(-6.2489)
(-18.0906)
G1(0.3038)
(-1.5969)
(-0.3815)
G2(4.7278)
(-3.4172)
(-0.0053)
G3(0.2767)
(0.1799)
(-0.3171)
G4(-0.8375)
(-0.6093)
(4.0866)
A1(-2.5675)
(10.2986)
(2.3088)
A2(15.1840)
(0.9768)
(8.6095)
A3(0.6273)
(11.8178)
(3.5291)
A4(5.1619)
(-1.4700)
(-5.6360)
G1(0.1921)
(1.4064)
(0.3970)
G2(-0.4023)
(-5.5084)
(-0.2490)
G3(0.0053)
(-0.5598)
(0.2352)
G4(-0.3400)
(-0.0367)
(-0.2384)
A1(-2.7639)
(8.7562)
(1.4610)
A2(27.0210)
(-0.0287)
(-11.2288)
A3(1.5897)
(7.6998)
(-5.7652)
A4(2.9544)
(7.9727)
(-3.3854)
G1(0.4906)
(0.3608)
(0.1059)
G2(2.4307)
(-6.9249)
(1.1238)
G3(0.4853)
(1.3351)
(0.0623)
G4(1.8587)
(0.1687)
(-2.6861)
A1(1.1783)
(9.4699)
(1.9687)
A2(2.5283)
(-6.8043)
(-6.2537)
A3(-1.9872)
(9.7157)
(-2.0542)
A4(7.5226)
(-9.6103)
(-6.1052)
G1(0.1352)
(0.9280)
(0.0665)
G2(-2.0273)
(3.6987)
(-0.8354)
G3(0.0341)
(0.9344)
(-0.0559)
G4(0.1735)
(-2.9277)
(-4.6954)
A1(0.8335)
(10.0447)
(2.2417)
A2(3.2513)
(1.1013)
(1.6855)
A3(0.5938)
(9.2560)
(-2.6288)
A4(4.6064)
(-1.4748)
(-7.6040)
G1(0.2203)
(0.2826)
(0.2171)
G2(-3.3012)
(3.3683)
(-1.7799)
G3(0.1979)
(0.2240)
(0.2389)
G4(-2.0305)
(-2.4818)
(-3.6455)
A1(-1.3700)
(9.1346)
(1.1257)
A2(11.3533)
(3.6248)
(-1.3264)
A3(4.0510)
(9.0980)
(-1.1396)
A4(2.4756)
(2.5570)
(-9.8306)
G1(0.3118)
(0.9770)
(0.4209)
G2(0.1016)
(2.4397)
(-1.9411)
G3(0.3682)
(0.0793)
(0.1793)
G4(-1.6336)
(-1.3776)
(-1.1047)
A1(-0.6802)
(9.4651)
(-0.6610)
A2(9.6343)
(6.4739)
(2.8922)
A3(1.3791)
(9.3182)
(-2.8252)
A4(7.7524)
(7.0868)
(-8.9830)
G1(0.3682)
(0.7162)
(0.0234)
G2(1.0185)
(0.8466)
(-2.0252)
G3(0.6806)
(2.4254)
(-0.5651)
G4(-1.9592)
(-2.7638)
(0.8264)
A1(-2.3184)
(13.9821)
(0.4790)
A2(7.8051)
(7.9871)
(2.1356)
A3(1.5802)
(8.5425)
(-5.2960)
A4(1.6807)
(9.4763)
(-6.9384)
G1(0.1846)
(1.4697)
(-0.1235)
G2(1.0637)
(1.3516)
(-2.8904)
G3(0.0835)
(0.5103)
(0.0362)
G4(-2.0896)
(0.5177)
(-1.2776)
A1(1.3268)
(8.8424)
(0.4598)
A2(3.3662)
(9.6007)
(0.8236)
A3(3.0358)
(9.1028)
(-2.1213)
A4(1.6185)
(10.8649)
(-3.1220)
G1(0.1383)
(2.0869)
(0.2815)
G2(1.4287)
(-0.3688)
(-1.3335)
G3(0.0165)
(1.2483)
(-0.2645)
G4(-1.0946)
(0.4571)
(-0.1735)
A1(0.1629)
(9.6280)
(-1.4993)
A2(4.7405)
(9.8737)
(0.7566)
A3(2.7677)
(9.2512)
(-2.6671)
A4(2.5474)
(9.0932)
(-4.1707)
G1(0.6034)
(0.4395)
(0.0181)
G2(1.0573)
(1.8778)
(-0.4943)
G3(-0.2405)
(0.3576)
(0.0266)
G4(-0.1240)
(0.4624)
(-0.1000)
A1(-0.0335)
(9.7573)
(-1.3987)
A2(3.0837)
(9.9695)
(3.4189)
A3(1.9968)
(8.9591)
(-2.5522)
A4(2.3272)
(9.0980)
(-3.9409)
G1(0.5348)
(0.0106)
(-0.4071)
G2(0.5965)
(0.8439)
(-0.2735)
G3(-0.1165)
(0.1298)
(-0.0724)
G4(-0.1889)
(-0.0106)
(0.0798)
A1(-0.7568)
(9.3837)
(-1.7484)
A2(3.8690)
(10.1418)
(1.2019)
A3(2.3320)
(8.8729)
(-3.1268)
A4(-0.1580)
(8.8059)
(-4.6591)
G1(0.7348)
(0.0676)
(-0.1804)
G2(0.8551)
(1.3590)
(-0.0511)
G3(-0.2703)
(-0.0064)
(-0.0447)
G4(-0.2666)
(-0.0905)
(-0.2581)
A1(-1.9400)
(9.4699)
(-1.7388)
A2(2.5139)
(10.1849)
(0.2682)
A3(1.4796)
(9.2943)
(-1.6041)
A4(1.8244)
(10.1706)
(-1.9824)
G1(-0.1926)
(-0.0676)
(-0.0293)
G2(0.5497)
(-0.0506)
(0.0686)
G3(-0.2575)
(-0.3070)
(-0.1362)
G4(-0.1352)
(-0.2160)
(0.0266)
A1(-2.0932)
(9.4986)
(-0.7137)
A2(2.0590)
(9.8450)
(-0.7566)
A3(1.7190)
(9.3757)
(-1.7909)
A4(0.5219)
(8.8059)
(-4.5059)
G1(0.4874)
(0.1256)
(0.0218)
G2(0.6784)
(0.0644)
(-0.2336)
G3(0.1235)
(-0.1756)
(-0.1266)
G4(-0.0782)
(0.1916)
(-0.2309)
