A1(1.2837)
(6.4282)
(4.0476)
A2(2.1787)
(9.3278)
(-0.2394)
A3(1.5419)
(9.9551)
(0.0527)
A4(0.7183)
(10.0796)
(-2.4756)
G1(-1.9651)
(0.3523)
(0.1410)
G2(-0.0452)
(0.4448)
(-0.0069)
G3(0.4033)
(0.2719)
(0.1032)
G4(-0.1639)
(-0.3453)
(0.1399)
A1(-0.2635)
(11.5057)
(-1.2215)
A2(2.5762)
(9.1075)
(0.2203)
A3(0.3112)
(8.3893)
(-4.3096)
A4(3.2801)
(12.1865)
(2.2984)
G1(-0.6460)
(-1.1898)
(-0.0330)
G2(0.2857)
(-0.1501)
(0.2490)
G3(0.8892)
(-0.7024)
(0.3187)
G4(0.6912)
(0.5827)
(-0.3783)
A1(-3.6213)
(10.9931)
(0.3066)
A2(4.0654)
(8.4324)
(0.5938)
A3(1.9776)
(6.8522)
(-6.6511)
A4(11.0995)
(23.5877)
(-3.3950)
G1(0.3342)
(0.2352)
(-0.7338)
G2(-0.3390)
(-0.7029)
(0.1091)
G3(0.2309)
(-0.3757)
(-0.1091)
G4(2.0529)
(1.1313)
(-0.7263)
A1(3.8512)
(13.4073)
(3.6835)
A2(7.9871)
(12.6462)
(4.3239)
A3(-0.2107)
(9.3326)
(-1.9968)
A4(3.6631)
(11.3629)
(-15.7586)
G1(-0.3884)
(-1.5293)
(-0.3363)
G2(-2.7952)
(-0.7966)
(0.5066)
G3(-0.3879)
(0.3283)
(-0.1091)
G4(2.5536)
(1.8587)
(1.1627)
A1(-3.7602)
(11.2949)
(-0.3640)
A2(2.4134)
(13.2878)
(7.8195)
A3(3.7828)
(8.7771)
(-4.0462)
A4(1.5323)
(-2.6911)
(-10.5297)
G1(-0.2613)
(-2.8346)
(-0.7567)
G2(-4.2963)
(-2.5392)
(3.4646)
G3(-0.4230)
(-1.2467)
(-0.0096)
G4(2.7553)
(3.1086)
(6.2353)
A1(0.5796)
(7.0940)
(3.1423)
A2(13.1202)
(7.3358)
(5.5689)
A3(4.1515)
(6.6559)
(-4.6208)
A4(4.2856)
(-8.6670)
(-1.8531)
G1(0.6391)
(-0.4055)
(-0.1187)
G2(-3.3289)
(-2.1471)
(2.7244)
G3(-1.1542)
(-1.8448)
(0.1011)
G4(-1.1824)
(5.4925)
(4.5267)
A1(-7.4964)
(6.6773)
(5.1493)
A2(6.2776)
(4.7022)
(2.5666)
A3(2.8060)
(8.7724)
(-0.6177)
A4(-2.4469)
(-4.9847)
(-6.0765)
G1(0.3799)
(-0.0053)
(-0.0069)
G2(-0.7205)
(-3.4928)
(2.7686)
G3(-1.3431)
(-2.3902)
(-0.1729)
G4(-1.8847)
(0.3001)
(2.2631)
A1(2.7064)
(8.6843)
(2.8692)
A2(6.2776)
(2.6576)
(-0.4357)
A3(-9.4667)
(10.4531)
(4.5250)
A4(24.5118)
(-17.3244)
(-11.2719)
G1(0.3384)
(-0.9770)
(-0.3469)
G2(3.7977)
(-4.9588)
(1.1744)
G3(-0.2847)
(0.1144)
(-0.5076)
G4(0.5385)
(2.3525)
(2.4882)
A1(-2.6106)
(7.5922)
(3.4632)
A2(11.0038)
(4.5825)
(4.2473)
A3(5.2960)
(9.1889)
(-0.8811)
A4(6.2010)
(-5.0326)
(0.6464)
G1(0.1751)
(1.9874)
(0.2150)
G2(-1.2350)
(-1.7650)
(-1.3734)
G3(-0.4683)
(-0.3698)
(0.3017)
G4(0.4315)
(-1.0483)
(-1.0908)
A1(-0.1629)
(10.1980)
(1.4418)
A2(20.8870)
(0.9912)
(-8.0445)
A3(-2.0159)
(10.0461)
(-0.6512)
A4(7.0437)
(-2.6624)
(-4.1515)
G1(0.1729)
(-0.1740)
(0.1655)
G2(-0.5225)
(-4.3511)
(-0.6098)
G3(0.1511)
(1.0238)
(0.2235)
G4(-0.3209)
(-2.9405)
(-3.2427)
A1(-1.0825)
(10.0351)
(1.4466)
A2(-1.6328)
(-1.4844)
(5.2960)
A3(2.6240)
(9.5098)
(-0.1915)
A4(7.6950)
(-1.2785)
(-6.5362)
G1(0.3741)
(0.2059)
(0.1905)
G2(-1.3164)
(0.2166)
(-0.3022)
G3(0.2852)
(0.7061)
(0.2857)
G4(-0.7226)
(-1.7884)
(-3.7248)
A1(-1.2694)
(9.2687)
(1.2167)
A2(15.7969)
(5.5115)
(-1.0056)
A3(2.3798)
(9.0788)
(-1.0247)
A4(3.7206)
(3.4285)
(-9.3182)
G1(0.2964)
(0.5268)
(0.0825)
G2(-0.4832)
(1.3931)
(-2.2359)
G3(0.1953)
(0.9849)
(0.0559)
G4(-1.5756)
(-1.7810)
(-2.9447)
A1(-1.4562)
(9.4843)
(1.2454)
A2(5.4396)
(4.8267)
(3.1603)
A3(1.5514)
(9.4906)
(-1.3216)
A4(4.7692)
(8.8873)
(-9.0788)
G1(0.2586)
(1.3707)
(-0.0154)
G2(0.4150)
(0.6290)
(-2.5025)
G3(0.2831)
(1.1217)
(-0.0463)
G4(-1.4463)
(-1.9709)
(-1.7193)
A1(-0.5604)
(9.4939)
(-0.1102)
A2(11.0421)
(6.3638)
(1.4892)
A3(0.8092)
(9.3757)
(-1.3216)
A4(3.7493)
(10.8745)
(-7.8578)
G1(-0.1756)
(0.6779)
(0.1799)
G2(1.0493)
(1.7730)
(-2.6084)
G3(0.3294)
(1.5628)
(-0.1703)
G4(-1.1510)
(-1.2010)
(-0.8546)
A1(0.3401)
(10.0687)
(-0.6706)
A2(4.8698)
(9.0788)
(4.2952)
A3(3.7541)
(8.9783)
(-2.7485)
A4(3.5147)
(10.3860)
(-4.5921)
G1(0.2767)
(0.3868)
(-0.2027)
G2(0.8950)
(-0.2049)
(-2.2748)
G3(0.1974)
(0.4108)
(0.0974)
G4(-0.6481)
(-0.3783)
(-0.8258)
A1(-0.1581)
(9.5465)
(-1.5232)
A2(6.3446)
(8.8538)
(1.3982)
A3(2.9928)
(9.3901)
(-2.7438)
A4(3.0646)
(10.1945)
(-3.6966)
G1(-0.2682)
(-0.1149)
(0.0931)
G2(1.4867)
(0.9876)
(-1.4388)
G3(0.2118)
(0.0543)
(0.1176)
G4(-0.6550)
(-0.0564)
(-0.3879)
A1(-1.7340)
(9.4172)
(-0.7041)
A2(4.0366)
(8.8681)
(1.3455)
A3(3.1460)
(8.7484)
(-2.1261)
A4(7.7764)
(12.4451)
(-7.3310)
G1(0.0899)
(0.1586)
(0.0644)
G2(0.9222)
(1.8182)
(-0.7934)
G3(0.2783)
(0.2123)
(-0.1479)
G4(-0.0309)
(-0.4975)
(0.3060)
A1(0.7329)
(7.6401)
(1.8873)
A2(2.6049)
(8.1642)
(-0.8188)
A3(3.6823)
(9.3182)
(-1.8340)
A4(-0.8811)
(8.3510)
(-5.7413)
G1(-0.3517)
(-0.0383)
(-0.2815)
G2(0.2490)
(0.6635)
(-0.5172)
G3(0.2719)
(0.5960)
(-0.2453)
G4(-0.1916)
(0.0686)
(-0.4927)
A1(-1.2071)
(8.2005)
(1.1448)
A2(3.4572)
(8.9783)
(-0.0766)
A3(1.2881)
(9.6247)
(-2.1165)
A4(-1.2977)
(9.0549)
(-4.4053)
G1(0.9152)
(0.6210)
(0.2975)
G2(0.3837)
(1.0126)
(0.2384)
G3(0.1937)
(0.0431)
(-0.2011)
G4(-0.1873)
(-0.3304)
(-0.1096)
A1(-1.8298)
(10.0016)
(-0.1150)
A2(3.1220)
(10.1131)
(0.3735)
A3(0.2682)
(9.3134)
(-2.8299)
A4(-0.8380)
(8.9447)
(-4.6495)
G1(0.2735)
(0.3852)
(0.1373)
G2(0.0165)
(-0.3837)
(-0.2426)
G3(0.1256)
(-0.1357)
(-0.1298)
G4(-0.0628)
(-0.0309)
(-0.0383)
