A1(2.2848)
(9.1442)
(-2.0980)
A2(0.9242)
(9.3470)
(-0.8284)
A3(0.9098)
(9.6486)
(-1.6424)
A4(5.1236)
(9.5720)
(-1.9585)
G1(-0.9860)
(-0.6119)
(0.1564)
G2(-0.1522)
(0.3118)
(0.0910)
G3(0.3986)
(-0.1862)
(0.0697)
G4(0.6731)
(-0.4911)
(0.0245)
A1(0.5125)
(9.1633)
(-2.5914)
A2(3.8211)
(8.9016)
(-0.5219)
A3(1.3072)
(8.5234)
(-4.1276)
A4(7.3358)
(15.7012)
(-3.1364)
G1(-1.0807)
(-0.8184)
(0.1176)
G2(-0.3363)
(-0.6082)
(0.0782)
G3(0.2230)
(-0.0926)
(0.0383)
G4(1.3159)
(-0.3331)
(-0.1171)
A1(4.0955)
(10.5668)
(5.5181)
A2(8.4467)
(9.5816)
(1.7813)
A3(1.4365)
(10.0940)
(-2.3463)
A4(4.9273)
(15.1361)
(-12.6079)
G1(-0.9376)
(-2.4600)
(-0.2123)
G2(-3.4002)
(-1.9135)
(0.5513)
G3(0.2740)
(-0.1346)
(-0.1096)
G4(2.9899)
(0.6486)
(2.1173)
A1(-7.9371)
(12.3391)
(-2.1986)
A2(3.4860)
(13.7188)
(6.9049)
A3(2.3272)
(8.9926)
(-4.1372)
A4(4.9608)
(1.5993)
(-11.8609)
G1(0.0218)
(-1.6895)
(-1.5298)
G2(-2.9506)
(-1.6229)
(2.6717)
G3(0.1602)
(-0.5082)
(-0.1671)
G4(4.4724)
(1.6112)
(4.3809)
A1(-2.4765)
(3.4249)
(5.8870)
A2(12.6749)
(7.0054)
(6.9671)
A3(1.5850)
(7.0246)
(-7.6088)
A4(1.5610)
(-7.2496)
(-4.2808)
G1(0.3959)
(-0.1884)
(0.2442)
G2(-2.7670)
(-3.1097)
(3.3300)
G3(-1.0264)
(-1.8406)
(0.0112)
G4(3.6216)
(3.8200)
(3.9616)
A1(-4.7230)
(9.1346)
(3.8751)
A2(3.5961)
(3.7350)
(-0.3783)
A3(3.1316)
(9.5481)
(0.1006)
A4(0.6991)
(2.4517)
(-9.1411)
G1(0.2639)
(0.5571)
(-0.1091)
G2(2.5275)
(-3.9408)
(2.4530)
G3(-0.4156)
(-2.1258)
(-0.0346)
G4(-1.5905)
(-0.0506)
(1.1882)
A1(7.2521)
(10.7201)
(4.2488)
A2(5.8466)
(0.0670)
(2.8730)
A3(-3.2992)
(8.8538)
(2.1356)
A4(12.8617)
(-25.0769)
(-9.9120)
G1(0.2384)
(-0.2224)
(-0.7732)
G2(4.5384)
(-2.4408)
(0.7769)
G3(-0.0282)
(-0.1644)
(-0.5608)
G4(0.9466)
(3.2560)
(3.1155)
A1(-5.0200)
(8.4017)
(4.4020)
A2(15.9310)
(1.1779)
(13.4267)
A3(6.5888)
(11.1905)
(2.0063)
A4(12.0620)
(-5.0374)
(-6.9623)
G1(0.0388)
(0.6369)
(0.4539)
G2(-0.4587)
(-0.5832)
(0.0628)
G3(-0.2863)
(-1.6660)
(0.5316)
G4(-0.1043)
(-1.2079)
(1.0397)
A1(-3.6788)
(8.9622)
(2.0549)
A2(5.3870)
(-1.3120)
(4.7549)
A3(-0.3496)
(9.3374)
(-1.5706)
A4(10.7164)
(5.2337)
(-4.1180)
G1(0.1953)
(0.8067)
(0.1123)
G2(0.6614)
(-0.3613)
(-0.0857)
G3(0.2852)
(0.8556)
(0.1352)
G4(1.4505)
(-0.2703)
(-2.5951)
A1(2.5004)
(9.9681)
(2.1076)
A2(12.6414)
(-2.5235)
(-2.4325)
A3(-2.4948)
(9.2464)
(-1.9537)
A4(7.9057)
(-6.1483)
(-5.5402)
G1(-0.0202)
(0.3751)
(0.0415)
G2(-0.8317)
(2.4584)
(-0.7838)
G3(0.1948)
(1.4362)
(0.0921)
G4(0.0809)
(-3.5577)
(-1.7655)
A1(-3.2429)
(9.9393)
(2.6202)
A2(5.0278)
(-0.4214)
(1.3072)
A3(3.6871)
(9.0740)
(-1.7334)
A4(5.5976)
(-2.4995)
(-7.5417)
G1(0.4294)
(0.5864)
(0.1703)
G2(-1.4149)
(3.0314)
(-1.5176)
G3(0.2826)
(0.7966)
(0.1442)
G4(-1.9582)
(-2.2157)
(-3.9286)
A1(1.2646)
(8.2772)
(1.8681)
A2(11.9327)
(3.3040)
(0.0527)
A3(-2.0303)
(8.9926)
(-2.5953)
A4(3.6488)
(4.8123)
(-8.1930)
G1(0.0825)
(0.5172)
(0.3783)
G2(-0.5273)
(0.2448)
(-2.1870)
G3(0.0133)
(1.0850)
(-0.1660)
G4(-2.1593)
(-1.2989)
(-3.4944)
A1(-1.5663)
(10.3082)
(1.3891)
A2(6.6128)
(7.3741)
(4.8123)
A3(1.5131)
(8.8873)
(-3.9600)
A4(6.4931)
(9.4044)
(-7.5896)
G1(0.6604)
(0.1937)
(0.1144)
G2(1.0935)
(2.9484)
(-2.8404)
G3(0.4071)
(0.6896)
(0.0729)
G4(-2.2455)
(-1.0451)
(-0.3565)
A1(0.0527)
(9.1298)
(-0.2251)
A2(7.8051)
(9.4954)
(5.1284)
A3(-0.6225)
(8.9160)
(-4.2186)
A4(4.4293)
(10.7212)
(-1.7717)
G1(0.5832)
(0.0846)
(0.0617)
G2(1.4846)
(-0.2921)
(-2.3535)
G3(0.1165)
(0.2246)
(0.0197)
G4(-1.8507)
(-0.5183)
(-0.1830)
A1(0.0575)
(9.9537)
(-2.3950)
A2(5.3678)
(9.4571)
(3.1603)
A3(1.7717)
(9.2416)
(-3.6871)
A4(6.7660)
(10.3190)
(-3.2992)
G1(0.8253)
(0.5284)
(-0.0942)
G2(2.4786)
(1.4037)
(-1.5548)
G3(0.1128)
(0.3943)
(-0.0548)
G4(-0.1708)
(0.6657)
(0.2341)
A1(-1.0299)
(8.7227)
(-0.9053)
A2(5.4971)
(10.3238)
(0.6321)
A3(1.4940)
(8.7724)
(-3.7828)
A4(7.3215)
(8.9926)
(1.2737)
G1(-0.0761)
(-0.6337)
(-0.1357)
G2(0.8657)
(2.4275)
(0.0708)
G3(-0.1868)
(-0.2719)
(-0.0729)
G4(-0.2512)
(-0.4762)
(0.0442)
A1(-1.0346)
(9.0580)
(-0.7616)
A2(2.0255)
(9.9982)
(-1.0104)
A3(0.4741)
(9.3901)
(-2.6719)
A4(2.7869)
(8.9926)
(-4.1372)
G1(0.1298)
(-0.3267)
(-0.2091)
G2(1.4708)
(0.0223)
(-0.3406)
G3(-0.1506)
(-0.3108)
(-0.1346)
G4(-0.0255)
(0.1405)
(-0.2996)
A1(-1.5424)
(9.5609)
(-0.3736)
A2(2.8012)
(9.7588)
(0.9816)
A3(0.4453)
(9.0309)
(-3.4046)
A4(1.9249)
(8.9064)
(-4.3287)
G1(0.3230)
(-0.0176)
(-0.1479)
G2(-0.4379)
(-0.5811)
(-0.0750)
G3(-0.1378)
(-0.0734)
(-0.1894)
G4(-0.1341)
(-0.1841)
(-0.0452)
A1(-1.4610)
(9.3118)
(-0.7472)
A2(2.0686)
(9.1842)
(-2.3128)
A3(-0.1389)
(9.1889)
(-2.8491)
A4(1.8914)
(8.9208)
(-4.0127)
G1(0.2927)
(0.1421)
(0.0543)
G2(0.3555)
(-0.4560)
(-0.2597)
G3(-0.0644)
(0.0059)
(-0.1506)
G4(-0.0670)
(0.1043)
(-0.1474)
A1(-1.4131)
(10.2794)
(-0.7425)
A2(0.9577)
(9.2656)
(-1.2067)
A3(0.0239)
(9.1411)
(-2.7964)
A4(1.9201)
(9.3230)
(-3.1987)
G1(0.1799)
(-0.0133)
(-0.1681)
G2(-0.2315)
(-0.1543)
(-0.1256)
G3(-0.0665)
(-0.0138)
(-0.1399)
G4(-0.1011)
(-0.1229)
(-0.0367)
