A1(-0.7712)
(9.9777)
(-3.4105)
A2(2.3798)
(8.2983)
(-0.7183)
A3(2.4948)
(7.8195)
(-5.3774)
A4(14.7052)
(22.2134)
(-3.2370)
G1(-0.6337)
(-0.8961)
(-0.1027)
G2(-0.1352)
(0.0202)
(0.1889)
G3(0.7854)
(-0.4385)
(0.2703)
G4(2.0146)
(-0.5034)
(-0.2496)
A1(5.6091)
(13.0050)
(7.6210)
A2(7.6231)
(9.0118)
(5.0661)
A3(1.6520)
(8.8538)
(-2.2793)
A4(3.6105)
(20.7386)
(-15.4857)
G1(-0.7960)
(-0.4459)
(-0.7971)
G2(-3.1256)
(-1.3069)
(0.3374)
G3(0.0575)
(0.0138)
(-0.0612)
G4(2.7234)
(-0.2219)
(2.3317)
A1(-4.7996)
(15.7688)
(-3.4967)
A2(2.8395)
(12.7084)
(9.3948)
A3(1.3599)
(9.0357)
(-2.7869)
A4(2.8156)
(-2.9113)
(-6.0286)
G1(-0.1256)
(-2.1886)
(-1.6575)
G2(-5.3839)
(-3.1400)
(2.4073)
G3(0.1330)
(-0.4369)
(-0.0947)
G4(8.8182)
(0.7859)
(3.3922)
A1(-3.9470)
(5.8822)
(-1.3939)
A2(12.7419)
(11.5831)
(7.4460)
A3(2.3224)
(5.9903)
(-4.5921)
A4(0.9481)
(-7.6567)
(4.2234)
G1(0.2868)
(-1.2978)
(0.0883)
G2(-5.2402)
(-2.2418)
(2.3136)
G3(-0.9248)
(-1.5846)
(0.1336)
G4(4.3878)
(7.0904)
(-0.1511)
A1(0.9053)
(8.1958)
(4.9050)
A2(9.1171)
(4.8459)
(5.1140)
A3(0.5794)
(7.5226)
(-0.5028)
A4(5.1715)
(-10.5153)
(-2.4612)
G1(0.6870)
(0.7700)
(0.1117)
G2(-1.6128)
(-3.5848)
(1.0653)
G3(-1.0711)
(-2.1598)
(-0.3022)
G4(-4.8422)
(2.3913)
(2.5797)
A1(-1.8106)
(7.7838)
(4.1482)
A2(4.9273)
(6.0861)
(2.7150)
A3(-0.1293)
(9.2560)
(-0.7805)
A4(5.4923)
(-0.2634)
(-5.5641)
G1(0.0889)
(0.0713)
(0.0516)
G2(0.6838)
(-5.9347)
(1.1228)
G3(-0.8673)
(-1.1962)
(-0.5188)
G4(-1.0248)
(2.6276)
(0.7136)
A1(-7.3767)
(8.8185)
(0.0671)
A2(8.1116)
(0.6608)
(-3.7781)
A3(-4.4772)
(10.9559)
(3.6679)
A4(5.5785)
(2.8826)
(-0.3831)
G1(-0.6194)
(0.3198)
(-0.0277)
G2(4.4958)
(-2.3062)
(0.8072)
G3(-0.0905)
(-0.3517)
(-0.1458)
G4(-1.4894)
(-0.6412)
(-0.5587)
A1(0.9197)
(10.2172)
(4.5122)
A2(7.3646)
(1.0630)
(0.0766)
A3(-5.5019)
(8.7436)
(-4.0175)
A4(-2.4421)
(-13.3692)
(-7.2401)
G1(0.2192)
(-1.1254)
(-0.1022)
G2(3.2118)
(-0.7221)
(-0.3453)
G3(0.3469)
(1.3372)
(-0.2081)
G4(-0.5816)
(-0.4358)
(-0.0548)
A1(-2.3519)
(8.3730)
(5.1253)
A2(18.3396)
(-2.5139)
(5.2816)
A3(2.4421)
(10.8601)
(1.0056)
A4(13.5512)
(-7.6614)
(-8.7149)
G1(0.0096)
(0.1660)
(0.0761)
G2(-1.5937)
(-0.6641)
(-0.1586)
G3(-0.3299)
(-0.9019)
(0.0255)
G4(0.4124)
(-0.4310)
(0.8572)
A1(-1.2646)
(10.3225)
(3.6021)
A2(11.8657)
(-0.4118)
(-3.8451)
A3(-2.3415)
(9.9790)
(-0.0144)
A4(9.8258)
(-2.0638)
(0.2203)
G1(0.3634)
(0.2267)
(0.1325)
G2(0.4055)
(-2.9841)
(0.1804)
G3(0.2272)
(0.2315)
(0.2033)
G4(-0.0846)
(0.5082)
(-0.7391)
A1(-2.3280)
(7.3479)
(3.2764)
A2(8.9830)
(-1.5658)
(-2.8252)
A3(-0.2059)
(8.9878)
(-3.3423)
A4(-0.3448)
(2.1787)
(-5.4444)
G1(0.5284)
(0.6279)
(0.3395)
G2(-0.1213)
(0.4970)
(-0.3735)
G3(0.1655)
(0.3363)
(0.0990)
G4(-0.0862)
(-0.3347)
(-3.9100)
A1(-1.7436)
(10.8494)
(0.6419)
A2(6.1435)
(-1.2737)
(-2.5762)
A3(-0.6416)
(9.0932)
(-1.2977)
A4(0.3448)
(-0.2059)
(-5.0135)
G1(0.4576)
(1.5766)
(0.3831)
G2(-1.6650)
(1.8400)
(-0.8849)
G3(0.3634)
(2.9724)
(-0.4778)
G4(-0.7625)
(-3.2863)
(-2.6074)
A1(0.3257)
(9.4699)
(2.5052)
A2(10.2472)
(3.6200)
(-1.1492)
A3(-0.9290)
(8.0206)
(-4.6783)
A4(4.5059)
(-2.6528)
(-8.1738)
G1(0.7077)
(0.4427)
(0.3257)
G2(-1.8826)
(1.6772)
(-1.2137)
G3(-0.0192)
(1.8198)
(-0.1926)
G4(-1.4825)
(-2.9346)
(-3.6615)
A1(-1.0634)
(9.1633)
(1.7771)
A2(6.2920)
(2.7581)
(4.7309)
A3(-0.6416)
(9.5960)
(-1.8675)
A4(6.9576)
(0.0862)
(-11.3820)
G1(0.3257)
(1.0350)
(0.0968)
G2(-0.9216)
(4.4602)
(-1.9635)
G3(-0.1368)
(1.0169)
(-0.0229)
G4(-2.2865)
(-0.8806)
(-2.0066)
A1(1.4849)
(9.5465)
(0.9245)
A2(9.7444)
(7.3933)
(1.3982)
A3(0.3352)
(9.0597)
(-3.0598)
A4(9.5624)
(7.4124)
(-12.6270)
G1(0.5997)
(-0.0899)
(0.0937)
G2(1.8092)
(2.0976)
(-2.4780)
G3(0.2134)
(0.7279)
(0.0782)
G4(-2.8351)
(-0.4970)
(-0.0027)
A1(-1.8969)
(10.2698)
(-0.0671)
A2(7.3789)
(5.1858)
(6.7325)
A3(1.6568)
(9.3709)
(-2.5953)
A4(8.1690)
(14.2120)
(-8.4851)
G1(0.6816)
(-0.7285)
(0.0372)
G2(2.3104)
(0.5965)
(-2.5573)
G3(0.2352)
(0.4395)
(0.0857)
G4(-2.8713)
(-0.5582)
(0.2969)
A1(0.6227)
(10.0256)
(0.3305)
A2(7.6136)
(10.6542)
(4.5538)
A3(2.0638)
(9.2895)
(-2.4038)
A4(4.2186)
(1.9585)
(-4.2282)
G1(0.7513)
(0.6949)
(-0.2325)
G2(2.8681)
(0.8290)
(-2.5823)
G3(0.0186)
(0.1458)
(0.0447)
G4(-1.0813)
(0.2368)
(-0.5231)
A1(-0.0335)
(10.7345)
(-1.9016)
A2(3.7876)
(10.7117)
(3.1556)
A3(1.4557)
(8.6239)
(-3.4093)
A4(5.0182)
(9.3805)
(-0.7853)
G1(0.7136)
(0.3267)
(-0.2107)
G2(2.4749)
(0.0021)
(-1.0355)
G3(0.0160)
(0.4539)
(-0.0878)
G4(-0.0500)
(0.7806)
(-0.1091)
A1(-1.1161)
(9.2448)
(-3.3195)
A2(4.7597)
(8.1355)
(1.2210)
A3(0.9242)
(8.8107)
(-3.6919)
A4(3.2848)
(9.6343)
(-4.6352)
G1(0.2772)
(0.1000)
(-0.1841)
G2(1.3718)
(2.4328)
(-0.3001)
G3(-0.1729)
(-0.3629)
(-0.0527)
G4(-0.2810)
(0.2634)
(-0.2943)
A1(-0.9197)
(10.0926)
(-0.7089)
A2(2.9066)
(9.4427)
(-0.4070)
A3(0.1197)
(9.5337)
(-1.4988)
A4(1.2210)
(9.5050)
(-3.9265)
G1(0.3390)
(0.1894)
(-0.1820)
G2(0.3975)
(0.4321)
(-0.2416)
G3(-0.0665)
(-0.2538)
(-0.1719)
G4(-0.3076)
(-0.6987)
(-0.0665)
