A1(4.2488)
(9.9393)
(1.8250)
A2(1.2833)
(9.0261)
(-0.0383)
A3(0.6416)
(9.9072)
(0.4118)
A4(4.9608)
(8.7484)
(-2.6671)
G1(-1.3058)
(-0.3964)
(0.1554)
G2(0.1229)
(0.2857)
(0.0974)
G3(1.0286)
(0.2097)
(0.2022)
G4(-0.0623)
(-0.3996)
(-0.0144)
A1(1.0059)
(15.5341)
(1.6621)
A2(4.8985)
(9.0022)
(1.0439)
A3(1.8531)
(8.1930)
(-4.5107)
A4(14.0875)
(17.4777)
(-8.7915)
G1(-0.5390)
(0.7492)
(-0.5459)
G2(0.4417)
(-0.6678)
(0.2448)
G3(0.5342)
(0.0697)
(0.1564)
G4(1.8076)
(0.4049)
(-0.4965)
A1(1.3412)
(9.3454)
(3.7602)
A2(12.9191)
(15.5479)
(6.1675)
A3(3.2513)
(7.8338)
(-6.4931)
A4(0.6464)
(0.4788)
(-13.2208)
G1(-0.4039)
(-1.9560)
(-0.6492)
G2(-4.4213)
(-1.2233)
(1.5655)
G3(-0.3560)
(-1.8182)
(0.3640)
G4(1.9811)
(0.7806)
(3.0719)
A1(1.6334)
(9.0053)
(7.7647)
A2(8.0972)
(7.5322)
(9.9647)
A3(3.5099)
(8.6479)
(-5.0135)
A4(3.0215)
(-2.8635)
(-6.9192)
G1(0.0857)
(-0.4890)
(-0.7322)
G2(-3.8828)
(-1.8518)
(2.8298)
G3(-0.5523)
(-1.4473)
(0.0404)
G4(2.9809)
(2.4780)
(5.1125)
A1(3.6261)
(9.2544)
(3.9566)
A2(6.2872)
(4.2760)
(5.2912)
A3(-0.8954)
(8.7867)
(-1.5993)
A4(4.8028)
(-7.6423)
(-6.9432)
G1(0.2932)
(-0.6050)
(-0.2182)
G2(-1.2106)
(-4.1191)
(1.8831)
G3(-0.8088)
(-1.5463)
(-0.3831)
G4(1.4580)
(0.6337)
(4.0041)
A1(-1.9591)
(11.5823)
(3.2381)
A2(11.4586)
(0.6081)
(2.2841)
A3(-3.5626)
(10.0556)
(1.9058)
A4(12.0380)
(63.1543)
(1.7382)
G1(-0.4395)
(1.7150)
(-0.6641)
G2(3.8961)
(-3.6210)
(0.8359)
G3(-0.4709)
(-0.4651)
(-0.5965)
G4(-3.1432)
(-1.0248)
(-4.0755)
A1(-3.1231)
(6.9695)
(4.4260)
A2(19.8431)
(6.0669)
(12.1338)
A3(2.3750)
(11.6023)
(2.1931)
A4(10.4387)
(-6.7277)
(-4.5921)
G1(0.0766)
(0.4092)
(0.1974)
G2(-3.3342)
(-3.2464)
(0.3097)
G3(-0.0926)
(-0.9216)
(0.2815)
G4(-0.3214)
(-1.3324)
(1.0930)
A1(1.5089)
(9.6902)
(2.5196)
A2(6.2201)
(1.4317)
(8.3845)
A3(-1.2067)
(9.2225)
(-2.6624)
A4(5.6024)
(-3.0885)
(-4.1228)
G1(0.6109)
(0.1064)
(0.0575)
G2(1.6868)
(-1.8949)
(-0.0825)
G3(0.4571)
(-0.2485)
(0.3831)
G4(-1.2281)
(-0.2208)
(-0.1272)
A1(-1.3556)
(8.0425)
(2.8501)
A2(16.3428)
(1.1396)
(-5.5210)
A3(0.0862)
(9.6391)
(-1.5036)
A4(0.0527)
(8.0062)
(-6.8857)
G1(0.2953)
(1.1329)
(0.0287)
G2(0.0208)
(1.6043)
(-0.3118)
G3(-0.0883)
(0.3719)
(-0.0064)
G4(0.6662)
(2.5536)
(-3.3555)
A1(-2.1459)
(10.6722)
(1.5137)
A2(4.7645)
(0.0910)
(1.9872)
A3(1.4557)
(8.9878)
(-1.2019)
A4(9.0261)
(-4.4867)
(-9.4858)
G1(0.3512)
(1.2622)
(0.3326)
G2(-2.5243)
(2.2918)
(-2.0188)
G3(0.4816)
(1.4058)
(-0.0357)
G4(-0.5731)
(-1.6458)
(-3.1443)
A1(1.7771)
(9.2496)
(2.4046)
A2(6.8618)
(4.4724)
(0.3065)
A3(1.8627)
(9.7875)
(-3.7781)
A4(5.5976)
(0.5028)
(-9.8354)
G1(0.2820)
(0.6577)
(0.0357)
G2(-1.8869)
(1.0908)
(-1.3569)
G3(0.1501)
(1.3771)
(-0.1634)
G4(-1.6719)
(-1.2515)
(-2.9160)
A1(0.1485)
(9.5657)
(-0.6227)
A2(8.5904)
(7.4603)
(3.0454)
A3(-0.0814)
(9.0644)
(-4.9225)
A4(5.5929)
(7.9152)
(-8.9447)
G1(0.6295)
(0.8508)
(-0.1155)
G2(0.4103)
(2.0236)
(-2.2594)
G3(0.2501)
(0.7875)
(-0.1054)
G4(-1.9811)
(-0.2416)
(-0.4597)
A1(0.5221)
(9.6855)
(-0.8957)
A2(5.7652)
(8.1642)
(3.8882)
A3(1.7717)
(9.1554)
(-3.7062)
A4(5.5162)
(9.8497)
(-5.9903)
G1(0.6795)
(0.1527)
(-0.0287)
G2(1.0408)
(0.4401)
(-2.0321)
G3(-0.1048)
(0.5992)
(-0.0500)
G4(-1.7475)
(-0.3469)
(0.3129)
A1(-0.1293)
(9.8866)
(-0.7377)
A2(4.9943)
(9.3709)
(2.3176)
A3(0.3208)
(8.7484)
(-2.9209)
A4(2.9066)
(8.4563)
(-2.2505)
G1(0.3054)
(0.2091)
(-0.2134)
G2(1.8810)
(0.8870)
(-0.7423)
G3(-0.0990)
(0.2054)
(-0.0357)
G4(0.0341)
(0.2363)
(-0.1181)
A1(0.3305)
(9.5465)
(-0.9293)
A2(2.3846)
(7.0485)
(0.8092)
A3(2.7725)
(9.5385)
(-2.2027)
A4(3.7397)
(10.7787)
(-7.3215)
G1(0.4337)
(0.5922)
(-0.3586)
G2(0.1453)
(1.3750)
(-0.4145)
G3(-0.0011)
(0.6252)
(-0.1761)
G4(-0.4401)
(0.1783)
(-0.0032)
A1(-0.6275)
(10.5237)
(-1.6334)
A2(4.2473)
(10.9702)
(-0.0622)
A3(1.6568)
(9.3374)
(-2.1739)
A4(2.0973)
(11.1282)
(-0.3926)
G1(-0.0293)
(-0.2171)
(-0.0979)
G2(0.9152)
(0.6784)
(-0.0325)
G3(-0.1650)
(-0.3209)
(-0.1580)
G4(-0.2868)
(-0.6130)
(0.1330)
A1(-1.1017)
(9.5322)
(-1.1640)
A2(3.1460)
(9.6486)
(0.9337)
A3(0.0766)
(9.1889)
(-2.6767)
A4(1.9537)
(8.8585)
(-4.2808)
G1(-0.0681)
(-0.1064)
(-0.0835)
G2(-0.4986)
(-0.1378)
(-0.0229)
G3(0.0277)
(-0.1442)
(-0.1932)
G4(-0.2022)
(-0.2863)
(-0.0383)
A1(-1.1592)
(9.5801)
(-1.5184)
A2(2.3942)
(9.6534)
(-1.6137)
A3(0.2346)
(9.3182)
(-2.6624)
A4(2.4612)
(9.3805)
(-2.8204)
G1(0.0937)
(-0.0192)
(-0.0654)
G2(0.1368)
(0.2091)
(-0.0490)
G3(0.0144)
(-0.0452)
(-0.1618)
G4(-0.1203)
(-0.0777)
(-0.1277)
A1(-1.3556)
(9.7238)
(-1.6526)
A2(1.5179)
(9.1267)
(-0.2634)
A3(0.0335)
(9.2656)
(-2.8204)
A4(2.2027)
(9.0884)
(-3.3375)
G1(-0.0702)
(-0.0410)
(-0.1261)
G2(-0.2230)
(0.2022)
(-0.1032)
G3(0.0106)
(0.0112)
(-0.1570)
G4(-0.1410)
(-0.1639)
(-0.0532)
A1(-1.5041)
(9.5226)
(-0.9293)
A2(1.5275)
(9.3039)
(-0.9625)
A3(0.2346)
(9.1698)
(-2.8874)
A4(1.9920)
(9.1937)
(-3.4524)
G1(0.1607)
(0.0532)
(-0.0213)
G2(0.0506)
(-0.2746)
(-0.0857)
G3(0.0239)
(0.0713)
(-0.1277)
G4(-0.1054)
(-0.0447)
(-0.0458)
