A1(-8.1814)
(10.7872)
(7.8126)
A2(2.0255)
(7.0102)
(1.1109)
A3(-1.5754)
(11.0085)
(0.7422)
A4(0.6081)
(8.9591)
(-4.6735)
G1(-3.2916)
(2.1705)
(0.1857)
G2(-1.3234)
(-0.0974)
(0.1378)
G3(0.8434)
(0.5986)
(-0.0777)
G4(-0.0995)
(-0.1256)
(-0.0952)
A1(-5.1014)
(11.3332)
(9.8148)
A2(-1.3264)
(10.3956)
(0.9098)
A3(-7.8482)
(16.9605)
(-3.5626)
A4(-2.6240)
(9.9216)
(-3.6631)
G1(-3.4641)
(2.6967)
(-0.9333)
G2(-0.1463)
(1.9273)
(0.2836)
G3(1.4644)
(0.7003)
(-0.2820)
G4(-0.0718)
(0.1671)
(0.0261)
A1(-8.6796)
(10.0639)
(2.7926)
A2(-0.2873)
(12.6893)
(1.7430)
A3(-4.0366)
(8.8202)
(-13.7475)
A4(0.0766)
(7.9152)
(-8.8346)
G1(-1.5096)
(3.0330)
(-2.1641)
G2(-0.7583)
(0.3432)
(0.9397)
G3(2.2466)
(-0.8806)
(-0.7439)
G4(-0.1580)
(2.0955)
(-0.4997)
A1(-11.2279)
(9.0340)
(-2.7064)
A2(-1.0008)
(10.3765)
(5.1811)
A3(-3.7972)
(-7.2688)
(-5.5976)
A4(-0.2873)
(7.9200)
(-6.2776)
G1(4.2032)
(5.0806)
(-1.9784)
G2(-0.9663)
(1.6160)
(0.5805)
G3(6.6546)
(-4.0222)
(-4.3245)
G4(-0.8184)
(1.0254)
(-0.3986)
A1(-1.0921)
(8.8424)
(3.4967)
A2(2.7485)
(10.0748)
(3.9840)
A3(-10.2472)
(-8.8729)
(-1.8004)
A4(-0.3591)
(8.0828)
(-1.7238)
G1(5.3424)
(1.5484)
(-1.9858)
G2(0.8503)
(2.5025)
(1.0078)
G3(1.5724)
(-4.1734)
(-3.9025)
G4(-1.0461)
(1.4080)
(0.1203)
A1(1.0634)
(-1.2310)
(-1.3125)
A2(-0.2059)
(8.4467)
(7.1156)
A3(-9.6965)
(-13.5751)
(-14.7626)
A4(1.0582)
(9.0118)
(-0.4405)
G1(4.3436)
(0.6359)
(-1.4383)
G2(1.1095)
(0.7891)
(0.2799)
G3(-2.2492)
(-1.9459)
(-0.6859)
G4(-0.6353)
(0.5236)
(0.3294)
A1(-8.2868)
(-1.1544)
(4.3589)
A2(2.7294)
(11.3294)
(2.8874)
A3(5.6886)
(5.9137)
(0.2538)
A4(9.3565)
(7.6471)
(-2.2266)
G1(0.2448)
(-0.4028)
(0.4262)
G2(0.5587)
(-1.8246)
(0.3203)
G3(-2.1423)
(-0.4794)
(0.6694)
G4(-0.0436)
(-1.5064)
(0.2602)
A1(-8.4305)
(-0.9388)
(3.0704)
A2(7.6423)
(7.8195)
(1.0678)
A3(-9.8689)
(-6.5888)
(3.3375)
A4(1.9297)
(9.2703)
(-3.8211)
G1(-1.7858)
(-1.2670)
(0.3704)
G2(-0.1410)
(-1.7751)
(-0.3954)
G3(-0.3634)
(2.0273)
(-1.1174)
G4(0.0218)
(0.3235)
(-0.3437)
A1(-5.4990)
(-1.0107)
(0.5173)
A2(-0.6991)
(9.8306)
(3.1412)
A3(-7.2784)
(1.1013)
(-1.4269)
A4(1.7909)
(10.5393)
(-1.7957)
G1(-2.3567)
(-2.4509)
(1.3425)
G2(0.1538)
(0.4534)
(0.2395)
G3(0.2150)
(-0.0825)
(0.9546)
G4(-0.0399)
(0.0713)
(-0.1378)
A1(-9.7429)
(2.6202)
(-1.2789)
A2(3.8020)
(9.0884)
(3.2130)
A3(4.1899)
(-1.6233)
(-3.8164)
A4(1.6951)
(10.2520)
(-1.6137)
G1(-1.1408)
(-1.2696)
(2.0827)
G2(0.3155)
(-0.7540)
(-0.3209)
G3(-1.2153)
(-0.2150)
(4.0425)
G4(0.1602)
(-0.4821)
(-0.1910)
A1(-7.2617)
(3.4871)
(0.6754)
A2(0.8475)
(8.6239)
(2.8108)
A3(-11.9183)
(-2.9449)
(-4.1803)
A4(-0.3831)
(8.3701)
(-3.2417)
G1(-1.4080)
(-0.0314)
(2.0556)
G2(0.1713)
(-0.3214)
(-0.3837)
G3(1.4016)
(2.0433)
(2.1311)
G4(0.2017)
(-1.3026)
(-0.0234)
A1(-8.2532)
(8.1574)
(2.4190)
A2(1.3024)
(9.7636)
(3.7781)
A3(-9.4236)
(-2.1835)
(-5.2720)
A4(0.6847)
(8.8538)
(-5.1140)
G1(-0.3672)
(-3.2874)
(1.8778)
G2(-0.0628)
(-0.6071)
(-0.3187)
G3(0.6439)
(2.5254)
(1.2686)
G4(0.0261)
(-0.7370)
(-0.1341)
A1(-10.7393)
(7.9515)
(1.2981)
A2(-1.5036)
(11.2288)
(1.3503)
A3(-8.8538)
(-2.1931)
(-7.2880)
A4(0.3639)
(9.3039)
(-4.2521)
G1(0.4699)
(-1.8198)
(1.5069)
G2(0.1059)
(-0.9780)
(-0.2256)
G3(0.9046)
(2.4770)
(1.9278)
G4(-0.1942)
(-0.1761)
(-0.2187)
A1(-4.0428)
(8.0952)
(5.2882)
A2(2.3367)
(9.5529)
(-0.2729)
A3(-9.0405)
(-1.5227)
(-6.8857)
A4(0.7230)
(9.3757)
(-1.4557)
G1(0.6832)
(-0.4204)
(1.2574)
G2(0.5901)
(-0.7710)
(-0.1889)
G3(-1.7501)
(2.3567)
(1.0653)
G4(0.0511)
(-0.3427)
(-0.1926)
A1(-3.5015)
(7.0030)
(3.6883)
A2(0.2203)
(8.2648)
(0.6512)
A3(-1.3647)
(0.2682)
(-9.1985)
A4(0.9960)
(8.7724)
(-4.4532)
G1(2.1684)
(-1.7741)
(0.5364)
G2(0.5241)
(-0.0250)
(-0.2916)
G3(-2.9186)
(1.2068)
(0.8870)
G4(0.1048)
(-0.2629)
(-0.0559)
A1(-2.7255)
(12.2098)
(1.8298)
A2(-2.1596)
(10.4100)
(1.8196)
A3(-0.5171)
(5.9855)
(-7.9535)
A4(-1.1301)
(9.2560)
(-3.2034)
G1(6.1949)
(-0.6497)
(1.4330)
G2(0.0905)
(-0.1846)
(-0.2054)
G3(-2.9777)
(0.2325)
(1.2686)
G4(0.1171)
(-0.5257)
(0.1559)
A1(-3.4584)
(8.6412)
(14.0444)
A2(-0.5794)
(10.0030)
(0.6081)
A3(-4.8794)
(11.4203)
(-7.1874)
A4(-1.4174)
(9.2464)
(-4.5011)
G1(1.7033)
(-1.5602)
(1.0440)
G2(0.2267)
(-1.0121)
(-0.0740)
G3(-2.5760)
(0.1490)
(0.3980)
G4(0.1543)
(-0.3411)
(0.1192)
A1(-2.2178)
(9.8148)
(1.8729)
A2(-2.1021)
(9.9359)
(-0.0096)
A3(-8.1642)
(6.2393)
(-9.1794)
A4(-1.1157)
(9.3853)
(-5.3151)
G1(0.2836)
(-2.1540)
(0.0117)
G2(0.0245)
(-0.5603)
(0.0569)
G3(0.2911)
(0.2288)
(0.6699)
G4(-0.1548)
(-0.2517)
(0.1809)
A1(-4.1530)
(9.9058)
(-0.1006)
A2(-0.9768)
(9.0980)
(-1.5131)
A3(-2.8730)
(10.2328)
(-1.4748)
A4(0.0335)
(9.4906)
(-2.0877)
G1(0.1852)
(0.3241)
(0.3310)
G2(0.1634)
(0.1240)
(-0.2038)
G3(-0.1868)
(-1.0823)
(-0.0468)
G4(-0.2027)
(-0.1921)
(0.1719)
A1(-0.9484)
(9.3741)
(0.6562)
A2(-1.0056)
(8.9783)
(-0.6847)
A3(-2.8395)
(10.0365)
(-3.3519)
A4(0.4070)
(9.2991)
(-4.0749)
G1(0.7450)
(0.2927)
(0.0782)
G2(0.4262)
(0.0458)
(-0.1522)
G3(-0.1644)
(0.3650)
(0.2469)
G4(0.0128)
(0.1006)
(0.0537)
