A1(-8.2149)
(10.0735)
(6.9360)
A2(-0.2011)
(8.8633)
(0.4549)
A3(-3.5961)
(12.0285)
(0.9433)
A4(-0.4597)
(6.2728)
(-10.2376)
G1(-3.9749)
(1.3963)
(-0.1038)
G2(-0.7609)
(0.0867)
(0.1532)
G3(0.4874)
(1.4277)
(-0.1224)
G4(0.5326)
(0.6689)
(-0.0788)
A1(-8.6077)
(8.2820)
(7.2952)
A2(-1.6616)
(7.7045)
(2.5379)
A3(-6.0861)
(10.8362)
(-7.8530)
A4(-3.0837)
(8.4467)
(-6.5888)
G1(-2.7132)
(1.1733)
(-1.2707)
G2(-1.8959)
(1.2265)
(0.5028)
G3(0.7189)
(-0.1948)
(-0.2538)
G4(0.1862)
(1.2366)
(-0.2176)
A1(-7.5395)
(11.2949)
(1.2358)
A2(2.3846)
(8.3797)
(-1.4988)
A3(-8.6957)
(9.3134)
(-11.9710)
A4(-2.2314)
(8.1738)
(-6.8474)
G1(-0.5768)
(3.7716)
(-2.5345)
G2(-0.3177)
(-0.1479)
(1.2483)
G3(1.9736)
(-2.2939)
(-0.6981)
G4(-0.2900)
(1.6139)
(-0.1729)
A1(-8.4113)
(9.9824)
(1.7244)
A2(-0.3400)
(9.3374)
(4.1755)
A3(-6.3303)
(-5.7461)
(-10.2280)
A4(-0.9194)
(8.4372)
(-2.0399)
G1(4.7092)
(2.6020)
(-3.3246)
G2(-0.1884)
(2.1242)
(0.3900)
G3(4.6831)
(-4.0100)
(-5.4850)
G4(-1.1930)
(1.1095)
(0.0830)
A1(-0.8143)
(9.1059)
(3.1758)
A2(4.1994)
(11.9710)
(4.3862)
A3(-11.8800)
(-15.3851)
(-12.5839)
A4(1.9010)
(9.4523)
(-0.3591)
G1(4.9742)
(4.9476)
(-3.0213)
G2(0.8961)
(1.0749)
(0.7865)
G3(0.4991)
(-3.3779)
(-3.7647)
G4(-0.5507)
(1.0254)
(0.2810)
A1(-5.5948)
(13.3882)
(20.2810)
A2(-4.2521)
(5.9664)
(4.5921)
A3(2.1165)
(7.0006)
(-9.5912)
A4(14.2694)
(7.8099)
(-0.4549)
G1(-1.5261)
(-1.5607)
(1.7741)
G2(1.1440)
(0.8812)
(0.0436)
G3(-1.5905)
(0.4023)
(-2.1465)
G4(-0.1490)
(0.0186)
(-0.1474)
A1(-4.1434)
(1.7292)
(1.9256)
A2(2.9592)
(7.1299)
(0.3304)
A3(-21.9309)
(8.7436)
(-11.4682)
A4(-1.9824)
(9.8689)
(-0.8619)
G1(-2.1343)
(2.7010)
(0.7790)
G2(0.1091)
(-1.4473)
(-0.4773)
G3(-0.6832)
(-4.2792)
(3.3422)
G4(0.5726)
(1.1728)
(-0.3416)
A1(-7.4964)
(2.4046)
(1.0011)
A2(-0.4166)
(13.7762)
(3.3998)
A3(-5.4779)
(2.0159)
(-4.4963)
A4(-1.2833)
(9.7875)
(-4.7022)
G1(-2.0114)
(-2.9947)
(1.5500)
G2(0.4001)
(0.8945)
(0.2395)
G3(-0.5497)
(-2.4190)
(1.2856)
G4(0.1203)
(-0.7008)
(-0.2118)
A1(-9.6759)
(2.4956)
(-1.0490)
A2(5.9520)
(8.6814)
(1.9632)
A3(-5.8562)
(-2.5426)
(-2.9832)
A4(2.6432)
(9.4715)
(-1.2689)
G1(-0.7008)
(-1.4963)
(2.4046)
G2(0.0665)
(-0.6236)
(-0.7093)
G3(2.2588)
(0.2990)
(2.1545)
G4(0.1767)
(0.1868)
(-0.1155)
A1(-6.0211)
(4.8331)
(3.4201)
A2(-0.5890)
(7.8290)
(3.3232)
A3(-11.5831)
(-3.7733)
(-5.3486)
A4(2.0686)
(8.3270)
(-3.4381)
G1(-0.3794)
(-0.2027)
(2.3663)
G2(0.7285)
(1.2590)
(-0.2011)
G3(0.8535)
(2.2801)
(2.4631)
G4(0.1293)
(-1.2606)
(-0.0665)
A1(-8.5406)
(6.6773)
(1.7292)
A2(5.3151)
(9.4810)
(2.4756)
A3(-7.9775)
(-1.2210)
(-5.6312)
A4(0.0814)
(9.2560)
(-3.5578)
G1(0.6359)
(-1.6102)
(2.0646)
G2(0.4432)
(0.4778)
(-0.0106)
G3(-0.5747)
(2.9873)
(1.9337)
G4(0.2597)
(-0.8466)
(-0.1421)
A1(-8.4353)
(6.7683)
(1.9639)
A2(1.0774)
(9.3326)
(1.3695)
A3(-8.1882)
(3.5099)
(-6.4548)
A4(1.0582)
(8.4515)
(-5.3343)
G1(0.5773)
(0.0074)
(1.6320)
G2(-0.0229)
(-0.7843)
(-0.2953)
G3(-1.1446)
(2.2897)
(1.0738)
G4(0.2554)
(-0.2661)
(-0.1623)
A1(-4.7469)
(8.1718)
(3.8129)
A2(0.3208)
(8.3318)
(1.2785)
A3(-6.1339)
(6.4308)
(-7.7333)
A4(1.5610)
(8.4132)
(-5.3151)
G1(0.6870)
(-0.9786)
(1.4122)
G2(0.1602)
(-0.5699)
(-0.3698)
G3(-1.1691)
(0.6061)
(1.7762)
G4(-0.1532)
(-0.4566)
(0.0415)
A1(-6.9695)
(9.5322)
(2.7686)
A2(0.6608)
(9.0644)
(-0.3591)
A3(-5.0757)
(7.2018)
(-7.7764)
A4(0.8332)
(9.5289)
(-2.5570)
G1(1.1121)
(-0.8673)
(1.0137)
G2(0.0516)
(-1.2404)
(-0.2879)
G3(-1.2366)
(1.0041)
(1.2643)
G4(-0.2070)
(-0.4858)
(-0.0080)
A1(-3.8704)
(8.6269)
(2.5196)
A2(0.9577)
(9.7492)
(0.1197)
A3(-4.8602)
(9.0022)
(-5.7413)
A4(-0.5938)
(9.8450)
(-3.3758)
G1(1.0248)
(-0.1181)
(0.4805)
G2(0.3735)
(-1.1424)
(-0.2379)
G3(-1.3776)
(1.0786)
(0.9067)
G4(0.0777)
(-0.1644)
(0.0426)
A1(-2.7926)
(10.4806)
(3.6069)
A2(-1.6376)
(9.0549)
(1.8244)
A3(-2.6432)
(9.6199)
(-3.4907)
A4(0.2155)
(9.1219)
(-5.1188)
G1(0.3922)
(-0.6790)
(0.4172)
G2(-0.1016)
(-1.0211)
(-0.0713)
G3(-1.2537)
(0.3118)
(0.2884)
G4(-0.1788)
(0.0788)
(0.0287)
A1(-3.4057)
(9.1346)
(-0.3018)
A2(1.2929)
(10.1849)
(-0.0287)
A3(-6.9288)
(10.1562)
(-2.5426)
A4(-0.5267)
(9.4188)
(-3.2992)
G1(0.8285)
(-0.2591)
(0.0064)
G2(0.1900)
(0.4401)
(-0.1921)
G3(-0.4432)
(-1.3814)
(0.1846)
G4(-0.3693)
(0.3198)
(-0.0399)
A1(-2.9028)
(10.6051)
(1.1879)
A2(-0.4022)
(9.3134)
(0.0096)
A3(-1.5658)
(8.9016)
(-3.3615)
A4(-0.6943)
(9.8402)
(-1.5323)
G1(0.2948)
(0.6141)
(0.0734)
G2(0.6274)
(-0.6194)
(-0.1171)
G3(-0.1325)
(-0.1607)
(-0.0282)
G4(0.1048)
(0.3288)
(0.1250)
A1(-1.1065)
(9.1729)
(0.0383)
A2(-0.3496)
(8.7388)
(-0.0431)
A3(-2.0159)
(9.6438)
(-2.5474)
A4(1.0726)
(8.4898)
(-5.4396)
G1(-0.0016)
(0.2873)
(0.2421)
G2(0.4097)
(0.0074)
(-0.1266)
G3(-0.1399)
(0.3108)
(0.0027)
G4(0.0059)
(0.1761)
(0.0591)
A1(-2.9650)
(9.5801)
(-1.4226)
A2(0.5315)
(9.8210)
(-1.0151)
A3(-0.7183)
(9.3613)
(-2.4852)
A4(1.1923)
(9.5050)
(-2.3272)
G1(0.5582)
(-0.3448)
(0.0803)
G2(-0.2559)
(0.4294)
(-0.0431)
G3(0.0069)
(0.0676)
(0.0974)
G4(-0.1181)
(0.1453)
(0.0255)
