A1(-11.0410)
(11.1273)
(9.7477)
A2(-0.3639)
(9.6869)
(1.5227)
A3(-3.7206)
(12.8904)
(0.3735)
A4(1.8866)
(7.3310)
(-8.6957)
G1(-4.2377)
(2.4142)
(-0.4805)
G2(-1.6719)
(0.8195)
(0.3432)
G3(1.1036)
(0.1070)
(-0.0346)
G4(-0.0899)
(-0.1229)
(-0.1304)
A1(-6.3133)
(12.5834)
(8.4496)
A2(-0.9577)
(6.9528)
(-0.1915)
A3(-7.3837)
(16.6924)
(-1.7909)
A4(-3.0071)
(8.2121)
(-7.9966)
G1(-3.3220)
(2.5563)
(-1.1786)
G2(-1.3351)
(1.7044)
(0.6912)
G3(1.4154)
(-0.5986)
(-0.0436)
G4(-0.1399)
(1.6112)
(-0.4172)
A1(-10.5189)
(10.3321)
(5.9157)
A2(2.6432)
(10.7691)
(-1.0822)
A3(-3.1125)
(18.2534)
(-11.3533)
A4(-1.2977)
(9.0980)
(-4.8650)
G1(-2.1598)
(3.9728)
(-2.7819)
G2(-0.6295)
(0.8753)
(0.7274)
G3(1.2451)
(0.1394)
(-1.6346)
G4(-0.3400)
(1.6219)
(-0.2586)
A1(-11.0650)
(9.1490)
(1.6286)
A2(-1.9872)
(10.6973)
(2.2218)
A3(-6.6367)
(6.6080)
(-11.1761)
A4(-1.0199)
(9.8114)
(-6.2680)
G1(-0.4448)
(3.5519)
(-2.9569)
G2(-0.2070)
(-1.4064)
(1.4378)
G3(2.8026)
(-2.0492)
(0.6758)
G4(-0.4417)
(1.9364)
(-0.3374)
A1(-3.6356)
(7.6210)
(-0.9724)
A2(-1.1540)
(11.7124)
(7.5992)
A3(-10.7404)
(1.9297)
(-9.9551)
A4(-1.4126)
(6.3063)
(-6.9671)
G1(1.6990)
(4.9619)
(-2.9761)
G2(-0.3725)
(0.8599)
(1.0552)
G3(4.8151)
(-5.0104)
(-5.7042)
G4(-1.2137)
(1.1387)
(-0.1900)
A1(-12.8613)
(8.3155)
(-0.4359)
A2(2.4469)
(11.2863)
(6.0047)
A3(-4.6064)
(-9.9359)
(0.8763)
A4(0.0287)
(9.5098)
(1.5467)
G1(5.6713)
(2.1492)
(-1.4436)
G2(0.0527)
(3.9802)
(0.6242)
G3(0.4236)
(-5.8751)
(-4.4373)
G4(-0.8743)
(0.9003)
(0.5486)
A1(0.2347)
(1.5089)
(10.3944)
A2(4.7645)
(10.4818)
(1.8627)
A3(-11.4826)
(-14.3700)
(-9.7636)
A4(1.2881)
(9.7444)
(0.0192)
G1(5.3951)
(5.3185)
(-0.3331)
G2(1.2074)
(-0.4821)
(1.7975)
G3(-2.0625)
(-2.7473)
(-5.6122)
G4(-0.5220)
(0.3868)
(0.7482)
A1(13.3834)
(3.2860)
(18.8344)
A2(2.6480)
(7.8530)
(7.6998)
A3(-5.8754)
(1.3360)
(-8.1882)
A4(18.4545)
(5.3630)
(-3.2609)
G1(-1.9976)
(-7.1484)
(0.3512)
G2(0.9482)
(0.1873)
(0.2081)
G3(-3.0171)
(3.2129)
(-6.1810)
G4(-0.6774)
(-1.5261)
(0.1389)
A1(2.8884)
(-1.1257)
(4.7278)
A2(18.4880)
(0.2059)
(-9.5193)
A3(-7.6519)
(-47.8026)
(15.6916)
A4(1.1205)
(9.6630)
(-0.5507)
G1(-2.7313)
(5.0918)
(1.3947)
G2(-2.9745)
(0.9551)
(-2.6526)
G3(-1.0020)
(1.3617)
(4.4857)
G4(0.2607)
(0.4800)
(0.0128)
A1(5.2403)
(-1.7005)
(2.0501)
A2(16.3907)
(5.8419)
(6.2345)
A3(-23.6403)
(6.3734)
(-5.9233)
A4(3.4046)
(9.2560)
(-3.4524)
G1(-2.5956)
(-2.4594)
(0.7572)
G2(0.3852)
(-0.1080)
(-0.9248)
G3(3.2698)
(-1.9438)
(0.4629)
G4(-0.1804)
(-3.4949)
(0.3789)
A1(-12.0517)
(9.4268)
(3.5350)
A2(-3.2609)
(12.0572)
(5.9233)
A3(8.0685)
(-2.1883)
(-1.0391)
A4(2.9305)
(9.4188)
(-3.0789)
G1(-1.1084)
(-7.2559)
(2.6414)
G2(0.1634)
(0.7551)
(0.6800)
G3(-2.6728)
(-0.0644)
(2.6238)
G4(-0.0298)
(-1.8257)
(0.1900)
A1(-13.0241)
(5.7289)
(-2.5148)
A2(4.1180)
(7.5561)
(3.4046)
A3(-6.5362)
(-4.4963)
(-3.3471)
A4(0.7901)
(9.4954)
(-2.2841)
G1(-0.2331)
(-1.6953)
(3.2496)
G2(-0.0809)
(1.0121)
(-0.2416)
G3(-0.4156)
(-1.1334)
(5.1583)
G4(0.1777)
(-0.9371)
(0.1697)
A1(-4.7565)
(10.5046)
(3.3482)
A2(-0.6033)
(9.3853)
(3.5099)
A3(-3.8786)
(-6.1052)
(-5.4253)
A4(0.1963)
(9.5337)
(-4.2473)
G1(0.6125)
(-2.6297)
(3.1469)
G2(0.0000)
(-1.7836)
(-0.4566)
G3(-1.7645)
(4.3527)
(3.3385)
G4(0.3102)
(-0.2490)
(-0.0133)
A1(-5.2211)
(10.1884)
(10.1405)
A2(1.4413)
(9.0501)
(3.1891)
A3(-9.0501)
(-4.5873)
(-7.8578)
A4(1.5323)
(9.0980)
(-3.9504)
G1(2.9809)
(-3.3752)
(2.4302)
G2(0.4268)
(-0.3661)
(-0.3757)
G3(-2.9069)
(4.7081)
(4.1611)
G4(0.1522)
(-0.2975)
(0.1362)
A1(-12.2817)
(7.5299)
(2.6154)
A2(4.3862)
(9.6869)
(3.4046)
A3(-4.1372)
(-6.2728)
(-8.8585)
A4(1.9058)
(9.7731)
(-2.7821)
G1(3.1086)
(-2.0226)
(2.3275)
G2(0.1692)
(-1.1600)
(-0.3443)
G3(-3.9552)
(4.7592)
(3.0953)
G4(0.2522)
(-0.3991)
(0.1788)
A1(-3.0608)
(8.1383)
(5.1397)
A2(2.1308)
(8.8873)
(2.4565)
A3(-11.9183)
(13.0388)
(-8.1499)
A4(-0.1628)
(8.7532)
(-5.0470)
G1(1.3521)
(0.1314)
(1.3047)
G2(0.5236)
(-0.3203)
(-0.2102)
G3(-3.3614)
(0.5821)
(2.1843)
G4(0.4959)
(-0.2921)
(0.2118)
A1(-8.7275)
(10.2267)
(3.8847)
A2(4.2760)
(9.3182)
(2.4373)
A3(-4.7453)
(13.5512)
(-4.9943)
A4(1.2737)
(7.6998)
(-4.4915)
G1(1.8709)
(-3.6386)
(0.1171)
G2(0.3155)
(-1.2946)
(-0.0372)
G3(-2.2306)
(-0.8274)
(1.4053)
G4(0.2639)
(-0.4496)
(0.1873)
A1(-4.1003)
(9.9345)
(1.1400)
A2(-1.3551)
(8.4851)
(1.1396)
A3(-13.2687)
(11.1187)
(-14.0540)
A4(0.5315)
(8.0493)
(-6.7325)
G1(-0.0532)
(-0.6465)
(-0.1070)
G2(-0.2304)
(-0.5438)
(0.1027)
G3(0.3491)
(1.4787)
(0.8131)
G4(0.1697)
(0.3257)
(0.2277)
A1(-3.6548)
(9.8819)
(1.2694)
A2(3.1268)
(9.6774)
(-1.3120)
A3(-1.7430)
(10.5536)
(-4.3910)
A4(2.1021)
(8.3797)
(-5.2672)
G1(0.5124)
(0.3076)
(0.5177)
G2(0.0282)
(0.4278)
(-0.1681)
G3(0.1485)
(-0.5747)
(-0.0607)
G4(-0.0926)
(0.6417)
(0.0474)
A1(-1.8346)
(8.8712)
(0.9867)
A2(1.1444)
(10.3286)
(-0.5746)
A3(0.6129)
(10.1035)
(-4.7597)
A4(2.2984)
(8.1786)
(-4.8842)
G1(0.2666)
(0.7269)
(-0.1660)
G2(0.3065)
(-0.5087)
(0.0287)
G3(-0.2480)
(-0.1479)
(-0.0585)
G4(-0.2086)
(0.4922)
(0.0899)
