A1(-1.6382)
(9.6184)
(1.5855)
A2(0.1245)
(9.5098)
(-0.5938)
A3(-1.4030)
(8.9830)
(-3.4716)
A4(-0.1341)
(9.4810)
(-3.1220)
G1(-0.1783)
(0.1415)
(0.0346)
G2(-0.0128)
(-0.0165)
(-0.0362)
G3(-0.0223)
(0.0772)
(-0.0484)
G4(-0.0160)
(0.0000)
(-0.0223)
A1(-1.9639)
(10.2651)
(1.4514)
A2(0.1341)
(9.5146)
(-0.5363)
A3(-1.2977)
(9.0549)
(-3.4285)
A4(0.2586)
(9.6055)
(-2.2649)
G1(0.0420)
(0.1383)
(-0.0644)
G2(-0.0213)
(-0.0117)
(-0.0277)
G3(-0.0490)
(0.0676)
(-0.0601)
G4(0.0894)
(-0.0793)
(0.0165)
A1(-3.1231)
(8.1622)
(1.6909)
A2(0.0527)
(9.4906)
(-0.3783)
A3(-1.9728)
(9.4523)
(-4.8890)
A4(-0.7853)
(10.0317)
(0.1149)
G1(0.1873)
(0.7764)
(-0.2554)
G2(-0.0718)
(-0.0138)
(-0.0112)
G3(-0.1368)
(0.2027)
(-0.1133)
G4(0.5970)
(-0.0011)
(0.0415)
A1(-5.9684)
(5.4846)
(6.0498)
A2(0.7422)
(9.2943)
(-0.5650)
A3(-3.0215)
(11.3389)
(0.8428)
A4(1.7286)
(6.8139)
(-10.5680)
G1(-2.9804)
(1.5532)
(0.3092)
G2(-0.7732)
(0.2363)
(0.0660)
G3(0.3166)
(0.2506)
(-0.1250)
G4(0.5305)
(1.8863)
(-0.2230)
A1(-3.4345)
(11.0746)
(9.7908)
A2(-3.7254)
(7.7237)
(0.4884)
A3(-7.9918)
(14.1210)
(1.1013)
A4(-2.5139)
(11.0421)
(-4.1707)
G1(-3.6843)
(3.8552)
(0.3150)
G2(-1.9268)
(1.6682)
(0.3549)
G3(1.2271)
(0.9903)
(-0.9759)
G4(0.0197)
(-0.1474)
(0.3267)
A1(-2.1268)
(11.5009)
(7.4150)
A2(0.9194)
(11.6119)
(2.0111)
A3(1.8387)
(16.3955)
(-3.3567)
A4(0.4357)
(8.1211)
(-6.5074)
G1(-3.8163)
(2.6217)
(-1.0531)
G2(-1.1153)
(2.4796)
(0.7827)
G3(1.8273)
(1.6261)
(-2.1556)
G4(0.1431)
(0.7098)
(-0.0644)
A1(-12.4062)
(3.4009)
(4.4547)
A2(2.3703)
(5.7892)
(3.9792)
A3(-6.0525)
(1.4365)
(-14.0013)
A4(1.7095)
(7.8434)
(-3.7110)
G1(-0.7902)
(1.3739)
(-1.3580)
G2(-0.9578)
(-3.4321)
(0.7338)
G3(3.2028)
(0.2086)
(-0.7466)
G4(-0.2698)
(1.5985)
(-0.1261)
A1(-13.3690)
(7.2617)
(4.9673)
A2(0.6991)
(12.0907)
(0.5794)
A3(-9.3039)
(-5.5067)
(-6.3542)
A4(-7.8147)
(10.4627)
(-6.0765)
G1(3.0549)
(9.0901)
(-1.0499)
G2(0.5938)
(4.1904)
(0.5986)
G3(8.7527)
(-2.8654)
(-2.3599)
G4(-0.7157)
(2.0768)
(-0.0064)
A1(-1.7963)
(8.0760)
(-4.7948)
A2(-1.3360)
(11.5448)
(6.3351)
A3(-4.2234)
(-9.0214)
(4.1946)
A4(0.6752)
(9.7923)
(-1.2546)
G1(5.8708)
(3.3768)
(-0.6854)
G2(1.0099)
(-1.5176)
(1.2717)
G3(5.2280)
(-7.2782)
(-0.6598)
G4(-1.1770)
(0.3789)
(0.0101)
A1(-8.9670)
(2.1459)
(0.5125)
A2(15.1218)
(9.3901)
(2.4134)
A3(-6.5266)
(-6.9719)
(-2.3272)
A4(2.3080)
(11.0277)
(2.6145)
G1(5.0519)
(-0.0548)
(-0.9839)
G2(1.3872)
(1.0616)
(0.4874)
G3(-4.1946)
(-1.3383)
(-3.3172)
G4(-0.2118)
(1.1967)
(-0.0532)
A1(-14.8348)
(3.2860)
(8.4400)
A2(-0.9673)
(8.4132)
(4.7549)
A3(-6.9145)
(1.5514)
(-5.6934)
A4(9.3039)
(7.3215)
(-2.5426)
G1(-0.8993)
(-0.1772)
(-0.2102)
G2(0.5960)
(1.0972)
(-0.0021)
G3(-3.9552)
(0.1745)
(1.1536)
G4(0.1607)
(-1.6916)
(0.3741)
A1(-4.6990)
(-1.6478)
(-1.0969)
A2(3.4524)
(6.5793)
(1.7526)
A3(-31.5939)
(-11.8513)
(1.3072)
A4(3.9073)
(10.3142)
(-0.8236)
G1(-1.1627)
(0.2017)
(0.2485)
G2(-0.4890)
(-1.6719)
(-0.1144)
G3(3.2267)
(2.6318)
(1.2638)
G4(0.1937)
(0.6556)
(-0.2735)
A1(-6.7779)
(-0.3257)
(-1.6957)
A2(-1.9345)
(10.6111)
(2.8587)
A3(-2.9113)
(-2.9592)
(-0.3112)
A4(0.1867)
(9.8689)
(-2.6815)
G1(-1.4979)
(-1.6836)
(1.5596)
G2(0.4784)
(1.1733)
(0.0468)
G3(-0.3459)
(-0.4874)
(0.1596)
G4(0.4379)
(-1.6171)
(0.2347)
A1(-8.1239)
(4.9146)
(-1.2071)
A2(4.0318)
(6.9671)
(3.2513)
A3(-5.8179)
(-1.0630)
(-3.0885)
A4(0.5171)
(9.1937)
(-4.5490)
G1(-1.0935)
(-1.9704)
(2.0061)
G2(-0.1676)
(-1.4931)
(-0.1607)
G3(0.9514)
(0.9541)
(1.1254)
G4(0.1203)
(-1.4894)
(0.1341)
A1(-10.3561)
(8.6700)
(6.1504)
A2(1.9393)
(9.0405)
(1.3934)
A3(-6.1962)
(-5.2241)
(-5.2720)
A4(-0.0431)
(8.8825)
(-3.8642)
G1(-0.3060)
(-2.1944)
(2.6627)
G2(-0.0548)
(-0.1027)
(-0.3124)
G3(0.6423)
(3.4204)
(1.7927)
G4(-0.0399)
(-1.6432)
(0.1724)
A1(-6.3660)
(3.3195)
(0.8287)
A2(3.1508)
(10.4531)
(1.2067)
A3(-8.8681)
(-2.5522)
(-7.3981)
A4(0.0958)
(9.4332)
(-4.0366)
G1(-0.7380)
(-0.7700)
(2.1630)
G2(0.2410)
(-1.0004)
(-0.3778)
G3(-0.5130)
(3.1129)
(2.5919)
G4(0.2022)
(-0.5683)
(-0.1490)
A1(-4.7038)
(7.6066)
(3.6404)
A2(-0.3256)
(9.4954)
(1.7621)
A3(-4.9368)
(-0.1101)
(-6.3734)
A4(-0.1149)
(8.9208)
(-4.7980)
G1(1.9023)
(-2.7590)
(1.9055)
G2(-0.1490)
(-1.8800)
(-0.4017)
G3(-2.9431)
(4.2079)
(3.2203)
G4(0.0383)
(-0.0745)
(-0.1809)
A1(-5.9301)
(9.1202)
(5.1876)
A2(2.0877)
(9.5529)
(0.6177)
A3(-3.3902)
(9.7731)
(-10.1227)
A4(-1.0534)
(9.4092)
(-3.7972)
G1(2.0156)
(-0.8407)
(1.1382)
G2(0.1916)
(-0.5428)
(-0.3209)
G3(-2.8766)
(1.0382)
(2.4898)
G4(0.0729)
(-0.2533)
(-0.0053)
A1(-3.7506)
(9.7190)
(3.5686)
A2(-0.2682)
(8.9112)
(1.8100)
A3(-6.4787)
(11.1426)
(-6.1627)
A4(-0.5650)
(9.1123)
(-3.8786)
G1(2.2141)
(-0.5353)
(0.9993)
G2(0.2192)
(-1.5421)
(-0.3198)
G3(-1.6448)
(0.3773)
(1.4750)
G4(0.1586)
(-0.1133)
(-0.0639)
A1(-5.0583)
(10.4231)
(1.2263)
A2(-1.5850)
(9.9503)
(0.0958)
A3(-2.3511)
(14.7770)
(-3.5721)
A4(0.9337)
(8.6766)
(-5.9711)
G1(1.4745)
(-2.3684)
(0.1607)
G2(0.1777)
(0.1905)
(-0.2820)
G3(0.0958)
(0.4087)
(0.0569)
G4(-0.0372)
(0.0218)
(-0.0931)
