A1(6.5432)
(7.6018)
(-3.9374)
A2(2.4134)
(9.2608)
(0.0479)
A3(1.1732)
(9.8689)
(-0.1532)
A4(6.3782)
(14.1210)
(1.9537)
G1(-2.5196)
(-1.7453)
(-0.0644)
G2(0.0271)
(0.5582)
(0.0442)
G3(0.7561)
(-0.1426)
(0.1298)
G4(0.5816)
(0.2969)
(-0.5571)
A1(-8.3442)
(10.0016)
(-0.5652)
A2(4.7022)
(8.2217)
(0.1580)
A3(3.6440)
(3.8020)
(-9.5481)
A4(1.8340)
(16.2854)
(-7.2018)
G1(1.4064)
(-2.8271)
(-0.5630)
G2(-0.0862)
(-0.3411)
(0.2698)
G3(0.8136)
(-0.2299)
(-0.0772)
G4(0.9365)
(1.2505)
(1.0126)
A1(0.1437)
(8.5406)
(1.1065)
A2(7.8865)
(7.6519)
(8.4707)
A3(6.0908)
(4.9416)
(-11.2623)
A4(-5.6264)
(27.5812)
(-8.3558)
G1(-0.3076)
(-0.6779)
(-0.7721)
G2(-3.0176)
(0.3049)
(0.0665)
G3(-0.3448)
(-0.2826)
(-0.3592)
G4(3.1570)
(0.1735)
(4.3266)
A1(-1.7723)
(7.8557)
(-0.5988)
A2(5.0566)
(6.8809)
(10.5728)
A3(6.8235)
(8.3653)
(-1.9585)
A4(4.5873)
(-4.4915)
(-9.5577)
G1(-0.9445)
(-2.7595)
(-0.5268)
G2(-5.6521)
(-2.2780)
(2.4977)
G3(-0.5811)
(-0.5454)
(-0.2469)
G4(4.5618)
(4.2085)
(4.8779)
A1(-5.6858)
(12.0469)
(8.1095)
A2(3.0406)
(12.4020)
(11.3150)
A3(2.1356)
(9.5529)
(-2.1069)
A4(-0.5076)
(-5.3917)
(-3.3662)
G1(0.3411)
(-2.4227)
(-0.6540)
G2(-5.2222)
(-1.8773)
(2.3078)
G3(-0.6391)
(-1.3202)
(-0.3358)
G4(4.0946)
(4.4032)
(4.3804)
A1(2.0118)
(9.9633)
(4.6272)
A2(9.5768)
(6.2920)
(6.3638)
A3(-1.3455)
(8.6957)
(-1.9632)
A4(0.3783)
(-13.2064)
(0.5028)
G1(0.4661)
(-0.5848)
(0.0803)
G2(-3.5678)
(-3.4183)
(2.2599)
G3(-0.8258)
(-1.6969)
(-0.2384)
G4(-1.8879)
(4.1239)
(5.2722)
A1(-2.8261)
(8.7754)
(5.3505)
A2(5.1284)
(6.8426)
(0.5890)
A3(1.1588)
(8.2265)
(-1.0678)
A4(2.4900)
(-24.9715)
(-13.4937)
G1(0.1389)
(-1.1424)
(-0.4794)
G2(-1.2792)
(-4.1728)
(2.0258)
G3(-0.5880)
(-1.4223)
(-0.1101)
G4(-2.8745)
(-2.0438)
(3.8078)
A1(-1.0299)
(12.1092)
(0.2251)
A2(5.8035)
(0.8667)
(0.5507)
A3(-1.4940)
(11.3581)
(2.9401)
A4(-1.3934)
(-85.3581)
(-8.1307)
G1(-0.2432)
(0.4566)
(-0.0580)
G2(4.4666)
(-4.1904)
(0.7774)
G3(-0.1410)
(-1.5969)
(0.1373)
G4(-1.6001)
(4.2936)
(-5.5478)
A1(-2.7207)
(10.5908)
(2.6633)
A2(15.6485)
(-2.5139)
(-3.2226)
A3(4.2425)
(8.9543)
(-3.7828)
A4(7.5034)
(4.4436)
(-5.3582)
G1(0.4017)
(0.2863)
(0.2267)
G2(4.7582)
(-9.1630)
(2.5930)
G3(-0.0452)
(0.0979)
(0.3459)
G4(-2.3679)
(2.0151)
(-2.4296)
A1(-4.5793)
(8.2963)
(2.4046)
A2(-11.5448)
(-9.7588)
(7.7524)
A3(0.6847)
(9.3134)
(-2.0159)
A4(-1.5036)
(-10.6973)
(-0.2011)
G1(0.3975)
(1.0797)
(0.1171)
G2(-4.7448)
(11.4319)
(-1.7709)
G3(0.0708)
(0.8567)
(0.0404)
G4(-1.8406)
(-2.1598)
(-2.6345)
A1(-1.2215)
(10.1501)
(1.3460)
A2(-3.9648)
(-4.2665)
(3.1651)
A3(-1.2450)
(9.7252)
(-1.7526)
A4(2.8395)
(-4.1803)
(-5.7365)
G1(0.4864)
(-0.1564)
(-0.0314)
G2(-2.5547)
(-4.5985)
(-0.4150)
G3(0.2453)
(1.4670)
(-0.0229)
G4(-0.1447)
(-3.9759)
(-3.6333)
A1(-1.9879)
(9.2831)
(0.7808)
A2(-0.7326)
(1.3312)
(3.3758)
A3(2.4660)
(8.9783)
(-3.1843)
A4(5.9616)
(0.9385)
(-8.6143)
G1(0.4597)
(0.2357)
(0.1575)
G2(-1.4543)
(0.9668)
(-1.2223)
G3(0.1916)
(0.6848)
(0.1942)
G4(-1.4952)
(-2.1912)
(-4.5788)
A1(-1.7484)
(9.7813)
(-0.3736)
A2(16.4625)
(5.6551)
(-2.4421)
A3(2.1213)
(9.4858)
(-1.7909)
A4(1.8196)
(4.3479)
(-9.5050)
G1(0.1751)
(0.6944)
(0.0165)
G2(0.9802)
(2.8292)
(-2.2365)
G3(0.2267)
(1.0131)
(0.0468)
G4(-1.1696)
(-1.7693)
(-2.8218)
A1(-0.1820)
(9.9537)
(-0.4455)
A2(6.1579)
(6.7804)
(6.0765)
A3(2.6384)
(9.2320)
(-2.9640)
A4(5.9328)
(10.8745)
(-9.8785)
G1(0.5715)
(0.4486)
(-0.1538)
G2(0.0303)
(-0.4906)
(-2.2077)
G3(0.1580)
(0.7013)
(-0.0085)
G4(-1.2797)
(-1.5772)
(-1.2425)
A1(-0.0527)
(9.0196)
(-1.4849)
A2(6.0478)
(7.3023)
(4.8459)
A3(1.3024)
(9.4619)
(-2.9784)
A4(6.1579)
(10.3525)
(-8.0924)
G1(-0.0873)
(0.8477)
(0.2400)
G2(1.0536)
(2.7047)
(-2.8388)
G3(-0.0958)
(0.1937)
(0.0756)
G4(-0.8860)
(-1.9380)
(-0.5284)
A1(-0.6467)
(10.6387)
(-1.5184)
A2(9.1554)
(8.9352)
(2.5570)
A3(1.8818)
(9.0980)
(-2.5139)
A4(3.0981)
(11.2623)
(-5.7365)
G1(-0.0037)
(0.8375)
(0.1197)
G2(2.0470)
(0.5412)
(-2.0827)
G3(0.2357)
(0.4369)
(0.0106)
G4(-1.0632)
(-0.2033)
(-0.3076)
A1(0.3449)
(9.9345)
(0.1964)
A2(6.1962)
(8.4132)
(2.3798)
A3(2.6288)
(8.7293)
(-3.3567)
A4(3.5865)
(12.0380)
(-1.5754)
G1(0.0729)
(1.2148)
(-0.1543)
G2(1.4335)
(-0.7630)
(-1.7358)
G3(0.1953)
(0.4842)
(-0.0021)
G4(-1.0397)
(-0.9019)
(0.0543)
A1(0.4790)
(10.7105)
(-0.8383)
A2(4.5969)
(8.6718)
(1.9489)
A3(2.6288)
(8.7580)
(-3.0119)
A4(1.3838)
(10.4962)
(-4.9608)
G1(0.1708)
(0.0208)
(-0.1250)
G2(1.1542)
(1.9113)
(-1.0291)
G3(0.0639)
(0.7152)
(-0.2299)
G4(-0.4337)
(0.4347)
(-0.2112)
A1(-1.2502)
(9.1969)
(-0.7568)
A2(4.9368)
(9.2129)
(1.2881)
A3(2.0830)
(9.0405)
(-4.2425)
A4(2.0063)
(9.4906)
(-5.3295)
G1(0.0889)
(0.3709)
(-0.0905)
G2(1.1957)
(0.7982)
(-0.7764)
G3(-0.1554)
(-0.1586)
(-0.0591)
G4(-0.6806)
(0.0947)
(-0.0021)
A1(-0.2682)
(9.5130)
(0.1916)
A2(2.7773)
(9.6151)
(0.1006)
A3(0.7326)
(9.1746)
(-2.6863)
A4(1.8148)
(9.4236)
(-2.1069)
G1(0.7423)
(1.0477)
(0.1320)
G2(0.6486)
(1.1962)
(-0.3368)
G3(-0.1458)
(-0.1027)
(-0.2070)
G4(-0.4156)
(-0.1830)
(-0.3139)
