A1(-0.9532)
(9.4747)
(2.5435)
A2(0.7853)
(8.2408)
(1.6281)
A3(-3.3710)
(8.6191)
(-3.3327)
A4(1.1013)
(8.5665)
(-5.4396)
G1(-0.1293)
(0.1431)
(0.0612)
G2(-1.0477)
(0.0585)
(0.2246)
G3(0.0458)
(0.5678)
(-0.1064)
G4(0.5757)
(-0.1075)
(-0.1054)
A1(-5.3169)
(8.9957)
(3.9470)
A2(-0.2538)
(11.1953)
(1.0822)
A3(-1.0487)
(9.2608)
(-2.5905)
A4(-0.5746)
(8.4467)
(-6.9001)
G1(-1.1935)
(0.1804)
(0.2150)
G2(-0.6545)
(0.4087)
(0.3459)
G3(0.1697)
(0.2916)
(-0.0819)
G4(0.3443)
(0.3235)
(-0.2703)
A1(-6.4091)
(6.5624)
(6.3133)
A2(2.3846)
(9.1267)
(0.9720)
A3(-3.8547)
(10.2424)
(-2.4421)
A4(0.8140)
(7.4939)
(-6.8570)
G1(-2.7814)
(1.6751)
(-0.0101)
G2(-0.5843)
(0.3996)
(0.1208)
G3(0.3336)
(0.5007)
(0.1288)
G4(-0.0005)
(-0.4177)
(-0.2128)
A1(-11.1464)
(12.6361)
(9.9298)
A2(0.3112)
(10.7260)
(2.3798)
A3(-10.3238)
(15.8640)
(-0.5219)
A4(-2.4134)
(10.1514)
(-4.5921)
G1(-2.9357)
(-0.1043)
(-0.7976)
G2(-0.2645)
(0.3113)
(0.3262)
G3(1.5330)
(-0.5470)
(0.1107)
G4(-0.4975)
(0.2272)
(-0.0846)
A1(-8.6221)
(11.9272)
(2.6249)
A2(-1.8962)
(15.7347)
(1.5083)
A3(-7.3598)
(14.1402)
(-12.7515)
A4(-0.0622)
(8.1355)
(-6.0861)
G1(-1.7267)
(6.0671)
(-3.0320)
G2(0.2208)
(0.9839)
(1.0461)
G3(2.3605)
(-0.9998)
(-0.1506)
G4(-0.5704)
(1.6256)
(-0.0974)
A1(-3.5925)
(11.4099)
(-0.0910)
A2(-1.2785)
(8.3749)
(1.1827)
A3(-17.1616)
(5.1858)
(-11.1953)
A4(-0.4214)
(10.3860)
(-5.9951)
G1(0.8375)
(3.9664)
(-3.0793)
G2(0.7779)
(0.5811)
(0.5151)
G3(3.3241)
(-1.9555)
(-2.5472)
G4(-0.7423)
(1.0195)
(0.1048)
A1(-8.9191)
(9.6902)
(4.5122)
A2(1.5036)
(10.9415)
(3.5769)
A3(-4.4772)
(-9.8162)
(-4.5107)
A4(1.4030)
(9.3422)
(0.3687)
G1(4.7693)
(4.7629)
(-3.5114)
G2(0.0303)
(2.1487)
(0.2464)
G3(2.2269)
(-5.2833)
(-4.8028)
G4(-0.7875)
(0.7913)
(0.1144)
A1(-3.0225)
(-9.2687)
(2.9363)
A2(6.1339)
(10.4435)
(3.0311)
A3(-7.3789)
(-1.2163)
(-11.7124)
A4(4.8602)
(7.9152)
(-3.8116)
G1(2.0784)
(-1.9848)
(-2.2301)
G2(1.5745)
(-0.3485)
(0.9307)
G3(-0.0803)
(-0.6045)
(-5.0865)
G4(-0.2405)
(0.1086)
(0.4592)
A1(3.7746)
(2.3998)
(17.9722)
A2(-0.7805)
(8.5377)
(8.2983)
A3(1.1013)
(9.7444)
(-10.9798)
A4(13.4315)
(7.3119)
(-2.8443)
G1(-0.2240)
(-0.7684)
(1.6778)
G2(1.3324)
(0.1117)
(0.4119)
G3(-0.8657)
(2.7287)
(-4.1111)
G4(-0.4257)
(-0.9599)
(0.1250)
A1(-1.5041)
(-0.6850)
(3.4392)
A2(11.0899)
(8.0732)
(-1.2067)
A3(-20.0299)
(5.4875)
(-3.0742)
A4(-0.9864)
(9.3278)
(-3.2944)
G1(-2.7143)
(1.5559)
(0.9796)
G2(-0.2841)
(-1.3441)
(-0.5209)
G3(-0.2597)
(-2.2844)
(0.9626)
G4(0.1314)
(0.9147)
(-0.4315)
A1(-10.0591)
(4.5505)
(1.7771)
A2(-0.3783)
(9.7827)
(4.5969)
A3(-3.3327)
(-2.9497)
(-3.6344)
A4(1.5706)
(9.6055)
(-0.9816)
G1(-1.0797)
(-3.7572)
(2.1226)
G2(0.1325)
(1.4798)
(0.4454)
G3(0.9408)
(-1.9066)
(2.0284)
G4(0.2176)
(0.0144)
(-0.2171)
A1(-8.3490)
(4.3302)
(2.4142)
A2(4.6783)
(10.7787)
(3.0215)
A3(-16.8983)
(-0.6895)
(-3.9696)
A4(1.0247)
(9.2560)
(-3.5482)
G1(-0.1884)
(0.8540)
(2.2460)
G2(-0.1213)
(-0.8258)
(-0.5720)
G3(1.4410)
(0.8822)
(2.4546)
G4(0.2490)
(-1.6299)
(0.2054)
A1(-9.4124)
(7.3527)
(2.6297)
A2(-1.2737)
(7.3981)
(3.8020)
A3(-3.7781)
(-3.6200)
(-3.8499)
A4(0.2251)
(9.1698)
(-4.8507)
G1(0.2607)
(-1.8693)
(2.7085)
G2(0.0782)
(-0.2251)
(-0.3225)
G3(-0.1043)
(2.6270)
(1.9491)
G4(0.2522)
(-1.2792)
(0.1644)
A1(-6.7827)
(6.3947)
(4.2057)
A2(3.3902)
(10.0604)
(1.9106)
A3(-8.2600)
(1.6759)
(-5.6024)
A4(2.0016)
(8.6431)
(-5.3678)
G1(0.2187)
(-0.4294)
(1.6852)
G2(-0.0005)
(-0.8471)
(-0.5321)
G3(-1.0610)
(3.3661)
(1.4910)
G4(-0.0697)
(-0.3076)
(-0.1293)
A1(-6.5767)
(9.1154)
(7.3815)
A2(0.1676)
(9.8258)
(0.7326)
A3(-6.5745)
(6.0908)
(-6.9767)
A4(1.1061)
(9.2320)
(-3.6057)
G1(0.9998)
(-1.7938)
(1.2568)
G2(0.2208)
(-0.7008)
(-0.4704)
G3(-1.3920)
(0.4236)
(2.8229)
G4(-0.2304)
(-1.4606)
(0.0463)
A1(-9.2735)
(8.5790)
(3.8272)
A2(3.0358)
(9.6965)
(1.2977)
A3(-6.6990)
(8.4994)
(-7.0485)
A4(-0.3208)
(9.0309)
(-4.3958)
G1(1.6416)
(-1.9571)
(1.2851)
G2(0.4715)
(-0.1399)
(-0.1878)
G3(-1.1877)
(0.1378)
(2.5733)
G4(-0.1000)
(-0.0372)
(-0.1756)
A1(-5.5612)
(9.4843)
(4.7038)
A2(0.6991)
(9.0980)
(0.4836)
A3(-7.0198)
(9.8114)
(-5.8993)
A4(0.1149)
(9.7492)
(-2.7007)
G1(0.7753)
(-0.0825)
(0.5843)
G2(-0.2331)
(-1.6863)
(-0.2937)
G3(-0.8003)
(1.1164)
(1.3058)
G4(-0.0325)
(-0.0357)
(-0.1985)
A1(-5.1780)
(8.5119)
(3.6835)
A2(-1.4700)
(9.2656)
(1.2019)
A3(-5.3774)
(8.9352)
(-4.9416)
A4(0.7422)
(9.5098)
(-3.2657)
G1(1.3457)
(-1.0722)
(0.4938)
G2(0.3400)
(0.3033)
(-0.2065)
G3(-0.7184)
(1.3319)
(0.3294)
G4(0.0846)
(0.0559)
(0.0096)
A1(-4.5074)
(9.3741)
(1.8490)
A2(0.5459)
(9.2033)
(1.7095)
A3(-3.9648)
(8.8202)
(-5.1811)
A4(-0.6943)
(9.4715)
(-4.3000)
G1(1.0222)
(0.1272)
(0.2432)
G2(0.0452)
(0.9706)
(-0.2464)
G3(-0.7593)
(1.1190)
(0.0772)
G4(0.1325)
(0.0490)
(0.0809)
A1(-3.9278)
(9.8340)
(3.4584)
A2(0.0239)
(9.4763)
(0.9337)
A3(-1.0822)
(9.9024)
(-2.7821)
A4(0.2873)
(9.0357)
(-5.0374)
G1(1.1685)
(-0.0463)
(0.1820)
G2(0.0862)
(-0.5497)
(0.0314)
G3(-0.8466)
(1.2372)
(-0.2283)
G4(0.1410)
(0.0639)
(0.1873)
