A1(2.1172)
(7.6497)
(-1.2119)
A2(1.7765)
(9.3709)
(-0.5650)
A3(1.7190)
(9.2847)
(-1.6616)
A4(1.9872)
(11.4586)
(-1.2737)
G1(-0.8732)
(0.5710)
(-0.0772)
G2(0.0005)
(0.4129)
(-0.0362)
G3(0.0857)
(-0.0686)
(0.0575)
G4(-0.0096)
(-0.7226)
(0.0463)
A1(4.1434)
(9.1298)
(-2.7399)
A2(3.1316)
(8.5760)
(-0.3831)
A3(0.4022)
(9.4379)
(-1.1684)
A4(4.7501)
(16.0028)
(-1.8292)
G1(-1.7618)
(-0.9184)
(0.1256)
G2(0.1974)
(-0.2400)
(0.2506)
G3(0.3453)
(0.4805)
(0.0117)
G4(0.9956)
(0.9780)
(-0.7019)
A1(-3.9805)
(10.1357)
(-1.8681)
A2(3.7589)
(7.3837)
(2.9592)
A3(1.0247)
(7.1491)
(-3.9696)
A4(-0.4118)
(11.5496)
(-4.1563)
G1(-0.3858)
(-1.9257)
(-0.3171)
G2(-1.6006)
(0.1155)
(0.0995)
G3(0.5954)
(-0.8349)
(0.0011)
G4(1.1350)
(-0.8487)
(1.0935)
A1(6.8210)
(15.5149)
(7.8221)
A2(12.4451)
(5.8131)
(5.3965)
A3(1.1923)
(10.0221)
(-3.7206)
A4(-2.1931)
(3.0071)
(-14.2551)
G1(-0.6779)
(-1.6128)
(-0.3411)
G2(-4.4511)
(-0.8822)
(0.9716)
G3(0.1799)
(-1.2004)
(-0.0170)
G4(2.1955)
(1.8475)
(3.9259)
A1(-3.2045)
(8.7610)
(0.1677)
A2(3.7589)
(10.5489)
(9.2320)
A3(6.1914)
(8.8681)
(-3.6919)
A4(5.1427)
(-2.5139)
(-8.8777)
G1(-0.5912)
(-4.0510)
(-0.8934)
G2(-4.1888)
(-3.3257)
(2.1801)
G3(0.0686)
(-1.0009)
(0.1751)
G4(2.9149)
(3.2501)
(5.1684)
A1(-0.3880)
(5.1110)
(10.6483)
A2(10.4914)
(8.9256)
(6.3015)
A3(4.5346)
(8.1451)
(-5.5019)
A4(5.1140)
(-8.7963)
(-2.5187)
G1(-0.0468)
(-0.8402)
(-0.4741)
G2(-3.4795)
(-2.7665)
(2.8580)
G3(-0.8721)
(-2.3466)
(0.4220)
G4(0.6614)
(5.0583)
(3.3587)
A1(-2.8165)
(9.5418)
(4.3685)
A2(7.1491)
(4.3048)
(1.9201)
A3(2.1117)
(9.7109)
(1.6137)
A4(2.1117)
(-7.8626)
(-10.9176)
G1(0.0394)
(-1.4596)
(-0.4321)
G2(-0.7726)
(-3.3582)
(1.8007)
G3(-1.0259)
(-1.9294)
(0.0702)
G4(-1.4755)
(-0.5252)
(4.6177)
A1(0.6754)
(8.7131)
(5.9349)
A2(8.0876)
(0.7183)
(-2.6528)
A3(0.9625)
(9.1937)
(-1.6424)
A4(-57.6332)
(-56.5223)
(-35.1086)
G1(0.2160)
(-0.5992)
(-0.7992)
G2(3.9142)
(-3.0666)
(1.5399)
G3(-0.0990)
(-0.9823)
(-0.4017)
G4(-3.2464)
(5.6367)
(1.0467)
A1(-7.1803)
(15.1892)
(-0.0719)
A2(5.3917)
(-5.5115)
(8.4324)
A3(2.4612)
(8.8538)
(-0.3783)
A4(3.3088)
(-4.8171)
(-7.3885)
G1(0.3884)
(0.9504)
(0.7827)
G2(2.9867)
(-6.7323)
(1.4692)
G3(-0.0372)
(-1.3484)
(0.7322)
G4(-2.9016)
(1.0068)
(-1.8267)
A1(-0.0287)
(7.0701)
(2.8261)
A2(53.2854)
(25.5701)
(-41.9273)
A3(4.7214)
(6.5984)
(-8.4180)
A4(5.7892)
(6.7612)
(-4.9512)
G1(0.4906)
(1.1345)
(-0.0160)
G2(3.1538)
(-4.3287)
(3.6865)
G3(0.5736)
(2.2971)
(-0.4949)
G4(0.5523)
(3.8254)
(-4.9790)
A1(0.9915)
(9.7094)
(2.7974)
A2(-7.1539)
(-4.7740)
(7.7093)
A3(-1.8292)
(8.8442)
(-4.4245)
A4(10.6686)
(-1.1827)
(-6.9432)
G1(0.2240)
(0.7934)
(0.1681)
G2(-2.8968)
(-6.6551)
(0.5215)
G3(-0.0745)
(1.1472)
(-0.2426)
G4(0.4012)
(-2.2285)
(-3.0639)
A1(-1.3125)
(9.9154)
(2.2561)
A2(15.6341)
(2.7485)
(-0.2203)
A3(2.7102)
(9.1650)
(-1.0822)
A4(8.1690)
(-4.1611)
(-7.3550)
G1(0.3624)
(1.2228)
(0.3092)
G2(-2.5653)
(4.8800)
(-2.8697)
G3(0.3565)
(1.0382)
(-0.0484)
G4(-0.9764)
(-2.3088)
(-4.2298)
A1(0.2730)
(9.6950)
(1.8394)
A2(8.9304)
(2.6240)
(-0.6800)
A3(1.4222)
(8.9160)
(-5.3870)
A4(3.3423)
(4.4867)
(-8.8825)
G1(0.7460)
(-0.2618)
(0.3076)
G2(-1.4032)
(-0.7939)
(-1.7773)
G3(0.3640)
(0.8141)
(-0.0122)
G4(-1.0743)
(-1.1323)
(-3.3241)
A1(-2.0406)
(8.5742)
(-0.7329)
A2(8.1211)
(4.7645)
(1.4557)
A3(1.2929)
(8.9974)
(-4.0558)
A4(2.9544)
(7.0294)
(-9.5050)
G1(-0.1373)
(2.1061)
(-0.2464)
G2(0.8892)
(3.5699)
(-2.5110)
G3(0.1905)
(0.8913)
(-0.2778)
G4(-1.1792)
(-1.7044)
(-1.1733)
A1(-2.1699)
(9.2400)
(0.8622)
A2(6.3638)
(7.0677)
(4.9752)
A3(1.2019)
(8.4707)
(-4.1420)
A4(2.1500)
(8.5712)
(-8.8729)
G1(0.4432)
(0.7380)
(-0.4166)
G2(1.0137)
(0.0181)
(-2.2865)
G3(0.0399)
(0.7375)
(-0.1383)
G4(-1.2670)
(-0.8200)
(-0.7295)
A1(-1.0251)
(8.5215)
(-1.2310)
A2(5.7557)
(8.1259)
(1.4365)
A3(2.1691)
(9.3278)
(-2.4517)
A4(1.9058)
(7.9440)
(-5.9951)
G1(0.4459)
(0.8402)
(0.0410)
G2(1.0509)
(0.9057)
(-2.3376)
G3(-0.2251)
(0.4161)
(-0.1495)
G4(-1.2441)
(-0.4491)
(-0.0846)
A1(-2.5866)
(9.1490)
(-0.6131)
A2(7.5944)
(9.2081)
(2.4229)
A3(2.9449)
(8.9208)
(-2.9113)
A4(2.3942)
(10.1562)
(-4.4867)
G1(0.2756)
(0.2884)
(-0.3837)
G2(0.9073)
(0.0261)
(-1.2100)
G3(-0.0271)
(0.4342)
(-0.1729)
G4(-0.9679)
(-0.9876)
(-0.6774)
A1(-0.3545)
(9.1202)
(-0.5556)
A2(3.7541)
(8.3606)
(2.6480)
A3(3.4860)
(9.0022)
(-2.6432)
A4(0.5794)
(9.4475)
(-4.8123)
G1(0.3528)
(0.0176)
(-0.1612)
G2(1.3457)
(1.4160)
(-1.1855)
G3(0.1144)
(0.3868)
(-0.1644)
G4(-0.7705)
(0.0676)
(0.1219)
A1(-0.7377)
(9.1825)
(-1.2454)
A2(3.5578)
(9.5960)
(0.7709)
A3(1.8148)
(8.8298)
(-2.6815)
A4(1.3216)
(9.4427)
(-3.9409)
G1(-0.1373)
(0.6609)
(-0.2490)
G2(1.0557)
(0.8546)
(-0.3618)
G3(0.0607)
(-0.0803)
(-0.1719)
G4(-0.4049)
(0.0777)
(-0.2724)
A1(-0.9867)
(9.6855)
(-1.4035)
A2(2.4804)
(9.8019)
(0.0575)
A3(0.6321)
(9.1842)
(-3.2753)
A4(-0.5124)
(9.2512)
(-3.6871)
G1(0.2719)
(0.0553)
(-0.5060)
G2(0.9179)
(1.2036)
(-0.2581)
G3(0.2469)
(0.0080)
(-0.2187)
G4(-0.2214)
(-0.4720)
(-0.0905)
