A1(-0.1820)
(9.1442)
(-1.8298)
A2(1.4748)
(9.1219)
(0.1101)
A3(2.5762)
(8.8585)
(-3.2130)
A4(0.8906)
(9.1363)
(-3.9792)
G1(-0.2639)
(0.2187)
(0.0899)
G2(0.0527)
(0.5704)
(0.0090)
G3(0.0181)
(0.2272)
(-0.0830)
G4(-0.1591)
(-0.0080)
(0.0138)
A1(-1.2454)
(9.2975)
(-0.5604)
A2(3.4093)
(9.4140)
(0.9337)
A3(2.4804)
(9.1171)
(-2.4756)
A4(1.2881)
(8.6718)
(-5.5067)
G1(-0.3565)
(0.4055)
(0.0080)
G2(0.0585)
(0.0314)
(0.0122)
G3(-0.0952)
(-0.0117)
(-0.0186)
G4(-0.3485)
(-0.0447)
(0.0745)
A1(0.2491)
(7.5443)
(-0.4215)
A2(2.0973)
(9.3470)
(0.5938)
A3(1.1779)
(9.8689)
(-0.8811)
A4(1.0678)
(9.4619)
(-3.2322)
G1(-1.4149)
(0.5140)
(0.2134)
G2(0.0277)
(-0.0479)
(0.0468)
G3(0.1990)
(0.1389)
(0.0298)
G4(-0.3884)
(0.3448)
(-0.1735)
A1(2.1028)
(11.5105)
(-2.7255)
A2(3.2609)
(9.4140)
(0.0766)
A3(0.7566)
(8.9112)
(-2.2984)
A4(4.1132)
(13.8864)
(7.2544)
G1(-0.9126)
(-1.6730)
(0.0750)
G2(0.5422)
(0.0841)
(0.2368)
G3(0.8418)
(-0.2400)
(0.1506)
G4(0.5172)
(0.1378)
(-0.5736)
A1(-5.3313)
(8.6077)
(-2.3232)
A2(4.7453)
(8.7101)
(0.9242)
A3(2.7821)
(7.2305)
(-6.3973)
A4(11.3485)
(20.7051)
(-10.6590)
G1(-0.0740)
(-2.2572)
(-0.5023)
G2(0.4119)
(-0.2256)
(0.3267)
G3(0.3485)
(-0.3374)
(0.0394)
G4(1.5320)
(0.4597)
(1.0664)
A1(3.6500)
(10.9548)
(4.7134)
A2(12.3206)
(11.6981)
(9.5816)
A3(-1.9154)
(9.9168)
(-1.5467)
A4(0.6560)
(8.3414)
(-13.7714)
G1(-0.2847)
(-0.5896)
(0.1644)
G2(-3.6982)
(-1.5341)
(0.6481)
G3(-0.3198)
(-0.4012)
(0.1591)
G4(3.8472)
(1.6134)
(1.5405)
A1(-1.0251)
(9.3981)
(0.9053)
A2(3.2848)
(10.9942)
(6.6415)
A3(2.1739)
(8.2456)
(-4.7309)
A4(0.7470)
(-2.4565)
(-8.6383)
G1(0.1309)
(-2.7574)
(-0.7779)
G2(-4.2787)
(-2.4211)
(2.9298)
G3(-0.1421)
(-1.0073)
(-0.1639)
G4(2.1497)
(3.0352)
(6.8440)
A1(0.7808)
(10.9740)
(4.3494)
A2(10.0126)
(7.2305)
(3.9121)
A3(3.0502)
(8.0158)
(-4.5633)
A4(5.3295)
(-12.1482)
(-3.7637)
G1(0.6119)
(-1.7874)
(-0.3555)
G2(-2.8181)
(-1.7097)
(3.1134)
G3(-0.6955)
(-1.7804)
(0.1181)
G4(1.1589)
(2.7867)
(5.0327)
A1(-9.0675)
(3.1279)
(1.5903)
A2(7.5848)
(3.2944)
(0.0096)
A3(4.6256)
(6.8809)
(-2.5043)
A4(6.0238)
(3.3662)
(1.6376)
G1(0.1884)
(0.0639)
(-0.0490)
G2(-0.2309)
(-2.5222)
(2.1849)
G3(-1.3462)
(-3.0032)
(0.3677)
G4(-1.9656)
(-0.7184)
(1.9832)
A1(-0.7856)
(9.7429)
(4.2967)
A2(3.6536)
(2.9113)
(0.1676)
A3(-14.7339)
(14.9255)
(0.6033)
A4(33.1597)
(14.4993)
(-20.1352)
G1(0.0670)
(-0.4693)
(0.0553)
G2(4.7299)
(-4.5996)
(1.2505)
G3(-0.2863)
(1.5064)
(-0.8157)
G4(0.6290)
(-0.9381)
(1.1722)
A1(-1.7244)
(10.1597)
(0.8095)
A2(2.7485)
(-2.0734)
(8.2313)
A3(-1.0008)
(9.4379)
(-2.0494)
A4(5.9616)
(2.2841)
(-4.0701)
G1(0.4566)
(1.0467)
(0.3810)
G2(-3.6354)
(9.4700)
(-3.6998)
G3(0.6412)
(1.8427)
(-0.2666)
G4(0.4624)
(-0.0394)
(-1.5075)
A1(-0.8622)
(9.2065)
(2.6489)
A2(2.9928)
(-0.4453)
(11.3772)
A3(-0.8332)
(9.1123)
(-3.6392)
A4(12.0572)
(-2.5426)
(-7.2209)
G1(0.3805)
(1.0142)
(0.0644)
G2(-0.7428)
(-1.7155)
(-0.6545)
G3(0.1368)
(1.2616)
(-0.0952)
G4(-0.2533)
(-2.1109)
(-4.1414)
A1(0.0431)
(9.4412)
(1.6909)
A2(14.1545)
(5.1044)
(-0.9050)
A3(0.5315)
(9.2129)
(-2.1261)
A4(7.2688)
(0.4836)
(-8.3079)
G1(0.4145)
(1.2015)
(-0.0484)
G2(-1.3862)
(2.7409)
(-2.0598)
G3(0.1224)
(1.4851)
(-0.0825)
G4(-1.2239)
(-2.0252)
(-4.8742)
A1(-0.3784)
(10.5764)
(0.4072)
A2(7.5274)
(3.0071)
(0.3879)
A3(2.4469)
(9.3948)
(-1.7957)
A4(6.1196)
(8.5569)
(-9.5720)
G1(0.3560)
(0.3799)
(0.0612)
G2(0.0261)
(0.7583)
(-2.2173)
G3(-0.1027)
(0.7774)
(0.0484)
G4(-0.2384)
(-1.4761)
(-2.3695)
A1(-0.2012)
(9.4747)
(0.2539)
A2(7.0820)
(6.5601)
(5.8658)
A3(1.2354)
(9.4092)
(-2.2889)
A4(4.8842)
(8.9639)
(-9.3901)
G1(0.4752)
(0.4459)
(-0.0633)
G2(1.0163)
(3.0368)
(-3.0245)
G3(-0.0873)
(0.4848)
(0.0442)
G4(-0.8205)
(-1.7911)
(-1.1217)
A1(-1.2215)
(10.0782)
(-1.1113)
A2(8.4180)
(7.5896)
(3.0119)
A3(0.8188)
(9.3518)
(-2.6288)
A4(4.3862)
(12.2487)
(-4.3096)
G1(0.2916)
(0.9796)
(0.0458)
G2(1.4505)
(-0.7327)
(-2.6882)
G3(0.0149)
(0.3778)
(-0.0410)
G4(-0.9259)
(-1.3707)
(-0.4874)
A1(-0.5221)
(9.6423)
(-3.1231)
A2(3.9409)
(9.0309)
(1.8004)
A3(1.7621)
(9.1698)
(-3.2848)
A4(2.6336)
(9.6151)
(-6.9911)
G1(0.2634)
(0.1309)
(-0.0564)
G2(1.9848)
(1.3085)
(-1.9529)
G3(0.1474)
(0.4353)
(-0.1235)
G4(-0.7524)
(-0.1171)
(-0.1256)
A1(-0.7760)
(9.3070)
(-2.1459)
A2(4.5538)
(11.1666)
(1.8531)
A3(2.4852)
(8.4180)
(-4.1420)
A4(-3.2130)
(10.0221)
(-1.5610)
G1(0.2762)
(0.3124)
(-0.3129)
G2(1.2978)
(1.0589)
(-0.9567)
G3(0.0074)
(0.0500)
(-0.1048)
G4(-0.5220)
(-0.1421)
(-0.0601)
A1(-1.9639)
(9.0244)
(-0.8047)
A2(3.4907)
(9.4763)
(-0.2825)
A3(2.1356)
(9.2129)
(-2.8683)
A4(2.5618)
(10.0365)
(-3.0454)
G1(-0.3070)
(0.2677)
(0.0277)
G2(1.1132)
(1.0142)
(0.4310)
G3(-0.1926)
(-0.1788)
(-0.1948)
G4(-0.2081)
(-0.1745)
(-0.1096)
A1(-1.5568)
(9.0867)
(0.1677)
A2(0.9098)
(9.9695)
(-0.2059)
A3(0.8475)
(9.3805)
(-1.6281)
A4(-0.5698)
(9.2895)
(-3.8499)
G1(-0.1469)
(-0.0958)
(-0.0032)
G2(-0.0372)
(0.0639)
(-0.5768)
G3(-0.1022)
(-0.2240)
(-0.2559)
G4(-0.1724)
(-0.2187)
(-0.1804)
