A1(2.4525)
(7.9227)
(0.0192)
A2(1.2737)
(9.4763)
(0.0718)
A3(1.9058)
(9.5433)
(-1.1588)
A4(2.7054)
(9.9455)
(-2.9257)
G1(-0.9514)
(0.1884)
(0.1506)
G2(0.0521)
(0.6588)
(0.0633)
G3(0.3480)
(-0.0309)
(0.1224)
G4(-0.1144)
(-0.0011)
(0.0580)
A1(2.4525)
(9.3645)
(-1.8729)
A2(2.7869)
(8.9447)
(0.5076)
A3(2.5187)
(8.5329)
(-3.1029)
A4(6.8522)
(11.3246)
(2.5331)
G1(-1.3149)
(-1.1366)
(0.1011)
G2(0.2043)
(-0.2107)
(0.3757)
G3(0.4182)
(-0.2613)
(0.2623)
G4(0.7833)
(0.3155)
(-0.6492)
A1(1.8106)
(9.4460)
(1.6909)
A2(3.2465)
(6.5027)
(5.2002)
A3(4.2521)
(8.0493)
(-4.8219)
A4(1.3743)
(12.7036)
(-3.9935)
G1(-1.2201)
(-1.7209)
(-0.4124)
G2(-1.8502)
(-0.2852)
(0.1878)
G3(0.3054)
(-0.6135)
(0.1570)
G4(0.8477)
(-0.6274)
(0.5699)
A1(-1.9639)
(11.0123)
(1.1927)
A2(13.1729)
(8.7197)
(5.6264)
A3(5.2337)
(8.6957)
(-5.0853)
A4(2.9018)
(1.6616)
(-14.1306)
G1(-0.6220)
(-2.4610)
(-0.8157)
G2(-3.6130)
(-2.3652)
(0.9498)
G3(0.1330)
(-1.1557)
(0.1075)
G4(2.0795)
(1.2414)
(3.5934)
A1(1.0442)
(8.5502)
(3.9039)
A2(9.4284)
(7.7907)
(9.1794)
A3(3.4285)
(7.7333)
(-7.6279)
A4(1.9489)
(-5.6168)
(-5.9616)
G1(-0.2613)
(-0.7258)
(-0.8413)
G2(-4.4979)
(-3.0751)
(2.0518)
G3(-0.5747)
(-1.5261)
(0.2698)
G4(3.2241)
(3.5439)
(4.5230)
A1(-1.1544)
(6.9551)
(5.4942)
A2(9.6869)
(5.8514)
(5.9472)
A3(3.8978)
(7.1108)
(-2.3224)
A4(2.9592)
(-11.1043)
(0.1580)
G1(0.3315)
(0.1229)
(-0.0128)
G2(-2.9947)
(-2.4860)
(2.3589)
G3(-1.5091)
(-2.0476)
(0.0202)
G4(-0.1495)
(4.7182)
(4.1239)
A1(-16.4777)
(4.0524)
(-0.6179)
A2(0.4645)
(1.2546)
(-0.7183)
A3(1.1444)
(9.4236)
(-0.7614)
A4(10.2041)
(22.3187)
(6.2297)
G1(0.3241)
(1.1472)
(0.6949)
G2(3.2342)
(-3.1560)
(1.5586)
G3(-0.7646)
(-1.5804)
(-0.4464)
G4(-0.3193)
(-3.9446)
(0.1857)
A1(-2.2465)
(7.8605)
(6.9743)
A2(6.3351)
(3.9361)
(-3.4860)
A3(-13.4315)
(10.6446)
(-6.8139)
A4(7.8243)
(-1.8579)
(-13.5033)
G1(0.0889)
(-2.1705)
(-0.2203)
G2(5.3105)
(-2.1386)
(-0.4619)
G3(0.3863)
(2.2673)
(-0.6476)
G4(0.6747)
(-0.3730)
(-0.8753)
A1(-1.0969)
(8.7083)
(1.9160)
A2(-1.5514)
(-5.3103)
(12.2583)
A3(1.8435)
(10.2520)
(1.1157)
A4(5.0326)
(-4.3479)
(-3.0119)
G1(0.5177)
(1.1563)
(0.2645)
G2(-1.9225)
(3.7881)
(-0.4087)
G3(-0.0490)
(-0.5305)
(0.2054)
G4(-1.0988)
(0.5731)
(-1.7395)
A1(-3.8416)
(8.8568)
(2.1699)
A2(17.5256)
(-5.9472)
(1.9585)
A3(0.9050)
(9.6391)
(-1.6041)
A4(-0.2251)
(8.4372)
(-5.3391)
G1(0.6609)
(0.6715)
(0.1751)
G2(-0.8540)
(-1.1025)
(0.2794)
G3(0.2043)
(1.2691)
(-0.0521)
G4(1.2116)
(-0.4252)
(-3.0203)
A1(-1.5568)
(11.6302)
(1.3508)
A2(13.8481)
(3.4620)
(2.3942)
A3(0.3831)
(10.4196)
(1.8148)
A4(8.8011)
(-4.8985)
(-7.7285)
G1(0.1948)
(0.5151)
(0.2538)
G2(-0.6657)
(1.8464)
(-2.4780)
G3(0.7184)
(2.2955)
(-0.1442)
G4(-1.0030)
(-2.9894)
(-4.4187)
A1(0.4551)
(10.8399)
(-0.0527)
A2(6.9719)
(6.3446)
(-1.0870)
A3(2.8874)
(7.4460)
(-5.3391)
A4(3.3423)
(2.5043)
(-7.9296)
G1(0.5108)
(0.5779)
(0.2395)
G2(-1.3691)
(2.8186)
(-2.4392)
G3(0.5965)
(0.8104)
(0.1250)
G4(-1.8454)
(-2.0343)
(-2.9559)
A1(-0.3928)
(9.9537)
(0.4598)
A2(10.6015)
(5.6264)
(0.3879)
A3(1.5850)
(8.3318)
(-4.5777)
A4(3.9935)
(5.9424)
(-10.2041)
G1(0.5811)
(1.4660)
(-0.0995)
G2(2.0705)
(3.0506)
(-2.2812)
G3(0.1463)
(0.7801)
(-0.1703)
G4(-2.5456)
(-1.6687)
(-0.9099)
A1(2.0453)
(8.4736)
(-5.1206)
A2(7.0054)
(8.2265)
(5.8658)
A3(1.5897)
(8.5760)
(-4.5969)
A4(1.5562)
(12.1673)
(-6.1818)
G1(1.5814)
(0.6502)
(-0.2820)
G2(1.5176)
(0.4571)
(-2.3365)
G3(-0.2230)
(0.5209)
(-0.0777)
G4(-2.0449)
(-0.2097)
(-0.5273)
A1(-0.3305)
(8.2532)
(0.0192)
A2(7.1204)
(8.0780)
(1.3168)
A3(1.0965)
(9.5768)
(-2.1500)
A4(4.0031)
(12.4259)
(-3.6344)
G1(-0.3533)
(0.2586)
(0.2112)
G2(1.0153)
(0.3512)
(-1.2781)
G3(-0.0325)
(0.2708)
(-0.1383)
G4(-0.8391)
(1.1089)
(-0.4746)
A1(-0.3880)
(9.4364)
(-0.1006)
A2(5.1715)
(7.9727)
(1.8771)
A3(1.0487)
(8.7771)
(-3.2992)
A4(-0.9720)
(9.0980)
(-1.8196)
G1(0.5598)
(-0.1655)
(0.0314)
G2(1.1009)
(0.8418)
(-0.8333)
G3(0.0921)
(0.1208)
(-0.1570)
G4(-0.4401)
(0.1208)
(-0.0825)
A1(-1.3987)
(10.0591)
(0.7089)
A2(5.3534)
(12.4307)
(0.7278)
A3(1.1205)
(8.9830)
(-4.3048)
A4(0.2634)
(9.9264)
(-3.8882)
G1(0.1399)
(-0.1176)
(-0.0543)
G2(0.7242)
(0.8072)
(0.1554)
G3(-0.1713)
(-0.4432)
(-0.1048)
G4(-0.1176)
(-0.1149)
(-0.1293)
A1(-1.6334)
(9.5609)
(-0.6035)
A2(-0.4310)
(9.3470)
(0.1963)
A3(1.0487)
(8.9352)
(-3.5195)
A4(0.6704)
(9.5960)
(-3.0406)
G1(0.2410)
(-0.0500)
(-0.0341)
G2(0.0883)
(-0.2442)
(-0.3347)
G3(-0.2448)
(-0.2884)
(-0.1532)
G4(-0.0766)
(-0.3512)
(-0.1266)
A1(-1.7867)
(9.2352)
(-0.3880)
A2(1.6041)
(9.6822)
(-0.2203)
A3(0.8811)
(9.2799)
(-2.9305)
A4(0.4262)
(9.4954)
(-3.4141)
G1(0.1282)
(-0.0500)
(-0.0713)
G2(0.0420)
(-0.0878)
(-0.0952)
G3(-0.1586)
(-0.0676)
(-0.1442)
G4(-0.0686)
(-0.3342)
(-0.0357)
A1(-1.5376)
(10.1070)
(0.4167)
A2(2.6240)
(9.5385)
(-0.9050)
A3(1.1396)
(9.0501)
(-2.9592)
A4(0.0000)
(9.4188)
(-3.4285)
G1(0.3890)
(0.0591)
(-0.0096)
G2(0.0149)
(-0.0649)
(-0.0947)
G3(-0.0623)
(0.0016)
(-0.0937)
G4(-0.0559)
(-0.1011)
(-0.0303)
