A1(5.1493)
(8.9717)
(0.1102)
A2(2.0638)
(9.1219)
(0.0479)
A3(1.7190)
(8.7245)
(-3.9744)
A4(2.0446)
(11.5784)
(-1.2546)
G1(-0.2107)
(-1.3840)
(0.0208)
G2(-0.1862)
(0.3634)
(0.1538)
G3(0.2969)
(-0.0676)
(0.2538)
G4(0.5332)
(-0.0165)
(-0.0367)
A1(-1.8777)
(12.3487)
(0.3497)
A2(4.9943)
(8.9447)
(0.3591)
A3(2.1644)
(8.7101)
(-3.3567)
A4(12.3732)
(17.4633)
(-2.7964)
G1(-0.6455)
(-2.8558)
(-0.1894)
G2(0.0282)
(-1.2648)
(0.3826)
G3(0.1719)
(-0.2623)
(0.2442)
G4(2.1300)
(1.3883)
(-0.9738)
A1(-2.8836)
(8.6412)
(0.3832)
A2(3.4955)
(9.5337)
(1.9106)
A3(3.8547)
(8.2025)
(-4.5921)
A4(4.1515)
(16.9988)
(-7.2353)
G1(-0.3613)
(-1.2276)
(-0.5428)
G2(-0.3001)
(-0.8524)
(0.1591)
G3(-0.1064)
(-1.2505)
(0.2554)
G4(2.0976)
(-0.3523)
(0.1602)
A1(5.3840)
(11.5679)
(5.9780)
A2(9.2225)
(6.1579)
(5.6838)
A3(2.4373)
(8.9256)
(-4.1659)
A4(1.7238)
(6.9863)
(-14.5998)
G1(-0.1969)
(-1.5415)
(-0.3911)
G2(-3.9908)
(-1.8624)
(0.7694)
G3(-0.5843)
(-0.9551)
(0.1889)
G4(3.3693)
(2.2583)
(2.5909)
A1(-0.9867)
(10.5764)
(7.6114)
A2(6.0190)
(9.8689)
(8.1594)
A3(4.3910)
(8.0589)
(-3.8403)
A4(2.1644)
(-2.9497)
(-9.1889)
G1(0.0186)
(-0.0543)
(-0.5885)
G2(-3.6689)
(-1.5979)
(2.9117)
G3(-0.6258)
(-1.2909)
(-0.0037)
G4(3.4273)
(4.1377)
(4.5570)
A1(3.0704)
(8.8185)
(5.8247)
A2(11.4491)
(6.6750)
(5.4923)
A3(1.2354)
(9.7157)
(-1.8244)
A4(4.0893)
(-9.6055)
(-0.7614)
G1(0.1761)
(-0.5545)
(0.1080)
G2(-2.4983)
(-3.3454)
(2.6105)
G3(-0.6646)
(-1.0009)
(-0.2794)
G4(-0.1767)
(4.5996)
(2.3541)
A1(-2.3375)
(8.4209)
(4.6894)
A2(7.0629)
(6.9911)
(2.7294)
A3(2.4086)
(8.9639)
(-1.1540)
A4(3.6583)
(-5.5354)
(1.5036)
G1(0.4230)
(-0.8721)
(-0.0027)
G2(-1.3383)
(-4.2138)
(2.8122)
G3(-0.7678)
(-1.5586)
(-0.1187)
G4(-0.2602)
(0.7758)
(2.4163)
A1(-14.6575)
(6.0211)
(-1.4370)
A2(6.8378)
(1.0965)
(-2.0830)
A3(0.0335)
(9.3805)
(-1.1109)
A4(14.8728)
(14.4035)
(10.9223)
G1(0.1979)
(-0.3060)
(0.1963)
G2(2.1354)
(-1.9949)
(2.3386)
G3(-0.6348)
(-1.1291)
(-0.4715)
G4(3.6636)
(-3.8200)
(0.7960)
A1(-3.9183)
(6.3899)
(5.8199)
A2(1.3791)
(-0.0814)
(2.0734)
A3(-15.2032)
(13.7044)
(-4.1276)
A4(-0.1197)
(-4.4101)
(-5.2768)
G1(0.4374)
(-1.6506)
(0.2916)
G2(3.9190)
(-1.3021)
(-0.2639)
G3(0.1948)
(1.5511)
(-0.4326)
G4(0.8870)
(-3.7237)
(0.3677)
A1(-1.1879)
(8.7562)
(2.4812)
A2(5.7748)
(-5.0613)
(5.3103)
A3(-3.1843)
(12.0476)
(3.5386)
A4(5.9233)
(-2.2841)
(-1.4653)
G1(0.0915)
(1.0222)
(0.2959)
G2(-0.6518)
(3.3347)
(-0.9477)
G3(0.1830)
(0.3092)
(-0.0287)
G4(-0.1027)
(-0.0649)
(0.2070)
A1(-0.8574)
(9.9441)
(1.3508)
A2(22.2230)
(8.2456)
(-21.2366)
A3(-3.6775)
(10.1801)
(-0.6464)
A4(8.6670)
(1.6664)
(2.4852)
G1(0.4534)
(0.1171)
(0.2730)
G2(2.7638)
(0.3970)
(0.3485)
G3(0.7524)
(1.3723)
(0.0628)
G4(-0.3688)
(1.2052)
(-1.3500)
A1(-2.2226)
(8.5502)
(2.2178)
A2(5.5258)
(1.7095)
(5.5258)
A3(1.2258)
(9.2368)
(-3.1125)
A4(5.0901)
(3.0550)
(-7.0581)
G1(0.5741)
(0.3086)
(0.1479)
G2(1.4218)
(-0.4645)
(-0.0218)
G3(0.3347)
(0.6364)
(0.2794)
G4(1.3989)
(1.0962)
(-6.2220)
A1(-1.0011)
(9.5418)
(1.6526)
A2(10.6446)
(-0.7230)
(-2.1883)
A3(1.0439)
(9.8641)
(-1.1157)
A4(7.5561)
(-1.3455)
(-3.9792)
G1(0.2895)
(0.1293)
(0.0729)
G2(-0.2480)
(1.0680)
(-0.5640)
G3(0.3363)
(1.2281)
(0.0670)
G4(0.8285)
(-2.2833)
(-3.8541)
A1(-0.3593)
(9.7429)
(0.7089)
A2(12.8138)
(4.3191)
(-1.3743)
A3(2.2122)
(8.6191)
(-2.7677)
A4(4.3335)
(1.5131)
(-6.6367)
G1(0.5103)
(-0.0968)
(0.2889)
G2(-1.0919)
(3.7966)
(-1.0674)
G3(0.3001)
(0.2416)
(0.2799)
G4(-0.6683)
(-1.6921)
(-2.2519)
A1(-1.1544)
(9.7238)
(-0.3832)
A2(11.1666)
(0.7422)
(-3.2801)
A3(3.1316)
(8.9926)
(-2.8443)
A4(4.2952)
(4.0701)
(-7.5800)
G1(0.7620)
(0.5726)
(0.1181)
G2(0.6667)
(1.0397)
(-1.3069)
G3(0.2597)
(0.3198)
(0.2182)
G4(-0.8892)
(-1.6267)
(-1.5038)
A1(-2.1603)
(7.9036)
(-0.7712)
A2(8.8921)
(3.8882)
(3.8068)
A3(2.3511)
(8.5425)
(-4.1276)
A4(5.0039)
(4.3527)
(-8.9926)
G1(0.4289)
(0.1719)
(-0.1767)
G2(0.5161)
(1.7560)
(-1.9651)
G3(0.0037)
(0.1926)
(0.0841)
G4(-0.9477)
(-1.9145)
(-0.2027)
A1(-0.5700)
(9.1873)
(-0.3497)
A2(10.5776)
(5.0518)
(3.1508)
A3(1.3264)
(9.6247)
(-1.0343)
A4(8.7724)
(6.6607)
(-10.5632)
G1(0.1075)
(1.5335)
(-0.1011)
G2(1.1137)
(0.7396)
(-2.1668)
G3(-0.1112)
(0.6109)
(-0.0458)
G4(-1.1361)
(-1.8773)
(0.2634)
A1(-0.3209)
(9.5082)
(-0.8478)
A2(8.7197)
(6.6607)
(1.9058)
A3(3.8978)
(8.9352)
(-2.3415)
A4(4.5825)
(8.2791)
(-8.5425)
G1(0.2517)
(-0.0649)
(0.1687)
G2(1.1520)
(0.1575)
(-2.3599)
G3(0.2097)
(1.0754)
(-0.2304)
G4(-1.4553)
(-0.9557)
(0.0362)
A1(-2.5244)
(8.0521)
(-3.0273)
A2(6.0908)
(8.0254)
(3.1029)
A3(3.0215)
(9.2177)
(-3.3423)
A4(3.2465)
(9.1842)
(-6.1052)
G1(0.2746)
(0.7678)
(-0.4688)
G2(1.2297)
(-0.5651)
(-1.9795)
G3(0.1123)
(0.7194)
(-0.1815)
G4(-1.4644)
(-0.7370)
(-0.0559)
A1(-0.0287)
(11.1608)
(0.5748)
A2(5.8610)
(8.5952)
(1.8723)
A3(2.8395)
(8.7532)
(-2.9736)
A4(3.4668)
(10.2376)
(-2.7773)
G1(0.1245)
(1.1792)
(0.0367)
G2(1.3415)
(0.5523)
(-1.3415)
G3(0.0436)
(0.7716)
(-0.2538)
G4(-1.0142)
(-0.1974)
(-0.4108)
