A1(1.0442)
(9.0867)
(-1.8825)
A2(2.6193)
(9.4475)
(0.9290)
A3(1.6999)
(9.1794)
(-1.5658)
A4(8.9974)
(11.5305)
(0.4741)
G1(-1.0855)
(-0.9344)
(0.0910)
G2(0.1213)
(-0.0149)
(0.0835)
G3(0.4794)
(-0.1330)
(0.0708)
G4(0.5970)
(-0.3645)
(-0.3065)
A1(-0.5604)
(7.4246)
(-1.1400)
A2(3.9313)
(8.7867)
(2.3655)
A3(2.3463)
(7.9248)
(-6.4165)
A4(4.3287)
(11.1187)
(-6.1579)
G1(-0.7045)
(-0.1240)
(-0.3964)
G2(-0.6252)
(-0.3214)
(0.1415)
G3(0.4039)
(-0.1133)
(0.0968)
G4(0.8519)
(-0.1825)
(0.0942)
A1(2.7974)
(11.1081)
(2.0166)
A2(5.7317)
(9.6007)
(7.4364)
A3(0.8571)
(9.7205)
(-2.2793)
A4(5.2433)
(6.5170)
(-13.7427)
G1(-1.9874)
(-2.3216)
(-0.2889)
G2(-3.3289)
(-1.7006)
(1.7890)
G3(0.2134)
(-0.2661)
(0.0388)
G4(3.8270)
(0.9839)
(4.0212)
A1(0.6754)
(13.8049)
(0.6658)
A2(12.0716)
(7.3933)
(8.0302)
A3(2.5570)
(9.1028)
(-5.1667)
A4(2.5522)
(-2.8252)
(-4.3239)
G1(-1.0052)
(-2.9633)
(-1.6022)
G2(-3.9754)
(-2.6616)
(3.0932)
G3(0.1016)
(-1.6841)
(0.3108)
G4(2.1183)
(4.2957)
(2.6254)
A1(-2.2274)
(5.8151)
(5.9636)
A2(13.2304)
(3.6057)
(9.0884)
A3(3.5099)
(7.1299)
(-7.0198)
A4(4.0318)
(-3.6344)
(-0.4501)
G1(0.4869)
(-0.6737)
(-0.4560)
G2(-3.1155)
(-2.7383)
(2.3275)
G3(-0.9642)
(-2.0848)
(0.3730)
G4(-1.5969)
(3.4619)
(3.8589)
A1(-1.8921)
(9.0915)
(4.3254)
A2(4.8890)
(2.6719)
(2.1308)
A3(1.8675)
(10.6542)
(1.7669)
A4(-0.3112)
(-10.1706)
(-5.4396)
G1(0.8115)
(0.0952)
(0.0718)
G2(-0.5694)
(-3.9249)
(1.3851)
G3(-1.3207)
(-1.2483)
(-0.5130)
G4(-0.8897)
(1.0296)
(3.3278)
A1(4.8954)
(9.9106)
(4.2440)
A2(8.9543)
(-1.0582)
(-4.6064)
A3(-5.3103)
(8.8969)
(2.7102)
A4(13.9438)
(-22.4289)
(-7.7668)
G1(-0.4001)
(0.2677)
(-0.4794)
G2(3.6301)
(-2.3440)
(-0.0234)
G3(-0.4135)
(-0.5034)
(-0.3108)
G4(-0.5263)
(3.4449)
(-2.6765)
A1(-3.1183)
(10.6483)
(3.2572)
A2(10.7500)
(2.1596)
(8.9352)
A3(3.9935)
(9.6343)
(-2.0830)
A4(5.8897)
(-2.9736)
(-1.7573)
G1(0.0639)
(0.0511)
(0.1506)
G2(0.4864)
(-3.3156)
(-0.1634)
G3(0.1405)
(-0.5513)
(0.4566)
G4(-0.9653)
(0.5582)
(-0.5662)
A1(-0.6946)
(9.0388)
(3.1327)
A2(18.8711)
(4.1132)
(-13.1537)
A3(-0.7422)
(8.5569)
(-3.4524)
A4(6.5218)
(2.3894)
(-3.3854)
G1(0.3480)
(-0.6673)
(0.0069)
G2(1.4468)
(2.8835)
(-0.3241)
G3(0.1889)
(0.7875)
(-0.1304)
G4(-0.3948)
(-1.3186)
(0.9855)
A1(1.0442)
(8.6939)
(3.9614)
A2(8.1451)
(-1.4700)
(3.8642)
A3(-1.3312)
(9.4619)
(-1.6472)
A4(4.1084)
(-8.4036)
(-7.1204)
G1(0.2176)
(0.9626)
(0.1910)
G2(-0.7285)
(-1.2090)
(-0.6753)
G3(0.0788)
(1.2569)
(-0.1410)
G4(1.4053)
(-0.7503)
(-3.9414)
A1(-2.8597)
(9.9441)
(1.6047)
A2(6.7900)
(3.4812)
(-0.1149)
A3(-0.3735)
(8.9639)
(-3.2226)
A4(7.0820)
(-5.0087)
(-6.2441)
G1(0.5310)
(0.9722)
(0.4757)
G2(-2.5078)
(2.4286)
(-1.3734)
G3(0.6119)
(2.4530)
(-0.2246)
G4(-3.6721)
(-2.3716)
(-2.1455)
A1(0.0623)
(9.8196)
(1.0251)
A2(10.9607)
(5.6264)
(-1.2258)
A3(2.2027)
(8.7245)
(-3.8355)
A4(4.2569)
(-0.6273)
(-9.9551)
G1(0.4592)
(0.4225)
(-0.1431)
G2(0.1612)
(2.0093)
(-1.6400)
G3(0.1346)
(2.0859)
(-0.2421)
G4(-4.1377)
(-0.2831)
(-2.7510)
A1(-1.1113)
(9.6519)
(0.7616)
A2(7.8578)
(6.5601)
(4.8363)
A3(2.3990)
(9.1698)
(-1.7669)
A4(7.6854)
(6.5505)
(-9.6199)
G1(0.4970)
(0.3171)
(-0.1612)
G2(0.5385)
(1.0988)
(-1.3436)
G3(-0.1027)
(0.5124)
(0.1192)
G4(-2.5685)
(0.7162)
(-1.7336)
A1(0.3736)
(10.5429)
(-1.4801)
A2(9.0070)
(6.1339)
(1.6281)
A3(1.8244)
(9.4427)
(-2.4612)
A4(4.6926)
(9.6007)
(-6.7612)
G1(1.0594)
(0.2815)
(-0.5268)
G2(1.2909)
(3.1900)
(-1.5910)
G3(0.1155)
(0.4156)
(-0.0255)
G4(-1.6038)
(-0.4129)
(-1.1627)
A1(1.0011)
(9.0867)
(0.3209)
A2(4.7692)
(9.3901)
(4.4532)
A3(0.2729)
(9.1363)
(-1.9010)
A4(6.1196)
(15.0452)
(-2.9209)
G1(-0.0005)
(-0.0287)
(-0.1580)
G2(1.5405)
(1.5346)
(-1.4266)
G3(0.0670)
(0.0867)
(-0.0660)
G4(0.0782)
(-0.0213)
(-0.2150)
A1(-0.4311)
(9.9777)
(-1.8681)
A2(3.2370)
(9.3613)
(2.4756)
A3(1.5179)
(9.3757)
(-2.8970)
A4(4.9752)
(8.0732)
(-4.9704)
G1(0.4518)
(0.3565)
(0.0883)
G2(1.8049)
(1.7698)
(-1.3026)
G3(0.2528)
(0.4119)
(-0.1767)
G4(-0.2703)
(1.2228)
(-0.3017)
A1(-0.5125)
(9.9058)
(-0.9772)
A2(4.2090)
(9.1267)
(1.2498)
A3(0.9002)
(8.6670)
(-3.8499)
A4(3.1316)
(8.9878)
(-2.9066)
G1(0.1756)
(0.2331)
(-0.2075)
G2(0.9892)
(1.1568)
(-0.5784)
G3(0.0383)
(-0.0021)
(-0.1272)
G4(-0.5672)
(-0.1564)
(-0.0862)
A1(-0.4886)
(9.6663)
(-1.7388)
A2(2.4948)
(9.8928)
(-0.2107)
A3(0.8667)
(9.0261)
(-3.2657)
A4(4.5969)
(9.8067)
(-1.7573)
G1(0.1900)
(-0.3310)
(-0.1075)
G2(1.2467)
(0.9679)
(-0.0468)
G3(-0.0218)
(-0.0644)
(-0.1628)
G4(-0.2304)
(-0.4550)
(-0.0692)
A1(-1.9687)
(9.1681)
(-0.0192)
A2(3.2753)
(8.6335)
(1.1875)
A3(-0.2298)
(9.1506)
(-3.2944)
A4(2.4565)
(8.7293)
(-4.8650)
G1(0.2011)
(-0.0431)
(-0.1394)
G2(-0.2033)
(-0.2315)
(0.0043)
G3(-0.0532)
(-0.1703)
(-0.1666)
G4(-0.2006)
(-0.2815)
(-0.0968)
A1(-0.6035)
(10.1693)
(-0.8047)
A2(1.0008)
(10.0604)
(-2.0063)
A3(-0.7853)
(9.1506)
(-3.2753)
A4(2.4995)
(9.1842)
(-3.3279)
G1(0.2884)
(-0.1027)
(-0.2043)
G2(0.0484)
(-0.0670)
(-0.1815)
G3(0.0192)
(-0.1176)
(-0.1586)
G4(-0.1314)
(-0.1314)
(-0.1070)
