A1(-3.6308)
(7.5156)
(2.9507)
A2(1.2210)
(8.3606)
(1.9728)
A3(-3.6823)
(10.1370)
(-0.9098)
A4(0.3783)
(7.8530)
(-7.4077)
G1(-1.8571)
(0.1979)
(0.4667)
G2(-0.6737)
(-0.4230)
(0.2097)
G3(0.5130)
(0.6316)
(-0.0149)
G4(0.4358)
(0.7253)
(-0.2788)
A1(-12.4972)
(11.7212)
(4.4164)
A2(-1.4413)
(9.4810)
(0.1053)
A3(-5.2002)
(13.7954)
(0.5459)
A4(1.7669)
(8.8442)
(-4.9656)
G1(-3.0064)
(2.5956)
(-0.7061)
G2(-0.8423)
(1.3808)
(0.2996)
G3(1.1212)
(0.1086)
(0.0420)
G4(-0.5119)
(-0.2022)
(-0.0255)
A1(-5.0295)
(6.7156)
(10.9644)
A2(0.4788)
(9.7444)
(-0.5267)
A3(-7.5178)
(14.8776)
(-5.0805)
A4(-2.8299)
(7.0916)
(-8.7005)
G1(-3.5630)
(3.5774)
(-0.8141)
G2(-0.7615)
(1.0956)
(0.5773)
G3(0.9504)
(-0.0702)
(-0.5177)
G4(-0.4230)
(1.5341)
(-0.4108)
A1(-8.0089)
(8.2101)
(3.8895)
A2(0.9720)
(7.7428)
(-0.3496)
A3(1.3599)
(16.2040)
(-10.3621)
A4(-1.7142)
(7.8578)
(-5.9041)
G1(-1.7480)
(3.1890)
(-2.2402)
G2(-0.9887)
(-0.5646)
(0.4198)
G3(1.6277)
(-0.0282)
(-1.6219)
G4(-0.4560)
(0.6311)
(0.1905)
A1(-11.0410)
(8.5646)
(-1.4322)
A2(-4.7166)
(10.3094)
(3.1987)
A3(-8.3797)
(5.5402)
(-10.0365)
A4(1.8914)
(7.7620)
(-9.1267)
G1(0.5566)
(2.2072)
(-2.1215)
G2(0.0937)
(-0.1878)
(1.4064)
G3(3.5306)
(-1.4793)
(-0.5103)
G4(-0.6710)
(1.0759)
(-0.3523)
A1(-7.6114)
(8.3011)
(2.9698)
A2(0.8140)
(9.7875)
(3.9552)
A3(-3.9600)
(-10.9894)
(-6.2058)
A4(-2.6911)
(9.0405)
(0.5698)
G1(3.8466)
(7.3644)
(-2.8888)
G2(-0.6758)
(3.2017)
(0.2006)
G3(3.7546)
(-3.5886)
(-5.3573)
G4(-1.0382)
(2.5206)
(0.0862)
A1(-3.3003)
(8.9622)
(-0.3401)
A2(3.9935)
(13.5560)
(-0.7614)
A3(-8.6479)
(-10.5345)
(-3.7781)
A4(-1.3934)
(9.3039)
(0.1437)
G1(6.1044)
(0.5279)
(-1.7139)
G2(0.8189)
(1.7932)
(0.8535)
G3(2.1811)
(-3.6913)
(-4.1079)
G4(-0.7221)
(1.5580)
(0.3533)
A1(-4.1290)
(4.9769)
(28.8839)
A2(-1.4748)
(6.3590)
(5.0518)
A3(-9.2320)
(-5.9759)
(-12.6031)
A4(6.1148)
(8.9543)
(1.5754)
G1(-1.1653)
(3.1703)
(1.5729)
G2(1.4527)
(1.4660)
(0.2416)
G3(-0.5231)
(-0.4374)
(-3.9839)
G4(-0.3581)
(0.2650)
(-0.0500)
A1(-10.3130)
(4.6415)
(-4.0715)
A2(-4.1515)
(8.0876)
(9.7636)
A3(-22.6970)
(16.6636)
(-0.6129)
A4(-4.7262)
(10.7978)
(0.6033)
G1(-2.2375)
(1.5532)
(1.0791)
G2(-1.6905)
(-1.4713)
(-1.1738)
G3(0.3336)
(-3.7705)
(1.1579)
G4(0.3198)
(0.8375)
(-0.3858)
A1(-0.0144)
(-3.6165)
(1.4658)
A2(9.6726)
(2.4469)
(-1.2450)
A3(-11.3150)
(-0.1053)
(-12.3254)
A4(4.8411)
(8.4898)
(-0.9098)
G1(-1.1228)
(-1.6198)
(0.5912)
G2(-0.0197)
(-1.0339)
(-0.6806)
G3(0.2804)
(-0.8998)
(-0.2341)
G4(0.3118)
(-0.4390)
(-0.0782)
A1(-12.0996)
(4.3685)
(0.0144)
A2(-4.0606)
(5.7700)
(4.9368)
A3(1.4844)
(-0.5986)
(0.5555)
A4(0.9433)
(10.1849)
(-2.4517)
G1(-0.4225)
(-1.8055)
(2.7005)
G2(0.1086)
(0.6428)
(0.2144)
G3(-0.4635)
(-0.4470)
(2.0422)
G4(0.3970)
(-1.1153)
(-0.1479)
A1(-8.9574)
(3.2668)
(-0.7999)
A2(7.0581)
(7.8817)
(2.5666)
A3(-5.1236)
(2.6097)
(-4.1994)
A4(2.4325)
(9.6582)
(-3.7158)
G1(-0.3597)
(-0.4299)
(2.5009)
G2(-0.1059)
(0.3767)
(-0.7545)
G3(-0.3975)
(0.0537)
(2.5621)
G4(0.5183)
(-0.6604)
(-0.1522)
A1(-10.2938)
(6.2462)
(1.1065)
A2(-2.4900)
(7.6519)
(1.5993)
A3(-7.3215)
(-0.1245)
(-7.2784)
A4(0.1197)
(9.0788)
(-5.3870)
G1(0.2549)
(-1.9390)
(2.3679)
G2(0.0878)
(-0.1873)
(-0.4310)
G3(-1.2749)
(1.4468)
(3.1272)
G4(0.2112)
(-1.1307)
(-0.0798)
A1(-7.3479)
(8.7849)
(4.1242)
A2(0.9960)
(8.0637)
(1.4892)
A3(-8.7005)
(3.0263)
(-7.7716)
A4(0.4645)
(8.9399)
(-4.7549)
G1(0.5284)
(-0.6763)
(1.6820)
G2(-0.0697)
(-1.4835)
(-0.3799)
G3(-1.4915)
(1.9874)
(2.2067)
G4(-0.1431)
(-1.0669)
(-0.0766)
A1(-8.4113)
(8.8903)
(2.8884)
A2(0.1437)
(10.9942)
(1.7142)
A3(-5.1619)
(2.0016)
(-7.7524)
A4(-0.0670)
(9.5624)
(-3.9025)
G1(0.8030)
(-0.5497)
(1.7874)
G2(0.0357)
(-1.0610)
(-0.4220)
G3(-1.5660)
(1.6485)
(2.1471)
G4(-0.0750)
(-1.0509)
(-0.0889)
A1(-6.7875)
(7.5204)
(2.7399)
A2(0.8715)
(10.3382)
(3.5674)
A3(-7.5322)
(6.3111)
(-9.1889)
A4(-0.8284)
(9.3470)
(-4.0893)
G1(1.0669)
(-1.1020)
(1.0738)
G2(0.2017)
(-1.1377)
(-0.3230)
G3(-1.5836)
(1.3925)
(1.9353)
G4(-0.0479)
(-0.2911)
(-0.0814)
A1(-6.4091)
(8.7370)
(3.7171)
A2(-0.1006)
(9.9647)
(1.2019)
A3(-6.2201)
(7.6471)
(-8.0254)
A4(-0.1724)
(9.4763)
(-3.3232)
G1(1.0270)
(-0.6396)
(0.8620)
G2(0.1038)
(-1.2835)
(-0.2996)
G3(-1.7464)
(0.8354)
(1.6884)
G4(0.0553)
(-0.0043)
(-0.1942)
A1(-4.5122)
(9.0675)
(3.2955)
A2(-1.3647)
(9.9742)
(1.6472)
A3(-5.8227)
(8.5808)
(-5.6934)
A4(0.3543)
(9.2847)
(-3.9600)
G1(0.7657)
(-0.5406)
(0.2857)
G2(0.0580)
(-0.5933)
(-0.3698)
G3(-1.3750)
(0.4507)
(0.7641)
G4(0.0670)
(0.0282)
(-0.0809)
A1(-4.3398)
(8.7945)
(2.8309)
A2(-0.3496)
(9.3039)
(1.2546)
A3(-4.8507)
(9.0597)
(-5.2720)
A4(-0.6177)
(8.9591)
(-5.3870)
G1(0.4236)
(-0.4023)
(0.4555)
G2(0.0921)
(0.3299)
(-0.3182)
G3(-1.1275)
(0.3469)
(0.4012)
G4(0.0027)
(-0.0202)
(-0.0053)
A1(-3.6692)
(9.8052)
(2.4238)
A2(0.5698)
(10.1275)
(0.9816)
A3(-2.5762)
(9.3565)
(-4.8363)
A4(0.5507)
(9.0214)
(-4.4293)
G1(0.7482)
(-0.5039)
(0.2873)
G2(-0.0388)
(-0.3517)
(-0.0995)
G3(-0.6694)
(-0.3155)
(0.3198)
G4(-0.0053)
(-0.1250)
(0.0186)
