A1(-2.6297)
(8.9191)
(-5.0631)
A2(1.7621)
(9.4044)
(-0.7374)
A3(-0.0239)
(9.5385)
(-2.6145)
A4(0.3639)
(10.0413)
(-1.9680)
G1(-4.1015)
(0.9897)
(0.4470)
G2(-0.0564)
(0.3874)
(0.0325)
G3(0.3555)
(0.0697)
(0.0287)
G4(-0.0990)
(0.4651)
(-0.0160)
A1(-0.4455)
(8.9717)
(-0.8862)
A2(2.3224)
(9.3326)
(0.0287)
A3(1.8723)
(8.6000)
(-3.4141)
A4(2.0255)
(11.5209)
(0.7709)
G1(-0.4832)
(-0.2469)
(0.1900)
G2(0.3182)
(0.4879)
(0.1117)
G3(0.4773)
(-0.0442)
(0.1394)
G4(0.1783)
(0.5688)
(-0.2975)
A1(-0.9915)
(12.7750)
(-0.2395)
A2(3.1651)
(9.3230)
(0.8763)
A3(1.8148)
(8.1355)
(-5.0996)
A4(11.5592)
(19.0914)
(-0.1915)
G1(-0.3097)
(-0.9371)
(-0.2081)
G2(-0.2128)
(0.2959)
(0.0814)
G3(0.3704)
(0.1937)
(-0.0144)
G4(1.3420)
(1.3611)
(-0.9626)
A1(3.3818)
(11.7691)
(3.5350)
A2(5.2960)
(9.2033)
(4.6543)
A3(1.5323)
(7.9966)
(-4.4245)
A4(-4.8459)
(18.3348)
(-11.6358)
G1(-0.5608)
(-0.7476)
(-0.8216)
G2(-2.4307)
(-0.2900)
(0.2011)
G3(-0.3618)
(0.1235)
(0.0325)
G4(3.0650)
(0.5465)
(1.2840)
A1(5.5325)
(12.0853)
(5.4319)
A2(9.7348)
(7.4891)
(4.5969)
A3(4.3000)
(9.6247)
(-3.8930)
A4(2.8204)
(5.9951)
(-14.5855)
G1(-0.1979)
(-2.0683)
(0.1431)
G2(-3.9488)
(-0.8913)
(1.2297)
G3(-0.2112)
(-0.6987)
(0.0346)
G4(2.0747)
(2.3312)
(3.1975)
A1(-0.5892)
(12.3056)
(0.6706)
A2(4.6064)
(10.6255)
(12.2535)
A3(3.5099)
(8.2265)
(-5.8083)
A4(4.3239)
(-3.6727)
(-7.6710)
G1(0.0335)
(-3.2118)
(-1.2776)
G2(-5.1588)
(-1.2973)
(2.2013)
G3(-0.4986)
(-1.3367)
(0.0213)
G4(1.7938)
(4.4107)
(4.7480)
A1(0.0575)
(7.1276)
(5.4990)
A2(10.3094)
(5.3630)
(8.1020)
A3(3.1556)
(9.4379)
(-4.0558)
A4(4.2760)
(-10.2855)
(0.6464)
G1(0.4486)
(-1.0009)
(-0.2501)
G2(-3.6274)
(-2.5355)
(2.3040)
G3(-0.8748)
(-2.1269)
(0.1213)
G4(-0.5332)
(4.6448)
(4.2079)
A1(-6.5767)
(7.0366)
(5.6618)
A2(5.8323)
(4.4149)
(2.7581)
A3(2.9113)
(9.8689)
(-0.8954)
A4(-0.7087)
(-14.5807)
(-9.7205)
G1(0.1197)
(-0.6284)
(0.1192)
G2(-0.7881)
(-4.4570)
(1.8938)
G3(-1.3564)
(-2.5121)
(0.2730)
G4(-3.1240)
(-0.5497)
(2.7739)
A1(3.1135)
(11.7069)
(4.4643)
A2(7.3981)
(1.8627)
(-1.9872)
A3(-12.3732)
(10.1658)
(1.4365)
A4(33.3129)
(-0.2442)
(-22.5199)
G1(0.0825)
(-1.1302)
(-0.2299)
G2(4.2771)
(-2.2445)
(0.5821)
G3(0.0431)
(1.7634)
(-0.7577)
G4(1.0014)
(4.0919)
(4.2101)
A1(-1.8873)
(7.7168)
(2.7447)
A2(10.2137)
(6.4452)
(8.6862)
A3(1.7573)
(9.9599)
(-1.0678)
A4(6.5122)
(2.5235)
(-2.7916)
G1(0.3113)
(1.9364)
(0.5369)
G2(-0.0591)
(-7.9397)
(-0.8077)
G3(0.0245)
(-0.5076)
(0.2953)
G4(0.9493)
(0.2368)
(-1.5389)
A1(-1.4035)
(8.4736)
(2.9602)
A2(-4.2569)
(-4.4915)
(10.9367)
A3(0.9529)
(10.2089)
(-1.1396)
A4(-7.2592)
(14.9350)
(-7.2736)
G1(0.3666)
(2.1875)
(0.4858)
G2(-3.5263)
(7.9130)
(-4.7629)
G3(0.4619)
(2.1327)
(-0.1463)
G4(-1.1605)
(1.8741)
(-6.3901)
A1(-0.8814)
(9.3837)
(1.9687)
A2(-3.0311)
(1.8196)
(8.9543)
A3(0.6225)
(9.5816)
(-2.0638)
A4(3.7733)
(-0.0814)
(-8.0732)
G1(0.2959)
(0.6311)
(0.2650)
G2(-2.1779)
(-2.9421)
(-0.5092)
G3(0.5656)
(2.8431)
(-0.3214)
G4(-0.7886)
(-2.0327)
(-5.8234)
A1(-1.0107)
(9.4747)
(1.0155)
A2(20.5327)
(8.9304)
(-2.2745)
A3(0.6847)
(8.9352)
(-3.4716)
A4(1.6664)
(5.1044)
(-9.0166)
G1(0.3523)
(0.8753)
(0.0596)
G2(-0.7019)
(5.4579)
(-2.1896)
G3(0.2512)
(1.0115)
(0.0963)
G4(-1.3500)
(-2.0204)
(-4.4378)
A1(-0.5030)
(9.4124)
(-3.0177)
A2(4.6639)
(4.9129)
(4.3000)
A3(2.9640)
(9.3709)
(-1.5323)
A4(4.9752)
(13.6900)
(-9.7300)
G1(0.4097)
(0.1485)
(-0.0793)
G2(0.7354)
(-0.1655)
(-2.4642)
G3(0.1389)
(0.4927)
(0.0271)
G4(-1.1063)
(-2.3557)
(0.4071)
A1(0.0000)
(11.9032)
(0.4838)
A2(11.3725)
(10.2855)
(4.1228)
A3(5.0326)
(8.3510)
(-3.1173)
A4(6.0813)
(8.9830)
(-7.3358)
G1(0.7471)
(0.0404)
(-0.7700)
G2(2.5706)
(4.0292)
(-3.1027)
G3(0.2602)
(0.8631)
(-0.0532)
G4(-2.2072)
(-2.4552)
(0.1038)
A1(-2.6824)
(10.7345)
(0.3161)
A2(8.5712)
(9.9216)
(1.9632)
A3(1.3791)
(8.1834)
(-4.6974)
A4(3.4620)
(10.8122)
(0.2921)
G1(0.4683)
(-0.3922)
(-0.1862)
G2(1.7868)
(-1.4628)
(-1.9678)
G3(-0.1149)
(-0.1155)
(-0.0819)
G4(-0.9206)
(0.6087)
(0.1548)
A1(-0.2443)
(9.4986)
(-0.2060)
A2(2.5570)
(8.7628)
(3.8882)
A3(1.9776)
(9.2033)
(-1.9106)
A4(3.2705)
(11.9902)
(-2.5043)
G1(0.3911)
(0.4613)
(-0.3799)
G2(2.6680)
(-1.2090)
(-1.9662)
G3(-0.0537)
(-0.1192)
(0.0021)
G4(-0.1974)
(0.9136)
(0.2943)
A1(-0.6946)
(8.7370)
(-0.7616)
A2(4.9368)
(7.5178)
(-0.3208)
A3(2.9784)
(9.4475)
(-1.2641)
A4(0.1532)
(8.5138)
(-4.4149)
G1(0.0575)
(0.7253)
(0.2943)
G2(1.0706)
(1.6405)
(-0.4816)
G3(0.1655)
(0.2033)
(-0.1900)
G4(-0.1548)
(0.1485)
(-0.3900)
A1(-2.7112)
(9.3837)
(-0.7712)
A2(2.7342)
(10.0509)
(-0.8092)
A3(0.4741)
(9.1219)
(-3.2082)
A4(0.0239)
(9.4092)
(-3.3710)
G1(0.0186)
(0.2645)
(-0.1809)
G2(0.5358)
(0.7535)
(-0.3384)
G3(0.0990)
(-0.2453)
(-0.2150)
G4(-0.1091)
(-0.6375)
(0.0037)
A1(-2.3375)
(10.0351)
(0.3928)
A2(3.5386)
(10.1275)
(-1.3791)
A3(0.7326)
(9.1411)
(-2.7533)
A4(-0.1676)
(9.1411)
(-4.3335)
G1(0.4816)
(0.4326)
(-0.1852)
G2(0.4007)
(-0.0330)
(-0.1905)
G3(0.1676)
(-0.0266)
(-0.2368)
G4(-0.1830)
(0.2352)
(-0.3235)
