A1(-3.2093)
(9.0819)
(2.0262)
A2(0.6369)
(9.3565)
(0.1053)
A3(-2.5857)
(8.6574)
(-4.0366)
A4(0.0144)
(9.1794)
(-3.2465)
G1(-0.1676)
(0.9631)
(0.1527)
G2(-0.1304)
(-0.1075)
(-0.0474)
G3(-0.0202)
(0.4347)
(-0.3576)
G4(0.0037)
(0.1277)
(-0.1229)
A1(-4.1194)
(8.4305)
(4.8140)
A2(-1.8723)
(9.7875)
(1.2450)
A3(-2.8347)
(8.8825)
(-3.5434)
A4(1.4557)
(10.3908)
(0.9960)
G1(-0.9083)
(2.1210)
(0.2703)
G2(-0.0585)
(0.2826)
(0.0447)
G3(0.2762)
(0.9488)
(-0.4741)
G4(0.5103)
(-0.0559)
(-0.0782)
A1(-6.7204)
(7.5347)
(5.1445)
A2(-0.2777)
(9.4475)
(1.0582)
A3(-4.8028)
(8.4755)
(-4.1468)
A4(0.4932)
(8.1259)
(-6.3063)
G1(-2.1492)
(3.1586)
(-0.0170)
G2(-0.2448)
(0.2230)
(0.1261)
G3(0.6375)
(1.8576)
(-0.8546)
G4(0.9333)
(1.6229)
(-0.6013)
A1(-6.9887)
(9.5801)
(5.9684)
A2(-0.7135)
(6.7516)
(2.7773)
A3(-5.5210)
(9.4619)
(-3.2944)
A4(-2.5235)
(7.8961)
(-7.2832)
G1(-1.9353)
(2.4307)
(-0.9897)
G2(-0.8950)
(-0.0915)
(0.3986)
G3(1.0605)
(1.7629)
(-0.8759)
G4(0.6768)
(1.2733)
(-0.4001)
A1(-14.3366)
(12.6074)
(2.6489)
A2(-2.0255)
(11.8465)
(2.9353)
A3(-11.1570)
(9.3853)
(-11.3772)
A4(-1.9297)
(8.3558)
(-8.4946)
G1(-1.6490)
(2.9825)
(-2.4802)
G2(-1.0791)
(2.3152)
(1.1089)
G3(1.6182)
(-1.2446)
(-0.9658)
G4(-0.3517)
(1.2185)
(-0.2522)
A1(-5.6379)
(8.3921)
(0.7472)
A2(1.1444)
(12.7707)
(1.0630)
A3(-10.6542)
(-0.6081)
(-14.6669)
A4(-3.5386)
(9.6534)
(-7.4412)
G1(1.1621)
(2.4365)
(-2.7388)
G2(-0.8971)
(0.9546)
(0.6486)
G3(2.9612)
(-2.3211)
(-4.2095)
G4(-0.4608)
(3.3614)
(-1.7464)
A1(-1.4705)
(9.7142)
(-0.7616)
A2(-1.1301)
(11.5353)
(5.8897)
A3(-3.8307)
(-9.2991)
(-5.8562)
A4(0.8906)
(11.3581)
(1.0295)
G1(4.7433)
(1.8539)
(-3.4566)
G2(-0.0069)
(1.2670)
(1.0876)
G3(3.8727)
(-3.6684)
(-4.0127)
G4(-1.3138)
(2.3381)
(0.1628)
A1(-4.2152)
(-1.7148)
(9.5130)
A2(6.4452)
(7.6567)
(-1.9249)
A3(-2.6815)
(-1.0247)
(-8.3127)
A4(0.2873)
(8.2265)
(-0.5076)
G1(2.5807)
(0.9174)
(-1.2446)
G2(2.0550)
(1.7427)
(1.1792)
G3(1.0504)
(-0.7593)
(-3.1448)
G4(-0.9190)
(0.0607)
(0.1123)
A1(0.6227)
(1.7819)
(6.0211)
A2(-2.5809)
(5.9855)
(10.5393)
A3(-0.7661)
(0.3926)
(-4.4341)
A4(15.0691)
(7.2975)
(2.7916)
G1(-1.4128)
(0.1086)
(1.2010)
G2(0.1862)
(0.4145)
(0.6274)
G3(-0.4049)
(0.9578)
(-2.5536)
G4(-0.6912)
(-1.7134)
(-0.6103)
A1(-4.5026)
(0.4359)
(3.8560)
A2(4.3287)
(6.0525)
(1.2833)
A3(-12.4882)
(-14.7148)
(-5.0805)
A4(-1.3647)
(10.6542)
(-1.9297)
G1(-1.1307)
(3.1836)
(-0.1016)
G2(0.3336)
(-0.2496)
(-0.7231)
G3(-0.3033)
(-2.0220)
(0.5428)
G4(0.2618)
(0.0772)
(-0.0154)
A1(-9.5897)
(1.2167)
(-2.6776)
A2(2.4469)
(17.1808)
(7.3981)
A3(-9.0453)
(1.5706)
(0.9625)
A4(-0.4932)
(10.0556)
(-1.3120)
G1(-1.3526)
(-3.7684)
(0.9631)
G2(0.1580)
(0.7971)
(0.6694)
G3(-0.4608)
(-0.2410)
(0.8088)
G4(0.3544)
(0.1447)
(-0.2070)
A1(-8.8424)
(1.4131)
(-1.7196)
A2(3.2274)
(9.8258)
(2.8012)
A3(-3.5626)
(-2.6671)
(-1.8196)
A4(-2.2697)
(9.0788)
(-3.7637)
G1(-1.2015)
(-0.1399)
(1.2962)
G2(0.1474)
(-0.4023)
(-0.1442)
G3(0.3741)
(-0.3517)
(2.4461)
G4(0.2762)
(-0.1394)
(0.0266)
A1(-10.4088)
(5.2834)
(-2.3950)
A2(-0.4357)
(9.1028)
(3.2848)
A3(-12.7132)
(-2.2410)
(-3.1125)
A4(0.3256)
(8.0541)
(-2.8012)
G1(-0.2655)
(-2.6696)
(1.7517)
G2(0.1862)
(-0.1660)
(-0.1511)
G3(-0.2379)
(0.0979)
(2.1620)
G4(0.3272)
(0.5082)
(-0.2607)
A1(-7.2952)
(3.6500)
(2.3759)
A2(0.8045)
(10.0796)
(2.7485)
A3(-8.5234)
(-4.0845)
(-4.3622)
A4(5.3343)
(9.4619)
(-2.5379)
G1(-0.3225)
(1.6208)
(1.0999)
G2(0.1325)
(-0.3262)
(-0.2783)
G3(-2.0140)
(1.7804)
(1.8416)
G4(0.3390)
(-1.7608)
(0.3278)
A1(-8.0042)
(6.3276)
(2.2801)
A2(2.2505)
(8.1403)
(4.4915)
A3(-3.7972)
(-1.2881)
(-4.8219)
A4(-0.0910)
(9.3805)
(-5.6790)
G1(1.1483)
(-2.5845)
(1.7363)
G2(0.0239)
(-0.9120)
(-0.7758)
G3(-2.4679)
(1.4873)
(2.0289)
G4(0.2559)
(-0.3767)
(0.0128)
A1(-4.4499)
(6.4905)
(2.5435)
A2(-0.2394)
(10.3046)
(2.1452)
A3(-7.4555)
(4.2329)
(-5.8754)
A4(0.9768)
(8.9352)
(-3.7781)
G1(0.8381)
(-0.9088)
(1.5139)
G2(-0.1022)
(-1.8235)
(-0.2937)
G3(-2.0454)
(1.9827)
(1.6644)
G4(-0.0218)
(-0.5055)
(0.1155)
A1(-5.2020)
(10.6435)
(3.8129)
A2(1.1636)
(10.3525)
(1.8052)
A3(-4.4580)
(8.9256)
(-4.7309)
A4(0.9146)
(8.6191)
(-4.0797)
G1(1.4133)
(-1.5644)
(1.7033)
G2(0.6412)
(0.2198)
(-0.0734)
G3(-1.8459)
(1.0142)
(2.4658)
G4(-0.1511)
(-0.9849)
(0.1027)
A1(-5.2259)
(8.2245)
(3.2381)
A2(0.7518)
(8.6287)
(2.1979)
A3(-5.2433)
(8.1403)
(-6.3159)
A4(0.2107)
(9.0118)
(-3.5482)
G1(1.4447)
(-1.1297)
(1.6730)
G2(0.3757)
(-1.0775)
(-0.1815)
G3(-1.3202)
(0.4970)
(2.1050)
G4(-0.1596)
(-0.9461)
(0.1176)
A1(-4.8906)
(9.2687)
(2.6968)
A2(-1.3024)
(9.2703)
(0.4884)
A3(-5.6551)
(11.6406)
(-4.0701)
A4(0.5411)
(9.2225)
(-4.0941)
G1(0.5124)
(-0.9903)
(0.8796)
G2(0.4411)
(-1.4303)
(-0.1437)
G3(-1.1898)
(-0.0883)
(1.6708)
G4(-0.0873)
(-0.5289)
(0.0149)
A1(-2.2609)
(10.0064)
(0.7520)
A2(0.4118)
(9.9072)
(1.4222)
A3(-5.2864)
(10.0652)
(-3.2274)
A4(-0.1053)
(9.4236)
(-5.0901)
G1(1.2286)
(-0.9041)
(0.5779)
G2(0.2474)
(-0.6290)
(-0.1681)
G3(-0.4438)
(-0.2065)
(0.4550)
G4(-0.0601)
(-0.1235)
(0.0149)
