A1(-5.7241)
(8.1862)
(-5.2307)
A2(2.2362)
(9.3422)
(0.3926)
A3(2.4421)
(9.2081)
(-1.7765)
A4(2.0351)
(8.8921)
(-4.0127)
G1(-5.0854)
(0.0942)
(0.4342)
G2(-0.0894)
(0.1266)
(-0.0325)
G3(0.0559)
(-0.0654)
(-0.0021)
G4(-0.1485)
(-0.0346)
(0.0628)
A1(1.4658)
(7.8078)
(-0.2922)
A2(2.9640)
(9.4188)
(0.2059)
A3(1.1013)
(9.8785)
(-1.1349)
A4(1.9010)
(9.5337)
(-3.2226)
G1(-0.9275)
(0.6274)
(0.1878)
G2(-0.0506)
(0.0101)
(0.0511)
G3(0.3257)
(0.1176)
(-0.0208)
G4(-0.1123)
(-0.1245)
(-0.0314)
A1(0.4311)
(8.5215)
(-2.6585)
A2(3.3040)
(9.6247)
(0.5315)
A3(1.7190)
(8.2456)
(-3.7014)
A4(6.8091)
(13.1968)
(3.7062)
G1(-0.9472)
(-0.7854)
(0.1580)
G2(0.1485)
(-0.4310)
(0.2714)
G3(0.4789)
(-0.0506)
(0.1250)
G4(1.1967)
(1.2122)
(-0.9493)
A1(2.7878)
(10.3656)
(0.8095)
A2(3.1651)
(8.9543)
(0.2921)
A3(2.7390)
(7.9631)
(-4.3000)
A4(5.2768)
(15.7874)
(-6.0142)
G1(-0.9110)
(-1.5756)
(-0.6151)
G2(0.0341)
(-0.1256)
(0.0931)
G3(0.5992)
(0.3368)
(-0.0490)
G4(1.2420)
(-0.7231)
(0.2246)
A1(2.6297)
(11.5392)
(2.5770)
A2(10.8745)
(8.0541)
(9.1842)
A3(5.1284)
(8.3222)
(-6.1531)
A4(-6.2393)
(5.5737)
(-12.8233)
G1(-0.1985)
(-1.7602)
(-0.5789)
G2(-3.7072)
(-0.4406)
(0.7822)
G3(-0.1490)
(-0.9285)
(0.0069)
G4(3.8035)
(-0.8689)
(2.5760)
A1(3.3961)
(10.1357)
(7.1659)
A2(5.7221)
(12.0620)
(11.9231)
A3(4.0223)
(7.1922)
(-7.6758)
A4(4.7501)
(-3.8355)
(-7.6998)
G1(0.2767)
(-0.3251)
(-0.8546)
G2(-4.8220)
(-2.5797)
(1.0445)
G3(-0.7907)
(-1.6224)
(-0.0245)
G4(8.6564)
(2.9889)
(2.5749)
A1(-2.7543)
(7.2904)
(5.7289)
A2(7.6136)
(8.4324)
(10.2089)
A3(2.7150)
(8.8202)
(-0.2394)
A4(2.9161)
(-7.3310)
(6.6272)
G1(0.6465)
(-0.5502)
(-0.0585)
G2(-4.6762)
(-2.1242)
(0.8040)
G3(-1.3723)
(-2.0987)
(-0.4321)
G4(2.4983)
(7.2729)
(-0.2538)
A1(-3.1471)
(6.7061)
(4.6463)
A2(8.7101)
(6.5984)
(3.9696)
A3(-2.2458)
(8.9735)
(-1.9776)
A4(-0.1053)
(-4.2521)
(0.9960)
G1(0.2448)
(-1.0573)
(0.0468)
G2(-1.1536)
(-4.2697)
(1.6213)
G3(-0.9078)
(-0.9706)
(-0.4837)
G4(-3.4656)
(1.5974)
(0.3187)
A1(-6.6294)
(7.2042)
(-2.6633)
A2(6.6702)
(0.2490)
(1.3503)
A3(-5.7509)
(10.9846)
(3.0789)
A4(8.8777)
(-4.5107)
(-5.2816)
G1(-0.6258)
(1.5123)
(-0.1687)
G2(4.2425)
(-3.7769)
(0.6167)
G3(-0.3544)
(-1.2228)
(-0.2522)
G4(-2.7143)
(-0.9152)
(0.1139)
A1(-0.3736)
(9.6998)
(3.7314)
A2(2.6528)
(2.1691)
(-4.0654)
A3(-9.2464)
(9.3470)
(-3.2226)
A4(9.1219)
(1.3216)
(-1.5658)
G1(0.6497)
(-1.0137)
(0.2097)
G2(3.5939)
(1.0302)
(-1.3569)
G3(0.4645)
(2.3493)
(-0.4864)
G4(1.6772)
(4.3224)
(-2.7143)
A1(-6.1312)
(8.9191)
(5.6475)
A2(11.1091)
(3.4189)
(-2.7054)
A3(8.5712)
(7.8673)
(-3.9504)
A4(12.3014)
(-1.5802)
(-3.7350)
G1(0.2139)
(-0.2586)
(0.0867)
G2(3.8972)
(-1.7778)
(-0.7295)
G3(-0.3134)
(-0.5715)
(0.1245)
G4(0.6604)
(-0.4959)
(0.0404)
A1(-1.8202)
(8.7945)
(3.1518)
A2(4.7597)
(1.3743)
(1.9297)
A3(-7.1204)
(11.3485)
(0.6895)
A4(6.8666)
(-2.3463)
(-4.0031)
G1(-0.1804)
(0.4699)
(0.3927)
G2(0.1830)
(11.1190)
(-0.5837)
G3(0.2272)
(0.2091)
(0.0670)
G4(-0.1501)
(0.0543)
(0.3416)
A1(-1.0203)
(9.6519)
(0.6802)
A2(2.5714)
(3.3471)
(7.0006)
A3(0.3352)
(9.1171)
(-2.8395)
A4(8.8681)
(3.3184)
(-3.0167)
G1(0.4001)
(0.0128)
(0.3241)
G2(2.4110)
(-0.3480)
(-0.0692)
G3(0.7492)
(1.1824)
(0.2831)
G4(0.4970)
(-0.9621)
(-0.1064)
A1(0.3545)
(8.2772)
(2.6106)
A2(18.7562)
(3.7397)
(-4.9704)
A3(0.2921)
(8.8250)
(-2.1261)
A4(13.2208)
(-3.0358)
(-6.2345)
G1(-0.1091)
(1.6682)
(0.4922)
G2(0.7093)
(-0.2107)
(-0.5380)
G3(0.0814)
(0.9855)
(0.2123)
G4(0.6742)
(-2.1455)
(-3.1049)
A1(-3.0656)
(8.6269)
(0.3497)
A2(0.0575)
(0.2059)
(3.9313)
A3(0.4597)
(9.8019)
(-0.1532)
A4(8.1451)
(-2.4325)
(-3.8499)
G1(-0.3145)
(2.2700)
(0.2772)
G2(-1.7022)
(4.5911)
(-0.7072)
G3(0.7913)
(2.6914)
(-0.0553)
G4(1.4293)
(-4.1558)
(-3.5348)
A1(-0.4551)
(10.5860)
(0.6514)
A2(7.0006)
(1.5323)
(0.1006)
A3(3.2082)
(8.2935)
(-5.1667)
A4(2.0973)
(1.0056)
(-8.9974)
G1(0.5193)
(-0.4938)
(0.3118)
G2(-1.9534)
(1.2851)
(-1.4500)
G3(0.4017)
(1.0413)
(0.1729)
G4(-1.7719)
(-3.0724)
(-4.4112)
A1(-0.3593)
(10.6339)
(0.5317)
A2(9.5577)
(5.8083)
(4.3766)
A3(3.2561)
(8.5665)
(-2.7869)
A4(-0.3065)
(3.6966)
(-11.6167)
G1(0.5901)
(0.3805)
(-0.1932)
G2(0.6572)
(5.1019)
(-1.8805)
G3(-0.0117)
(0.2081)
(0.1548)
G4(-2.2663)
(-0.7338)
(-0.3342)
A1(1.0873)
(10.4279)
(-1.2023)
A2(10.3382)
(5.2098)
(5.7652)
A3(3.2513)
(8.7771)
(-2.7007)
A4(4.8698)
(8.7293)
(-10.4100)
G1(0.1910)
(0.4188)
(0.1580)
G2(2.4339)
(-0.2751)
(-1.4468)
G3(-0.1793)
(0.0915)
(0.0963)
G4(-1.7953)
(-1.4447)
(1.4553)
A1(-1.0394)
(8.0137)
(0.4646)
A2(4.3670)
(8.9735)
(6.2345)
A3(2.0782)
(8.9352)
(-3.1364)
A4(2.6911)
(13.6374)
(-5.0757)
G1(0.0319)
(-0.4534)
(-0.0835)
G2(2.2088)
(0.8705)
(-2.0391)
G3(-0.1655)
(0.0367)
(0.0670)
G4(-1.7842)
(-0.2059)
(0.3421)
A1(-0.6275)
(9.7046)
(-0.1102)
A2(6.0238)
(8.6910)
(2.4325)
A3(3.3615)
(8.8538)
(-2.4517)
A4(1.3120)
(6.5888)
(-5.2816)
G1(0.6375)
(0.5571)
(-0.0330)
G2(2.2285)
(-0.4773)
(-0.7306)
G3(-0.0718)
(0.1490)
(-0.0527)
G4(-0.4874)
(-0.1719)
(0.2810)
