A1(-6.4809)
(14.7964)
(10.0447)
A2(-0.2298)
(7.7045)
(1.4126)
A3(-6.4596)
(13.3118)
(2.4756)
A4(-0.1437)
(6.4212)
(-9.7683)
G1(-4.0755)
(0.7668)
(-0.8759)
G2(-1.0749)
(-0.2400)
(0.2565)
G3(0.6848)
(0.7210)
(0.0777)
G4(0.2581)
(1.0621)
(-0.4507)
A1(-10.9644)
(9.2831)
(7.5970)
A2(-1.8723)
(6.6319)
(0.4357)
A3(-8.8490)
(18.0810)
(-0.7709)
A4(-1.9154)
(9.2560)
(-7.1730)
G1(-3.2922)
(2.0263)
(-0.4544)
G2(-1.8757)
(0.8189)
(0.6279)
G3(1.5389)
(-0.6369)
(0.1852)
G4(-0.1309)
(1.2068)
(-0.4475)
A1(-6.2654)
(10.6099)
(-1.0299)
A2(0.7901)
(14.3556)
(-2.0207)
A3(-6.5170)
(22.9604)
(-17.1329)
A4(-0.1963)
(11.3198)
(-7.2592)
G1(-1.4617)
(3.7423)
(-2.3509)
G2(-0.5310)
(2.8117)
(1.2531)
G3(3.9616)
(-0.2240)
(-3.0458)
G4(-0.2677)
(0.7636)
(-0.1564)
A1(-9.1490)
(7.1946)
(-4.0955)
A2(1.4365)
(6.6559)
(1.3455)
A3(-4.1563)
(-7.0006)
(-10.7164)
A4(-3.5578)
(5.2050)
(-10.6877)
G1(2.5680)
(3.8701)
(-2.8633)
G2(-0.0149)
(-1.3899)
(1.8714)
G3(4.7076)
(-2.0763)
(-3.8376)
G4(-0.3459)
(3.5311)
(-2.0002)
A1(-3.2333)
(7.2425)
(-0.1485)
A2(-1.8914)
(10.6829)
(7.9871)
A3(-7.7189)
(-12.0859)
(-0.0335)
A4(-9.5577)
(9.8306)
(1.8292)
G1(5.1913)
(5.0753)
(-2.1130)
G2(0.0841)
(4.9790)
(1.1627)
G3(2.8867)
(-6.0283)
(-4.9300)
G4(-0.9211)
(2.3333)
(0.3762)
A1(-8.4927)
(9.2160)
(3.5063)
A2(2.5091)
(13.2399)
(1.6424)
A3(-8.6000)
(-10.1418)
(-7.5465)
A4(1.9345)
(10.2568)
(0.3687)
G1(5.4621)
(-1.8299)
(-1.4846)
G2(0.9136)
(4.4208)
(0.5018)
G3(0.4326)
(-3.9456)
(-3.6317)
G4(-0.8934)
(1.6006)
(0.6162)
A1(-3.3482)
(1.5280)
(14.0061)
A2(-8.2983)
(5.6216)
(4.4724)
A3(-2.0686)
(5.4109)
(-9.8928)
A4(15.0452)
(8.2504)
(0.6560)
G1(-1.4112)
(0.7285)
(0.8498)
G2(2.0103)
(0.4331)
(0.3491)
G3(-2.3009)
(3.6125)
(-2.7159)
G4(-0.5757)
(-0.4800)
(-0.5997)
A1(-17.8333)
(1.5711)
(-4.3350)
A2(5.7126)
(6.0908)
(5.5402)
A3(8.6239)
(22.6204)
(12.8808)
A4(3.9792)
(12.1482)
(1.8579)
G1(-2.5611)
(-2.3120)
(0.4172)
G2(0.3650)
(-0.2980)
(-0.1788)
G3(-0.5071)
(1.1999)
(1.7522)
G4(-0.0149)
(1.0993)
(-0.2634)
A1(-2.7160)
(-0.4934)
(0.2251)
A2(13.3453)
(6.4835)
(4.2808)
A3(-8.4515)
(-3.9744)
(-3.0263)
A4(-0.7614)
(9.6486)
(-3.5147)
G1(-1.8039)
(-1.6884)
(1.5947)
G2(0.2421)
(-0.3374)
(-0.6694)
G3(1.3420)
(-1.5639)
(0.6364)
G4(0.2778)
(-0.4688)
(-0.0979)
A1(-6.2797)
(5.9492)
(1.8346)
A2(2.0782)
(10.0604)
(5.3486)
A3(-2.3080)
(2.0255)
(-1.0870)
A4(0.9577)
(8.8729)
(-0.0575)
G1(-1.6900)
(-3.2858)
(2.6089)
G2(0.4049)
(0.6268)
(0.4810)
G3(0.4635)
(-0.8237)
(2.1130)
G4(-0.0474)
(-2.1875)
(0.1921)
A1(-9.5561)
(3.7027)
(-0.1293)
A2(1.7526)
(11.0277)
(3.5195)
A3(-9.7779)
(-3.2465)
(-5.1236)
A4(-0.0383)
(9.6678)
(-3.4189)
G1(-0.4853)
(0.0154)
(2.4195)
G2(-0.1192)
(-0.3427)
(-0.5225)
G3(1.0903)
(2.5345)
(1.7879)
G4(0.2091)
(-1.2989)
(0.0633)
A1(-7.4054)
(7.4437)
(3.0848)
A2(0.9433)
(5.9616)
(4.9799)
A3(-8.1690)
(-6.6655)
(-5.3630)
A4(-0.3448)
(8.9016)
(-4.5969)
G1(-0.2410)
(-1.9928)
(2.6654)
G2(0.0628)
(-1.0919)
(-0.6242)
G3(-0.7082)
(2.6579)
(2.7505)
G4(0.2762)
(-1.0185)
(-0.0032)
A1(-6.6198)
(8.1335)
(2.7064)
A2(-0.7805)
(9.1794)
(2.8922)
A3(-6.6607)
(-0.9337)
(-7.0150)
A4(0.0144)
(8.7867)
(-4.9752)
G1(0.7865)
(-1.4160)
(1.9385)
G2(0.0676)
(-1.2542)
(-0.2464)
G3(-1.4591)
(2.6914)
(2.3392)
G4(0.1181)
(-0.3230)
(-0.1554)
A1(-5.7624)
(6.8593)
(4.4691)
A2(-0.8715)
(9.8976)
(1.5897)
A3(-6.1770)
(1.8292)
(-7.8338)
A4(0.5650)
(8.7628)
(-6.6272)
G1(1.1254)
(-1.7836)
(1.7836)
G2(0.1389)
(-0.2724)
(-0.5172)
G3(-2.2790)
(2.3950)
(1.7767)
G4(-0.1490)
(-0.2884)
(-0.1623)
A1(-6.9599)
(8.3490)
(3.3482)
A2(-0.7278)
(9.8306)
(1.9058)
A3(-4.9129)
(5.6264)
(-8.9399)
A4(-1.0391)
(9.1219)
(-2.7964)
G1(1.1792)
(-1.6458)
(1.1797)
G2(0.2799)
(-1.4037)
(-0.3411)
G3(-2.1109)
(1.3452)
(1.9204)
G4(-0.2682)
(-0.7237)
(0.0559)
A1(-5.9109)
(10.7488)
(5.7241)
A2(2.1117)
(10.2759)
(0.6033)
A3(-6.1435)
(9.0884)
(-8.4563)
A4(-0.2298)
(9.7444)
(-3.1029)
G1(1.0025)
(-0.8961)
(0.7790)
G2(0.6125)
(-0.5571)
(-0.4560)
G3(-2.1950)
(0.5784)
(2.0172)
G4(-0.2272)
(0.0154)
(-0.0931)
A1(-3.1806)
(9.4268)
(2.8788)
A2(-3.2513)
(9.1411)
(1.7526)
A3(-6.3925)
(9.9168)
(-5.5785)
A4(0.5411)
(9.5337)
(-3.8978)
G1(0.9972)
(-0.1128)
(0.2996)
G2(0.2464)
(-1.4181)
(-0.2352)
G3(-1.1797)
(0.6412)
(0.7487)
G4(-0.2581)
(0.4347)
(-0.1277)
A1(-4.2009)
(8.9430)
(3.2524)
A2(-0.4932)
(9.8976)
(0.9050)
A3(-3.5865)
(9.5720)
(-5.2098)
A4(-0.1053)
(9.5529)
(-3.0598)
G1(0.6763)
(-0.2006)
(0.3246)
G2(0.1857)
(-0.5098)
(-0.1192)
G3(-1.1025)
(0.7561)
(0.3214)
G4(-0.3805)
(-0.0713)
(0.0814)
A1(-2.7303)
(9.6807)
(1.2263)
A2(-0.6273)
(10.0556)
(-0.0335)
A3(-3.1891)
(10.2137)
(-3.1220)
A4(0.1724)
(9.5768)
(-2.0973)
G1(0.7466)
(0.2033)
(0.6071)
G2(0.3225)
(0.8945)
(-0.3523)
G3(-0.5039)
(0.4289)
(0.0192)
G4(-0.1181)
(-0.0154)
(0.0261)
A1(-2.6202)
(9.8771)
(2.0501)
A2(0.8332)
(9.1602)
(-0.5555)
A3(-1.6712)
(10.2232)
(-2.1356)
A4(-0.4549)
(10.1227)
(-1.5945)
G1(0.2740)
(0.2054)
(0.2187)
G2(0.6742)
(-0.3900)
(0.0341)
G3(-0.4299)
(-0.6992)
(0.3757)
G4(-0.0740)
(0.1628)
(0.0372)
