A1(-0.9293)
(9.3406)
(1.6430)
A2(0.0335)
(9.5720)
(0.0670)
A3(-1.7478)
(8.9064)
(-3.6344)
A4(-0.4645)
(9.5768)
(-2.6863)
G1(-0.2815)
(-0.0559)
(-0.0303)
G2(-0.0692)
(0.0756)
(-0.0388)
G3(-0.0372)
(0.0756)
(-0.0468)
G4(-0.0261)
(-0.0362)
(-0.0357)
A1(-2.8261)
(9.4651)
(1.6765)
A2(-0.0479)
(9.6582)
(-0.0383)
A3(-1.3551)
(9.0453)
(-3.0167)
A4(-0.5411)
(9.4379)
(-2.6049)
G1(0.1644)
(0.0564)
(-0.0559)
G2(-0.0639)
(-0.0074)
(-0.0325)
G3(-0.0255)
(-0.0186)
(-0.0490)
G4(0.1080)
(0.1383)
(-0.0383)
A1(-2.6872)
(8.6269)
(1.4705)
A2(-0.0910)
(9.4906)
(0.1484)
A3(-1.8052)
(9.0214)
(-3.5674)
A4(-0.1197)
(9.4332)
(-3.1651)
G1(0.1288)
(0.1740)
(0.0090)
G2(-0.2661)
(0.0048)
(-0.0234)
G3(-0.0128)
(0.1261)
(-0.0894)
G4(0.1788)
(0.3108)
(-0.0867)
A1(-2.5866)
(8.8568)
(2.0501)
A2(0.1293)
(9.5433)
(0.3687)
A3(-1.7095)
(9.8402)
(-2.3176)
A4(0.0910)
(9.9216)
(-0.7326)
G1(-0.7801)
(0.1059)
(0.3171)
G2(-0.3491)
(0.2315)
(0.0229)
G3(0.3108)
(0.3693)
(-0.0319)
G4(0.7535)
(0.1304)
(0.0090)
A1(-1.7340)
(7.0653)
(1.3891)
A2(0.1724)
(9.0597)
(1.2258)
A3(-2.0399)
(8.8825)
(-3.9169)
A4(0.9002)
(7.7189)
(-3.8882)
G1(-1.6660)
(1.3925)
(0.4470)
G2(-0.5193)
(-0.2868)
(0.1293)
G3(0.5614)
(0.6550)
(-0.1570)
G4(1.2015)
(0.2389)
(-0.1213)
A1(-6.1217)
(9.0196)
(5.7145)
A2(-0.3256)
(6.9576)
(2.5618)
A3(1.1205)
(9.1363)
(-5.5593)
A4(-2.3846)
(7.2688)
(-8.7771)
G1(-1.6490)
(0.7098)
(-0.0420)
G2(-1.5245)
(-0.1437)
(0.7987)
G3(1.0084)
(0.1070)
(-0.2075)
G4(0.4661)
(0.0607)
(-0.0825)
A1(-10.9117)
(12.6122)
(11.1704)
A2(2.8347)
(7.5322)
(1.4078)
A3(-4.6017)
(12.9861)
(-8.7532)
A4(-2.8778)
(7.1682)
(-9.5385)
G1(-2.2508)
(1.6895)
(-2.5669)
G2(-0.9956)
(0.7902)
(0.5002)
G3(1.1361)
(0.1261)
(-0.0357)
G4(-0.1431)
(0.6907)
(-0.0905)
A1(-6.6007)
(8.9574)
(2.0885)
A2(-0.0335)
(14.1545)
(4.2713)
A3(-10.5153)
(-1.2785)
(-16.2566)
A4(-2.5714)
(8.3414)
(-7.6902)
G1(1.1137)
(4.3208)
(-3.1746)
G2(0.1352)
(1.6629)
(1.1063)
G3(5.0636)
(-4.6469)
(-4.2425)
G4(-1.3675)
(1.1701)
(0.1756)
A1(0.1150)
(5.5229)
(1.2550)
A2(-2.7294)
(14.3987)
(6.6655)
A3(-2.1356)
(-10.4339)
(-1.6233)
A4(6.1292)
(4.8363)
(1.6424)
G1(4.9784)
(4.4389)
(-2.1056)
G2(0.9546)
(1.4415)
(0.2778)
G3(1.6841)
(-5.7426)
(-2.9676)
G4(-1.6075)
(2.0806)
(-0.7008)
A1(0.0958)
(2.8357)
(7.4054)
A2(5.8802)
(-0.5124)
(2.2601)
A3(-3.0071)
(4.9129)
(-7.5848)
A4(14.2168)
(4.3527)
(-6.9576)
G1(-1.3947)
(-5.2269)
(0.7210)
G2(1.9688)
(1.3505)
(0.1447)
G3(-3.3395)
(0.7471)
(-1.8081)
G4(-0.5513)
(-0.2006)
(0.2283)
A1(-4.4260)
(-3.1710)
(3.7458)
A2(0.3591)
(14.7914)
(4.8602)
A3(-12.9047)
(-33.4566)
(-8.2935)
A4(-0.6129)
(9.6391)
(0.1006)
G1(-1.1158)
(2.9075)
(0.0117)
G2(-0.2873)
(0.1841)
(0.1676)
G3(-1.9960)
(1.1999)
(0.6321)
G4(0.3698)
(0.3954)
(0.1197)
A1(-1.7867)
(2.8261)
(3.5446)
A2(4.4245)
(8.0110)
(4.4388)
A3(-3.4285)
(-0.6847)
(-0.5698)
A4(1.4940)
(9.0214)
(-2.3128)
G1(-2.1295)
(0.2724)
(3.1251)
G2(-0.5236)
(1.0589)
(-0.5204)
G3(-0.1463)
(-0.1128)
(0.7178)
G4(0.1378)
(0.0553)
(0.0426)
A1(-8.9861)
(13.6085)
(0.9915)
A2(-4.2090)
(11.1522)
(4.0989)
A3(-4.8985)
(-1.9728)
(-6.6272)
A4(1.3360)
(9.7348)
(-2.2362)
G1(-0.3773)
(-4.3213)
(3.5359)
G2(0.5683)
(0.8046)
(-0.3831)
G3(2.0077)
(1.9539)
(2.7909)
G4(0.2623)
(-0.2171)
(0.1522)
A1(0.8478)
(9.4460)
(2.8644)
A2(-0.2634)
(7.9104)
(3.1077)
A3(-9.3374)
(-7.8099)
(-6.5457)
A4(1.7190)
(8.6862)
(-4.2138)
G1(-0.4629)
(0.9142)
(0.5028)
G2(0.4001)
(-0.2017)
(-0.1032)
G3(-4.3309)
(6.7834)
(2.4174)
G4(0.0851)
(-0.0958)
(0.1075)
A1(-11.6542)
(3.8608)
(9.7813)
A2(3.3902)
(9.2512)
(2.2649)
A3(4.8507)
(5.3295)
(-10.9128)
A4(2.5905)
(10.2711)
(-1.1923)
G1(1.3606)
(-1.4575)
(1.0887)
G2(0.3049)
(-0.1724)
(-0.2304)
G3(-5.5116)
(1.1914)
(3.0772)
G4(0.3214)
(-1.2654)
(0.5028)
A1(-5.7433)
(11.3620)
(2.2944)
A2(5.5737)
(7.5369)
(2.2027)
A3(-0.4166)
(13.5560)
(-16.7929)
A4(1.0918)
(7.7668)
(-8.8633)
G1(0.0287)
(1.4239)
(-0.0628)
G2(-0.0873)
(-2.6260)
(0.0341)
G3(-0.3719)
(1.5415)
(0.3602)
G4(0.5651)
(-0.4028)
(0.3214)
A1(0.2251)
(11.9368)
(2.5483)
A2(0.0622)
(10.2089)
(1.7142)
A3(-0.0431)
(12.1578)
(-3.2465)
A4(5.4396)
(6.7277)
(-7.8195)
G1(0.2804)
(-0.0979)
(0.5342)
G2(-0.5561)
(1.9486)
(0.0745)
G3(0.2368)
(-0.5146)
(-0.3491)
G4(-0.1862)
(-1.4963)
(1.5107)
A1(-1.2167)
(10.1932)
(1.5041)
A2(3.8307)
(7.0102)
(2.2075)
A3(0.8284)
(7.8865)
(-4.4580)
A4(-0.0958)
(7.7620)
(-4.0510)
G1(0.1676)
(0.9131)
(-0.1458)
G2(0.2123)
(-2.1513)
(0.2235)
G3(-0.3523)
(0.0628)
(-0.0335)
G4(-0.3634)
(0.3299)
(-0.0458)
A1(-1.8202)
(9.3693)
(-0.2730)
A2(1.4222)
(8.2217)
(0.1053)
A3(0.8332)
(9.2991)
(-3.2274)
A4(3.6296)
(8.6048)
(-4.7118)
G1(0.1623)
(0.0170)
(-0.0149)
G2(0.6997)
(-0.0660)
(0.0064)
G3(-0.3331)
(0.1969)
(-0.1229)
G4(-0.2309)
(0.6024)
(-0.2107)
A1(-0.8383)
(9.7669)
(0.2539)
A2(3.2130)
(8.6239)
(1.1205)
A3(-0.3783)
(9.0644)
(-3.1795)
A4(3.1891)
(8.1786)
(-4.9177)
G1(0.4592)
(0.4236)
(0.0724)
G2(-0.1059)
(0.5587)
(-0.0468)
G3(-0.1687)
(0.1208)
(-0.0968)
G4(-0.1830)
(0.2246)
(0.0128)
