A1(-0.8095)
(8.9478)
(-1.9735)
A2(-0.0575)
(8.9926)
(-1.2258)
A3(2.2984)
(8.7724)
(-3.1556)
A4(-0.1628)
(9.3757)
(-3.4812)
G1(-0.1101)
(0.5459)
(0.2230)
G2(0.0974)
(0.1884)
(0.0112)
G3(0.0378)
(0.3688)
(0.0383)
G4(-0.0575)
(0.0830)
(0.1458)
A1(-0.6706)
(9.1681)
(-1.3700)
A2(2.6528)
(9.0932)
(-1.2354)
A3(2.6528)
(8.8298)
(-3.2226)
A4(2.4134)
(10.8457)
(-1.8962)
G1(0.0154)
(0.1165)
(0.0649)
G2(-0.0607)
(0.0431)
(0.1676)
G3(-0.1059)
(0.5098)
(0.0037)
G4(0.1777)
(0.7317)
(-0.2453)
A1(0.3161)
(9.1298)
(-1.6047)
A2(1.8148)
(9.7252)
(-0.9529)
A3(1.8531)
(9.3565)
(-1.6759)
A4(5.3726)
(16.2758)
(-0.9529)
G1(-0.9168)
(0.5013)
(0.2017)
G2(-0.1346)
(-0.0889)
(0.0213)
G3(-0.1916)
(0.4289)
(0.0096)
G4(1.6453)
(0.3996)
(-0.5710)
A1(0.6035)
(9.1442)
(-0.8766)
A2(2.9784)
(8.8250)
(0.8380)
A3(3.0502)
(9.8785)
(-1.0295)
A4(4.6495)
(13.8481)
(-7.2161)
G1(-0.9727)
(0.4284)
(0.1958)
G2(-0.3411)
(0.1990)
(0.0676)
G3(-0.0692)
(-0.0037)
(0.0543)
G4(1.5107)
(-0.0053)
(-0.0053)
A1(1.4897)
(10.3513)
(0.9197)
A2(5.7748)
(8.5952)
(4.7836)
A3(2.5283)
(9.0597)
(-2.0446)
A4(-0.3591)
(10.8649)
(-13.7619)
G1(-0.3927)
(-1.8874)
(-0.0878)
G2(-3.6221)
(-0.7444)
(0.2687)
G3(0.2091)
(-0.2756)
(0.0303)
G4(2.4232)
(0.6875)
(0.0043)
A1(0.5365)
(10.2651)
(2.3471)
A2(2.5714)
(11.1618)
(8.7580)
A3(2.9880)
(9.4858)
(-2.3080)
A4(5.0278)
(-1.4030)
(-8.8873)
G1(-0.4486)
(-1.4585)
(-0.1570)
G2(-3.6625)
(-1.0722)
(1.5256)
G3(0.0803)
(-0.5241)
(-0.0639)
G4(5.3807)
(2.3126)
(2.0369)
A1(1.0346)
(10.1549)
(1.4370)
A2(10.2999)
(7.8530)
(8.2408)
A3(0.7566)
(8.3270)
(-4.3479)
A4(5.4253)
(-3.8642)
(-4.8028)
G1(-0.6407)
(-2.7053)
(-0.0165)
G2(-3.6625)
(-2.4754)
(1.7597)
G3(-0.1830)
(-1.6772)
(0.0729)
G4(0.7003)
(5.5691)
(0.6843)
A1(-1.5232)
(11.0363)
(4.2440)
A2(8.9878)
(6.5793)
(5.6551)
A3(2.9832)
(8.8059)
(-3.8499)
A4(7.0054)
(-5.5498)
(-2.2505)
G1(0.4135)
(-0.6721)
(-0.6178)
G2(-1.0461)
(-2.6137)
(2.3652)
G3(-0.3709)
(-2.0939)
(0.1075)
G4(-3.3300)
(3.1703)
(3.3667)
A1(-1.3987)
(4.2775)
(2.6345)
A2(10.5105)
(4.5586)
(2.8299)
A3(3.1795)
(7.8003)
(-5.5115)
A4(2.9353)
(-5.4779)
(-3.3854)
G1(0.4624)
(-0.4864)
(0.2214)
G2(-0.6306)
(-3.6540)
(2.1034)
G3(-0.7434)
(-1.6501)
(0.0463)
G4(-2.2093)
(2.5243)
(3.6992)
A1(-3.1758)
(8.4688)
(1.8585)
A2(6.4979)
(1.8196)
(0.7661)
A3(-2.2793)
(10.7021)
(0.9768)
A4(5.3199)
(-2.5809)
(-5.8131)
G1(-0.1059)
(-0.0160)
(-0.2230)
G2(1.9183)
(-3.5247)
(1.4404)
G3(-0.7466)
(-1.1855)
(-0.3682)
G4(-3.4832)
(-2.0481)
(2.7760)
A1(-1.5424)
(9.7238)
(3.7746)
A2(6.3255)
(0.7805)
(-0.9290)
A3(-3.9121)
(8.9352)
(-0.4357)
A4(27.4471)
(-2.3559)
(-8.6766)
G1(0.1485)
(0.4129)
(0.0122)
G2(3.4422)
(-1.1893)
(0.0931)
G3(-0.1341)
(-0.3155)
(-0.2506)
G4(-0.8253)
(4.2979)
(0.4879)
A1(0.2347)
(9.5178)
(3.5686)
A2(17.9421)
(0.2969)
(11.8130)
A3(0.4788)
(9.4906)
(-0.9529)
A4(10.2089)
(-0.7039)
(-4.2617)
G1(0.3821)
(0.3539)
(0.2613)
G2(-1.8092)
(-4.1249)
(1.3095)
G3(-0.3171)
(-0.7897)
(0.3496)
G4(-0.7364)
(0.6114)
(-1.6735)
A1(-2.8692)
(8.3347)
(2.5627)
A2(0.0096)
(-4.0941)
(12.1530)
A3(-0.4645)
(10.8840)
(1.9249)
A4(2.6528)
(-5.2241)
(-1.6185)
G1(0.3576)
(0.3177)
(0.1075)
G2(-3.7849)
(6.9105)
(-2.0683)
G3(0.2554)
(1.5814)
(-0.0591)
G4(-0.0910)
(-1.8406)
(-1.8076)
A1(-1.1736)
(9.8004)
(1.8825)
A2(4.5011)
(-2.3894)
(8.6287)
A3(-1.0726)
(10.2232)
(0.4214)
A4(8.1068)
(-0.8475)
(-4.1563)
G1(0.3459)
(1.0046)
(0.1208)
G2(-2.2790)
(-2.3876)
(0.0011)
G3(0.2788)
(1.6618)
(-0.0298)
G4(-0.1059)
(-3.8871)
(-2.5313)
A1(-0.4407)
(9.8675)
(1.0059)
A2(10.9032)
(1.6664)
(1.7382)
A3(1.1732)
(9.3996)
(-1.5323)
A4(7.8243)
(1.9201)
(-7.1204)
G1(0.3171)
(0.4603)
(0.3022)
G2(-1.2180)
(3.9100)
(-2.0476)
G3(0.4204)
(1.9683)
(0.0069)
G4(-0.4879)
(-1.8347)
(-3.4582)
A1(-0.6227)
(10.2315)
(-0.5413)
A2(6.6750)
(2.2601)
(0.5842)
A3(2.2553)
(8.7340)
(-3.9552)
A4(5.7700)
(7.1587)
(-9.0261)
G1(0.2645)
(1.4585)
(0.0181)
G2(-0.3406)
(0.0160)
(-2.0896)
G3(0.2953)
(0.8471)
(0.1623)
G4(-0.1612)
(-1.2717)
(-2.2891)
A1(0.7185)
(9.5034)
(0.1916)
A2(8.2552)
(5.6264)
(2.9784)
A3(2.1883)
(9.2847)
(-1.0008)
A4(4.9321)
(8.2361)
(-8.6143)
G1(0.3060)
(0.6614)
(0.2543)
G2(0.5747)
(2.7090)
(-2.5408)
G3(0.0064)
(0.8908)
(0.0979)
G4(-0.0841)
(-1.0722)
(-1.6134)
A1(-0.6179)
(10.0782)
(-1.7053)
A2(11.1666)
(6.1531)
(3.1987)
A3(3.4141)
(9.0453)
(-1.9872)
A4(5.6743)
(8.9352)
(-8.0158)
G1(0.6577)
(-0.7258)
(0.0537)
G2(0.7620)
(1.2590)
(-2.1779)
G3(0.1772)
(0.4597)
(0.1000)
G4(-0.2756)
(-0.3225)
(-1.3697)
A1(-0.6802)
(9.9058)
(-0.3736)
A2(7.6567)
(6.8043)
(3.7924)
A3(2.7725)
(8.9064)
(-2.5235)
A4(3.0646)
(9.0836)
(-6.2441)
G1(0.2868)
(0.0351)
(-0.2453)
G2(1.1526)
(1.2217)
(-2.0822)
G3(0.0660)
(0.4374)
(0.0569)
G4(-0.5342)
(-0.2927)
(-0.6385)
A1(-0.9101)
(8.8520)
(-1.3891)
A2(7.5034)
(8.3797)
(2.8252)
A3(2.9066)
(8.1642)
(-3.4860)
A4(2.4660)
(9.5241)
(-5.2194)
G1(0.6188)
(0.3044)
(-0.1000)
G2(1.5186)
(0.9206)
(-1.2324)
G3(-0.0319)
(0.1064)
(0.1431)
G4(-0.5369)
(-0.2288)
(0.0500)
