A1(2.6872)
(9.9154)
(0.9532)
A2(2.0925)
(9.0692)
(-0.8571)
A3(0.8092)
(9.5050)
(-1.1061)
A4(3.1364)
(10.8409)
(-0.3687)
G1(-1.1403)
(0.8955)
(0.0133)
G2(-0.0623)
(0.5832)
(0.1181)
G3(0.8354)
(0.1250)
(0.2070)
G4(0.4140)
(-0.2017)
(0.0064)
A1(0.0000)
(9.6471)
(-0.0910)
A2(3.8642)
(8.6383)
(1.7621)
A3(2.6767)
(7.3694)
(-6.3925)
A4(5.8610)
(15.3468)
(-2.4517)
G1(-1.2058)
(-1.7315)
(-0.2959)
G2(-0.0702)
(0.0553)
(0.2889)
G3(0.6774)
(0.2198)
(0.2091)
G4(1.3904)
(0.0740)
(-0.6481)
A1(-0.6275)
(9.8531)
(1.8058)
A2(5.3630)
(7.9296)
(1.9728)
A3(2.3750)
(8.2552)
(-4.1946)
A4(5.9711)
(15.4187)
(-6.9863)
G1(-1.3521)
(-0.6183)
(0.1133)
G2(-0.8663)
(-0.1926)
(0.2219)
G3(0.4246)
(0.0197)
(0.2176)
G4(1.2031)
(0.3230)
(-0.0202)
A1(2.7016)
(11.5440)
(3.0896)
A2(7.0390)
(8.9495)
(4.5155)
A3(2.6288)
(7.2975)
(-7.3694)
A4(6.7564)
(16.4960)
(-11.8992)
G1(-0.5821)
(-1.9672)
(-1.0642)
G2(-3.0346)
(-1.3415)
(0.3134)
G3(0.1878)
(-0.9637)
(0.3416)
G4(0.7066)
(0.9280)
(1.8858)
A1(-0.9915)
(12.1284)
(3.4057)
A2(3.6248)
(8.2887)
(6.6894)
A3(4.7740)
(7.3263)
(-6.3159)
A4(4.2760)
(1.7334)
(-11.5305)
G1(-0.3475)
(-3.0996)
(-1.0573)
G2(-3.1347)
(-1.2260)
(2.3998)
G3(-0.2724)
(-1.3713)
(0.6258)
G4(2.4786)
(2.9176)
(4.6118)
A1(-0.7185)
(8.5694)
(6.9503)
A2(14.2934)
(8.4276)
(5.7174)
A3(5.0087)
(7.2544)
(-6.5122)
A4(7.7285)
(-6.5314)
(-2.1261)
G1(0.4917)
(-0.8328)
(-0.6731)
G2(-3.3395)
(-2.6196)
(2.9809)
G3(-0.7737)
(-1.3606)
(0.0910)
G4(-0.2006)
(4.1579)
(2.9096)
A1(0.5125)
(5.8774)
(4.3877)
A2(10.2663)
(5.7461)
(5.7461)
A3(3.7206)
(6.1052)
(-5.1906)
A4(3.5961)
(-10.1179)
(-1.8962)
G1(0.6566)
(-0.4039)
(-0.3932)
G2(-2.6685)
(-2.8782)
(2.5254)
G3(-1.0972)
(-1.2409)
(-0.2756)
G4(-2.2971)
(4.2718)
(2.1636)
A1(-7.8700)
(5.8534)
(3.6404)
A2(7.9487)
(3.4046)
(1.7142)
A3(6.6942)
(8.4803)
(2.4373)
A4(3.2513)
(-3.5530)
(-8.8155)
G1(0.8242)
(1.5947)
(0.1463)
G2(0.6816)
(-3.5870)
(2.2987)
G3(-1.5724)
(-2.3817)
(-0.4246)
G4(-2.5760)
(0.4076)
(2.6393)
A1(-1.2310)
(7.8940)
(6.9503)
A2(6.6846)
(-0.4022)
(-0.5507)
A3(-8.7676)
(9.2943)
(5.0470)
A4(44.2257)
(-33.9019)
(-8.5617)
G1(-0.0261)
(-2.0540)
(-0.1724)
G2(4.0723)
(-2.0662)
(1.0296)
G3(-0.1511)
(1.7794)
(-0.4007)
G4(1.7725)
(0.1091)
(-2.1572)
A1(-2.3423)
(9.1107)
(2.8597)
A2(16.9845)
(15.3373)
(13.8672)
A3(0.4166)
(11.6071)
(2.4756)
A4(11.7316)
(-1.6855)
(-4.1563)
G1(0.2256)
(1.2499)
(0.2804)
G2(-2.3376)
(-4.2947)
(0.7913)
G3(-0.4198)
(-1.6410)
(0.5018)
G4(-0.6332)
(-0.7343)
(0.4353)
A1(0.9436)
(9.1107)
(3.2045)
A2(7.8290)
(-7.5848)
(11.9854)
A3(-2.1356)
(9.1746)
(-3.1891)
A4(3.8882)
(-0.9768)
(0.3208)
G1(0.4401)
(0.1160)
(0.4092)
G2(-2.6834)
(5.7910)
(-2.8181)
G3(0.4103)
(1.4596)
(-0.1623)
G4(-0.7875)
(0.1777)
(-0.8040)
A1(-2.5052)
(9.7334)
(2.3519)
A2(5.4588)
(-2.4660)
(8.9830)
A3(0.7757)
(9.6007)
(-0.4597)
A4(8.4372)
(3.5578)
(1.2498)
G1(0.3650)
(1.7560)
(0.1346)
G2(0.7588)
(-2.6861)
(-0.0649)
G3(0.3060)
(1.7719)
(-0.2762)
G4(1.4846)
(1.0115)
(-4.7592)
A1(-1.1065)
(9.8675)
(2.1124)
A2(10.5776)
(1.0822)
(-0.3735)
A3(-0.0431)
(9.0692)
(-2.4804)
A4(5.6790)
(0.0862)
(-5.4444)
G1(0.3198)
(0.9190)
(0.2927)
G2(-0.3278)
(-1.3973)
(-1.2084)
G3(0.2432)
(1.4968)
(0.0410)
G4(-0.0452)
(-2.1215)
(-4.1728)
A1(1.6717)
(8.7466)
(1.0203)
A2(7.5369)
(3.0550)
(-1.4078)
A3(0.8523)
(9.2081)
(-2.2027)
A4(4.2760)
(3.3950)
(-9.0214)
G1(0.2943)
(0.8232)
(0.2043)
G2(-1.1733)
(3.1395)
(-1.8012)
G3(0.3932)
(1.3335)
(-0.0101)
G4(-0.9402)
(-2.4259)
(-3.2129)
A1(0.3018)
(13.1630)
(15.6922)
A2(10.2759)
(2.8012)
(0.2634)
A3(2.8204)
(9.1842)
(-2.9305)
A4(3.7158)
(5.3774)
(-10.7069)
G1(2.9107)
(-1.4255)
(-0.4667)
G2(0.6061)
(2.8159)
(-2.2652)
G3(0.4353)
(1.4239)
(-0.0750)
G4(-1.2377)
(-1.9380)
(-2.3285)
A1(0.3257)
(9.9441)
(0.6754)
A2(8.0589)
(6.0047)
(5.2960)
A3(3.6727)
(9.1123)
(-1.8004)
A4(2.4134)
(11.3964)
(-11.4634)
G1(0.4970)
(-0.1458)
(-0.3453)
G2(0.7396)
(1.4234)
(-3.0878)
G3(0.3810)
(-0.0319)
(0.0761)
G4(-2.4227)
(-1.5527)
(-1.7507)
A1(-2.3423)
(10.9979)
(-1.1352)
A2(12.0093)
(10.3238)
(3.4237)
A3(0.4022)
(8.9064)
(-3.8020)
A4(5.3056)
(12.9670)
(-7.3789)
G1(-0.0436)
(0.9158)
(0.1431)
G2(2.6755)
(1.7953)
(-3.1102)
G3(0.5023)
(0.0298)
(-0.0846)
G4(0.5880)
(-0.9998)
(-0.3150)
A1(0.1820)
(9.1346)
(-0.0814)
A2(2.8491)
(7.5322)
(2.8970)
A3(2.7007)
(7.9679)
(-4.2138)
A4(1.7190)
(11.8178)
(-3.2561)
G1(0.0202)
(0.0612)
(-0.0234)
G2(1.5298)
(-1.3207)
(-2.7116)
G3(0.3922)
(0.7146)
(-0.1421)
G4(-0.6944)
(1.5591)
(-0.0724)
A1(0.1198)
(10.5668)
(-2.0597)
A2(4.2234)
(9.2129)
(1.9393)
A3(2.2601)
(7.9918)
(-5.1715)
A4(-2.1117)
(9.8641)
(-2.2027)
G1(0.1362)
(0.4550)
(-0.1772)
G2(1.5176)
(1.3000)
(-1.3228)
G3(0.2804)
(-0.2160)
(-0.0772)
G4(-0.3677)
(-0.0942)
(-0.2256)
A1(-2.6633)
(10.4758)
(0.7856)
A2(4.2282)
(10.1706)
(-0.7566)
A3(1.5897)
(8.0158)
(-5.1380)
A4(0.6943)
(8.8202)
(-5.7221)
G1(1.2068)
(-0.6992)
(-1.0121)
G2(0.9551)
(1.8533)
(0.1878)
G3(-0.0500)
(-0.2469)
(-0.1655)
G4(-0.3065)
(-0.3299)
(-0.1932)
