A1(1.6478)
(8.9717)
(-1.4226)
A2(1.6616)
(9.5624)
(0.4693)
A3(0.5746)
(9.2847)
(-2.9353)
A4(3.4333)
(8.8825)
(-3.1316)
G1(-0.4587)
(-0.5518)
(0.2655)
G2(-0.0128)
(0.4060)
(-0.0197)
G3(0.2373)
(-0.0803)
(0.0447)
G4(-0.1437)
(-0.3783)
(0.1171)
A1(-1.0969)
(11.3572)
(-0.3736)
A2(3.0742)
(9.1985)
(0.2346)
A3(0.9577)
(9.1171)
(-3.1029)
A4(4.3144)
(10.9511)
(2.2362)
G1(-0.4645)
(-0.9009)
(0.1495)
G2(0.1171)
(-0.5034)
(0.1905)
G3(0.2687)
(-0.1612)
(0.1101)
G4(0.6545)
(-0.8083)
(-0.0458)
A1(2.1938)
(9.1729)
(-1.8250)
A2(2.5187)
(8.8202)
(0.3400)
A3(0.7518)
(8.7915)
(-3.5578)
A4(11.2432)
(14.2934)
(-4.9225)
G1(-0.8493)
(-0.3650)
(-0.1495)
G2(-0.0995)
(-0.4262)
(0.0681)
G3(0.0021)
(-0.0777)
(0.0873)
G4(1.7437)
(0.5763)
(-0.5656)
A1(1.4658)
(9.0915)
(4.3925)
A2(2.1500)
(7.4939)
(4.4005)
A3(2.1308)
(8.5665)
(-4.3527)
A4(6.3255)
(12.7228)
(-10.4962)
G1(-1.0094)
(-1.5814)
(-0.7093)
G2(-2.5717)
(-0.7806)
(-0.0649)
G3(0.1054)
(-0.3986)
(0.0005)
G4(0.4427)
(0.4805)
(0.8854)
A1(-1.1448)
(12.5020)
(2.0022)
A2(8.5281)
(7.6567)
(8.9112)
A3(2.5666)
(8.9160)
(-3.4955)
A4(4.2377)
(-0.0622)
(-12.8904)
G1(-0.6311)
(-1.6533)
(-0.9956)
G2(-4.9258)
(-2.1029)
(1.1148)
G3(0.1043)
(-0.7295)
(-0.0309)
G4(3.4986)
(0.9333)
(5.1684)
A1(-1.2071)
(8.2005)
(7.7934)
A2(13.1537)
(8.5186)
(9.5672)
A3(-0.0718)
(8.9064)
(-6.5266)
A4(3.2417)
(-7.6519)
(-3.0502)
G1(0.1830)
(1.1845)
(-0.0761)
G2(-4.3101)
(-3.5529)
(2.6223)
G3(-0.4512)
(-1.1653)
(0.0314)
G4(4.0323)
(3.1485)
(5.0689)
A1(1.7100)
(8.2532)
(4.9098)
A2(12.2487)
(7.8243)
(4.6448)
A3(0.5124)
(8.5521)
(-2.9832)
A4(-0.9912)
(-13.8002)
(-5.4109)
G1(0.4661)
(-1.2345)
(-0.5034)
G2(-1.2505)
(-2.5823)
(2.0071)
G3(-1.0685)
(-1.5554)
(-0.2607)
G4(1.1137)
(3.2038)
(1.6192)
A1(-17.0861)
(3.9949)
(0.2682)
A2(5.7078)
(1.7861)
(2.8491)
A3(0.7518)
(10.5728)
(3.1268)
A4(4.9081)
(24.4400)
(13.6757)
G1(0.4576)
(0.4145)
(0.3874)
G2(2.8590)
(-3.6551)
(2.0997)
G3(-0.6572)
(-2.6324)
(-0.0367)
G4(-2.0465)
(-4.4767)
(0.8711)
A1(2.0310)
(5.6475)
(6.3037)
A2(6.6990)
(8.6479)
(-4.3670)
A3(-15.6485)
(8.9352)
(-7.2880)
A4(1.8100)
(-8.9208)
(-5.2002)
G1(-0.1336)
(-1.1909)
(-0.3501)
G2(5.9112)
(-1.0030)
(1.0807)
G3(-0.1181)
(1.0371)
(-0.5007)
G4(0.1325)
(-1.0860)
(0.1266)
A1(-2.1316)
(10.8494)
(2.1699)
A2(-0.2346)
(-1.0391)
(16.1034)
A3(1.7621)
(10.9654)
(2.7198)
A4(8.5952)
(-7.4986)
(-6.0861)
G1(0.3794)
(1.8959)
(0.1761)
G2(-4.1803)
(2.3748)
(-1.9113)
G3(0.1618)
(-0.1650)
(0.3033)
G4(-0.3459)
(0.2772)
(-0.6784)
A1(2.0070)
(9.2352)
(2.8261)
A2(2.8204)
(0.9002)
(5.0230)
A3(-3.6296)
(9.0405)
(-1.5706)
A4(17.4968)
(-10.3813)
(-5.2098)
G1(-0.0649)
(1.9614)
(0.3767)
G2(-1.2068)
(0.0607)
(-0.5369)
G3(0.1240)
(1.4873)
(-0.2474)
G4(-0.9940)
(-4.0797)
(-4.5458)
A1(-2.9986)
(9.7765)
(1.9783)
A2(13.5225)
(2.7677)
(-0.3591)
A3(0.7997)
(9.7300)
(-1.4078)
A4(7.0006)
(-0.7518)
(-5.9855)
G1(0.3746)
(0.7939)
(0.4438)
G2(-1.8172)
(0.0027)
(-1.2191)
G3(0.4411)
(0.8131)
(0.1197)
G4(-0.4315)
(-1.7698)
(-5.0402)
A1(-0.7377)
(9.8052)
(1.3795)
A2(6.9719)
(3.8690)
(0.4788)
A3(-0.0144)
(8.8107)
(-4.1707)
A4(2.6959)
(3.1987)
(-8.2265)
G1(0.7295)
(-0.0958)
(0.2384)
G2(-0.4826)
(4.4708)
(-0.8551)
G3(0.1889)
(1.1345)
(0.0436)
G4(-0.3363)
(-1.3681)
(-3.0235)
A1(-0.1341)
(9.4412)
(-0.5988)
A2(8.9735)
(4.5538)
(4.3144)
A3(0.6847)
(9.2177)
(-4.2808)
A4(2.9209)
(5.7748)
(-11.7651)
G1(0.5949)
(0.7689)
(-0.1261)
G2(0.7237)
(1.0828)
(-1.4112)
G3(-0.0968)
(0.5140)
(0.0351)
G4(-1.2925)
(-0.9780)
(-1.1446)
A1(0.3449)
(10.0399)
(0.2491)
A2(6.7086)
(6.2920)
(5.7988)
A3(1.8914)
(9.8258)
(-0.9768)
A4(4.9656)
(10.4052)
(-8.8825)
G1(0.0399)
(0.9126)
(0.0239)
G2(1.4591)
(2.5877)
(-2.7707)
G3(-0.4864)
(0.7843)
(-0.1304)
G4(-2.3429)
(-2.1694)
(0.7913)
A1(-1.9687)
(9.3406)
(-0.2060)
A2(8.6143)
(8.4372)
(4.2808)
A3(0.3687)
(8.7963)
(-1.6376)
A4(4.2569)
(10.3525)
(-2.0830)
G1(0.3613)
(-0.0138)
(-0.3496)
G2(2.4036)
(-0.1229)
(-2.2056)
G3(-0.0968)
(0.2959)
(-0.1117)
G4(-1.6208)
(-1.3500)
(0.1426)
A1(-2.0262)
(9.5513)
(-1.0394)
A2(5.1427)
(9.4571)
(3.1843)
A3(-0.1867)
(9.1602)
(-3.1603)
A4(8.3175)
(9.7444)
(-6.0621)
G1(0.0176)
(0.4943)
(0.0255)
G2(2.0869)
(-0.7529)
(-1.7650)
G3(0.1229)
(-0.0686)
(-0.0575)
G4(-0.7450)
(-0.1862)
(0.0686)
A1(-2.3375)
(8.8233)
(-1.7388)
A2(1.6089)
(10.1897)
(3.0694)
A3(0.3879)
(9.8545)
(-1.8531)
A4(1.7957)
(8.5521)
(-1.8483)
G1(-0.0734)
(0.3076)
(-0.3485)
G2(1.4426)
(1.7874)
(-0.7178)
G3(0.3773)
(0.1027)
(-0.1820)
G4(-0.4539)
(0.0277)
(-0.3650)
A1(-2.2274)
(10.2986)
(0.0096)
A2(5.2720)
(10.1323)
(-1.8340)
A3(0.5315)
(8.5138)
(-3.9409)
A4(1.8723)
(9.7540)
(-2.3655)
G1(0.2331)
(0.2959)
(-0.0846)
G2(1.3856)
(1.2265)
(0.3108)
G3(0.3746)
(0.3108)
(-0.2841)
G4(-0.1761)
(0.0410)
(-0.2799)
A1(-2.3471)
(9.1825)
(0.7712)
A2(-0.4405)
(10.1418)
(1.0822)
A3(-0.0718)
(9.1171)
(-3.8116)
A4(1.1253)
(8.9830)
(-4.6304)
G1(0.9903)
(0.3613)
(-0.3980)
G2(0.2352)
(-0.5859)
(-0.2192)
G3(0.1038)
(0.0559)
(-0.2724)
G4(-0.1086)
(-0.0873)
(-0.1618)
