A1(-7.5587)
(9.9489)
(5.7672)
A2(0.6895)
(11.1043)
(2.4181)
A3(1.4030)
(10.5489)
(-0.9912)
A4(4.1611)
(8.9304)
(-6.9384)
G1(-2.7111)
(-0.1442)
(-0.0553)
G2(-1.0387)
(0.4879)
(0.5741)
G3(0.2911)
(0.8828)
(-0.3884)
G4(-0.6385)
(0.0282)
(-0.1474)
A1(-2.7926)
(12.5643)
(8.0377)
A2(4.3718)
(11.9566)
(0.7853)
A3(-7.4891)
(16.7546)
(2.9305)
A4(-2.9736)
(9.8737)
(-3.1316)
G1(-3.4752)
(-0.5108)
(-0.6928)
G2(0.0942)
(0.7492)
(-0.1501)
G3(1.2654)
(-0.6050)
(0.2277)
G4(-0.6838)
(0.2235)
(-0.1618)
A1(-9.7669)
(9.7142)
(6.8210)
A2(4.1084)
(9.1937)
(-0.6752)
A3(-6.8953)
(12.5360)
(-7.1395)
A4(-1.6759)
(8.3079)
(-4.9895)
G1(-3.4374)
(2.3413)
(0.1357)
G2(0.2336)
(-0.5007)
(-0.0889)
G3(1.2132)
(-0.4156)
(-0.2687)
G4(-0.5257)
(0.3395)
(-0.0952)
A1(-6.8498)
(8.1479)
(5.0343)
A2(-3.8307)
(7.3981)
(3.8786)
A3(-7.0581)
(9.0788)
(-11.9231)
A4(-0.0527)
(8.3270)
(-6.4979)
G1(-3.4508)
(2.2013)
(-1.3154)
G2(-0.3986)
(-0.7263)
(0.1431)
G3(2.5504)
(-0.3155)
(-0.2629)
G4(-0.7215)
(0.8732)
(0.1607)
A1(-9.0580)
(5.9684)
(0.5077)
A2(1.5754)
(10.9990)
(2.1787)
A3(-6.0908)
(-6.3351)
(-6.4596)
A4(1.2258)
(9.7779)
(-2.2984)
G1(1.2366)
(5.3988)
(-2.6350)
G2(0.0750)
(2.4557)
(0.2772)
G3(3.8573)
(-1.9470)
(-3.6019)
G4(-0.8354)
(1.5346)
(-0.0947)
A1(-7.2090)
(5.4175)
(0.5125)
A2(3.2657)
(10.3477)
(1.3934)
A3(-6.2632)
(-7.8865)
(-4.0893)
A4(-0.4597)
(10.7164)
(0.1676)
G1(1.9960)
(5.8272)
(-2.1556)
G2(-0.0633)
(1.4702)
(0.2921)
G3(2.9777)
(-4.8768)
(-2.4552)
G4(-0.7551)
(1.2739)
(-0.1006)
A1(-4.1673)
(6.0786)
(0.1437)
A2(2.2889)
(8.5712)
(5.5689)
A3(-4.1659)
(-7.2880)
(0.4980)
A4(-0.3352)
(9.9982)
(-0.0287)
G1(5.1737)
(0.2166)
(-1.1637)
G2(0.8296)
(0.7194)
(0.4411)
G3(0.2719)
(-3.6891)
(-2.1971)
G4(-0.1197)
(0.8477)
(0.2469)
A1(-13.9630)
(8.0760)
(-3.5303)
A2(-0.8859)
(6.5218)
(3.4764)
A3(-4.8985)
(-8.5234)
(-3.7637)
A4(4.5969)
(8.4611)
(-3.0646)
G1(5.9900)
(1.8262)
(-0.7583)
G2(0.7519)
(1.8193)
(0.5593)
G3(0.1272)
(-2.2705)
(-2.8942)
G4(-0.0724)
(0.3044)
(0.2182)
A1(0.4694)
(-4.9816)
(11.1560)
A2(0.7661)
(7.0629)
(4.8076)
A3(-2.5714)
(-6.6463)
(-8.5377)
A4(11.5401)
(6.7852)
(-4.0558)
G1(0.1852)
(-2.0242)
(0.0410)
G2(0.2410)
(0.4826)
(0.0490)
G3(-3.0336)
(3.7519)
(-4.2122)
G4(-0.3682)
(-1.0115)
(0.0213)
A1(-11.1273)
(0.1629)
(1.3173)
A2(1.2402)
(7.9487)
(-1.2641)
A3(-18.6460)
(9.8881)
(3.0358)
A4(0.7805)
(9.2512)
(-1.1827)
G1(-2.5898)
(1.7315)
(0.8258)
G2(-0.1948)
(-0.6971)
(-0.1852)
G3(0.1027)
(-1.1717)
(2.4185)
G4(-0.0144)
(0.2480)
(-0.1628)
A1(-1.7148)
(-1.6286)
(-1.8202)
A2(12.0859)
(6.3494)
(-0.3831)
A3(-11.0325)
(5.2241)
(-2.4421)
A4(2.0734)
(9.3039)
(-3.7254)
G1(-1.6043)
(-0.4491)
(0.9796)
G2(-0.1586)
(-0.6045)
(-0.6838)
G3(-0.0085)
(-4.0276)
(1.8039)
G4(-0.1123)
(-0.9541)
(-0.1368)
A1(-7.9131)
(2.9123)
(-0.2826)
A2(1.5802)
(7.5226)
(3.6392)
A3(3.0119)
(-5.3965)
(-0.8954)
A4(0.9002)
(10.0987)
(-0.6321)
G1(-0.7279)
(-2.5345)
(1.9773)
G2(-0.1219)
(0.6566)
(-0.2325)
G3(-1.1653)
(0.9243)
(1.3627)
G4(0.0351)
(-0.2953)
(-0.1070)
A1(-9.8340)
(4.5122)
(1.0346)
A2(-0.9673)
(9.7636)
(3.5674)
A3(-3.0167)
(-3.7924)
(-3.8211)
A4(1.0870)
(8.9878)
(-2.5331)
G1(-0.0591)
(-1.4330)
(2.2838)
G2(0.2730)
(-0.6242)
(-0.4603)
G3(-0.1857)
(2.3791)
(2.4413)
G4(0.3624)
(-0.6731)
(-0.1352)
A1(-8.9909)
(5.6043)
(1.4945)
A2(0.8763)
(8.7580)
(3.5338)
A3(-10.6015)
(-1.0151)
(-5.0709)
A4(-0.0670)
(8.9208)
(-2.3559)
G1(0.5119)
(-1.2606)
(2.1503)
G2(0.2118)
(-0.0069)
(-0.3826)
G3(-0.5337)
(1.6980)
(2.8431)
G4(0.2607)
(-0.9594)
(-0.0021)
A1(-7.2809)
(6.7923)
(3.4440)
A2(1.9489)
(9.6438)
(1.5945)
A3(-7.5417)
(1.0199)
(-7.6854)
A4(0.6416)
(8.6718)
(-4.6687)
G1(0.8083)
(-0.6965)
(1.6703)
G2(0.0154)
(-1.0009)
(-0.1070)
G3(-1.3872)
(1.8480)
(1.7629)
G4(0.2112)
(-0.7098)
(-0.1352)
A1(-8.0712)
(8.3490)
(3.4345)
A2(-0.9050)
(8.7436)
(2.5043)
A3(-7.5609)
(1.4940)
(-6.6128)
A4(0.0575)
(8.8250)
(-4.8890)
G1(1.0898)
(-0.8578)
(1.7288)
G2(0.0027)
(-0.8280)
(-0.3507)
G3(-2.2210)
(1.7134)
(2.0800)
G4(0.0277)
(-0.5550)
(-0.0665)
A1(-7.1419)
(7.6593)
(2.9076)
A2(1.9393)
(9.7540)
(1.0582)
A3(-5.9089)
(7.2209)
(-6.9432)
A4(-0.6416)
(9.2751)
(-4.2760)
G1(0.7918)
(-1.0898)
(1.1462)
G2(0.1841)
(-0.7694)
(-0.1937)
G3(-1.9576)
(1.4495)
(1.8406)
G4(-0.1064)
(-0.3975)
(0.0016)
A1(-5.3553)
(7.8988)
(2.5627)
A2(0.5842)
(9.6438)
(-0.2490)
A3(-6.2297)
(8.9112)
(-5.5545)
A4(0.1006)
(9.2464)
(-4.1180)
G1(1.1254)
(-1.0275)
(0.9477)
G2(0.1830)
(-1.0248)
(-0.2591)
G3(-1.4543)
(1.0855)
(1.3345)
G4(-0.2533)
(-0.2187)
(-0.0527)
A1(-5.5708)
(8.9765)
(3.6500)
A2(-1.0822)
(9.8689)
(1.6759)
A3(-5.0374)
(8.7532)
(-5.3917)
A4(0.2777)
(9.3039)
(-2.8491)
G1(1.0350)
(-0.3049)
(0.5130)
G2(0.2666)
(-1.2441)
(-0.1405)
G3(-1.4553)
(0.5949)
(1.0493)
G4(-0.2719)
(-0.2070)
(-0.0883)
A1(-3.6548)
(8.3395)
(2.3280)
A2(0.5938)
(9.7205)
(1.2115)
A3(-4.9225)
(9.5912)
(-4.3335)
A4(0.1293)
(9.8641)
(-1.6855)
G1(0.6763)
(0.2272)
(0.3650)
G2(0.4853)
(-0.2810)
(-0.3129)
G3(-1.6549)
(0.3996)
(0.3565)
G4(-0.1517)
(-0.3507)
(-0.0037)
