A1(2.8836)
(8.1958)
(0.1437)
A2(2.4469)
(9.0692)
(1.0534)
A3(0.8092)
(9.0644)
(-2.8299)
A4(5.0087)
(8.4755)
(-2.4038)
G1(-0.6832)
(0.0314)
(-0.0559)
G2(0.0772)
(0.3863)
(0.0101)
G3(0.4757)
(-0.3038)
(0.0905)
G4(-0.0761)
(-0.5593)
(-0.0144)
A1(1.1496)
(10.7632)
(1.8346)
A2(4.0654)
(8.7819)
(1.0534)
A3(1.3599)
(8.7724)
(-3.3519)
A4(7.8578)
(9.8641)
(0.0958)
G1(-1.2819)
(-1.0924)
(-0.1261)
G2(-0.1208)
(-0.4443)
(0.1389)
G3(0.5694)
(0.0686)
(0.3060)
G4(0.6784)
(-0.5417)
(-0.4730)
A1(2.6393)
(11.5584)
(3.3530)
A2(3.9456)
(7.4555)
(3.4093)
A3(2.5522)
(8.8585)
(-2.9928)
A4(7.1730)
(12.5360)
(-5.9999)
G1(-1.1547)
(0.1107)
(-0.0809)
G2(-0.6678)
(-1.2340)
(0.1937)
G3(0.5295)
(0.6167)
(-0.0048)
G4(1.2271)
(-0.1596)
(-0.1117)
A1(-0.5892)
(9.4986)
(3.4967)
A2(5.8945)
(9.0980)
(6.2297)
A3(1.8340)
(7.9966)
(-5.0422)
A4(6.3159)
(6.6798)
(-12.6414)
G1(-0.8854)
(-1.7964)
(-0.3203)
G2(-3.2177)
(-2.4185)
(0.7992)
G3(0.2857)
(-0.1373)
(-0.1091)
G4(1.4803)
(-0.4805)
(1.9827)
A1(7.0797)
(21.8761)
(5.3840)
A2(6.4643)
(7.4220)
(8.2408)
A3(3.7781)
(8.3701)
(-4.2713)
A4(6.0142)
(-2.2075)
(-15.6293)
G1(0.5571)
(-0.9945)
(-1.2521)
G2(-3.6029)
(-1.3250)
(1.3377)
G3(0.2309)
(-0.5087)
(-0.0160)
G4(3.9094)
(3.0980)
(4.0095)
A1(3.3674)
(12.7271)
(8.4400)
A2(12.0141)
(7.8099)
(12.5313)
A3(7.9057)
(8.6335)
(-13.8720)
A4(-0.0814)
(-2.7773)
(1.9489)
G1(-1.1855)
(-1.4857)
(-3.2480)
G2(-4.3341)
(-2.4243)
(2.6590)
G3(-1.0557)
(-1.1643)
(-0.6912)
G4(4.4804)
(2.9564)
(3.1868)
A1(-10.8590)
(4.6607)
(2.6393)
A2(18.6269)
(2.6049)
(4.3766)
A3(18.5072)
(-1.9489)
(-0.2921)
A4(-2.6097)
(-10.4866)
(3.1556)
G1(2.5142)
(-1.2233)
(-1.1653)
G2(-2.4142)
(-2.7239)
(0.9120)
G3(-3.6349)
(-8.2621)
(2.9889)
G4(-0.4417)
(3.8876)
(4.3128)
A1(-11.3045)
(1.8490)
(3.0560)
A2(-6.6846)
(2.6863)
(10.7691)
A3(20.2023)
(21.9069)
(12.4211)
A4(-2.0542)
(-0.8571)
(-4.9464)
G1(-0.1043)
(-1.2856)
(0.1016)
G2(3.4279)
(-7.4331)
(-0.1490)
G3(-1.7496)
(-3.0634)
(0.5050)
G4(-4.0488)
(-1.6304)
(0.6173)
A1(7.7599)
(8.8951)
(4.7948)
A2(-2.0782)
(2.6336)
(-2.0207)
A3(-4.8650)
(18.9956)
(6.8522)
A4(2.4421)
(-22.4624)
(-4.9752)
G1(0.2975)
(0.8684)
(-0.1958)
G2(5.2307)
(-1.2281)
(-1.3947)
G3(-0.1841)
(1.7432)
(-0.1006)
G4(-1.3526)
(-8.1025)
(2.8133)
A1(-0.8766)
(9.4364)
(3.5063)
A2(17.1856)
(-12.2487)
(3.7254)
A3(2.9544)
(10.8362)
(0.9864)
A4(3.4237)
(-4.9895)
(-4.5250)
G1(0.2437)
(-0.1575)
(0.0984)
G2(0.2091)
(-3.1113)
(-0.9993)
G3(0.0250)
(-1.5575)
(0.2480)
G4(-0.6348)
(0.5688)
(-1.1180)
A1(-1.6526)
(9.9633)
(1.5568)
A2(5.2912)
(0.6177)
(4.5155)
A3(0.8523)
(10.1658)
(0.2107)
A4(3.9935)
(-5.2433)
(-4.3431)
G1(0.2565)
(0.7497)
(0.3767)
G2(-0.8131)
(-1.2036)
(0.7072)
G3(0.5161)
(0.5385)
(0.0341)
G4(1.0594)
(-1.2760)
(-0.2884)
A1(0.8526)
(10.5237)
(1.7244)
A2(5.9568)
(-1.8100)
(-1.8435)
A3(0.3735)
(8.6670)
(-3.7493)
A4(7.4843)
(-6.2345)
(-3.4189)
G1(0.3155)
(1.1659)
(0.4970)
G2(-1.7453)
(0.4560)
(-1.4718)
G3(0.6492)
(1.9066)
(-0.2549)
G4(1.4388)
(-2.6744)
(-1.5703)
A1(1.8969)
(10.5429)
(1.1017)
A2(5.5976)
(1.4748)
(-0.3591)
A3(0.8811)
(8.6574)
(-4.8746)
A4(2.5857)
(-8.9687)
(-2.0111)
G1(0.7173)
(0.8759)
(0.1862)
G2(-2.2492)
(2.7659)
(-1.3372)
G3(0.5965)
(1.1323)
(-0.1506)
G4(-5.4510)
(-4.4325)
(-2.5946)
A1(-0.2203)
(8.9095)
(0.2108)
A2(8.0637)
(4.3000)
(2.2266)
A3(1.0918)
(9.5146)
(-4.3191)
A4(0.1724)
(-6.8857)
(-8.0780)
G1(1.3340)
(-0.0367)
(-0.1139)
G2(-1.7193)
(2.4844)
(-1.5378)
G3(0.2315)
(0.5332)
(-0.1559)
G4(-8.7586)
(-0.8083)
(-2.6941)
A1(3.0896)
(6.2510)
(-1.4179)
A2(9.3278)
(8.2408)
(2.5379)
A3(-2.1691)
(9.8689)
(-4.0701)
A4(8.4420)
(10.1993)
(-8.7676)
G1(0.3927)
(1.1212)
(-0.1916)
G2(1.7767)
(4.1324)
(-2.4504)
G3(-0.2325)
(-0.1373)
(-0.0128)
G4(-5.6659)
(-1.0153)
(-0.0101)
A1(0.8526)
(11.2853)
(-0.6850)
A2(8.4132)
(7.0629)
(4.4963)
A3(0.0144)
(9.3613)
(-0.5171)
A4(6.5457)
(13.3596)
(5.7988)
G1(0.0351)
(0.2017)
(-0.3996)
G2(4.1420)
(-2.4568)
(-2.0055)
G3(0.5981)
(1.2159)
(-0.3650)
G4(-1.8129)
(-2.2008)
(-0.6896)
A1(1.3460)
(11.7452)
(-2.5723)
A2(13.2447)
(6.3255)
(4.3862)
A3(0.1149)
(10.2280)
(-4.4772)
A4(16.2135)
(13.5991)
(-10.3860)
G1(0.0649)
(1.0717)
(-0.3475)
G2(2.4158)
(1.9731)
(-2.1061)
G3(0.5236)
(0.0724)
(-0.0351)
G4(0.6353)
(-1.0600)
(0.3283)
A1(-3.0944)
(9.4939)
(-2.4908)
A2(-0.2346)
(13.9582)
(1.1732)
A3(3.5626)
(6.7086)
(-8.2121)
A4(-1.4940)
(9.8402)
(-1.2498)
G1(0.1857)
(0.7774)
(-0.1969)
G2(0.4252)
(4.7826)
(-1.8709)
G3(0.4161)
(0.1240)
(-0.2171)
G4(-0.6391)
(-1.3957)
(0.3480)
A1(-1.3795)
(8.8280)
(0.3305)
A2(8.9016)
(12.0859)
(-4.4819)
A3(0.9146)
(7.4747)
(-4.7262)
A4(5.0613)
(7.5226)
(-3.1603)
G1(0.3698)
(-0.2363)
(-0.5204)
G2(1.2797)
(-2.1880)
(0.8546)
G3(-0.1240)
(-0.0639)
(-0.2879)
G4(0.2011)
(1.0025)
(-0.5976)
A1(-1.3747)
(9.2639)
(-1.1496)
A2(0.1867)
(8.0158)
(1.3551)
A3(-1.1492)
(8.4036)
(-5.1475)
A4(2.7677)
(8.9735)
(-5.3774)
G1(1.1350)
(0.6513)
(-0.0867)
G2(-0.2123)
(0.7460)
(-0.7881)
G3(-0.0841)
(0.1101)
(-0.3251)
G4(-0.0335)
(-0.1070)
(-0.1362)
