A1(-5.8438)
(7.6928)
(3.4536)
A2(-0.1245)
(7.9344)
(0.4693)
A3(-3.1364)
(9.4906)
(-1.6376)
A4(0.8667)
(7.7189)
(-5.6360)
G1(-1.9518)
(0.6258)
(0.1862)
G2(-1.4553)
(-0.4933)
(0.1187)
G3(0.1032)
(0.7833)
(-0.0803)
G4(0.4209)
(0.5880)
(-0.2235)
A1(-8.1095)
(16.0275)
(8.2916)
A2(1.1492)
(7.9487)
(0.4453)
A3(-5.4109)
(14.4131)
(1.9872)
A4(-0.5746)
(8.3510)
(-5.6407)
G1(-3.2118)
(0.8982)
(-0.8450)
G2(-0.7114)
(0.2267)
(0.3975)
G3(1.1515)
(-0.2251)
(0.0537)
G4(-0.3262)
(0.4906)
(-0.3278)
A1(-9.5849)
(8.2005)
(9.9777)
A2(-1.4269)
(9.3901)
(0.4118)
A3(-7.6998)
(17.6740)
(-0.3687)
A4(-2.2362)
(8.2504)
(-7.1922)
G1(-3.6120)
(3.3167)
(-1.0924)
G2(-1.0238)
(0.3171)
(0.7684)
G3(2.1061)
(-0.5428)
(-0.3326)
G4(-0.2863)
(1.9715)
(-0.5406)
A1(-7.7694)
(9.8244)
(-1.3604)
A2(-1.1396)
(9.9742)
(-0.4214)
A3(-4.8076)
(8.9830)
(-18.0906)
A4(-1.8244)
(9.1459)
(-5.2912)
G1(-0.2788)
(3.9967)
(-2.8910)
G2(-0.1825)
(1.4420)
(0.9514)
G3(2.2450)
(-1.4633)
(-1.3947)
G4(-0.3421)
(0.9716)
(-0.0463)
A1(-6.5863)
(8.4975)
(1.2502)
A2(-1.8052)
(9.3805)
(7.5322)
A3(-3.8738)
(-8.9064)
(-8.0397)
A4(-0.0287)
(6.9767)
(-4.4580)
G1(3.8578)
(5.1546)
(-2.8878)
G2(-0.6210)
(0.4938)
(0.2687)
G3(4.3740)
(-4.3341)
(-6.3093)
G4(-1.3191)
(0.6263)
(0.2410)
A1(-3.1950)
(7.4246)
(-0.1054)
A2(-3.4093)
(10.3717)
(6.4500)
A3(-9.2081)
(-9.3326)
(-2.0016)
A4(0.9146)
(10.8649)
(1.0104)
G1(5.5824)
(3.8195)
(-1.8549)
G2(-0.0117)
(3.8972)
(0.4198)
G3(1.6985)
(-4.6076)
(-4.1792)
G4(-0.9360)
(0.5869)
(0.4065)
A1(1.8825)
(-3.4105)
(32.0693)
A2(-0.4980)
(10.1849)
(12.1003)
A3(-5.6216)
(-0.1676)
(-11.4730)
A4(1.1109)
(8.4755)
(-1.6424)
G1(-0.3155)
(2.2381)
(0.0468)
G2(0.0069)
(-1.9981)
(0.7136)
G3(-1.8257)
(0.3911)
(-3.8328)
G4(-0.4331)
(0.6066)
(0.6832)
A1(-1.4562)
(-1.3268)
(-3.5973)
A2(-2.2649)
(3.9265)
(1.6376)
A3(-6.4979)
(13.2974)
(0.6752)
A4(12.9143)
(9.5193)
(-1.1013)
G1(-0.3735)
(-7.9891)
(0.6204)
G2(0.8466)
(-0.0202)
(0.0069)
G3(-1.8118)
(2.3264)
(-1.4857)
G4(-0.5656)
(-0.3469)
(-0.2772)
A1(4.4547)
(-3.8751)
(1.4610)
A2(8.5090)
(4.2282)
(-0.5746)
A3(-21.3898)
(6.2441)
(-6.0190)
A4(3.5913)
(8.3701)
(0.1532)
G1(-1.6533)
(-0.1458)
(1.1451)
G2(0.3959)
(-0.5013)
(-0.6369)
G3(-1.3026)
(-1.2494)
(-1.2451)
G4(0.0686)
(-0.9551)
(0.1176)
A1(-14.6863)
(7.2904)
(0.2395)
A2(-3.7685)
(5.8035)
(4.5969)
A3(-3.7110)
(4.5298)
(-2.5618)
A4(2.1979)
(8.7053)
(-5.5593)
G1(-1.3516)
(-3.2187)
(2.6116)
G2(0.4502)
(1.1786)
(0.1985)
G3(0.6375)
(-0.7492)
(1.7895)
G4(0.2400)
(-0.3746)
(-0.2331)
A1(-12.1236)
(4.8523)
(-3.0034)
A2(7.5513)
(6.2872)
(3.2082)
A3(-10.1418)
(1.2737)
(-5.8035)
A4(-1.6759)
(10.2711)
(-2.2458)
G1(-0.3868)
(-1.5921)
(2.3684)
G2(-0.0117)
(0.0729)
(-0.6029)
G3(0.9323)
(-0.2943)
(1.7166)
G4(0.4076)
(0.4640)
(-0.1288)
A1(-6.6007)
(6.0259)
(2.3663)
A2(-1.4174)
(10.3717)
(1.5850)
A3(-11.4299)
(-3.3710)
(-6.2010)
A4(0.5124)
(9.4427)
(-2.0542)
G1(-0.2937)
(-0.5491)
(1.8651)
G2(0.1463)
(-0.8205)
(0.0388)
G3(-1.0791)
(1.9028)
(3.8270)
G4(0.0596)
(-0.8328)
(-0.0793)
A1(-9.1681)
(7.0605)
(3.3482)
A2(4.3527)
(8.9639)
(2.6959)
A3(-8.4707)
(1.2833)
(-7.8913)
A4(0.3208)
(8.8442)
(-4.9799)
G1(0.3485)
(-1.1648)
(1.4032)
G2(0.1713)
(-0.2410)
(-0.3698)
G3(-1.7224)
(2.5222)
(2.0375)
G4(0.0718)
(-0.2325)
(-0.2410)
A1(-7.4581)
(8.2341)
(3.6356)
A2(0.8619)
(9.0740)
(3.6009)
A3(-6.2680)
(1.3599)
(-7.5513)
A4(-0.1676)
(9.5960)
(-4.3144)
G1(0.5257)
(-1.5415)
(1.1451)
G2(0.2128)
(-1.5782)
(-0.3549)
G3(-1.6618)
(1.2420)
(1.8087)
G4(-0.0186)
(-0.0176)
(-0.1511)
A1(-7.0509)
(8.0042)
(2.9602)
A2(0.8954)
(9.5864)
(1.6568)
A3(-5.7892)
(5.4109)
(-7.5848)
A4(0.1772)
(9.5289)
(-2.7294)
G1(1.1861)
(-1.5405)
(0.9461)
G2(0.5598)
(-0.2629)
(-0.4427)
G3(-1.0626)
(1.2414)
(1.6671)
G4(-0.0069)
(-0.1261)
(-0.0372)
A1(-5.4990)
(8.4353)
(2.7064)
A2(-0.9050)
(10.4866)
(2.1596)
A3(-4.5059)
(4.5873)
(-7.9296)
A4(0.0335)
(9.8067)
(-2.7294)
G1(0.9684)
(-0.8290)
(0.9094)
G2(0.5949)
(-0.4028)
(-0.3831)
G3(-1.2302)
(0.3203)
(1.7118)
G4(-0.0181)
(-0.2022)
(-0.0521)
A1(-4.1051)
(9.5753)
(4.2104)
A2(-0.3831)
(9.2895)
(0.5363)
A3(-5.0805)
(8.2121)
(-6.7947)
A4(-0.2059)
(9.2847)
(-3.8690)
G1(1.0147)
(-0.5268)
(0.6476)
G2(0.2538)
(-0.7460)
(-0.2304)
G3(-1.4362)
(0.8125)
(1.0270)
G4(0.0218)
(-0.2283)
(-0.0080)
A1(-4.7134)
(8.9861)
(2.8357)
A2(-0.4836)
(9.3853)
(1.5897)
A3(-4.0845)
(8.9304)
(-4.9991)
A4(-0.1006)
(9.4906)
(-2.8395)
G1(0.7503)
(-0.4651)
(0.3618)
G2(0.0341)
(0.0303)
(-0.1575)
G3(-1.3760)
(0.6343)
(0.3996)
G4(0.0053)
(-0.2325)
(0.0261)
A1(-4.0907)
(9.1011)
(3.3339)
A2(-0.0287)
(9.8833)
(0.6847)
A3(-3.3567)
(9.8928)
(-4.6495)
A4(-0.8475)
(9.4715)
(-3.9600)
G1(0.5428)
(-0.0915)
(0.2959)
G2(-0.0011)
(-0.0963)
(-0.1362)
G3(-1.2271)
(0.5986)
(0.1165)
G4(-0.0080)
(0.1139)
(0.0766)
A1(-2.5004)
(8.7370)
(3.0992)
A2(-1.2833)
(9.2751)
(0.6129)
A3(-3.8642)
(10.7835)
(-2.1117)
A4(0.1437)
(9.3326)
(-3.4955)
G1(0.6699)
(0.1995)
(0.0894)
G2(0.1086)
(-0.5928)
(0.0011)
G3(-0.6098)
(0.0335)
(0.2070)
G4(-0.0282)
(0.2283)
(0.0580)
