A1(-4.4595)
(8.3874)
(7.0701)
A2(0.0910)
(8.0493)
(0.7661)
A3(-2.2553)
(10.5489)
(-0.1437)
A4(-1.6903)
(7.1108)
(-9.5816)
G1(-3.0442)
(0.3677)
(0.4986)
G2(-1.1265)
(-0.1415)
(0.2075)
G3(0.7210)
(0.9642)
(-0.0213)
G4(0.4672)
(0.2070)
(-0.0841)
A1(-7.0701)
(10.2363)
(8.1143)
A2(-0.0718)
(9.0405)
(1.2929)
A3(-8.3318)
(16.2806)
(-3.0646)
A4(-3.2753)
(4.8267)
(-7.6327)
G1(-3.3220)
(1.3420)
(-1.4394)
G2(-1.4101)
(0.9642)
(0.6332)
G3(1.2489)
(-1.4186)
(0.9615)
G4(-0.2027)
(1.6410)
(-0.5396)
A1(-12.1859)
(11.1081)
(9.9345)
A2(-0.2969)
(11.2384)
(1.3647)
A3(-10.0652)
(13.5991)
(-8.7532)
A4(-3.2178)
(10.1514)
(-4.4388)
G1(-3.3821)
(4.6842)
(-1.9789)
G2(-0.9668)
(0.7673)
(0.6790)
G3(1.2414)
(-3.0064)
(0.6529)
G4(-0.6024)
(0.4172)
(-0.0027)
A1(-7.5299)
(9.7238)
(-1.4035)
A2(0.5411)
(9.2225)
(0.5650)
A3(-5.3726)
(3.3423)
(-10.6111)
A4(-0.8906)
(9.5098)
(-9.9551)
G1(0.3911)
(2.9692)
(-2.9362)
G2(0.4991)
(-0.9461)
(1.6251)
G3(3.1650)
(-2.7047)
(-0.7013)
G4(-0.7928)
(1.5724)
(-0.1916)
A1(-12.3870)
(4.5601)
(-7.9754)
A2(-5.9376)
(10.4196)
(5.2529)
A3(-3.7781)
(-8.3606)
(-2.8252)
A4(-2.9688)
(7.5800)
(0.9529)
G1(5.3153)
(4.4681)
(-3.4231)
G2(-0.0532)
(4.3208)
(0.4853)
G3(2.5589)
(-5.6228)
(-5.0950)
G4(-0.9573)
(1.9310)
(0.2618)
A1(-3.8847)
(14.5569)
(6.2654)
A2(7.3119)
(14.3844)
(-1.6472)
A3(-7.2640)
(-13.2926)
(-2.4948)
A4(0.3017)
(11.0325)
(-0.0862)
G1(5.3163)
(4.6704)
(-2.0215)
G2(0.8083)
(3.8232)
(0.7152)
G3(-0.5960)
(-5.7617)
(-4.0717)
G4(-0.6731)
(1.6261)
(0.2038)
A1(-5.0487)
(2.0406)
(18.6620)
A2(-7.7668)
(3.5482)
(5.1475)
A3(-5.0757)
(1.9201)
(-9.4667)
A4(13.8337)
(7.5130)
(1.2306)
G1(-0.1192)
(-2.5749)
(0.3326)
G2(0.5146)
(0.0607)
(0.1224)
G3(-2.6153)
(3.3938)
(-3.6875)
G4(-0.3959)
(-1.1536)
(-0.1660)
A1(-13.8384)
(-0.2587)
(-2.3136)
A2(4.3670)
(8.6718)
(4.0462)
A3(17.5064)
(23.3339)
(22.7497)
A4(6.4931)
(11.2480)
(0.6656)
G1(-2.1008)
(-1.1919)
(1.0813)
G2(0.4816)
(0.3884)
(0.4672)
G3(-1.7480)
(-1.8220)
(2.6696)
G4(-0.0644)
(0.3847)
(-0.0793)
A1(-6.5480)
(-0.6610)
(-1.3556)
A2(13.2926)
(4.4101)
(0.7757)
A3(-7.4172)
(11.4730)
(-3.6152)
A4(-0.0287)
(9.2799)
(-2.9688)
G1(-2.3674)
(-2.2338)
(1.0695)
G2(-0.2847)
(-1.2366)
(-0.3608)
G3(1.1946)
(0.4480)
(-0.8551)
G4(-0.0426)
(-0.2554)
(-0.1548)
A1(-8.0904)
(4.2631)
(0.4598)
A2(4.8028)
(8.5377)
(2.8443)
A3(-5.9520)
(-4.0845)
(-2.7677)
A4(2.4469)
(10.4866)
(1.4269)
G1(-0.9519)
(-1.3122)
(2.0210)
G2(-0.3331)
(0.8535)
(-0.2506)
G3(1.0201)
(-0.8679)
(3.2752)
G4(0.2746)
(-1.1190)
(0.1559)
A1(-9.5130)
(5.1972)
(-0.9628)
A2(1.4078)
(10.6015)
(4.6735)
A3(-9.3422)
(5.5737)
(-1.9824)
A4(3.0071)
(8.7005)
(-3.9456)
G1(0.0218)
(-1.1169)
(2.3583)
G2(0.2815)
(-0.5273)
(-0.1176)
G3(-0.5135)
(-1.7288)
(4.3309)
G4(0.2990)
(-2.3647)
(0.3778)
A1(-8.3059)
(6.4091)
(3.8368)
A2(3.3232)
(7.9535)
(4.6304)
A3(-7.2927)
(-3.5147)
(-6.1770)
A4(0.9768)
(9.1698)
(-3.9696)
G1(0.6194)
(-0.2873)
(2.8558)
G2(-0.1112)
(0.1884)
(-0.5071)
G3(-1.3633)
(2.2503)
(2.6717)
G4(0.3496)
(-0.1937)
(-0.1580)
A1(-8.6316)
(8.2724)
(2.2609)
A2(0.1149)
(10.1801)
(0.7805)
A3(-6.8283)
(3.3998)
(-6.7564)
A4(0.8715)
(9.0932)
(-3.5243)
G1(1.1377)
(-1.1701)
(2.6920)
G2(0.2613)
(-1.0882)
(-0.2868)
G3(-1.9241)
(3.2235)
(1.8752)
G4(0.1708)
(-0.6236)
(-0.0005)
A1(-5.9301)
(8.7658)
(2.9507)
A2(-0.2682)
(9.1363)
(1.7382)
A3(-6.9097)
(5.7174)
(-7.5705)
A4(0.0048)
(9.1411)
(-4.6543)
G1(1.4378)
(-1.0025)
(2.4307)
G2(0.3704)
(0.1341)
(-0.3586)
G3(-1.5985)
(2.6643)
(1.9523)
G4(0.0942)
(-0.8753)
(0.0670)
A1(-5.7097)
(8.6700)
(3.2093)
A2(1.4653)
(9.2225)
(1.5275)
A3(-2.6097)
(7.7524)
(-7.9775)
A4(0.7518)
(9.1171)
(-3.6248)
G1(1.2994)
(-1.0371)
(1.4133)
G2(0.1038)
(-0.9163)
(-0.1341)
G3(-2.0263)
(1.6533)
(2.2487)
G4(-0.0548)
(-1.0094)
(0.0718)
A1(-5.6762)
(8.8185)
(3.1950)
A2(1.0918)
(9.7013)
(0.7039)
A3(-6.3638)
(10.4004)
(-6.5218)
A4(-0.3065)
(9.4140)
(-3.5674)
G1(0.9908)
(-0.9562)
(1.0371)
G2(0.1309)
(-0.7897)
(-0.2661)
G3(-1.9364)
(0.2554)
(2.0960)
G4(0.0213)
(-0.7104)
(-0.0059)
A1(-2.7160)
(11.1847)
(4.0428)
A2(0.4836)
(8.6335)
(0.4262)
A3(-4.9560)
(10.4196)
(-2.5235)
A4(-0.3065)
(8.8681)
(-5.7317)
G1(0.1415)
(-0.3874)
(0.6039)
G2(0.0607)
(-1.1004)
(-0.2820)
G3(-1.5692)
(-0.0495)
(0.6141)
G4(0.0048)
(-0.4619)
(0.0005)
A1(-5.7289)
(9.7525)
(1.9448)
A2(-1.0151)
(10.1993)
(0.6752)
A3(-1.5562)
(9.5337)
(-0.8188)
A4(-1.0056)
(8.7340)
(-5.4396)
G1(0.2315)
(-1.0185)
(-0.4986)
G2(0.1181)
(-0.4789)
(-0.1602)
G3(-0.2496)
(-1.3340)
(0.3448)
G4(-0.1165)
(-0.0144)
(-0.0096)
A1(-2.6393)
(10.2267)
(-0.0335)
A2(1.0822)
(9.9024)
(1.0104)
A3(-4.0558)
(11.3772)
(-5.0135)
A4(0.3160)
(9.0166)
(-4.1755)
G1(0.2586)
(-0.0176)
(0.3198)
G2(-0.0271)
(-0.0213)
(-0.3092)
G3(0.0021)
(-0.3022)
(-0.3241)
G4(-0.2522)
(0.0000)
(-0.0474)
A1(-2.8692)
(9.7142)
(2.3950)
A2(-0.3783)
(10.4531)
(0.6608)
A3(-0.6129)
(9.3805)
(-3.7110)
A4(0.3687)
(9.1315)
(-3.8930)
G1(1.2590)
(-0.3198)
(-0.1298)
G2(0.4757)
(-0.9088)
(-0.1580)
G3(-0.1862)
(-0.1000)
(0.1799)
G4(-0.1862)
(0.1953)
(0.0106)
