A1(-2.3471)
(7.7072)
(2.3759)
A2(0.6991)
(9.2368)
(0.9720)
A3(-3.5530)
(9.0740)
(-1.3120)
A4(1.6759)
(8.8681)
(-1.4174)
G1(-0.4587)
(0.2347)
(0.2123)
G2(-0.4140)
(-0.1532)
(0.0298)
G3(0.1655)
(0.7567)
(0.0186)
G4(1.1675)
(0.4879)
(-0.2315)
A1(-3.7889)
(6.8593)
(3.6069)
A2(0.2777)
(9.0597)
(1.2546)
A3(-2.7246)
(8.9495)
(-1.5897)
A4(-0.3448)
(7.3550)
(-7.7476)
G1(-1.7501)
(0.2198)
(0.3528)
G2(-0.5678)
(-0.1336)
(0.0591)
G3(0.2496)
(0.6364)
(-0.1112)
G4(0.9450)
(0.7184)
(-0.1703)
A1(-8.2628)
(12.1236)
(3.6740)
A2(-0.5650)
(7.2113)
(2.3176)
A3(-3.7350)
(11.6262)
(-1.0487)
A4(3.1556)
(8.3462)
(-6.5266)
G1(-2.4951)
(-0.3922)
(-0.9110)
G2(-1.1212)
(0.5055)
(0.6391)
G3(1.0014)
(0.0053)
(0.1197)
G4(0.2224)
(0.5146)
(-0.3384)
A1(-8.4832)
(8.9382)
(7.5874)
A2(0.4884)
(8.1020)
(2.7773)
A3(-5.8371)
(15.0739)
(-4.7022)
A4(-4.1659)
(8.3079)
(-7.8673)
G1(-2.4546)
(0.4587)
(-0.4895)
G2(-1.2308)
(0.3991)
(0.7678)
G3(1.2420)
(-1.4298)
(0.1171)
G4(0.1426)
(1.0967)
(-0.3395)
A1(-11.0506)
(12.1715)
(5.1541)
A2(1.1923)
(8.3222)
(-1.0391)
A3(-4.9991)
(16.6541)
(-10.4770)
A4(-4.0893)
(9.0980)
(-7.5465)
G1(-1.8283)
(5.2397)
(-2.8399)
G2(-0.7215)
(0.9461)
(0.5965)
G3(2.1567)
(-0.7535)
(-1.2063)
G4(-0.3145)
(0.8477)
(0.1926)
A1(-6.2702)
(9.6040)
(2.1459)
A2(-1.2450)
(10.8314)
(3.3232)
A3(-18.5072)
(9.0357)
(-10.0844)
A4(0.4884)
(7.9871)
(-8.4276)
G1(-0.5970)
(2.0119)
(-2.2386)
G2(0.2911)
(-0.6433)
(1.5490)
G3(1.3377)
(-3.1693)
(-0.9275)
G4(-0.4683)
(1.7778)
(-0.2325)
A1(-5.1541)
(7.2617)
(-1.9112)
A2(-0.9625)
(10.6686)
(4.5729)
A3(-5.4492)
(-6.8857)
(-7.3741)
A4(-0.4453)
(5.4540)
(-4.7788)
G1(4.2926)
(5.1966)
(-2.2492)
G2(-0.3427)
(3.0533)
(0.4603)
G3(3.3512)
(-4.4868)
(-5.7771)
G4(-1.4239)
(3.1522)
(-0.7274)
A1(-5.5469)
(9.8196)
(-1.1209)
A2(0.0766)
(12.2344)
(3.3279)
A3(-4.9991)
(-10.3190)
(-0.7709)
A4(-0.1341)
(11.6215)
(4.5729)
G1(5.7324)
(3.2214)
(-2.1567)
G2(0.0383)
(3.0485)
(0.8285)
G3(1.9289)
(-4.4288)
(-5.2626)
G4(-1.0153)
(2.6228)
(-0.1974)
A1(-7.1228)
(-1.1927)
(34.5314)
A2(3.1364)
(11.2911)
(9.4475)
A3(-7.8290)
(-4.0893)
(-10.5010)
A4(4.1276)
(7.3789)
(-3.6727)
G1(-0.7795)
(1.5330)
(0.3852)
G2(1.3899)
(1.3335)
(0.8056)
G3(-2.3083)
(1.2137)
(-5.1897)
G4(-0.6534)
(-0.5305)
(0.8216)
A1(-12.6122)
(0.1437)
(-1.5807)
A2(-0.2490)
(0.4980)
(10.2280)
A3(-6.5936)
(10.9080)
(-8.4228)
A4(11.4347)
(9.7157)
(-1.2067)
G1(-0.6524)
(-6.5492)
(0.0341)
G2(1.1845)
(0.6369)
(0.0841)
G3(-2.8000)
(3.6843)
(-1.5687)
G4(-0.6306)
(-0.8902)
(0.3682)
A1(0.4311)
(-2.7303)
(4.3589)
A2(9.6103)
(7.1826)
(-1.7238)
A3(8.4276)
(-8.0014)
(-9.6343)
A4(6.6702)
(9.2703)
(0.3400)
G1(-1.3297)
(0.7886)
(0.6715)
G2(0.1091)
(-1.2313)
(-0.7077)
G3(-0.7242)
(1.8629)
(-1.8432)
G4(0.4555)
(-1.5612)
(0.4299)
A1(-3.6356)
(-0.6035)
(-1.2502)
A2(8.9112)
(9.4332)
(5.5019)
A3(-0.2969)
(-4.9177)
(-0.9002)
A4(1.2258)
(8.8873)
(-5.3774)
G1(-2.2439)
(-2.4541)
(1.4250)
G2(0.2373)
(-0.5550)
(0.1745)
G3(-1.0898)
(0.3911)
(0.6258)
G4(0.1133)
(-3.5747)
(0.5518)
A1(-8.2963)
(13.4648)
(0.8814)
A2(10.6829)
(6.3782)
(3.5338)
A3(2.9209)
(13.0245)
(-3.3279)
A4(5.1236)
(8.3941)
(-2.9975)
G1(-2.1503)
(-3.3747)
(2.6861)
G2(-0.4007)
(-0.0639)
(-0.7231)
G3(0.4778)
(-1.0323)
(3.2432)
G4(-0.2384)
(-1.5500)
(0.2959)
A1(-13.4073)
(7.5922)
(-5.2834)
A2(1.8196)
(9.4715)
(1.4126)
A3(-10.3094)
(-2.1931)
(-7.0198)
A4(3.2753)
(8.8538)
(-2.0303)
G1(-0.4746)
(-3.0868)
(3.5103)
G2(-0.1953)
(-2.4216)
(-0.5752)
G3(3.0623)
(3.6072)
(2.1955)
G4(-0.2613)
(-2.0955)
(0.3592)
A1(-2.2657)
(8.6939)
(10.1980)
A2(6.1196)
(7.9679)
(2.3942)
A3(-9.5816)
(-10.0078)
(-6.0334)
A4(0.8571)
(9.2656)
(-3.7110)
G1(1.0589)
(-1.2707)
(2.6451)
G2(0.7673)
(-1.7006)
(-0.5731)
G3(-3.0719)
(4.7879)
(3.6455)
G4(0.2166)
(-0.6673)
(-0.0580)
A1(-5.3936)
(9.6902)
(0.7904)
A2(2.4660)
(8.4898)
(3.0311)
A3(-4.7453)
(-3.9409)
(-4.8698)
A4(2.5474)
(8.8585)
(-4.4580)
G1(3.2991)
(-4.7268)
(2.3243)
G2(0.1921)
(-2.7968)
(-0.3368)
G3(-4.2723)
(5.3041)
(4.0345)
G4(0.2602)
(-0.3613)
(-0.1586)
A1(-4.1913)
(8.4065)
(4.3302)
A2(0.3543)
(9.3948)
(1.9297)
A3(-4.7549)
(13.3453)
(-9.4667)
A4(-0.6177)
(9.9024)
(-1.8579)
G1(2.1588)
(-0.5577)
(1.0600)
G2(0.2400)
(-0.2820)
(-0.4007)
G3(-4.4405)
(1.1584)
(2.1391)
G4(0.6279)
(-0.6667)
(0.1197)
A1(-2.8070)
(10.7680)
(5.2355)
A2(4.0701)
(9.7492)
(1.5897)
A3(-4.8411)
(14.1114)
(-6.8331)
A4(0.5650)
(8.9783)
(-6.5410)
G1(1.6107)
(-0.8349)
(0.8285)
G2(0.4656)
(-0.7061)
(-0.0649)
G3(-3.7088)
(-0.3475)
(1.8448)
G4(0.7412)
(0.4784)
(-0.1101)
A1(-2.8118)
(8.5358)
(0.6610)
A2(-2.3559)
(8.0302)
(1.9776)
A3(-16.3572)
(-1.0104)
(4.0654)
A4(1.5467)
(7.2065)
(-7.3837)
G1(-0.1729)
(-0.5060)
(0.5406)
G2(0.0367)
(-1.0073)
(-0.1969)
G3(-1.7299)
(0.2240)
(-0.1719)
G4(0.2448)
(0.5561)
(-0.0867)
A1(-0.7425)
(9.5753)
(-1.4610)
A2(0.1245)
(10.1370)
(1.0391)
A3(-2.9975)
(6.4691)
(-3.4668)
A4(0.8906)
(7.7237)
(-7.1587)
G1(-0.5002)
(-0.5827)
(-0.3326)
G2(-0.2602)
(0.5805)
(-0.0702)
G3(-0.0447)
(-0.9429)
(0.1256)
G4(-0.0942)
(-0.1011)
(0.2389)
