A1(1.6669)
(9.0005)
(1.3173)
A2(2.6193)
(9.0597)
(0.7614)
A3(-0.0814)
(9.1794)
(-4.3191)
A4(4.1803)
(9.3374)
(-1.5131)
G1(-0.0947)
(0.1346)
(-0.0223)
G2(0.1139)
(-0.1490)
(0.0889)
G3(0.1809)
(0.4140)
(0.0740)
G4(0.0548)
(-0.3496)
(0.1777)
A1(-0.8766)
(6.7204)
(-1.3173)
A2(1.8483)
(8.9878)
(0.6273)
A3(0.6895)
(8.4898)
(-4.6064)
A4(14.5280)
(12.2966)
(0.9290)
G1(-1.0520)
(-0.8445)
(0.0255)
G2(0.0133)
(-0.2277)
(0.2214)
G3(0.1389)
(0.0569)
(0.2911)
G4(1.4356)
(0.8673)
(-0.7455)
A1(6.1744)
(8.6364)
(2.8836)
A2(3.2753)
(6.9480)
(1.3838)
A3(3.1125)
(6.3782)
(-7.4172)
A4(4.8602)
(14.4083)
(-3.1268)
G1(-0.4922)
(-0.3102)
(-0.5438)
G2(-0.5513)
(-0.4784)
(0.4017)
G3(-0.0756)
(-0.3400)
(0.4017)
G4(0.7902)
(-0.1815)
(1.2180)
A1(1.2119)
(10.9261)
(3.7314)
A2(14.5855)
(10.6686)
(8.5042)
A3(6.8905)
(8.7676)
(-5.7078)
A4(4.2952)
(0.0814)
(-14.0923)
G1(-0.3166)
(-3.2198)
(0.3916)
G2(-4.4240)
(-0.0463)
(2.4626)
G3(-0.1532)
(-0.5779)
(0.0607)
G4(3.4981)
(1.6075)
(4.0004)
A1(-2.3040)
(12.1523)
(5.3888)
A2(11.2863)
(7.6136)
(12.5025)
A3(2.5618)
(8.8155)
(-6.5649)
A4(3.6057)
(-6.4212)
(-3.2896)
G1(0.0399)
(0.3437)
(-2.0885)
G2(-5.2450)
(-3.7626)
(1.9704)
G3(-0.4741)
(-1.0584)
(-0.1570)
G4(2.7686)
(3.3688)
(4.3926)
A1(-0.8814)
(3.8656)
(6.8258)
A2(9.5241)
(4.8459)
(3.8499)
A3(3.4429)
(9.2943)
(-3.6631)
A4(-1.3599)
(-9.0884)
(-0.6991)
G1(0.6662)
(-0.4023)
(0.1362)
G2(-2.4488)
(-2.7947)
(1.7528)
G3(-1.3649)
(-2.5180)
(-0.2426)
G4(0.8477)
(1.6671)
(3.4034)
A1(-7.1563)
(6.3181)
(-1.2550)
A2(3.5003)
(2.3463)
(0.5267)
A3(-5.9711)
(9.7971)
(0.8571)
A4(-8.6670)
(-3.1843)
(-0.6416)
G1(-0.1431)
(0.6455)
(0.4725)
G2(1.8800)
(-4.0749)
(1.3175)
G3(-1.0456)
(-1.8608)
(-0.3741)
G4(-4.1489)
(0.4182)
(1.3010)
A1(-0.4551)
(9.6519)
(4.6128)
A2(5.4300)
(1.9680)
(-3.0646)
A3(-17.5974)
(9.8881)
(-1.4796)
A4(10.7595)
(6.7469)
(-3.1125)
G1(0.1171)
(-1.5133)
(0.0325)
G2(4.0909)
(-1.6996)
(0.4704)
G3(-0.2677)
(1.9300)
(-0.3757)
G4(-1.0302)
(-2.6627)
(1.7405)
A1(2.3327)
(8.9095)
(3.6404)
A2(-3.4093)
(3.2657)
(11.0899)
A3(1.3838)
(11.2288)
(3.5195)
A4(6.4596)
(-2.4181)
(-4.0845)
G1(0.2692)
(1.6075)
(0.1820)
G2(-1.0642)
(1.6086)
(-1.0115)
G3(-0.1112)
(-0.3501)
(0.0814)
G4(-0.6082)
(-0.0490)
(0.2543)
A1(-4.6415)
(8.3778)
(3.1758)
A2(2.8060)
(-1.9441)
(8.5425)
A3(1.1444)
(9.6582)
(-0.4741)
A4(6.2441)
(0.2586)
(-1.6855)
G1(0.3427)
(1.2058)
(0.2932)
G2(1.0041)
(-1.8305)
(-0.0410)
G3(0.0617)
(0.5699)
(0.2176)
G4(0.6768)
(-1.1462)
(-1.8986)
A1(1.2023)
(10.7201)
(2.3854)
A2(9.4379)
(-1.0822)
(1.9441)
A3(-2.4469)
(9.4188)
(0.3783)
A4(9.3039)
(-6.2153)
(-3.8116)
G1(0.2937)
(1.3244)
(-0.0335)
G2(-0.6465)
(1.2441)
(-0.0793)
G3(0.1921)
(0.5220)
(0.1378)
G4(1.8416)
(-0.6082)
(-1.6049)
A1(-1.9639)
(9.7669)
(1.6190)
A2(2.5379)
(-0.7470)
(1.5371)
A3(-0.8763)
(10.3094)
(-0.9912)
A4(9.1794)
(-4.0366)
(-5.0135)
G1(0.4571)
(0.0447)
(0.1921)
G2(-0.6902)
(-0.3767)
(-0.6604)
G3(0.2219)
(0.8328)
(0.1852)
G4(0.6481)
(-1.4005)
(-2.2482)
A1(0.6371)
(9.4412)
(1.1640)
A2(9.7971)
(1.0965)
(-2.9161)
A3(-0.8715)
(10.2807)
(-1.2881)
A4(5.4827)
(-1.2689)
(-4.5155)
G1(0.5444)
(0.0841)
(0.3294)
G2(-0.2714)
(1.2696)
(-1.0722)
G3(0.2102)
(0.5832)
(0.2746)
G4(0.2682)
(-1.9071)
(-2.7936)
A1(-0.5221)
(9.3885)
(0.6371)
A2(8.0110)
(0.8332)
(1.1684)
A3(-0.2729)
(9.6103)
(-2.0782)
A4(2.6959)
(1.0630)
(-6.7660)
G1(0.6886)
(-0.1527)
(0.0516)
G2(0.3666)
(1.5751)
(-1.1126)
G3(0.1123)
(0.7508)
(0.1181)
G4(-1.0435)
(-1.9369)
(-3.0793)
A1(-1.1640)
(8.8233)
(0.3545)
A2(9.3182)
(3.3232)
(2.4900)
A3(1.6376)
(9.3230)
(-1.8531)
A4(2.7150)
(2.6815)
(-10.1083)
G1(0.7008)
(0.7875)
(-0.0686)
G2(0.6433)
(2.4009)
(-1.8230)
G3(0.0708)
(0.8540)
(0.0186)
G4(-2.1763)
(-1.4404)
(-1.5697)
A1(1.0346)
(8.8903)
(0.4455)
A2(7.0006)
(6.1675)
(4.6831)
A3(1.2115)
(11.1139)
(-2.2362)
A4(6.7325)
(6.1866)
(-10.8218)
G1(0.5587)
(0.5326)
(-0.0628)
G2(1.1669)
(1.4032)
(-2.7138)
G3(-0.1250)
(1.2350)
(-0.0899)
G4(-2.9048)
(-1.2510)
(0.0005)
A1(1.1927)
(10.2698)
(-1.4658)
A2(9.0357)
(8.8490)
(4.5298)
A3(1.2306)
(10.1418)
(-2.6193)
A4(7.0581)
(10.4962)
(-4.6208)
G1(0.2054)
(-0.1596)
(0.0516)
G2(1.6687)
(1.1488)
(-2.8580)
G3(-0.0942)
(0.0516)
(-0.0128)
G4(-2.4658)
(-1.4175)
(0.1362)
A1(-0.0623)
(9.2879)
(-0.6706)
A2(7.4077)
(9.0501)
(2.1404)
A3(1.2258)
(9.0692)
(-2.3367)
A4(6.7038)
(9.8737)
(-2.6432)
G1(0.3741)
(-0.0867)
(-0.1070)
G2(1.8736)
(-1.0578)
(-1.9119)
G3(-0.2017)
(0.5130)
(-0.0724)
G4(-0.3533)
(-0.0112)
(-0.0048)
A1(0.0240)
(9.2065)
(-2.5291)
A2(2.2841)
(9.9503)
(1.7526)
A3(1.9393)
(8.7867)
(-2.3990)
A4(5.7796)
(9.2560)
(-4.1037)
G1(0.2975)
(0.1580)
(-0.1532)
G2(0.9253)
(0.9626)
(-1.1148)
G3(-0.0154)
(0.2783)
(-0.0575)
G4(0.1815)
(0.6407)
(0.1485)
A1(0.1533)
(11.7164)
(2.9986)
A2(2.7725)
(9.8114)
(0.2251)
A3(1.4653)
(9.5337)
(-1.5514)
A4(0.7566)
(8.3462)
(-5.0613)
G1(1.7991)
(0.7168)
(-0.4656)
G2(-0.1431)
(1.1462)
(-0.3730)
G3(0.0192)
(0.2379)
(-0.1825)
G4(-0.3868)
(-0.3070)
(-0.1314)
