A1(-0.5988)
(8.5837)
(1.9112)
A2(-0.2155)
(9.4140)
(-0.2490)
A3(-1.4222)
(9.4188)
(-2.9113)
A4(0.3256)
(9.2512)
(-3.7350)
G1(-0.4252)
(0.4725)
(-0.0170)
G2(0.0085)
(0.0458)
(-0.0490)
G3(0.0420)
(0.6167)
(-0.2661)
G4(0.2682)
(-0.1628)
(-0.0208)
A1(-6.6438)
(9.5753)
(5.3840)
A2(0.5890)
(8.8059)
(-0.0287)
A3(-1.2019)
(9.4044)
(-2.4421)
A4(0.5219)
(10.2807)
(-0.2298)
G1(-1.5724)
(1.5032)
(0.4842)
G2(-0.5880)
(-0.0170)
(-0.0341)
G3(0.3464)
(0.4656)
(-0.2565)
G4(0.7519)
(0.3725)
(-0.2735)
A1(-8.1287)
(4.5793)
(6.5145)
A2(-0.6129)
(9.4188)
(-0.1484)
A3(-1.7478)
(11.6262)
(-1.4892)
A4(2.1883)
(6.0717)
(-13.6422)
G1(-3.5066)
(4.9274)
(-0.0468)
G2(-0.7333)
(-0.0883)
(0.0106)
G3(0.6157)
(0.7748)
(-0.3948)
G4(0.3831)
(1.8714)
(-0.8567)
A1(-13.0481)
(12.1427)
(4.2296)
A2(-2.5139)
(6.5841)
(0.0383)
A3(-7.2927)
(13.8576)
(-6.5027)
A4(-1.3024)
(8.8107)
(-6.5266)
G1(-2.3642)
(1.6884)
(-1.8624)
G2(-1.7916)
(0.7492)
(0.5720)
G3(2.2822)
(1.7091)
(-1.9145)
G4(-0.0745)
(0.6758)
(-0.0298)
A1(-16.4490)
(13.6325)
(5.3792)
A2(-4.1707)
(10.0604)
(0.7039)
A3(-1.5323)
(11.3102)
(-16.1944)
A4(-2.9209)
(8.8250)
(-6.5888)
G1(-1.6857)
(3.6886)
(-3.3816)
G2(-1.4697)
(3.0293)
(1.4324)
G3(2.4451)
(-0.4395)
(-1.5777)
G4(-0.2714)
(0.3890)
(0.1602)
A1(-1.8250)
(9.0963)
(2.4812)
A2(1.2977)
(8.6191)
(4.1180)
A3(-7.3023)
(-3.0837)
(-16.0555)
A4(0.3400)
(7.1970)
(-5.9903)
G1(3.1687)
(3.3810)
(-2.7734)
G2(-1.2366)
(-0.4145)
(0.6082)
G3(5.4424)
(-3.0527)
(-6.3337)
G4(-1.1020)
(0.0756)
(0.3517)
A1(-3.4488)
(3.9230)
(0.6035)
A2(-1.6185)
(12.1099)
(2.4373)
A3(-0.5459)
(-6.6128)
(-11.6550)
A4(1.4653)
(7.4891)
(-3.3375)
G1(4.6757)
(1.9848)
(-2.4786)
G2(-0.8109)
(0.9158)
(0.3815)
G3(4.8401)
(-4.8428)
(-5.0263)
G4(-0.7838)
(1.1781)
(0.3134)
A1(-4.2392)
(7.7982)
(6.5384)
A2(3.1220)
(10.7356)
(-0.0383)
A3(-4.4197)
(-7.9679)
(-8.3462)
A4(-0.6033)
(10.0748)
(-2.8395)
G1(4.6219)
(1.8278)
(-1.8278)
G2(1.3776)
(-0.2682)
(0.9381)
G3(0.9982)
(-4.4942)
(-3.2837)
G4(-0.3081)
(1.1754)
(0.2895)
A1(-26.0578)
(0.4551)
(-22.3647)
A2(2.9401)
(4.4724)
(6.2010)
A3(-7.6902)
(57.9540)
(-0.6800)
A4(0.9290)
(13.6709)
(-0.0622)
G1(-2.0784)
(-4.7704)
(-0.5986)
G2(0.8163)
(1.6171)
(0.3448)
G3(2.3610)
(1.3867)
(-0.2841)
G4(-0.2432)
(-0.0942)
(-0.3900)
A1(-3.2524)
(1.5184)
(4.9290)
A2(5.5881)
(10.0461)
(2.2410)
A3(-0.9002)
(-26.3123)
(-1.7286)
A4(0.3160)
(11.5257)
(-1.6233)
G1(-2.2439)
(8.5601)
(0.8487)
G2(0.5981)
(-0.2059)
(-0.0048)
G3(-2.7452)
(-3.4444)
(2.2508)
G4(0.2150)
(0.9754)
(-0.1868)
A1(-8.8520)
(4.6751)
(2.5291)
A2(-2.1739)
(14.8536)
(6.8331)
A3(-1.3647)
(-2.4804)
(-4.5155)
A4(2.3942)
(9.7061)
(-3.5769)
G1(-1.4085)
(-6.0054)
(1.3766)
G2(0.0165)
(0.1729)
(0.0053)
G3(-0.9690)
(-0.6593)
(1.8736)
G4(0.3634)
(-0.6290)
(-0.1559)
A1(-16.8514)
(8.3299)
(-4.4260)
A2(-0.5794)
(6.8570)
(2.3655)
A3(-3.6488)
(-5.2577)
(-1.6185)
A4(-0.6321)
(10.0221)
(-3.0406)
G1(0.1511)
(-2.8191)
(2.0907)
G2(0.0750)
(1.4692)
(-0.1979)
G3(-0.8950)
(0.0521)
(5.4228)
G4(0.5757)
(0.3326)
(-0.0064)
A1(-3.3051)
(5.1876)
(3.6452)
A2(0.0287)
(11.3150)
(2.8443)
A3(-6.9480)
(-4.8411)
(-3.1891)
A4(1.0870)
(7.2257)
(-5.3103)
G1(-1.2425)
(0.1958)
(2.6574)
G2(-0.2453)
(-1.2978)
(-0.3959)
G3(-0.5103)
(3.0932)
(2.3605)
G4(0.0420)
(-0.8684)
(0.0644)
A1(-10.7345)
(6.6438)
(1.1017)
A2(4.2665)
(12.1817)
(2.2697)
A3(-6.9192)
(-1.3695)
(-6.9240)
A4(2.0734)
(8.5473)
(-4.7740)
G1(0.9695)
(-3.9717)
(1.8720)
G2(0.1086)
(0.5353)
(-0.4550)
G3(-1.8938)
(3.3927)
(1.9023)
G4(-0.2448)
(-0.5635)
(-0.1171)
A1(-6.0594)
(10.3656)
(3.9183)
A2(2.1548)
(8.1738)
(0.1963)
A3(-5.3486)
(4.2569)
(-7.3837)
A4(-0.2969)
(9.2320)
(-4.6735)
G1(1.2207)
(-1.1712)
(2.0407)
G2(0.3597)
(-1.1291)
(-0.5438)
G3(-2.0694)
(3.2166)
(0.9668)
G4(-0.2677)
(-0.7551)
(0.1309)
A1(-5.4942)
(8.7706)
(3.3434)
A2(2.5857)
(9.1794)
(0.2346)
A3(-6.8522)
(7.3694)
(-10.2137)
A4(0.3639)
(8.7053)
(-4.4293)
G1(1.6804)
(-0.1948)
(1.6458)
G2(0.4438)
(-0.9083)
(-0.1708)
G3(-1.8560)
(2.5376)
(1.3367)
G4(-0.2703)
(-0.8918)
(0.0910)
A1(-3.9709)
(10.7632)
(4.9098)
A2(-0.4884)
(9.6007)
(3.1460)
A3(-4.3335)
(6.4500)
(-7.9200)
A4(-1.1588)
(9.2799)
(-4.5681)
G1(0.8322)
(-0.9828)
(0.6066)
G2(0.6082)
(-1.7565)
(-0.2288)
G3(-1.8613)
(1.6150)
(1.5905)
G4(-0.2868)
(-0.3730)
(0.0096)
A1(-3.4967)
(9.4795)
(4.7613)
A2(-0.3352)
(9.2177)
(-0.3304)
A3(-2.4517)
(10.6111)
(-5.6934)
A4(-1.6424)
(8.9974)
(-3.6966)
G1(1.2893)
(-1.0121)
(0.7615)
G2(0.2416)
(-0.3884)
(-0.2591)
G3(-1.3095)
(-0.5922)
(1.6879)
G4(-0.2788)
(-0.5220)
(0.0325)
A1(-4.2104)
(9.5370)
(1.9591)
A2(0.3400)
(11.1809)
(1.5227)
A3(-5.7030)
(10.2807)
(-5.5354)
A4(1.4030)
(9.5433)
(-2.8060)
G1(1.4782)
(-1.3526)
(0.5060)
G2(0.3714)
(-0.9227)
(-0.1022)
G3(-1.0770)
(-0.6572)
(0.9434)
G4(-0.2395)
(-0.4161)
(0.0138)
A1(-2.0406)
(10.6291)
(2.4860)
A2(-1.6616)
(9.9120)
(0.1389)
A3(-10.3717)
(9.2033)
(-3.0023)
A4(-0.2969)
(9.2129)
(-3.2561)
G1(1.1132)
(-0.6795)
(-0.0144)
G2(0.2953)
(-0.8530)
(-0.2927)
G3(-0.6290)
(-0.0819)
(0.2517)
G4(-0.1266)
(-0.0585)
(0.0596)
