A1(2.2896)
(8.7801)
(-1.1209)
A2(1.2594)
(9.6774)
(0.4357)
A3(1.0199)
(9.2847)
(-2.6863)
A4(5.9616)
(11.1474)
(2.6384)
G1(-0.6779)
(-0.7652)
(-0.1804)
G2(0.2421)
(0.5757)
(0.0782)
G3(0.5263)
(-0.0208)
(0.1245)
G4(0.8642)
(-0.0287)
(-0.2512)
A1(1.5807)
(11.1177)
(-0.9772)
A2(3.8786)
(8.6910)
(-0.2394)
A3(1.1013)
(8.7197)
(-4.1037)
A4(12.9335)
(19.8623)
(-3.0933)
G1(-0.8892)
(-1.3830)
(-0.3943)
G2(0.1618)
(-0.3049)
(0.2304)
G3(0.2756)
(-0.1772)
(0.0931)
G4(1.4330)
(0.5060)
(-0.3565)
A1(1.4179)
(10.3417)
(2.2657)
A2(4.3574)
(8.8346)
(4.8315)
A3(3.5674)
(8.3893)
(-5.1427)
A4(3.8355)
(20.2023)
(-12.9047)
G1(-0.5864)
(-1.0797)
(-0.4970)
G2(-3.0091)
(-1.7134)
(0.1075)
G3(-0.0979)
(-0.2171)
(-0.0548)
G4(2.5738)
(0.4587)
(2.1433)
A1(0.5221)
(10.2411)
(0.1820)
A2(2.9880)
(8.8585)
(10.4531)
A3(1.5227)
(8.8585)
(-3.7637)
A4(4.2377)
(-0.0479)
(-9.3996)
G1(-0.4699)
(-2.1678)
(-0.7625)
G2(-4.7911)
(-2.6957)
(2.3450)
G3(-0.2410)
(-0.8487)
(-0.0708)
G4(3.8860)
(1.2074)
(5.3408)
A1(-2.1986)
(6.0067)
(6.5719)
A2(12.4594)
(10.4291)
(4.6878)
A3(1.8100)
(8.0732)
(-5.5929)
A4(4.4819)
(-7.8913)
(-1.0630)
G1(0.1788)
(-0.4039)
(-0.3975)
G2(-4.2425)
(-1.9693)
(2.4131)
G3(-0.7013)
(-1.8741)
(0.0543)
G4(3.2767)
(3.7397)
(3.3826)
A1(3.3866)
(9.9681)
(3.1950)
A2(6.9384)
(4.3622)
(4.2042)
A3(-0.8523)
(9.6582)
(0.5459)
A4(7.0485)
(-6.3973)
(-3.3998)
G1(-0.0303)
(-0.7407)
(0.0745)
G2(-1.4452)
(-4.2617)
(1.4904)
G3(-0.7024)
(-1.3739)
(-0.2895)
G4(-0.3299)
(1.6591)
(2.6526)
A1(-12.8325)
(5.5325)
(-0.0623)
A2(9.8641)
(2.1739)
(-0.1437)
A3(-0.0814)
(9.4667)
(-1.0630)
A4(7.9583)
(6.8905)
(3.6727)
G1(0.0974)
(1.1494)
(-0.0803)
G2(2.4280)
(-2.7116)
(1.5719)
G3(-0.2059)
(-2.0486)
(-0.1985)
G4(-1.4149)
(-3.6599)
(1.7214)
A1(-0.0048)
(8.6748)
(6.2750)
A2(8.9399)
(2.2266)
(4.5969)
A3(-13.8672)
(11.5688)
(-1.6137)
A4(12.0237)
(-9.2512)
(-17.8033)
G1(-0.0378)
(-1.8837)
(-0.0825)
G2(4.2319)
(0.1538)
(-0.7684)
G3(-0.0245)
(1.2446)
(-0.4656)
G4(-0.3049)
(-2.4376)
(-0.6194)
A1(-0.9101)
(10.2459)
(2.5244)
A2(10.9846)
(2.3703)
(14.0252)
A3(-0.8284)
(10.3190)
(0.9816)
A4(7.4986)
(2.5905)
(-6.7325)
G1(0.0814)
(0.6082)
(0.0585)
G2(-3.4359)
(-3.8105)
(-0.1995)
G3(0.0325)
(-0.6960)
(0.2453)
G4(-0.8349)
(-0.1910)
(0.6162)
A1(-1.9016)
(8.9430)
(2.8549)
A2(23.7313)
(-3.0550)
(-22.2182)
A3(0.3448)
(8.0732)
(-5.7078)
A4(10.3717)
(4.2617)
(-4.6543)
G1(0.4677)
(0.7875)
(0.0516)
G2(2.7925)
(-6.0352)
(0.7247)
G3(0.2299)
(0.4342)
(0.1501)
G4(2.3764)
(0.1495)
(-1.4537)
A1(-1.6047)
(8.7466)
(2.7591)
A2(7.5944)
(1.4653)
(10.5010)
A3(0.4453)
(9.6582)
(-0.9912)
A4(-1.6759)
(-3.2178)
(-3.3806)
G1(0.3884)
(1.1281)
(0.3437)
G2(-0.7460)
(-2.6398)
(0.0447)
G3(0.0266)
(0.4927)
(0.1453)
G4(-2.4328)
(-1.1467)
(-4.3048)
A1(-4.2488)
(8.3107)
(2.1986)
A2(12.9239)
(3.1747)
(-6.8331)
A3(-0.2251)
(9.2608)
(-1.9537)
A4(1.4222)
(-5.7413)
(-5.5115)
G1(0.4076)
(1.6405)
(0.3406)
G2(-2.9591)
(3.3401)
(-2.0683)
G3(0.2879)
(2.2881)
(-0.2565)
G4(-2.4307)
(-3.0788)
(-4.6810)
A1(0.3353)
(9.9489)
(1.4610)
A2(4.9416)
(0.7805)
(1.3695)
A3(-1.8483)
(9.4379)
(-1.4748)
A4(4.5442)
(4.7740)
(-8.7005)
G1(0.4182)
(0.5225)
(0.3767)
G2(-2.0699)
(0.6130)
(-0.9653)
G3(0.3432)
(2.4536)
(-0.2602)
G4(-1.8608)
(-1.0408)
(-4.2713)
A1(0.2682)
(9.8387)
(-1.2263)
A2(9.1794)
(3.9073)
(3.0119)
A3(0.9673)
(8.3749)
(-5.0039)
A4(5.0135)
(4.1899)
(-8.0589)
G1(0.7077)
(0.4459)
(-0.0564)
G2(1.1994)
(6.0251)
(-1.5341)
G3(0.2182)
(0.8929)
(0.0569)
G4(-0.0016)
(-1.2388)
(-0.7247)
A1(0.3688)
(9.4028)
(-0.1581)
A2(8.4898)
(5.0613)
(6.8809)
A3(2.3559)
(9.0692)
(-3.9504)
A4(5.3726)
(6.3494)
(-10.7164)
G1(0.6965)
(0.7513)
(-0.1080)
G2(1.1744)
(1.2036)
(-1.6166)
G3(-0.1442)
(0.4438)
(0.0399)
G4(-0.5076)
(-0.9716)
(-0.2905)
A1(-1.6669)
(8.4209)
(-1.6957)
A2(7.7907)
(7.4460)
(5.2672)
A3(-0.0814)
(9.3278)
(-2.8635)
A4(4.0701)
(11.8992)
(-9.0884)
G1(-0.1123)
(0.0154)
(0.0245)
G2(2.3599)
(1.9715)
(-2.0768)
G3(-0.1474)
(0.1043)
(-0.0383)
G4(-1.9582)
(-0.0905)
(-0.4076)
A1(0.3545)
(11.4961)
(-0.3401)
A2(5.0901)
(9.7971)
(3.7445)
A3(-0.2394)
(9.6295)
(-2.2075)
A4(8.2887)
(7.3071)
(-3.2992)
G1(-0.2240)
(0.5236)
(0.1224)
G2(2.8473)
(-0.0612)
(-1.7874)
G3(0.1474)
(0.2107)
(-0.0479)
G4(-1.4042)
(0.8274)
(0.1767)
A1(-0.7089)
(9.4891)
(-2.0645)
A2(3.8259)
(9.2033)
(2.7533)
A3(-0.9194)
(9.2273)
(-5.5498)
A4(1.0534)
(10.1466)
(-3.7350)
G1(0.6476)
(0.1266)
(-0.2634)
G2(1.9976)
(0.6699)
(-1.2473)
G3(0.0378)
(-0.0942)
(-0.1293)
G4(-0.7790)
(0.3996)
(-0.0830)
A1(-1.6574)
(8.8568)
(-1.1161)
A2(3.2322)
(9.8114)
(1.1779)
A3(0.4693)
(9.4140)
(-3.0358)
A4(4.0366)
(10.6686)
(-0.5794)
G1(-0.2363)
(0.4810)
(-0.2006)
G2(1.1930)
(1.8220)
(-0.0309)
G3(-0.1080)
(-0.2597)
(-0.1341)
G4(-0.2916)
(-0.0851)
(-0.1825)
A1(-1.2310)
(9.2879)
(-0.5365)
A2(2.1787)
(9.3326)
(-1.8723)
A3(0.4310)
(9.2799)
(-2.8060)
A4(0.6656)
(9.2320)
(-3.4764)
G1(0.1825)
(-0.0277)
(-0.0766)
G2(1.0823)
(0.5608)
(-0.2698)
G3(0.0612)
(-0.0186)
(-0.1969)
G4(-0.1357)
(-0.2804)
(-0.1751)
