A1(0.6946)
(8.9095)
(-0.9388)
A2(1.8100)
(9.1363)
(-0.7278)
A3(2.1404)
(9.3757)
(-1.9489)
A4(0.2634)
(9.5864)
(-2.6815)
G1(-0.8626)
(0.1969)
(0.2038)
G2(0.1181)
(0.5752)
(0.0266)
G3(0.5310)
(0.0761)
(0.0053)
G4(-0.1091)
(0.1357)
(0.0032)
A1(-0.0335)
(9.6950)
(0.2299)
A2(2.8299)
(9.2177)
(-0.7326)
A3(2.4086)
(8.5138)
(-3.2896)
A4(1.7957)
(12.5313)
(4.9895)
G1(-0.7673)
(-0.5156)
(0.1208)
G2(0.2006)
(-0.0692)
(0.2432)
G3(0.4667)
(0.1240)
(0.1426)
G4(0.5396)
(1.3271)
(-0.6098)
A1(-0.5509)
(10.8255)
(-0.7041)
A2(3.2753)
(9.1028)
(-0.4501)
A3(1.6759)
(8.9399)
(-3.3567)
A4(9.1075)
(15.9406)
(0.0335)
G1(-0.7668)
(-0.2277)
(0.0585)
G2(0.1607)
(-0.1666)
(0.1059)
G3(0.4672)
(-0.1490)
(0.1506)
G4(1.1722)
(2.1806)
(-1.1941)
A1(0.7760)
(9.0819)
(2.6968)
A2(3.3232)
(7.5178)
(1.2498)
A3(4.0749)
(7.4555)
(-6.4165)
A4(-3.3327)
(13.1298)
(-5.6264)
G1(-0.6678)
(-0.2166)
(-0.7194)
G2(-1.6256)
(-0.0186)
(-0.1378)
G3(0.1612)
(0.4198)
(-0.2368)
G4(0.7146)
(-0.0532)
(1.1105)
A1(-0.1293)
(11.0602)
(1.6430)
A2(10.0461)
(7.5130)
(6.0765)
A3(4.8267)
(8.0876)
(-4.5777)
A4(1.1971)
(3.8834)
(-12.0333)
G1(-0.0686)
(-1.5607)
(-0.3102)
G2(-4.7119)
(-0.1820)
(1.9199)
G3(-0.1128)
(-0.7386)
(0.0729)
G4(1.7570)
(1.8938)
(3.6647)
A1(-1.9016)
(10.5572)
(0.5604)
A2(4.6543)
(13.0101)
(8.8873)
A3(4.2713)
(8.5377)
(-4.5681)
A4(4.0893)
(0.2586)
(-10.3669)
G1(-0.0750)
(-2.9490)
(-0.9977)
G2(-4.3319)
(-2.0156)
(2.6223)
G3(-0.0809)
(-0.6726)
(-0.1538)
G4(1.8028)
(2.6340)
(5.3344)
A1(-0.9341)
(8.1335)
(2.6106)
A2(11.2001)
(5.7269)
(5.4253)
A3(2.6097)
(8.4898)
(-3.8499)
A4(1.3886)
(-6.0047)
(-2.5235)
G1(0.0074)
(-1.4160)
(-0.0271)
G2(-3.8083)
(-2.9112)
(2.5669)
G3(-0.7173)
(-1.8635)
(0.0681)
G4(0.6891)
(4.0856)
(5.3163)
A1(-2.8357)
(8.4448)
(5.1876)
A2(8.6622)
(5.2960)
(3.3615)
A3(1.9297)
(8.3127)
(-2.2889)
A4(-0.3160)
(-9.5529)
(-5.0996)
G1(0.5172)
(-1.0254)
(-0.2836)
G2(-1.4596)
(-3.3300)
(2.5270)
G3(-1.1435)
(-1.9896)
(-0.1383)
G4(0.6518)
(1.1738)
(3.4933)
A1(-7.7838)
(6.7492)
(2.3423)
A2(4.4005)
(1.7142)
(0.7087)
A3(-0.8906)
(8.1930)
(-2.3463)
A4(-4.0558)
(-8.5521)
(-9.4140)
G1(0.0117)
(-0.0043)
(-0.0633)
G2(0.3948)
(-4.5235)
(2.1439)
G3(-1.0839)
(-1.9497)
(-0.1639)
G4(-3.1762)
(0.7662)
(0.4555)
A1(-0.5604)
(11.1225)
(4.0667)
A2(3.7302)
(2.1691)
(0.3160)
A3(-13.6134)
(11.4012)
(1.6759)
A4(40.3040)
(7.9535)
(-21.2892)
G1(0.0149)
(0.1990)
(0.2496)
G2(3.2677)
(-2.3450)
(0.7694)
G3(-0.1107)
(0.7572)
(-0.3767)
G4(0.7120)
(1.6336)
(3.7227)
A1(-2.5818)
(7.1659)
(3.0560)
A2(7.7141)
(12.4882)
(19.3068)
A3(1.7238)
(9.7827)
(-0.1628)
A4(11.8465)
(4.3479)
(-0.9577)
G1(0.0362)
(1.2675)
(0.4315)
G2(-3.8844)
(-6.4934)
(0.6838)
G3(-0.0835)
(0.1564)
(0.1671)
G4(0.3767)
(-0.4720)
(-1.1754)
A1(-1.7292)
(10.6626)
(1.5616)
A2(15.9358)
(2.4565)
(0.1628)
A3(-1.7238)
(8.5090)
(-5.9328)
A4(10.8122)
(-2.2889)
(-4.8076)
G1(0.3331)
(0.5827)
(0.3496)
G2(0.0591)
(-1.6421)
(-0.8801)
G3(0.3182)
(1.7203)
(-0.1000)
G4(1.0057)
(-2.0247)
(-5.0604)
A1(-1.1736)
(9.2448)
(2.4381)
A2(-1.2354)
(-1.5562)
(7.6088)
A3(3.5147)
(8.9495)
(-2.0973)
A4(2.7869)
(0.2298)
(-6.6415)
G1(0.3214)
(1.4559)
(0.2097)
G2(-1.1291)
(-1.5277)
(-1.0903)
G3(0.2533)
(1.6038)
(0.0841)
G4(-0.3315)
(-1.5655)
(-6.7312)
A1(2.1843)
(10.9548)
(0.8047)
A2(11.8130)
(4.5011)
(0.8715)
A3(0.7614)
(9.1123)
(-3.4764)
A4(-0.5507)
(9.9982)
(-8.4036)
G1(0.2464)
(1.3494)
(0.4427)
G2(-0.0154)
(4.4607)
(-2.2067)
G3(0.1463)
(1.3468)
(0.1745)
G4(0.2363)
(-1.4442)
(-3.6615)
A1(-0.9101)
(10.1740)
(-0.6514)
A2(3.7110)
(3.8164)
(5.8658)
A3(4.2713)
(8.5617)
(-3.0215)
A4(4.7214)
(11.6646)
(-9.8881)
G1(0.8514)
(0.7540)
(0.0474)
G2(1.7129)
(1.7395)
(-2.6393)
G3(0.1426)
(0.8354)
(0.1410)
G4(0.0500)
(-2.7340)
(-0.1219)
A1(-0.8526)
(8.3347)
(-0.2443)
A2(8.5617)
(7.4316)
(7.8243)
A3(3.1220)
(8.9735)
(-3.5865)
A4(3.9696)
(13.4650)
(-7.8721)
G1(0.8626)
(0.9450)
(0.1336)
G2(1.4186)
(2.5392)
(-3.3965)
G3(-0.0053)
(0.6518)
(0.0942)
G4(-0.8413)
(-2.1465)
(-0.2405)
A1(0.9820)
(9.9489)
(-0.4646)
A2(10.6542)
(9.6343)
(4.8794)
A3(1.7430)
(9.3470)
(-1.1444)
A4(2.3080)
(11.4203)
(-4.9225)
G1(0.1091)
(-0.0750)
(0.4693)
G2(1.9390)
(-0.2437)
(-2.7941)
G3(-0.1628)
(0.3688)
(0.0351)
G4(-0.7487)
(-0.9296)
(0.2746)
A1(-0.3209)
(10.5237)
(-0.3305)
A2(6.1148)
(8.5521)
(4.1755)
A3(2.3607)
(9.2273)
(-2.0494)
A4(2.6240)
(9.7205)
(-4.7405)
G1(0.1618)
(-0.0734)
(-0.4523)
G2(1.8661)
(0.6838)
(-1.4931)
G3(0.0415)
(0.3618)
(-0.0011)
G4(-0.8109)
(-0.9887)
(0.2815)
A1(-0.2826)
(9.0915)
(-0.9676)
A2(5.2194)
(8.9304)
(3.1364)
A3(2.2075)
(9.1315)
(-3.1651)
A4(0.9337)
(11.0804)
(-6.3829)
G1(0.6800)
(-0.3688)
(-0.0718)
G2(1.6506)
(1.3393)
(-1.1169)
G3(-0.0580)
(-0.1165)
(0.0335)
G4(-0.3108)
(-0.0431)
(0.0181)
A1(-0.8574)
(10.2267)
(-1.3508)
A2(3.6727)
(10.5824)
(2.0159)
A3(2.4517)
(8.9687)
(-3.0454)
A4(0.3591)
(9.6151)
(-2.8539)
G1(0.3980)
(-0.1559)
(0.0404)
G2(1.1510)
(0.5348)
(-0.6902)
G3(-0.2043)
(-0.2464)
(-0.0511)
G4(-0.3975)
(-0.0830)
(0.1203)
