A1(-1.5568)
(9.5322)
(1.2981)
A2(-0.2059)
(9.5241)
(-0.6895)
A3(-1.3120)
(8.9878)
(-3.0311)
A4(0.4070)
(9.2464)
(-3.3184)
G1(-0.1229)
(0.0931)
(0.0330)
G2(-0.0186)
(0.0383)
(-0.0341)
G3(-0.0202)
(0.1437)
(-0.0729)
G4(-0.0819)
(-0.2613)
(-0.0213)
A1(-0.7520)
(8.9909)
(1.7005)
A2(-0.4932)
(9.3853)
(-0.5267)
A3(-1.6568)
(9.5289)
(-2.4756)
A4(-1.2163)
(9.8210)
(-2.3415)
G1(-0.3054)
(-0.1958)
(0.0346)
G2(-0.0516)
(-0.0644)
(-0.0160)
G3(0.0894)
(0.1336)
(-0.0607)
G4(0.0915)
(-0.1415)
(-0.0341)
A1(-3.7650)
(9.5034)
(3.6356)
A2(0.3208)
(9.3182)
(-0.9864)
A3(-1.1253)
(9.5672)
(-2.1739)
A4(-0.9673)
(9.9503)
(-0.6033)
G1(-1.3345)
(0.6854)
(0.3661)
G2(-0.1458)
(-0.0952)
(0.0942)
G3(0.3049)
(0.0490)
(-0.1415)
G4(0.7487)
(0.1655)
(-0.0293)
A1(-6.0977)
(11.9990)
(5.2164)
A2(-0.0287)
(8.6143)
(0.3926)
A3(-7.8626)
(10.4722)
(-0.7853)
A4(-4.9464)
(7.6231)
(-13.4602)
G1(-2.4158)
(1.9736)
(-2.2184)
G2(-0.7976)
(0.0867)
(0.0617)
G3(0.8955)
(0.6694)
(0.1112)
G4(0.5087)
(2.2567)
(-0.5417)
A1(-6.8306)
(11.8793)
(1.7771)
A2(-3.2657)
(17.4250)
(-1.1444)
A3(-4.8459)
(20.8439)
(-12.6222)
A4(-0.0622)
(8.7388)
(-6.9719)
G1(-0.8152)
(3.4273)
(-3.0618)
G2(-0.5369)
(3.1868)
(1.1621)
G3(2.8830)
(-2.2120)
(-2.1646)
G4(-0.2006)
(0.7370)
(0.1916)
A1(-9.2544)
(8.1574)
(-4.1769)
A2(-4.1084)
(14.2216)
(5.7317)
A3(-8.0062)
(-2.2889)
(-12.5025)
A4(0.8475)
(6.4452)
(-7.9009)
G1(2.8133)
(4.7049)
(-3.2922)
G2(-1.2329)
(-1.3750)
(0.4470)
G3(5.9448)
(-3.4523)
(-7.4028)
G4(-0.8418)
(0.7348)
(0.1703)
A1(3.7602)
(1.3747)
(9.3549)
A2(-1.1779)
(11.5831)
(1.8052)
A3(-15.4665)
(-10.4579)
(-7.3215)
A4(-2.9257)
(11.3389)
(1.0008)
G1(4.4075)
(-0.9386)
(-2.6845)
G2(0.0080)
(3.3310)
(0.8093)
G3(-0.6965)
(-4.1021)
(-2.5132)
G4(-0.7130)
(0.4347)
(0.7008)
A1(-2.7734)
(11.6398)
(17.0717)
A2(-4.3527)
(13.0245)
(10.0987)
A3(8.0062)
(1.8100)
(-7.0916)
A4(13.1537)
(6.7947)
(-3.5865)
G1(-1.1526)
(0.9088)
(0.9583)
G2(1.3580)
(-1.6160)
(1.7411)
G3(-1.4330)
(-2.2056)
(-0.6912)
G4(-0.3038)
(-0.3097)
(-0.1320)
A1(-15.8694)
(4.5649)
(0.0144)
A2(6.9288)
(9.1889)
(1.4605)
A3(-3.3279)
(-14.4610)
(-6.0238)
A4(-0.5315)
(10.5776)
(0.4693)
G1(-0.8461)
(0.7748)
(0.6763)
G2(0.3102)
(-0.3719)
(0.1634)
G3(-1.4904)
(-0.8200)
(3.2140)
G4(0.0154)
(0.7003)
(-0.2139)
A1(-4.8954)
(-2.3040)
(-0.4024)
A2(1.6951)
(12.8377)
(4.5107)
A3(-10.3190)
(0.1580)
(-4.2282)
A4(-0.5171)
(9.3182)
(-3.5099)
G1(-0.6843)
(-2.9548)
(0.7008)
G2(0.0144)
(0.3097)
(0.1660)
G3(-0.7987)
(0.3613)
(0.4544)
G4(0.2682)
(-0.0692)
(-0.2182)
A1(-9.9441)
(4.1146)
(-2.9315)
A2(-0.8906)
(9.8450)
(2.8252)
A3(-0.4453)
(-1.3072)
(-1.8579)
A4(0.5602)
(9.4619)
(-3.9409)
G1(0.1378)
(0.0521)
(2.1332)
G2(0.3480)
(-0.2400)
(-0.6806)
G3(-0.4347)
(1.5240)
(1.1957)
G4(0.1474)
(-0.0410)
(-0.1990)
A1(-8.1239)
(4.8858)
(-0.0862)
A2(3.3279)
(10.5393)
(3.0406)
A3(-8.1690)
(-1.7430)
(-4.4149)
A4(1.3838)
(9.5481)
(-3.5769)
G1(0.4236)
(-1.5942)
(2.2168)
G2(0.2437)
(-0.8306)
(-0.6976)
G3(-0.8583)
(2.0853)
(1.7262)
G4(0.0346)
(-0.1474)
(-0.2980)
A1(-8.5598)
(6.6055)
(2.2896)
A2(-0.3735)
(10.5297)
(1.1253)
A3(-7.5130)
(3.2992)
(-5.7269)
A4(-0.3496)
(8.8394)
(-3.6296)
G1(0.3326)
(-0.2097)
(2.2285)
G2(0.3166)
(0.2836)
(-0.4762)
G3(-1.8773)
(1.4495)
(2.3493)
G4(0.1591)
(-0.3794)
(-0.1554)
A1(-5.5804)
(9.5657)
(1.6957)
A2(-0.6800)
(8.7819)
(1.2115)
A3(-5.7269)
(5.9807)
(-5.9855)
A4(0.1293)
(8.9112)
(-5.3486)
G1(0.5954)
(-0.7157)
(2.2370)
G2(0.2815)
(-0.9562)
(-0.2176)
G3(-1.8927)
(1.8331)
(2.1460)
G4(-0.1761)
(-0.5204)
(-0.0931)
A1(-5.6043)
(9.0388)
(0.4455)
A2(-0.2251)
(9.5816)
(0.0910)
A3(-4.7836)
(8.5712)
(-6.4596)
A4(0.5890)
(9.7923)
(-3.7637)
G1(0.7189)
(-0.6396)
(1.7703)
G2(0.1825)
(-0.2315)
(-0.1713)
G3(-1.6416)
(1.4660)
(1.8374)
G4(-0.0777)
(-0.3134)
(-0.0149)
A1(-2.1986)
(9.7813)
(2.1651)
A2(-0.6464)
(9.0501)
(1.1061)
A3(-5.2481)
(10.0126)
(-5.2098)
A4(0.8954)
(8.9735)
(-4.0701)
G1(0.4220)
(-0.3533)
(0.9019)
G2(0.2778)
(-0.9445)
(-0.1043)
G3(-1.2813)
(0.4523)
(1.2984)
G4(-0.0553)
(-0.3145)
(-0.0697)
A1(-2.5818)
(10.0016)
(0.7281)
A2(1.6951)
(9.6678)
(-0.1341)
A3(-3.7350)
(9.8258)
(-2.8299)
A4(-1.3647)
(8.8346)
(-5.0709)
G1(0.4321)
(-0.4230)
(0.3310)
G2(-0.0239)
(-0.0729)
(-0.2363)
G3(0.1676)
(-0.0639)
(0.5438)
G4(-0.0548)
(0.1511)
(-0.1117)
A1(-2.2082)
(9.5897)
(-0.0958)
A2(-1.7190)
(9.7013)
(1.1827)
A3(-3.8930)
(9.2991)
(-2.8778)
A4(-0.0622)
(9.0166)
(-3.6248)
G1(0.0372)
(-0.2187)
(-0.0149)
G2(0.0612)
(-0.4938)
(-0.0841)
G3(-0.4794)
(-0.3272)
(0.2086)
G4(-0.0686)
(-0.2325)
(0.0255)
A1(-1.5759)
(9.8052)
(-0.0335)
A2(-0.1963)
(9.2847)
(-0.7566)
A3(0.7901)
(10.0604)
(-3.3519)
A4(0.0527)
(8.9447)
(-4.6160)
G1(0.1341)
(0.1564)
(0.2474)
G2(0.3959)
(0.5273)
(-0.2208)
G3(-0.0979)
(0.6657)
(-0.3262)
G4(-0.2230)
(0.0798)
(-0.0170)
A1(-0.9293)
(9.7573)
(-0.0479)
A2(-1.6951)
(10.1562)
(-0.5315)
A3(-2.4373)
(8.7724)
(-3.1364)
A4(-0.3735)
(9.6199)
(-2.9161)
G1(0.3879)
(0.2235)
(-0.0069)
G2(0.3320)
(-0.1474)
(-0.0112)
G3(-0.1394)
(0.3400)
(-0.0096)
G4(-0.2139)
(0.0506)
(0.0303)
