A1(1.6669)
(10.6099)
(-0.8862)
A2(2.4134)
(8.6143)
(-0.0144)
A3(0.8140)
(8.9016)
(-4.1994)
A4(13.5320)
(16.6828)
(-6.3782)
G1(0.0266)
(-1.2239)
(-0.8902)
G2(0.1341)
(0.7306)
(0.3017)
G3(0.6306)
(-0.1990)
(0.1628)
G4(1.5751)
(0.0357)
(0.1022)
A1(0.0527)
(12.8181)
(6.1792)
A2(7.9009)
(9.5337)
(6.3877)
A3(1.9968)
(10.0078)
(-1.0056)
A4(1.8579)
(14.1641)
(-13.3309)
G1(-0.4954)
(-1.1957)
(-0.1628)
G2(-3.0623)
(-1.3840)
(0.5683)
G3(0.0740)
(-0.4326)
(0.0160)
G4(3.0442)
(0.5880)
(1.7022)
A1(2.4333)
(12.7798)
(1.2646)
A2(2.7438)
(13.3070)
(8.2265)
A3(0.6752)
(9.1075)
(-4.0318)
A4(5.0518)
(-0.6177)
(-10.0461)
G1(-0.9557)
(-1.6251)
(-1.1850)
G2(-4.1409)
(-2.1002)
(1.7677)
G3(-0.0841)
(-1.0515)
(-0.1346)
G4(2.9814)
(2.0646)
(5.1865)
A1(-0.1437)
(8.2963)
(3.2141)
A2(10.6255)
(7.5944)
(5.4827)
A3(2.0686)
(8.4132)
(-6.0094)
A4(3.7876)
(-5.6168)
(-7.4029)
G1(0.4725)
(0.1410)
(-0.2969)
G2(-3.1544)
(-2.8739)
(2.3945)
G3(-0.4688)
(-1.7373)
(0.1160)
G4(2.8649)
(2.4243)
(5.6766)
A1(0.6227)
(8.8664)
(4.0188)
A2(6.9336)
(5.7174)
(1.1157)
A3(0.3879)
(7.1587)
(-2.4948)
A4(2.6671)
(-9.1842)
(-7.4795)
G1(0.4715)
(-0.4331)
(-0.0319)
G2(-0.6886)
(-3.5981)
(2.3865)
G3(-0.7657)
(-0.4949)
(-0.7630)
G4(1.4042)
(2.2471)
(1.7326)
A1(-4.5553)
(6.8019)
(5.2307)
A2(6.1627)
(4.3766)
(1.8531)
A3(-0.5794)
(9.6678)
(-2.2170)
A4(-0.5794)
(-1.0247)
(-6.5888)
G1(0.2219)
(-0.0968)
(-0.1900)
G2(0.6039)
(-3.6737)
(1.9055)
G3(-0.6353)
(-0.8540)
(-0.6838)
G4(-1.2015)
(1.5399)
(-0.4182)
A1(2.5483)
(14.0157)
(2.3471)
A2(11.0229)
(0.6225)
(1.0918)
A3(-7.9487)
(10.0173)
(2.0590)
A4(19.9437)
(19.7234)
(6.6798)
G1(-0.6284)
(1.5341)
(-0.4299)
G2(2.8117)
(-2.9245)
(1.8906)
G3(-0.1245)
(-0.5949)
(-0.2480)
G4(1.5905)
(2.7712)
(-1.4346)
A1(-4.3781)
(8.5263)
(3.5446)
A2(-1.7238)
(-1.8818)
(-1.1492)
A3(7.3358)
(7.3358)
(-8.4420)
A4(13.1729)
(2.6528)
(-3.5578)
G1(0.3203)
(0.7492)
(0.2448)
G2(2.4349)
(0.6502)
(0.2182)
G3(0.0064)
(0.2192)
(0.4619)
G4(-0.8530)
(-0.0660)
(0.3975)
A1(-2.3854)
(9.1873)
(2.0885)
A2(17.3867)
(-2.9066)
(-13.7667)
A3(-4.8842)
(9.9072)
(-0.6895)
A4(3.5291)
(2.0686)
(0.6608)
G1(0.3219)
(0.5204)
(0.2634)
G2(1.7240)
(0.6795)
(-1.5788)
G3(-0.1139)
(0.8524)
(-0.0154)
G4(-0.1048)
(1.7283)
(-2.2354)
A1(-1.8729)
(10.0256)
(1.0969)
A2(4.0893)
(-3.1891)
(-1.3408)
A3(-0.7949)
(9.3565)
(-1.4892)
A4(2.2410)
(0.7518)
(-3.1795)
G1(0.4188)
(0.7263)
(-0.2623)
G2(-0.9184)
(1.8108)
(-0.2623)
G3(0.0580)
(1.3686)
(-0.0639)
G4(1.0408)
(-0.4864)
(-2.8250)
A1(-1.1496)
(9.9872)
(1.7771)
A2(7.8434)
(1.5993)
(2.4134)
A3(0.6800)
(8.8346)
(-0.5794)
A4(5.3103)
(-1.7813)
(-7.8195)
G1(0.2655)
(0.1176)
(0.2943)
G2(-0.5880)
(0.5039)
(-1.2712)
G3(-0.3033)
(1.3995)
(0.1729)
G4(-1.0147)
(-2.1077)
(-3.9185)
A1(1.5472)
(9.8866)
(0.8143)
A2(11.4347)
(5.1044)
(0.5890)
A3(-0.1867)
(9.6726)
(-1.4509)
A4(4.6400)
(8.7101)
(-9.5289)
G1(0.1399)
(0.1314)
(0.0660)
G2(-0.8067)
(1.6118)
(-2.8771)
G3(0.1852)
(1.0898)
(0.1123)
G4(-1.9156)
(-1.6990)
(-4.0159)
A1(-1.8202)
(9.8052)
(-0.1150)
A2(7.6088)
(5.8035)
(2.2745)
A3(2.5379)
(8.8681)
(-2.8635)
A4(10.1466)
(8.8538)
(-10.3717)
G1(0.2629)
(-0.0894)
(-0.2469)
G2(1.1563)
(2.6547)
(-3.0102)
G3(0.3347)
(0.6103)
(0.0585)
G4(-2.0417)
(-2.5281)
(-0.7545)
A1(-2.6106)
(9.0867)
(-1.3460)
A2(10.6925)
(9.5098)
(4.5729)
A3(1.2977)
(9.4906)
(-1.8387)
A4(7.2161)
(10.1514)
(-8.2313)
G1(0.4150)
(0.0149)
(0.2948)
G2(1.1898)
(1.8113)
(-3.3890)
G3(0.1341)
(0.0553)
(0.1383)
G4(-2.1556)
(-0.9062)
(-0.1027)
A1(-0.7329)
(9.6950)
(-0.1102)
A2(6.0094)
(9.5433)
(2.2027)
A3(1.1779)
(9.2320)
(-3.6057)
A4(11.0660)
(9.5002)
(-2.5618)
G1(0.4794)
(0.6790)
(-0.2160)
G2(2.1556)
(0.5976)
(-2.5174)
G3(-0.0277)
(0.1639)
(0.0021)
G4(-0.2341)
(1.5437)
(0.0463)
A1(-1.1927)
(9.5465)
(0.0335)
A2(3.0311)
(9.9264)
(1.8340)
A3(1.9968)
(8.4515)
(-3.5530)
A4(7.0677)
(8.1547)
(-5.7221)
G1(0.2879)
(-0.0011)
(-0.0527)
G2(2.2487)
(0.3028)
(-1.9140)
G3(-0.1586)
(0.0335)
(0.0357)
G4(-0.5140)
(0.9248)
(0.2634)
A1(-0.0814)
(9.0675)
(-2.0741)
A2(2.8635)
(8.8346)
(0.1053)
A3(2.2697)
(9.0549)
(-3.1699)
A4(4.4101)
(9.5816)
(-0.8188)
G1(-0.0250)
(0.1894)
(-0.1527)
G2(0.9211)
(1.3409)
(-0.6657)
G3(-0.1117)
(-0.3294)
(0.0005)
G4(-0.1889)
(0.7184)
(-0.3257)
A1(-2.0837)
(8.8712)
(1.2981)
A2(2.9018)
(10.4770)
(-1.3216)
A3(0.4118)
(9.5433)
(-2.0686)
A4(2.4421)
(9.0884)
(-2.9497)
G1(0.1495)
(-0.1809)
(-0.1011)
G2(1.3340)
(0.9152)
(0.1602)
G3(0.0990)
(0.0649)
(-0.2581)
G4(-0.1958)
(-0.2661)
(-0.1453)
A1(-2.9123)
(9.3741)
(-0.6754)
A2(3.0502)
(9.9790)
(0.3448)
A3(0.2538)
(9.0070)
(-3.3662)
A4(1.4317)
(9.4571)
(-3.5291)
G1(-0.0362)
(-0.0372)
(-0.0399)
G2(-0.6167)
(-0.1133)
(-0.0298)
G3(0.0122)
(-0.1155)
(-0.1660)
G4(-0.1261)
(0.0952)
(-0.1713)
A1(-2.4238)
(9.3597)
(1.3843)
A2(-0.4118)
(9.1889)
(-1.3982)
A3(-0.0575)
(9.2943)
(-2.4660)
A4(1.9489)
(9.2368)
(-3.2034)
G1(0.3081)
(0.7487)
(0.0670)
G2(0.0612)
(0.4842)
(-0.1532)
G3(0.0633)
(-0.1117)
(-0.1607)
G4(-0.1415)
(-0.1878)
(-0.1293)
