A1(1.8537)
(12.4014)
(-2.2801)
A2(2.3176)
(9.7588)
(-2.1213)
A3(1.0104)
(9.5624)
(-1.7765)
A4(15.1218)
(23.6356)
(0.0239)
G1(-0.5608)
(-0.9881)
(-0.3805)
G2(0.6439)
(-0.3528)
(0.1086)
G3(1.0610)
(-0.3421)
(0.1517)
G4(1.8821)
(0.3044)
(-0.8945)
A1(3.8416)
(14.9689)
(7.4964)
A2(8.5617)
(12.3397)
(6.2249)
A3(3.2274)
(8.3797)
(-2.4277)
A4(4.4915)
(18.3156)
(-15.9167)
G1(-1.7001)
(-1.9002)
(-0.8620)
G2(-2.8692)
(-0.6321)
(0.3906)
G3(-0.0623)
(0.3299)
(-0.3837)
G4(2.9436)
(-0.6284)
(2.2748)
A1(-2.8261)
(13.9199)
(6.4857)
A2(-1.2115)
(15.8975)
(11.7651)
A3(3.1891)
(8.3893)
(-5.6168)
A4(3.1125)
(-0.4836)
(-8.2504)
G1(-0.0750)
(-2.3487)
(-0.7029)
G2(-5.1397)
(-2.6068)
(3.9312)
G3(-0.0426)
(-0.9317)
(-0.0846)
G4(3.1719)
(2.9197)
(4.2133)
A1(-3.1231)
(5.3505)
(6.8019)
A2(10.1370)
(3.9409)
(6.8043)
A3(2.5139)
(7.4603)
(-5.6838)
A4(3.0406)
(-7.2065)
(-1.8004)
G1(0.4741)
(-0.2059)
(-0.1144)
G2(-3.7578)
(-3.1427)
(2.0327)
G3(-1.0727)
(-2.1061)
(-0.1703)
G4(2.0013)
(4.4942)
(3.2400)
A1(0.5077)
(6.5863)
(4.1530)
A2(7.6040)
(4.5873)
(6.7756)
A3(2.6767)
(8.4276)
(0.2203)
A4(2.4948)
(-15.0547)
(-3.7828)
G1(-0.0325)
(-0.2097)
(-0.0915)
G2(-2.3461)
(-3.8605)
(2.2939)
G3(-1.1286)
(-1.9348)
(-0.2879)
G4(0.2251)
(3.4508)
(4.0084)
A1(-9.9777)
(6.7683)
(1.5472)
A2(5.0135)
(3.7781)
(1.1013)
A3(1.0439)
(10.1849)
(0.5650)
A4(3.8020)
(-1.2785)
(-8.4755)
G1(0.1761)
(0.9519)
(0.2581)
G2(1.5623)
(-4.2037)
(1.5846)
G3(-0.5795)
(-1.9811)
(0.0138)
G4(-1.1973)
(-2.9293)
(2.6223)
A1(3.7746)
(7.9563)
(4.9816)
A2(6.8091)
(0.5124)
(1.5802)
A3(-11.4156)
(9.5912)
(-0.2490)
A4(23.0610)
(-19.7282)
(-12.2487)
G1(0.0596)
(-0.7295)
(-0.3145)
G2(4.4155)
(-3.4103)
(0.2246)
G3(-0.1559)
(1.2824)
(-0.4363)
G4(-0.7168)
(-1.1861)
(0.7029)
A1(-1.4849)
(8.9526)
(3.9087)
A2(10.6111)
(5.0949)
(11.9471)
A3(1.6999)
(10.7069)
(3.0406)
A4(13.3836)
(-2.0782)
(-4.1324)
G1(0.3390)
(0.9637)
(0.2650)
G2(-2.3892)
(-2.8734)
(-0.2724)
G3(-0.1559)
(-0.3539)
(0.2097)
G4(-0.3374)
(-0.1133)
(0.0027)
A1(-2.2944)
(8.4257)
(3.8512)
A2(13.4363)
(-2.0111)
(-3.7254)
A3(-0.9864)
(8.8969)
(-3.2322)
A4(6.9240)
(0.4262)
(-2.9736)
G1(0.5965)
(-0.4448)
(-0.0963)
G2(0.1490)
(-2.6643)
(-0.0968)
G3(0.0979)
(0.7237)
(0.0266)
G4(1.8251)
(-2.3200)
(-1.7017)
A1(0.0623)
(9.3693)
(1.4705)
A2(8.8777)
(-3.9887)
(-0.8571)
A3(-3.0789)
(9.9838)
(0.1149)
A4(9.0644)
(-10.3765)
(-4.3910)
G1(0.2613)
(0.4534)
(-0.1096)
G2(-1.2765)
(2.0806)
(-0.4938)
G3(0.2033)
(0.3448)
(0.1160)
G4(2.2524)
(-2.6366)
(-0.5076)
A1(0.5940)
(9.8435)
(1.8442)
A2(8.2217)
(-0.7374)
(-1.2977)
A3(-1.1396)
(9.4044)
(-1.4557)
A4(6.5218)
(-2.9066)
(-5.5641)
G1(0.3890)
(-0.3304)
(0.2645)
G2(-0.6705)
(0.8418)
(-0.5066)
G3(0.4688)
(0.9046)
(0.2086)
G4(1.0914)
(-2.3056)
(-0.7184)
A1(-2.2417)
(9.7477)
(1.4801)
A2(10.9702)
(2.0255)
(-0.5171)
A3(2.1883)
(8.8729)
(-2.2170)
A4(5.5593)
(-2.3559)
(-6.0142)
G1(0.3900)
(1.2882)
(0.0766)
G2(-0.8615)
(1.2505)
(-1.6682)
G3(0.4778)
(1.6346)
(-0.0937)
G4(-1.4138)
(-1.9656)
(-1.9268)
A1(-3.5638)
(8.3538)
(0.9197)
A2(9.4954)
(2.7007)
(-0.7087)
A3(1.5850)
(8.8825)
(-1.9489)
A4(-1.0151)
(1.8292)
(-6.6128)
G1(0.1181)
(-0.6545)
(0.2756)
G2(-0.4124)
(0.5603)
(-1.7347)
G3(0.2134)
(1.8395)
(-0.1096)
G4(-3.5263)
(-2.3743)
(-1.9449)
A1(-0.4407)
(10.9548)
(2.7686)
A2(7.1874)
(4.7501)
(0.5363)
A3(-0.6752)
(8.7436)
(-3.6727)
A4(4.2186)
(4.4293)
(-11.8465)
G1(-0.0500)
(1.4713)
(0.1719)
G2(-0.0830)
(2.3083)
(-2.1801)
G3(0.3342)
(0.5060)
(0.1203)
G4(-3.2736)
(-1.1057)
(-1.8012)
A1(0.0192)
(9.8819)
(0.2635)
A2(8.2791)
(6.9767)
(7.6854)
A3(-0.2394)
(9.2991)
(-4.8315)
A4(5.1954)
(7.8003)
(-9.7636)
G1(0.0330)
(0.2118)
(0.2740)
G2(0.9764)
(0.2070)
(-2.6340)
G3(0.1644)
(0.1873)
(-0.0138)
G4(-2.8564)
(-0.6822)
(-0.8838)
A1(-0.7233)
(9.6902)
(-0.1677)
A2(4.0031)
(11.4922)
(4.5346)
A3(0.4549)
(9.1075)
(-4.1037)
A4(5.0230)
(10.4052)
(-3.7781)
G1(0.3033)
(0.6667)
(-0.1612)
G2(0.8966)
(0.0580)
(-2.5190)
G3(-0.0490)
(0.4667)
(-0.1235)
G4(-1.8682)
(0.1527)
(-0.4310)
A1(-1.9687)
(10.1070)
(-2.2801)
A2(5.5354)
(9.0836)
(3.5865)
A3(1.4748)
(9.2273)
(-1.9632)
A4(5.5641)
(10.2759)
(-4.9656)
G1(0.8583)
(0.5279)
(0.0202)
G2(1.9438)
(1.3015)
(-1.6128)
G3(-0.0415)
(0.5656)
(-0.1064)
G4(-0.6119)
(-0.7157)
(-0.2038)
A1(-0.1389)
(9.4651)
(-1.8011)
A2(3.7541)
(7.4555)
(2.5283)
A3(2.9066)
(8.8155)
(-3.5626)
A4(3.2178)
(10.1179)
(-4.6831)
G1(-0.0878)
(0.6252)
(-0.1767)
G2(1.5458)
(0.8918)
(-0.9344)
G3(0.1149)
(0.4603)
(-0.1208)
G4(-0.3996)
(0.3874)
(-0.0447)
A1(-0.5844)
(9.2831)
(0.2251)
A2(3.2082)
(8.4180)
(0.3687)
A3(2.2936)
(8.9830)
(-2.8204)
A4(4.3048)
(8.7388)
(-3.1460)
G1(0.0532)
(0.4539)
(-0.2400)
G2(0.9184)
(1.6384)
(-0.3539)
G3(0.1884)
(0.2953)
(-0.1745)
G4(-0.4342)
(0.1916)
(-0.2618)
A1(-0.8670)
(10.4710)
(0.9532)
A2(2.3846)
(10.9750)
(-0.7470)
A3(0.5986)
(9.0501)
(-3.3710)
A4(1.9393)
(9.5912)
(-2.8012)
G1(0.6460)
(0.8540)
(-0.0165)
G2(0.9078)
(0.2996)
(-0.1373)
G3(0.1043)
(0.0213)
(-0.1799)
G4(-0.1740)
(-0.0090)
(-0.2091)
