A1(-0.2874)
(8.8664)
(1.0155)
A2(1.6951)
(9.2033)
(-0.2155)
A3(0.6752)
(9.2608)
(-2.6384)
A4(1.8579)
(8.8729)
(-4.4245)
G1(-0.1676)
(0.1793)
(0.0543)
G2(-0.0740)
(0.3193)
(-0.0553)
G3(0.0649)
(0.1352)
(-0.0468)
G4(-0.1681)
(-0.2783)
(0.0479)
A1(-0.7760)
(9.6328)
(-1.1113)
A2(2.8443)
(9.4475)
(0.0144)
A3(1.0151)
(8.8585)
(-3.6775)
A4(1.2594)
(9.2608)
(-3.5530)
G1(-0.3006)
(-0.2416)
(0.1245)
G2(0.0548)
(-0.2549)
(0.0905)
G3(0.0032)
(0.0639)
(-0.0564)
G4(-0.1995)
(-0.1203)
(0.0298)
A1(-0.2970)
(8.8712)
(0.4024)
A2(1.4413)
(9.3948)
(-0.6225)
A3(-0.0479)
(9.4571)
(-1.9728)
A4(1.3791)
(10.4148)
(-1.1827)
G1(-0.8732)
(-0.3230)
(0.1963)
G2(0.0798)
(-0.3906)
(0.0623)
G3(0.2554)
(0.0788)
(0.0442)
G4(0.1203)
(-0.3038)
(0.0506)
A1(1.0778)
(9.4028)
(-0.8957)
A2(2.4708)
(9.3709)
(-0.1389)
A3(0.7853)
(8.8825)
(-2.9688)
A4(11.4203)
(13.3740)
(0.3352)
G1(-1.0770)
(-1.1387)
(-0.1309)
G2(-0.0112)
(-0.5422)
(0.1575)
G3(0.4592)
(-0.0511)
(0.1548)
G4(1.5367)
(-0.4736)
(-0.2799)
A1(1.3364)
(12.2673)
(6.4426)
A2(6.7995)
(5.0182)
(5.1954)
A3(2.5043)
(8.4611)
(-4.4197)
A4(1.8244)
(17.2478)
(-15.7251)
G1(-0.3634)
(-0.5119)
(-0.8615)
G2(-4.0010)
(-1.8406)
(0.2730)
G3(-0.0474)
(-0.0170)
(-0.1165)
G4(1.3313)
(0.8695)
(2.9000)
A1(-2.0262)
(9.8531)
(0.7041)
A2(4.5203)
(11.6119)
(8.9974)
A3(3.0311)
(8.8442)
(-2.9449)
A4(3.7302)
(-0.2682)
(-9.9407)
G1(-0.2932)
(-1.4489)
(-0.3959)
G2(-5.5638)
(-1.9140)
(2.9474)
G3(-0.1277)
(-0.2772)
(-0.2384)
G4(3.3598)
(2.3950)
(3.7301)
A1(-0.8574)
(6.7396)
(6.0402)
A2(10.1993)
(4.9991)
(6.8474)
A3(1.7142)
(8.5760)
(-4.2808)
A4(2.8826)
(-8.1259)
(-3.6248)
G1(0.3640)
(-0.3672)
(-0.0351)
G2(-2.5643)
(-3.1043)
(2.5392)
G3(-0.9030)
(-1.4324)
(-0.2426)
G4(1.3319)
(4.4070)
(1.8560)
A1(-3.3818)
(7.2569)
(3.4201)
A2(5.7748)
(3.6871)
(2.9018)
A3(-1.7478)
(10.3142)
(0.1053)
A4(9.5193)
(-3.7733)
(-10.0652)
G1(0.0479)
(0.9546)
(0.2831)
G2(0.3741)
(-3.3427)
(1.7730)
G3(-0.9067)
(-1.8230)
(-0.2485)
G4(-1.3063)
(2.0098)
(1.6086)
A1(-3.7075)
(8.3059)
(5.8870)
A2(1.9345)
(1.6185)
(3.1508)
A3(-5.9137)
(8.7197)
(-6.7995)
A4(3.9456)
(-3.0167)
(-2.9497)
G1(0.2368)
(-0.3916)
(0.2586)
G2(3.9573)
(-1.3425)
(0.8418)
G3(0.0011)
(1.7512)
(-0.1016)
G4(-1.1286)
(-1.5383)
(1.1909)
A1(1.4849)
(9.3262)
(3.0465)
A2(5.0278)
(-10.4100)
(7.6567)
A3(-3.4189)
(10.4339)
(1.4605)
A4(7.6662)
(1.1923)
(1.0008)
G1(0.1554)
(0.0426)
(0.1123)
G2(-2.7526)
(6.3274)
(-1.4548)
G3(-0.0239)
(0.7561)
(0.0011)
G4(-0.2081)
(0.0117)
(-0.1676)
A1(-1.6621)
(9.0628)
(2.2992)
A2(5.5258)
(-4.8746)
(3.0406)
A3(1.6185)
(9.9599)
(-0.1532)
A4(3.2178)
(-2.2362)
(-2.2122)
G1(0.4486)
(0.1868)
(0.0601)
G2(-0.6806)
(1.8789)
(-0.3906)
G3(0.0798)
(-0.4230)
(0.2559)
G4(1.2749)
(-0.6055)
(-1.8491)
A1(-0.7377)
(9.6567)
(1.0490)
A2(6.1770)
(-1.6328)
(-0.7230)
A3(-0.4310)
(9.3948)
(-1.4222)
A4(7.7716)
(-2.5953)
(-2.9928)
G1(0.4060)
(-0.0915)
(0.0000)
G2(-0.6332)
(-0.2607)
(-0.6125)
G3(0.3491)
(0.9525)
(0.0277)
G4(1.0993)
(-1.6735)
(-1.1440)
A1(-1.6047)
(9.0915)
(1.0299)
A2(10.6973)
(0.4884)
(-1.4605)
A3(0.7326)
(9.0309)
(-2.7533)
A4(5.1188)
(-0.5171)
(-5.2194)
G1(0.5699)
(0.5225)
(0.1804)
G2(-0.0415)
(0.7199)
(-1.0855)
G3(0.0490)
(0.5800)
(0.0069)
G4(-0.7897)
(-1.9417)
(-2.5424)
A1(1.5280)
(9.8531)
(0.6371)
A2(8.2313)
(1.9345)
(1.3743)
A3(-1.8531)
(9.4810)
(-1.2689)
A4(2.7964)
(1.1205)
(-8.0302)
G1(-0.0782)
(0.6146)
(0.1815)
G2(-0.0974)
(1.3537)
(-1.3920)
G3(0.1006)
(1.9305)
(-0.2698)
G4(-1.9300)
(-1.8847)
(-2.9256)
A1(-1.4179)
(9.5753)
(-0.8670)
A2(7.3789)
(5.4588)
(4.0366)
A3(1.9297)
(9.4379)
(-2.7102)
A4(4.5394)
(9.9838)
(-9.6534)
G1(0.2847)
(0.3549)
(-0.0990)
G2(1.0195)
(1.6293)
(-1.9880)
G3(0.1841)
(0.8769)
(0.0692)
G4(-1.5708)
(-1.6070)
(-0.6524)
A1(-0.2730)
(9.0149)
(0.9820)
A2(7.6184)
(7.7859)
(5.6455)
A3(1.4461)
(9.1363)
(-3.6966)
A4(9.6726)
(9.9311)
(-7.9392)
G1(0.2650)
(-0.0388)
(0.1187)
G2(1.7714)
(1.7443)
(-2.4232)
G3(0.0000)
(0.3805)
(-0.0133)
G4(-1.7911)
(-1.6261)
(0.2602)
A1(0.5030)
(10.3561)
(-0.8239)
A2(6.5601)
(8.4036)
(3.6392)
A3(1.1923)
(8.7580)
(-3.3806)
A4(5.8323)
(8.8681)
(-0.9385)
G1(0.4752)
(0.5869)
(-0.0979)
G2(1.5575)
(-1.1190)
(-1.5894)
G3(-0.0314)
(0.2485)
(-0.0548)
G4(-0.8301)
(1.5511)
(-0.4454)
A1(0.5509)
(10.3656)
(-2.1172)
A2(3.6105)
(9.3087)
(3.5769)
A3(0.7039)
(8.8442)
(-4.0175)
A4(0.6369)
(10.5201)
(-4.5203)
G1(0.4017)
(0.3379)
(-0.3629)
G2(1.4101)
(1.0919)
(-1.0600)
G3(-0.2522)
(-0.0506)
(-0.0697)
G4(-0.1942)
(0.0506)
(0.0963)
A1(-1.2837)
(9.5753)
(-1.2742)
A2(3.1412)
(10.7978)
(1.1588)
A3(0.3160)
(9.6774)
(-1.7190)
A4(2.7054)
(9.5002)
(-1.6281)
G1(0.2570)
(-0.0357)
(-0.1016)
G2(0.1607)
(0.6423)
(0.0394)
G3(-0.1341)
(-0.0665)
(-0.1479)
G4(-0.3501)
(-0.4214)
(-0.0878)
A1(-1.3173)
(9.3885)
(-0.8862)
A2(3.1795)
(9.8402)
(-0.6033)
A3(0.7470)
(9.4188)
(-2.6240)
A4(1.6855)
(9.5146)
(-3.3567)
G1(0.0958)
(-0.0064)
(-0.0117)
G2(0.3741)
(-0.1889)
(-0.2049)
G3(0.1016)
(-0.1346)
(-0.1405)
G4(-0.0654)
(0.1618)
(-0.2235)
