A1(-4.2871)
(7.7790)
(7.1851)
A2(-0.6321)
(8.6862)
(-0.6752)
A3(-0.7518)
(13.6278)
(0.4836)
A4(0.2777)
(8.6143)
(-3.3902)
G1(-4.9024)
(3.4130)
(0.3959)
G2(-0.6226)
(0.6635)
(-0.0122)
G3(0.8434)
(0.8759)
(-0.3847)
G4(0.9200)
(0.6843)
(-0.2799)
A1(-5.2834)
(8.9095)
(8.3347)
A2(-0.7901)
(7.4986)
(1.3216)
A3(-0.9864)
(8.3893)
(-9.8402)
A4(-4.5777)
(6.7564)
(-11.3964)
G1(-3.3837)
(2.0242)
(-0.0819)
G2(-1.7671)
(0.5523)
(0.3544)
G3(1.0238)
(0.7593)
(-0.5310)
G4(0.5417)
(0.9727)
(-0.3602)
A1(-9.8244)
(7.7311)
(7.7742)
A2(-0.1293)
(9.5433)
(2.2218)
A3(-7.5034)
(2.2841)
(-12.4115)
A4(0.6177)
(8.1116)
(-7.5561)
G1(-1.4069)
(1.7725)
(-1.3548)
G2(-1.6629)
(0.2543)
(1.1877)
G3(1.4330)
(1.3478)
(-0.7508)
G4(-0.2219)
(1.2845)
(-0.3437)
A1(-13.2780)
(11.5823)
(-1.7484)
A2(0.3352)
(11.9423)
(2.5570)
A3(-10.2424)
(-1.6424)
(-12.3876)
A4(-3.6919)
(10.3669)
(-4.9273)
G1(3.0442)
(6.5093)
(-3.0474)
G2(-0.8950)
(2.0247)
(0.3320)
G3(4.8795)
(-3.4188)
(-3.0144)
G4(-0.6992)
(0.7114)
(-0.1958)
A1(-4.1530)
(10.0543)
(4.1817)
A2(6.4212)
(10.0078)
(0.4405)
A3(-7.9679)
(-8.3845)
(-9.8450)
A4(-1.5945)
(7.7524)
(-0.9816)
G1(4.6943)
(6.3582)
(-2.2147)
G2(-0.0027)
(1.5234)
(0.7524)
G3(6.5865)
(-6.6126)
(-5.5670)
G4(-1.2015)
(1.0099)
(-0.3288)
A1(-13.9390)
(7.7311)
(3.9135)
A2(-7.1587)
(10.5345)
(8.6048)
A3(-5.7030)
(-15.6964)
(-4.3670)
A4(0.5219)
(9.3805)
(-2.8252)
G1(7.1000)
(-1.6208)
(-1.0243)
G2(-0.1676)
(1.6107)
(0.2267)
G3(0.1357)
(-3.0394)
(-2.7079)
G4(-0.2863)
(0.5688)
(0.3565)
A1(5.3457)
(0.5030)
(4.8858)
A2(2.5618)
(4.2473)
(1.7621)
A3(-8.9926)
(1.8196)
(-13.5464)
A4(2.9544)
(6.5649)
(-3.9935)
G1(0.8652)
(-2.5403)
(-0.7875)
G2(-0.2597)
(-0.1160)
(0.2304)
G3(-3.3177)
(2.3227)
(-2.8936)
G4(-0.6540)
(0.4507)
(0.6183)
A1(-6.3564)
(-0.6562)
(-6.8210)
A2(3.9073)
(11.5448)
(-0.1053)
A3(-21.1121)
(17.2047)
(4.4388)
A4(-0.7183)
(10.9032)
(-0.1341)
G1(-1.4825)
(-1.2670)
(0.7471)
G2(0.1171)
(-1.1307)
(-0.2006)
G3(-3.7338)
(-5.2025)
(5.4797)
G4(0.0223)
(1.1611)
(-0.4342)
A1(-4.5697)
(-0.3305)
(-2.5100)
A2(8.0780)
(11.5161)
(3.6679)
A3(-5.4875)
(-5.1475)
(-1.4509)
A4(1.3455)
(9.1554)
(-2.4421)
G1(-1.0264)
(-1.5288)
(0.9051)
G2(0.0005)
(-1.2233)
(-0.1261)
G3(0.0208)
(-0.8615)
(0.9227)
G4(0.0915)
(-0.5848)
(-0.1389)
A1(-10.0064)
(3.1614)
(-2.3519)
A2(5.4348)
(10.0700)
(2.2458)
A3(-6.0717)
(-2.6097)
(-2.5714)
A4(1.6424)
(9.5624)
(-0.5746)
G1(0.5566)
(-1.6581)
(1.6267)
G2(-0.1373)
(1.1089)
(-0.5007)
G3(0.5992)
(-0.5449)
(2.0508)
G4(0.2735)
(-0.4092)
(0.0495)
A1(-8.6796)
(1.4179)
(-3.1375)
A2(2.7485)
(9.1889)
(3.2465)
A3(-10.3382)
(-1.9154)
(-3.4812)
A4(1.3216)
(8.1738)
(-3.2226)
G1(-0.3512)
(-0.2799)
(2.2147)
G2(0.0841)
(-0.6183)
(-0.2490)
G3(-0.5949)
(-0.9722)
(2.9234)
G4(0.3613)
(-1.6831)
(0.2049)
A1(-7.2761)
(5.1876)
(-0.4215)
A2(2.3367)
(7.7237)
(3.3950)
A3(-6.5074)
(1.9201)
(-3.4189)
A4(-0.0048)
(9.1889)
(-4.5490)
G1(0.0814)
(-1.7789)
(2.1391)
G2(0.0585)
(0.5694)
(-0.3501)
G3(-0.7540)
(2.1141)
(1.4500)
G4(0.2671)
(0.2645)
(-0.1101)
A1(-9.4220)
(5.4894)
(1.6621)
A2(1.5131)
(11.9758)
(1.6328)
A3(-6.9288)
(0.3831)
(-5.7126)
A4(1.4700)
(9.2033)
(-4.5442)
G1(-0.0484)
(-0.5225)
(1.9827)
G2(-0.0803)
(-1.4495)
(-0.3863)
G3(-0.3634)
(2.0412)
(1.8853)
G4(0.1011)
(-0.0724)
(-0.1580)
A1(-5.2595)
(7.4006)
(2.9171)
A2(1.0487)
(10.5919)
(1.5179)
A3(-7.5609)
(3.1412)
(-6.5170)
A4(0.7374)
(9.0070)
(-5.2098)
G1(0.1112)
(-0.7322)
(1.9092)
G2(0.2261)
(0.8269)
(-0.2538)
G3(-0.4901)
(1.9188)
(1.9113)
G4(-0.1405)
(-0.7700)
(0.0607)
A1(-6.4282)
(7.0988)
(2.6920)
A2(-1.3024)
(9.5577)
(1.3791)
A3(-5.2289)
(4.2090)
(-7.3454)
A4(0.4597)
(9.1075)
(-4.7597)
G1(0.7109)
(-0.9791)
(1.6655)
G2(0.0942)
(-1.3409)
(-0.2070)
G3(-1.3047)
(1.9225)
(1.7368)
G4(-0.3576)
(-0.6492)
(0.1022)
A1(-5.4367)
(8.7562)
(2.6393)
A2(1.4174)
(9.8641)
(1.0391)
A3(-4.1324)
(6.2297)
(-7.1730)
A4(-1.0487)
(9.6486)
(-2.8060)
G1(1.0009)
(-0.5901)
(1.0275)
G2(0.5146)
(-0.9504)
(-0.0958)
G3(-2.3291)
(0.4560)
(2.2152)
G4(-0.3491)
(-0.3826)
(0.0500)
A1(-4.1578)
(8.4400)
(2.5770)
A2(1.6616)
(9.7540)
(1.2354)
A3(-8.2121)
(9.6055)
(-6.7708)
A4(0.5363)
(9.7300)
(-3.2944)
G1(1.3500)
(-0.3384)
(0.8913)
G2(0.2522)
(-0.6694)
(-0.2794)
G3(-1.0653)
(0.9642)
(1.4149)
G4(-0.1288)
(0.2900)
(-0.1554)
A1(-4.6224)
(8.4927)
(1.8250)
A2(-1.6520)
(9.5002)
(1.2546)
A3(-3.9648)
(8.2265)
(-5.2529)
A4(-0.3400)
(9.6438)
(-2.5091)
G1(1.2127)
(-0.4417)
(0.2810)
G2(0.1862)
(-0.8173)
(-0.1580)
G3(-1.3095)
(1.3138)
(0.1362)
G4(-0.0250)
(-0.4108)
(0.0692)
A1(-4.1625)
(9.4124)
(-0.6179)
A2(0.3448)
(9.4092)
(0.0000)
A3(-1.0965)
(11.9375)
(0.6464)
A4(-1.4653)
(9.0788)
(-4.2186)
G1(1.0871)
(-1.3665)
(0.1836)
G2(0.3241)
(0.5071)
(-0.2144)
G3(-0.6939)
(0.0809)
(0.0724)
G4(0.0740)
(-0.4065)
(0.1458)
A1(-3.8320)
(9.5513)
(-1.1927)
A2(-0.2346)
(10.5297)
(1.5706)
A3(-0.7757)
(9.9790)
(-5.1140)
A4(0.8811)
(8.8969)
(-3.9073)
G1(0.4816)
(0.4204)
(-0.2384)
G2(0.0676)
(-0.7327)
(-0.0335)
G3(0.0745)
(0.8668)
(-0.0096)
G4(0.0724)
(0.1298)
(0.0899)
