A1(-8.1718)
(11.2662)
(7.7934)
A2(-0.1101)
(6.6080)
(1.8531)
A3(-2.4852)
(10.9367)
(-3.6296)
A4(-0.1772)
(7.5513)
(-10.0604)
G1(-3.8823)
(2.4818)
(-0.6311)
G2(-1.4798)
(-0.0697)
(0.4417)
G3(0.8173)
(0.6540)
(-0.0043)
G4(-0.1612)
(0.4145)
(-0.0803)
A1(-9.0244)
(8.3778)
(8.0281)
A2(-0.2107)
(11.9710)
(-0.0622)
A3(-6.3686)
(15.4857)
(-5.9472)
A4(-2.0111)
(9.7492)
(-6.0142)
G1(-2.8468)
(2.2652)
(-1.9678)
G2(-0.8870)
(2.0662)
(0.6024)
G3(1.7480)
(-1.2180)
(-0.0947)
G4(-0.4246)
(0.7902)
(-0.1149)
A1(-10.4327)
(11.6254)
(4.8140)
A2(3.0789)
(12.9718)
(-0.1389)
A3(-5.6407)
(16.2566)
(-8.8777)
A4(0.5746)
(7.7668)
(-6.6750)
G1(-1.8246)
(3.8466)
(-3.4103)
G2(-0.3177)
(0.5465)
(0.7998)
G3(1.7916)
(-0.6843)
(-1.6762)
G4(-0.5013)
(1.1366)
(-0.2512)
A1(-5.2211)
(8.1431)
(0.8143)
A2(1.1301)
(10.5105)
(5.7988)
A3(-8.3270)
(-2.5187)
(-9.0070)
A4(0.0431)
(6.8761)
(-5.1619)
G1(1.2851)
(2.8984)
(-2.8761)
G2(0.0889)
(-0.6875)
(0.8546)
G3(5.0609)
(-3.9839)
(-3.9041)
G4(-1.3516)
(0.8743)
(0.0942)
A1(-6.4091)
(6.3612)
(-6.6103)
A2(-3.1987)
(10.2089)
(5.5067)
A3(-5.0422)
(-8.7580)
(-7.7859)
A4(-2.3559)
(7.6998)
(-2.2601)
G1(4.4149)
(3.6838)
(-3.1639)
G2(-0.3714)
(3.0229)
(0.2384)
G3(4.7773)
(-4.8039)
(-4.7166)
G4(-1.2372)
(0.7966)
(0.4550)
A1(2.7255)
(3.2429)
(14.6431)
A2(3.3710)
(9.3757)
(7.8003)
A3(-21.2222)
(-17.8416)
(-9.2225)
A4(-2.4756)
(10.9990)
(0.5602)
G1(5.2828)
(2.0587)
(-1.0759)
G2(0.9754)
(-1.5591)
(0.6800)
G3(-4.0419)
(-3.6338)
(-3.3491)
G4(-0.7875)
(1.3846)
(0.2325)
A1(4.3781)
(-0.7472)
(3.7889)
A2(-0.8332)
(5.4827)
(1.1205)
A3(-9.6869)
(3.6823)
(-7.4795)
A4(7.0437)
(8.2744)
(1.0295)
G1(1.4245)
(-1.5974)
(-0.7407)
G2(0.9440)
(-0.6880)
(-0.5028)
G3(-3.0251)
(1.1430)
(-4.9157)
G4(-0.3480)
(0.5321)
(0.0064)
A1(-16.3532)
(3.5638)
(-8.4496)
A2(2.0686)
(7.6519)
(1.7047)
A3(-3.4477)
(18.6508)
(8.4324)
A4(-1.4796)
(10.6350)
(0.2059)
G1(-1.1180)
(2.0460)
(0.0910)
G2(0.2996)
(-0.3065)
(0.5986)
G3(-1.3404)
(-2.7963)
(1.5000)
G4(0.0670)
(0.9131)
(-0.3778)
A1(-2.2992)
(-1.2502)
(1.2981)
A2(8.6048)
(16.0842)
(5.3870)
A3(-2.8587)
(-3.5434)
(-2.9497)
A4(2.6767)
(9.7061)
(0.5124)
G1(-1.6751)
(-3.3289)
(0.9014)
G2(-0.3592)
(-2.3892)
(0.2134)
G3(-0.9041)
(0.7242)
(0.6082)
G4(0.4262)
(-1.4367)
(0.0090)
A1(-7.0797)
(2.1843)
(2.1028)
A2(-0.9098)
(5.9472)
(4.3527)
A3(-6.3734)
(2.8874)
(3.8116)
A4(-0.2586)
(10.8026)
(-3.7685)
G1(-1.1621)
(-2.4451)
(1.9417)
G2(0.4608)
(1.2893)
(-0.0857)
G3(0.5481)
(-1.5697)
(1.7352)
G4(0.5151)
(-1.0557)
(-0.0548)
A1(-11.0889)
(4.5026)
(-3.0608)
A2(0.4741)
(8.2552)
(4.5729)
A3(1.9968)
(-0.3879)
(-3.2082)
A4(1.1301)
(9.2991)
(-3.1651)
G1(-0.5231)
(-0.9365)
(3.4821)
G2(-0.4624)
(-1.0765)
(-0.2905)
G3(1.0078)
(0.7301)
(2.5180)
G4(0.4108)
(-0.1511)
(-0.1942)
A1(-11.2231)
(4.9912)
(0.3401)
A2(-0.7326)
(9.9599)
(1.1301)
A3(-9.6438)
(-1.0582)
(-6.2345)
A4(0.0622)
(8.8873)
(-2.8060)
G1(-0.4454)
(-0.7333)
(3.4194)
G2(-0.2746)
(0.1841)
(-0.4491)
G3(0.9386)
(2.7249)
(1.4596)
G4(0.3421)
(-0.7072)
(-0.0952)
A1(-6.6438)
(7.9323)
(-1.4514)
A2(1.6951)
(8.7101)
(1.5658)
A3(-9.9407)
(-0.1437)
(-7.3981)
A4(-0.0958)
(8.5760)
(-5.9089)
G1(0.6965)
(-1.8826)
(2.6701)
G2(0.1070)
(0.0979)
(-0.2134)
G3(-2.2609)
(2.8447)
(3.3832)
G4(0.1703)
(-0.8530)
(0.0623)
A1(-7.6545)
(8.9382)
(4.6799)
A2(0.1676)
(10.4579)
(2.3559)
A3(-6.2106)
(3.3375)
(-9.0884)
A4(0.2729)
(8.9495)
(-5.0278)
G1(1.0791)
(-0.7173)
(2.0034)
G2(-0.2246)
(-1.1712)
(-0.3954)
G3(-2.3769)
(1.9842)
(2.4275)
G4(-0.0788)
(0.0984)
(-0.2160)
A1(-5.5804)
(9.3262)
(3.6644)
A2(0.5890)
(10.0221)
(0.5555)
A3(-7.9104)
(7.7907)
(-9.4810)
A4(0.2107)
(9.2177)
(-3.9504)
G1(0.7615)
(-0.3012)
(1.3324)
G2(0.1431)
(-0.7013)
(-0.3326)
G3(-1.9305)
(1.4021)
(2.5116)
G4(-0.1203)
(-0.2826)
(-0.0245)
A1(-5.2164)
(8.1766)
(2.4956)
A2(2.5283)
(9.4427)
(0.8380)
A3(-6.0765)
(8.7340)
(-7.1204)
A4(-0.5746)
(9.0740)
(-3.9983)
G1(0.9982)
(-0.5731)
(0.7253)
G2(0.5018)
(-0.4188)
(-0.2916)
G3(-1.3079)
(1.1180)
(1.3058)
G4(-0.0431)
(0.0654)
(-0.1298)
A1(-2.0262)
(7.2952)
(3.3578)
A2(-0.3304)
(9.2703)
(0.5411)
A3(-6.0094)
(8.6000)
(-6.2680)
A4(0.1245)
(9.5193)
(-2.3176)
G1(1.6841)
(-1.1855)
(-0.1942)
G2(0.1458)
(-1.1738)
(-0.2815)
G3(-1.2877)
(0.8583)
(0.6609)
G4(0.0378)
(-0.0122)
(-0.1884)
A1(-3.7698)
(8.8664)
(2.7160)
A2(0.1867)
(9.2751)
(0.5794)
A3(-3.3902)
(8.8729)
(-3.7014)
A4(-0.8332)
(9.8593)
(-4.2042)
G1(0.6194)
(-0.4746)
(0.4209)
G2(0.4161)
(0.0521)
(-0.2549)
G3(-0.9504)
(0.6008)
(0.0463)
G4(0.1564)
(-0.3193)
(0.1644)
A1(-1.8490)
(11.2039)
(2.1555)
A2(0.0814)
(8.8729)
(0.9768)
A3(-2.2889)
(10.4579)
(-3.2370)
A4(0.0287)
(8.6718)
(-5.9185)
G1(0.0032)
(-0.7295)
(0.5332)
G2(0.1490)
(0.4560)
(-0.3060)
G3(-0.9222)
(0.2325)
(0.0601)
G4(-0.0037)
(-0.4204)
(0.0181)
A1(-3.7267)
(10.3992)
(0.3640)
A2(0.8811)
(10.1370)
(0.6512)
A3(-3.7158)
(9.9311)
(-6.0430)
A4(0.5602)
(8.9352)
(-4.5777)
G1(0.8801)
(-0.6721)
(-0.2847)
G2(0.0564)
(-0.6657)
(-0.0436)
G3(-0.1086)
(-1.4309)
(0.7285)
G4(-0.1330)
(0.2251)
(-0.1059)
