A1(-2.9650)
(6.7300)
(5.4080)
A2(2.0830)
(7.8961)
(1.7861)
A3(-1.5993)
(9.3134)
(-1.0056)
A4(-0.2969)
(6.1818)
(-8.7388)
G1(-2.3025)
(0.5523)
(-0.2331)
G2(-0.3911)
(-0.2373)
(0.0569)
G3(0.8030)
(0.6125)
(-0.1101)
G4(0.5380)
(0.3443)
(-0.3108)
A1(-13.1008)
(16.7077)
(4.1961)
A2(0.5842)
(8.2121)
(2.3703)
A3(-4.8554)
(15.8448)
(-6.1866)
A4(-0.8045)
(6.9336)
(-8.8155)
G1(-2.9490)
(-0.6369)
(-2.0524)
G2(-1.1488)
(0.0383)
(0.4108)
G3(0.8498)
(-0.8115)
(0.5885)
G4(-0.2788)
(0.3539)
(-0.4353)
A1(-8.4736)
(5.3457)
(17.0430)
A2(0.6273)
(9.7779)
(1.4461)
A3(-12.3780)
(18.0427)
(-13.6996)
A4(-5.7700)
(9.1985)
(-7.8482)
G1(-3.3481)
(4.2516)
(-0.8679)
G2(-1.0935)
(0.6220)
(0.2767)
G3(0.2320)
(-2.2056)
(0.5832)
G4(-0.4757)
(0.7817)
(-0.2261)
A1(-9.0005)
(7.9610)
(-1.1927)
A2(-0.3831)
(11.9950)
(-0.0383)
A3(-5.8514)
(20.4225)
(-12.5025)
A4(-1.4892)
(8.3366)
(-8.1259)
G1(-0.1235)
(2.7234)
(-1.8544)
G2(-0.2208)
(0.5651)
(0.9504)
G3(3.5119)
(-1.2106)
(-2.3525)
G4(-0.7162)
(1.7682)
(-0.0974)
A1(-3.6356)
(9.5034)
(6.6486)
A2(-5.5641)
(10.7883)
(9.6726)
A3(-4.5298)
(-9.5433)
(-5.1906)
A4(1.1732)
(9.2895)
(-3.8068)
G1(3.5902)
(8.8442)
(-2.5009)
G2(-0.1474)
(1.5453)
(0.4374)
G3(4.5448)
(-4.9678)
(-6.5178)
G4(-1.7203)
(1.2329)
(0.0899)
A1(-1.6813)
(8.3634)
(-0.3497)
A2(3.8116)
(9.4044)
(0.9864)
A3(-7.9535)
(-7.6662)
(2.1404)
A4(-1.2641)
(9.9455)
(3.1651)
G1(6.9467)
(-1.6570)
(-0.0596)
G2(0.9865)
(5.9384)
(0.3187)
G3(1.4926)
(-5.2243)
(-5.3919)
G4(-1.0685)
(2.2620)
(0.3070)
A1(-0.0575)
(0.8909)
(-3.2285)
A2(-0.5986)
(10.3621)
(9.5720)
A3(-0.8619)
(-14.0396)
(-14.2982)
A4(23.9947)
(7.6854)
(-3.3136)
G1(1.2537)
(-7.1878)
(-0.1192)
G2(1.8017)
(0.0756)
(1.3037)
G3(-5.5553)
(3.2517)
(-4.0643)
G4(-0.3485)
(-1.3415)
(-0.0394)
A1(-1.3604)
(-1.7963)
(0.4790)
A2(4.1707)
(9.4188)
(3.2082)
A3(-16.1034)
(-3.4093)
(1.4413)
A4(-3.9935)
(9.9838)
(-1.8387)
G1(-1.5383)
(-0.2597)
(0.3805)
G2(0.4156)
(-1.0392)
(-0.6619)
G3(-0.4012)
(-1.3877)
(1.2813)
G4(0.4619)
(0.9828)
(-0.2368)
A1(-1.4705)
(-0.7137)
(-1.9735)
A2(20.7529)
(-1.2163)
(4.8842)
A3(-6.9336)
(-7.7285)
(-6.1292)
A4(4.1084)
(8.0014)
(-5.1140)
G1(-1.3893)
(-2.2514)
(1.0722)
G2(0.1591)
(-0.4305)
(-1.0094)
G3(0.1362)
(-0.7960)
(1.0531)
G4(0.0686)
(-2.0337)
(0.2363)
A1(-8.8328)
(3.3866)
(-2.6441)
A2(1.4892)
(4.5203)
(3.3998)
A3(-1.2402)
(-1.3455)
(-2.6528)
A4(2.8443)
(9.4379)
(-1.8387)
G1(-0.2065)
(-0.7370)
(2.1210)
G2(-0.4172)
(1.1770)
(-0.7231)
G3(0.2528)
(-0.2134)
(2.7814)
G4(0.1628)
(0.2762)
(-0.3246)
A1(-9.9537)
(5.7145)
(1.9639)
A2(-3.7637)
(10.4100)
(2.4900)
A3(-1.1492)
(-3.6919)
(-3.3998)
A4(0.9385)
(9.6055)
(-3.2705)
G1(0.3193)
(-0.8322)
(2.4429)
G2(0.3970)
(-1.2334)
(-0.5209)
G3(-0.0415)
(2.5557)
(2.5690)
G4(0.2921)
(-0.5220)
(-0.1128)
A1(-9.7429)
(7.6401)
(4.5122)
A2(4.6831)
(9.7061)
(2.2218)
A3(-10.2568)
(0.5315)
(-5.6216)
A4(-0.6273)
(8.9926)
(-5.1427)
G1(0.3262)
(-0.0341)
(2.2530)
G2(0.2740)
(-0.3358)
(-0.3065)
G3(-0.3932)
(2.6733)
(1.5389)
G4(0.0394)
(-0.4927)
(-0.1261)
A1(-7.7886)
(7.8078)
(2.9076)
A2(-0.1820)
(8.8155)
(2.0782)
A3(-7.5082)
(4.1420)
(-6.9049)
A4(1.6759)
(9.0405)
(-3.7541)
G1(0.7327)
(-0.2230)
(1.6900)
G2(-0.0479)
(-0.8466)
(-0.3374)
G3(-1.3963)
(2.0353)
(1.4750)
G4(0.0122)
(-0.1032)
(-0.2091)
A1(-6.9312)
(7.7120)
(1.8202)
A2(0.6800)
(9.4188)
(0.8763)
A3(-5.9711)
(5.7174)
(-7.6423)
A4(-0.1293)
(9.0932)
(-4.4197)
G1(1.0892)
(-0.9897)
(1.5532)
G2(0.3549)
(-0.2948)
(-0.3916)
G3(-1.2680)
(1.5293)
(1.4532)
G4(0.0431)
(-0.0287)
(-0.1256)
A1(-6.3995)
(7.5347)
(2.1843)
A2(-0.7374)
(9.3901)
(1.3360)
A3(-6.5027)
(6.5841)
(-7.3454)
A4(-0.0575)
(8.8777)
(-4.0270)
G1(1.4255)
(-0.5284)
(0.8647)
G2(-0.0074)
(-1.0413)
(-0.1852)
G3(-1.4708)
(0.7455)
(1.5192)
G4(-0.0218)
(-0.1091)
(-0.0234)
A1(-5.4032)
(8.0616)
(2.1938)
A2(-0.8811)
(9.7348)
(1.8675)
A3(-7.0629)
(7.3741)
(-6.5841)
A4(0.1772)
(9.4667)
(-3.5386)
G1(1.1887)
(-0.3533)
(0.7311)
G2(0.1288)
(0.2889)
(-0.1038)
G3(-1.3276)
(1.5112)
(0.7636)
G4(0.0702)
(-0.2123)
(0.0197)
A1(-4.0284)
(9.9585)
(2.7878)
A2(-0.3160)
(9.5960)
(0.7949)
A3(-4.6112)
(8.8490)
(-4.0175)
A4(-0.5986)
(9.1171)
(-5.0613)
G1(1.2207)
(-1.3702)
(0.4730)
G2(0.0740)
(-0.2421)
(-0.1926)
G3(-1.3228)
(0.5050)
(0.5209)
G4(0.0027)
(-0.3081)
(0.1767)
A1(-6.2366)
(8.6652)
(1.0634)
A2(0.1676)
(9.7731)
(0.3160)
A3(-2.6432)
(11.6167)
(-1.7047)
A4(0.4118)
(8.2696)
(-5.3391)
G1(-0.0995)
(-0.9237)
(-0.6726)
G2(-0.0889)
(-0.3342)
(-0.1314)
G3(-1.2893)
(-0.5013)
(0.5577)
G4(-0.0133)
(-0.1783)
(0.1240)
A1(-3.7458)
(9.0292)
(0.7041)
A2(-0.7326)
(10.4435)
(0.5650)
A3(-2.7869)
(8.0397)
(-3.4572)
A4(0.3448)
(8.9878)
(-5.1858)
G1(0.3959)
(-0.3544)
(-0.2097)
G2(0.1250)
(-0.1878)
(-0.0873)
G3(0.2118)
(-0.6465)
(0.8317)
G4(-0.0458)
(0.0357)
(0.2054)
A1(-2.4956)
(10.6339)
(-0.3353)
A2(1.0726)
(9.2512)
(0.8763)
A3(-3.3136)
(8.1882)
(-5.0613)
A4(0.5555)
(8.7484)
(-4.6256)
G1(0.8572)
(0.1325)
(0.0447)
G2(0.2336)
(0.2730)
(0.0096)
G3(-0.0069)
(-0.4422)
(0.0357)
G4(-0.2948)
(0.0362)
(0.1426)
