A1(-0.5221)
(9.2879)
(-1.2837)
A2(1.6137)
(9.1267)
(-0.4932)
A3(2.4181)
(9.0453)
(-2.9066)
A4(0.4693)
(9.0932)
(-4.2186)
G1(-0.1948)
(0.2203)
(0.1463)
G2(-0.0899)
(0.3198)
(0.0085)
G3(0.0346)
(0.1761)
(-0.0426)
G4(-0.1719)
(-0.2751)
(0.1490)
A1(-1.1209)
(9.3981)
(-0.7712)
A2(2.4469)
(9.3853)
(0.2394)
A3(1.5467)
(9.3278)
(-2.3990)
A4(0.0335)
(9.4954)
(-2.9784)
G1(-0.3379)
(-0.1783)
(0.0362)
G2(0.1469)
(-0.1181)
(0.0724)
G3(0.0192)
(0.1357)
(0.0138)
G4(-0.1580)
(-0.2320)
(0.2086)
A1(-0.1054)
(8.9957)
(-0.9820)
A2(1.9010)
(9.0740)
(-0.5602)
A3(1.4892)
(9.0549)
(-2.4373)
A4(3.4812)
(11.1570)
(1.2210)
G1(-0.6252)
(0.2570)
(0.1799)
G2(0.2485)
(-0.1655)
(0.2661)
G3(0.2762)
(0.1841)
(0.0979)
G4(0.4778)
(0.3006)
(-0.1900)
A1(0.2826)
(10.4854)
(-2.2465)
A2(2.6432)
(9.2847)
(-0.3926)
A3(2.6193)
(8.3127)
(-4.3814)
A4(4.4388)
(16.1800)
(-4.2090)
G1(-0.0059)
(-0.4060)
(-0.4198)
G2(0.1724)
(0.1703)
(0.0968)
G3(0.3304)
(0.1969)
(0.0000)
G4(1.8422)
(0.2783)
(-0.5007)
A1(2.3375)
(11.5775)
(2.8165)
A2(5.2625)
(10.5345)
(6.4787)
A3(2.3511)
(10.3621)
(-2.3415)
A4(0.4884)
(5.0326)
(-13.3692)
G1(-0.3709)
(-3.3943)
(0.0952)
G2(-3.8259)
(-0.2309)
(0.7402)
G3(0.0862)
(-1.2153)
(0.2442)
G4(2.7191)
(1.4255)
(1.1174)
A1(-0.1724)
(10.9069)
(1.2933)
A2(5.5450)
(10.4291)
(7.9823)
A3(2.7294)
(8.8585)
(-3.8786)
A4(3.6200)
(-2.8874)
(-9.9934)
G1(-0.1772)
(-2.6063)
(-1.0664)
G2(-3.1224)
(-2.8250)
(1.3244)
G3(-0.1580)
(-1.5841)
(0.1330)
G4(3.2225)
(2.8883)
(4.6017)
A1(-0.8335)
(6.1792)
(3.9662)
A2(7.7668)
(7.5561)
(4.0031)
A3(4.6017)
(7.2257)
(-4.7836)
A4(6.3590)
(-9.4092)
(-4.4293)
G1(0.1713)
(-0.9094)
(0.0149)
G2(-1.3356)
(-2.7335)
(2.2083)
G3(-0.7774)
(-1.6559)
(0.1346)
G4(0.6444)
(3.1134)
(2.9144)
A1(-4.3829)
(10.0256)
(2.3902)
A2(6.3255)
(4.0654)
(2.5714)
A3(0.7374)
(9.2656)
(0.6656)
A4(2.8108)
(-2.5043)
(-7.1491)
G1(0.1623)
(-0.3187)
(-0.2581)
G2(1.5740)
(-4.5618)
(1.9864)
G3(-0.8269)
(-1.1701)
(-0.5337)
G4(-2.4919)
(-0.5651)
(1.1111)
A1(-0.7041)
(8.8472)
(3.9566)
A2(10.2472)
(0.8332)
(-6.0765)
A3(-6.4643)
(9.2512)
(-4.7022)
A4(1.1732)
(-4.5538)
(-6.0334)
G1(-0.1277)
(0.5672)
(0.1751)
G2(4.3553)
(-0.9961)
(1.7432)
G3(-0.1043)
(0.6412)
(-0.0048)
G4(-0.3661)
(-1.9129)
(0.2155)
A1(-1.9352)
(8.8520)
(0.9484)
A2(-2.4660)
(-6.4356)
(12.6701)
A3(-1.1827)
(10.6063)
(-0.4501)
A4(4.5203)
(-6.2489)
(-4.4197)
G1(0.5986)
(0.2442)
(0.4885)
G2(-4.6331)
(6.1326)
(-2.6893)
G3(0.3320)
(0.1953)
(0.2645)
G4(0.2246)
(-2.2594)
(-0.8221)
A1(-1.0490)
(9.7621)
(1.3364)
A2(0.7709)
(1.1301)
(5.4396)
A3(-1.0343)
(9.7827)
(-2.6240)
A4(7.7381)
(-1.5754)
(-7.5178)
G1(0.2309)
(0.7370)
(0.1724)
G2(-1.1754)
(1.3079)
(-0.9402)
G3(0.3299)
(2.3424)
(-0.3187)
G4(-1.1052)
(-1.8129)
(-4.0515)
A1(-1.7053)
(9.2879)
(0.6946)
A2(15.0930)
(4.2473)
(0.1149)
A3(1.6089)
(9.0357)
(-2.6240)
A4(4.4724)
(3.1747)
(-8.7963)
G1(0.2352)
(1.4952)
(0.0745)
G2(-0.3895)
(3.2677)
(-1.8794)
G3(0.2602)
(1.1185)
(0.0160)
G4(-1.3489)
(-1.8693)
(-3.0581)
A1(0.0335)
(10.0639)
(-1.0394)
A2(6.2010)
(6.0478)
(4.7309)
A3(2.3942)
(9.0214)
(-2.6384)
A4(5.6455)
(7.7189)
(-8.7484)
G1(0.5784)
(0.6428)
(-0.1788)
G2(0.2442)
(2.8069)
(-2.1492)
G3(-0.1160)
(0.1314)
(0.0633)
G4(-0.7971)
(-0.8482)
(-1.7251)
A1(-0.3209)
(9.6855)
(-1.1496)
A2(9.5002)
(6.4452)
(1.2977)
A3(2.6576)
(8.9495)
(-2.5043)
A4(4.6064)
(9.1267)
(-8.1403)
G1(0.6050)
(0.7434)
(-0.0090)
G2(0.9621)
(0.9871)
(-2.0045)
G3(-0.2639)
(0.3884)
(-0.0357)
G4(-1.2239)
(-0.8950)
(-0.4885)
A1(-1.4466)
(9.4028)
(-0.6083)
A2(5.3199)
(8.9878)
(4.6543)
A3(1.6472)
(9.6486)
(-0.9768)
A4(2.5857)
(11.9327)
(-4.2473)
G1(0.1618)
(0.2575)
(0.0404)
G2(1.6187)
(1.3393)
(-1.7437)
G3(-0.3922)
(0.1735)
(-0.1618)
G4(-0.2538)
(-1.0807)
(0.4193)
A1(-1.6574)
(9.2831)
(-0.7808)
A2(2.7294)
(9.3134)
(2.7581)
A3(1.3168)
(9.6965)
(0.5315)
A4(1.8531)
(9.3948)
(-7.2880)
G1(-0.5066)
(0.4044)
(0.0899)
G2(1.5458)
(0.0851)
(-1.1973)
G3(0.1293)
(0.4624)
(-0.1149)
G4(-1.0722)
(1.0743)
(-0.0543)
A1(-1.2454)
(9.8579)
(-1.0442)
A2(1.0822)
(10.5584)
(-0.7374)
A3(1.9585)
(8.6670)
(-3.6488)
A4(-1.6807)
(9.5289)
(-4.8554)
G1(-0.0649)
(-0.0878)
(-0.1261)
G2(1.4154)
(1.5969)
(-0.1522)
G3(0.2357)
(-0.5183)
(0.0085)
G4(-0.0479)
(-0.4635)
(-0.2134)
A1(-1.9543)
(9.5226)
(1.0538)
A2(4.5442)
(5.8035)
(-0.6752)
A3(1.6664)
(8.5090)
(-3.1891)
A4(-2.2505)
(9.0644)
(-3.9121)
G1(-0.1575)
(-0.1474)
(-0.1064)
G2(0.5875)
(-0.2496)
(-0.1761)
G3(0.0937)
(-0.2357)
(-0.1479)
G4(0.0633)
(-0.5289)
(-0.0048)
A1(-1.8011)
(9.7525)
(0.1198)
A2(1.9968)
(9.7061)
(-2.7438)
A3(0.5890)
(9.1602)
(-2.7725)
A4(-1.4557)
(9.4332)
(-2.6480)
G1(0.2421)
(0.1128)
(-0.1905)
G2(-0.2059)
(-0.1091)
(-0.1527)
G3(0.1314)
(-0.0431)
(-0.0984)
G4(-0.0218)
(-0.0702)
(-0.0548)
A1(-2.0070)
(10.5764)
(1.4514)
A2(1.5993)
(8.9974)
(0.2969)
A3(1.1205)
(8.8777)
(-3.7062)
A4(-0.3543)
(9.2847)
(-3.5434)
G1(1.2143)
(0.5816)
(-0.1442)
G2(0.2240)
(0.4970)
(0.0500)
G3(0.0484)
(0.1144)
(-0.0905)
G4(-0.0080)
(0.0463)
(-0.0878)
