A1(1.3652)
(9.6759)
(-1.4131)
A2(4.1515)
(7.9392)
(4.3335)
A3(-0.3639)
(8.3989)
(-5.3965)
A4(-1.3647)
(5.6312)
(-4.6687)
G1(0.7524)
(1.4915)
(-0.3565)
G2(-0.4800)
(0.8099)
(0.1219)
G3(0.1671)
(0.6103)
(-0.2469)
G4(1.1100)
(1.6825)
(-1.4803)
A1(1.5328)
(9.1490)
(0.5844)
A2(3.8499)
(8.8107)
(5.6120)
A3(0.9194)
(8.2791)
(-4.2856)
A4(-4.4484)
(6.8378)
(-4.0941)
G1(0.3656)
(1.7671)
(-0.4597)
G2(-1.2936)
(1.5016)
(0.5949)
G3(0.1644)
(0.8280)
(-0.3831)
G4(1.6245)
(3.8424)
(-2.6936)
A1(0.9341)
(13.8336)
(2.5914)
A2(3.2896)
(5.9711)
(5.4157)
A3(1.3312)
(8.9783)
(-4.4341)
A4(1.7621)
(5.2146)
(-5.1427)
G1(0.9647)
(3.0932)
(-0.7769)
G2(-1.1526)
(1.5437)
(1.1776)
G3(0.4970)
(0.6625)
(-0.5263)
G4(1.4383)
(1.1930)
(-1.4543)
A1(0.4072)
(9.7142)
(3.6308)
A2(1.0056)
(7.8769)
(4.7357)
A3(0.1676)
(10.9128)
(-3.5578)
A4(-0.4980)
(7.7955)
(-9.6486)
G1(0.1447)
(4.0515)
(-0.8413)
G2(-0.0633)
(0.8620)
(0.8551)
G3(0.8849)
(0.6540)
(-0.7668)
G4(-0.7673)
(-0.8594)
(-0.0756)
A1(8.7945)
(43.9103)
(4.7709)
A2(5.1667)
(7.2736)
(6.8905)
A3(8.4036)
(32.4989)
(21.5287)
A4(-1.5850)
(5.9999)
(-7.2544)
G1(-8.7745)
(0.7615)
(-3.8589)
G2(1.5804)
(3.0517)
(-0.0527)
G3(4.1356)
(3.6977)
(-2.1503)
G4(-0.6870)
(0.3698)
(0.1203)
A1(-13.4025)
(13.5510)
(12.2577)
A2(1.6424)
(11.4251)
(11.7172)
A3(-7.3263)
(29.8270)
(-0.8619)
A4(-2.0590)
(11.3198)
(-2.8204)
G1(-8.4994)
(2.0864)
(-6.3811)
G2(2.2093)
(-0.6013)
(-0.1000)
G3(5.6367)
(-1.1169)
(-1.1371)
G4(-0.5497)
(-0.0463)
(0.4246)
A1(5.4127)
(2.7926)
(-1.8873)
A2(6.7804)
(15.4618)
(0.4645)
A3(18.6844)
(-0.4741)
(-27.2460)
A4(-0.5650)
(8.2504)
(-1.9393)
G1(-3.9243)
(2.0529)
(-2.1614)
G2(2.2061)
(7.0675)
(0.0937)
G3(-13.8264)
(-2.3168)
(0.8838)
G4(0.3496)
(1.6841)
(-1.3654)
A1(-11.2710)
(-13.7618)
(6.3899)
A2(7.5178)
(6.6655)
(3.1220)
A3(-25.6850)
(16.3380)
(-7.3741)
A4(3.4046)
(3.6344)
(-2.8730)
G1(-5.0348)
(-0.1070)
(-3.6514)
G2(0.7625)
(-1.0286)
(-0.1160)
G3(-15.4972)
(-2.1141)
(5.3770)
G4(0.8562)
(1.7517)
(-0.4076)
A1(-8.0233)
(13.8959)
(-3.2860)
A2(-0.6416)
(7.0102)
(4.4867)
A3(6.2201)
(49.8712)
(5.3822)
A4(3.0550)
(9.3278)
(-10.2472)
G1(-3.7801)
(-4.2218)
(0.8077)
G2(-1.1180)
(5.5164)
(-0.2884)
G3(-8.7666)
(0.5571)
(-1.3840)
G4(1.2824)
(2.5329)
(-0.9690)
A1(3.0704)
(-5.9875)
(2.7495)
A2(5.6934)
(4.7597)
(5.0135)
A3(-3.4285)
(14.2742)
(-21.3228)
A4(-1.6712)
(0.1676)
(-11.3342)
G1(0.0011)
(-0.2102)
(-0.2512)
G2(-0.7434)
(1.0765)
(0.5789)
G3(-3.9967)
(-2.4669)
(0.3049)
G4(0.4895)
(1.9188)
(-0.9493)
A1(-4.7996)
(0.3161)
(2.0022)
A2(12.8138)
(7.4316)
(-1.5419)
A3(-4.7309)
(-5.2625)
(-20.6620)
A4(1.7621)
(2.1739)
(-12.1290)
G1(4.2154)
(1.1121)
(2.8122)
G2(-0.7136)
(5.4717)
(0.7545)
G3(0.0048)
(-2.6723)
(3.2187)
G4(-0.0186)
(-0.7104)
(0.4257)
A1(-1.8585)
(-3.2285)
(6.5001)
A2(4.1468)
(9.1698)
(-1.5083)
A3(1.4509)
(-6.1387)
(-18.8711)
A4(-1.3264)
(6.9911)
(-2.8683)
G1(4.4485)
(0.8498)
(3.7035)
G2(-0.3964)
(-0.1101)
(0.1389)
G3(3.5950)
(1.4149)
(1.1515)
G4(-0.8482)
(0.3203)
(-0.2373)
A1(-15.8215)
(0.4934)
(10.6530)
A2(4.1324)
(11.6933)
(3.5147)
A3(-1.1923)
(13.2447)
(0.1628)
A4(0.0814)
(22.7880)
(-4.2042)
G1(3.9754)
(2.0337)
(5.0487)
G2(0.9025)
(-0.5470)
(0.6125)
G3(7.0994)
(1.5958)
(2.6904)
G4(-0.2315)
(0.3555)
(-0.2687)
A1(-2.9076)
(3.2908)
(6.0546)
A2(-1.4748)
(9.5672)
(1.9920)
A3(-4.0797)
(18.2917)
(2.9736)
A4(1.3120)
(6.0669)
(-5.1715)
G1(2.6861)
(2.2194)
(4.9875)
G2(1.2356)
(-0.5587)
(0.9695)
G3(6.8520)
(3.6386)
(2.3040)
G4(-0.0654)
(0.4587)
(-0.2081)
A1(-17.6226)
(7.7934)
(6.3995)
A2(-2.2984)
(8.6287)
(3.3615)
A3(-8.6862)
(14.0061)
(-4.6878)
A4(2.3798)
(14.1210)
(-7.5274)
G1(3.7248)
(-0.8242)
(1.5096)
G2(-0.2517)
(1.5878)
(0.6412)
G3(3.3619)
(1.9247)
(2.6749)
G4(0.4550)
(1.5043)
(-0.5497)
A1(-4.5505)
(9.9058)
(3.5686)
A2(0.3352)
(7.5800)
(3.4572)
A3(-18.1864)
(20.4752)
(3.3375)
A4(-3.2274)
(5.9328)
(-6.3542)
G1(1.7608)
(0.1612)
(1.3814)
G2(0.1905)
(0.1900)
(0.4725)
G3(0.7178)
(1.1701)
(1.0813)
G4(0.2863)
(0.9759)
(0.0234)
A1(-2.6249)
(9.6328)
(1.4945)
A2(0.1101)
(12.1817)
(5.9520)
A3(-3.0215)
(13.1298)
(1.9776)
A4(4.6112)
(5.1380)
(-6.9384)
G1(1.3835)
(-1.6176)
(1.0531)
G2(0.3597)
(0.1580)
(0.8886)
G3(0.3517)
(0.0803)
(-0.0388)
G4(-0.3964)
(-1.1760)
(1.0366)
A1(-7.7311)
(7.9275)
(2.1124)
A2(1.9058)
(6.9192)
(-1.3503)
A3(-9.6295)
(9.6247)
(2.7054)
A4(-1.2306)
(9.8928)
(-6.9815)
G1(-0.6252)
(1.2505)
(-0.2336)
G2(-0.4092)
(0.6593)
(-0.3145)
G3(-0.9988)
(1.6421)
(0.6396)
G4(-0.2820)
(0.1219)
(0.1703)
A1(-1.8202)
(11.3189)
(1.8777)
A2(1.4222)
(3.1029)
(0.3687)
A3(-2.3463)
(8.1642)
(-0.3400)
A4(0.6704)
(9.4619)
(-4.1420)
G1(-0.0176)
(0.2054)
(0.7939)
G2(0.8828)
(-0.7865)
(0.2070)
G3(0.8397)
(-1.1052)
(0.2980)
G4(-0.1176)
(0.6268)
(0.4092)
A1(-6.2127)
(6.4953)
(0.4790)
A2(-3.4524)
(14.9015)
(4.6591)
A3(-0.6656)
(7.4172)
(-1.0774)
A4(2.1213)
(10.8170)
(-5.8849)
G1(-0.6917)
(1.9326)
(0.9817)
G2(0.8141)
(-0.8524)
(0.4363)
G3(0.9519)
(0.1298)
(0.9567)
G4(0.1027)
(0.6832)
(0.2416)
