A1(-1.0299)
(9.4220)
(0.3209)
A2(3.9792)
(7.6567)
(4.7022)
A3(0.4788)
(7.0916)
(-5.7269)
A4(-4.8028)
(8.3845)
(-1.3360)
G1(0.5023)
(1.7145)
(-0.4156)
G2(-0.0479)
(0.8365)
(0.3352)
G3(-0.1086)
(0.5608)
(-0.4603)
G4(0.8977)
(3.0208)
(-3.1533)
A1(1.4274)
(9.0101)
(-0.2682)
A2(4.2904)
(5.0805)
(1.7861)
A3(-3.6392)
(7.7620)
(-5.5929)
A4(4.5442)
(8.6095)
(-4.6448)
G1(1.4250)
(1.7177)
(-0.5502)
G2(-0.3113)
(1.9140)
(0.8551)
G3(0.0617)
(0.7987)
(-0.8040)
G4(1.3851)
(0.7758)
(-0.3421)
A1(0.6850)
(14.0971)
(6.0019)
A2(-1.4413)
(6.3973)
(7.7381)
A3(0.8332)
(8.6910)
(-3.5291)
A4(0.1724)
(11.1761)
(-2.7438)
G1(0.3485)
(3.7296)
(-1.2100)
G2(-0.6412)
(-0.0303)
(0.3044)
G3(0.1543)
(0.8030)
(-0.7375)
G4(1.4069)
(-2.4786)
(0.8929)
A1(3.9662)
(26.5464)
(-1.2167)
A2(8.1786)
(6.2632)
(7.0294)
A3(8.5329)
(25.1631)
(11.6502)
A4(3.8307)
(6.0621)
(-13.4650)
G1(-8.2153)
(1.3282)
(-1.6240)
G2(0.5619)
(1.9922)
(-0.3113)
G3(2.4270)
(0.9248)
(-1.7618)
G4(0.0846)
(1.1430)
(-0.7886)
A1(-3.3243)
(18.4129)
(0.9484)
A2(7.0964)
(10.3477)
(10.6829)
A3(-3.4860)
(32.7383)
(7.2784)
A4(-8.5952)
(8.3558)
(-7.3310)
G1(-5.3467)
(4.2058)
(-5.5116)
G2(0.6380)
(-1.9773)
(-0.1277)
G3(4.3596)
(3.2831)
(-2.9075)
G4(-0.5092)
(2.0763)
(-0.6843)
A1(-0.9101)
(17.4501)
(-9.4076)
A2(2.7581)
(12.8712)
(5.2816)
A3(16.8025)
(20.5135)
(-26.1303)
A4(6.3159)
(13.5608)
(-0.6752)
G1(-5.1205)
(-2.2977)
(-2.4509)
G2(2.4876)
(6.0959)
(1.3888)
G3(-4.4554)
(-1.1882)
(0.5992)
G4(0.3624)
(0.6949)
(-0.7567)
A1(1.4945)
(-4.5170)
(5.0439)
A2(2.9784)
(8.4994)
(0.6081)
A3(-0.2155)
(1.7238)
(-25.2732)
A4(3.9504)
(6.5601)
(-3.5482)
G1(-4.2957)
(-0.3480)
(-1.0807)
G2(2.3615)
(4.2601)
(0.0442)
G3(-12.0736)
(-5.0556)
(2.4009)
G4(0.5805)
(3.5471)
(-1.8800)
A1(11.5440)
(16.3436)
(2.6872)
A2(-4.8267)
(4.0845)
(3.6009)
A3(5.8562)
(10.6638)
(53.4913)
A4(-5.2577)
(8.5186)
(-4.7692)
G1(-9.3162)
(-1.8847)
(-2.2338)
G2(-0.4587)
(3.0910)
(-0.3124)
G3(-12.9176)
(8.9033)
(-5.7942)
G4(1.2430)
(2.0055)
(-0.6971)
A1(-14.7246)
(14.1067)
(0.9676)
A2(2.9257)
(3.5291)
(3.3471)
A3(4.5059)
(28.8932)
(-0.2729)
A4(-5.8275)
(11.6550)
(-8.3797)
G1(-3.8323)
(-0.4640)
(0.9328)
G2(-0.7226)
(6.8568)
(0.5534)
G3(-9.4865)
(-4.2606)
(-0.9094)
G4(0.9232)
(1.6820)
(0.3815)
A1(-3.6979)
(-0.8718)
(1.8106)
A2(-22.7018)
(10.4770)
(3.2322)
A3(22.5055)
(-6.4404)
(-17.6692)
A4(2.8539)
(5.1715)
(-10.8984)
G1(0.8759)
(-0.1634)
(2.9202)
G2(-0.6125)
(4.3825)
(2.9181)
G3(-4.1574)
(-6.0012)
(3.9589)
G4(0.4337)
(-0.0990)
(-0.0388)
A1(-0.7137)
(1.1448)
(3.5494)
A2(20.0874)
(10.5967)
(-2.4565)
A3(-11.0038)
(-5.2098)
(-12.8090)
A4(6.5266)
(9.0405)
(-7.8099)
G1(3.5061)
(0.6183)
(3.4694)
G2(-1.0483)
(1.9912)
(-1.1919)
G3(1.9518)
(4.0036)
(0.9658)
G4(0.3246)
(1.6448)
(-1.0546)
A1(-11.4003)
(2.4238)
(7.3527)
A2(2.4469)
(10.0030)
(3.6296)
A3(0.0718)
(9.1650)
(-2.5762)
A4(-0.9050)
(26.8055)
(-8.3414)
G1(3.8206)
(0.2879)
(4.4660)
G2(0.2075)
(0.9706)
(-0.1756)
G3(4.0249)
(0.5539)
(3.8504)
G4(-0.7646)
(-0.0830)
(-0.9892)
A1(-11.9655)
(1.9879)
(5.7337)
A2(4.3527)
(9.6965)
(4.5873)
A3(-4.3910)
(14.1928)
(4.2617)
A4(0.8523)
(-3.3471)
(-4.4915)
G1(2.7340)
(1.2052)
(3.8897)
G2(0.0995)
(0.3054)
(0.6598)
G3(6.1901)
(0.6832)
(3.3347)
G4(-0.5326)
(-0.5901)
(-0.1442)
A1(-6.2414)
(12.3870)
(8.6604)
A2(-1.3743)
(15.2511)
(8.8011)
A3(-7.5609)
(19.2781)
(4.0270)
A4(-0.2729)
(3.0263)
(-8.5521)
G1(2.1753)
(0.0011)
(3.5657)
G2(1.0094)
(-0.9908)
(0.6705)
G3(5.6862)
(4.9699)
(2.7473)
G4(0.2309)
(0.9849)
(-0.1511)
A1(-13.0433)
(7.7790)
(14.2504)
A2(-5.9137)
(2.9113)
(4.4005)
A3(-7.9583)
(12.7611)
(-4.0270)
A4(0.6129)
(13.6709)
(-3.2226)
G1(2.7372)
(-1.3431)
(2.0726)
G2(0.9466)
(1.3697)
(-0.4017)
G3(3.2145)
(2.7686)
(2.6191)
G4(-0.1048)
(-0.1048)
(0.2219)
A1(-5.7768)
(10.0878)
(5.4750)
A2(-1.4557)
(9.4858)
(3.4237)
A3(-8.3701)
(15.9597)
(-2.0925)
A4(-0.1676)
(7.9344)
(-8.6479)
G1(2.6654)
(0.5353)
(1.2936)
G2(1.0286)
(-0.6774)
(0.4417)
G3(0.5459)
(1.8422)
(0.7061)
G4(-0.0122)
(0.4645)
(0.1336)
A1(-5.5660)
(9.4076)
(2.6393)
A2(0.7709)
(11.4060)
(0.8571)
A3(-11.5688)
(12.2966)
(-2.4660)
A4(0.0479)
(8.8155)
(-6.6224)
G1(1.9225)
(0.0426)
(0.8359)
G2(1.3180)
(-0.1756)
(0.4853)
G3(-0.2166)
(1.2755)
(0.2671)
G4(0.0835)
(1.0371)
(-0.0250)
A1(-3.5638)
(10.1405)
(1.4753)
A2(-1.7047)
(12.2439)
(-1.0008)
A3(-9.8258)
(11.7460)
(2.1644)
A4(0.9912)
(9.5433)
(-6.7516)
G1(-1.3510)
(0.2559)
(0.6460)
G2(0.4017)
(0.9408)
(0.2990)
G3(-0.8945)
(-1.1169)
(0.4821)
G4(0.2724)
(0.7423)
(0.3868)
A1(0.2012)
(9.8196)
(-0.0814)
A2(1.1588)
(8.4755)
(-1.2977)
A3(-5.7078)
(12.2009)
(1.9345)
A4(2.3942)
(6.4500)
(-6.7756)
G1(1.4809)
(-0.2437)
(0.6008)
G2(1.0690)
(0.3379)
(1.1840)
G3(0.5901)
(0.7540)
(0.2315)
G4(0.4794)
(1.8725)
(-0.1878)
A1(-0.2060)
(8.9047)
(1.5089)
A2(0.3926)
(10.4675)
(-1.3360)
A3(-0.6847)
(9.7300)
(-3.3519)
A4(2.7342)
(7.2065)
(-5.6599)
G1(0.1517)
(1.0690)
(0.3257)
G2(0.3177)
(-0.0341)
(0.4842)
G3(-0.0431)
(1.1025)
(0.2650)
G4(0.1224)
(1.7560)
(-0.2054)
