A1(1.7532)
(6.6007)
(-0.3545)
A2(4.8698)
(10.1514)
(2.8347)
A3(-1.2115)
(7.5034)
(-6.5505)
A4(4.2425)
(7.3263)
(-2.0830)
G1(0.8455)
(0.2751)
(-0.3922)
G2(-0.0750)
(0.3640)
(0.0144)
G3(-0.1240)
(1.4234)
(-0.6513)
G4(1.3574)
(5.0380)
(-2.8330)
A1(0.5173)
(11.6925)
(-2.0837)
A2(8.1211)
(5.4444)
(7.6710)
A3(2.6049)
(8.6383)
(-5.7748)
A4(3.0119)
(2.5905)
(-5.8897)
G1(1.1515)
(1.4553)
(-0.7551)
G2(-1.2068)
(1.3532)
(1.1313)
G3(-0.2682)
(0.6827)
(-0.4491)
G4(0.7497)
(3.8046)
(-2.1790)
A1(-3.5303)
(6.3995)
(11.0506)
A2(-2.0303)
(6.1675)
(7.3741)
A3(-0.4788)
(11.6071)
(-2.1979)
A4(1.8627)
(3.6488)
(-11.6550)
G1(-2.6520)
(3.8057)
(-1.7006)
G2(-0.8902)
(1.2398)
(0.3081)
G3(0.2767)
(0.2921)
(-0.8136)
G4(0.4906)
(-1.0621)
(0.6795)
A1(-3.2572)
(11.8889)
(18.9111)
A2(11.2240)
(7.4029)
(7.1012)
A3(2.9257)
(22.1751)
(9.4044)
A4(1.4844)
(1.5562)
(-10.2089)
G1(-10.9232)
(4.5687)
(0.6417)
G2(0.7992)
(3.9030)
(0.2522)
G3(1.6267)
(1.4585)
(-2.1199)
G4(-0.2559)
(3.1778)
(-2.5701)
A1(-8.6604)
(24.6831)
(16.4777)
A2(-7.2880)
(12.5408)
(7.4939)
A3(-1.0343)
(26.4703)
(-20.6715)
A4(1.4892)
(13.3405)
(8.3031)
G1(-10.6646)
(0.8604)
(-3.6945)
G2(2.6888)
(-0.6481)
(-0.6039)
G3(4.5650)
(3.3204)
(-4.0190)
G4(-0.2778)
(-0.0192)
(0.0521)
A1(-2.5435)
(17.3304)
(-12.6313)
A2(-12.5408)
(9.8114)
(0.5794)
A3(32.2451)
(-2.7533)
(-26.4942)
A4(0.5124)
(15.5910)
(2.2793)
G1(-5.4095)
(-1.3941)
(-2.4126)
G2(3.4188)
(6.8547)
(-0.0383)
G3(-5.8112)
(0.1681)
(1.6001)
G4(0.6135)
(1.6331)
(-0.9477)
A1(-11.8074)
(-9.8819)
(9.2496)
A2(-5.4971)
(7.5561)
(6.9384)
A3(2.2649)
(22.7353)
(0.4405)
A4(0.1101)
(8.9064)
(-8.5042)
G1(-6.3976)
(0.9190)
(-3.5838)
G2(0.2661)
(-0.2128)
(-0.6359)
G3(-16.4673)
(5.2216)
(2.9660)
G4(1.0860)
(1.3580)
(-0.1900)
A1(4.3062)
(5.3122)
(7.9515)
A2(-7.4986)
(5.2050)
(8.8969)
A3(-0.9481)
(40.5721)
(3.6392)
A4(-3.5626)
(8.6862)
(-6.0765)
G1(-7.5826)
(-2.1737)
(-1.7698)
G2(-0.8109)
(4.0467)
(0.0154)
G3(-13.6753)
(4.9337)
(-0.9296)
G4(1.1190)
(0.4321)
(0.3257)
A1(10.5141)
(-4.5170)
(-0.0527)
A2(0.8571)
(3.8738)
(6.8761)
A3(1.9728)
(9.6630)
(-20.9924)
A4(3.0167)
(-0.3496)
(-13.2735)
G1(-0.9168)
(-1.8837)
(1.7730)
G2(-0.0596)
(-0.1783)
(1.5745)
G3(-4.7294)
(-0.6125)
(0.6167)
G4(-0.1761)
(-0.2698)
(0.5433)
A1(-1.6717)
(2.5914)
(-0.1916)
A2(-9.3613)
(7.6567)
(-4.9799)
A3(15.9023)
(-8.6957)
(-22.4097)
A4(0.0958)
(-3.0789)
(-12.3589)
G1(2.2727)
(-1.7342)
(2.7473)
G2(0.3432)
(2.1285)
(1.4489)
G3(-2.8936)
(0.4853)
(2.5339)
G4(-0.0644)
(0.4166)
(-0.3448)
A1(-2.2657)
(1.0011)
(6.0307)
A2(2.2314)
(8.4276)
(2.4756)
A3(0.2490)
(-1.9249)
(-13.7619)
A4(1.3072)
(6.0382)
(-2.8730)
G1(4.7379)
(0.1681)
(3.6593)
G2(0.1745)
(-0.9301)
(0.5390)
G3(3.6104)
(0.3491)
(2.0577)
G4(-0.2794)
(2.1290)
(-1.0174)
A1(-11.0219)
(1.3747)
(10.1261)
A2(7.0102)
(7.5130)
(-1.6472)
A3(2.2266)
(10.6350)
(-5.1858)
A4(2.4517)
(14.9446)
(-4.9177)
G1(4.7475)
(1.0073)
(4.4777)
G2(0.2192)
(-0.1644)
(0.4097)
G3(5.9740)
(0.9269)
(2.7505)
G4(-0.1995)
(0.3432)
(-0.0378)
A1(-1.6717)
(8.3921)
(2.7447)
A2(-3.2896)
(5.8993)
(3.6344)
A3(-2.6193)
(22.7497)
(2.8347)
A4(14.6477)
(6.6607)
(-8.9495)
G1(1.2457)
(-1.5735)
(4.7326)
G2(0.3038)
(0.1963)
(0.6449)
G3(6.9238)
(2.2583)
(2.7728)
G4(1.8720)
(1.4473)
(-0.2097)
A1(-11.9751)
(12.7223)
(12.7559)
A2(-0.4884)
(15.4618)
(7.6231)
A3(-7.1156)
(16.7259)
(-0.0335)
A4(-3.0071)
(12.1242)
(-7.3646)
G1(3.5859)
(-1.3212)
(2.6074)
G2(0.0537)
(0.1713)
(0.5550)
G3(6.9930)
(3.1868)
(2.1205)
G4(0.3565)
(0.4534)
(-0.3874)
A1(-5.3457)
(10.6004)
(5.2020)
A2(4.2665)
(9.9503)
(11.7220)
A3(-9.9455)
(22.4528)
(-2.3463)
A4(-2.1069)
(7.8434)
(-6.8761)
G1(1.9284)
(-0.2863)
(1.3196)
G2(-0.8508)
(-0.4693)
(0.6061)
G3(1.7246)
(-0.4379)
(1.2435)
G4(0.1431)
(-0.3592)
(0.4981)
A1(-4.7757)
(7.4102)
(6.4570)
A2(-2.9257)
(12.7324)
(-0.9577)
A3(-8.7580)
(16.9079)
(1.3647)
A4(0.8715)
(8.0780)
(-7.0677)
G1(1.9880)
(-0.4156)
(0.3331)
G2(0.9333)
(1.8353)
(0.3645)
G3(1.2978)
(0.6492)
(0.4832)
G4(0.1602)
(-0.5188)
(0.3501)
A1(-3.2764)
(8.2772)
(2.3471)
A2(-3.8786)
(12.0380)
(1.9920)
A3(-5.5067)
(10.8218)
(0.3974)
A4(0.5602)
(7.9057)
(-6.0334)
G1(1.5522)
(0.3544)
(0.0910)
G2(0.7849)
(-0.7444)
(-0.2059)
G3(-0.1139)
(1.0126)
(-1.0653)
G4(0.0410)
(-0.4246)
(0.4331)
A1(-4.8619)
(7.6449)
(2.1316)
A2(0.7470)
(9.2943)
(-0.3543)
A3(-4.4772)
(10.4579)
(-0.0096)
A4(0.0718)
(8.5234)
(-5.6168)
G1(1.3005)
(0.5800)
(0.1506)
G2(0.1884)
(-0.3794)
(-0.0229)
G3(-0.2852)
(0.7492)
(-1.0371)
G4(0.2214)
(0.2496)
(0.3001)
A1(-3.5063)
(11.2805)
(4.8427)
A2(0.4405)
(8.8394)
(-0.2442)
A3(0.1867)
(8.4084)
(0.2251)
A4(1.1779)
(10.0317)
(-7.4172)
G1(-1.7826)
(0.9269)
(0.6018)
G2(0.5997)
(-0.6864)
(0.4949)
G3(-0.0564)
(1.5974)
(-0.5832)
G4(0.4039)
(0.6497)
(0.5098)
A1(2.8070)
(11.9511)
(3.5686)
A2(-2.6384)
(9.8258)
(2.7533)
A3(4.5777)
(19.8096)
(6.9192)
A4(1.9632)
(7.6902)
(-6.9001)
G1(1.1706)
(-0.0915)
(2.1093)
G2(0.6263)
(-0.5028)
(0.4762)
G3(0.0873)
(-0.0341)
(1.1542)
G4(0.3741)
(0.9088)
(0.3320)
