A1(4.3206)
(10.5525)
(-0.2922)
A2(3.4668)
(7.4795)
(2.1308)
A3(0.8475)
(7.4603)
(-7.6471)
A4(3.0215)
(11.8274)
(-1.6855)
G1(1.4064)
(2.2439)
(-0.4715)
G2(-0.6726)
(0.3533)
(0.0298)
G3(-0.0862)
(0.5273)
(-0.3954)
G4(0.9626)
(2.2966)
(-2.4935)
A1(4.2919)
(10.1166)
(0.4503)
A2(7.2449)
(8.3558)
(8.7676)
A3(0.8667)
(8.5712)
(-4.1611)
A4(-2.2841)
(2.8683)
(-4.7549)
G1(1.2297)
(2.3849)
(-0.3991)
G2(-0.9477)
(2.1742)
(1.2276)
G3(-0.1655)
(1.2616)
(-0.7380)
G4(2.0689)
(3.6535)
(-3.5965)
A1(3.1662)
(7.0270)
(2.1459)
A2(2.7390)
(7.0964)
(6.3255)
A3(-1.0151)
(8.6526)
(-4.2904)
A4(7.1682)
(-12.2104)
(-10.2663)
G1(0.5768)
(1.0967)
(-1.0722)
G2(-2.2115)
(2.3296)
(1.1265)
G3(0.0883)
(1.3015)
(-0.9849)
G4(1.1036)
(2.7324)
(-1.6751)
A1(-5.5325)
(13.1726)
(5.0966)
A2(3.6009)
(7.1826)
(6.5841)
A3(5.9328)
(16.7498)
(3.9887)
A4(-4.3383)
(-5.3870)
(-17.5543)
G1(-5.8777)
(5.5792)
(0.0330)
G2(-0.3028)
(1.6639)
(0.2661)
G3(1.7852)
(0.3198)
(-1.9103)
G4(-0.4262)
(-1.1361)
(-0.5662)
A1(-4.1721)
(30.6515)
(-3.7985)
A2(2.5666)
(8.7724)
(1.1684)
A3(2.7246)
(35.1277)
(9.7540)
A4(0.3448)
(9.8450)
(-15.4187)
G1(-6.8164)
(3.6950)
(-3.3177)
G2(2.1402)
(1.3952)
(-0.4677)
G3(3.1411)
(1.4846)
(-3.2491)
G4(-1.1754)
(1.5868)
(-1.1946)
A1(2.5723)
(21.7180)
(1.5089)
A2(-10.4531)
(22.2661)
(-1.2210)
A3(10.8457)
(25.3594)
(-31.2731)
A4(3.7828)
(19.5367)
(5.9280)
G1(-6.3891)
(1.8177)
(-2.6063)
G2(1.3420)
(3.5396)
(-0.9009)
G3(-4.5426)
(-5.3850)
(1.9470)
G4(-3.4688)
(-1.3223)
(-0.5534)
A1(-2.6872)
(1.4753)
(-4.7182)
A2(8.7293)
(12.8617)
(0.0766)
A3(-3.6057)
(22.8311)
(-11.4251)
A4(-3.8451)
(-1.2019)
(23.4057)
G1(-6.8983)
(2.6845)
(-2.6159)
G2(2.4557)
(5.3562)
(1.2015)
G3(-13.0086)
(-3.0942)
(1.8188)
G4(-1.3963)
(5.5494)
(-1.4585)
A1(15.8550)
(-5.3696)
(-2.8788)
A2(2.0638)
(0.4932)
(2.9880)
A3(9.5002)
(33.6481)
(-0.4214)
A4(6.2441)
(-3.0550)
(1.4653)
G1(-8.3558)
(-4.1058)
(-1.7645)
G2(0.9424)
(0.0926)
(-1.5596)
G3(-11.1712)
(7.1229)
(-2.0375)
G4(2.3589)
(1.6331)
(1.2180)
A1(-22.4797)
(15.5628)
(0.9053)
A2(-8.2648)
(-5.5689)
(7.8626)
A3(17.6070)
(29.9179)
(-6.9671)
A4(-9.3134)
(16.4625)
(10.7691)
G1(-5.0348)
(-2.0167)
(-0.1330)
G2(0.1953)
(3.0628)
(0.2049)
G3(-9.7733)
(0.5922)
(-0.8817)
G4(1.1797)
(-1.6618)
(-0.3118)
A1(-4.5362)
(-3.7506)
(3.1854)
A2(-0.5363)
(0.2298)
(1.8771)
A3(11.5353)
(-7.7045)
(-26.9108)
A4(10.4244)
(3.4524)
(-14.8488)
G1(0.1793)
(-2.2216)
(1.5197)
G2(-0.5507)
(3.1762)
(2.3392)
G3(-3.6093)
(-0.7109)
(2.5467)
G4(1.0690)
(-0.6396)
(1.0573)
A1(-0.1150)
(1.5999)
(4.8906)
A2(0.4741)
(4.3144)
(2.4373)
A3(-4.5394)
(-1.3312)
(-14.6190)
A4(0.1676)
(2.9401)
(-13.1202)
G1(3.9307)
(-1.8257)
(2.6898)
G2(-0.5433)
(1.8901)
(-0.2528)
G3(2.0412)
(-2.2248)
(2.7595)
G4(-0.3241)
(1.2600)
(-0.9653)
A1(-7.5012)
(-0.4407)
(11.5632)
A2(8.0589)
(17.7123)
(0.9385)
A3(-0.0383)
(-9.6007)
(-7.9057)
A4(0.9960)
(4.8076)
(-3.5721)
G1(5.7218)
(2.9889)
(5.2158)
G2(0.1937)
(-1.3303)
(0.3751)
G3(6.6333)
(-0.5662)
(2.2721)
G4(-1.2803)
(2.8612)
(-2.1151)
A1(-9.9729)
(2.9315)
(3.1231)
A2(2.2936)
(13.2926)
(-3.9456)
A3(3.2370)
(13.1202)
(-8.5186)
A4(5.6934)
(15.1936)
(5.8658)
G1(3.2379)
(1.9358)
(6.1885)
G2(0.5305)
(2.2530)
(0.4161)
G3(5.1684)
(1.3877)
(0.0005)
G4(0.3118)
(-0.5279)
(0.2299)
A1(-10.4902)
(16.3388)
(8.8807)
A2(-7.3789)
(5.7700)
(7.1443)
A3(-3.0023)
(23.2716)
(-2.2122)
A4(3.8786)
(13.1633)
(1.0056)
G1(3.0804)
(0.3576)
(3.4444)
G2(1.3697)
(0.9876)
(0.2501)
G3(5.2296)
(5.3770)
(0.7029)
G4(0.7428)
(2.2562)
(-0.8109)
A1(-11.3907)
(12.0613)
(7.1467)
A2(1.3886)
(4.9033)
(6.3446)
A3(-10.9607)
(15.2463)
(-1.8100)
A4(-2.1356)
(-2.0542)
(-23.2238)
G1(1.7847)
(-0.5848)
(3.2007)
G2(0.1825)
(1.7560)
(0.8391)
G3(1.9699)
(3.6865)
(1.5032)
G4(1.8305)
(1.2079)
(-0.3145)
A1(-6.3085)
(11.3476)
(6.7108)
A2(2.9544)
(17.6213)
(8.2265)
A3(-1.4365)
(16.7067)
(-7.0006)
A4(2.3224)
(3.5003)
(-10.4339)
G1(-0.3805)
(-3.4444)
(1.5687)
G2(-0.3634)
(3.0538)
(0.6369)
G3(0.7253)
(3.7567)
(0.5571)
G4(-0.1740)
(-0.0979)
(0.1873)
A1(-2.6633)
(8.8903)
(-1.4370)
A2(-1.1349)
(12.8233)
(-2.0734)
A3(-53.6205)
(8.7963)
(9.9407)
A4(2.8204)
(12.6749)
(-5.4588)
G1(-0.0378)
(-1.5085)
(-0.2107)
G2(-0.4092)
(-1.0690)
(0.5204)
G3(-1.7969)
(-4.8518)
(1.4740)
G4(-0.4773)
(1.8390)
(-0.0138)
A1(-2.5914)
(8.9526)
(2.0022)
A2(4.2760)
(6.7469)
(-2.0973)
A3(3.8116)
(5.7317)
(-3.2657)
A4(1.5083)
(7.4508)
(-3.4860)
G1(0.6534)
(3.1831)
(0.3496)
G2(1.3729)
(1.7666)
(1.4495)
G3(-0.0883)
(-2.3317)
(0.9227)
G4(-0.0138)
(2.6952)
(-0.3672)
A1(6.7252)
(8.2101)
(-1.3268)
A2(1.2354)
(12.3014)
(-0.4884)
A3(-2.1787)
(10.9463)
(-0.2298)
A4(3.3423)
(5.8514)
(-5.1284)
G1(0.4970)
(0.7508)
(-0.0335)
G2(1.4255)
(1.6687)
(1.1653)
G3(0.1059)
(1.6490)
(0.3310)
G4(0.3124)
(1.3239)
(-0.4321)
A1(0.7472)
(9.3118)
(-1.7819)
A2(2.7150)
(5.6934)
(1.3360)
A3(-1.3503)
(9.3805)
(-3.8738)
A4(5.7509)
(4.2569)
(-6.1052)
G1(0.4129)
(0.4315)
(0.2698)
G2(-1.1829)
(2.6606)
(0.3634)
G3(0.0591)
(-0.1378)
(0.3097)
G4(-0.2836)
(0.9663)
(-1.1414)
