A1(-2.3998)
(12.6792)
(-0.4838)
A2(1.8004)
(10.5536)
(1.9345)
A3(7.0246)
(7.9918)
(-7.2927)
A4(-6.9576)
(9.0597)
(-7.1922)
G1(0.9738)
(1.8028)
(-0.3533)
G2(-0.3634)
(2.9266)
(0.5933)
G3(0.6082)
(1.6064)
(-1.0264)
G4(2.0800)
(4.1260)
(-3.3363)
A1(1.5999)
(10.7776)
(4.6894)
A2(0.8475)
(4.9464)
(0.5315)
A3(-0.4645)
(6.2010)
(-8.7915)
A4(4.7884)
(10.1754)
(-0.9720)
G1(2.8617)
(2.6100)
(-0.7615)
G2(-0.7311)
(2.2599)
(1.6171)
G3(-0.1479)
(0.5172)
(-1.2803)
G4(0.1501)
(0.0793)
(0.6236)
A1(-5.7959)
(-0.7808)
(9.4412)
A2(1.9201)
(4.2329)
(8.4994)
A3(-1.5562)
(12.7563)
(-6.3686)
A4(-2.9018)
(7.0102)
(-9.1075)
G1(-2.0853)
(5.5100)
(-0.5092)
G2(-0.2283)
(2.3413)
(0.4938)
G3(-0.1048)
(0.2272)
(-1.4404)
G4(0.9360)
(0.0410)
(-0.7721)
A1(-9.2927)
(28.4576)
(7.9610)
A2(5.1380)
(7.6710)
(14.6765)
A3(-4.0175)
(29.6450)
(8.3414)
A4(3.1125)
(17.1042)
(-14.8441)
G1(-7.3543)
(4.3841)
(-4.4245)
G2(3.0458)
(-0.1203)
(-0.5534)
G3(4.7087)
(5.4946)
(-4.9061)
G4(-1.1472)
(1.9337)
(-1.3585)
A1(2.2561)
(19.6775)
(-3.6500)
A2(-6.2345)
(18.4976)
(3.0023)
A3(14.4706)
(9.3757)
(-30.8230)
A4(0.6081)
(23.1902)
(2.4708)
G1(-5.0056)
(0.2187)
(-3.4944)
G2(2.3546)
(6.5471)
(0.8322)
G3(-8.6101)
(-4.9955)
(3.0314)
G4(-2.9202)
(0.0676)
(-0.7290)
A1(0.9005)
(3.5303)
(-11.2183)
A2(6.5936)
(12.8952)
(1.3838)
A3(-39.1452)
(10.0365)
(-27.8733)
A4(-2.0877)
(-0.9194)
(23.1615)
G1(-6.6844)
(1.4899)
(-2.1338)
G2(2.2056)
(4.5921)
(1.4330)
G3(-10.6662)
(-1.2430)
(5.0599)
G4(-1.3877)
(4.8332)
(-1.4771)
A1(14.3414)
(3.6404)
(-5.4942)
A2(-0.1437)
(6.8043)
(1.3886)
A3(-5.3917)
(29.8126)
(-7.0964)
A4(5.1044)
(1.5371)
(1.5131)
G1(-7.9412)
(-3.0820)
(-1.3675)
G2(1.8933)
(0.3459)
(-1.2717)
G3(-13.5971)
(6.5194)
(-4.0281)
G4(2.0859)
(2.5196)
(0.8466)
A1(-23.2317)
(15.5580)
(-0.1629)
A2(-1.6185)
(-10.5441)
(-0.8236)
A3(33.4757)
(45.1977)
(-16.1656)
A4(-11.7316)
(3.5674)
(2.6145)
G1(-4.1313)
(-2.0018)
(0.1235)
G2(-0.6604)
(3.1528)
(0.1362)
G3(-11.9443)
(0.8014)
(-2.6568)
G4(0.5672)
(0.0952)
(-0.0202)
A1(-6.4857)
(-3.6404)
(3.4009)
A2(-4.1037)
(-1.5610)
(4.7357)
A3(19.7234)
(-11.6933)
(-31.4263)
A4(4.7214)
(-3.5913)
(-17.5112)
G1(1.2803)
(-1.5548)
(2.6930)
G2(-0.7402)
(2.8585)
(2.0774)
G3(-4.4250)
(-1.3776)
(1.8166)
G4(0.1900)
(1.2164)
(-0.7673)
A1(-3.2812)
(3.0848)
(4.7469)
A2(4.8459)
(14.8057)
(-1.0822)
A3(5.3870)
(-6.8091)
(-11.0708)
A4(-5.0230)
(10.3621)
(2.3846)
G1(4.5395)
(-0.3214)
(4.5959)
G2(0.1676)
(-1.6139)
(-0.7343)
G3(5.2264)
(1.0334)
(1.8906)
G4(-2.0736)
(3.0389)
(-2.0742)
A1(-7.1180)
(0.2539)
(5.6235)
A2(3.6631)
(13.1968)
(-1.5323)
A3(3.2513)
(15.2894)
(-4.6448)
A4(16.2087)
(24.9380)
(8.8059)
G1(5.0130)
(1.6373)
(5.7303)
G2(1.0009)
(2.3365)
(0.1660)
G3(6.9159)
(0.4704)
(3.4172)
G4(0.3214)
(-0.4645)
(0.2714)
A1(0.2826)
(8.9047)
(5.3217)
A2(-4.8985)
(6.6463)
(6.8378)
A3(0.0192)
(23.5063)
(-1.8771)
A4(9.9455)
(11.5448)
(-5.2577)
G1(1.5548)
(1.4420)
(5.8032)
G2(0.8083)
(-0.9764)
(0.3799)
G3(6.3949)
(3.5162)
(2.5350)
G4(1.3580)
(1.7528)
(-0.3496)
A1(-14.6863)
(13.8624)
(5.7193)
A2(-9.3901)
(-0.0144)
(2.9113)
A3(-15.2032)
(21.4664)
(-5.9424)
A4(-0.3735)
(6.7469)
(-11.4826)
G1(2.5398)
(-1.0009)
(1.3015)
G2(-0.2767)
(1.7922)
(0.3539)
G3(2.6233)
(4.1372)
(0.6832)
G4(0.3326)
(0.6870)
(-0.2889)
A1(-6.8689)
(12.1523)
(8.5694)
A2(8.7628)
(12.8042)
(2.1739)
A3(-12.8473)
(20.7290)
(-1.7526)
A4(-2.4517)
(6.8043)
(-11.3054)
G1(1.2744)
(0.1921)
(1.1978)
G2(-2.0140)
(2.1902)
(0.4949)
G3(0.8487)
(2.5025)
(1.3989)
G4(-0.1458)
(0.3544)
(0.2150)
A1(-1.7867)
(5.0152)
(2.1220)
A2(-1.4365)
(19.0004)
(4.9033)
A3(-11.2097)
(15.9358)
(-0.8667)
A4(0.9529)
(7.6567)
(-4.9368)
G1(1.1552)
(-3.0469)
(0.2921)
G2(0.8466)
(0.8019)
(1.0307)
G3(0.3044)
(-0.1894)
(0.3384)
G4(-0.6641)
(-0.0447)
(0.4965)
A1(-4.2823)
(3.7362)
(-1.8825)
A2(-1.1540)
(10.2089)
(1.6233)
A3(-9.8354)
(10.3525)
(-0.9146)
A4(1.8196)
(10.2232)
(-0.6560)
G1(1.5713)
(0.8099)
(0.3097)
G2(0.5640)
(0.0889)
(0.1266)
G3(0.5944)
(0.9839)
(-0.4933)
G4(-0.1203)
(0.5518)
(0.2251)
A1(-6.6869)
(10.6243)
(8.0808)
A2(0.4741)
(4.7597)
(1.1349)
A3(3.1699)
(4.4197)
(2.1261)
A4(1.2881)
(8.8633)
(-10.1227)
G1(-3.4220)
(2.6324)
(-1.3335)
G2(1.5602)
(1.3510)
(0.7242)
G3(-0.2677)
(-0.7646)
(0.3187)
G4(0.7918)
(0.2426)
(1.0914)
A1(-3.6165)
(14.3653)
(-4.9816)
A2(-0.2298)
(3.0311)
(4.2329)
A3(-0.6321)
(-0.9481)
(-3.4429)
A4(5.1188)
(7.4843)
(-9.5337)
G1(1.4250)
(-1.5160)
(0.9206)
G2(-0.0734)
(0.1777)
(0.9030)
G3(-0.3251)
(-4.0361)
(1.6623)
G4(0.2570)
(0.8258)
(-0.0298)
A1(-1.3795)
(8.0808)
(-1.4226)
A2(-1.3599)
(11.4156)
(0.7997)
A3(1.9872)
(10.9702)
(-4.0654)
A4(3.6966)
(5.8083)
(-7.5130)
G1(1.0717)
(3.1458)
(-0.8961)
G2(-1.2717)
(0.0692)
(0.2219)
G3(-0.2645)
(-0.0090)
(0.4156)
G4(-0.0208)
(1.4676)
(-0.9488)
A1(1.3412)
(8.6364)
(1.3508)
A2(8.2839)
(9.2703)
(1.0534)
A3(2.6049)
(8.3701)
(-3.6488)
A4(4.6687)
(6.0382)
(-5.4492)
G1(2.3147)
(-0.1841)
(0.3852)
G2(0.1650)
(0.4411)
(0.5773)
G3(0.2756)
(0.4874)
(0.0612)
G4(-0.6476)
(3.3789)
(-2.1465)
