A1(0.1964)
(10.4710)
(0.6658)
A2(4.0079)
(8.3366)
(4.1037)
A3(0.9146)
(7.0533)
(-6.4931)
A4(-2.6863)
(7.1970)
(-1.5131)
G1(0.6641)
(1.0158)
(-0.5805)
G2(-0.7960)
(0.9897)
(0.9945)
G3(0.0346)
(0.6864)
(-0.3390)
G4(1.9071)
(4.4666)
(-2.8085)
A1(0.4359)
(10.5764)
(3.3578)
A2(3.7493)
(5.3391)
(5.4300)
A3(1.4126)
(9.3901)
(-4.4005)
A4(-1.7573)
(5.9759)
(-2.5714)
G1(0.9126)
(2.2865)
(-0.9738)
G2(-0.9605)
(1.8831)
(1.0440)
G3(0.2277)
(0.4661)
(-0.4225)
G4(2.0295)
(0.4688)
(-1.1770)
A1(-3.7123)
(8.0904)
(7.0126)
A2(1.2402)
(7.2353)
(5.2433)
A3(-0.1006)
(11.3485)
(-4.7262)
A4(5.4205)
(6.8666)
(-7.6758)
G1(-0.5726)
(4.5629)
(-1.5612)
G2(-0.4161)
(0.7726)
(0.6455)
G3(0.5779)
(0.6678)
(-0.8157)
G4(1.1393)
(2.1998)
(-0.1681)
A1(-0.6754)
(28.8456)
(2.2082)
A2(5.3726)
(4.4772)
(6.4548)
A3(8.5808)
(32.7335)
(16.5870)
A4(2.7007)
(10.4627)
(-10.0604)
G1(-6.1225)
(6.5035)
(-3.1714)
G2(2.3040)
(3.2086)
(0.0059)
G3(3.9190)
(0.1490)
(-1.1286)
G4(-1.8656)
(0.0341)
(0.5545)
A1(-2.5627)
(22.0198)
(13.0720)
A2(-0.6033)
(14.4897)
(6.4212)
A3(-5.6886)
(24.0952)
(-9.7444)
A4(1.9824)
(13.7044)
(2.5762)
G1(-7.8811)
(2.4940)
(-7.6246)
G2(2.4642)
(-0.0851)
(-0.3879)
G3(4.0281)
(4.0451)
(-4.1425)
G4(-0.8679)
(-0.0442)
(-0.0591)
A1(3.2285)
(1.0251)
(0.2347)
A2(8.7436)
(21.0690)
(3.5817)
A3(13.8289)
(-1.6568)
(-24.7848)
A4(2.6480)
(10.4387)
(0.9673)
G1(-5.1360)
(-0.3991)
(-3.2033)
G2(2.6191)
(5.9847)
(0.0394)
G3(-12.4264)
(-5.4281)
(-0.4092)
G4(0.5316)
(0.8450)
(-0.4566)
A1(-1.1017)
(-10.7872)
(14.7533)
A2(5.0613)
(7.5322)
(6.4165)
A3(-21.9931)
(21.0019)
(-11.3485)
A4(0.1293)
(5.1332)
(-4.4532)
G1(-5.5803)
(-2.3988)
(-2.5270)
G2(1.0818)
(0.0186)
(-0.3810)
G3(-15.5121)
(-3.9297)
(5.3110)
G4(0.9386)
(2.1056)
(-0.7700)
A1(-1.5951)
(10.2698)
(-13.1966)
A2(0.4501)
(6.3015)
(2.4038)
A3(18.9477)
(49.2152)
(0.9577)
A4(-1.7669)
(11.7603)
(-4.8985)
G1(-3.8413)
(-3.5997)
(-0.3033)
G2(-0.7593)
(4.0770)
(-0.4629)
G3(-11.0738)
(1.4058)
(-1.7751)
G4(1.1382)
(2.3674)
(-0.9786)
A1(-4.7134)
(-0.3257)
(2.2657)
A2(1.8866)
(6.1387)
(2.0590)
A3(-3.1029)
(20.0682)
(-13.4171)
A4(0.5555)
(0.9481)
(-9.7013)
G1(-1.2606)
(-1.5357)
(0.6236)
G2(-0.8306)
(1.1047)
(-0.0096)
G3(-5.2259)
(-0.9339)
(0.5710)
G4(0.4220)
(2.0236)
(0.2011)
A1(-2.9890)
(1.1736)
(2.3088)
A2(9.9455)
(9.4667)
(-1.4078)
A3(-2.9353)
(-0.0144)
(-18.1911)
A4(-4.9512)
(5.1092)
(-2.4612)
G1(3.4066)
(0.8705)
(2.8266)
G2(-0.7609)
(4.5400)
(1.2185)
G3(-1.0461)
(-3.3065)
(3.9642)
G4(-0.6928)
(-0.9147)
(0.2166)
A1(-3.3626)
(-1.9016)
(4.4308)
A2(7.7572)
(8.8298)
(-3.6200)
A3(-1.2067)
(-1.2737)
(-15.1553)
A4(1.0104)
(-1.2594)
(-2.4277)
G1(4.0648)
(0.7976)
(3.9323)
G2(-0.5215)
(0.1091)
(-0.1373)
G3(4.0010)
(0.6518)
(1.3420)
G4(0.9057)
(3.1948)
(-2.2705)
A1(-10.8638)
(-0.9963)
(10.7488)
A2(5.7509)
(10.8888)
(-2.6001)
A3(-0.8906)
(6.3542)
(-5.2002)
A4(-9.6965)
(-2.3032)
(-4.4772)
G1(4.3585)
(1.8927)
(4.9439)
G2(1.3989)
(-0.3278)
(0.6002)
G3(7.1580)
(1.5064)
(2.0657)
G4(0.1564)
(2.3801)
(-0.2655)
A1(-11.4674)
(5.3840)
(3.7171)
A2(-1.9489)
(7.0533)
(2.7390)
A3(-1.0774)
(17.1281)
(1.5706)
A4(17.8847)
(22.1368)
(5.8658)
G1(1.5314)
(1.9044)
(4.8060)
G2(1.2797)
(0.0133)
(0.3006)
G3(6.0304)
(3.9174)
(1.7209)
G4(0.0479)
(-0.0686)
(0.3533)
A1(-14.3270)
(8.4736)
(9.7381)
A2(-10.7500)
(4.5538)
(-0.0766)
A3(-8.8490)
(21.4377)
(3.8786)
A4(3.1795)
(9.5481)
(-8.9208)
G1(1.9736)
(-1.5474)
(1.8858)
G2(1.8470)
(1.6932)
(0.0803)
G3(3.6806)
(5.3201)
(2.2679)
G4(0.7338)
(0.5763)
(0.0325)
A1(-10.8830)
(8.5215)
(6.4043)
A2(11.3054)
(18.2534)
(5.5929)
A3(-16.0938)
(21.2078)
(-1.8771)
A4(-0.9433)
(7.7812)
(-7.4891)
G1(0.7035)
(0.8977)
(1.7938)
G2(-0.8354)
(-2.6132)
(0.5481)
G3(1.9949)
(1.4346)
(2.6121)
G4(0.2203)
(-0.0138)
(0.1995)
A1(-2.3280)
(7.3575)
(3.2045)
A2(6.8953)
(17.3436)
(0.9098)
A3(-13.7284)
(13.7858)
(1.4269)
A4(1.7573)
(7.4939)
(-5.3774)
G1(1.1451)
(0.5885)
(0.4704)
G2(0.4246)
(-0.1431)
(0.5055)
G3(1.0983)
(1.3564)
(0.2677)
G4(0.0495)
(0.9727)
(-0.0330)
A1(-3.7267)
(8.2532)
(3.0656)
A2(-0.4645)
(9.5050)
(1.6664)
A3(-7.3502)
(10.4244)
(-1.8962)
A4(0.7997)
(8.7676)
(-4.6208)
G1(1.1685)
(0.1330)
(0.3177)
G2(0.2820)
(-1.3526)
(0.2762)
G3(0.3038)
(1.3851)
(-0.5103)
G4(0.1149)
(0.4869)
(0.1149)
A1(-6.1025)
(7.4485)
(1.1257)
A2(1.3838)
(6.5170)
(0.9720)
A3(-3.4955)
(9.3039)
(-4.3048)
A4(0.1820)
(8.5760)
(-4.4628)
G1(0.7726)
(0.1846)
(0.3326)
G2(0.3049)
(0.1639)
(0.5795)
G3(-0.0777)
(1.2180)
(-0.8014)
G4(0.3459)
(0.7269)
(0.2065)
A1(-3.5446)
(8.6221)
(0.4072)
A2(3.0981)
(9.6822)
(0.3256)
A3(-0.0814)
(9.6630)
(-2.2075)
A4(0.8045)
(8.9830)
(-3.3040)
G1(0.1442)
(0.6194)
(0.6359)
G2(0.8370)
(1.1350)
(0.5965)
G3(-0.0250)
(1.1361)
(-0.5076)
G4(0.6321)
(0.7577)
(0.2517)
A1(0.0192)
(8.4448)
(-1.1736)
A2(-0.8332)
(7.5753)
(0.3831)
A3(0.1915)
(12.3684)
(-5.0613)
A4(3.7924)
(8.8011)
(-8.5665)
G1(-0.8418)
(-0.8051)
(0.1692)
G2(0.8535)
(1.0844)
(0.8679)
G3(0.6364)
(-1.3537)
(0.9057)
G4(0.5704)
(0.7955)
(0.0676)
