A1(5.3074)
(7.6641)
(13.6181)
A2(3.7828)
(11.3533)
(2.4277)
A3(0.2394)
(6.1004)
(-5.8179)
A4(-1.1013)
(4.9033)
(-8.2600)
G1(0.2256)
(-1.2409)
(0.1277)
G2(-0.4379)
(-1.8241)
(-0.1623)
G3(-0.4752)
(-2.3605)
(3.8317)
G4(0.1288)
(-0.2230)
(0.8333)
A1(3.0513)
(7.4150)
(20.2140)
A2(-3.8786)
(10.0556)
(1.6424)
A3(-0.8284)
(2.3320)
(-5.3582)
A4(0.9050)
(38.5562)
(-4.7166)
G1(1.1994)
(-4.1420)
(-1.2664)
G2(0.2581)
(-2.3487)
(-0.0819)
G3(-0.7104)
(-3.4923)
(3.4965)
G4(2.0156)
(-3.9158)
(2.7196)
A1(9.0580)
(26.5033)
(2.4046)
A2(-3.3758)
(11.2767)
(0.3352)
A3(-13.0915)
(-8.9160)
(-5.6407)
A4(-3.7828)
(20.2597)
(-18.9094)
G1(3.1208)
(-9.9553)
(-0.2591)
G2(0.2208)
(-0.6992)
(-0.2097)
G3(0.7269)
(0.2804)
(-1.0030)
G4(1.2840)
(-1.2372)
(4.5943)
A1(7.5587)
(11.5344)
(4.8954)
A2(9.0549)
(7.6662)
(10.7787)
A3(9.1698)
(17.9900)
(-7.2880)
A4(-15.2559)
(11.2288)
(-25.0673)
G1(1.1850)
(1.1244)
(0.5837)
G2(-1.6506)
(-4.5288)
(1.7842)
G3(-1.4564)
(-1.9608)
(0.5007)
G4(-5.7841)
(4.5155)
(-0.5401)
A1(1.3843)
(-2.1411)
(5.4032)
A2(-11.3581)
(15.3995)
(16.6301)
A3(4.4293)
(8.0732)
(-3.5386)
A4(11.0468)
(2.3511)
(-20.8296)
G1(-1.5325)
(-0.7944)
(-0.0069)
G2(-8.5564)
(-7.1074)
(-4.7858)
G3(-1.4277)
(-0.4581)
(-0.3980)
G4(-10.5374)
(4.7986)
(-0.8375)
A1(0.6993)
(4.2631)
(5.9875)
A2(-3.3088)
(23.8941)
(21.9500)
A3(-1.4030)
(3.8307)
(2.2458)
A4(-2.5522)
(17.3580)
(-5.1858)
G1(-1.0531)
(-2.4727)
(-0.0942)
G2(-7.7981)
(-3.9350)
(4.5480)
G3(-0.0484)
(-2.8255)
(0.7918)
G4(-11.8549)
(-2.4818)
(8.8740)
A1(22.7383)
(5.8007)
(8.9334)
A2(8.6000)
(12.4977)
(2.2793)
A3(-0.7135)
(1.5323)
(-0.2155)
A4(1.1444)
(29.6594)
(-4.2904)
G1(0.1974)
(-5.0327)
(-3.4359)
G2(-6.3556)
(0.3182)
(4.2856)
G3(0.9727)
(-2.5499)
(1.4356)
G4(-8.9065)
(2.9958)
(6.3220)
A1(0.8814)
(9.5657)
(0.7904)
A2(-10.7212)
(-3.7014)
(-8.3222)
A3(7.2018)
(14.4610)
(-16.2614)
A4(-18.4162)
(-7.7476)
(-13.8529)
G1(-1.1861)
(0.7529)
(-0.3006)
G2(-4.3979)
(-1.8831)
(1.7480)
G3(1.9635)
(-1.8406)
(2.1753)
G4(-2.5616)
(2.6042)
(-3.3922)
A1(-0.5844)
(15.3329)
(1.7388)
A2(8.1834)
(5.8083)
(2.8443)
A3(20.2502)
(-22.3906)
(-14.8728)
A4(-6.8761)
(-10.3621)
(-10.3621)
G1(2.6861)
(0.0782)
(-0.5726)
G2(-6.4040)
(4.3506)
(0.2235)
G3(1.6070)
(-1.5250)
(1.8544)
G4(3.4438)
(-1.9997)
(-4.6038)
A1(15.4431)
(-5.0248)
(11.6925)
A2(6.8809)
(0.0670)
(3.7781)
A3(2.3798)
(-5.3199)
(-11.0660)
A4(0.6800)
(6.0047)
(-6.4691)
G1(-4.7347)
(1.6448)
(-1.2819)
G2(-2.3158)
(2.7702)
(-1.7453)
G3(-0.8865)
(0.1543)
(1.5240)
G4(3.5370)
(-1.2744)
(-4.9151)
A1(-4.1865)
(8.3538)
(13.4744)
A2(2.6767)
(4.7645)
(6.7852)
A3(19.4218)
(-40.1651)
(16.4434)
A4(6.1052)
(12.4211)
(-0.3543)
G1(0.2198)
(1.9550)
(-1.7214)
G2(2.9138)
(1.3053)
(-3.1975)
G3(-0.3113)
(3.7583)
(-1.8225)
G4(5.5851)
(-3.4390)
(-3.7216)
A1(8.1335)
(8.0856)
(1.6382)
A2(15.5479)
(-5.7652)
(3.6440)
A3(5.3439)
(16.3141)
(-4.9512)
A4(5.6024)
(17.3149)
(-6.1483)
G1(0.0208)
(-1.3856)
(-0.7391)
G2(4.2739)
(0.7992)
(-3.6535)
G3(-0.0532)
(-0.7162)
(1.6783)
G4(3.4045)
(-1.2813)
(-2.4057)
A1(-1.0682)
(8.1047)
(-2.1890)
A2(10.1897)
(-1.4269)
(12.3828)
A3(3.6966)
(7.6279)
(-7.6471)
A4(23.2860)
(24.5070)
(-4.8554)
G1(2.0790)
(0.5683)
(-1.8949)
G2(3.6045)
(-1.5075)
(-4.3894)
G3(0.3065)
(-1.0546)
(0.6236)
G4(-0.4581)
(-4.5288)
(0.8365)
A1(-6.2654)
(5.8582)
(-6.5576)
A2(11.3964)
(2.9113)
(11.4778)
A3(5.3343)
(9.1842)
(-6.1770)
A4(16.7594)
(15.2606)
(4.4005)
G1(0.5997)
(1.8342)
(-1.2164)
G2(3.4758)
(-0.5140)
(-2.7691)
G3(0.3134)
(-0.0452)
(-0.4315)
G4(1.7267)
(-4.1899)
(-1.2781)
A1(9.0149)
(12.1523)
(3.5063)
A2(3.7924)
(7.2880)
(10.9176)
A3(-3.3519)
(8.2408)
(-6.3638)
A4(-9.0309)
(-0.9577)
(-12.9622)
G1(-1.4468)
(-1.4952)
(0.2453)
G2(4.4751)
(1.1382)
(-2.8207)
G3(0.4906)
(0.1054)
(-0.1926)
G4(0.9860)
(-1.0366)
(-0.1846)
A1(-0.1485)
(7.8748)
(0.6227)
A2(4.1037)
(3.7110)
(1.9824)
A3(2.9544)
(7.2113)
(-11.2863)
A4(5.0805)
(6.0382)
(-4.9752)
G1(-0.2320)
(-0.3427)
(-0.7694)
G2(-0.2565)
(-0.2293)
(-0.6997)
G3(0.2171)
(-2.0971)
(0.6518)
G4(-0.0213)
(-0.2969)
(-0.3666)
A1(-1.2981)
(7.1994)
(1.9112)
A2(4.7214)
(8.1834)
(0.9385)
A3(-3.5578)
(0.3543)
(-7.7476)
A4(0.7709)
(9.0214)
(-2.7725)
G1(-0.4943)
(-0.2144)
(-0.3837)
G2(0.8173)
(-2.1050)
(-0.1958)
G3(-0.4443)
(-1.1456)
(0.1437)
G4(-0.0378)
(0.1176)
(-0.5215)
A1(-5.5325)
(10.8782)
(1.6095)
A2(1.4461)
(6.6846)
(1.9776)
A3(3.4477)
(3.9169)
(-5.9041)
A4(0.5507)
(9.5481)
(-1.9441)
G1(-0.6790)
(-0.0899)
(-0.2863)
G2(0.9887)
(0.7466)
(-0.6976)
G3(0.2224)
(-0.8982)
(-0.0181)
G4(-0.0048)
(-1.1249)
(-0.0410)
A1(-2.4621)
(9.9633)
(1.3987)
A2(1.1109)
(8.6239)
(2.9449)
A3(-0.1724)
(1.9824)
(-9.6534)
A4(1.4174)
(9.1698)
(-5.3774)
G1(0.4379)
(-0.3028)
(-0.3485)
G2(0.7050)
(0.3395)
(-0.3352)
G3(-0.1543)
(-1.1185)
(0.2921)
G4(0.1751)
(-0.1447)
(-0.1437)
A1(-3.1806)
(7.5539)
(2.0597)
A2(0.1197)
(8.7388)
(3.5243)
A3(-0.4836)
(5.1236)
(-5.8993)
A4(2.5235)
(8.9160)
(-3.8164)
G1(1.1744)
(-0.1703)
(-0.0596)
G2(0.3602)
(-0.6630)
(-0.2857)
G3(-2.0625)
(-0.3911)
(-0.0825)
G4(0.1868)
(-0.6284)
(0.1676)
