A1(-0.6993)
(6.7108)
(5.0008)
A2(1.6855)
(9.4619)
(-1.6041)
A3(2.5379)
(10.6686)
(2.8635)
A4(0.0239)
(9.4188)
(-2.9161)
G1(-1.0084)
(-1.1499)
(-0.2724)
G2(0.1793)
(-0.4145)
(0.0713)
G3(1.0754)
(-1.4069)
(0.1490)
G4(0.2591)
(-0.1383)
(0.3022)
A1(1.0299)
(7.0893)
(7.8892)
A2(1.1827)
(9.1650)
(-0.0575)
A3(-3.8930)
(9.0118)
(0.0575)
A4(-1.1492)
(10.1466)
(-0.1437)
G1(-0.3778)
(-0.5204)
(0.2724)
G2(-0.3884)
(-0.8588)
(0.0266)
G3(1.3537)
(-1.2441)
(1.0786)
G4(0.7199)
(0.0569)
(0.5662)
A1(-0.6083)
(14.4563)
(11.0554)
A2(1.5945)
(9.6103)
(0.0431)
A3(0.3687)
(7.0868)
(-0.4932)
A4(-18.4593)
(15.3995)
(6.9671)
G1(1.5165)
(-2.4280)
(-0.1304)
G2(0.0857)
(-0.6524)
(0.2629)
G3(0.4432)
(-1.9108)
(0.4544)
G4(2.5100)
(-2.1567)
(1.5660)
A1(-10.5764)
(8.5502)
(-4.2104)
A2(-0.5171)
(9.5241)
(3.8499)
A3(2.4469)
(8.7724)
(5.8849)
A4(13.3118)
(8.5760)
(-9.5529)
G1(0.1208)
(-2.0502)
(-1.2042)
G2(-0.2384)
(-1.2946)
(0.3581)
G3(1.6996)
(0.9935)
(-1.1935)
G4(3.6561)
(-1.0578)
(3.3896)
A1(1.5137)
(10.0064)
(8.0568)
A2(7.8099)
(0.9768)
(5.6838)
A3(4.8698)
(13.1490)
(-4.5873)
A4(17.1568)
(14.9925)
(-21.1791)
G1(0.9003)
(-2.6403)
(-0.8902)
G2(-5.1567)
(-5.3030)
(-0.9386)
G3(0.2426)
(-0.8200)
(1.1302)
G4(-7.5709)
(3.8951)
(-3.3103)
A1(5.6283)
(4.4883)
(-1.2598)
A2(17.7123)
(12.1147)
(-5.5402)
A3(4.9416)
(13.3836)
(2.8778)
A4(6.9528)
(14.7148)
(-4.3527)
G1(-2.9085)
(-3.5753)
(-0.4778)
G2(-5.9570)
(-1.8874)
(3.5545)
G3(-0.5071)
(-1.4686)
(0.0357)
G4(-11.6767)
(-6.2970)
(0.0234)
A1(1.2885)
(9.6519)
(0.2443)
A2(9.4523)
(-0.3831)
(-0.7805)
A3(5.6838)
(-7.2018)
(-0.3400)
A4(-8.7388)
(45.4276)
(3.1891)
G1(-0.4305)
(-1.2803)
(0.2826)
G2(-7.4368)
(-0.4970)
(1.9326)
G3(-1.6942)
(-4.3607)
(6.0858)
G4(-1.2106)
(-0.4566)
(3.7306)
A1(0.7425)
(10.5956)
(3.8751)
A2(-4.1899)
(-7.1060)
(-6.0573)
A3(8.3558)
(26.6858)
(-1.8483)
A4(1.3551)
(-16.2710)
(-8.0828)
G1(-0.5656)
(-0.3794)
(-0.3203)
G2(-3.8248)
(-1.1595)
(1.6911)
G3(2.7925)
(1.6049)
(-0.3948)
G4(-1.3196)
(-0.3469)
(-2.1700)
A1(1.0442)
(14.5761)
(4.8763)
A2(1.7621)
(-1.8387)
(4.4963)
A3(-6.3351)
(-1.6137)
(-12.9861)
A4(-2.5714)
(-1.2833)
(-7.0342)
G1(-0.1463)
(1.4846)
(-0.1543)
G2(-3.6998)
(3.0942)
(-1.2835)
G3(-0.1772)
(-0.8806)
(0.3496)
G4(2.7739)
(0.0750)
(-3.4944)
A1(6.7300)
(8.1000)
(-1.0778)
A2(2.5762)
(-2.5331)
(5.8466)
A3(4.0031)
(1.1779)
(-11.2192)
A4(0.1101)
(15.4570)
(-1.8627)
G1(1.2813)
(-0.7689)
(-0.9988)
G2(1.2872)
(1.8597)
(-1.1957)
G3(-0.2400)
(-0.5034)
(0.7173)
G4(4.5964)
(-0.5731)
(-2.9639)
A1(8.2437)
(5.1637)
(2.9171)
A2(3.0885)
(-5.0470)
(8.6574)
A3(5.5976)
(3.9552)
(-7.4939)
A4(7.7764)
(20.5279)
(1.1779)
G1(1.2914)
(0.3539)
(-0.3150)
G2(4.2303)
(1.8491)
(-1.0988)
G3(-1.2829)
(-0.6077)
(0.9477)
G4(4.5187)
(-2.7372)
(-2.4397)
A1(-0.7616)
(15.0647)
(2.7830)
A2(4.2282)
(-1.3216)
(10.5489)
A3(4.0558)
(9.2464)
(-1.1492)
A4(6.1531)
(15.1553)
(2.0638)
G1(0.2496)
(-2.0901)
(-0.4917)
G2(5.7883)
(1.1472)
(-2.7537)
G3(-0.3480)
(0.1639)
(-0.2384)
G4(4.6443)
(-5.4919)
(-3.6365)
A1(-2.3902)
(15.6491)
(-0.6227)
A2(15.0547)
(-3.5674)
(10.1562)
A3(1.8675)
(8.7149)
(-5.0422)
A4(30.1334)
(21.6532)
(4.2713)
G1(1.2201)
(0.6508)
(0.3666)
G2(3.8392)
(-3.2831)
(-2.5754)
G3(0.0011)
(-1.4026)
(0.8046)
G4(-1.5873)
(-1.9044)
(-0.7035)
A1(28.1223)
(14.7581)
(28.3666)
A2(-5.2433)
(10.2137)
(5.9951)
A3(7.2688)
(14.0779)
(-3.3136)
A4(1.6233)
(6.7995)
(-8.2361)
G1(1.2526)
(1.9161)
(-2.1247)
G2(2.5786)
(0.9461)
(-4.1835)
G3(0.3198)
(0.2953)
(-0.2166)
G4(0.6859)
(2.1364)
(-0.3837)
A1(1.2502)
(10.1597)
(0.5700)
A2(14.3413)
(8.6383)
(6.0190)
A3(4.8842)
(9.1650)
(-5.6312)
A4(3.0837)
(6.9576)
(-2.9880)
G1(0.7088)
(0.0404)
(0.0899)
G2(1.9023)
(0.6321)
(2.3142)
G3(-0.4369)
(-0.5529)
(-0.2666)
G4(0.0383)
(-0.5672)
(-0.0580)
A1(0.9676)
(10.0591)
(-1.5472)
A2(3.9313)
(7.9775)
(2.6815)
A3(1.0295)
(7.9248)
(-4.7070)
A4(0.9768)
(7.6614)
(-5.5067)
G1(0.3299)
(-1.5011)
(-0.6353)
G2(-0.7173)
(0.3565)
(-1.0908)
G3(-0.3251)
(-0.6566)
(-0.3150)
G4(0.2139)
(0.1756)
(-0.1240)
A1(-1.3939)
(9.8675)
(0.4598)
A2(0.9768)
(7.7141)
(6.4356)
A3(3.2370)
(8.1451)
(-5.0996)
A4(2.8443)
(9.4810)
(-3.3088)
G1(0.1522)
(0.1304)
(-0.0942)
G2(1.3776)
(-0.9871)
(0.3986)
G3(-0.2410)
(-0.6199)
(-0.0931)
G4(0.0149)
(0.2442)
(-0.3421)
A1(-0.2778)
(9.9729)
(0.5173)
A2(0.0862)
(9.1267)
(3.3662)
A3(1.5323)
(8.2217)
(-4.7597)
A4(1.8579)
(9.5433)
(-3.8642)
G1(0.4491)
(0.0351)
(-0.5013)
G2(-0.5268)
(0.5619)
(-0.7694)
G3(-0.2948)
(-0.0867)
(-0.0937)
G4(-0.2794)
(-0.6726)
(0.2091)
A1(-1.0586)
(8.8759)
(0.0048)
A2(2.9497)
(9.4619)
(4.1659)
A3(2.2410)
(8.4372)
(-5.1475)
A4(1.8579)
(9.3326)
(-3.1364)
G1(-0.1160)
(-0.4448)
(-0.1437)
G2(0.9514)
(-0.5938)
(-0.0809)
G3(-0.2671)
(-0.0745)
(-0.1309)
G4(-0.2081)
(0.1729)
(-0.1304)
A1(-0.5365)
(7.8557)
(0.1820)
A2(0.0192)
(8.2839)
(2.9975)
A3(0.8428)
(8.2983)
(-4.0654)
A4(2.3798)
(9.2847)
(-3.1939)
G1(0.6758)
(0.8679)
(0.0740)
G2(0.0293)
(0.0144)
(-0.1857)
G3(-0.2357)
(0.2293)
(-0.1309)
G4(-0.2857)
(-0.0729)
(0.0202)
