A1(5.6331)
(7.1467)
(7.9563)
A2(-0.2298)
(10.4100)
(2.6097)
A3(-0.3543)
(7.6471)
(-5.8179)
A4(2.3320)
(10.7452)
(-1.0822)
G1(-0.5545)
(-0.7732)
(0.9078)
G2(0.4129)
(-1.6932)
(-0.0261)
G3(0.7849)
(-0.7396)
(2.2333)
G4(0.1128)
(-0.2990)
(0.7913)
A1(6.9120)
(12.8277)
(16.1855)
A2(-2.2505)
(7.5417)
(-0.0239)
A3(-5.0901)
(3.7972)
(-7.5369)
A4(0.8380)
(38.4078)
(16.4482)
G1(2.9303)
(-5.9235)
(-0.8189)
G2(1.5766)
(-1.6629)
(0.2235)
G3(0.6566)
(-2.7500)
(2.2987)
G4(3.6333)
(-2.5850)
(1.9076)
A1(2.2801)
(20.7073)
(-1.4083)
A2(-2.1835)
(8.0349)
(1.4078)
A3(-4.7980)
(-13.7906)
(-10.6255)
A4(3.5291)
(18.5551)
(-19.6516)
G1(1.0993)
(-3.0655)
(0.6380)
G2(0.7551)
(-1.2074)
(0.4885)
G3(-1.0185)
(1.2765)
(-0.4768)
G4(2.1444)
(-0.5534)
(3.5396)
A1(12.6313)
(12.2625)
(6.6055)
A2(12.2966)
(2.7246)
(9.5289)
A3(-2.4756)
(-2.9161)
(-10.9846)
A4(-13.4458)
(16.2040)
(-12.8186)
G1(0.0372)
(-0.2341)
(1.5298)
G2(-4.3383)
(-5.5255)
(1.5942)
G3(-2.0556)
(-2.4983)
(0.1963)
G4(-9.8478)
(5.3137)
(-2.8032)
A1(5.7576)
(1.1592)
(4.4260)
A2(2.6432)
(21.5095)
(6.3829)
A3(-4.1084)
(21.3228)
(10.9798)
A4(5.8945)
(16.9318)
(-3.6296)
G1(-0.9083)
(-6.3758)
(-0.5960)
G2(-4.1393)
(-4.6315)
(3.2209)
G3(-0.4305)
(0.2187)
(-0.2879)
G4(-11.5378)
(-4.9162)
(5.9522)
A1(10.3752)
(0.7425)
(4.7326)
A2(11.2049)
(18.3061)
(15.9310)
A3(0.7087)
(-9.8450)
(-4.3048)
A4(-8.5329)
(18.0858)
(2.7773)
G1(-1.3622)
(-1.7874)
(-2.7675)
G2(-8.2323)
(-0.4869)
(4.3686)
G3(-0.4156)
(-2.9543)
(0.6231)
G4(-12.6765)
(2.2205)
(6.4609)
A1(-15.6203)
(5.7289)
(-2.6202)
A2(4.0318)
(-8.2744)
(-0.0335)
A3(-1.3886)
(1.3360)
(7.7524)
A4(-28.5293)
(1.8004)
(-22.9460)
G1(1.0073)
(0.2655)
(-0.2591)
G2(-5.5824)
(-0.9019)
(0.9386)
G3(0.4709)
(-1.9278)
(-0.2895)
G4(-3.3949)
(3.6045)
(0.2671)
A1(5.0439)
(12.4685)
(1.0586)
A2(-0.9002)
(-4.9608)
(2.6671)
A3(8.0828)
(4.1420)
(5.6838)
A4(8.4611)
(0.5124)
(-11.6071)
G1(-0.1485)
(0.1772)
(-0.1825)
G2(-4.2633)
(-1.4277)
(2.5392)
G3(1.3542)
(-3.9626)
(0.7827)
G4(-0.6949)
(3.8009)
(-5.5132)
A1(1.5903)
(25.9093)
(14.3845)
A2(8.0732)
(15.4474)
(7.4747)
A3(2.3750)
(-5.8083)
(-16.2806)
A4(-1.8100)
(2.1404)
(-5.4971)
G1(1.8949)
(3.7179)
(-0.2927)
G2(-4.5841)
(2.9431)
(-0.4965)
G3(0.7450)
(-0.6061)
(1.9177)
G4(4.1404)
(-2.0774)
(-6.4753)
A1(0.1533)
(16.7891)
(2.2561)
A2(-3.5386)
(-3.6583)
(2.0542)
A3(-8.4276)
(0.2490)
(-10.7643)
A4(6.2824)
(21.3084)
(-4.3287)
G1(3.2496)
(-0.3672)
(-1.3154)
G2(0.1405)
(0.8801)
(-2.5520)
G3(1.6331)
(-3.9951)
(0.0633)
G4(5.9059)
(-4.1111)
(-3.9084)
A1(3.7267)
(4.9864)
(10.1309)
A2(8.8490)
(1.1157)
(7.9535)
A3(-2.7438)
(7.8051)
(-7.2401)
A4(-1.7334)
(21.9309)
(0.0718)
G1(0.8205)
(1.0637)
(-1.4032)
G2(2.4940)
(2.5291)
(-3.0756)
G3(-1.2340)
(-4.2638)
(-0.1309)
G4(4.8640)
(-4.8832)
(-2.6531)
A1(2.3711)
(2.0118)
(1.6430)
A2(10.5489)
(-2.5714)
(16.2183)
A3(-1.5706)
(9.3805)
(-7.0246)
A4(3.7014)
(14.1402)
(-11.6310)
G1(0.7774)
(-2.4169)
(-2.1199)
G2(5.2647)
(1.2632)
(-4.5820)
G3(-0.0229)
(-0.1777)
(-0.4464)
G4(-1.2797)
(-4.3857)
(0.2959)
A1(-2.5723)
(11.0171)
(4.5122)
A2(2.5762)
(10.2568)
(7.6662)
A3(5.3774)
(7.6758)
(-4.6208)
A4(9.3853)
(5.6024)
(-7.7141)
G1(-0.6236)
(0.4619)
(-0.0223)
G2(3.6418)
(-0.5853)
(-6.1874)
G3(0.0857)
(-1.1973)
(-0.0607)
G4(2.4163)
(5.2743)
(-0.8908)
A1(2.7734)
(9.6759)
(-0.6275)
A2(8.5138)
(5.0996)
(18.5455)
A3(-0.0192)
(11.3102)
(-3.5051)
A4(-4.2904)
(-0.0958)
(-8.5569)
G1(-2.0045)
(-1.9076)
(-0.4023)
G2(5.1562)
(3.8254)
(-3.1065)
G3(0.3922)
(-0.5497)
(-0.2772)
G4(0.4943)
(1.1190)
(-0.4252)
A1(-1.0921)
(7.6593)
(2.8836)
A2(2.7246)
(4.8219)
(3.5817)
A3(1.4557)
(3.8259)
(-11.2767)
A4(1.1349)
(5.6455)
(-7.1395)
G1(-0.2469)
(1.4628)
(-0.3714)
G2(-2.5164)
(-0.8248)
(-0.5859)
G3(-0.0319)
(-2.3892)
(0.7588)
G4(-0.3741)
(-0.7269)
(-0.2687)
A1(-7.8461)
(3.5638)
(-19.3039)
A2(-10.7308)
(10.7595)
(6.2968)
A3(-3.6392)
(5.4971)
(-6.5649)
A4(2.7916)
(8.6191)
(-6.5649)
G1(0.6071)
(-1.0147)
(-0.7657)
G2(0.0713)
(3.2789)
(-1.4489)
G3(-0.2416)
(-1.1446)
(0.0080)
G4(-0.4762)
(-0.1479)
(-0.2810)
A1(-1.2694)
(7.9563)
(1.6047)
A2(-1.2785)
(8.3270)
(5.4253)
A3(-0.1341)
(5.1715)
(-8.6191)
A4(2.8252)
(8.5090)
(-4.7405)
G1(0.1336)
(-0.1219)
(-0.3113)
G2(0.0170)
(-0.0245)
(-1.0073)
G3(-0.4225)
(-0.1426)
(-0.4044)
G4(-0.5933)
(-0.0745)
(-0.2379)
A1(-3.8560)
(8.0473)
(2.1028)
A2(3.2322)
(8.5234)
(2.4708)
A3(-1.1444)
(5.2625)
(-7.1587)
A4(2.4565)
(9.3996)
(-2.8060)
G1(0.2400)
(0.8179)
(0.2948)
G2(0.5694)
(0.5316)
(-0.2650)
G3(-0.3177)
(-0.2804)
(-0.3097)
G4(-0.5555)
(-0.3145)
(-0.2373)
A1(-2.2178)
(8.2820)
(0.7425)
A2(-0.7278)
(10.0317)
(2.8635)
A3(-0.5124)
(5.5258)
(-7.5561)
A4(1.6903)
(9.5193)
(-1.6712)
G1(-0.2900)
(-0.5002)
(-0.5364)
G2(1.0664)
(0.3826)
(-0.4768)
G3(-0.2985)
(-0.4762)
(-0.3821)
G4(-0.3118)
(-0.0873)
(-0.2623)
A1(-1.8011)
(8.1335)
(5.1253)
A2(0.0287)
(9.4236)
(2.1596)
A3(-1.3791)
(6.7373)
(-6.4500)
A4(1.9345)
(9.1315)
(-3.2082)
G1(1.1142)
(0.6939)
(-0.2081)
G2(0.7859)
(0.1607)
(-0.1612)
G3(-0.3421)
(-0.0649)
(-0.1713)
G4(-0.2171)
(0.2107)
(-0.2410)
