A1(3.7410)
(9.5609)
(-1.4418)
A2(7.3789)
(7.3694)
(8.9447)
A3(-0.3496)
(7.8865)
(-7.0581)
A4(10.9223)
(11.6693)
(-7.0773)
G1(0.9498)
(2.9303)
(-0.6955)
G2(-1.1345)
(1.0413)
(0.5981)
G3(-0.0857)
(0.9488)
(-0.7897)
G4(0.8897)
(-2.0103)
(1.0860)
A1(-12.2146)
(3.9949)
(10.4423)
A2(-2.9401)
(6.7947)
(9.2512)
A3(5.3295)
(15.2942)
(4.7788)
A4(0.2921)
(4.5298)
(-9.0836)
G1(-6.3752)
(4.3798)
(-1.2616)
G2(-0.5859)
(2.4807)
(-0.0931)
G3(0.9791)
(0.7891)
(-1.4782)
G4(0.1697)
(-0.5177)
(-0.4443)
A1(8.5837)
(30.1198)
(-5.9013)
A2(18.6987)
(9.4475)
(7.0485)
A3(-2.7964)
(23.6978)
(11.6502)
A4(3.8259)
(8.1116)
(-11.1282)
G1(-7.9992)
(5.8075)
(-0.3097)
G2(2.2780)
(0.1836)
(-0.0724)
G3(2.5052)
(1.8470)
(-2.1146)
G4(-0.0101)
(1.7618)
(-1.3548)
A1(-4.0811)
(32.7926)
(12.2002)
A2(-1.6424)
(13.5320)
(2.7629)
A3(7.8099)
(13.9247)
(-26.2213)
A4(-1.0582)
(10.3908)
(-3.8307)
G1(-9.6467)
(-0.7673)
(-7.0563)
G2(1.8241)
(4.2037)
(0.4454)
G3(0.2959)
(1.8693)
(-2.8489)
G4(-0.5342)
(0.0585)
(-0.2011)
A1(5.1541)
(-3.4728)
(7.2856)
A2(4.2713)
(6.1052)
(1.1205)
A3(-28.9938)
(19.5702)
(-19.6181)
A4(5.8371)
(7.9583)
(-2.1117)
G1(-5.9245)
(-1.5006)
(-2.5211)
G2(1.1398)
(4.0664)
(0.6524)
G3(-12.0167)
(-4.4261)
(5.1631)
G4(0.7508)
(0.4661)
(-0.6439)
A1(-18.7147)
(-9.6376)
(8.8951)
A2(2.4325)
(6.0908)
(9.4044)
A3(17.3532)
(18.7418)
(11.5496)
A4(-2.8635)
(-6.2776)
(-9.8881)
G1(-7.3990)
(-3.0511)
(-0.0942)
G2(0.1437)
(0.5954)
(-0.4076)
G3(-16.2060)
(7.7997)
(3.1155)
G4(0.8482)
(2.4908)
(-1.2169)
A1(-13.3450)
(2.0453)
(0.3928)
A2(3.1077)
(3.9073)
(3.5674)
A3(17.1042)
(29.5732)
(-16.4242)
A4(-3.4620)
(-2.2027)
(-12.7467)
G1(-2.3807)
(-0.3565)
(1.4676)
G2(-0.5231)
(2.4685)
(-0.1745)
G3(-6.7328)
(-0.1804)
(1.5266)
G4(1.0318)
(2.4445)
(0.4864)
A1(7.9946)
(-5.2882)
(0.7425)
A2(-4.4293)
(10.4052)
(-1.0582)
A3(4.4388)
(1.9776)
(-29.1662)
A4(0.6273)
(13.1729)
(-7.5561)
G1(0.5741)
(-2.3285)
(2.5398)
G2(0.2033)
(2.1545)
(0.5114)
G3(-3.1847)
(2.2695)
(0.9812)
G4(-1.4990)
(-1.4676)
(0.2160)
A1(-1.3316)
(-3.2045)
(2.9363)
A2(11.9806)
(13.1825)
(-6.3159)
A3(-6.0334)
(-15.9167)
(-14.8776)
A4(10.2472)
(7.2927)
(-3.6823)
G1(5.6478)
(0.7960)
(3.1533)
G2(0.4624)
(-1.1744)
(-0.2538)
G3(5.0572)
(0.0931)
(3.1017)
G4(-0.9365)
(1.8395)
(-0.6210)
A1(-13.3929)
(1.7388)
(11.7212)
A2(3.0215)
(13.9438)
(-1.4126)
A3(0.9433)
(17.9805)
(-4.3239)
A4(4.3862)
(9.7492)
(1.5706)
G1(4.5208)
(1.9156)
(4.5379)
G2(0.3661)
(0.3294)
(-0.6034)
G3(6.6440)
(0.8854)
(1.5341)
G4(0.0537)
(2.7100)
(-0.6635)
A1(-4.2967)
(7.5539)
(7.7072)
A2(-1.9058)
(6.0861)
(6.3398)
A3(-0.2921)
(19.3404)
(0.8523)
A4(0.4022)
(10.0509)
(-0.9529)
G1(3.4114)
(0.7790)
(5.0428)
G2(0.1064)
(-1.5953)
(0.9466)
G3(7.2570)
(2.3349)
(1.3516)
G4(0.1027)
(-0.2868)
(0.0154)
A1(-8.3634)
(8.4113)
(7.5874)
A2(0.7326)
(8.2791)
(5.5641)
A3(-6.2441)
(20.7960)
(-0.3304)
A4(2.6001)
(8.6431)
(-2.9592)
G1(3.1661)
(-2.0614)
(1.2244)
G2(0.0979)
(1.3659)
(0.5385)
G3(3.5566)
(1.9805)
(0.9323)
G4(0.5619)
(0.4140)
(-0.0447)
A1(-2.9507)
(8.0329)
(6.1121)
A2(-1.4174)
(11.0133)
(3.6344)
A3(-10.2663)
(24.4065)
(7.7237)
A4(-0.0192)
(7.7572)
(-9.4284)
G1(1.0318)
(1.1456)
(0.6619)
G2(0.3219)
(0.8035)
(0.2565)
G3(1.5181)
(1.9092)
(0.2416)
G4(0.1250)
(-0.6779)
(0.4299)
A1(-2.8070)
(10.2555)
(1.7388)
A2(2.2745)
(7.2784)
(3.1029)
A3(-6.9336)
(14.6956)
(0.1628)
A4(1.7573)
(8.5090)
(-6.1579)
G1(2.5552)
(-1.8416)
(0.4188)
G2(0.2230)
(0.1958)
(0.2485)
G3(1.5671)
(1.3138)
(-0.4922)
G4(0.3469)
(0.2033)
(0.1889)
A1(-5.2020)
(10.0495)
(6.0642)
A2(0.1580)
(12.3637)
(1.9632)
A3(-2.0925)
(6.1914)
(-0.9098)
A4(-1.2306)
(7.9248)
(-8.6766)
G1(-0.5140)
(0.4129)
(-0.1697)
G2(0.0069)
(-1.2010)
(-0.1368)
G3(-0.5577)
(0.7024)
(-0.4417)
G4(0.4289)
(0.8046)
(0.4762)
A1(3.8608)
(8.1622)
(7.3910)
A2(-2.3559)
(7.0964)
(1.7669)
A3(2.4708)
(19.1967)
(4.2713)
A4(4.2090)
(7.3885)
(-5.7988)
G1(-1.7459)
(-3.2379)
(1.7235)
G2(0.3783)
(0.6252)
(0.3698)
G3(-0.3555)
(-1.4069)
(0.3555)
G4(0.1527)
(-0.1038)
(0.4917)
A1(-4.4595)
(4.4883)
(-1.3795)
A2(-1.1109)
(10.6063)
(2.0063)
A3(-6.0190)
(8.7532)
(-9.5960)
A4(3.9361)
(8.2217)
(-5.9233)
G1(0.3480)
(1.2547)
(-0.4001)
G2(-0.1187)
(0.0452)
(0.1160)
G3(0.6912)
(0.3352)
(0.8535)
G4(-0.1330)
(0.8583)
(-0.0394)
A1(4.1913)
(8.2293)
(3.1087)
A2(4.6017)
(9.6726)
(0.2298)
A3(-0.3017)
(8.6814)
(-3.6823)
A4(5.6599)
(9.4236)
(-2.7198)
G1(0.2847)
(-0.2448)
(0.5438)
G2(1.1174)
(1.1579)
(0.8806)
G3(0.3751)
(0.2102)
(0.1554)
G4(0.5726)
(2.2072)
(-0.9216)
A1(-1.9400)
(7.7455)
(1.1352)
A2(3.8595)
(8.8681)
(0.9481)
A3(-1.8818)
(9.8737)
(-3.4955)
A4(-0.2107)
(9.7540)
(-3.4141)
G1(-0.7317)
(-1.1637)
(0.0048)
G2(0.5316)
(1.2090)
(0.6188)
G3(0.1038)
(0.2889)
(0.1160)
G4(1.3798)
(3.3667)
(-1.9976)
A1(-0.1054)
(8.6269)
(4.3877)
A2(3.4381)
(6.5888)
(1.8579)
A3(-2.0016)
(8.9543)
(-2.1404)
A4(-1.4748)
(11.9614)
(-7.3789)
G1(0.5108)
(1.1765)
(0.1357)
G2(-0.5236)
(1.5868)
(0.0053)
G3(0.0649)
(-0.4587)
(-0.0170)
G4(-0.8982)
(0.4443)
(-0.2240)
