A1(0.1724)
(7.4485)
(6.5432)
A2(1.6137)
(9.8785)
(-1.1971)
A3(-0.0814)
(9.7109)
(-1.3072)
A4(-0.3783)
(9.9695)
(-4.6448)
G1(-0.8913)
(0.1070)
(0.0793)
G2(0.0537)
(-0.8876)
(-0.0931)
G3(0.3437)
(-1.5346)
(0.3379)
G4(-0.1357)
(0.0793)
(0.0644)
A1(-0.9963)
(6.3420)
(5.9013)
A2(1.2498)
(9.4332)
(-1.7047)
A3(-0.8092)
(7.0533)
(-3.1939)
A4(-0.1772)
(8.9399)
(-4.0510)
G1(-0.0974)
(-0.6933)
(-0.1650)
G2(0.1080)
(-1.2148)
(-0.1522)
G3(0.1990)
(-1.3010)
(0.5263)
G4(0.1240)
(-0.0170)
(0.0835)
A1(0.7808)
(6.6534)
(6.2941)
A2(-0.4836)
(9.6055)
(-0.1389)
A3(0.6129)
(6.7900)
(-3.2705)
A4(0.8092)
(8.8681)
(-3.6775)
G1(0.6439)
(-0.7817)
(-0.1708)
G2(0.2868)
(-0.9535)
(0.0660)
G3(0.5598)
(-0.6162)
(1.0360)
G4(0.3475)
(-0.1570)
(0.0756)
A1(-2.6824)
(8.5311)
(8.5071)
A2(0.0527)
(8.9256)
(1.8579)
A3(3.5961)
(6.1770)
(-2.0973)
A4(-0.6033)
(10.5105)
(-1.5945)
G1(1.9699)
(-1.7975)
(0.3991)
G2(0.1474)
(-0.2166)
(0.0500)
G3(-0.4225)
(-0.8588)
(1.7033)
G4(1.0669)
(-0.9381)
(0.4417)
A1(-1.9256)
(6.3803)
(9.1729)
A2(0.1628)
(9.5960)
(0.6129)
A3(5.6024)
(8.8298)
(-0.1676)
A4(7.4077)
(20.9636)
(2.0111)
G1(-0.1320)
(0.6247)
(-1.2654)
G2(0.4135)
(-0.6955)
(0.0287)
G3(-0.2852)
(-1.4851)
(1.6900)
G4(3.0469)
(-1.6192)
(0.7572)
A1(20.3050)
(11.1752)
(-0.4886)
A2(-1.4509)
(9.2703)
(0.8619)
A3(-15.5958)
(13.9678)
(3.3423)
A4(-4.6926)
(39.3128)
(11.0468)
G1(0.7817)
(-6.6179)
(0.4156)
G2(0.5768)
(-1.3734)
(0.3054)
G3(0.7497)
(0.5028)
(0.0926)
G4(3.9339)
(-5.2913)
(2.0359)
A1(-6.2797)
(6.0929)
(3.5255)
A2(-3.1651)
(7.9966)
(2.6145)
A3(8.9016)
(-1.7669)
(-6.8426)
A4(-5.5019)
(13.3309)
(-17.0802)
G1(-0.0239)
(-5.9107)
(-0.5369)
G2(0.3618)
(-0.8471)
(0.2677)
G3(-0.1213)
(3.8967)
(-1.5633)
G4(1.9172)
(1.5490)
(1.1973)
A1(2.0885)
(14.0540)
(1.3987)
A2(-0.0335)
(9.7492)
(6.6894)
A3(9.3087)
(15.1601)
(-7.1826)
A4(1.9441)
(20.0969)
(-25.2157)
G1(0.1995)
(-3.1778)
(-0.6513)
G2(-1.0813)
(-1.8379)
(0.3970)
G3(0.4385)
(-3.6599)
(2.2194)
G4(-1.4085)
(1.2531)
(2.9718)
A1(2.1651)
(10.0495)
(6.8689)
A2(-7.8530)
(20.9541)
(20.0107)
A3(5.9137)
(15.1601)
(0.5267)
A4(1.5945)
(7.0342)
(-14.6765)
G1(-0.7817)
(-1.5532)
(0.4001)
G2(-7.5677)
(-1.2765)
(1.5793)
G3(0.0325)
(-1.3228)
(-0.1751)
G4(-11.8416)
(2.6430)
(1.6911)
A1(2.9363)
(6.1265)
(2.6345)
A2(-0.1532)
(12.4882)
(2.7438)
A3(-2.1835)
(15.5049)
(1.7957)
A4(7.4364)
(7.6184)
(-7.7668)
G1(-1.1483)
(-3.0341)
(-0.2112)
G2(-6.0592)
(-4.7640)
(2.5839)
G3(0.7668)
(-0.5342)
(-0.1208)
G4(-12.3264)
(-1.0376)
(3.9217)
A1(1.4131)
(7.7215)
(4.2775)
A2(13.7762)
(21.5670)
(17.8224)
A3(1.8292)
(5.6120)
(-6.5505)
A4(-6.1387)
(26.4990)
(2.3798)
G1(-0.0756)
(-1.2111)
(-0.7364)
G2(-7.5512)
(-0.4432)
(4.3202)
G3(0.4161)
(-1.1621)
(0.7412)
G4(-9.8143)
(-0.3523)
(6.9446)
A1(2.6393)
(8.7801)
(2.8549)
A2(6.7421)
(9.5577)
(4.4436)
A3(-0.6656)
(7.0437)
(-5.7940)
A4(13.8912)
(26.2644)
(7.2544)
G1(0.0500)
(-3.9163)
(-1.5335)
G2(-5.9410)
(-1.2318)
(3.2922)
G3(0.2001)
(-1.0983)
(0.1815)
G4(-6.1023)
(4.1851)
(4.4554)
A1(-1.5520)
(9.0532)
(0.8383)
A2(1.3838)
(-5.0374)
(1.9872)
A3(1.6520)
(7.7093)
(-5.3822)
A4(-17.3197)
(-2.9113)
(-9.4858)
G1(-0.1410)
(0.9567)
(0.3017)
G2(-4.0515)
(1.1925)
(2.2210)
G3(0.7492)
(-2.2923)
(0.7311)
G4(-2.5291)
(5.1721)
(-2.8255)
A1(-2.3280)
(8.6843)
(-1.5137)
A2(5.0613)
(-7.3023)
(12.3924)
A3(1.0104)
(3.9840)
(-5.6168)
A4(3.9935)
(-7.8530)
(-13.9343)
G1(-0.5513)
(0.0591)
(-0.3374)
G2(-4.4575)
(1.4867)
(1.7459)
G3(0.3698)
(0.2841)
(-0.2613)
G4(2.0928)
(0.2288)
(-2.8729)
A1(-0.1150)
(10.5764)
(3.5303)
A2(1.6472)
(9.7875)
(-2.8874)
A3(-0.8667)
(6.1435)
(-10.0556)
A4(-2.6528)
(2.1691)
(-5.4636)
G1(-0.1735)
(0.7242)
(-0.4225)
G2(-3.6428)
(2.1694)
(0.4901)
G3(0.1538)
(0.8498)
(-0.2097)
G4(3.2948)
(-1.1260)
(-3.1560)
A1(3.6452)
(8.6029)
(4.1434)
A2(2.7964)
(-1.4796)
(2.5953)
A3(3.0933)
(-1.3216)
(-10.4722)
A4(2.0351)
(7.8195)
(1.4748)
G1(0.6008)
(0.9269)
(-0.4587)
G2(-1.5277)
(2.4898)
(-0.7865)
G3(0.3815)
(-0.7050)
(0.5827)
G4(4.3612)
(-1.1414)
(-3.9163)
A1(4.9864)
(8.9430)
(3.4201)
A2(3.4477)
(-0.9577)
(3.4764)
A3(1.5036)
(11.6215)
(-2.2553)
A4(3.1077)
(7.4603)
(2.4660)
G1(0.3826)
(0.7615)
(0.2980)
G2(1.0541)
(1.8278)
(-1.4681)
G3(-0.1293)
(0.8173)
(0.1729)
G4(4.2271)
(-2.1742)
(-2.7154)
A1(2.2130)
(11.4578)
(2.1938)
A2(0.6752)
(-4.2521)
(9.5098)
A3(-0.0096)
(25.5892)
(-8.9495)
A4(3.5961)
(9.5337)
(0.7422)
G1(0.3608)
(-0.8333)
(-0.1564)
G2(4.0270)
(0.5082)
(-2.0353)
G3(-0.3544)
(0.2836)
(0.9126)
G4(3.4210)
(-3.5614)
(-3.0543)
A1(2.9123)
(8.8759)
(4.4547)
A2(6.8235)
(-2.5043)
(11.9662)
A3(2.4948)
(-1.2785)
(-5.1619)
A4(12.8233)
(18.0762)
(-3.3040)
G1(0.4986)
(-0.5247)
(-0.7950)
G2(4.6874)
(-0.7732)
(-2.4179)
G3(-0.0506)
(0.7423)
(-0.5821)
G4(1.7065)
(-2.0795)
(-1.8784)
A1(1.1400)
(10.1884)
(2.0118)
A2(15.5479)
(-3.3615)
(11.7124)
A3(3.0358)
(9.7875)
(-7.2305)
A4(14.2168)
(14.7579)
(-2.4900)
G1(1.1706)
(-0.9509)
(-0.6598)
G2(3.7141)
(-3.2038)
(-3.2331)
G3(-0.0937)
(-0.4784)
(0.5475)
G4(0.9663)
(-2.4573)
(-1.7714)
