A1(-0.6850)
(10.3034)
(-1.4131)
A2(2.3463)
(8.5473)
(3.2896)
A3(1.3503)
(8.5665)
(-5.2816)
A4(6.2297)
(9.1698)
(-2.4708)
G1(0.4550)
(0.7098)
(-0.3070)
G2(-0.4645)
(0.2623)
(-0.0819)
G3(0.0798)
(0.1070)
(-0.1064)
G4(1.1573)
(1.3079)
(-0.6470)
A1(7.3719)
(12.6313)
(0.6850)
A2(3.6823)
(7.7093)
(4.6735)
A3(-0.1197)
(9.1411)
(-4.2856)
A4(-2.2601)
(4.8554)
(-5.9951)
G1(0.7333)
(1.5894)
(-0.7897)
G2(-0.6753)
(0.2629)
(0.2192)
G3(-0.0250)
(0.5284)
(-0.1990)
G4(1.5516)
(4.0217)
(-3.0501)
A1(1.4035)
(8.7418)
(-0.5365)
A2(5.2098)
(6.6272)
(5.4779)
A3(1.8004)
(8.4803)
(-3.9648)
A4(12.1721)
(2.4325)
(-3.0167)
G1(0.4055)
(0.8695)
(-0.3906)
G2(-1.3500)
(1.1244)
(0.8657)
G3(0.2043)
(0.5571)
(-0.3954)
G4(0.7710)
(4.1409)
(-1.4601)
A1(-3.2955)
(6.1648)
(12.0709)
A2(0.9337)
(7.4555)
(7.8865)
A3(-1.4940)
(13.8145)
(0.5602)
A4(-10.6638)
(3.0406)
(-7.4460)
G1(-3.0208)
(5.5840)
(-0.3911)
G2(-0.6896)
(2.2067)
(0.2437)
G3(1.3015)
(0.3773)
(-1.0977)
G4(-0.4049)
(-0.0777)
(-0.7125)
A1(5.7433)
(15.1988)
(1.1496)
A2(7.2927)
(9.6343)
(6.1244)
A3(10.1418)
(22.9173)
(5.4540)
A4(8.9447)
(8.7101)
(-5.4971)
G1(-7.6433)
(2.8713)
(-0.1703)
G2(0.2416)
(2.4977)
(-0.5752)
G3(2.5068)
(-0.0628)
(-1.5426)
G4(0.1176)
(-0.2410)
(-0.5215)
A1(-3.6788)
(21.2390)
(14.1641)
A2(-16.2758)
(15.3373)
(-0.1484)
A3(-1.8387)
(10.2472)
(-15.3085)
A4(-8.4084)
(12.1578)
(-4.5729)
G1(-9.3870)
(-0.0809)
(-6.5311)
G2(1.1802)
(0.1889)
(-0.8136)
G3(1.1244)
(0.9961)
(-1.4670)
G4(-0.4954)
(-0.5890)
(-0.1905)
A1(4.4739)
(15.6251)
(3.6308)
A2(2.2505)
(8.4946)
(4.1132)
A3(-1.0870)
(22.6635)
(-25.9484)
A4(0.7661)
(6.2106)
(-2.0782)
G1(-5.4903)
(0.1165)
(-2.4578)
G2(1.2489)
(5.9384)
(-0.1006)
G3(-5.8101)
(-4.7970)
(2.4083)
G4(0.0670)
(-0.4518)
(-0.1485)
A1(-10.6818)
(-6.5432)
(4.4308)
A2(2.1117)
(7.4603)
(3.7924)
A3(-6.3446)
(20.9588)
(-2.6001)
A4(-3.7110)
(10.1610)
(-6.0908)
G1(-5.2887)
(2.3801)
(-3.0900)
G2(1.1680)
(2.7867)
(0.0788)
G3(-14.7166)
(4.0414)
(2.9346)
G4(0.7109)
(0.0495)
(-0.1266)
A1(-12.9810)
(9.1921)
(-0.7616)
A2(-2.0590)
(5.0039)
(3.3662)
A3(19.5271)
(39.7629)
(2.1739)
A4(-4.6017)
(8.8346)
(-9.8019)
G1(-3.2214)
(-0.7157)
(1.4548)
G2(-0.3778)
(4.1813)
(-0.3528)
G3(-9.2705)
(0.5577)
(0.0772)
G4(0.5082)
(0.1772)
(-0.1086)
A1(5.3505)
(-7.9371)
(1.2358)
A2(0.3017)
(13.8145)
(7.5657)
A3(-1.7909)
(6.9097)
(-21.4664)
A4(-4.5203)
(1.1109)
(-10.6494)
G1(0.4555)
(0.0575)
(1.2733)
G2(0.1724)
(0.7928)
(-0.2421)
G3(-5.1892)
(0.0809)
(1.5772)
G4(-0.2160)
(1.2654)
(-0.7998)
A1(-2.1220)
(0.0958)
(4.0380)
A2(7.6040)
(12.3254)
(-2.5522)
A3(-3.5099)
(-6.0813)
(-22.1943)
A4(4.5777)
(8.3606)
(-6.2728)
G1(5.2759)
(-0.4193)
(2.4302)
G2(-0.7822)
(3.1070)
(1.1557)
G3(1.1244)
(-0.4129)
(1.4920)
G4(-0.8833)
(0.8344)
(-0.2091)
A1(-2.1890)
(-0.1868)
(8.7179)
A2(0.4118)
(10.1370)
(1.5658)
A3(2.0111)
(-1.2450)
(-15.3851)
A4(0.0958)
(7.3837)
(-5.4684)
G1(5.6431)
(-0.0958)
(2.9149)
G2(0.3480)
(0.0090)
(0.1357)
G3(4.0590)
(0.1070)
(1.0483)
G4(-0.7364)
(0.0234)
(-0.3464)
A1(-10.9740)
(3.2333)
(10.7728)
A2(0.6225)
(10.4148)
(2.3176)
A3(0.5171)
(17.6740)
(6.5170)
A4(0.8188)
(8.4898)
(-4.0606)
G1(4.5442)
(2.9617)
(3.8674)
G2(0.5635)
(-1.2196)
(-0.0803)
G3(6.2917)
(-0.5864)
(2.0593)
G4(-0.0415)
(0.4874)
(-0.2038)
A1(-3.1614)
(13.2349)
(9.6040)
A2(-1.3551)
(7.7381)
(6.9288)
A3(-5.0661)
(20.2502)
(10.7452)
A4(0.8380)
(7.9871)
(-5.4253)
G1(2.2503)
(-2.9942)
(3.2400)
G2(0.2597)
(-0.7971)
(0.2373)
G3(6.3667)
(3.8759)
(1.7203)
G4(0.2490)
(0.4001)
(-0.1681)
A1(-10.1980)
(8.8568)
(6.9791)
A2(-3.3375)
(9.7683)
(4.6400)
A3(-6.0861)
(15.1553)
(3.8164)
A4(-0.0383)
(8.3510)
(-4.8985)
G1(2.3855)
(-1.3893)
(1.6788)
G2(0.6486)
(-0.6811)
(0.2448)
G3(4.2936)
(2.9138)
(2.2168)
G4(0.3501)
(-0.1575)
(0.0357)
A1(-1.4849)
(10.0830)
(6.9599)
A2(1.2067)
(10.6494)
(3.0119)
A3(-10.0413)
(17.8129)
(8.9304)
A4(1.2210)
(8.9447)
(-6.4308)
G1(2.1721)
(-0.0910)
(0.8466)
G2(0.6572)
(0.5225)
(0.3118)
G3(1.1962)
(1.2600)
(0.9418)
G4(0.2442)
(0.7822)
(-0.0740)
A1(-4.0236)
(6.7156)
(3.2572)
A2(-0.0622)
(8.6814)
(2.0016)
A3(-7.5609)
(8.8202)
(0.7757)
A4(-1.1492)
(8.1211)
(-6.0382)
G1(2.3706)
(0.0463)
(0.3001)
G2(0.7434)
(-0.8242)
(0.1112)
G3(0.3416)
(1.4777)
(0.1006)
G4(0.3911)
(0.6800)
(-0.0458)
A1(-2.6297)
(7.8988)
(0.4119)
A2(-1.1301)
(9.7875)
(2.4134)
A3(4.4293)
(10.8936)
(1.4269)
A4(0.3017)
(7.5753)
(-7.6662)
G1(-1.2888)
(-0.4518)
(0.2634)
G2(0.8657)
(1.0105)
(0.1469)
G3(0.9690)
(1.5745)
(-0.1687)
G4(0.3597)
(0.3390)
(0.1793)
A1(2.1459)
(11.6063)
(1.4897)
A2(-0.7422)
(8.5425)
(0.7374)
A3(-11.1809)
(14.2359)
(11.0133)
A4(1.9585)
(7.9104)
(-8.0349)
G1(-1.0456)
(-0.1431)
(0.4326)
G2(0.6705)
(1.1275)
(0.2980)
G3(-1.4713)
(-0.1000)
(0.7178)
G4(0.2139)
(0.6162)
(0.1932)
A1(1.0730)
(9.5418)
(-1.3029)
A2(0.0670)
(9.6103)
(-0.7949)
A3(8.1594)
(10.7978)
(0.7374)
A4(1.0439)
(5.9807)
(-7.5705)
G1(0.8344)
(2.0843)
(-0.1501)
G2(0.3124)
(0.6513)
(0.3203)
G3(-0.4028)
(-0.9966)
(0.8237)
G4(0.0011)
(1.9922)
(-0.7019)
