A1(-0.4790)
(9.9537)
(-4.0907)
A2(8.3510)
(7.3119)
(3.9409)
A3(0.6943)
(7.4364)
(-7.2257)
A4(0.9146)
(6.2537)
(-2.7821)
G1(0.9328)
(2.2210)
(0.2081)
G2(-0.0021)
(0.4906)
(1.1637)
G3(-0.1852)
(2.1801)
(-1.5500)
G4(0.5598)
(4.9907)
(-4.3968)
A1(-1.2215)
(10.9261)
(-1.4179)
A2(3.9361)
(6.4739)
(9.7636)
A3(-6.3829)
(6.3877)
(-11.4922)
A4(10.5489)
(0.5890)
(-6.5122)
G1(3.8317)
(1.8986)
(-1.5373)
G2(-0.7301)
(1.7789)
(0.7561)
G3(-0.1639)
(1.7209)
(-1.6346)
G4(1.5027)
(3.5151)
(-2.7367)
A1(2.7734)
(13.0529)
(10.8734)
A2(1.4222)
(4.0127)
(2.9257)
A3(2.4038)
(8.9543)
(-5.8945)
A4(-0.4884)
(5.0470)
(-9.1219)
G1(-0.0835)
(4.2941)
(-0.8705)
G2(-0.3065)
(2.2131)
(1.0185)
G3(-0.2969)
(0.8381)
(-1.2787)
G4(-1.0328)
(-1.2638)
(-2.3189)
A1(12.4828)
(38.7131)
(-5.3169)
A2(12.1386)
(4.5203)
(4.2329)
A3(7.5082)
(35.0559)
(20.3316)
A4(-4.3287)
(-2.7725)
(-12.7755)
G1(-5.2184)
(5.0125)
(-2.0715)
G2(1.1196)
(3.0841)
(0.3219)
G3(2.9506)
(4.3234)
(-3.3869)
G4(0.0623)
(2.3104)
(-1.5053)
A1(-9.9585)
(27.7822)
(20.3960)
A2(0.9242)
(10.2855)
(11.5927)
A3(1.1492)
(35.6353)
(-1.8340)
A4(-8.5856)
(15.4713)
(-9.1746)
G1(-11.4617)
(1.2851)
(-5.6021)
G2(2.0401)
(-0.1112)
(-0.2261)
G3(5.3813)
(4.5352)
(-4.1505)
G4(-0.9700)
(-0.1208)
(0.2740)
A1(-5.5421)
(37.6353)
(5.5373)
A2(2.2984)
(14.9733)
(3.8068)
A3(23.1088)
(21.8830)
(-29.2763)
A4(2.0111)
(23.9851)
(3.6057)
G1(-10.0229)
(0.1187)
(-4.5432)
G2(1.8773)
(4.2745)
(0.5555)
G3(0.8083)
(1.9816)
(-1.1414)
G4(-0.1277)
(-0.7897)
(0.3927)
A1(3.8225)
(8.0425)
(-5.9732)
A2(-4.0031)
(20.9684)
(6.4931)
A3(1.8340)
(9.3757)
(-34.8213)
A4(0.3926)
(1.1827)
(-4.9656)
G1(-5.7734)
(-2.0050)
(-1.9928)
G2(2.5169)
(7.1825)
(-0.0862)
G3(-9.7499)
(-9.5466)
(0.9605)
G4(-0.2059)
(1.3228)
(-1.2760)
A1(3.1039)
(-5.8630)
(13.0816)
A2(7.2113)
(4.3670)
(1.8723)
A3(-40.8211)
(1.9632)
(-24.7321)
A4(4.8602)
(14.2694)
(-1.3886)
G1(-4.2399)
(1.8879)
(-1.1350)
G2(2.1402)
(2.3796)
(0.6566)
G3(-15.7287)
(0.8759)
(6.3178)
G4(0.2325)
(2.5557)
(-0.7263)
A1(19.8547)
(19.2033)
(6.6773)
A2(-3.8547)
(9.7013)
(5.1044)
A3(1.4557)
(40.3662)
(47.2999)
A4(-4.4341)
(10.4148)
(-7.5034)
G1(-6.5849)
(-6.0842)
(-1.2702)
G2(-0.0532)
(6.3742)
(-0.1038)
G3(-14.2255)
(1.9470)
(-2.6765)
G4(1.1808)
(1.7959)
(-0.3453)
A1(-8.0952)
(5.0583)
(-0.1677)
A2(5.4684)
(-2.5426)
(-2.4421)
A3(6.1435)
(33.9163)
(5.7461)
A4(-10.2663)
(8.2169)
(-5.9520)
G1(-2.8495)
(-0.5396)
(0.8147)
G2(-1.0525)
(2.3370)
(0.4432)
G3(-7.0462)
(-3.7642)
(0.0543)
G4(0.6125)
(0.9679)
(0.4502)
A1(3.4488)
(-6.0067)
(-1.6286)
A2(-8.9783)
(16.3907)
(9.4427)
A3(6.3925)
(1.2115)
(-37.1724)
A4(6.0094)
(-0.6464)
(-13.2112)
G1(-0.3453)
(-1.6208)
(2.8298)
G2(0.5864)
(4.9620)
(1.4378)
G3(-3.7578)
(4.0185)
(-0.7082)
G4(-0.1373)
(0.2267)
(0.5161)
A1(-3.4153)
(1.8154)
(-0.6514)
A2(-0.4597)
(12.4068)
(-1.1349)
A3(1.7621)
(3.3567)
(-21.5095)
A4(2.6719)
(9.2177)
(-7.5992)
G1(3.5300)
(-0.2480)
(3.1389)
G2(-0.6236)
(3.5992)
(0.7439)
G3(-2.9309)
(-4.4133)
(4.6996)
G4(-1.0429)
(-1.2702)
(-0.0665)
A1(-5.2355)
(0.0958)
(7.8221)
A2(-0.1676)
(9.2656)
(2.4038)
A3(4.9608)
(3.3662)
(-12.1290)
A4(-3.2513)
(8.3031)
(-1.3408)
G1(4.6358)
(0.0261)
(3.5918)
G2(1.0456)
(-2.3493)
(1.3079)
G3(4.5544)
(0.7838)
(3.1602)
G4(-0.5502)
(0.2171)
(-0.2022)
A1(-6.5288)
(2.8597)
(10.4088)
A2(5.9376)
(11.3772)
(3.3758)
A3(-2.1691)
(17.4872)
(0.0527)
A4(-6.9863)
(-0.2107)
(-9.1554)
G1(4.9348)
(1.4904)
(3.9978)
G2(-0.5614)
(-0.0798)
(-0.5018)
G3(5.6883)
(-0.0803)
(3.5832)
G4(0.0862)
(2.9053)
(-1.2925)
A1(-17.0190)
(5.0487)
(8.5694)
A2(-0.3879)
(7.7859)
(3.5291)
A3(-2.8730)
(10.6590)
(-0.4741)
A4(5.3822)
(23.8367)
(0.8667)
G1(2.8670)
(2.1513)
(4.0132)
G2(-0.4044)
(0.2309)
(1.0185)
G3(6.5242)
(0.8679)
(2.6983)
G4(-0.0165)
(-0.7088)
(-0.1293)
A1(-0.1820)
(7.0174)
(5.7816)
A2(0.3735)
(7.9248)
(2.9688)
A3(-6.7947)
(23.1519)
(6.7804)
A4(-1.2258)
(1.2833)
(-4.5538)
G1(1.9864)
(-0.0612)
(4.2862)
G2(0.0000)
(-0.2240)
(1.3707)
G3(6.3806)
(2.9048)
(2.1572)
G4(0.0660)
(-0.3517)
(-0.0947)
A1(-10.7009)
(14.9258)
(10.2986)
A2(-6.0094)
(8.6000)
(5.3295)
A3(-4.6160)
(19.5127)
(3.1125)
A4(1.2354)
(10.4483)
(-7.3981)
G1(3.0703)
(0.1676)
(1.7453)
G2(1.1148)
(0.3315)
(0.4204)
G3(6.2486)
(2.8394)
(2.6611)
G4(0.2698)
(1.0866)
(-0.2416)
A1(-5.6235)
(10.1645)
(3.0752)
A2(-5.1571)
(5.7940)
(0.0670)
A3(-13.4123)
(24.4209)
(8.9064)
A4(-0.3112)
(10.3190)
(-4.0654)
G1(0.6992)
(-2.3301)
(1.5208)
G2(0.5550)
(0.0085)
(0.0835)
G3(1.6139)
(1.5623)
(0.7061)
G4(0.4502)
(-0.0644)
(0.4182)
A1(-5.5085)
(7.5874)
(4.2296)
A2(6.8666)
(16.0172)
(3.7206)
A3(-9.4332)
(16.4051)
(0.2538)
A4(-2.9592)
(4.2521)
(-8.5904)
G1(1.7874)
(-1.0999)
(0.2740)
G2(1.0605)
(1.1919)
(1.1547)
G3(1.4277)
(1.1643)
(0.3390)
G4(0.2458)
(1.6900)
(-0.3411)
A1(-5.1780)
(8.7754)
(2.5148)
A2(1.1157)
(10.1514)
(4.2329)
A3(-6.0047)
(10.1131)
(-3.6583)
A4(-0.2203)
(9.5241)
(-6.4117)
G1(1.7794)
(0.1155)
(-0.4315)
G2(1.1802)
(-0.5933)
(0.1171)
G3(0.6194)
(-0.7082)
(0.3560)
G4(0.0835)
(0.2985)
(0.4832)
