A1(4.2392)
(9.7669)
(0.1629)
A2(13.5655)
(5.6695)
(8.8346)
A3(2.2410)
(7.6184)
(-7.6998)
A4(9.9934)
(-5.2864)
(-7.4172)
G1(1.7778)
(3.3294)
(-0.1873)
G2(-1.1919)
(1.0286)
(0.5992)
G3(-0.0319)
(1.5410)
(-1.2063)
G4(2.2902)
(2.9234)
(-2.2397)
A1(-1.0251)
(10.8638)
(3.8704)
A2(1.2785)
(5.7796)
(3.2944)
A3(-1.3838)
(7.1682)
(-7.2975)
A4(0.8523)
(17.5064)
(-14.5376)
G1(1.6192)
(3.1129)
(-1.2946)
G2(-0.6433)
(-1.4181)
(0.4491)
G3(-0.1761)
(0.8136)
(-1.0695)
G4(0.6396)
(1.6607)
(0.9168)
A1(14.3510)
(33.6883)
(-5.5708)
A2(9.0261)
(7.5034)
(5.0566)
A3(-0.0192)
(28.2276)
(20.4704)
A4(7.6279)
(11.0756)
(-16.1609)
G1(-6.7041)
(4.6730)
(-0.5917)
G2(0.2293)
(4.4086)
(-0.2182)
G3(2.9213)
(3.9616)
(-3.5396)
G4(-0.7050)
(3.1602)
(-1.5288)
A1(-7.7407)
(35.1397)
(19.9649)
A2(11.2336)
(9.5050)
(11.6646)
A3(-3.3902)
(36.0758)
(2.5474)
A4(-9.3374)
(7.9535)
(-8.3462)
G1(-10.2794)
(3.3704)
(-6.8451)
G2(1.7198)
(0.0745)
(-0.3092)
G3(5.4339)
(6.1581)
(-4.2282)
G4(-0.6045)
(0.7418)
(-0.5406)
A1(0.9724)
(8.8616)
(-7.6114)
A2(3.0119)
(13.9055)
(10.6973)
A3(17.6070)
(-0.3687)
(-36.3775)
A4(2.8491)
(0.0192)
(-2.4852)
G1(-5.9868)
(-0.6236)
(-2.3738)
G2(2.4451)
(11.0163)
(0.3352)
G3(-9.4450)
(-6.2316)
(1.7373)
G4(-0.2187)
(0.0819)
(-0.1495)
A1(5.6475)
(-4.7182)
(10.4710)
A2(6.3829)
(7.6854)
(0.9146)
A3(-26.3219)
(19.1680)
(-3.4237)
A4(2.1500)
(8.2887)
(-2.2410)
G1(-4.8316)
(-0.4518)
(-1.7288)
G2(1.6038)
(2.7947)
(0.9206)
G3(-14.2127)
(-4.0701)
(7.0468)
G4(0.3954)
(1.6889)
(-0.7678)
A1(-2.3519)
(10.8734)
(12.0086)
A2(-6.3686)
(5.9759)
(6.1675)
A3(-5.6647)
(25.6467)
(2.8826)
A4(-2.2218)
(10.6303)
(-4.0893)
G1(-7.6097)
(0.3544)
(-0.2900)
G2(0.4784)
(5.9671)
(-0.8519)
G3(-17.3692)
(3.6615)
(-3.5689)
G4(1.0429)
(1.3042)
(-0.2363)
A1(-10.9069)
(10.5908)
(-4.0907)
A2(9.7683)
(0.6464)
(-1.5897)
A3(9.4858)
(26.9156)
(-12.3158)
A4(-7.4268)
(10.9271)
(-8.8729)
G1(-2.1428)
(0.0734)
(1.4750)
G2(-0.5422)
(2.9160)
(1.1882)
G3(-7.7247)
(-2.7750)
(-0.1298)
G4(0.7173)
(1.5804)
(-0.1681)
A1(8.5358)
(-11.9607)
(0.3880)
A2(-7.3406)
(16.4482)
(9.1171)
A3(-2.7485)
(7.5417)
(-30.8756)
A4(1.9201)
(-12.0237)
(-15.4234)
G1(0.6236)
(-0.1639)
(1.7437)
G2(0.6646)
(-0.1788)
(0.9088)
G3(-2.3296)
(2.0438)
(-0.0745)
G4(0.0255)
(-0.2719)
(1.0653)
A1(-1.0059)
(-0.7520)
(1.8394)
A2(20.2262)
(12.8425)
(-4.0462)
A3(-8.0876)
(-3.3854)
(-15.9789)
A4(-4.5346)
(3.6775)
(-9.3613)
G1(4.4532)
(0.5954)
(2.5068)
G2(-1.2228)
(1.6767)
(-1.0834)
G3(2.6542)
(0.9780)
(1.2776)
G4(-0.2661)
(0.5130)
(-0.8237)
A1(-1.5184)
(-0.7472)
(6.1073)
A2(0.2586)
(10.6303)
(-3.2178)
A3(4.7166)
(-1.0295)
(-11.9902)
A4(8.2887)
(5.1571)
(3.1939)
G1(4.0967)
(0.4464)
(3.1650)
G2(1.7065)
(-2.6217)
(0.4129)
G3(5.0998)
(0.7450)
(2.0869)
G4(-1.3713)
(2.9367)
(-1.0014)
A1(-10.1070)
(4.5793)
(11.6398)
A2(-0.7135)
(11.1666)
(2.3032)
A3(1.9824)
(13.7667)
(-0.0910)
A4(-1.0678)
(-10.7978)
(-9.5768)
G1(3.6386)
(0.7705)
(4.0504)
G2(0.6476)
(0.7774)
(0.0527)
G3(7.8082)
(0.8578)
(2.2466)
G4(1.9853)
(2.6377)
(0.1575)
A1(-10.4854)
(2.0645)
(13.4313)
A2(6.2058)
(5.4779)
(0.7566)
A3(-0.5076)
(19.6420)
(1.4892)
A4(16.3668)
(17.0467)
(-9.3230)
G1(3.1432)
(1.7719)
(5.3541)
G2(0.9977)
(0.3688)
(1.7288)
G3(7.2511)
(1.3989)
(1.7783)
G4(0.7231)
(3.6333)
(-0.2618)
A1(-8.2676)
(12.3391)
(6.5097)
A2(-6.1196)
(17.7171)
(26.4607)
A3(-5.6072)
(18.7131)
(4.0270)
A4(1.2641)
(4.4819)
(-7.3981)
G1(2.4679)
(-1.0057)
(3.7189)
G2(-0.9328)
(-3.1826)
(-0.3842)
G3(6.0161)
(2.9516)
(1.0291)
G4(0.1884)
(1.0536)
(-0.6024)
A1(-8.7610)
(5.4559)
(6.1696)
A2(12.0572)
(23.6068)
(12.9574)
A3(-13.3644)
(19.1871)
(0.2490)
A4(-1.1444)
(7.0820)
(-4.9081)
G1(1.5852)
(0.2224)
(1.0392)
G2(-0.3390)
(-3.4901)
(1.1988)
G3(1.6091)
(2.3440)
(0.7231)
G4(-0.2123)
(-0.6699)
(0.6258)
A1(-4.7517)
(9.1298)
(2.3998)
A2(-6.2537)
(4.2042)
(1.2737)
A3(-8.6335)
(19.3212)
(2.8108)
A4(-0.8236)
(8.8538)
(-6.1100)
G1(2.6473)
(-0.1117)
(0.6917)
G2(1.1818)
(2.5110)
(0.8152)
G3(0.5715)
(1.8411)
(-0.2719)
G4(0.0298)
(0.1868)
(0.4975)
A1(-1.0730)
(13.5127)
(7.4725)
A2(-3.9935)
(5.7940)
(1.4413)
A3(-4.7453)
(10.6303)
(0.9098)
A4(-0.8859)
(9.5864)
(-6.6224)
G1(-1.5798)
(2.3280)
(0.4512)
G2(1.6788)
(-0.8466)
(0.1868)
G3(-0.3347)
(3.2991)
(-1.4186)
G4(0.5028)
(1.3494)
(0.3400)
A1(6.4139)
(7.7503)
(0.2299)
A2(-1.3455)
(10.2472)
(2.1644)
A3(5.6599)
(8.6766)
(2.4134)
A4(3.1891)
(5.3343)
(-5.4061)
G1(-1.0355)
(-4.2058)
(0.2006)
G2(1.1323)
(0.5305)
(0.1634)
G3(-0.3826)
(1.1196)
(0.3001)
G4(0.3294)
(-0.0905)
(0.3661)
A1(6.3851)
(9.3454)
(14.9449)
A2(-0.0287)
(8.9735)
(0.5315)
A3(-0.5411)
(2.1500)
(-17.2861)
A4(5.0757)
(5.5833)
(-8.9926)
G1(2.0540)
(5.2770)
(-1.3516)
G2(0.7556)
(1.0690)
(0.9078)
G3(0.6960)
(1.9028)
(0.1219)
G4(0.4007)
(1.5559)
(-0.1575)
A1(1.8394)
(11.1608)
(5.4606)
A2(4.3096)
(10.4387)
(-3.9887)
A3(1.0247)
(7.4460)
(-2.4565)
A4(-0.0048)
(5.5545)
(-6.0717)
G1(1.0323)
(3.1182)
(-0.2820)
G2(0.6848)
(-0.3943)
(0.1612)
G3(0.2176)
(0.1793)
(0.6396)
G4(0.5970)
(2.2306)
(-0.7263)
