A1(-0.4359)
(7.2282)
(6.5049)
A2(1.2737)
(9.1506)
(0.3304)
A3(0.0527)
(7.4555)
(-1.9249)
A4(2.3128)
(11.8513)
(0.4405)
G1(1.3244)
(-0.2086)
(0.2543)
G2(0.5784)
(-1.0174)
(0.1623)
G3(1.1898)
(-0.1506)
(0.5619)
G4(0.9206)
(-0.6694)
(0.4895)
A1(0.3976)
(13.4313)
(4.3398)
A2(-3.2896)
(9.1315)
(0.7326)
A3(-13.8529)
(27.6243)
(-11.3102)
A4(7.7333)
(32.6234)
(7.4316)
G1(2.0550)
(-7.7273)
(0.3778)
G2(0.6556)
(-0.3150)
(0.0788)
G3(2.2184)
(-1.4101)
(0.4150)
G4(4.4830)
(-3.0708)
(1.6256)
A1(1.6190)
(15.4910)
(2.8836)
A2(-1.6137)
(9.3948)
(1.6233)
A3(5.0566)
(4.8363)
(-7.8673)
A4(3.6392)
(16.8648)
(-18.9525)
G1(1.3026)
(-4.3947)
(-0.4512)
G2(0.6827)
(-0.4640)
(0.4603)
G3(-1.0046)
(0.7434)
(-0.7317)
G4(1.6793)
(-1.4356)
(3.2166)
A1(4.2823)
(7.6018)
(4.3110)
A2(5.9664)
(2.1835)
(8.7436)
A3(9.0932)
(12.4211)
(-4.9560)
A4(3.9456)
(9.8258)
(-35.0367)
G1(-0.1953)
(0.7923)
(-0.4294)
G2(-4.6948)
(-4.4490)
(0.7327)
G3(-0.5353)
(-1.7224)
(0.8131)
G4(-8.7506)
(7.7082)
(0.0043)
A1(1.9016)
(7.6257)
(-0.4215)
A2(7.1539)
(13.5272)
(6.2728)
A3(0.6943)
(4.4819)
(-6.0525)
A4(3.0311)
(15.5240)
(-11.5736)
G1(0.0048)
(-1.8831)
(0.1091)
G2(-4.9481)
(-1.5618)
(5.1743)
G3(0.2613)
(-0.0495)
(0.0670)
G4(-12.8835)
(-1.7943)
(8.1913)
A1(-2.0980)
(18.7961)
(0.4455)
A2(-0.1820)
(13.8385)
(1.1684)
A3(0.6033)
(7.0533)
(-3.7397)
A4(-10.7260)
(20.5853)
(-10.4148)
G1(-1.6629)
(-3.8871)
(-0.8642)
G2(-3.9440)
(-0.5757)
(4.6821)
G3(0.0958)
(-1.2893)
(0.7407)
G4(-2.6169)
(0.2011)
(3.9701)
A1(-10.2555)
(6.7252)
(-0.0719)
A2(-1.2019)
(-1.4988)
(6.2441)
A3(0.6177)
(8.3366)
(-5.2481)
A4(-34.6249)
(-5.6886)
(-19.7665)
G1(-0.3129)
(-0.3698)
(-0.3986)
G2(-5.8692)
(1.1978)
(2.5297)
G3(0.2724)
(-2.2939)
(1.0930)
G4(-3.0181)
(3.1123)
(1.1196)
A1(-0.8957)
(9.2687)
(0.4455)
A2(6.1531)
(4.2234)
(16.1321)
A3(5.7365)
(2.0877)
(-5.6743)
A4(-6.8953)
(-7.5034)
(-12.6079)
G1(0.2772)
(-0.1628)
(-0.2559)
G2(-9.5418)
(-1.0839)
(1.5671)
G3(0.3496)
(0.8753)
(-0.8679)
G4(2.9852)
(-1.7379)
(-2.9410)
A1(1.9687)
(9.5849)
(2.4956)
A2(2.6719)
(-5.9233)
(5.8275)
A3(0.0575)
(5.4061)
(-3.0789)
A4(5.8323)
(11.0421)
(0.8619)
G1(0.4550)
(0.6859)
(-0.9009)
G2(-0.6008)
(1.0041)
(-0.9312)
G3(0.2107)
(-0.1884)
(0.5396)
G4(4.6544)
(-1.2334)
(-4.0813)
A1(4.3062)
(9.4843)
(3.5207)
A2(1.3886)
(-0.1532)
(5.5689)
A3(7.4460)
(11.4634)
(-7.0868)
A4(3.6392)
(16.0699)
(-0.1053)
G1(-0.1554)
(1.4415)
(-0.0309)
G2(4.1691)
(1.2654)
(-2.7984)
G3(0.7061)
(-1.7900)
(0.8477)
G4(4.1590)
(-4.2894)
(-2.8926)
A1(2.8740)
(9.6040)
(1.4179)
A2(4.1180)
(-1.9249)
(8.4372)
A3(-1.5323)
(21.8878)
(-1.8340)
A4(10.4100)
(11.5448)
(-3.1268)
G1(0.7168)
(-1.6629)
(-0.4214)
G2(3.7817)
(1.0632)
(-2.4733)
G3(-0.2070)
(0.4273)
(0.2128)
G4(2.0135)
(-4.0153)
(-2.5909)
A1(1.1304)
(9.1298)
(2.8405)
A2(14.9350)
(-1.8004)
(10.9032)
A3(-0.2155)
(15.1314)
(-6.9911)
A4(12.3684)
(17.2574)
(-2.9257)
G1(-0.0160)
(-0.5428)
(-0.2996)
G2(3.2847)
(-3.1607)
(-4.2904)
G3(0.0420)
(-0.1293)
(0.7913)
G4(-0.3906)
(-0.0803)
(-2.0763)
A1(1.7963)
(8.7131)
(1.7053)
A2(6.7373)
(7.8865)
(9.9264)
A3(6.9671)
(3.7397)
(-5.9664)
A4(8.9783)
(10.7404)
(0.3496)
G1(1.1568)
(0.5912)
(-0.7822)
G2(2.3322)
(0.4156)
(-4.3846)
G3(0.2815)
(-0.2230)
(-0.0761)
G4(0.9706)
(0.3033)
(-1.1600)
A1(2.7830)
(9.5465)
(-1.7340)
A2(6.4835)
(8.3414)
(7.1491)
A3(1.9106)
(6.7469)
(-5.3439)
A4(0.9481)
(12.1242)
(2.2218)
G1(0.9945)
(0.5497)
(-0.6971)
G2(1.8906)
(1.6150)
(-1.4883)
G3(0.1006)
(0.0474)
(-0.1878)
G4(-0.0394)
(0.3006)
(0.0686)
A1(-0.3161)
(9.6711)
(-1.8106)
A2(9.5577)
(10.8888)
(8.1930)
A3(2.6097)
(9.2943)
(-5.1763)
A4(-0.8188)
(11.7220)
(-1.4557)
G1(0.2506)
(0.7088)
(-0.7950)
G2(2.8963)
(1.3000)
(-0.7982)
G3(0.2075)
(-0.4012)
(-0.0223)
G4(0.5007)
(1.6809)
(-1.5149)
A1(-2.0070)
(8.3730)
(0.8862)
A2(3.5865)
(12.6174)
(4.1755)
A3(-0.1101)
(9.8593)
(-6.0621)
A4(-0.5602)
(8.7197)
(-1.7095)
G1(-0.6678)
(0.2086)
(-0.0601)
G2(0.7529)
(0.0484)
(-0.3826)
G3(0.5523)
(0.1075)
(-0.4566)
G4(-0.0654)
(-1.6990)
(0.1389)
A1(-3.2620)
(9.9968)
(-1.5759)
A2(1.6759)
(7.7716)
(3.6009)
A3(0.5746)
(6.0334)
(-7.3167)
A4(2.7150)
(9.3948)
(-0.7326)
G1(-0.4475)
(-0.3108)
(-0.3374)
G2(-0.3943)
(1.5128)
(-0.6194)
G3(0.7056)
(-0.5901)
(-0.1096)
G4(0.2442)
(0.0612)
(-0.4773)
A1(-2.4956)
(8.5550)
(-0.5844)
A2(-0.4980)
(9.0884)
(3.5530)
A3(1.3168)
(4.5442)
(-7.9871)
A4(2.0782)
(9.7252)
(-0.6560)
G1(-0.2368)
(0.3331)
(-0.1830)
G2(0.4103)
(-0.8913)
(-0.4890)
G3(0.2528)
(-0.3688)
(-0.3358)
G4(0.1846)
(0.1719)
(-0.4661)
A1(-2.1076)
(9.1346)
(0.0814)
A2(-1.3551)
(8.4515)
(1.7286)
A3(0.4022)
(4.4341)
(-8.0254)
A4(2.2936)
(9.7013)
(-2.6528)
G1(-0.0899)
(0.5619)
(0.2033)
G2(0.7620)
(0.6747)
(-0.4864)
G3(0.1064)
(0.0335)
(-0.5401)
G4(0.2469)
(-0.5917)
(-0.3608)
A1(-3.3387)
(10.3225)
(1.0011)
A2(0.8763)
(9.5050)
(1.3838)
A3(0.4357)
(5.2337)
(-8.2504)
A4(-0.4214)
(9.6391)
(-2.6624)
G1(0.4725)
(0.3938)
(-0.2123)
G2(0.1405)
(0.1352)
(-0.4060)
G3(0.1309)
(0.4182)
(-0.3076)
G4(0.1203)
(-0.0404)
(-0.2235)
