A1(0.3784)
(7.0174)
(7.1467)
A2(-0.0718)
(9.5002)
(-0.5076)
A3(2.9305)
(8.6048)
(-1.4413)
A4(0.6081)
(9.7013)
(-3.6105)
G1(-0.2059)
(-0.6779)
(-0.1383)
G2(0.2602)
(-0.4842)
(0.0575)
G3(-0.0750)
(-1.2819)
(1.4160)
G4(0.6103)
(-0.1548)
(0.1415)
A1(-1.3747)
(9.7094)
(10.0447)
A2(-0.1867)
(9.2656)
(-0.6273)
A3(0.7518)
(7.3550)
(-1.6855)
A4(4.3814)
(13.0149)
(-2.0590)
G1(0.9222)
(-0.6891)
(-0.3900)
G2(0.1224)
(-0.5140)
(0.1995)
G3(0.6268)
(0.0138)
(1.0360)
G4(1.6229)
(-0.5028)
(0.4720)
A1(7.7599)
(9.4364)
(3.1854)
A2(-1.3072)
(9.7013)
(0.5315)
A3(6.5362)
(7.7141)
(-1.1444)
A4(-2.8539)
(33.1788)
(4.8315)
G1(1.4378)
(-6.1927)
(-0.0314)
G2(0.0122)
(-0.6721)
(0.1884)
G3(0.6572)
(1.5953)
(-0.3310)
G4(3.4869)
(-1.9300)
(1.2627)
A1(1.7579)
(9.2112)
(0.7664)
A2(-1.8579)
(10.9367)
(4.3431)
A3(5.0135)
(8.2217)
(-7.4795)
A4(-3.8116)
(22.3187)
(-21.9692)
G1(-0.5646)
(0.0511)
(0.2474)
G2(-1.0983)
(-0.9786)
(0.8657)
G3(0.0282)
(-0.4188)
(0.5736)
G4(-4.2989)
(1.2106)
(0.0692)
A1(2.8692)
(6.9072)
(2.6920)
A2(2.8730)
(10.7260)
(9.7779)
A3(3.5243)
(12.9335)
(1.1492)
A4(2.8874)
(10.0269)
(-9.7205)
G1(-1.3223)
(-2.9963)
(0.1958)
G2(-8.2807)
(-2.4036)
(0.4103)
G3(0.1815)
(-0.6391)
(0.4454)
G4(-11.9071)
(1.2233)
(2.2482)
A1(12.6505)
(10.3513)
(6.5624)
A2(3.5626)
(10.6494)
(5.3870)
A3(2.6863)
(4.8363)
(-4.1132)
A4(4.6639)
(16.0507)
(-7.8626)
G1(-0.5960)
(-3.0410)
(-1.2260)
G2(-5.1955)
(-1.3739)
(1.7086)
G3(-0.2469)
(-2.5004)
(0.9051)
G4(-4.8417)
(2.9639)
(2.7053)
A1(-2.9363)
(8.5837)
(0.6227)
A2(0.5267)
(-13.1346)
(6.5936)
A3(4.7645)
(4.2186)
(-6.5266)
A4(-12.2392)
(-5.5737)
(-14.5520)
G1(0.3219)
(1.1691)
(-0.3379)
G2(-4.2830)
(-1.5862)
(3.2241)
G3(0.4832)
(-1.7129)
(0.3688)
G4(-1.1217)
(2.7750)
(-0.9626)
A1(1.6430)
(10.0878)
(3.5207)
A2(8.4994)
(7.9344)
(-3.0311)
A3(6.6559)
(10.8409)
(-4.2808)
A4(-1.1013)
(2.9257)
(-5.0422)
G1(0.6588)
(0.7428)
(-0.3927)
G2(-3.0538)
(1.0632)
(-0.1745)
G3(0.7726)
(2.1636)
(-1.2191)
G4(3.9898)
(-0.9472)
(-3.4880)
A1(5.8917)
(10.0351)
(4.5553)
A2(1.2498)
(-2.6384)
(3.8642)
A3(0.7853)
(6.6894)
(-8.9112)
A4(6.8283)
(11.3964)
(2.5379)
G1(0.5683)
(-0.0431)
(-0.5704)
G2(1.5415)
(1.3191)
(-1.3893)
G3(0.1474)
(1.1871)
(0.0516)
G4(4.2734)
(-2.0939)
(-3.1985)
A1(1.6095)
(10.2890)
(3.0560)
A2(1.9728)
(-0.6608)
(8.0445)
A3(3.5769)
(13.9295)
(-4.7788)
A4(8.0014)
(14.5041)
(1.0918)
G1(0.6902)
(0.1006)
(-0.2650)
G2(4.4133)
(0.2549)
(-2.2567)
G3(0.1623)
(-1.3223)
(0.7247)
G4(2.3285)
(-3.7078)
(-2.8814)
A1(-0.2347)
(11.2518)
(3.9326)
A2(12.9478)
(-1.6999)
(10.9223)
A3(3.1125)
(7.0725)
(-9.3661)
A4(13.2974)
(13.6757)
(1.6999)
G1(1.1951)
(1.7443)
(-0.6987)
G2(3.8477)
(-2.9766)
(-3.4726)
G3(0.0495)
(-0.8966)
(1.0366)
G4(1.2020)
(-1.4250)
(-1.6618)
A1(2.3088)
(13.3594)
(10.9069)
A2(5.0853)
(4.6831)
(9.0932)
A3(5.0087)
(10.5728)
(-5.4061)
A4(10.6877)
(10.3765)
(0.1437)
G1(1.0451)
(1.5426)
(-0.9993)
G2(2.0949)
(0.3496)
(-3.4092)
G3(-0.1192)
(0.4762)
(-0.1777)
G4(-0.6891)
(0.4177)
(-0.9615)
A1(2.0980)
(8.2628)
(0.3066)
A2(9.1602)
(10.8888)
(5.1236)
A3(1.2641)
(7.1730)
(-6.9192)
A4(8.0349)
(9.0309)
(0.7853)
G1(1.3329)
(0.3709)
(-0.7950)
G2(2.0720)
(-0.1373)
(-1.4670)
G3(-0.0234)
(0.0426)
(-0.0729)
G4(0.3661)
(-0.1016)
(-0.0447)
A1(0.8478)
(9.5705)
(-1.5855)
A2(5.6790)
(6.0621)
(8.3653)
A3(2.2889)
(8.1882)
(-5.5641)
A4(2.7485)
(9.4858)
(2.3750)
G1(0.8796)
(-0.4869)
(-0.5832)
G2(1.3718)
(0.7418)
(-0.8157)
G3(-0.2075)
(-0.3108)
(-0.1208)
G4(-0.1623)
(-0.9626)
(0.4981)
A1(0.0814)
(9.2448)
(0.5269)
A2(5.2720)
(8.4324)
(5.2385)
A3(2.5905)
(7.7859)
(-4.9368)
A4(2.1404)
(7.7189)
(-2.3798)
G1(0.4454)
(-1.3899)
(-0.8594)
G2(1.2978)
(0.2320)
(-0.2341)
G3(0.0112)
(-0.3124)
(-0.2097)
G4(0.4374)
(-0.5678)
(-0.6492)
A1(-4.2152)
(5.2355)
(-1.1640)
A2(2.3032)
(8.3941)
(3.9313)
A3(0.5028)
(8.1642)
(-6.1531)
A4(3.5721)
(9.9216)
(-4.0079)
G1(0.0548)
(-2.1747)
(-0.3693)
G2(0.5497)
(-0.2432)
(-1.0382)
G3(0.5837)
(-0.8498)
(0.3166)
G4(-0.0192)
(0.1767)
(-0.4656)
A1(-3.3291)
(9.2304)
(0.7472)
A2(0.4645)
(4.6974)
(2.0016)
A3(1.8292)
(6.0573)
(-6.7564)
A4(1.1636)
(9.6103)
(-1.1971)
G1(0.0138)
(-2.1625)
(0.3235)
G2(0.1921)
(-1.6006)
(-0.4310)
G3(-0.1107)
(-1.6261)
(0.8764)
G4(-0.2075)
(-0.1250)
(-0.2543)
A1(-2.9650)
(8.4065)
(-1.5999)
A2(1.0151)
(8.7293)
(-1.0534)
A3(1.2402)
(4.7788)
(-5.9185)
A4(-0.5842)
(9.7683)
(-1.7047)
G1(0.6737)
(-0.6566)
(0.1937)
G2(0.8242)
(-0.7460)
(-0.1538)
G3(-1.2239)
(-1.6682)
(1.0908)
G4(-0.2150)
(-0.6093)
(0.1000)
A1(-3.0800)
(9.3070)
(2.6154)
A2(1.3743)
(8.7819)
(0.6033)
A3(1.6041)
(6.7133)
(-10.4100)
A4(0.9529)
(9.2943)
(-1.4030)
G1(0.5204)
(-0.0899)
(-0.7646)
G2(0.2043)
(-1.2707)
(-0.0596)
G3(-0.3810)
(-0.3320)
(0.3837)
G4(-0.0415)
(0.0750)
(0.0803)
A1(-1.6190)
(7.9036)
(-1.9879)
A2(0.3974)
(8.8873)
(1.6807)
A3(5.8083)
(6.4356)
(-4.3287)
A4(3.9265)
(8.8394)
(-2.5570)
G1(1.6426)
(1.3532)
(-0.1373)
G2(-0.1330)
(-0.6130)
(-0.1410)
G3(-0.3507)
(0.5603)
(-0.3741)
G4(0.0176)
(0.2826)
(0.1048)
