A1(2.0262)
(10.0543)
(-0.1006)
A2(3.6679)
(8.3701)
(3.3088)
A3(-2.3032)
(7.1251)
(-8.1834)
A4(-4.2760)
(8.4803)
(-1.2929)
G1(1.3478)
(1.2435)
(-0.5247)
G2(-0.3124)
(0.1820)
(0.1282)
G3(-0.2405)
(0.5960)
(-0.2219)
G4(0.7114)
(2.1311)
(-2.2716)
A1(2.6728)
(8.0425)
(-0.5844)
A2(3.1029)
(8.3318)
(2.5857)
A3(-0.0192)
(8.6335)
(-5.6455)
A4(-0.0622)
(7.6040)
(-1.9489)
G1(0.5827)
(1.6304)
(-0.3650)
G2(-0.6364)
(0.9727)
(0.4081)
G3(-0.4214)
(0.8822)
(-0.2458)
G4(1.5527)
(3.0134)
(-2.2152)
A1(3.5494)
(11.2853)
(-0.3976)
A2(3.0789)
(5.9759)
(7.6902)
A3(2.2362)
(9.6917)
(-3.2992)
A4(6.7708)
(0.1197)
(-4.1180)
G1(1.7379)
(1.5288)
(-0.9126)
G2(-1.1845)
(2.7941)
(1.4181)
G3(0.2251)
(0.7689)
(-0.5300)
G4(1.5181)
(0.1006)
(-1.6203)
A1(-1.4610)
(8.9717)
(4.3015)
A2(0.4932)
(4.7453)
(4.3479)
A3(-1.0534)
(11.2049)
(-4.7645)
A4(-6.6319)
(22.7641)
(-10.3717)
G1(-0.8354)
(1.7203)
(-1.2435)
G2(-0.4337)
(1.6570)
(0.6784)
G3(0.2634)
(0.2251)
(-0.6694)
G4(-0.0064)
(-2.4264)
(0.5603)
A1(-9.1154)
(3.0752)
(13.4935)
A2(5.9185)
(8.1403)
(8.5425)
A3(-4.1084)
(15.1553)
(1.0008)
A4(-1.0918)
(-9.6726)
(-17.0898)
G1(-6.3279)
(4.8949)
(-0.8067)
G2(0.2581)
(1.3755)
(0.0069)
G3(1.3526)
(1.2824)
(-1.3819)
G4(-0.4523)
(-0.1958)
(-0.7907)
A1(-8.6604)
(10.3656)
(10.1693)
A2(7.0629)
(11.9423)
(12.3110)
A3(-10.1323)
(31.2587)
(1.2929)
A4(-1.3743)
(11.6119)
(-2.1356)
G1(-8.7421)
(3.1746)
(-5.4142)
G2(1.5463)
(-0.5667)
(-1.3957)
G3(4.9391)
(0.9504)
(-1.9294)
G4(-0.8530)
(1.4250)
(-0.1112)
A1(-2.7686)
(33.2764)
(5.2020)
A2(-14.8824)
(18.0188)
(-4.5633)
A3(1.0439)
(19.0770)
(-24.3538)
A4(2.0399)
(17.0036)
(7.3598)
G1(-9.1619)
(-4.2074)
(-4.1409)
G2(1.5080)
(1.1573)
(-1.1153)
G3(-1.1712)
(1.3367)
(-1.0711)
G4(0.5593)
(-0.2841)
(0.3661)
A1(2.1938)
(4.0428)
(-1.7100)
A2(3.7014)
(6.5888)
(5.6982)
A3(20.3747)
(4.4388)
(-24.7896)
A4(2.7294)
(2.7964)
(-12.7132)
G1(-5.6585)
(-0.4986)
(-0.8370)
G2(2.1598)
(6.0102)
(0.4784)
G3(-9.9766)
(-0.6870)
(2.4552)
G4(0.2746)
(1.6948)
(-1.1153)
A1(4.3446)
(1.0394)
(24.9226)
A2(0.6512)
(0.5602)
(4.6256)
A3(-2.9018)
(23.9707)
(15.5767)
A4(-6.2968)
(7.8673)
(-7.5848)
G1(-8.5197)
(-0.1133)
(-2.1183)
G2(-0.7785)
(-0.0952)
(0.0500)
G3(-16.6184)
(9.9611)
(0.2746)
G4(1.3548)
(1.9358)
(-1.2196)
A1(2.7782)
(3.6500)
(-5.9636)
A2(-4.1420)
(10.1993)
(6.8761)
A3(6.1531)
(49.2296)
(23.4297)
A4(-3.3710)
(0.3256)
(-10.9894)
G1(-5.9219)
(-3.7067)
(0.5672)
G2(-1.6235)
(3.3183)
(0.2602)
G3(-12.1912)
(3.6593)
(-0.8104)
G4(1.6309)
(2.9277)
(0.0968)
A1(7.1372)
(-0.0910)
(0.1485)
A2(3.0789)
(5.1427)
(3.2370)
A3(-0.7374)
(26.9874)
(-7.0294)
A4(-2.9880)
(18.4784)
(-2.5666)
G1(-2.5717)
(-0.2128)
(0.7604)
G2(0.2847)
(9.3194)
(0.8093)
G3(-6.7365)
(-1.3888)
(0.7311)
G4(0.9328)
(-0.6439)
(1.6107)
A1(-0.2539)
(-1.8250)
(-0.9436)
A2(-2.7581)
(8.4994)
(5.0949)
A3(12.5025)
(-0.0192)
(-32.6521)
A4(-4.4436)
(-10.2232)
(-13.5033)
G1(-0.5890)
(-1.5266)
(2.3072)
G2(-2.0204)
(0.2490)
(1.3122)
G3(-4.5166)
(1.7469)
(0.7913)
G4(0.3448)
(-0.6933)
(1.2334)
A1(-0.6419)
(-2.6010)
(4.1194)
A2(13.0101)
(14.3556)
(0.6512)
A3(-0.5363)
(-9.9647)
(-23.2381)
A4(9.2608)
(0.8954)
(-11.8848)
G1(4.0073)
(0.2581)
(3.2661)
G2(-0.3688)
(-0.3443)
(-0.2943)
G3(2.3019)
(0.9977)
(1.6778)
G4(-0.4273)
(1.3457)
(-1.0706)
A1(-2.2322)
(1.4226)
(7.3431)
A2(0.1676)
(5.6886)
(-1.3216)
A3(0.6847)
(5.1092)
(-7.7716)
A4(1.6951)
(10.8649)
(-3.9504)
G1(4.5224)
(0.4911)
(3.9222)
G2(0.7694)
(-2.1678)
(-0.0367)
G3(4.4144)
(1.1557)
(2.2705)
G4(-1.8118)
(0.5358)
(-0.2980)
A1(-12.5020)
(1.4131)
(11.1704)
A2(9.1267)
(14.5615)
(1.5275)
A3(-0.6847)
(9.7252)
(-1.4269)
A4(-5.3822)
(5.6407)
(-4.9416)
G1(4.3037)
(2.2524)
(4.1707)
G2(1.0493)
(-0.5534)
(-0.5364)
G3(6.9483)
(0.9881)
(3.0527)
G4(-0.6657)
(0.2900)
(-0.3837)
A1(-1.0682)
(6.1648)
(8.8712)
A2(2.6288)
(11.1091)
(1.2641)
A3(-4.3431)
(21.7154)
(3.6440)
A4(-2.2553)
(7.3454)
(-4.9129)
G1(1.9656)
(0.3837)
(5.2929)
G2(0.6721)
(0.8993)
(0.6880)
G3(6.8323)
(2.3961)
(2.3519)
G4(-0.4651)
(0.7343)
(-0.3624)
A1(-13.0145)
(12.1523)
(8.1718)
A2(-5.6743)
(11.1666)
(8.8921)
A3(-6.3494)
(15.4618)
(1.1875)
A4(0.4405)
(6.5074)
(-5.2768)
G1(2.8574)
(-1.2281)
(3.3225)
G2(1.3101)
(-0.5566)
(0.1889)
G3(5.9591)
(4.8348)
(1.6964)
G4(0.1559)
(0.5949)
(-0.2219)
A1(-8.8520)
(9.9106)
(6.4234)
A2(2.3942)
(3.2801)
(1.6807)
A3(-12.4068)
(15.8065)
(-2.5809)
A4(-2.0782)
(8.4946)
(-6.4979)
G1(2.1428)
(-1.1866)
(2.2189)
G2(-0.4012)
(0.3922)
(0.2049)
G3(2.9426)
(2.4376)
(0.7843)
G4(0.1187)
(0.6204)
(0.0617)
A1(-6.3851)
(8.9191)
(2.6728)
A2(3.6296)
(8.2025)
(3.7493)
A3(-7.9104)
(14.4322)
(-3.0694)
A4(-1.3743)
(8.0541)
(-7.8865)
G1(1.4628)
(0.0394)
(0.3650)
G2(0.3448)
(-0.1692)
(0.5646)
G3(0.1442)
(1.7810)
(0.6082)
G4(0.0064)
(-0.1469)
(0.1570)
A1(-3.4584)
(9.4268)
(3.9039)
A2(-2.9161)
(10.9559)
(2.0686)
A3(-10.5680)
(14.4275)
(1.8100)
A4(2.0638)
(7.6519)
(-5.3056)
G1(1.0743)
(-0.7460)
(0.6902)
G2(0.7615)
(-0.0106)
(0.2724)
G3(0.2783)
(0.6577)
(0.3437)
G4(-0.0085)
(0.1139)
(0.1878)
