A1(0.4215)
(5.8295)
(6.3851)
A2(2.2362)
(8.8442)
(-1.3360)
A3(-1.8435)
(10.4914)
(-0.7470)
A4(0.1963)
(8.9543)
(-5.3774)
G1(-1.7953)
(-0.9328)
(-0.3719)
G2(0.0878)
(0.0351)
(-0.0197)
G3(0.3640)
(-0.3890)
(0.3560)
G4(0.0335)
(-0.7301)
(0.3608)
A1(-1.0778)
(5.8055)
(9.3597)
A2(2.6145)
(9.4092)
(0.0814)
A3(3.3375)
(7.6184)
(-1.0582)
A4(-0.1532)
(8.4467)
(-5.0661)
G1(0.2187)
(-1.7565)
(-0.2006)
G2(-0.2176)
(-1.9082)
(0.1155)
G3(0.4853)
(-1.7437)
(2.1614)
G4(0.4981)
(-0.5497)
(0.2804)
A1(2.6010)
(6.9887)
(20.4583)
A2(-1.4222)
(8.9974)
(1.2833)
A3(-0.5219)
(3.0023)
(-6.3398)
A4(5.5929)
(28.0936)
(13.1537)
G1(1.4676)
(-2.4488)
(-0.7944)
G2(0.1415)
(-1.5091)
(0.0287)
G3(0.6066)
(-1.9598)
(3.0229)
G4(2.4945)
(-1.8182)
(1.7347)
A1(-7.9179)
(3.1518)
(5.4032)
A2(-0.8428)
(12.0189)
(3.0454)
A3(8.9495)
(3.2370)
(-10.8026)
A4(-5.8658)
(11.4395)
(-16.5296)
G1(0.8104)
(-5.9378)
(-0.2331)
G2(0.6375)
(-1.7581)
(0.5640)
G3(4.0148)
(-0.5284)
(1.8800)
G4(-0.3139)
(-1.9449)
(5.4111)
A1(-0.5652)
(6.9168)
(2.0358)
A2(-4.3574)
(39.0925)
(1.2737)
A3(-0.9385)
(15.8736)
(0.6704)
A4(13.9295)
(-1.0295)
(-10.2807)
G1(-1.3947)
(-3.0777)
(-0.0474)
G2(-9.6578)
(-5.1285)
(-0.2810)
G3(0.0702)
(0.0149)
(0.0362)
G4(-14.0728)
(-0.9998)
(2.2833)
A1(17.3112)
(7.1084)
(8.3634)
A2(-7.0725)
(29.1757)
(15.8209)
A3(0.3448)
(-3.2848)
(-7.5753)
A4(3.4620)
(36.5307)
(1.9201)
G1(-0.9253)
(-5.0263)
(-2.6308)
G2(-9.1108)
(1.5080)
(5.4691)
G3(-0.2591)
(-3.1198)
(0.8886)
G4(-10.9493)
(-0.1644)
(7.6672)
A1(-3.3530)
(10.1309)
(1.1927)
A2(0.5555)
(-2.7342)
(5.1284)
A3(2.7677)
(9.2320)
(-4.3958)
A4(-41.8171)
(-5.5258)
(-17.2574)
G1(-0.0447)
(1.1201)
(0.1123)
G2(-2.9644)
(-1.9571)
(1.9039)
G3(1.3335)
(-3.2007)
(1.3079)
G4(-2.5148)
(4.3021)
(-0.5082)
A1(-4.7757)
(11.6925)
(0.6993)
A2(-0.6847)
(12.2056)
(-9.1937)
A3(5.1332)
(1.3216)
(-8.9208)
A4(-5.6790)
(2.0782)
(-3.9840)
G1(0.7152)
(-0.8955)
(-0.9333)
G2(-7.8582)
(5.8756)
(1.6687)
G3(0.7333)
(1.2872)
(-0.8732)
G4(3.4476)
(-4.9710)
(-2.9016)
A1(6.2989)
(10.6530)
(-0.0335)
A2(3.4572)
(-9.8450)
(3.6727)
A3(2.5618)
(14.8824)
(-2.0782)
A4(9.5768)
(13.7188)
(1.0774)
G1(1.7044)
(-0.3672)
(-0.3374)
G2(0.6960)
(-0.4214)
(-1.8118)
G3(-1.0355)
(0.7482)
(1.9028)
G4(4.6549)
(-1.1190)
(-6.1778)
A1(2.5770)
(12.2625)
(3.6404)
A2(3.2274)
(-0.9912)
(7.7333)
A3(7.5753)
(24.4544)
(-4.5346)
A4(3.3662)
(5.3486)
(-2.3080)
G1(-0.2756)
(-0.5193)
(-0.2038)
G2(2.9032)
(1.5777)
(-2.8005)
G3(-1.0248)
(-0.6550)
(0.7732)
G4(5.1067)
(-2.5094)
(-3.2438)
A1(6.6055)
(9.2065)
(1.4274)
A2(0.7853)
(2.7198)
(9.5002)
A3(6.1818)
(7.6519)
(-8.4228)
A4(7.5274)
(15.5001)
(-3.3136)
G1(0.5417)
(-0.1729)
(-0.4209)
G2(3.3156)
(-0.8673)
(-4.2644)
G3(-0.3400)
(-1.0791)
(0.5486)
G4(-0.0851)
(-2.4945)
(0.4512)
A1(1.9639)
(10.7584)
(1.4705)
A2(10.1083)
(4.6017)
(10.0509)
A3(3.9983)
(8.3701)
(-5.4588)
A4(9.1602)
(8.1403)
(-3.6823)
G1(1.1222)
(0.3634)
(-1.0211)
G2(2.4408)
(0.6795)
(-3.1235)
G3(-0.1905)
(-0.4496)
(-0.0793)
G4(-1.6735)
(-0.7003)
(-0.2426)
A1(2.3471)
(8.9574)
(0.6179)
A2(9.1650)
(7.7955)
(5.9089)
A3(1.5562)
(8.2791)
(-5.5593)
A4(9.0405)
(9.8067)
(-1.1923)
G1(0.4448)
(-0.1953)
(-1.0828)
G2(1.7177)
(0.3368)
(-1.6432)
G3(-0.2097)
(-0.4172)
(-0.3911)
G4(0.3475)
(-0.7056)
(-0.2155)
A1(0.2970)
(10.3944)
(-0.2970)
A2(5.5833)
(5.4971)
(4.8459)
A3(0.9098)
(9.0740)
(-4.5825)
A4(0.7709)
(9.4763)
(-3.5626)
G1(0.0894)
(0.9562)
(-0.8429)
G2(2.7680)
(-0.1426)
(-0.4906)
G3(0.2543)
(-0.5374)
(-0.3805)
G4(0.1830)
(0.4895)
(-0.9541)
A1(-4.4739)
(8.5071)
(-0.4311)
A2(5.1619)
(8.1403)
(2.0207)
A3(0.5842)
(11.2767)
(-7.1012)
A4(0.2538)
(8.6383)
(-2.0111)
G1(-0.6662)
(0.2570)
(-0.6854)
G2(0.4794)
(1.6724)
(-0.5364)
G3(0.6513)
(-0.4949)
(-0.5151)
G4(-0.3751)
(-1.1350)
(-0.4837)
A1(-2.3854)
(8.8855)
(1.2023)
A2(3.6009)
(9.7683)
(0.8236)
A3(-1.6520)
(5.6647)
(-6.3159)
A4(1.8196)
(8.9064)
(-2.3990)
G1(-0.0612)
(0.6545)
(-0.2990)
G2(0.0915)
(1.6171)
(-0.9573)
G3(0.2331)
(-0.2293)
(-0.7364)
G4(-0.0979)
(-0.3986)
(-0.4959)
A1(-2.6872)
(10.6435)
(0.4646)
A2(0.9146)
(8.5760)
(0.2777)
A3(-0.9194)
(6.4069)
(-7.3741)
A4(0.1915)
(9.5624)
(-2.8539)
G1(1.0339)
(-0.2980)
(-0.2395)
G2(0.7040)
(0.3097)
(-0.2943)
G3(0.1250)
(0.2565)
(-0.4518)
G4(-0.0420)
(-0.2480)
(-0.3938)
A1(-3.0081)
(8.1479)
(-0.4598)
A2(-0.5363)
(8.9974)
(0.0096)
A3(-1.3168)
(5.1954)
(-7.9918)
A4(0.4932)
(9.4236)
(-2.9257)
G1(0.3315)
(2.0337)
(-0.3241)
G2(0.2724)
(-0.5454)
(-0.2799)
G3(-0.0484)
(0.2985)
(-0.3560)
G4(-0.0660)
(-0.3006)
(-0.2293)
A1(-3.6788)
(8.3874)
(-0.8670)
A2(0.8236)
(9.5768)
(-0.0622)
A3(-1.6233)
(5.8706)
(-7.3789)
A4(0.8811)
(9.5672)
(-2.4612)
G1(-0.2645)
(0.4794)
(-0.0777)
G2(0.2166)
(-0.0234)
(-0.2735)
G3(0.0819)
(-0.2325)
(0.0436)
G4(-0.0537)
(-0.1634)
(-0.2112)
A1(-3.1279)
(10.2172)
(0.2443)
A2(-0.5459)
(9.4858)
(0.2825)
A3(-2.2697)
(6.1818)
(-7.0677)
A4(0.1963)
(9.5529)
(-2.7629)
G1(1.4633)
(-2.7170)
(0.6460)
G2(0.2070)
(-0.1969)
(-0.2496)
G3(0.0649)
(-0.3262)
(0.0995)
G4(-0.0372)
(-0.1314)
(-0.1580)
