A1(2.8405)
(9.8914)
(0.8718)
A2(7.8434)
(5.5306)
(4.5873)
A3(2.0877)
(7.6088)
(-6.8043)
A4(-1.7621)
(2.2458)
(-4.9608)
G1(0.8317)
(2.0981)
(-0.0942)
G2(-0.8636)
(0.6976)
(1.3925)
G3(-0.3044)
(0.5470)
(-0.7561)
G4(1.8299)
(3.2853)
(-4.0744)
A1(-4.0141)
(-0.7856)
(9.7956)
A2(1.7190)
(5.0518)
(3.9409)
A3(-3.9552)
(16.4913)
(5.7221)
A4(-4.1659)
(37.1867)
(1.2163)
G1(-5.5776)
(5.1892)
(0.1128)
G2(-0.2533)
(2.8457)
(0.7987)
G3(0.7141)
(1.6043)
(-1.5628)
G4(0.0521)
(-4.0345)
(0.6396)
A1(6.3851)
(39.0292)
(0.2778)
A2(5.5737)
(7.2353)
(6.2824)
A3(7.2784)
(29.4678)
(15.1936)
A4(3.1508)
(7.7333)
(-13.8720)
G1(-8.9656)
(7.3549)
(-1.0525)
G2(1.3329)
(1.4676)
(-0.0176)
G3(3.7668)
(4.1941)
(-3.7620)
G4(-0.8024)
(2.5760)
(-1.5128)
A1(-2.1364)
(26.2686)
(10.4423)
A2(-1.6903)
(14.3269)
(4.8459)
A3(10.5058)
(13.0819)
(-29.3098)
A4(-0.6225)
(15.0835)
(-3.2513)
G1(-7.5289)
(-0.1586)
(-3.5646)
G2(1.5064)
(1.6033)
(0.0862)
G3(-2.1386)
(-3.2140)
(-0.5273)
G4(-1.5724)
(-0.0596)
(0.0330)
A1(-0.6706)
(-2.5818)
(6.5624)
A2(10.1227)
(8.6526)
(0.2394)
A3(-31.1438)
(11.7124)
(-18.5359)
A4(-0.1580)
(3.5003)
(-2.1069)
G1(-5.1817)
(1.1914)
(-1.2286)
G2(2.3887)
(1.9305)
(1.0403)
G3(-12.8282)
(0.8540)
(4.7688)
G4(-0.1485)
(4.6485)
(-0.8961)
A1(-0.0814)
(3.5111)
(20.1709)
A2(-4.3144)
(13.0676)
(8.1259)
A3(8.5617)
(24.0905)
(22.9125)
A4(-1.4413)
(5.2672)
(-1.8052)
G1(-7.1505)
(-3.0783)
(-4.3229)
G2(1.3095)
(-0.9051)
(-0.6742)
G3(-15.2413)
(10.5140)
(-1.8645)
G4(0.8955)
(3.0974)
(-0.8195)
A1(-0.0814)
(6.5097)
(-4.4547)
A2(3.3136)
(1.3791)
(4.8890)
A3(9.5337)
(23.8319)
(-16.9126)
A4(-3.2417)
(6.8953)
(-5.3343)
G1(-3.2092)
(0.5736)
(0.4033)
G2(-1.4053)
(4.3080)
(0.8865)
G3(-7.9359)
(-1.2590)
(-0.4954)
G4(1.1632)
(-0.3826)
(0.5577)
A1(3.3291)
(-5.2403)
(0.4838)
A2(-4.7166)
(6.7564)
(3.1843)
A3(3.5530)
(8.1642)
(-24.9715)
A4(4.7309)
(0.5315)
(-13.8193)
G1(-0.8477)
(-2.5589)
(1.9640)
G2(0.1868)
(3.6056)
(1.4947)
G3(-4.4474)
(0.6300)
(0.8290)
G4(0.9860)
(-0.1133)
(1.0137)
A1(-1.8442)
(0.7089)
(3.3195)
A2(12.0907)
(7.3885)
(-1.2977)
A3(0.5459)
(-3.6392)
(-16.4290)
A4(2.4612)
(6.3590)
(-7.4603)
G1(4.3617)
(-1.0658)
(2.5632)
G2(-0.7168)
(0.8642)
(-0.6822)
G3(2.2067)
(-0.9754)
(2.4137)
G4(0.7689)
(2.8399)
(-1.3947)
A1(-20.0511)
(-2.0501)
(7.3815)
A2(6.8331)
(13.4410)
(2.1069)
A3(0.4980)
(7.3071)
(-4.8076)
A4(12.6941)
(27.9882)
(-7.3263)
G1(4.4155)
(3.2874)
(5.0460)
G2(0.2772)
(0.7061)
(0.3475)
G3(7.3485)
(-0.2517)
(2.5009)
G4(1.0818)
(3.4805)
(0.4204)
A1(-6.4953)
(0.6275)
(12.5068)
A2(-1.2354)
(9.2560)
(0.3065)
A3(-0.3591)
(12.9431)
(1.1013)
A4(-4.6878)
(-7.2736)
(-12.3254)
G1(2.8654)
(2.1205)
(5.2823)
G2(0.8413)
(0.4496)
(0.2011)
G3(7.7790)
(1.9220)
(1.5202)
G4(0.0293)
(-0.0692)
(1.7177)
A1(-10.4854)
(12.0709)
(9.0149)
A2(-1.2641)
(21.1073)
(17.6884)
A3(-8.0445)
(15.9981)
(-2.9880)
A4(1.7142)
(9.7827)
(-5.2050)
G1(2.5674)
(-1.4064)
(3.4470)
G2(-0.8274)
(-3.5375)
(0.0170)
G3(6.0464)
(2.2141)
(1.8150)
G4(0.1171)
(0.7301)
(0.1586)
A1(-7.3335)
(9.2591)
(4.8571)
A2(11.4491)
(16.2040)
(7.5753)
A3(-15.8879)
(20.8439)
(-1.1253)
A4(1.9345)
(7.3119)
(-6.2728)
G1(2.2844)
(-0.4076)
(0.5550)
G2(0.6050)
(-1.7634)
(0.4491)
G3(2.0438)
(4.1414)
(-0.2176)
G4(0.1330)
(0.4688)
(0.3719)
A1(-4.8810)
(7.3144)
(6.0163)
A2(-5.7652)
(4.8890)
(0.8092)
A3(-5.4492)
(14.5520)
(0.8045)
A4(-0.2298)
(9.0309)
(-6.5457)
G1(1.0706)
(0.5422)
(-0.0415)
G2(0.9599)
(0.1676)
(0.6763)
G3(0.1463)
(1.0243)
(0.4166)
G4(-0.1038)
(0.0468)
(0.2629)
A1(-2.3950)
(7.2186)
(0.7233)
A2(1.9106)
(7.5800)
(-0.6273)
A3(-6.7277)
(10.0509)
(-1.6328)
A4(1.4748)
(8.9304)
(-4.1276)
G1(1.9103)
(-0.2299)
(0.1000)
G2(0.8498)
(-0.2357)
(0.4869)
G3(-0.7753)
(1.1047)
(-1.0078)
G4(0.2246)
(0.7082)
(0.0122)
A1(-6.5767)
(6.7444)
(1.6047)
A2(-1.5706)
(12.0380)
(0.9050)
A3(-4.5155)
(8.2025)
(-1.6520)
A4(1.7382)
(8.3175)
(-3.4333)
G1(1.0797)
(0.9839)
(-0.5853)
G2(0.9993)
(-0.1101)
(0.3597)
G3(-1.1632)
(1.4436)
(-1.4952)
G4(0.4459)
(0.3911)
(0.3054)
A1(-5.8726)
(14.8731)
(4.4212)
A2(1.1636)
(9.0644)
(0.9481)
A3(1.3982)
(8.0589)
(-1.2641)
A4(0.1149)
(11.5017)
(-6.1962)
G1(-2.2157)
(1.6405)
(0.6087)
G2(0.5875)
(0.5273)
(0.5316)
G3(-0.1628)
(0.6800)
(-0.0958)
G4(0.9158)
(0.7982)
(0.6779)
A1(-1.1209)
(10.6578)
(-2.1603)
A2(-2.6959)
(9.3709)
(1.6855)
A3(-15.3277)
(4.0797)
(0.0527)
A4(4.8746)
(6.4883)
(-9.6822)
G1(-0.7641)
(0.2437)
(0.4166)
G2(0.1836)
(-0.0580)
(0.6891)
G3(-0.1357)
(-4.8859)
(1.1706)
G4(0.4672)
(1.2223)
(0.2586)
A1(0.8957)
(10.2842)
(-0.7904)
A2(-1.0534)
(10.5632)
(0.8140)
A3(11.1282)
(0.5698)
(-15.3899)
A4(2.7533)
(5.2481)
(-9.3278)
G1(0.2240)
(1.3643)
(0.0144)
G2(0.3374)
(0.8844)
(0.7333)
G3(0.9003)
(1.7703)
(0.4289)
G4(0.2522)
(1.3558)
(-0.5092)
A1(0.0287)
(7.4437)
(3.4057)
A2(6.8953)
(10.8457)
(-1.7669)
A3(5.7844)
(7.4316)
(-2.6001)
A4(2.7533)
(5.2960)
(-6.8378)
G1(0.1777)
(-0.1112)
(0.3996)
G2(0.1815)
(1.8704)
(0.6864)
G3(0.1772)
(2.5068)
(0.2017)
G4(0.4007)
(3.3603)
(-2.2764)
