A1(0.8047)
(6.4091)
(5.0248)
A2(0.1963)
(9.4188)
(-0.2490)
A3(-2.3559)
(7.5944)
(-3.3710)
A4(0.3543)
(8.6814)
(-5.0518)
G1(0.0830)
(-0.4656)
(-0.4401)
G2(0.2645)
(-0.8684)
(0.1256)
G3(0.3475)
(-1.1371)
(0.9998)
G4(0.2235)
(-0.2341)
(0.0388)
A1(1.8394)
(6.3803)
(7.7072)
A2(-0.3400)
(9.4332)
(0.3543)
A3(2.1787)
(6.7516)
(-3.4141)
A4(1.1684)
(9.8354)
(-3.0358)
G1(0.6114)
(-0.8487)
(-0.1538)
G2(0.0846)
(-0.8519)
(-0.0213)
G3(0.7412)
(-1.0584)
(1.6208)
G4(0.3725)
(-0.8780)
(0.1187)
A1(0.9724)
(5.5948)
(10.6530)
A2(-1.0008)
(9.7348)
(0.4693)
A3(3.0598)
(6.1339)
(-1.0918)
A4(-0.2298)
(10.3908)
(-0.7087)
G1(-0.2091)
(-1.4383)
(0.3352)
G2(0.1282)
(-0.6327)
(0.0170)
G3(0.5523)
(-0.9924)
(1.7187)
G4(0.9392)
(-0.8397)
(0.0569)
A1(-1.3508)
(9.0196)
(4.1961)
A2(0.9146)
(9.1794)
(0.6273)
A3(2.3511)
(5.0087)
(-3.2848)
A4(2.3703)
(13.4985)
(2.3080)
G1(2.9128)
(-3.0437)
(-0.8077)
G2(0.4757)
(-0.5587)
(0.1783)
G3(-0.0905)
(-1.0908)
(1.9289)
G4(2.0593)
(-0.2921)
(0.0399)
A1(1.0825)
(9.9393)
(-3.7171)
A2(-2.3559)
(8.2791)
(2.4852)
A3(-16.4960)
(27.8494)
(8.8633)
A4(-10.0748)
(29.1757)
(-13.2112)
G1(1.8241)
(-7.7183)
(0.4092)
G2(0.2841)
(-1.6283)
(0.1362)
G3(1.8725)
(2.3578)
(-0.2144)
G4(4.3655)
(0.8429)
(1.6985)
A1(-4.3158)
(8.9526)
(6.7971)
A2(-3.4572)
(6.9145)
(3.0598)
A3(4.2569)
(-9.5720)
(-13.4410)
A4(-4.7692)
(3.1364)
(-29.2907)
G1(0.3432)
(-2.3307)
(-1.6863)
G2(-1.1382)
(-0.3656)
(0.1426)
G3(0.2900)
(-0.8152)
(-0.1697)
G4(-2.7510)
(1.3335)
(5.2285)
A1(5.0487)
(11.4051)
(4.6176)
A2(13.2639)
(17.0802)
(10.8697)
A3(3.3758)
(14.3365)
(-2.3942)
A4(-13.1873)
(13.9247)
(-34.8213)
G1(0.8157)
(-0.5928)
(0.3900)
G2(-4.3016)
(-5.9884)
(2.4493)
G3(-0.1155)
(-3.8977)
(1.2909)
G4(-5.2525)
(1.9491)
(0.7460)
A1(2.9267)
(7.1515)
(-0.7329)
A2(3.8451)
(2.4373)
(18.1433)
A3(3.2848)
(14.3365)
(-0.8475)
A4(-2.3128)
(3.2896)
(-15.2606)
G1(0.9392)
(-3.1709)
(0.2863)
G2(-7.6300)
(-6.8893)
(3.0623)
G3(0.1474)
(-0.6034)
(-0.3826)
G4(-11.2207)
(3.1006)
(-0.5593)
A1(2.7686)
(1.2023)
(1.9112)
A2(-2.5235)
(33.5811)
(10.4100)
A3(6.1148)
(3.1412)
(-8.6526)
A4(7.8530)
(1.6520)
(-6.9001)
G1(-2.6340)
(-5.1455)
(-0.3831)
G2(-7.8817)
(-2.4876)
(2.0231)
G3(-0.3592)
(-0.8051)
(-0.2804)
G4(-12.9000)
(1.8943)
(-0.9163)
A1(6.0546)
(5.6235)
(6.1312)
A2(17.2095)
(13.0867)
(13.7667)
A3(0.3256)
(13.5799)
(3.2274)
A4(1.3886)
(28.5054)
(-6.1483)
G1(-1.3143)
(-3.8552)
(0.1298)
G2(-7.0367)
(-1.6139)
(6.9026)
G3(-0.0495)
(-3.7157)
(1.3313)
G4(-10.1554)
(-8.8645)
(9.5248)
A1(-2.7303)
(5.7097)
(4.9673)
A2(-1.0487)
(10.9080)
(-2.2984)
A3(4.4867)
(-1.4126)
(-12.1913)
A4(-12.9909)
(9.9407)
(-10.6255)
G1(-1.3702)
(-2.4834)
(0.4065)
G2(-5.2461)
(-0.2437)
(2.2413)
G3(-0.0915)
(-3.1937)
(1.6426)
G4(-2.3695)
(1.5719)
(1.6341)
A1(-8.7035)
(8.5167)
(1.9543)
A2(2.9161)
(-4.4053)
(1.2163)
A3(-9.4140)
(20.4704)
(1.3024)
A4(-15.1074)
(-7.6040)
(-9.3518)
G1(-0.1745)
(-0.4933)
(0.0218)
G2(-3.4289)
(-0.8024)
(1.2372)
G3(0.8051)
(0.9589)
(-1.0552)
G4(-1.7773)
(0.8939)
(-1.9321)
A1(-1.1831)
(10.9165)
(1.8777)
A2(5.0374)
(-5.5019)
(9.3039)
A3(8.1211)
(1.5083)
(-6.6655)
A4(-0.2346)
(-5.2816)
(-7.0150)
G1(0.3038)
(0.1219)
(-0.1357)
G2(-3.5311)
(0.8865)
(2.3950)
G3(1.3106)
(0.9695)
(-0.8971)
G4(1.6905)
(0.5076)
(-3.0368)
A1(-2.7782)
(10.3609)
(-0.3832)
A2(7.5226)
(4.3239)
(3.1939)
A3(-2.5283)
(-0.6704)
(-11.5305)
A4(-5.9185)
(-6.2153)
(-6.9959)
G1(0.4906)
(0.5279)
(-0.3980)
G2(-4.5618)
(2.7782)
(0.2559)
G3(-0.2208)
(-1.0924)
(1.1111)
G4(2.3413)
(-0.4299)
(-3.7078)
A1(4.9960)
(10.3992)
(3.3051)
A2(0.4980)
(1.5562)
(1.1444)
A3(3.0071)
(7.8578)
(-9.5529)
A4(1.7047)
(9.6678)
(-1.1779)
G1(0.5449)
(0.7721)
(-0.8067)
G2(-1.3925)
(0.8370)
(-0.3496)
G3(0.4432)
(0.4810)
(0.1314)
G4(2.7728)
(-1.0068)
(-3.6216)
A1(6.3133)
(8.4544)
(3.5063)
A2(0.3879)
(-3.7924)
(5.7892)
A3(-0.0335)
(7.2353)
(-4.4149)
A4(5.8131)
(10.9607)
(0.5267)
G1(0.2767)
(-0.2389)
(0.3097)
G2(0.6768)
(2.0614)
(-1.6160)
G3(-0.5316)
(-0.6774)
(0.4688)
G4(3.4225)
(-2.6850)
(-2.9718)
A1(4.3446)
(8.9957)
(1.2119)
A2(7.1204)
(-2.2362)
(9.9072)
A3(-3.6057)
(25.5413)
(-2.2697)
A4(7.4364)
(13.0340)
(1.0199)
G1(-0.1692)
(-1.0552)
(0.1974)
G2(3.7668)
(0.2661)
(-2.8798)
G3(-0.1660)
(0.0931)
(0.3320)
G4(1.9842)
(-3.7163)
(-3.2980)
A1(-0.9293)
(9.3502)
(3.1806)
A2(7.5848)
(-1.9345)
(9.5098)
A3(6.7469)
(-1.0582)
(-4.7788)
A4(9.9216)
(14.8441)
(-2.6288)
G1(0.0745)
(-0.9371)
(-0.9828)
G2(4.0222)
(-1.0876)
(-3.4747)
G3(0.2410)
(0.1522)
(0.0282)
G4(1.9204)
(-2.5616)
(-2.8170)
A1(1.7100)
(9.6902)
(3.5063)
A2(12.5552)
(-2.0973)
(8.7340)
A3(-0.8428)
(11.8274)
(-4.9656)
A4(10.0509)
(15.9693)
(-2.7485)
G1(0.2841)
(-1.0328)
(-1.0153)
G2(3.2390)
(-1.2723)
(-4.1249)
G3(0.1048)
(-0.8221)
(0.3911)
G4(0.6518)
(-1.2451)
(-2.0992)
A1(2.3232)
(12.0422)
(-0.3305)
A2(7.1539)
(2.1356)
(9.5146)
A3(1.0247)
(7.0964)
(-7.2975)
A4(12.5648)
(15.0930)
(-0.1053)
G1(1.1313)
(0.0553)
(-0.5310)
G2(2.7947)
(-2.2306)
(-4.2000)
G3(0.2613)
(-0.9690)
(0.5720)
G4(0.3959)
(-2.8276)
(-1.1680)
