A1(-0.6323)
(6.7492)
(6.2797)
A2(3.3662)
(10.1706)
(0.7183)
A3(-2.3415)
(6.4548)
(-5.2529)
A4(-0.8715)
(8.1930)
(-6.9432)
G1(-0.5545)
(-2.5350)
(-0.0841)
G2(-0.3773)
(-1.6554)
(-0.0282)
G3(0.8578)
(-0.8711)
(1.1510)
G4(0.0830)
(-1.4606)
(0.7891)
A1(2.3567)
(7.0988)
(0.3161)
A2(-3.1077)
(7.7572)
(3.7302)
A3(6.1339)
(5.8706)
(-2.3367)
A4(3.3854)
(20.2693)
(11.0995)
G1(2.2647)
(-3.3347)
(-0.8093)
G2(1.3255)
(-3.3805)
(-0.1958)
G3(-0.3203)
(-2.6755)
(3.8238)
G4(2.0603)
(-1.9800)
(1.6533)
A1(0.6419)
(10.6195)
(20.4918)
A2(-4.4388)
(9.6869)
(1.6233)
A3(-4.9464)
(-0.1915)
(-6.7947)
A4(-0.4980)
(28.1941)
(3.7541)
G1(-1.2260)
(-8.7070)
(-1.1174)
G2(0.3602)
(-1.7544)
(-0.3390)
G3(0.5316)
(-1.3431)
(2.7026)
G4(2.8500)
(-5.4903)
(2.7590)
A1(-10.6530)
(12.5020)
(5.0439)
A2(-0.7805)
(12.9335)
(6.7181)
A3(3.0694)
(-17.4106)
(-35.1038)
A4(2.8395)
(31.7998)
(-31.2012)
G1(0.8088)
(3.1262)
(-2.0391)
G2(1.2712)
(-1.5309)
(1.0908)
G3(-0.4060)
(-4.3415)
(2.3275)
G4(-1.3058)
(2.2365)
(6.3736)
A1(-0.0479)
(0.3976)
(0.7185)
A2(-13.1442)
(25.7137)
(11.7076)
A3(4.0366)
(10.4483)
(-1.0247)
A4(1.4653)
(8.2935)
(-20.4082)
G1(-2.6765)
(-1.2616)
(0.9929)
G2(-5.6574)
(-10.3538)
(-2.5339)
G3(-0.6971)
(-0.2496)
(-0.2650)
G4(-10.7056)
(6.1603)
(-3.9850)
A1(1.3460)
(-0.4503)
(5.6618)
A2(5.5162)
(12.9861)
(17.3197)
A3(-1.7478)
(11.7555)
(1.1923)
A4(8.0349)
(-0.4453)
(-8.9064)
G1(-1.4798)
(-3.1820)
(-0.1469)
G2(-5.7170)
(-1.8108)
(5.9746)
G3(-0.4140)
(1.1824)
(-0.8743)
G4(-12.8213)
(-5.2073)
(2.2535)
A1(16.7508)
(13.8624)
(5.9636)
A2(14.5041)
(11.9231)
(-0.4262)
A3(3.0023)
(-7.2592)
(-8.6383)
A4(3.9504)
(33.3752)
(0.3017)
G1(-0.2230)
(-4.5357)
(-3.9552)
G2(-7.3070)
(1.7959)
(5.9778)
G3(0.4566)
(-2.8399)
(1.7336)
G4(-7.0537)
(2.9841)
(6.7807)
A1(-14.7342)
(13.4600)
(-2.7974)
A2(-6.1148)
(7.4364)
(4.6017)
A3(8.4611)
(7.5178)
(-7.6662)
A4(-6.6511)
(6.5793)
(-18.2965)
G1(-1.4080)
(-3.4912)
(0.4805)
G2(-6.1145)
(-0.4214)
(2.0646)
G3(-0.5933)
(-2.4860)
(1.4622)
G4(-2.5930)
(0.0474)
(2.2790)
A1(0.5365)
(11.5727)
(-3.9518)
A2(-1.3982)
(-7.9679)
(11.1905)
A3(3.2801)
(7.4029)
(-2.1500)
A4(4.5921)
(-6.1196)
(-7.1012)
G1(0.8876)
(-0.5603)
(0.0372)
G2(-4.3261)
(1.3798)
(1.2036)
G3(1.8576)
(0.2990)
(-0.6960)
G4(3.1490)
(-1.0222)
(-3.7541)
A1(8.6029)
(5.2738)
(2.9746)
A2(3.6631)
(-3.5721)
(0.8859)
A3(-6.6607)
(8.1642)
(-11.4539)
A4(4.9033)
(14.6525)
(-2.7007)
G1(1.0360)
(0.6157)
(-0.4044)
G2(-0.4837)
(0.9988)
(-0.9961)
G3(-0.1532)
(0.6353)
(-0.7785)
G4(4.0600)
(-1.6437)
(-5.0189)
A1(4.1242)
(10.0064)
(3.2860)
A2(0.1867)
(-7.7907)
(4.0127)
A3(15.4043)
(3.2082)
(-8.1738)
A4(10.3477)
(17.4920)
(-0.9768)
G1(0.2836)
(-0.9514)
(-0.5529)
G2(1.2217)
(1.4591)
(-2.2625)
G3(-0.4284)
(1.7379)
(0.0415)
G4(4.8614)
(-3.9584)
(-3.2124)
A1(-2.5196)
(8.2963)
(0.7856)
A2(4.8171)
(-3.7062)
(9.6391)
A3(6.3351)
(8.4563)
(1.2210)
A4(15.0308)
(14.7483)
(-11.1091)
G1(0.2528)
(-0.4369)
(-1.2026)
G2(4.9199)
(-0.7748)
(-2.9830)
G3(-0.1612)
(0.7338)
(-0.4544)
G4(2.1561)
(-2.2881)
(-2.7893)
A1(2.9746)
(11.1943)
(-1.1879)
A2(10.0987)
(1.0295)
(12.1721)
A3(1.1253)
(10.5728)
(-5.8466)
A4(7.4555)
(20.6476)
(-8.3510)
G1(0.8179)
(-0.7471)
(-0.4284)
G2(3.5396)
(-2.2476)
(-4.7209)
G3(-0.0112)
(-0.2677)
(0.5401)
G4(-1.0674)
(1.3212)
(-2.6520)
A1(1.4418)
(11.0075)
(0.1820)
A2(-3.8020)
(6.0861)
(6.5553)
A3(6.9288)
(3.6775)
(-6.9863)
A4(22.7066)
(17.0850)
(7.5657)
G1(0.2357)
(0.5784)
(-1.1637)
G2(3.3741)
(1.2968)
(-4.5645)
G3(0.4778)
(-0.7141)
(0.1006)
G4(-0.6561)
(2.3424)
(-1.5868)
A1(-0.0431)
(8.2868)
(1.7053)
A2(11.7124)
(5.4923)
(7.9918)
A3(3.2705)
(10.2376)
(-8.8729)
A4(5.6120)
(9.3613)
(1.9728)
G1(0.3618)
(0.3805)
(-1.3729)
G2(4.1984)
(2.3567)
(-1.9390)
G3(0.0511)
(-0.4709)
(-0.3741)
G4(0.3006)
(1.8379)
(-1.4404)
A1(-2.5962)
(6.5192)
(-0.2635)
A2(9.3134)
(16.5822)
(0.5602)
A3(4.5346)
(5.9233)
(-8.9735)
A4(7.9918)
(6.5314)
(-0.1197)
G1(0.3789)
(-0.2240)
(-0.7790)
G2(3.4130)
(-0.7976)
(-1.2372)
G3(-0.2049)
(-0.2150)
(-0.9067)
G4(0.1644)
(0.0500)
(-0.8093)
A1(-1.5663)
(10.7297)
(0.3161)
A2(-5.1380)
(5.7174)
(5.3151)
A3(-1.4365)
(8.3127)
(-2.2936)
A4(-2.0159)
(8.7628)
(-2.1596)
G1(-0.2325)
(-0.6742)
(-0.5486)
G2(0.8120)
(2.3722)
(-1.4835)
G3(0.2751)
(-0.2405)
(-0.3421)
G4(0.0846)
(-0.9434)
(-0.5002)
A1(-3.7171)
(9.0963)
(1.5424)
A2(2.1021)
(10.0604)
(3.8786)
A3(-0.8571)
(5.4923)
(-8.8921)
A4(3.6392)
(8.8585)
(-1.8148)
G1(0.4922)
(-0.7726)
(-0.9003)
G2(0.5965)
(-3.0352)
(-0.5295)
G3(-0.3576)
(-1.9369)
(0.1235)
G4(0.2325)
(-0.5486)
(-0.6061)
A1(-2.2801)
(9.3933)
(0.6371)
A2(-3.4572)
(8.2456)
(2.3415)
A3(-2.5714)
(5.5019)
(-8.1642)
A4(0.7135)
(9.3948)
(-2.5570)
G1(1.4979)
(-0.0782)
(-0.7758)
G2(0.6412)
(0.1963)
(-0.6737)
G3(-0.4837)
(-0.8668)
(-0.1612)
G4(0.2049)
(-0.6566)
(-0.4097)
A1(-3.4967)
(8.5406)
(-1.7771)
A2(3.1316)
(8.8969)
(1.1157)
A3(-1.2019)
(6.5314)
(-5.8323)
A4(-0.2298)
(9.4092)
(-2.1165)
G1(1.7576)
(0.9301)
(-0.4257)
G2(0.5428)
(-0.2932)
(-0.6109)
G3(-0.1410)
(-0.7130)
(-0.2751)
G4(0.3006)
(-0.5146)
(-0.3656)
