A1(-0.3976)
(6.8354)
(5.4463)
A2(0.7518)
(9.5960)
(-1.0343)
A3(-0.0718)
(9.2225)
(-2.4181)
A4(0.1437)
(8.9830)
(-4.9512)
G1(-0.6774)
(-0.8269)
(0.0404)
G2(-0.3257)
(-0.3060)
(-0.1394)
G3(0.8210)
(-0.5358)
(0.1634)
G4(-0.0500)
(-0.2895)
(0.0921)
A1(-1.0825)
(6.8019)
(6.6677)
A2(-0.4501)
(9.7875)
(-2.0351)
A3(-1.8148)
(5.6360)
(-3.3279)
A4(0.5986)
(9.2608)
(-3.8978)
G1(-0.2496)
(-0.7960)
(-0.2176)
G2(0.1575)
(-0.4001)
(0.1075)
G3(0.4571)
(-0.3214)
(0.4438)
G4(0.0543)
(-0.4065)
(0.1426)
A1(-0.2922)
(6.5911)
(6.9695)
A2(-0.4645)
(9.7061)
(0.6225)
A3(3.6536)
(6.5457)
(-3.2609)
A4(0.4453)
(9.4092)
(-3.3184)
G1(0.3347)
(-0.6981)
(0.0665)
G2(0.1336)
(-0.7641)
(0.1016)
G3(0.4762)
(0.1793)
(0.7024)
G4(0.2804)
(-0.6609)
(0.1410)
A1(-0.8957)
(7.9084)
(6.3851)
A2(-0.2825)
(9.4763)
(-0.1915)
A3(3.9265)
(6.8283)
(-2.2984)
A4(1.0439)
(12.2344)
(0.8140)
G1(1.8443)
(-1.7757)
(0.1724)
G2(0.7279)
(-0.8466)
(0.1101)
G3(-0.1431)
(-0.8987)
(1.6660)
G4(1.3202)
(-0.3741)
(0.1304)
A1(-0.6658)
(6.0402)
(14.7533)
A2(-1.2594)
(9.2177)
(0.4932)
A3(-1.7717)
(8.1690)
(-3.4620)
A4(12.2966)
(21.2557)
(2.6863)
G1(-0.5295)
(0.0341)
(-0.6109)
G2(0.6774)
(-1.0052)
(0.2927)
G3(0.9349)
(-0.4337)
(1.7922)
G4(3.1070)
(-1.1430)
(0.1799)
A1(20.9037)
(19.7158)
(-11.8410)
A2(-1.8723)
(8.9495)
(1.4653)
A3(-8.9830)
(46.7205)
(8.1163)
A4(-0.3112)
(35.5347)
(10.5536)
G1(2.2008)
(-2.0146)
(1.6442)
G2(0.3257)
(-0.7561)
(0.2714)
G3(2.0891)
(3.8163)
(0.1032)
G4(4.2516)
(-2.7526)
(0.7599)
A1(2.9459)
(5.7145)
(1.0873)
A2(-1.4700)
(8.4755)
(2.2553)
A3(2.8874)
(-4.3766)
(-14.3221)
A4(-5.6790)
(13.6661)
(-13.4075)
G1(1.0004)
(-4.1398)
(-0.8008)
G2(-0.4140)
(-0.4358)
(0.2490)
G3(1.8619)
(1.9012)
(-1.2989)
G4(2.2854)
(1.7565)
(1.9784)
A1(3.7698)
(11.0171)
(2.3471)
A2(1.4700)
(14.6429)
(5.6743)
A3(6.5122)
(15.6246)
(-11.6071)
A4(1.3551)
(18.7227)
(-34.9601)
G1(0.0984)
(-4.1994)
(-0.0543)
G2(-1.8023)
(-2.3072)
(1.0621)
G3(-0.8306)
(-0.2618)
(0.8280)
G4(-1.8959)
(2.5137)
(4.4123)
A1(-0.1629)
(6.8593)
(2.8165)
A2(-3.3806)
(23.2190)
(19.0435)
A3(1.4126)
(16.1561)
(1.4700)
A4(12.0285)
(-0.0575)
(-12.7850)
G1(-1.3691)
(-2.2237)
(0.9940)
G2(-6.9712)
(-1.8017)
(1.9278)
G3(0.5076)
(-1.0424)
(0.0580)
G4(-12.8314)
(4.5959)
(0.7716)
A1(1.0203)
(7.9515)
(1.8298)
A2(5.9807)
(16.8265)
(6.6367)
A3(0.9816)
(10.1801)
(-2.1356)
A4(9.8019)
(11.2049)
(-5.7748)
G1(-0.0761)
(-0.1575)
(-0.6071)
G2(-7.4639)
(-4.1739)
(1.9779)
G3(0.3970)
(-1.1818)
(0.4326)
G4(-13.4875)
(-3.0192)
(6.9957)
A1(6.0546)
(5.1732)
(1.7292)
A2(13.2639)
(17.4202)
(10.0509)
A3(-1.5323)
(4.8554)
(-5.7317)
A4(-35.2762)
(29.8461)
(31.7184)
G1(-0.7753)
(-1.6863)
(-0.0740)
G2(-6.6514)
(-2.5632)
(4.7784)
G3(0.1852)
(-1.4670)
(0.9653)
G4(-12.7696)
(6.3130)
(8.9102)
A1(8.2293)
(6.9360)
(3.9230)
A2(2.5522)
(15.7634)
(3.1125)
A3(2.9161)
(0.4932)
(-4.4197)
A4(0.6416)
(18.0331)
(16.6684)
G1(-1.5596)
(-6.1124)
(-2.6510)
G2(-5.0290)
(1.1174)
(4.3670)
G3(0.4981)
(-1.8640)
(0.6125)
G4(-4.4910)
(1.3069)
(1.7703)
A1(-2.3471)
(9.1202)
(0.3880)
A2(0.8667)
(-15.7299)
(13.1537)
A3(0.4884)
(5.7604)
(-8.7101)
A4(-6.0908)
(0.3208)
(-7.8290)
G1(0.4805)
(2.0827)
(0.0644)
G2(-3.9430)
(-2.5275)
(4.0808)
G3(0.9982)
(-2.0891)
(1.1031)
G4(-1.8321)
(4.2729)
(-3.2709)
A1(-0.3114)
(11.6206)
(2.2322)
A2(15.4570)
(-2.9880)
(14.0300)
A3(4.9177)
(0.7709)
(-7.6519)
A4(-4.8602)
(-2.4900)
(-8.8346)
G1(0.8679)
(0.2432)
(-0.0990)
G2(-9.2082)
(1.1962)
(0.1458)
G3(0.8801)
(0.6513)
(-0.5268)
G4(2.8351)
(-1.5724)
(-3.3044)
A1(2.0070)
(9.8483)
(2.4429)
A2(-0.3543)
(8.3653)
(-3.2705)
A3(4.1420)
(-2.3080)
(-12.5456)
A4(-1.8292)
(1.8148)
(-8.0493)
G1(0.8498)
(0.4619)
(-0.4794)
G2(-1.9518)
(0.0362)
(-1.2675)
G3(1.4175)
(-0.0841)
(0.3182)
G4(3.9845)
(-0.4757)
(-6.1283)
A1(2.1843)
(9.9250)
(-0.3161)
A2(-2.4181)
(-4.2473)
(1.6999)
A3(-2.0542)
(9.5433)
(-8.5186)
A4(9.2847)
(13.2735)
(1.3791)
G1(0.4730)
(0.3938)
(-1.3170)
G2(-1.3574)
(1.1526)
(-0.8216)
G3(-0.0011)
(0.6694)
(1.0797)
G4(4.6331)
(-1.9422)
(-5.4339)
A1(8.7849)
(9.3693)
(4.8475)
A2(2.7485)
(-1.2306)
(5.1475)
A3(3.7158)
(-7.4939)
(-10.4244)
A4(-0.3065)
(9.0070)
(-0.0335)
G1(0.0043)
(0.4448)
(0.1123)
G2(0.8328)
(1.9417)
(-2.0571)
G3(-0.2586)
(-0.1192)
(0.1713)
G4(4.8667)
(-3.3959)
(-4.4203)
A1(3.4105)
(8.0568)
(4.4308)
A2(4.4676)
(-4.3239)
(7.7859)
A3(2.5043)
(4.5633)
(-2.0111)
A4(7.7668)
(17.1856)
(-4.9273)
G1(0.5247)
(-0.1123)
(-1.1962)
G2(3.6290)
(0.5151)
(-2.4344)
G3(-0.3517)
(-1.7097)
(0.8338)
G4(2.6563)
(-3.1065)
(-2.1008)
A1(0.0862)
(11.9847)
(2.2657)
A2(10.7835)
(-3.8547)
(10.3238)
A3(3.5291)
(12.8856)
(-6.4643)
A4(12.6845)
(16.9605)
(-6.5793)
G1(0.4241)
(-0.5550)
(-0.5539)
G2(3.9605)
(-1.6511)
(-3.3922)
G3(-0.1314)
(0.0383)
(0.3842)
G4(1.4638)
(-1.6905)
(-1.7735)
A1(1.9591)
(9.4986)
(1.9352)
A2(9.1411)
(-1.0343)
(11.1570)
A3(3.5243)
(6.9145)
(-5.5306)
A4(11.8513)
(13.9678)
(-6.5984)
G1(1.0227)
(0.3262)
(-0.8046)
G2(3.5817)
(-2.1790)
(-4.7374)
G3(-0.1048)
(-0.0532)
(0.0255)
G4(-0.1027)
(-1.9523)
(-1.1978)
