A1(2.4190)
(4.3254)
(7.4677)
A2(0.1724)
(9.7444)
(-0.2777)
A3(2.3990)
(6.6128)
(-2.7869)
A4(-0.3926)
(9.4571)
(-2.7054)
G1(-0.1064)
(-1.0589)
(0.1878)
G2(0.4001)
(-0.6401)
(0.0857)
G3(0.4640)
(-0.7279)
(1.2169)
G4(0.9860)
(-0.3187)
(0.1149)
A1(-6.6773)
(16.5161)
(5.2355)
A2(-1.4030)
(9.2320)
(1.2019)
A3(3.4141)
(4.1563)
(-1.3599)
A4(8.0349)
(24.1288)
(5.6599)
G1(3.4268)
(-3.3747)
(0.1325)
G2(0.0521)
(-1.0408)
(0.2118)
G3(0.6699)
(-0.4518)
(2.0795)
G4(3.0187)
(-1.4931)
(0.4486)
A1(10.3513)
(10.9931)
(-2.7782)
A2(-0.9577)
(8.9064)
(0.7805)
A3(6.9576)
(-2.3032)
(-7.4412)
A4(-4.7980)
(41.0414)
(10.2951)
G1(2.2780)
(-0.6375)
(-0.3028)
G2(0.0378)
(-0.8072)
(0.1054)
G3(0.6385)
(-0.9232)
(1.4920)
G4(5.1242)
(-2.9011)
(2.2391)
A1(6.0881)
(17.2058)
(3.5734)
A2(-1.6376)
(11.5017)
(4.9943)
A3(3.1077)
(4.4772)
(-9.2895)
A4(-13.4363)
(24.1431)
(-22.7306)
G1(0.7348)
(-1.2446)
(-0.1235)
G2(-0.9892)
(-1.3095)
(0.8828)
G3(-0.8040)
(-4.4804)
(1.0477)
G4(-6.9680)
(-1.8672)
(1.0062)
A1(2.9602)
(3.1518)
(6.7156)
A2(13.0532)
(4.0127)
(7.1874)
A3(3.8786)
(9.7540)
(-8.5234)
A4(-3.7206)
(6.8187)
(-26.8869)
G1(0.8030)
(0.0665)
(-0.0873)
G2(-6.4199)
(-7.1420)
(1.2244)
G3(-0.5337)
(-2.6159)
(0.3304)
G4(-8.2717)
(4.9811)
(1.6187)
A1(1.6430)
(6.3803)
(-0.2347)
A2(6.4404)
(13.0101)
(11.6741)
A3(-5.1284)
(18.6844)
(7.0629)
A4(7.9966)
(9.8306)
(-5.9711)
G1(-2.5728)
(-6.6360)
(-0.0681)
G2(-5.5324)
(-2.8133)
(3.5540)
G3(0.9567)
(-0.1517)
(-0.3230)
G4(-12.8170)
(-0.1336)
(4.6592)
A1(2.2944)
(10.1693)
(-4.7613)
A2(9.9311)
(23.8462)
(20.0059)
A3(0.4645)
(3.4716)
(-7.9583)
A4(-3.2513)
(27.5716)
(5.6743)
G1(3.1363)
(1.6011)
(-1.3005)
G2(-9.2077)
(-1.3606)
(3.3731)
G3(0.5922)
(-2.9314)
(1.9566)
G4(-8.9879)
(0.0436)
(6.4912)
A1(-18.4608)
(10.6962)
(-6.6390)
A2(-5.3056)
(0.1437)
(11.8561)
A3(10.1897)
(11.2719)
(-1.9776)
A4(-15.8640)
(-1.9010)
(-13.6853)
G1(-0.8785)
(-0.6572)
(0.1474)
G2(-4.7832)
(0.9972)
(3.4508)
G3(1.2723)
(0.6939)
(-0.4294)
G4(-3.0165)
(1.5351)
(0.5225)
A1(-0.4263)
(10.1836)
(-1.5472)
A2(12.8281)
(6.5457)
(11.3581)
A3(-2.9018)
(-1.3886)
(-11.0133)
A4(-5.0326)
(-10.3430)
(-12.2870)
G1(-0.1006)
(-0.4975)
(0.7497)
G2(-5.3946)
(0.4246)
(1.2015)
G3(1.3670)
(0.0926)
(-0.4124)
G4(3.7578)
(-0.7162)
(-4.5810)
A1(0.2922)
(12.1188)
(7.2904)
A2(-4.4341)
(7.7572)
(-1.8771)
A3(3.6392)
(1.5467)
(-10.1562)
A4(1.3120)
(6.0765)
(-5.1092)
G1(0.4028)
(1.9805)
(-0.6327)
G2(-2.2812)
(2.7228)
(-0.8556)
G3(0.9924)
(1.2973)
(-0.6779)
G4(4.7560)
(-0.2315)
(-4.1813)
A1(5.5517)
(9.0292)
(3.2237)
A2(2.6911)
(-0.3783)
(5.2864)
A3(2.8587)
(2.7390)
(-6.7900)
A4(3.9648)
(12.5983)
(-3.0311)
G1(-0.6258)
(-0.6380)
(-0.5215)
G2(2.3626)
(1.0844)
(-1.6932)
G3(-0.0064)
(0.7066)
(-0.3900)
G4(6.4290)
(-3.1267)
(-2.7840)
A1(0.2156)
(10.7584)
(5.4319)
A2(3.1220)
(-2.8156)
(6.4069)
A3(3.5482)
(11.8082)
(-4.6639)
A4(4.7597)
(13.0436)
(-4.3144)
G1(0.0809)
(-0.7615)
(-0.4906)
G2(4.9444)
(0.6651)
(-2.4812)
G3(0.0601)
(0.5917)
(-0.0803)
G4(3.3507)
(-3.5519)
(-1.0360)
A1(2.5291)
(11.6446)
(5.7720)
A2(12.3541)
(-1.4413)
(11.2144)
A3(0.1820)
(1.8914)
(-7.8003)
A4(13.2878)
(21.2988)
(-0.7183)
G1(0.5587)
(-0.3469)
(-0.8274)
G2(4.4431)
(-1.5751)
(-3.6232)
G3(0.2219)
(-0.4044)
(0.3730)
G4(0.5417)
(-1.5633)
(-1.9161)
A1(1.0969)
(10.1980)
(-1.0969)
A2(7.4555)
(2.4900)
(7.9583)
A3(3.1795)
(5.3870)
(-7.4172)
A4(9.4188)
(13.7667)
(-5.2289)
G1(1.5128)
(1.0834)
(-1.0355)
G2(3.5162)
(1.2313)
(-4.6437)
G3(0.3347)
(-1.3851)
(0.4587)
G4(1.3548)
(-2.0444)
(-1.8853)
A1(2.0070)
(10.6195)
(0.4646)
A2(7.7620)
(9.6486)
(10.2903)
A3(3.8978)
(7.7620)
(-6.4691)
A4(1.6759)
(17.8081)
(5.6168)
G1(1.8097)
(1.5234)
(-0.3022)
G2(2.2663)
(3.5274)
(-1.9699)
G3(0.3815)
(-0.3017)
(-0.0841)
G4(-0.5108)
(-0.4954)
(-0.9951)
A1(0.1150)
(10.6243)
(0.0000)
A2(6.7612)
(10.2951)
(7.4029)
A3(2.7438)
(6.4308)
(-8.2025)
A4(3.3806)
(10.9463)
(-0.0239)
G1(0.3209)
(-0.9418)
(-0.9998)
G2(2.9059)
(1.8847)
(-0.9296)
G3(0.2953)
(0.7210)
(-0.9871)
G4(0.4810)
(0.1474)
(-0.6737)
A1(-6.0450)
(7.8078)
(-0.2203)
A2(8.0206)
(9.2799)
(5.6599)
A3(-3.5961)
(8.4372)
(-8.7915)
A4(0.5267)
(8.2935)
(-5.3343)
G1(-0.6071)
(-0.7577)
(-0.5577)
G2(2.2248)
(-0.6502)
(-0.8503)
G3(0.0410)
(0.6838)
(-0.8338)
G4(0.2102)
(-0.4539)
(-0.6050)
A1(-3.7602)
(9.0915)
(-0.2491)
A2(4.2713)
(10.7117)
(2.4469)
A3(-2.4708)
(7.0820)
(-7.2257)
A4(-0.0096)
(9.0932)
(-2.4181)
G1(-0.3038)
(-0.7168)
(-0.2783)
G2(0.1767)
(1.1536)
(-0.3986)
G3(0.0319)
(-0.7641)
(-0.0708)
G4(0.1362)
(-0.3001)
(-0.4741)
A1(-3.2429)
(8.7706)
(1.4610)
A2(0.7853)
(9.4236)
(1.5227)
A3(0.0096)
(4.3239)
(-6.8474)
A4(0.8811)
(9.0597)
(-5.9233)
G1(-0.4874)
(-0.5465)
(-0.2826)
G2(0.8684)
(-0.6013)
(-0.7317)
G3(0.0633)
(-0.6694)
(-0.0021)
G4(-0.0607)
(-0.0298)
(-0.4299)
A1(-3.1518)
(8.5837)
(2.6489)
A2(-0.3496)
(8.4084)
(1.5993)
A3(-1.1492)
(6.1196)
(-7.8721)
A4(1.1779)
(9.4379)
(-0.1676)
G1(-0.4651)
(-0.7966)
(-0.0692)
G2(0.6050)
(-0.7077)
(-0.4720)
G3(0.1713)
(-0.4837)
(0.2788)
G4(-0.2597)
(-0.3773)
(-0.2336)
