A1(0.3305)
(15.9556)
(-1.5137)
A2(7.8721)
(5.0949)
(10.1562)
A3(-2.7869)
(4.8554)
(-10.7787)
A4(7.9871)
(-1.5514)
(-8.3175)
G1(2.8069)
(3.3470)
(-0.6359)
G2(-1.4298)
(1.1983)
(0.7050)
G3(-0.0319)
(0.5885)
(-1.2776)
G4(2.1950)
(3.6923)
(-5.4132)
A1(-0.0479)
(11.0794)
(9.0196)
A2(10.5536)
(5.3678)
(6.6702)
A3(-1.0487)
(5.4013)
(-11.4970)
A4(-7.3263)
(-27.2221)
(-8.0732)
G1(2.6175)
(4.3261)
(-1.1643)
G2(-1.3846)
(0.3868)
(1.5240)
G3(-0.2160)
(0.7737)
(-1.4766)
G4(0.6646)
(1.5415)
(-3.5593)
A1(1.8825)
(24.4627)
(5.4032)
A2(0.2969)
(6.1148)
(6.7181)
A3(-2.1500)
(32.0536)
(9.5481)
A4(-8.7484)
(-0.9290)
(-26.4368)
G1(-7.7135)
(6.1326)
(-1.2457)
G2(0.7955)
(3.5109)
(0.8051)
G3(1.4447)
(3.4369)
(-2.9873)
G4(-0.4560)
(2.7239)
(-3.3491)
A1(-4.7996)
(31.3364)
(17.9243)
A2(-4.0175)
(15.5288)
(6.4356)
A3(-3.9361)
(31.1917)
(-3.8595)
A4(4.9943)
(12.7372)
(-9.0644)
G1(-9.7148)
(1.1302)
(-6.6828)
G2(4.8034)
(4.8231)
(-1.4740)
G3(2.8234)
(2.9750)
(-4.4213)
G4(-1.0073)
(1.4936)
(0.1905)
A1(-3.7793)
(31.6382)
(13.4361)
A2(8.1068)
(4.2377)
(10.1658)
A3(10.1897)
(20.2549)
(-37.5411)
A4(-3.3184)
(17.0850)
(2.8012)
G1(-8.1679)
(-0.7077)
(-3.9749)
G2(2.3285)
(-1.5181)
(1.5719)
G3(-1.1616)
(-1.2388)
(-2.6936)
G4(-0.9360)
(1.2643)
(-1.1196)
A1(4.3062)
(-8.6748)
(8.4640)
A2(23.7313)
(2.1117)
(-1.4940)
A3(-39.3846)
(6.3590)
(-23.5733)
A4(0.4214)
(-0.0383)
(0.8428)
G1(-5.1141)
(1.7427)
(-2.7888)
G2(2.4525)
(4.1739)
(3.3747)
G3(-14.1063)
(-0.5555)
(4.3564)
G4(0.0287)
(0.6529)
(-0.5933)
A1(-2.6489)
(-0.6946)
(22.0485)
A2(-8.8298)
(17.8320)
(23.4297)
A3(16.5008)
(22.1081)
(18.2390)
A4(-5.7413)
(-0.8236)
(-10.8553)
G1(-8.3563)
(-2.9995)
(-2.7936)
G2(0.2267)
(-1.1717)
(-0.7833)
G3(-16.0235)
(7.2479)
(-0.0937)
G4(0.9903)
(3.6870)
(-0.7157)
A1(6.3324)
(11.9990)
(7.5299)
A2(2.8299)
(-12.5121)
(2.6432)
A3(-11.0373)
(28.3713)
(19.1584)
A4(3.2513)
(6.0142)
(1.5706)
G1(-7.2234)
(-1.6767)
(-0.2538)
G2(-1.4894)
(4.8060)
(-0.6077)
G3(-16.4620)
(3.5375)
(-2.8239)
G4(1.7022)
(0.4092)
(-0.1501)
A1(8.6412)
(-7.3431)
(0.3688)
A2(-11.5496)
(6.0573)
(2.8874)
A3(7.6662)
(0.7422)
(-37.0814)
A4(5.9233)
(-14.0827)
(-14.5807)
G1(0.7311)
(-0.5332)
(2.9676)
G2(-0.2059)
(2.2673)
(0.3948)
G3(-3.7157)
(1.2382)
(0.5342)
G4(1.1196)
(-1.1632)
(1.8837)
A1(-1.0538)
(1.7100)
(0.4359)
A2(-1.0391)
(8.5234)
(0.8236)
A3(5.1715)
(-1.4317)
(-19.5846)
A4(-3.5674)
(6.3303)
(-9.2464)
G1(3.9073)
(0.4885)
(2.9788)
G2(-0.0559)
(4.9077)
(1.1126)
G3(-1.1494)
(-1.9608)
(4.2910)
G4(0.8014)
(-0.6933)
(-0.0979)
A1(0.3688)
(0.2156)
(2.2226)
A2(8.8921)
(10.1754)
(-0.6800)
A3(-2.4708)
(-4.6974)
(-19.4313)
A4(5.0278)
(-3.0885)
(-5.8371)
G1(4.4889)
(-0.2373)
(3.2975)
G2(-0.7380)
(-0.5821)
(-0.2943)
G3(4.2867)
(2.5627)
(0.9456)
G4(-0.4597)
(3.8514)
(-3.4406)
A1(-8.3011)
(-0.1916)
(10.4614)
A2(3.2130)
(6.9001)
(0.6177)
A3(5.2720)
(6.7947)
(-8.9352)
A4(21.6101)
(20.4034)
(-2.3320)
G1(5.3866)
(-0.8796)
(4.8832)
G2(0.6460)
(-1.5761)
(-0.0628)
G3(6.5737)
(1.5139)
(2.9564)
G4(-0.5651)
(0.9163)
(0.9206)
A1(-0.5940)
(6.8019)
(9.9920)
A2(1.1396)
(7.4124)
(-1.5610)
A3(-7.6136)
(19.7139)
(1.7621)
A4(4.0079)
(23.8558)
(-5.0613)
G1(3.3779)
(-0.9668)
(5.5366)
G2(1.6857)
(1.1573)
(0.9610)
G3(7.4682)
(2.2205)
(2.7696)
G4(-0.2437)
(0.2810)
(-0.3028)
A1(-11.3524)
(15.5772)
(6.1935)
A2(1.8052)
(17.0228)
(16.3955)
A3(-4.5155)
(22.2086)
(3.2274)
A4(2.2170)
(1.3408)
(-11.5353)
G1(4.1287)
(-0.9355)
(2.8207)
G2(0.2964)
(-2.6441)
(1.4223)
G3(6.8887)
(3.0011)
(1.6996)
G4(0.1804)
(-0.5428)
(0.1011)
A1(-11.4865)
(10.0256)
(7.5539)
A2(-18.3156)
(7.5322)
(4.0366)
A3(-17.3244)
(18.8998)
(-4.5490)
A4(-0.6560)
(12.1530)
(-6.2776)
G1(2.7095)
(-1.4803)
(1.6320)
G2(1.4223)
(1.6948)
(0.7274)
G3(3.1959)
(1.3904)
(0.6731)
G4(0.4603)
(1.4649)
(-0.4076)
A1(-21.7324)
(10.0543)
(17.9962)
A2(-2.1644)
(13.1394)
(5.6264)
A3(-14.8201)
(22.8407)
(-1.4030)
A4(1.1636)
(6.4404)
(-11.4778)
G1(-2.4094)
(1.1281)
(-1.0429)
G2(0.8567)
(-3.6210)
(0.1873)
G3(1.3574)
(1.6229)
(1.0781)
G4(0.3161)
(0.7040)
(1.2185)
A1(17.6082)
(8.4592)
(5.5852)
A2(-7.2018)
(8.4467)
(1.3599)
A3(-31.0528)
(26.6379)
(6.8618)
A4(-0.6225)
(2.7773)
(-9.1411)
G1(2.0667)
(-1.8805)
(2.8245)
G2(0.9488)
(2.6925)
(1.1100)
G3(-0.3102)
(-8.6623)
(0.8684)
G4(-0.1282)
(0.1995)
(1.0674)
A1(-17.4980)
(9.9106)
(0.1006)
A2(2.4995)
(14.1402)
(3.5338)
A3(11.1666)
(-17.0180)
(-9.1315)
A4(4.6112)
(10.1466)
(-7.1587)
G1(0.6859)
(2.7798)
(-1.0898)
G2(-0.5284)
(-0.8626)
(1.2451)
G3(1.6533)
(-3.6152)
(1.2191)
G4(-0.3443)
(0.4571)
(0.6800)
A1(4.9146)
(9.5753)
(2.1124)
A2(4.2377)
(10.1706)
(0.3591)
A3(3.7972)
(8.9447)
(-0.0814)
A4(6.2010)
(4.4676)
(-7.6806)
G1(1.1781)
(0.8253)
(0.8317)
G2(1.5101)
(-1.1994)
(1.2058)
G3(0.9498)
(3.8850)
(0.1149)
G4(-0.1282)
(2.1077)
(-0.7572)
A1(1.9687)
(8.4736)
(2.1651)
A2(1.7142)
(6.7469)
(-1.3599)
A3(0.5938)
(8.9160)
(-6.8091)
A4(2.1452)
(5.7940)
(-6.4643)
G1(0.4619)
(-1.2377)
(0.5651)
G2(0.9088)
(0.8232)
(1.1073)
G3(0.1580)
(0.5284)
(0.2102)
G4(0.6321)
(2.3636)
(-1.4191)
