A1(2.3567)
(9.5657)
(-0.3545)
A2(4.1420)
(9.5720)
(2.5331)
A3(-2.8491)
(7.4603)
(-6.5553)
A4(-2.4229)
(5.0374)
(-4.8507)
G1(1.0147)
(2.3062)
(-0.2682)
G2(-0.4310)
(1.0201)
(0.2139)
G3(-0.3225)
(0.6502)
(-0.1612)
G4(0.9131)
(2.0433)
(-1.4793)
A1(3.4488)
(8.7370)
(-1.3747)
A2(5.9711)
(6.9192)
(2.7821)
A3(2.3846)
(8.3749)
(-6.2010)
A4(-7.6423)
(6.7612)
(-2.4373)
G1(0.9876)
(1.8347)
(-0.2097)
G2(0.2453)
(0.9232)
(1.2717)
G3(-0.3943)
(1.2851)
(-0.5028)
G4(1.1712)
(3.0213)
(-2.5823)
A1(1.6238)
(11.0315)
(1.5089)
A2(1.3264)
(6.6128)
(6.0430)
A3(0.3112)
(9.0214)
(-2.3032)
A4(5.1858)
(7.7572)
(2.6384)
G1(0.6987)
(0.9881)
(-1.0397)
G2(-0.2815)
(2.5297)
(0.6790)
G3(0.0208)
(0.5571)
(-0.5805)
G4(0.7301)
(-0.9386)
(1.0456)
A1(-0.4551)
(11.8458)
(3.9422)
A2(5.2672)
(6.5841)
(4.5586)
A3(0.1293)
(11.5496)
(-2.2075)
A4(-2.7438)
(1.9154)
(-3.7254)
G1(-0.5875)
(3.4140)
(-0.6455)
G2(0.1064)
(1.2111)
(-0.0756)
G3(0.5028)
(0.3299)
(-0.8056)
G4(-0.1022)
(-0.7428)
(-0.7338)
A1(-10.9740)
(-0.6035)
(16.9759)
A2(3.9456)
(5.7988)
(8.4467)
A3(-1.0151)
(16.4865)
(4.9656)
A4(-1.2641)
(9.2608)
(-11.5305)
G1(-7.4474)
(4.3080)
(-1.4431)
G2(0.9700)
(1.8140)
(-0.2528)
G3(1.3276)
(0.6997)
(-1.5586)
G4(-0.5475)
(-0.1501)
(-0.3512)
A1(-6.5767)
(14.2743)
(18.3267)
A2(0.5698)
(7.1635)
(9.7683)
A3(-9.1554)
(29.3673)
(1.0247)
A4(-3.3710)
(11.1139)
(-1.8148)
G1(-8.8996)
(2.4770)
(-6.2459)
G2(0.3469)
(-1.5048)
(0.3916)
G3(4.6443)
(1.5293)
(-1.8225)
G4(-0.7050)
(-0.2017)
(0.2735)
A1(-5.6522)
(29.5689)
(10.5333)
A2(-7.9152)
(16.5870)
(1.4748)
A3(5.8562)
(17.6692)
(-31.7136)
A4(3.6488)
(13.2208)
(4.4005)
G1(-9.0736)
(-4.2090)
(-4.8832)
G2(2.7893)
(6.7004)
(-0.7774)
G3(-1.0807)
(-0.5832)
(-0.8785)
G4(-0.0814)
(-1.6160)
(0.3640)
A1(-3.3578)
(-7.6066)
(10.3992)
A2(3.2322)
(8.2217)
(4.6878)
A3(-29.1805)
(17.8224)
(-16.7929)
A4(5.3726)
(8.4611)
(-2.3224)
G1(-5.7607)
(-0.6667)
(-1.8315)
G2(1.4484)
(1.6974)
(-0.7524)
G3(-13.5976)
(-3.3097)
(5.8868)
G4(0.8093)
(4.0292)
(-2.0130)
A1(-1.9448)
(-3.7458)
(21.6510)
A2(0.6321)
(5.0135)
(2.8635)
A3(2.5235)
(32.4223)
(9.7779)
A4(-0.3304)
(3.4764)
(-7.9966)
G1(-7.6699)
(-2.3754)
(-2.0311)
G2(0.1075)
(-1.1829)
(-0.6657)
G3(-14.0244)
(8.3786)
(-1.5469)
G4(1.3856)
(3.5199)
(-1.1148)
A1(3.0656)
(7.9515)
(-6.2797)
A2(-3.4572)
(8.0828)
(4.9991)
A3(31.7136)
(41.1180)
(29.2715)
A4(-9.0453)
(9.4140)
(-9.6343)
G1(-6.2119)
(-7.0665)
(0.5635)
G2(-0.3735)
(4.8848)
(-0.5470)
G3(-10.1596)
(-0.2011)
(-2.1407)
G4(0.8450)
(1.5096)
(0.6412)
A1(1.5759)
(-1.8394)
(-1.2646)
A2(-6.8235)
(9.6582)
(5.6934)
A3(4.1515)
(-4.9368)
(-32.0057)
A4(1.5419)
(-3.0598)
(-13.6230)
G1(0.0372)
(-0.4826)
(3.0543)
G2(-0.0537)
(2.5068)
(1.7182)
G3(-4.2186)
(0.0149)
(2.6547)
G4(0.2490)
(0.2395)
(-0.1314)
A1(-0.0814)
(1.2167)
(0.0383)
A2(-3.1987)
(7.9344)
(-1.4317)
A3(-11.2958)
(2.2362)
(-20.3316)
A4(8.8298)
(5.5689)
(-7.9440)
G1(2.8521)
(-0.1809)
(3.0064)
G2(-1.1158)
(3.1469)
(0.2927)
G3(-0.2112)
(-0.8375)
(3.6051)
G4(0.1250)
(-0.0223)
(-0.5757)
A1(-2.1747)
(-0.8526)
(4.1482)
A2(9.8114)
(5.5689)
(-6.0669)
A3(1.2450)
(-2.5283)
(-15.8305)
A4(0.1484)
(6.0669)
(-5.9089)
G1(3.6641)
(-0.1820)
(3.6386)
G2(-0.2442)
(-2.0263)
(-0.4512)
G3(4.0350)
(2.5201)
(2.1939)
G4(-0.2272)
(0.8423)
(-0.7572)
A1(-15.4096)
(1.4897)
(10.7584)
A2(8.2504)
(10.1658)
(0.5555)
A3(-2.4373)
(10.6398)
(-2.4804)
A4(8.7436)
(36.1141)
(3.3184)
G1(4.1425)
(1.9422)
(4.6134)
G2(0.3789)
(0.1336)
(0.6444)
G3(6.4449)
(1.0179)
(2.5978)
G4(-0.3954)
(-0.6625)
(-0.0974)
A1(-7.7742)
(3.0273)
(10.5381)
A2(0.3735)
(9.3948)
(3.0694)
A3(-1.4317)
(16.7067)
(3.2944)
A4(-8.4851)
(1.2306)
(-2.3415)
G1(3.1421)
(1.2994)
(4.0760)
G2(0.3294)
(-0.0128)
(1.0866)
G3(6.0107)
(2.1215)
(2.1077)
G4(0.1953)
(-1.1728)
(0.5566)
A1(-10.5381)
(9.5657)
(7.8700)
A2(1.8675)
(17.6261)
(14.2599)
A3(-8.5856)
(15.7443)
(0.9577)
A4(1.0534)
(8.5808)
(-5.9664)
G1(2.6520)
(-0.8099)
(3.0112)
G2(-1.1398)
(-0.6396)
(0.3331)
G3(4.4900)
(3.3842)
(1.2457)
G4(0.1873)
(0.1213)
(0.0202)
A1(-8.2437)
(8.5358)
(4.4547)
A2(-8.4372)
(4.6591)
(0.9385)
A3(-13.9917)
(19.1201)
(-0.0335)
A4(-1.1396)
(7.6614)
(-7.5657)
G1(2.4722)
(-0.9360)
(1.3526)
G2(0.3081)
(-0.4438)
(-0.0984)
G3(2.3950)
(3.0894)
(0.4278)
G4(0.1745)
(0.4379)
(0.0506)
A1(-6.5528)
(10.3848)
(6.5097)
A2(8.5042)
(14.8057)
(5.9568)
A3(-11.4491)
(17.6261)
(0.1197)
A4(1.1157)
(7.8051)
(-6.2106)
G1(1.6155)
(0.3049)
(0.5380)
G2(-0.0420)
(0.2224)
(0.5236)
G3(0.9605)
(2.8601)
(0.4220)
G4(0.1000)
(0.3230)
(0.1453)
A1(-3.0608)
(8.6412)
(3.7362)
A2(2.3080)
(11.3294)
(3.4046)
A3(-9.2943)
(11.8561)
(0.8380)
A4(-0.5650)
(8.0014)
(-7.0006)
G1(1.2515)
(-1.2313)
(0.8200)
G2(0.5944)
(0.1016)
(0.3794)
G3(0.3672)
(0.1681)
(0.3491)
G4(0.0788)
(0.3762)
(0.1990)
A1(-4.9290)
(8.2580)
(0.6514)
A2(0.6704)
(8.9591)
(1.3408)
A3(-5.4827)
(8.7436)
(-2.6001)
A4(0.1484)
(8.4036)
(-4.3144)
G1(2.3626)
(0.0426)
(0.6109)
G2(0.7705)
(-0.2698)
(0.1575)
G3(0.7694)
(0.1612)
(0.0676)
G4(0.1958)
(0.0633)
(0.5215)
