A1(1.4514)
(6.5480)
(7.3000)
A2(0.8045)
(9.3853)
(-0.2586)
A3(1.1013)
(5.5737)
(-4.0127)
A4(-0.8188)
(8.9064)
(-4.9608)
G1(-0.0122)
(-0.8115)
(-0.4214)
G2(0.2325)
(-1.2148)
(0.0122)
G3(0.4746)
(-1.0711)
(0.8673)
G4(0.3656)
(-0.6529)
(0.2586)
A1(1.4083)
(6.8689)
(9.4603)
A2(-1.4269)
(9.5816)
(0.1341)
A3(5.7221)
(4.8985)
(-3.7014)
A4(1.5897)
(11.9327)
(-1.1827)
G1(0.0527)
(-1.6309)
(0.5694)
G2(0.4273)
(-1.3925)
(0.0702)
G3(0.8274)
(-0.5789)
(1.4362)
G4(0.7652)
(-0.7982)
(0.3475)
A1(0.6562)
(8.9478)
(8.9382)
A2(-1.4174)
(9.4236)
(0.4645)
A3(5.2672)
(7.2209)
(-1.5179)
A4(4.0797)
(20.2406)
(3.8116)
G1(3.7317)
(-2.3988)
(-0.7098)
G2(0.4794)
(-1.0429)
(0.1735)
G3(-1.2925)
(-2.7287)
(2.3099)
G4(1.9928)
(-1.8762)
(0.7019)
A1(0.4167)
(7.2761)
(2.7782)
A2(-1.0582)
(9.7444)
(-0.8380)
A3(-3.9792)
(7.3885)
(-1.5850)
A4(5.6072)
(37.2059)
(11.2384)
G1(1.5421)
(-4.9992)
(-0.2826)
G2(0.9312)
(-0.9488)
(0.2155)
G3(1.5394)
(-1.6368)
(1.6022)
G4(4.0095)
(-0.9849)
(0.6731)
A1(-5.1253)
(7.1372)
(3.3626)
A2(-2.3032)
(12.2535)
(5.9855)
A3(-11.4395)
(4.6591)
(-19.2590)
A4(-5.8754)
(16.1848)
(-17.5974)
G1(0.6572)
(-3.2560)
(-1.0935)
G2(-0.3246)
(-1.6325)
(0.6157)
G3(-0.7785)
(0.0197)
(-0.4427)
G4(-0.3799)
(-1.6352)
(7.5246)
A1(3.9183)
(4.2536)
(2.0549)
A2(5.4588)
(7.4029)
(8.8921)
A3(1.5850)
(16.0316)
(-13.9103)
A4(-21.9165)
(3.3519)
(-34.1653)
G1(-0.8184)
(1.4729)
(-0.1916)
G2(-4.5272)
(-5.2445)
(1.8065)
G3(-0.4321)
(-4.4357)
(2.4275)
G4(-5.2615)
(3.1905)
(2.8021)
A1(2.3759)
(8.9382)
(6.9264)
A2(8.4084)
(17.5782)
(13.6086)
A3(0.5411)
(14.3413)
(5.3151)
A4(1.5897)
(5.3391)
(-23.5350)
G1(-1.5602)
(-0.4885)
(1.8470)
G2(-6.7131)
(-5.9054)
(2.8245)
G3(0.0394)
(0.1261)
(-0.2719)
G4(-10.1160)
(8.6772)
(-0.7423)
A1(3.0896)
(8.5454)
(-1.2215)
A2(-2.1356)
(17.0180)
(3.8211)
A3(-5.6599)
(17.7650)
(7.1587)
A4(17.4633)
(-2.7821)
(-8.2648)
G1(-2.3035)
(-2.9617)
(0.2634)
G2(-5.6319)
(-3.5231)
(2.7585)
G3(1.4011)
(0.6673)
(-0.0170)
G4(-13.6141)
(1.1254)
(-2.2343)
A1(0.7568)
(8.3778)
(-2.0597)
A2(8.6670)
(20.1975)
(18.4066)
A3(5.4684)
(8.7771)
(-9.4858)
A4(-5.3151)
(23.9660)
(3.2322)
G1(0.1708)
(-1.2568)
(0.3485)
G2(-8.8464)
(-3.0235)
(6.1299)
G3(0.8737)
(-2.7904)
(1.4378)
G4(-10.6274)
(-5.0646)
(7.3655)
A1(17.4549)
(8.3347)
(7.6497)
A2(15.9693)
(18.9908)
(2.7198)
A3(-2.1356)
(-1.6999)
(-9.1842)
A4(9.0214)
(12.8569)
(-5.7413)
G1(0.3842)
(-4.4048)
(-2.1747)
G2(-6.4428)
(0.3416)
(5.9192)
G3(-0.0649)
(-3.8344)
(1.5085)
G4(-14.5485)
(-3.0181)
(8.0711)
A1(-7.3623)
(10.4471)
(1.4801)
A2(-9.3039)
(-11.5496)
(4.8315)
A3(8.2887)
(7.2688)
(-6.6463)
A4(-29.6881)
(-8.6095)
(-12.2966)
G1(-0.6396)
(0.3757)
(0.4448)
G2(-3.4178)
(-0.4113)
(2.8399)
G3(1.1962)
(-2.6031)
(1.2877)
G4(-2.3168)
(0.5662)
(0.5486)
A1(-0.7329)
(7.7599)
(-1.0682)
A2(9.0597)
(-12.9766)
(13.4554)
A3(-0.3352)
(8.5186)
(-7.0773)
A4(7.4029)
(-1.4557)
(-11.6215)
G1(0.7120)
(0.7226)
(0.2283)
G2(-4.0829)
(2.4520)
(1.1052)
G3(0.9679)
(-2.5669)
(0.6492)
G4(1.2111)
(3.0490)
(-5.1945)
A1(0.6946)
(11.4530)
(4.9625)
A2(-17.6309)
(12.9718)
(-0.2729)
A3(4.4676)
(-1.1253)
(-11.2480)
A4(-6.0525)
(-5.1858)
(-8.5856)
G1(-0.3235)
(0.4587)
(-0.3187)
G2(-5.4579)
(2.3546)
(1.3899)
G3(0.5119)
(0.8695)
(-0.9583)
G4(3.0261)
(-1.3085)
(-4.1483)
A1(4.2440)
(8.8855)
(1.7579)
A2(4.4532)
(4.8554)
(8.1259)
A3(-2.5139)
(4.1132)
(-6.6367)
A4(2.8347)
(7.9535)
(-0.5555)
G1(0.7934)
(0.8402)
(-0.9674)
G2(-0.7476)
(1.3351)
(-1.0472)
G3(0.1043)
(1.5942)
(0.4119)
G4(3.8695)
(-1.4676)
(-4.7507)
A1(2.2753)
(9.9058)
(5.8726)
A2(-1.1253)
(-5.3534)
(3.2609)
A3(3.8211)
(4.5298)
(-9.6295)
A4(5.7604)
(10.8218)
(0.2873)
G1(-0.7306)
(-0.5220)
(-0.7061)
G2(0.2783)
(1.6256)
(-1.5820)
G3(0.1282)
(0.0410)
(0.2081)
G4(5.2243)
(-2.3695)
(-3.7620)
A1(6.3229)
(8.0856)
(0.6227)
A2(5.3534)
(-0.0239)
(4.7166)
A3(-1.8818)
(8.0637)
(-7.0533)
A4(5.0087)
(9.7396)
(1.0965)
G1(1.0302)
(0.4725)
(-0.0676)
G2(2.3918)
(2.1976)
(-2.3232)
G3(-0.0282)
(-0.3831)
(-0.6093)
G4(4.7571)
(-4.9300)
(-2.5009)
A1(2.9507)
(10.5237)
(5.3217)
A2(6.9863)
(-4.6543)
(10.4291)
A3(-2.2984)
(7.4412)
(-7.6854)
A4(14.2886)
(16.1082)
(-4.0127)
G1(0.0463)
(-0.2783)
(-0.7758)
G2(3.8727)
(-1.3420)
(-2.8734)
G3(-0.4113)
(-1.0084)
(0.1708)
G4(1.4745)
(-1.5889)
(-2.2482)
A1(5.4127)
(13.5175)
(2.5483)
A2(12.9335)
(-1.0343)
(8.4563)
A3(4.4245)
(5.1092)
(-4.8554)
A4(11.3868)
(15.3085)
(-5.6886)
G1(0.5454)
(1.2068)
(-0.0208)
G2(3.8610)
(-1.8310)
(-3.9286)
G3(-0.5619)
(-0.4039)
(1.0589)
G4(1.1877)
(-1.9475)
(-1.5697)
A1(-0.9532)
(10.8494)
(-1.0778)
A2(4.3479)
(-0.6177)
(9.6438)
A3(2.3511)
(18.5790)
(-7.4986)
A4(11.7843)
(12.9957)
(-4.7453)
G1(0.6220)
(-0.4166)
(-0.3868)
G2(2.9681)
(-1.8661)
(-4.7502)
G3(0.2655)
(-0.5651)
(-0.0266)
G4(0.3618)
(-2.1348)
(-0.9530)
A1(4.2871)
(10.5141)
(3.8368)
A2(6.0813)
(5.8514)
(7.2592)
A3(7.1826)
(4.1994)
(-6.4979)
A4(2.9592)
(10.9942)
(0.6560)
G1(1.1733)
(0.6364)
(-1.1850)
G2(2.4328)
(-0.8844)
(-4.0398)
G3(-0.5390)
(-0.4667)
(-0.0357)
G4(-0.8514)
(-3.1331)
(-1.3819)
