A1(-1.6142)
(11.6542)
(7.1467)
A2(5.0278)
(5.0278)
(4.7357)
A3(0.1724)
(9.3278)
(-8.2935)
A4(0.1580)
(4.1899)
(2.2266)
G1(0.2528)
(3.6407)
(-1.1334)
G2(-1.0930)
(0.0495)
(1.6421)
G3(-0.3469)
(0.3868)
(-0.6167)
G4(-0.3890)
(-0.8753)
(-1.0147)
A1(-4.0284)
(1.9974)
(10.9165)
A2(-3.5530)
(4.5873)
(7.9775)
A3(-2.7964)
(15.8448)
(0.7518)
A4(5.8754)
(10.2663)
(-10.8984)
G1(-4.4900)
(5.0817)
(-0.2772)
G2(-0.7615)
(3.9350)
(0.4512)
G3(0.2224)
(0.7306)
(-1.1834)
G4(0.0974)
(-2.2141)
(1.2696)
A1(-8.7993)
(21.1432)
(14.3222)
A2(2.0446)
(9.1842)
(13.6805)
A3(-1.3599)
(35.9322)
(2.2697)
A4(3.8786)
(14.0157)
(-5.3103)
G1(-9.6318)
(5.0513)
(-4.7624)
G2(3.3534)
(-0.5997)
(-0.4448)
G3(3.8301)
(3.1464)
(-2.9091)
G4(-0.5177)
(1.1547)
(-0.4736)
A1(-3.5638)
(30.7185)
(12.0182)
A2(1.6328)
(22.6587)
(4.8267)
A3(3.8116)
(22.4432)
(-29.5397)
A4(0.5650)
(20.9445)
(6.6272)
G1(-10.3171)
(0.9237)
(-6.1044)
G2(2.4669)
(1.2840)
(0.0559)
G3(1.8102)
(2.7829)
(-2.6845)
G4(-0.4198)
(1.6863)
(-0.6024)
A1(9.5418)
(15.9892)
(-2.1747)
A2(-12.9670)
(12.7659)
(2.2841)
A3(22.5869)
(7.4029)
(-32.1398)
A4(-2.0111)
(-2.7725)
(-2.1117)
G1(-5.2929)
(0.9578)
(-2.8324)
G2(2.1396)
(4.5405)
(0.2128)
G3(-9.9574)
(-3.5476)
(1.8762)
G4(-0.5358)
(1.3787)
(-0.8716)
A1(-25.1860)
(-13.5175)
(35.0104)
A2(0.8428)
(-0.9050)
(10.7500)
A3(18.7658)
(21.7729)
(11.2192)
A4(-1.2546)
(8.3845)
(-3.0311)
G1(-4.0430)
(-6.3587)
(-0.8147)
G2(-0.6231)
(1.6937)
(0.1192)
G3(-17.0244)
(5.0726)
(-1.0898)
G4(1.5506)
(2.2455)
(-0.5220)
A1(15.2659)
(16.6837)
(3.7267)
A2(-4.5825)
(5.8227)
(2.1356)
A3(-10.1801)
(35.5587)
(31.1821)
A4(-1.6328)
(12.8760)
(-4.4915)
G1(-6.2688)
(-3.5380)
(-1.5953)
G2(-0.0750)
(4.8108)
(-0.4337)
G3(-16.5434)
(0.2895)
(-1.9390)
G4(1.4931)
(0.6396)
(-0.0819)
A1(-9.8723)
(3.5590)
(-1.7292)
A2(5.3582)
(1.4269)
(6.7564)
A3(4.9368)
(18.6460)
(-16.1178)
A4(-7.3694)
(4.3910)
(-6.9719)
G1(-2.8340)
(-0.3783)
(0.4879)
G2(0.4097)
(1.6341)
(0.3884)
G3(-7.1159)
(-3.0847)
(-0.4693)
G4(1.0307)
(1.4606)
(0.3858)
A1(-4.6272)
(-0.9724)
(2.3471)
A2(-2.0207)
(9.9311)
(1.8340)
A3(9.4379)
(2.2218)
(-18.9190)
A4(-5.1380)
(-1.4892)
(-10.9080)
G1(3.5236)
(-0.0713)
(2.3158)
G2(-1.1627)
(5.2301)
(0.6593)
G3(-0.2857)
(-3.9185)
(3.9302)
G4(0.5949)
(-0.5289)
(-0.4794)
A1(-2.5723)
(-3.3147)
(4.3062)
A2(13.0628)
(8.0637)
(-2.6193)
A3(-6.5745)
(-11.6598)
(-12.7994)
A4(6.6702)
(11.5161)
(4.6448)
G1(4.6155)
(0.9626)
(3.4385)
G2(-0.9903)
(0.2171)
(-0.8402)
G3(3.7466)
(0.3624)
(2.8958)
G4(0.4294)
(3.0054)
(-1.9811)
A1(-4.3973)
(-1.1688)
(5.3936)
A2(1.9776)
(5.8897)
(-2.3367)
A3(-0.4693)
(3.0406)
(-5.7940)
A4(4.4197)
(4.6735)
(-8.1451)
G1(4.6336)
(1.0504)
(4.3085)
G2(1.0680)
(-2.4818)
(0.6470)
G3(6.2151)
(1.1786)
(2.1354)
G4(0.1564)
(-0.6859)
(0.0516)
A1(-12.0948)
(2.4333)
(10.5716)
A2(3.8259)
(12.3349)
(-2.0351)
A3(1.8579)
(10.5393)
(-2.4900)
A4(-4.0893)
(40.7685)
(7.6088)
G1(4.7651)
(1.9369)
(5.2903)
G2(0.7753)
(0.8019)
(-0.0362)
G3(7.8226)
(1.7895)
(2.1290)
G4(-0.5539)
(0.6635)
(-0.6290)
A1(-6.9839)
(7.6928)
(7.8461)
A2(-5.1763)
(10.3334)
(6.9001)
A3(-3.8499)
(11.5927)
(-4.4963)
A4(5.1811)
(11.6071)
(-4.3144)
G1(3.1501)
(-0.3310)
(4.4272)
G2(0.7040)
(-0.1240)
(0.7338)
G3(6.2720)
(2.6808)
(1.7384)
G4(0.5694)
(1.5575)
(-0.2724)
A1(-10.0495)
(10.8734)
(5.5133)
A2(-2.9975)
(15.1266)
(11.2527)
A3(-7.8578)
(19.1680)
(-5.5067)
A4(-0.9481)
(9.5385)
(-7.1108)
G1(3.8429)
(-3.4076)
(2.4200)
G2(-0.1841)
(0.0724)
(-0.0431)
G3(3.9281)
(1.5096)
(0.3608)
G4(0.2735)
(0.7077)
(-0.2267)
A1(-10.4710)
(8.2197)
(3.5686)
A2(-2.7677)
(8.4036)
(1.4365)
A3(-17.3340)
(18.0666)
(-5.4684)
A4(1.6185)
(7.6088)
(-7.8051)
G1(3.0134)
(-0.8892)
(1.1089)
G2(0.8556)
(1.1685)
(0.1809)
G3(1.8996)
(2.7047)
(-0.2677)
G4(0.0873)
(0.0718)
(0.2959)
A1(-6.6821)
(8.6077)
(1.8969)
A2(-5.3056)
(11.4395)
(1.8004)
A3(-5.3486)
(11.1953)
(-0.5986)
A4(-0.3112)
(9.2512)
(-3.3902)
G1(1.4186)
(-0.6864)
(1.5963)
G2(0.9653)
(0.1490)
(0.3751)
G3(-0.4225)
(-0.7162)
(0.8657)
G4(0.3411)
(-0.2820)
(0.7918)
A1(-20.1996)
(6.4474)
(9.1011)
A2(3.5530)
(7.9823)
(-2.8156)
A3(-8.1403)
(16.1609)
(4.3239)
A4(4.9656)
(12.9431)
(-9.0836)
G1(-4.0345)
(5.4206)
(-1.3069)
G2(0.6604)
(0.3656)
(0.5114)
G3(-0.1628)
(0.8791)
(0.2645)
G4(0.4752)
(-0.7104)
(1.1036)
A1(6.9935)
(13.1343)
(1.3077)
A2(-1.0774)
(10.9654)
(-0.4357)
A3(-8.6479)
(28.6873)
(20.2023)
A4(4.0223)
(6.9240)
(-6.7995)
G1(1.8901)
(-4.7752)
(2.3285)
G2(1.4463)
(-0.4135)
(0.7455)
G3(-0.1325)
(6.4141)
(0.5114)
G4(0.6566)
(0.7955)
(0.5502)
A1(-1.3652)
(10.1405)
(3.5734)
A2(-0.4310)
(13.6613)
(-0.4166)
A3(3.6583)
(16.7738)
(8.4946)
A4(1.8627)
(4.6687)
(-7.2161)
G1(0.0452)
(0.8439)
(-0.1953)
G2(0.2405)
(-0.8461)
(0.1474)
G3(0.1772)
(-1.1414)
(0.5827)
G4(0.4629)
(0.5896)
(0.0697)
A1(2.7160)
(8.9095)
(1.5232)
A2(4.3622)
(8.6718)
(-3.8978)
A3(-6.8522)
(7.3119)
(-3.1556)
A4(-1.9632)
(2.3128)
(-10.6303)
G1(1.4505)
(1.1424)
(0.9786)
G2(1.0781)
(0.0601)
(0.8173)
G3(-0.3347)
(-1.4255)
(0.7077)
G4(0.3453)
(1.5325)
(-1.0217)
