A1(1.8154)
(8.3299)
(5.1014)
A2(0.2777)
(9.4044)
(-0.1389)
A3(-0.2490)
(8.5617)
(-3.8403)
A4(1.2546)
(10.2137)
(0.1341)
G1(0.1171)
(-0.2506)
(0.4752)
G2(0.1149)
(-0.5332)
(0.1564)
G3(0.9706)
(0.7966)
(0.4087)
G4(1.1265)
(0.2288)
(0.2070)
A1(1.9208)
(11.6829)
(10.3130)
A2(-0.0862)
(9.1698)
(-0.1101)
A3(3.4812)
(7.0437)
(-2.5762)
A4(3.3423)
(14.0252)
(-1.4126)
G1(0.3602)
(-1.2223)
(-0.6018)
G2(-0.0591)
(-0.3299)
(0.1144)
G3(1.2936)
(0.6534)
(0.6981)
G4(1.7890)
(0.3150)
(0.1431)
A1(1.6142)
(10.9021)
(4.3973)
A2(-0.8811)
(8.3606)
(-0.0575)
A3(-0.2298)
(7.0820)
(-7.6423)
A4(-2.2601)
(25.0912)
(-8.7245)
G1(0.9333)
(-3.7870)
(-0.1155)
G2(-0.0649)
(-0.4023)
(0.3230)
G3(0.3799)
(-0.5098)
(0.9647)
G4(1.9837)
(-3.6407)
(2.7665)
A1(-2.3471)
(11.3380)
(2.0932)
A2(-0.3879)
(10.6829)
(4.2713)
A3(6.7708)
(8.5425)
(-4.9847)
A4(-1.6951)
(13.1633)
(-21.3419)
G1(0.6412)
(-1.5793)
(-0.0506)
G2(-1.2829)
(-1.0424)
(0.5396)
G3(0.0984)
(0.3805)
(-0.0165)
G4(0.6923)
(-0.8615)
(3.1113)
A1(4.5553)
(7.1036)
(5.7672)
A2(3.2034)
(11.1187)
(8.9926)
A3(2.8970)
(10.1227)
(-7.2209)
A4(-6.0573)
(5.2768)
(-25.8813)
G1(-0.7242)
(-1.0866)
(-0.0937)
G2(-2.2131)
(-2.1247)
(0.6923)
G3(-0.2261)
(-0.9466)
(0.7247)
G4(-7.7928)
(4.4410)
(-4.5490)
A1(-0.6754)
(6.4905)
(-1.2837)
A2(-8.8633)
(25.8430)
(8.9352)
A3(-0.5411)
(17.2813)
(-1.3886)
A4(-3.7062)
(11.8082)
(-1.2354)
G1(-1.0610)
(-3.1155)
(-0.1522)
G2(-7.6587)
(-4.5873)
(0.6290)
G3(0.2820)
(-2.3227)
(0.8519)
G4(-13.7195)
(-2.5605)
(2.3918)
A1(8.1191)
(6.2510)
(7.4246)
A2(17.2430)
(5.6934)
(19.3691)
A3(0.6704)
(-3.9121)
(-4.0989)
A4(3.2609)
(9.0980)
(-12.4834)
G1(-1.1792)
(-1.9683)
(-0.4667)
G2(-8.0423)
(2.3796)
(5.5191)
G3(-0.3986)
(-2.1125)
(1.0930)
G4(-13.2336)
(0.1096)
(6.0666)
A1(-6.9791)
(9.5274)
(-0.3449)
A2(4.5538)
(6.8091)
(11.4060)
A3(6.6128)
(-0.1053)
(-5.5450)
A4(4.4436)
(7.2784)
(-21.2270)
G1(-0.4746)
(-2.5084)
(-0.4225)
G2(-7.0712)
(-0.0037)
(2.4642)
G3(0.8578)
(-0.7519)
(-0.0383)
G4(-4.5081)
(3.5997)
(-0.3544)
A1(-3.2189)
(9.0244)
(2.8644)
A2(-5.5450)
(-0.0383)
(1.7286)
A3(4.0175)
(8.9495)
(-5.2194)
A4(-11.9758)
(-8.7149)
(-22.9125)
G1(-0.1655)
(0.8365)
(-0.4597)
G2(-5.6260)
(-0.0144)
(0.0548)
G3(0.1990)
(-0.8652)
(1.0445)
G4(-2.5552)
(1.0217)
(-2.1247)
A1(-1.8921)
(10.2986)
(3.8704)
A2(-1.7621)
(-6.2058)
(12.8664)
A3(-1.3838)
(5.2241)
(-7.2736)
A4(-3.2513)
(-1.8244)
(-12.8952)
G1(-0.0724)
(0.3437)
(-0.2575)
G2(-5.4579)
(0.9823)
(1.1329)
G3(1.2052)
(-0.0841)
(-0.8535)
G4(1.3117)
(0.6215)
(-3.5710)
A1(4.0667)
(9.9681)
(3.7075)
A2(6.5314)
(3.4620)
(1.7957)
A3(4.9081)
(4.0941)
(-7.3694)
A4(2.6624)
(9.0453)
(-3.8164)
G1(0.8806)
(-0.5582)
(-1.0387)
G2(-0.8296)
(1.2446)
(-1.7139)
G3(1.1520)
(-0.9658)
(0.4752)
G4(4.4894)
(-1.7719)
(-3.9201)
A1(10.3944)
(9.3214)
(7.1084)
A2(-2.6863)
(-5.2960)
(4.2856)
A3(-2.9257)
(-2.1835)
(-11.8992)
A4(10.3765)
(15.1649)
(1.2689)
G1(-0.1293)
(-1.7890)
(-0.1559)
G2(1.3404)
(0.7487)
(-2.3908)
G3(0.2788)
(-0.8817)
(0.3863)
G4(5.5829)
(-1.7352)
(-3.5742)
A1(0.8957)
(8.6796)
(4.1865)
A2(1.6376)
(1.8387)
(2.5139)
A3(5.1140)
(11.1282)
(-4.1132)
A4(9.9695)
(16.0795)
(-0.7805)
G1(-0.6093)
(0.3347)
(-0.6290)
G2(3.6705)
(1.5527)
(-2.2232)
G3(-1.4729)
(0.1112)
(2.3370)
G4(4.6645)
(-5.2014)
(-2.6451)
A1(0.1677)
(6.9408)
(2.0022)
A2(9.7923)
(-3.9121)
(13.7954)
A3(7.1299)
(1.2546)
(-7.6471)
A4(8.2887)
(19.4409)
(-1.2306)
G1(-0.0122)
(-0.9429)
(-1.3697)
G2(5.2998)
(-0.7790)
(-3.2219)
G3(0.0383)
(-0.3911)
(0.4438)
G4(2.1721)
(0.8301)
(-2.7127)
A1(4.0811)
(12.2912)
(4.2631)
A2(19.7522)
(1.6137)
(11.1761)
A3(-1.3695)
(2.7821)
(-10.7069)
A4(13.6900)
(15.7826)
(4.6639)
G1(0.8418)
(0.9982)
(-0.1123)
G2(4.8694)
(-1.8454)
(-4.2580)
G3(-0.3432)
(-1.0424)
(0.7976)
G4(1.8901)
(1.1760)
(-1.4819)
A1(3.6261)
(10.7201)
(0.6514)
A2(1.6807)
(8.3510)
(11.9471)
A3(6.5841)
(4.4532)
(-4.8219)
A4(9.1171)
(9.9407)
(3.3902)
G1(1.4755)
(1.2670)
(-0.4443)
G2(5.2168)
(1.8496)
(-2.7877)
G3(0.2661)
(-0.6369)
(-0.1554)
G4(0.2235)
(-1.4644)
(-0.4188)
A1(2.1220)
(10.9500)
(-0.7760)
A2(9.2416)
(7.4077)
(13.3980)
A3(4.7740)
(4.5825)
(-5.7557)
A4(13.3740)
(14.0731)
(15.4282)
G1(0.0229)
(1.7411)
(-0.5885)
G2(1.8986)
(5.5760)
(-0.5247)
G3(0.3746)
(-0.0208)
(-0.5885)
G4(-1.3478)
(0.6343)
(-0.7189)
A1(3.7602)
(13.2588)
(-0.0958)
A2(8.6957)
(7.8003)
(3.6823)
A3(4.9656)
(6.3638)
(-7.2975)
A4(2.8491)
(11.8896)
(2.9640)
G1(1.5405)
(1.1424)
(-0.2097)
G2(3.5258)
(1.8581)
(0.0415)
G3(0.2975)
(0.4725)
(-0.7891)
G4(0.9535)
(-1.5724)
(-0.3044)
A1(-2.8070)
(7.6641)
(-1.5328)
A2(1.2067)
(8.6335)
(8.6862)
A3(3.5578)
(6.2201)
(-8.9112)
A4(11.8082)
(8.4755)
(-6.4883)
G1(1.9103)
(-1.7698)
(-0.6886)
G2(2.7750)
(0.7615)
(-0.3528)
G3(0.2959)
(0.7295)
(-1.0802)
G4(0.7354)
(0.0128)
(-0.8147)
A1(-1.0251)
(7.6210)
(-2.1747)
A2(6.8953)
(10.0221)
(10.1945)
A3(-0.1676)
(5.5115)
(-8.5473)
A4(-1.1923)
(8.2744)
(-4.1468)
G1(1.0653)
(-1.1797)
(-0.3975)
G2(-1.2515)
(0.8317)
(-0.5380)
G3(-0.0654)
(-0.0963)
(-0.3938)
G4(-0.2230)
(-2.2987)
(0.0761)
