A1(3.0704)
(5.0631)
(9.2065)
A2(1.1301)
(9.4379)
(0.7230)
A3(0.4166)
(6.9863)
(-1.5850)
A4(0.1963)
(7.9009)
(-5.8419)
G1(-0.3150)
(-0.8732)
(0.2836)
G2(0.0027)
(-0.5295)
(0.1953)
G3(0.8258)
(-1.4745)
(1.7852)
G4(0.4848)
(-0.8189)
(0.5561)
A1(-6.3516)
(8.2101)
(12.0661)
A2(-0.3735)
(9.2081)
(1.9776)
A3(0.7183)
(7.2257)
(-1.2594)
A4(6.3303)
(18.4449)
(3.3279)
G1(0.9307)
(-0.3693)
(-1.0738)
G2(0.4198)
(-1.5713)
(0.0468)
G3(-0.2102)
(-2.4371)
(2.6398)
G4(1.5197)
(-1.3984)
(1.1424)
A1(11.8074)
(19.6775)
(-1.0586)
A2(-1.4892)
(9.2081)
(1.0199)
A3(-9.9599)
(26.7001)
(-2.5953)
A4(2.9784)
(35.5347)
(7.4651)
G1(1.6155)
(-4.8257)
(0.4832)
G2(0.3837)
(-1.3595)
(0.0665)
G3(2.4392)
(0.1852)
(0.7487)
G4(3.5167)
(-2.8457)
(1.8124)
A1(4.3494)
(13.5175)
(1.5280)
A2(-1.0439)
(12.4307)
(4.5011)
A3(0.7374)
(7.6423)
(-7.3694)
A4(2.8874)
(17.0563)
(-30.0664)
G1(1.5091)
(-2.3120)
(-0.0170)
G2(0.7593)
(-1.5623)
(0.4560)
G3(0.3815)
(1.3415)
(0.2953)
G4(-1.9656)
(0.5018)
(2.9676)
A1(6.2797)
(2.8261)
(5.1301)
A2(2.5043)
(21.1743)
(4.5633)
A3(7.2880)
(13.4458)
(-4.6591)
A4(3.8020)
(11.1426)
(-21.2557)
G1(-0.9104)
(-1.9465)
(0.5108)
G2(-9.2891)
(-2.0720)
(1.4234)
G3(-0.8253)
(-0.7104)
(0.1958)
G4(-9.5684)
(3.3475)
(-0.0511)
A1(2.5148)
(3.9709)
(-0.1533)
A2(7.6375)
(18.1337)
(-1.1109)
A3(0.8140)
(18.3396)
(1.3264)
A4(3.8930)
(10.0030)
(-6.3351)
G1(-1.6751)
(-4.7140)
(0.5279)
G2(-5.0247)
(-3.1714)
(1.2957)
G3(-0.2767)
(-0.1979)
(0.2011)
G4(-12.9005)
(-2.5611)
(2.9463)
A1(5.9013)
(3.2476)
(-4.6320)
A2(2.0925)
(17.6979)
(10.0461)
A3(-0.8428)
(6.7852)
(-0.0096)
A4(-14.4275)
(26.8725)
(-1.2067)
G1(-0.6439)
(-2.9580)
(-0.9237)
G2(-6.7796)
(-0.2336)
(2.8415)
G3(-0.5630)
(-3.9179)
(2.3503)
G4(-10.9636)
(2.3578)
(4.8523)
A1(-7.7072)
(9.4939)
(0.5940)
A2(-3.0646)
(-2.0351)
(-3.4572)
A3(2.3607)
(-1.7765)
(-5.4492)
A4(-17.4489)
(-7.3358)
(-18.0810)
G1(-1.3431)
(-0.6300)
(-0.0511)
G2(-3.7557)
(-2.9186)
(0.9365)
G3(2.0002)
(-1.2249)
(0.5545)
G4(-2.5297)
(0.4895)
(-0.5624)
A1(0.1724)
(14.6096)
(2.7447)
A2(-0.7087)
(-7.8147)
(10.0461)
A3(-1.5036)
(20.8822)
(-5.1667)
A4(1.8100)
(-0.1724)
(-8.8585)
G1(-0.4379)
(0.1043)
(-0.1219)
G2(-5.4041)
(0.5731)
(3.2885)
G3(1.3681)
(-1.3351)
(1.5053)
G4(1.0733)
(3.3422)
(-5.8830)
A1(0.5748)
(14.9545)
(-0.1437)
A2(10.0987)
(7.7476)
(3.1939)
A3(0.6608)
(6.0813)
(-12.3876)
A4(-0.2921)
(1.3120)
(-2.1548)
G1(1.4064)
(-0.5885)
(-0.9445)
G2(-2.0582)
(2.8069)
(-0.8125)
G3(0.5949)
(0.1059)
(-0.0867)
G4(5.1349)
(-0.7370)
(-5.4089)
A1(4.1146)
(10.2459)
(0.4359)
A2(2.8874)
(-1.1444)
(4.6831)
A3(8.1259)
(23.1759)
(-5.7509)
A4(5.6312)
(16.6876)
(-2.2745)
G1(0.7013)
(-2.7223)
(0.2352)
G2(2.0162)
(3.0921)
(-1.4559)
G3(-0.6359)
(0.9966)
(0.1921)
G4(5.5164)
(-4.1154)
(-1.0099)
A1(0.2443)
(7.5252)
(4.8331)
A2(8.2073)
(-4.4388)
(9.5433)
A3(2.5283)
(11.8609)
(-5.5306)
A4(7.9200)
(10.8170)
(-5.5545)
G1(0.2134)
(0.7423)
(-1.4904)
G2(4.9753)
(-1.7693)
(-3.0197)
G3(-0.3608)
(-0.6971)
(0.4736)
G4(2.3769)
(-2.4376)
(-0.9482)
A1(9.0005)
(16.5927)
(-1.3556)
A2(9.6534)
(-1.3455)
(12.6845)
A3(-9.3948)
(21.5478)
(-1.7430)
A4(14.8776)
(11.0085)
(-9.0453)
G1(-0.1181)
(-2.8654)
(-0.0309)
G2(4.0824)
(-2.2604)
(-4.3729)
G3(-0.3682)
(0.2794)
(0.7748)
G4(-1.0956)
(-3.6615)
(-0.3187)
A1(2.8309)
(13.6037)
(1.5280)
A2(8.0349)
(8.5042)
(8.2983)
A3(4.4484)
(17.2861)
(-6.2680)
A4(12.3828)
(12.8952)
(3.7014)
G1(1.0318)
(-1.1057)
(-0.9541)
G2(2.6999)
(-0.7178)
(-4.4070)
G3(-0.4363)
(-1.6442)
(0.3395)
G4(0.2512)
(-1.5713)
(-0.3826)
A1(1.2263)
(8.0089)
(-0.4742)
A2(10.4914)
(4.8267)
(5.7892)
A3(2.3128)
(11.9710)
(-4.0749)
A4(3.6775)
(8.1020)
(0.8571)
G1(-0.5076)
(-0.5092)
(-0.7359)
G2(4.1771)
(1.4649)
(-2.0550)
G3(0.0325)
(-0.1027)
(-0.2416)
G4(-0.0090)
(-0.5667)
(-0.3379)
A1(-1.8442)
(9.9010)
(-1.1592)
A2(10.2472)
(7.2880)
(4.2904)
A3(0.5842)
(9.0166)
(-2.9066)
A4(-1.2067)
(8.6526)
(-2.0255)
G1(-0.7976)
(-0.1250)
(-0.6561)
G2(1.4426)
(-0.5412)
(-1.4457)
G3(0.6194)
(-0.4800)
(-0.2868)
G4(0.4209)
(0.6832)
(-1.0413)
A1(-2.8309)
(9.2208)
(-0.4263)
A2(4.6448)
(7.2305)
(5.8754)
A3(1.0295)
(6.5362)
(-7.2688)
A4(-1.4653)
(7.3837)
(-4.7836)
G1(-0.4635)
(-0.7439)
(-0.3294)
G2(-0.5497)
(1.6049)
(-0.8759)
G3(0.5369)
(-0.6423)
(-0.3783)
G4(-0.2033)
(-2.2136)
(-0.1022)
A1(-1.9400)
(9.4316)
(0.1341)
A2(6.0142)
(11.1809)
(3.4285)
A3(-0.3591)
(7.1874)
(-6.4787)
A4(1.2498)
(8.2935)
(-5.1954)
G1(-0.4869)
(-1.1520)
(-0.5678)
G2(0.4688)
(-0.3310)
(-0.7998)
G3(0.2714)
(-1.2100)
(0.2097)
G4(-0.3124)
(-0.5252)
(-0.3549)
A1(-4.4835)
(9.6663)
(0.0479)
A2(3.6966)
(9.1937)
(0.1293)
A3(-0.3112)
(6.0621)
(-7.0437)
A4(1.5227)
(9.0549)
(-4.2329)
G1(-0.4997)
(-1.6692)
(-0.6811)
G2(0.9376)
(-0.6917)
(0.0112)
G3(0.2038)
(-1.3335)
(0.1846)
G4(-0.7072)
(-0.4677)
(-0.4427)
A1(-3.6117)
(8.4640)
(2.9363)
A2(-0.3735)
(9.3087)
(1.5467)
A3(-1.7190)
(4.7788)
(-8.4132)
A4(3.5243)
(10.6159)
(3.7014)
G1(-0.0990)
(-0.2352)
(-0.1655)
G2(0.2884)
(-0.3448)
(-0.5763)
G3(-0.0857)
(-0.7035)
(-0.1165)
G4(-0.2299)
(-1.0036)
(-0.2309)
