A1(-0.2108)
(6.7540)
(7.4198)
A2(1.7190)
(9.5768)
(0.0096)
A3(0.9816)
(5.5833)
(-2.9401)
A4(-0.5555)
(9.7252)
(-3.0263)
G1(0.3113)
(-1.2920)
(-0.1197)
G2(0.0761)
(-1.2792)
(0.0223)
G3(0.4576)
(-0.8737)
(0.7104)
G4(0.3837)
(-0.7971)
(0.4204)
A1(0.7760)
(5.5660)
(9.2831)
A2(0.2490)
(10.1227)
(0.1820)
A3(3.7589)
(3.8930)
(-4.3144)
A4(0.8475)
(10.5776)
(-1.1732)
G1(0.7503)
(-1.4149)
(0.1575)
G2(0.5417)
(-1.8251)
(0.0873)
G3(0.5694)
(-1.4979)
(1.7129)
G4(0.8173)
(-0.5470)
(0.4204)
A1(-0.7856)
(7.3623)
(5.7385)
A2(-2.9640)
(9.4044)
(0.6608)
A3(3.9983)
(3.7062)
(-4.9895)
A4(16.0316)
(16.8695)
(1.2929)
G1(2.6888)
(-1.6708)
(0.2735)
G2(0.8700)
(-1.8789)
(0.2948)
G3(0.0463)
(-2.2615)
(2.6127)
G4(1.8800)
(-1.5697)
(1.2010)
A1(7.7455)
(12.1188)
(10.2938)
A2(-2.3894)
(8.8490)
(0.5746)
A3(-3.5434)
(5.1475)
(-5.3870)
A4(2.1308)
(37.2155)
(15.2702)
G1(0.9897)
(-5.8357)
(-0.4188)
G2(0.3501)
(-1.0898)
(0.1767)
G3(1.1132)
(-0.4406)
(1.4511)
G4(3.5785)
(-3.4827)
(1.9954)
A1(-5.1206)
(6.7156)
(4.7613)
A2(0.5938)
(13.3549)
(6.1483)
A3(-2.4852)
(4.6926)
(-14.0683)
A4(-8.7293)
(13.8385)
(-14.5184)
G1(0.0011)
(-1.6123)
(-0.7077)
G2(-0.4949)
(-1.9028)
(1.1350)
G3(0.7955)
(-2.2615)
(-0.1235)
G4(-0.2086)
(-0.8578)
(7.5650)
A1(3.1997)
(7.8413)
(6.3229)
A2(12.3397)
(11.8130)
(7.6375)
A3(8.2265)
(17.4154)
(-7.2736)
A4(-24.9572)
(2.0925)
(-26.8103)
G1(-0.2740)
(1.2702)
(0.9158)
G2(-2.5345)
(-5.7947)
(1.5644)
G3(-0.3214)
(-2.3163)
(1.1776)
G4(-7.0947)
(5.9692)
(-0.3262)
A1(2.9602)
(9.5178)
(6.1935)
A2(0.1676)
(1.5419)
(18.0810)
A3(-0.0814)
(16.7738)
(2.0494)
A4(21.2557)
(10.0604)
(-14.3556)
G1(-1.1669)
(-1.0094)
(1.3542)
G2(-7.2383)
(-7.4496)
(2.4392)
G3(0.3858)
(-0.1639)
(-0.0277)
G4(-10.4172)
(5.9942)
(-3.5683)
A1(1.4705)
(7.1659)
(-0.7808)
A2(-11.6023)
(26.5182)
(1.8723)
A3(-0.2011)
(11.0804)
(-4.0462)
A4(9.7827)
(8.5234)
(-2.0351)
G1(-0.9817)
(-2.5744)
(-0.1506)
G2(-8.7873)
(-3.2752)
(2.5201)
G3(0.7535)
(0.0617)
(-0.1788)
G4(-13.5550)
(-4.6390)
(3.4284)
A1(4.6511)
(7.8461)
(6.0690)
A2(24.8949)
(7.8626)
(9.8019)
A3(0.6081)
(5.0422)
(-7.3119)
A4(-8.3989)
(32.7000)
(-4.3096)
G1(0.3523)
(-1.6112)
(-0.5667)
G2(-5.3962)
(-1.1164)
(7.9003)
G3(0.0516)
(-1.6102)
(0.7843)
G4(-9.7403)
(0.0894)
(8.4319)
A1(8.5837)
(6.4809)
(5.7193)
A2(2.5714)
(20.7912)
(16.3428)
A3(-1.4365)
(2.1404)
(-4.6878)
A4(27.0593)
(30.8613)
(-8.2935)
G1(-1.8826)
(-6.6855)
(-3.9190)
G2(-7.8332)
(1.1440)
(4.2271)
G3(0.0569)
(-1.4596)
(0.7966)
G4(-3.7674)
(4.1930)
(4.2175)
A1(-1.6142)
(10.6674)
(-0.6371)
A2(3.8116)
(-9.7683)
(6.3638)
A3(2.2170)
(11.9710)
(-5.2625)
A4(-15.4905)
(-5.8897)
(-13.2256)
G1(0.7753)
(1.6586)
(-0.4480)
G2(-3.3278)
(0.7519)
(1.9353)
G3(0.8934)
(-2.8766)
(0.4629)
G4(-2.3338)
(4.3692)
(-2.3764)
A1(-1.5089)
(9.2304)
(0.3688)
A2(14.1785)
(2.1500)
(12.6366)
A3(8.0493)
(3.7876)
(-0.8906)
A4(-1.0247)
(-6.1196)
(-9.5193)
G1(0.1979)
(-0.3730)
(-0.8125)
G2(-4.3724)
(3.1735)
(1.5218)
G3(1.2686)
(-0.3964)
(-0.7306)
G4(1.7304)
(-1.9789)
(-2.3365)
A1(-3.2476)
(9.4460)
(2.4765)
A2(0.8380)
(5.6934)
(-13.4554)
A3(6.0908)
(-4.2329)
(-13.8337)
A4(-3.6823)
(-0.2155)
(-7.7237)
G1(0.8402)
(-0.6178)
(-1.1286)
G2(-5.8953)
(4.8188)
(0.8578)
G3(1.1084)
(0.2192)
(-0.5704)
G4(2.4477)
(-3.4380)
(-3.2257)
A1(5.8582)
(9.9633)
(4.4739)
A2(3.5530)
(-3.0646)
(0.8236)
A3(-4.8219)
(0.3831)
(-12.0907)
A4(0.5698)
(6.8905)
(-2.5618)
G1(0.2033)
(0.4198)
(-0.5263)
G2(-1.3505)
(0.5161)
(-1.1377)
G3(0.5161)
(0.3416)
(0.9525)
G4(2.9091)
(-0.8620)
(-5.6595)
A1(2.8070)
(10.9117)
(3.0944)
A2(2.5474)
(-5.5737)
(3.7637)
A3(-2.4421)
(8.9687)
(-8.5186)
A4(7.6758)
(11.5927)
(-0.1915)
G1(0.0995)
(-0.1623)
(0.2022)
G2(0.3852)
(-0.4422)
(-2.0098)
G3(-0.8673)
(2.0082)
(0.5438)
G4(3.9073)
(-0.8626)
(-4.3138)
A1(6.3133)
(10.2555)
(5.1828)
A2(3.2753)
(0.7422)
(0.8811)
A3(1.1875)
(9.5193)
(-5.3439)
A4(8.3175)
(11.2144)
(0.1437)
G1(-0.1692)
(-0.1740)
(-0.6018)
G2(2.3658)
(0.0005)
(-3.1554)
G3(0.3379)
(-1.8475)
(1.4106)
G4(3.7716)
(-3.7381)
(-2.8995)
A1(-0.8383)
(9.2112)
(1.5376)
A2(7.2161)
(-1.4078)
(9.9072)
A3(4.2856)
(14.6142)
(-4.1228)
A4(8.8442)
(13.9534)
(-3.3758)
G1(0.3517)
(0.3608)
(-0.7157)
G2(3.4194)
(0.9743)
(-3.4917)
G3(-0.1878)
(-0.0905)
(0.2692)
G4(1.4186)
(-2.2429)
(-2.9186)
A1(1.8537)
(9.7190)
(2.3280)
A2(14.4849)
(-1.5562)
(9.6199)
A3(2.1356)
(3.6583)
(-6.1579)
A4(16.3907)
(16.0842)
(-3.6200)
G1(0.4390)
(1.1302)
(-0.1431)
G2(3.7892)
(-0.6625)
(-3.4316)
G3(0.0665)
(-0.1091)
(-0.0064)
G4(0.7199)
(-1.6394)
(-1.9215)
A1(2.4765)
(10.7105)
(3.0848)
A2(9.7683)
(1.7861)
(6.5793)
A3(1.9441)
(7.4364)
(-6.3925)
A4(10.4483)
(12.2870)
(-0.3065)
G1(0.7311)
(1.8172)
(0.1958)
G2(3.0011)
(-2.4876)
(-4.0371)
G3(0.1431)
(0.5060)
(-0.2996)
G4(-0.0681)
(-1.8470)
(-1.3595)
A1(0.9867)
(8.1862)
(3.0848)
A2(2.4852)
(5.4109)
(7.3071)
A3(4.1037)
(8.2791)
(-5.3056)
A4(12.5648)
(12.4546)
(-0.4118)
G1(1.0451)
(1.7719)
(-0.6439)
G2(2.3684)
(0.2458)
(-3.9531)
G3(0.1905)
(0.1431)
(-0.3161)
G4(-0.5273)
(-0.3209)
(-1.0222)
