A1(0.8766)
(5.9971)
(6.2941)
A2(1.4174)
(9.3948)
(-0.8284)
A3(-1.9393)
(7.8099)
(-3.6200)
A4(0.0048)
(9.2320)
(-4.4963)
G1(-0.0442)
(-0.5603)
(-0.5593)
G2(0.3358)
(-0.4475)
(0.1713)
G3(0.6417)
(-0.9929)
(0.5284)
G4(0.3698)
(-0.6444)
(0.2634)
A1(0.5269)
(5.8582)
(8.3730)
A2(-0.0814)
(9.8258)
(-0.2298)
A3(1.4557)
(3.4524)
(-3.8738)
A4(0.2251)
(9.5481)
(-2.3128)
G1(0.2804)
(-1.0770)
(0.0426)
G2(0.2586)
(-1.0621)
(0.1405)
G3(0.4055)
(-0.5326)
(0.9099)
G4(0.7402)
(-0.4927)
(0.2283)
A1(-0.0144)
(4.4068)
(20.6499)
A2(-0.5890)
(9.4140)
(0.0287)
A3(1.6137)
(4.2186)
(-4.6543)
A4(7.5800)
(21.4425)
(8.9447)
G1(-1.2074)
(0.0745)
(0.1900)
G2(0.3108)
(-0.8870)
(0.1772)
G3(0.0367)
(-0.7604)
(1.5309)
G4(2.7116)
(-2.0454)
(1.8560)
A1(8.5167)
(12.4541)
(-3.0560)
A2(-1.5706)
(8.8394)
(0.1867)
A3(-7.8769)
(21.5670)
(9.6486)
A4(-6.2345)
(35.5347)
(11.0612)
G1(2.9250)
(-2.9479)
(1.9364)
G2(0.2469)
(-1.1573)
(0.3139)
G3(1.5490)
(3.7184)
(0.2586)
G4(4.0872)
(-2.3785)
(0.9786)
A1(-3.6261)
(10.0926)
(1.1448)
A2(-2.9401)
(10.1610)
(2.7677)
A3(11.3868)
(-11.4826)
(-16.3620)
A4(-0.5267)
(13.6278)
(-21.8543)
G1(1.2781)
(-3.4257)
(-0.8232)
G2(0.1591)
(-0.7870)
(0.5837)
G3(1.6804)
(1.1701)
(-0.7758)
G4(1.1643)
(1.6187)
(2.8282)
A1(5.7959)
(10.2986)
(6.4522)
A2(6.1770)
(1.1205)
(9.4619)
A3(4.7166)
(10.9559)
(-5.1906)
A4(4.2713)
(4.6687)
(-24.9955)
G1(-1.0871)
(-1.5564)
(0.2554)
G2(-4.2026)
(-2.6818)
(1.3771)
G3(-0.6976)
(-1.4026)
(0.4746)
G4(-10.2809)
(2.2806)
(-1.1605)
A1(1.5280)
(5.9780)
(1.0921)
A2(-5.9472)
(34.9218)
(15.4618)
A3(0.9625)
(15.9262)
(1.9201)
A4(1.5562)
(11.8848)
(-9.8976)
G1(-1.3995)
(-2.7883)
(0.3821)
G2(-10.0878)
(-5.6037)
(1.0472)
G3(0.0170)
(-1.1228)
(0.2543)
G4(-13.2783)
(-1.4330)
(3.1900)
A1(8.6125)
(3.6835)
(1.4945)
A2(6.5314)
(22.5342)
(20.3938)
A3(0.3112)
(1.4988)
(-4.7788)
A4(-10.6925)
(19.4505)
(-4.7166)
G1(-0.5034)
(-3.8562)
(-1.2755)
G2(-10.1320)
(1.0397)
(3.8759)
G3(-0.0974)
(-1.4016)
(0.6838)
G4(-10.0170)
(2.6026)
(7.5395)
A1(-6.1408)
(11.5200)
(5.1206)
A2(-1.0487)
(5.6407)
(5.9328)
A3(6.1100)
(0.7614)
(-5.4636)
A4(-4.0893)
(16.0412)
(-12.0093)
G1(-0.4422)
(-5.1131)
(-0.9668)
G2(-6.6243)
(-0.4475)
(2.5462)
G3(0.0649)
(-1.9832)
(0.6087)
G4(-4.4384)
(2.3482)
(3.4875)
A1(-7.7024)
(10.0399)
(-0.7712)
A2(-1.1013)
(-0.7566)
(4.6160)
A3(2.0542)
(5.7221)
(-5.3678)
A4(-28.5532)
(-5.6647)
(-22.6156)
G1(0.0569)
(-0.1995)
(-0.4374)
G2(-5.5265)
(0.8120)
(1.0802)
G3(0.6715)
(-2.2429)
(0.8333)
G4(-2.7872)
(3.3677)
(-0.1612)
A1(0.4263)
(11.4290)
(4.8763)
A2(-8.5138)
(7.7572)
(5.0470)
A3(4.0366)
(1.6999)
(-7.6567)
A4(-8.2791)
(-1.1157)
(-7.7428)
G1(-0.0255)
(0.9083)
(-0.1974)
G2(-5.0976)
(2.7888)
(0.9264)
G3(1.3026)
(0.3379)
(-0.6758)
G4(3.0980)
(-2.8926)
(-3.5391)
A1(4.2344)
(10.2459)
(2.0453)
A2(9.3709)
(6.0956)
(8.3749)
A3(1.1109)
(2.4852)
(-10.9367)
A4(2.7294)
(9.8545)
(-0.0910)
G1(0.8067)
(1.2308)
(-1.1068)
G2(-1.3702)
(1.8353)
(-0.7641)
G3(1.2483)
(0.1022)
(0.1942)
G4(4.5948)
(-0.5279)
(-6.3465)
A1(3.9853)
(9.4747)
(5.6379)
A2(2.9353)
(-4.5873)
(3.6488)
A3(1.3120)
(6.6080)
(-9.2847)
A4(6.5984)
(10.1466)
(-0.6416)
G1(-0.3139)
(0.9333)
(-0.4491)
G2(0.7907)
(0.1314)
(-1.7512)
G3(0.7700)
(-0.8296)
(0.3799)
G4(6.1507)
(-0.8333)
(-5.6180)
A1(2.3327)
(6.8210)
(4.8715)
A2(2.5953)
(-4.1084)
(7.4747)
A3(6.8043)
(3.3040)
(-5.7748)
A4(5.0230)
(17.0994)
(-2.4325)
G1(0.4060)
(-0.2762)
(-0.9610)
G2(3.4045)
(1.3909)
(-2.0869)
G3(0.2692)
(-0.1006)
(0.4427)
G4(3.1208)
(-3.4087)
(-0.8716)
A1(2.3806)
(11.8985)
(2.1507)
A2(7.3358)
(-3.2417)
(9.7588)
A3(1.7813)
(6.0573)
(-6.4404)
A4(9.2943)
(12.4259)
(-4.4532)
G1(2.6180)
(-1.1355)
(-1.3404)
G2(4.2165)
(0.9791)
(-2.4158)
G3(-0.2927)
(0.4480)
(-0.1394)
G4(2.6499)
(-2.5797)
(-1.8714)
A1(2.1843)
(9.6663)
(-6.9695)
A2(2.9832)
(-2.0590)
(9.6438)
A3(-1.5754)
(22.6875)
(0.9433)
A4(10.1897)
(8.2313)
(-6.0525)
G1(1.9614)
(0.4661)
(-1.1249)
G2(3.5790)
(-2.9921)
(-4.3724)
G3(-0.3379)
(-0.1330)
(0.1681)
G4(-0.3193)
(-2.7984)
(-1.0339)
A1(-0.0910)
(8.5550)
(1.7148)
A2(6.2153)
(5.4875)
(8.9974)
A3(4.6974)
(-8.9256)
(-7.5226)
A4(8.3270)
(2.4325)
(-6.9384)
G1(1.0084)
(0.1836)
(-1.5006)
G2(2.3482)
(-0.1910)
(-4.3495)
G3(0.1655)
(1.7597)
(-1.2127)
G4(2.2237)
(-0.1421)
(-0.7407)
A1(2.9028)
(9.2065)
(-1.6142)
A2(7.7668)
(9.0118)
(13.8959)
A3(-3.6583)
(14.7626)
(-5.0613)
A4(-0.6991)
(18.8855)
(4.0175)
G1(1.1180)
(0.6178)
(-0.8929)
G2(3.2661)
(3.5513)
(-3.0506)
G3(-0.1421)
(-2.2913)
(1.0382)
G4(-1.5186)
(-1.8374)
(0.7646)
A1(-1.0825)
(9.1011)
(0.3976)
A2(8.9543)
(6.7229)
(4.1468)
A3(1.3695)
(9.2512)
(-2.9928)
A4(7.1587)
(8.6095)
(-4.9943)
G1(0.1421)
(0.0085)
(-0.8317)
G2(4.6555)
(0.0974)
(-0.2517)
G3(-0.0362)
(-0.1117)
(-0.1697)
G4(-0.2857)
(1.1706)
(-1.0584)
A1(-2.8213)
(10.7057)
(-2.6441)
A2(3.9792)
(9.4140)
(8.6383)
A3(-1.5323)
(9.8928)
(-3.1508)
A4(6.2632)
(9.9311)
(-3.6200)
G1(0.1607)
(0.3624)
(-0.0431)
G2(2.0087)
(-0.1990)
(0.2815)
G3(0.5247)
(-0.2501)
(-0.2182)
G4(0.2118)
(-0.6178)
(0.1437)
