A1(0.1102)
(6.9456)
(5.2451)
A2(0.6321)
(9.7492)
(-0.8188)
A3(-3.4285)
(10.2137)
(-1.2067)
A4(1.2306)
(9.6199)
(-2.4421)
G1(-0.6582)
(-0.8971)
(-0.2948)
G2(0.3831)
(-0.7226)
(0.0952)
G3(0.6380)
(-1.4974)
(1.1877)
G4(0.5060)
(-0.4337)
(0.1793)
A1(1.7053)
(6.9408)
(6.5576)
A2(-0.8763)
(9.4523)
(0.4070)
A3(-0.0431)
(6.4548)
(-4.2856)
A4(1.0104)
(10.6925)
(-2.1931)
G1(0.3283)
(-1.3627)
(0.3230)
G2(0.3134)
(-1.2084)
(0.2267)
G3(0.2134)
(-0.6481)
(1.5500)
G4(1.2132)
(-0.0686)
(0.1889)
A1(-1.5041)
(7.1084)
(10.0160)
A2(-0.2107)
(8.7915)
(0.6225)
A3(5.3822)
(5.4636)
(-2.1117)
A4(8.0589)
(15.9550)
(-1.6807)
G1(1.2925)
(-0.8322)
(-0.5013)
G2(-0.0197)
(-0.5523)
(0.0585)
G3(0.1580)
(-0.3315)
(1.4415)
G4(2.1471)
(-0.6880)
(0.6417)
A1(-5.8151)
(6.4426)
(1.4945)
A2(-1.4844)
(9.7731)
(1.6041)
A3(0.0814)
(12.8664)
(-3.8595)
A4(2.4086)
(17.8368)
(-16.8791)
G1(0.4688)
(-6.2672)
(-0.7976)
G2(-0.2613)
(-1.0302)
(0.2788)
G3(1.4468)
(0.6534)
(-1.0084)
G4(3.4545)
(0.4709)
(2.1492)
A1(7.1898)
(9.0292)
(7.5299)
A2(5.2864)
(7.8243)
(3.7924)
A3(0.9146)
(13.9390)
(-4.3958)
A4(-8.8059)
(0.8475)
(-36.5978)
G1(-0.3539)
(-2.0300)
(0.2788)
G2(-3.2693)
(-3.1762)
(-0.0521)
G3(-0.1815)
(-1.2244)
(0.7513)
G4(-8.3079)
(3.4295)
(-1.6150)
A1(1.1831)
(10.3848)
(5.5373)
A2(-0.6129)
(-0.0239)
(11.6550)
A3(3.6392)
(12.6031)
(-0.0144)
A4(5.7604)
(11.0373)
(-19.4553)
G1(-0.7652)
(-1.2819)
(0.5577)
G2(-8.6745)
(-4.7629)
(1.1265)
G3(0.1517)
(-1.2313)
(0.6268)
G4(-10.0756)
(3.4747)
(-0.7726)
A1(4.5266)
(7.5108)
(4.6655)
A2(16.4386)
(9.4092)
(24.8183)
A3(0.2251)
(6.5266)
(-5.4684)
A4(-2.1117)
(16.2183)
(-13.5895)
G1(-1.8246)
(-2.2801)
(-0.6103)
G2(-10.6194)
(-1.3319)
(3.4385)
G3(-0.2852)
(-0.8822)
(0.6944)
G4(-13.5018)
(1.0137)
(6.1236)
A1(11.1225)
(6.6390)
(3.7075)
A2(1.8771)
(16.3572)
(7.6519)
A3(1.8962)
(6.3494)
(-5.2768)
A4(-21.2749)
(36.2817)
(13.1729)
G1(-0.7774)
(-1.4074)
(-1.4548)
G2(-6.0501)
(-1.2984)
(3.5407)
G3(-0.2826)
(-1.2334)
(0.2559)
G4(-14.2457)
(1.2153)
(3.8647)
A1(-2.0310)
(9.7046)
(1.3268)
A2(-2.3176)
(-1.3647)
(-6.2489)
A3(7.3358)
(2.7054)
(-4.2138)
A4(-24.7129)
(-10.7548)
(-19.9772)
G1(0.1586)
(0.6077)
(-0.1059)
G2(-2.3487)
(0.3533)
(0.6369)
G3(0.1900)
(-2.3700)
(0.4730)
G4(-2.5196)
(-2.0348)
(0.2054)
A1(-0.9245)
(11.0889)
(0.1293)
A2(-5.0087)
(8.6287)
(3.5099)
A3(1.5514)
(3.5721)
(-10.8553)
A4(-5.3534)
(-8.7532)
(-12.1578)
G1(1.1898)
(-0.1203)
(-0.1282)
G2(-5.9118)
(3.0660)
(0.5284)
G3(0.6465)
(0.4874)
(-0.3842)
G4(3.4092)
(-1.7326)
(-3.5928)
A1(3.7746)
(7.3958)
(3.3099)
A2(7.6662)
(1.8866)
(3.9696)
A3(5.3103)
(-0.4214)
(-8.9926)
A4(4.4245)
(12.4211)
(-1.2785)
G1(1.8097)
(-0.0591)
(-1.1973)
G2(-0.4342)
(0.4672)
(-1.4596)
G3(1.1488)
(0.1346)
(0.7130)
G4(3.8775)
(-1.1573)
(-3.9680)
A1(7.4150)
(8.4065)
(6.2366)
A2(2.4852)
(3.2370)
(2.8922)
A3(-9.0214)
(18.9573)
(-2.7102)
A4(11.4060)
(17.9948)
(1.7765)
G1(-0.8503)
(-2.3365)
(0.2166)
G2(3.2092)
(1.2994)
(-2.3503)
G3(-0.7157)
(0.0745)
(-0.8290)
G4(3.9493)
(-4.1329)
(-2.7877)
A1(8.4353)
(6.0786)
(2.5052)
A2(6.9097)
(-1.7813)
(9.0644)
A3(-1.9345)
(2.2122)
(-6.1914)
A4(9.5768)
(22.8598)
(0.0670)
G1(-0.6949)
(-0.4581)
(-0.6832)
G2(4.3958)
(-0.7779)
(-3.5231)
G3(-0.2730)
(-0.3688)
(0.4677)
G4(1.8565)
(-1.9981)
(-2.8058)
A1(1.0825)
(11.6446)
(4.0667)
A2(13.0053)
(-1.8866)
(13.0676)
A3(4.8363)
(14.4179)
(-5.8323)
A4(12.0524)
(13.7906)
(2.2505)
G1(0.0309)
(-0.4092)
(-0.3863)
G2(4.7582)
(-1.5937)
(-3.9999)
G3(-0.4427)
(-0.8620)
(0.7827)
G4(0.7913)
(-0.2373)
(-2.8298)
A1(4.0476)
(10.6818)
(1.7340)
A2(-3.9313)
(8.4084)
(8.7963)
A3(3.5003)
(5.7365)
(-4.5538)
A4(9.4954)
(11.6693)
(2.0159)
G1(0.2480)
(-0.4055)
(-0.3560)
G2(4.1244)
(3.6599)
(-3.8621)
G3(0.0144)
(-0.5396)
(0.3613)
G4(-0.2448)
(-0.8753)
(-0.2565)
A1(0.9628)
(10.0782)
(1.7340)
A2(19.1297)
(10.7212)
(10.4100)
A3(5.1667)
(7.7428)
(-6.4308)
A4(10.7931)
(10.3908)
(0.0335)
G1(0.1149)
(-0.1884)
(-0.1144)
G2(1.3590)
(0.3512)
(-1.1031)
G3(0.1756)
(-0.1825)
(-0.0197)
G4(-0.1426)
(0.0165)
(0.2389)
A1(1.4705)
(9.3981)
(1.7963)
A2(4.5969)
(8.3845)
(10.7978)
A3(5.1188)
(4.7836)
(-6.2201)
A4(7.1682)
(9.1746)
(0.7326)
G1(0.3650)
(-0.1756)
(-0.1783)
G2(1.1696)
(-1.3771)
(-0.8924)
G3(0.0990)
(-0.0074)
(-0.4156)
G4(-0.3033)
(0.1724)
(0.3938)
A1(1.8921)
(9.0723)
(1.1352)
A2(4.3287)
(7.8290)
(6.3925)
A3(3.7350)
(5.6024)
(-6.1818)
A4(4.3096)
(8.2935)
(-0.9768)
G1(0.6311)
(0.1378)
(-0.3735)
G2(0.3251)
(-0.2309)
(-0.1070)
G3(0.0245)
(-0.0069)
(-0.3539)
G4(0.0745)
(-0.5699)
(0.1905)
A1(2.3184)
(9.8675)
(2.1076)
A2(5.2146)
(7.0246)
(4.8267)
A3(1.3647)
(9.1937)
(-5.7557)
A4(3.3902)
(7.6758)
(-1.0822)
G1(1.4149)
(0.1799)
(-0.8035)
G2(1.2851)
(-0.5694)
(0.1415)
G3(-0.0027)
(-0.3421)
(-0.2235)
G4(0.0958)
(-0.3129)
(-0.1772)
A1(2.4717)
(9.7956)
(-0.3593)
A2(3.2657)
(7.9871)
(3.7062)
A3(1.6185)
(7.7764)
(-5.7652)
A4(4.8842)
(8.0493)
(-0.3256)
G1(2.0502)
(0.4257)
(-0.5247)
G2(0.6949)
(-0.1777)
(-0.0037)
G3(0.0777)
(-0.4124)
(-0.1878)
G4(0.6561)
(-1.1190)
(-0.1176)
