A1(-1.1831)
(8.7370)
(-3.4584)
A2(4.7118)
(10.0126)
(3.2801)
A3(-1.2258)
(6.6990)
(-7.6375)
A4(7.9344)
(12.6510)
(-1.9489)
G1(0.3374)
(0.5502)
(-0.0436)
G2(-0.3294)
(0.2810)
(0.2607)
G3(0.0176)
(0.3485)
(-0.1729)
G4(0.3900)
(1.8592)
(-1.1669)
A1(0.8239)
(11.1416)
(1.6574)
A2(5.7844)
(8.2456)
(3.1220)
A3(1.3120)
(8.1738)
(-7.5130)
A4(-5.2337)
(8.3797)
(-3.5051)
G1(1.3271)
(2.4908)
(-0.3086)
G2(0.1963)
(0.8668)
(0.7992)
G3(-0.2964)
(0.1953)
(-0.2650)
G4(0.7827)
(3.0016)
(-2.9665)
A1(1.9208)
(9.6471)
(-1.6765)
A2(-0.1245)
(4.6926)
(6.2201)
A3(-0.9816)
(8.2839)
(-4.8219)
A4(2.1596)
(4.9895)
(-2.9592)
G1(0.8860)
(1.1919)
(-0.1282)
G2(-0.5103)
(3.0570)
(1.1504)
G3(-0.5135)
(0.8344)
(-0.5028)
G4(1.4261)
(3.7785)
(-3.0251)
A1(2.1076)
(11.7691)
(2.7112)
A2(3.1220)
(4.2569)
(6.7469)
A3(0.0144)
(8.5425)
(-2.8683)
A4(4.3383)
(-1.0822)
(-7.0006)
G1(1.9624)
(1.0743)
(-0.8312)
G2(-0.5619)
(2.5909)
(0.5805)
G3(-0.3363)
(1.1169)
(-0.2065)
G4(1.6277)
(1.0690)
(-1.4080)
A1(0.7329)
(11.6206)
(6.1696)
A2(6.3877)
(6.7086)
(8.9639)
A3(1.5467)
(10.1466)
(-4.2952)
A4(-3.9025)
(18.2055)
(-11.4203)
G1(-0.1304)
(3.8227)
(-0.7588)
G2(0.3448)
(1.2169)
(0.7684)
G3(0.1000)
(-0.0841)
(-0.3672)
G4(-0.0266)
(1.2962)
(-1.0791)
A1(14.7964)
(47.5986)
(-3.0560)
A2(3.0502)
(10.6494)
(11.9519)
A3(14.2263)
(29.7360)
(21.1025)
A4(-1.9585)
(0.0527)
(-12.0524)
G1(-6.5136)
(3.5598)
(-1.3968)
G2(1.9890)
(1.5809)
(-0.1203)
G3(3.0836)
(1.2643)
(-2.2168)
G4(-0.6343)
(1.8682)
(-1.5085)
A1(-8.8664)
(17.0286)
(9.5418)
A2(-2.8874)
(9.5768)
(0.0527)
A3(-7.7859)
(28.0696)
(2.8539)
A4(-1.5323)
(12.7228)
(-4.0558)
G1(-9.3482)
(4.5208)
(-5.3993)
G2(2.2695)
(3.9834)
(-0.0921)
G3(5.4728)
(3.3209)
(-2.1300)
G4(-0.7141)
(1.9768)
(-0.3970)
A1(2.1268)
(10.8494)
(-13.3498)
A2(10.9367)
(6.0861)
(5.8849)
A3(32.7670)
(13.0388)
(-26.8438)
A4(4.7214)
(17.0994)
(0.7614)
G1(-4.1319)
(-2.1167)
(-3.8062)
G2(0.8610)
(3.2187)
(0.1671)
G3(-9.1539)
(-0.1554)
(-0.2107)
G4(0.8014)
(1.1095)
(-1.0610)
A1(4.6559)
(-9.2112)
(11.5440)
A2(-1.1540)
(6.8235)
(8.3127)
A3(-17.7075)
(15.3373)
(-12.8090)
A4(-1.7190)
(-10.8984)
(-9.5146)
G1(-5.6489)
(-1.7687)
(-2.5254)
G2(-0.2996)
(-1.1451)
(-1.0350)
G3(-14.7379)
(-7.8455)
(3.8488)
G4(0.3001)
(3.4045)
(-2.6207)
A1(-24.4579)
(-4.8284)
(4.5218)
A2(-4.4293)
(5.9137)
(9.5960)
A3(-10.3765)
(15.2798)
(-8.1211)
A4(3.1795)
(10.4675)
(-3.3040)
G1(-8.2094)
(-2.1311)
(-2.3456)
G2(-2.1652)
(3.6843)
(0.1900)
G3(-15.6127)
(8.1717)
(1.8395)
G4(1.2622)
(1.3590)
(-0.7210)
A1(-10.9213)
(8.0042)
(-0.7520)
A2(2.8395)
(10.6734)
(2.7438)
A3(-3.3758)
(27.4423)
(-7.4364)
A4(-14.2647)
(17.1999)
(-4.4867)
G1(-3.0118)
(0.4826)
(1.0706)
G2(1.5724)
(-1.0392)
(2.2838)
G3(-8.2430)
(-1.3904)
(-0.1160)
G4(0.5529)
(-1.0201)
(0.6774)
A1(4.9290)
(-8.7993)
(-3.0513)
A2(-7.8243)
(-8.2456)
(1.0630)
A3(-1.6520)
(2.9305)
(-39.6911)
A4(5.3630)
(-10.6111)
(-14.4801)
G1(-0.0197)
(-0.7450)
(2.6020)
G2(-2.7111)
(4.8752)
(0.5114)
G3(-4.1925)
(3.0394)
(-1.9486)
G4(0.4688)
(0.5795)
(0.9791)
A1(-2.3040)
(2.3615)
(-0.4742)
A2(16.9749)
(15.4474)
(-6.2153)
A3(12.8856)
(1.2115)
(-18.0523)
A4(4.8363)
(9.6343)
(-3.7637)
G1(3.7184)
(-0.0665)
(3.1012)
G2(0.9621)
(-2.2769)
(-0.5087)
G3(-2.5749)
(-3.3635)
(3.9855)
G4(-0.7849)
(0.0074)
(-0.6242)
A1(-10.1070)
(1.4418)
(9.1729)
A2(8.7149)
(15.6293)
(3.0167)
A3(4.4628)
(4.7692)
(-10.8362)
A4(-3.7876)
(18.6269)
(-7.0485)
G1(5.0944)
(0.0628)
(4.4187)
G2(-0.3741)
(1.0669)
(-0.7226)
G3(4.6358)
(1.3489)
(2.7617)
G4(-0.0559)
(0.0250)
(0.0271)
A1(-11.9464)
(1.2598)
(12.0517)
A2(-3.0023)
(9.2177)
(4.4388)
A3(0.7901)
(17.1329)
(0.1197)
A4(-2.9544)
(10.1801)
(-2.9592)
G1(5.3243)
(2.2567)
(4.4634)
G2(-0.0138)
(-1.4798)
(0.8290)
G3(6.1198)
(-0.3533)
(3.9126)
G4(-0.7801)
(-0.4337)
(0.0149)
A1(-9.4124)
(13.0193)
(1.3939)
A2(1.2881)
(8.4611)
(3.1125)
A3(-8.1834)
(21.1983)
(4.9321)
A4(-2.4852)
(8.6095)
(-4.9081)
G1(3.5758)
(1.0126)
(4.3548)
G2(-0.1043)
(0.4725)
(0.1208)
G3(6.3454)
(3.6609)
(2.8979)
G4(0.4358)
(0.4486)
(-0.3033)
A1(-6.5624)
(14.4372)
(10.3082)
A2(-1.0726)
(5.1092)
(4.0223)
A3(-8.4755)
(15.4665)
(2.3798)
A4(1.3982)
(9.0884)
(-6.8857)
G1(2.7383)
(-2.7957)
(2.2609)
G2(-0.0452)
(-1.7384)
(0.5374)
G3(3.8993)
(4.4352)
(2.3003)
G4(0.5901)
(0.1900)
(0.0772)
A1(-11.2279)
(10.4662)
(8.7993)
A2(-0.4549)
(10.6159)
(4.3527)
A3(-15.0500)
(25.3211)
(7.7907)
A4(-3.6583)
(7.3358)
(-6.8187)
G1(1.0781)
(-1.0227)
(1.3446)
G2(0.3975)
(0.5593)
(0.2570)
G3(1.0903)
(0.7551)
(2.7760)
G4(0.3411)
(-0.7013)
(0.3805)
A1(-5.4942)
(8.6796)
(7.6784)
A2(-2.4756)
(11.7651)
(2.4708)
A3(-11.2384)
(14.6238)
(5.2146)
A4(0.3256)
(6.8953)
(-7.9679)
G1(0.9285)
(-0.2629)
(0.1495)
G2(0.2687)
(-1.0360)
(-0.3203)
G3(0.2533)
(-0.0937)
(0.9078)
G4(0.0724)
(-0.0357)
(0.1224)
A1(-4.3494)
(8.1335)
(4.5697)
A2(-0.7278)
(11.3198)
(2.9066)
A3(-8.4132)
(11.9135)
(3.3519)
A4(-0.0096)
(6.4931)
(-8.4420)
G1(0.4826)
(0.8040)
(0.1761)
G2(0.4704)
(-0.2421)
(-0.0298)
G3(-0.0415)
(0.0777)
(0.3278)
G4(-0.0048)
(0.1006)
(0.1932)
