A1(0.3832)
(8.1862)
(5.4415)
A2(1.2737)
(9.2703)
(-1.2210)
A3(-1.9489)
(10.9463)
(0.0335)
A4(0.3256)
(9.1937)
(-4.9464)
G1(-1.5639)
(-0.3326)
(0.1767)
G2(-0.2118)
(-0.0825)
(-0.0032)
G3(0.4821)
(-0.0314)
(0.1426)
G4(0.1203)
(0.3102)
(0.0420)
A1(0.2635)
(7.2042)
(5.7959)
A2(-0.6752)
(9.3661)
(-0.8380)
A3(-0.0335)
(9.7971)
(0.3112)
A4(2.1883)
(9.5385)
(-2.1356)
G1(-0.7497)
(-1.1898)
(0.0697)
G2(0.0702)
(-0.5470)
(0.0282)
G3(0.2884)
(-2.1348)
(1.7469)
G4(0.2384)
(-0.3326)
(0.1793)
A1(1.8729)
(7.3144)
(8.7418)
A2(0.9098)
(9.8210)
(0.1772)
A3(-0.7901)
(7.2305)
(-3.6009)
A4(1.9489)
(10.3669)
(-0.2203)
G1(-0.0245)
(-1.1499)
(0.3459)
G2(0.2543)
(-0.1155)
(0.1809)
G3(0.1517)
(-1.3042)
(1.9502)
G4(0.9876)
(-0.4965)
(0.1916)
A1(-3.3770)
(8.5550)
(3.2237)
A2(0.6321)
(9.3661)
(1.3791)
A3(4.7405)
(5.7892)
(-3.6057)
A4(2.5905)
(12.4977)
(2.8922)
G1(0.9126)
(-1.0185)
(-0.2437)
G2(0.4518)
(-0.7881)
(0.3038)
G3(0.4007)
(-0.2868)
(1.5495)
G4(1.7655)
(-1.4277)
(0.4177)
A1(-0.7185)
(11.9080)
(6.7587)
A2(-1.2833)
(8.6431)
(1.3743)
A3(-8.4803)
(30.2196)
(0.9146)
A4(2.2793)
(32.5420)
(-0.9816)
G1(1.7129)
(-8.1206)
(-0.1240)
G2(-0.0963)
(-0.7205)
(0.2437)
G3(1.1228)
(2.1253)
(-0.0633)
G4(3.6216)
(-3.1384)
(1.8001)
A1(5.1924)
(9.9872)
(6.8737)
A2(6.1435)
(14.7962)
(9.3709)
A3(-13.5703)
(14.5376)
(3.9313)
A4(-3.9504)
(24.7082)
(-31.9674)
G1(-0.0335)
(0.2283)
(0.2778)
G2(-2.8649)
(-4.5597)
(0.8285)
G3(-0.6550)
(-4.8789)
(1.7560)
G4(-3.7732)
(1.5367)
(-0.0580)
A1(0.6706)
(9.6807)
(-3.3530)
A2(-4.2808)
(46.7923)
(14.5184)
A3(1.8387)
(15.7586)
(1.5179)
A4(0.4357)
(10.5010)
(-9.8067)
G1(-1.1238)
(-3.5109)
(-0.0415)
G2(-7.9843)
(-3.1666)
(3.8525)
G3(1.1387)
(-0.2325)
(-0.1155)
G4(-11.3814)
(3.2847)
(0.1900)
A1(11.9847)
(2.9171)
(9.6328)
A2(7.3741)
(19.8719)
(11.4012)
A3(0.6177)
(-6.4787)
(-2.3415)
A4(-6.8905)
(11.8609)
(2.0782)
G1(-2.9117)
(-4.8529)
(-0.3012)
G2(-7.7880)
(-0.7811)
(5.2828)
G3(-0.1107)
(-0.7120)
(0.0937)
G4(-11.3053)
(-3.3890)
(7.1745)
A1(-5.5996)
(11.1321)
(-3.2093)
A2(-2.6240)
(3.1268)
(9.0740)
A3(5.8610)
(13.5081)
(-4.4867)
A4(7.2784)
(15.3708)
(-2.6719)
G1(-0.1570)
(-2.9123)
(-1.0807)
G2(-5.3073)
(0.6997)
(5.0072)
G3(-0.4518)
(-2.3120)
(1.4830)
G4(-5.0072)
(1.1111)
(3.5487)
A1(-0.3593)
(9.6759)
(1.7340)
A2(7.9583)
(-2.2745)
(8.8202)
A3(2.8539)
(4.9177)
(-6.5841)
A4(-4.3239)
(0.4405)
(-7.7764)
G1(0.2714)
(1.2435)
(-0.1293)
G2(-3.3688)
(-0.9924)
(-0.5662)
G3(0.4730)
(-0.8668)
(0.4885)
G4(-0.5545)
(2.6111)
(-4.1404)
A1(3.8847)
(11.8889)
(5.1637)
A2(3.8307)
(5.6503)
(2.0351)
A3(0.0000)
(4.1276)
(-10.6255)
A4(1.4940)
(0.5938)
(-3.0023)
G1(0.5438)
(0.1852)
(-0.3139)
G2(-2.2881)
(2.9793)
(-0.9227)
G3(0.3081)
(1.3106)
(-0.1666)
G4(3.3108)
(-1.3313)
(-3.0272)
A1(3.7841)
(9.3885)
(4.5841)
A2(0.7135)
(-3.0550)
(3.9313)
A3(4.3814)
(8.9926)
(-6.8666)
A4(7.3646)
(13.7236)
(1.4509)
G1(-0.1788)
(-0.9796)
(-0.8306)
G2(2.5190)
(1.6634)
(-1.6905)
G3(-0.2453)
(-0.0495)
(0.7535)
G4(4.4224)
(-3.1666)
(-2.8074)
A1(5.3601)
(7.9179)
(4.6176)
A2(4.6017)
(-5.3295)
(6.0094)
A3(1.7382)
(8.3941)
(-6.9767)
A4(7.3406)
(13.8576)
(-0.3879)
G1(0.1495)
(-0.5374)
(-0.6784)
G2(4.1670)
(0.5534)
(-1.8911)
G3(-0.2804)
(-0.6955)
(0.5332)
G4(3.4848)
(-3.1719)
(-2.3009)
A1(1.4514)
(7.6401)
(2.8118)
A2(10.7835)
(-1.8531)
(11.6693)
A3(1.1636)
(9.2943)
(-5.8275)
A4(11.6358)
(15.3516)
(-0.2586)
G1(0.6476)
(-0.3549)
(-0.8562)
G2(4.7997)
(-0.6944)
(-3.2161)
G3(-0.1639)
(-0.7050)
(0.4097)
G4(1.0685)
(-1.8342)
(-1.7448)
A1(2.0693)
(9.1921)
(2.3615)
A2(3.7350)
(3.9744)
(10.4339)
A3(3.2609)
(2.4134)
(-7.1970)
A4(11.6023)
(12.6797)
(1.0534)
G1(0.5284)
(-0.0910)
(-0.5380)
G2(3.4529)
(-1.8794)
(-4.0574)
G3(0.3225)
(-1.3313)
(0.1926)
G4(0.2937)
(-0.8322)
(-0.7870)
A1(2.6537)
(12.8517)
(2.5914)
A2(7.2449)
(4.8890)
(9.9982)
A3(3.8259)
(4.2904)
(-7.9296)
A4(5.1284)
(10.1849)
(-0.7326)
G1(1.3303)
(0.2299)
(-0.7774)
G2(2.7606)
(2.0359)
(-1.7028)
G3(0.2724)
(-0.2735)
(-0.0761)
G4(0.3278)
(-0.8711)
(-0.2921)
A1(-0.3497)
(9.4460)
(-1.4562)
A2(4.5155)
(7.8817)
(5.4013)
A3(3.9887)
(5.1523)
(-8.3749)
A4(5.9185)
(9.6630)
(1.8771)
G1(1.4234)
(1.4585)
(-0.7029)
G2(2.6744)
(-0.3528)
(-1.0844)
G3(0.2283)
(0.1538)
(-0.3895)
G4(0.8902)
(-0.4028)
(-0.3847)
A1(0.0192)
(8.5598)
(-0.2587)
A2(5.0278)
(8.6862)
(9.2703)
A3(2.1356)
(7.9248)
(-6.4452)
A4(1.1684)
(11.3964)
(-0.1293)
G1(1.0711)
(1.1355)
(-0.4810)
G2(2.0699)
(0.1974)
(-0.6098)
G3(0.2075)
(-0.3017)
(-0.3650)
G4(0.4762)
(-0.5199)
(-0.8264)
A1(-2.3232)
(7.2617)
(-2.4094)
A2(6.7947)
(9.0405)
(3.9456)
A3(0.8284)
(5.6312)
(-8.1355)
A4(5.2385)
(11.5161)
(-4.4436)
G1(-0.0383)
(-0.5374)
(-0.4172)
G2(0.4550)
(0.4768)
(-0.3469)
G3(0.1825)
(-0.2081)
(-0.4209)
G4(0.0149)
(-0.8993)
(-0.2677)
A1(-4.7565)
(9.9345)
(-1.2454)
A2(-0.3017)
(6.7086)
(0.9098)
A3(-1.3695)
(8.4276)
(-6.8666)
A4(1.5850)
(9.0884)
(-3.7350)
G1(-0.0649)
(-0.7875)
(-0.3661)
G2(-0.0564)
(-0.5486)
(-0.9424)
G3(0.0585)
(-1.2196)
(0.4076)
G4(-0.3288)
(-0.5241)
(-0.0788)
