A1(2.7830)
(7.4916)
(-0.2922)
A2(4.0510)
(7.6471)
(4.0558)
A3(0.4262)
(7.4364)
(-7.0150)
A4(-3.3471)
(7.2640)
(-2.0638)
G1(0.7790)
(0.8732)
(-0.3805)
G2(-0.4528)
(0.6657)
(0.5401)
G3(-0.0303)
(0.6715)
(-0.3586)
G4(0.8461)
(1.4851)
(-1.5963)
A1(1.2454)
(11.0075)
(-0.0958)
A2(5.0566)
(6.1100)
(6.9863)
A3(0.9146)
(7.7189)
(-5.7940)
A4(-2.5522)
(5.3151)
(-3.3279)
G1(0.9237)
(1.4729)
(-0.4544)
G2(-0.8237)
(0.7279)
(1.4713)
G3(-0.0793)
(0.5523)
(-0.4278)
G4(0.6619)
(2.9351)
(-2.7425)
A1(-0.9388)
(8.8999)
(7.0222)
A2(3.3567)
(5.4827)
(5.0805)
A3(-1.4269)
(9.2895)
(-7.5226)
A4(-0.0479)
(18.9908)
(-2.1835)
G1(0.4784)
(3.9781)
(-1.2882)
G2(-0.0830)
(1.4489)
(0.6300)
G3(0.6348)
(0.9195)
(-1.1792)
G4(1.3936)
(0.0442)
(-0.5688)
A1(-3.2955)
(-2.9028)
(16.3149)
A2(4.7070)
(6.7756)
(8.9208)
A3(2.8970)
(13.7236)
(0.0287)
A4(-2.3463)
(1.7142)
(-11.8705)
G1(-7.1803)
(3.3651)
(-0.3480)
G2(0.6002)
(0.7529)
(0.2480)
G3(0.9269)
(0.8892)
(-1.2776)
G4(0.8519)
(-0.7976)
(0.5800)
A1(3.9997)
(41.9607)
(-10.4998)
A2(5.0326)
(3.9409)
(10.2328)
A3(7.9535)
(28.9890)
(19.6085)
A4(-0.8188)
(8.1786)
(-13.9486)
G1(-6.8914)
(4.2973)
(-1.8885)
G2(1.1440)
(2.0848)
(-0.5385)
G3(2.9431)
(0.5273)
(-1.9113)
G4(0.0676)
(2.9910)
(-1.6267)
A1(3.8464)
(37.9659)
(14.8874)
A2(-7.2592)
(17.4202)
(-0.9816)
A3(5.3391)
(17.2861)
(-30.3537)
A4(-2.0063)
(15.3756)
(-3.4668)
G1(-10.7050)
(-1.1840)
(-4.4437)
G2(1.4958)
(2.7590)
(-0.0926)
G3(-0.9961)
(0.9988)
(-2.3908)
G4(-0.6609)
(-0.4198)
(0.3076)
A1(6.1696)
(9.4220)
(-4.0141)
A2(0.4357)
(13.1968)
(0.9002)
A3(28.7975)
(-4.1659)
(-29.7168)
A4(4.0127)
(11.2480)
(0.0814)
G1(-5.2796)
(-0.1979)
(-3.0213)
G2(1.6283)
(3.9956)
(1.0046)
G3(-12.0944)
(1.4931)
(2.2737)
G4(-0.3826)
(-0.3012)
(-0.3666)
A1(-3.1997)
(2.7878)
(18.6764)
A2(1.9393)
(8.2121)
(8.4180)
A3(-3.1508)
(25.4312)
(9.1650)
A4(2.5857)
(11.9950)
(-1.8627)
G1(-6.5370)
(-2.2923)
(0.1091)
G2(1.0477)
(1.3122)
(-0.7795)
G3(-17.3256)
(8.9821)
(0.6816)
G4(1.0121)
(2.6425)
(-0.6045)
A1(6.6294)
(10.2172)
(8.7754)
A2(1.0487)
(3.0550)
(3.2322)
A3(20.9062)
(42.3055)
(28.1414)
A4(-5.4013)
(7.1251)
(-5.9903)
G1(-6.2608)
(-1.9986)
(-1.7884)
G2(0.3847)
(1.8129)
(-0.5667)
G3(-13.8706)
(1.1765)
(-2.2019)
G4(1.2553)
(2.8127)
(-1.4207)
A1(-10.7009)
(7.7838)
(1.8442)
A2(-1.9297)
(3.9648)
(4.5969)
A3(4.1611)
(27.8110)
(-10.6111)
A4(-3.5865)
(5.5737)
(-8.2600)
G1(-2.0869)
(0.8226)
(0.7987)
G2(0.6178)
(4.1595)
(-0.1112)
G3(-6.6860)
(-2.8282)
(0.4794)
G4(0.8375)
(2.0758)
(-0.1431)
A1(-3.9805)
(-0.4407)
(-0.2922)
A2(-15.3277)
(13.2447)
(5.6647)
A3(17.2957)
(-5.9951)
(-20.1065)
A4(-3.3040)
(1.0822)
(-10.8601)
G1(2.7888)
(0.8067)
(2.6132)
G2(0.1229)
(6.4891)
(2.1865)
G3(-2.3285)
(-2.0939)
(2.3823)
G4(0.2341)
(0.7641)
(-0.6619)
A1(0.4359)
(2.6633)
(1.1496)
A2(18.3875)
(11.7555)
(1.6903)
A3(-6.3829)
(-3.5243)
(-16.1848)
A4(17.1760)
(9.9503)
(-9.7157)
G1(4.2383)
(0.5667)
(3.4098)
G2(-0.1107)
(0.5268)
(0.4901)
G3(3.0091)
(0.2198)
(1.4436)
G4(-0.7466)
(1.0999)
(-0.6470)
A1(-5.6858)
(0.2012)
(14.2264)
A2(-3.0550)
(5.6312)
(-3.3662)
A3(1.0343)
(-0.7326)
(-9.5241)
A4(-12.5552)
(16.3332)
(-0.1772)
G1(4.6464)
(-0.4635)
(3.9217)
G2(0.6838)
(-1.0488)
(0.5752)
G3(5.7830)
(2.7750)
(1.5564)
G4(-0.7136)
(-0.9003)
(-0.8386)
A1(-10.2842)
(0.3593)
(8.8280)
A2(4.8171)
(8.9543)
(2.1596)
A3(-1.4078)
(17.2478)
(1.2929)
A4(-1.7382)
(14.4466)
(-4.9225)
G1(2.9814)
(1.7203)
(3.8365)
G2(-0.1836)
(-1.0797)
(1.2755)
G3(5.9708)
(0.3113)
(3.4034)
G4(-0.6455)
(-0.3719)
(0.2884)
A1(-2.3280)
(9.6567)
(7.5731)
A2(-4.0893)
(14.8632)
(8.1211)
A3(-6.4691)
(24.2724)
(6.9145)
A4(1.6472)
(4.4580)
(-7.7716)
G1(3.0559)
(1.8092)
(4.9731)
G2(0.1799)
(-0.9578)
(0.0436)
G3(7.1388)
(2.6175)
(2.6765)
G4(-0.1059)
(-0.0878)
(-0.0990)
A1(-9.1490)
(7.5874)
(10.1309)
A2(1.8483)
(8.5569)
(2.7869)
A3(-10.5105)
(15.0164)
(-1.0726)
A4(-3.3567)
(7.2592)
(-7.1347)
G1(2.5366)
(-1.4122)
(1.4958)
G2(0.2634)
(-0.1878)
(0.5273)
G3(2.4429)
(2.3051)
(1.5399)
G4(0.1171)
(0.1096)
(0.0426)
A1(-6.6390)
(10.0256)
(7.4964)
A2(-0.8236)
(10.3477)
(4.9608)
A3(-10.7069)
(19.7809)
(2.1835)
A4(0.8428)
(8.0397)
(-6.6415)
G1(1.7331)
(-0.5827)
(0.9621)
G2(0.0958)
(-0.5784)
(0.1421)
G3(0.8258)
(1.5623)
(1.3000)
G4(0.0905)
(0.1517)
(0.0037)
A1(-7.5156)
(7.5826)
(2.8980)
A2(2.4038)
(6.4643)
(3.3902)
A3(-9.9886)
(17.0802)
(1.2067)
A4(-0.7230)
(8.2313)
(-6.9480)
G1(0.8296)
(-0.4129)
(0.1266)
G2(0.5396)
(0.7897)
(0.5295)
G3(0.6822)
(0.1394)
(0.6694)
G4(0.0229)
(0.3863)
(-0.0096)
A1(-3.1518)
(7.7407)
(3.9662)
A2(0.0479)
(9.5050)
(1.1444)
A3(-8.1355)
(12.7419)
(2.2505)
A4(0.4022)
(7.4077)
(-6.9576)
G1(1.1291)
(-0.3406)
(-0.2480)
G2(0.8019)
(0.1804)
(-0.1399)
G3(0.1192)
(0.3688)
(-0.0952)
G4(0.0963)
(0.3688)
(0.1559)
A1(-3.3434)
(6.0307)
(3.4871)
A2(-1.5658)
(10.3190)
(1.0726)
A3(-6.2728)
(8.3606)
(0.3065)
A4(0.4310)
(8.5808)
(-4.9608)
G1(1.5527)
(-0.8604)
(-0.3395)
G2(0.7721)
(-0.1378)
(0.4613)
G3(-0.2224)
(0.1187)
(-0.3597)
G4(0.1623)
(0.0021)
(0.3390)
