A1(1.0155)
(8.4688)
(-0.8957)
A2(3.9696)
(7.3119)
(2.9018)
A3(-1.6807)
(7.6902)
(-6.8857)
A4(-5.7652)
(8.5712)
(-1.8244)
G1(1.2302)
(1.6384)
(-0.4699)
G2(-0.8216)
(0.4592)
(0.2086)
G3(-0.2597)
(0.9913)
(-0.3395)
G4(1.5032)
(3.1294)
(-3.1842)
A1(2.8597)
(8.2437)
(-0.7377)
A2(6.1052)
(8.7101)
(5.3343)
A3(0.4741)
(8.8394)
(-5.2816)
A4(-0.2059)
(7.2927)
(-2.4995)
G1(0.8519)
(1.4857)
(-0.7082)
G2(-1.1047)
(0.1117)
(0.6071)
G3(-0.3086)
(0.8173)
(-0.2325)
G4(1.3500)
(3.6492)
(-3.7705)
A1(-1.4897)
(12.0517)
(4.2057)
A2(0.6656)
(7.1347)
(4.2904)
A3(3.1412)
(10.4962)
(-2.2314)
A4(1.6568)
(31.2204)
(-5.4636)
G1(-0.1277)
(3.4210)
(-0.1144)
G2(-0.5805)
(1.8369)
(0.7104)
G3(0.4997)
(0.5917)
(-0.7428)
G4(0.1564)
(-2.7505)
(1.7624)
A1(-12.0709)
(2.9315)
(15.8838)
A2(0.6847)
(4.5394)
(6.6702)
A3(1.2833)
(15.5479)
(3.2848)
A4(1.7142)
(0.4214)
(-11.8513)
G1(-8.2142)
(5.1439)
(-2.4584)
G2(-0.1836)
(2.8521)
(0.2778)
G3(0.9913)
(0.1857)
(-1.0813)
G4(1.2345)
(3.3598)
(-1.8406)
A1(-7.5635)
(21.7132)
(18.2932)
A2(5.6886)
(9.0118)
(16.9605)
A3(-4.1468)
(35.8077)
(4.2282)
A4(-1.4269)
(14.5137)
(-2.5331)
G1(-11.4958)
(2.9697)
(-6.2539)
G2(0.9573)
(-2.1449)
(0.5374)
G3(5.0625)
(3.4486)
(-2.7069)
G4(-0.8051)
(1.5804)
(-0.3251)
A1(-5.6954)
(31.4227)
(0.4072)
A2(-18.6029)
(18.1864)
(0.2011)
A3(13.8241)
(19.4601)
(-40.2465)
A4(-1.7430)
(14.6238)
(2.4565)
G1(-9.5541)
(-2.9442)
(-3.0373)
G2(2.5015)
(5.1147)
(-0.7423)
G3(1.3516)
(1.1866)
(-2.5632)
G4(-0.3283)
(-0.2176)
(0.1426)
A1(-6.8977)
(-10.7920)
(4.3494)
A2(-0.6752)
(10.9463)
(3.8786)
A3(-28.2324)
(23.6308)
(3.5578)
A4(8.3414)
(0.6560)
(-1.1253)
G1(-5.2578)
(-0.3054)
(-2.8266)
G2(1.3771)
(0.9700)
(0.1820)
G3(-15.1008)
(-7.0106)
(7.8066)
G4(0.7418)
(3.9493)
(-1.2079)
A1(-1.7100)
(-2.5052)
(23.8352)
A2(-1.3647)
(3.5434)
(9.5193)
A3(-0.8571)
(28.9698)
(19.1392)
A4(-2.5091)
(7.8578)
(-6.7660)
G1(-8.0024)
(-0.4821)
(-1.1802)
G2(-0.1740)
(1.3654)
(-0.6667)
G3(-15.5595)
(13.3065)
(-1.7645)
G4(1.0711)
(2.7771)
(-0.4475)
A1(-3.3626)
(7.5299)
(-9.7765)
A2(0.5650)
(7.4891)
(6.5649)
A3(18.6413)
(51.8488)
(15.4905)
A4(-5.1188)
(8.3175)
(-10.2137)
G1(-5.2046)
(-5.8027)
(0.0952)
G2(-1.5979)
(5.9277)
(0.0059)
G3(-11.1611)
(3.6694)
(-1.9917)
G4(0.2788)
(1.4798)
(0.8791)
A1(1.7196)
(-3.3961)
(-0.0958)
A2(-6.7373)
(9.7588)
(-2.0734)
A3(11.0277)
(-13.1059)
(-35.2474)
A4(3.7062)
(3.8211)
(-11.5401)
G1(0.7966)
(-0.7237)
(2.5845)
G2(-0.7987)
(-1.2414)
(2.7931)
G3(-3.5066)
(1.0413)
(1.5341)
G4(-0.2575)
(-0.6465)
(-0.1415)
A1(-3.9901)
(2.9315)
(-0.0814)
A2(1.8771)
(0.0527)
(4.9752)
A3(-6.1483)
(-0.2825)
(-14.5615)
A4(7.9392)
(7.6950)
(-2.1979)
G1(3.7764)
(0.6321)
(3.0740)
G2(-0.7865)
(3.5061)
(-0.7168)
G3(0.4805)
(-2.5893)
(3.7088)
G4(0.7386)
(-0.5236)
(-0.8407)
A1(-5.7768)
(-2.0885)
(8.0616)
A2(-3.7972)
(4.3383)
(5.5162)
A3(0.2921)
(-0.8763)
(-7.7668)
A4(-1.7382)
(7.9392)
(-4.5107)
G1(3.7791)
(0.6087)
(4.5118)
G2(1.5628)
(-2.6153)
(0.6183)
G3(5.8655)
(2.4812)
(1.7384)
G4(-0.1697)
(2.0641)
(-0.6375)
A1(-7.3719)
(4.7996)
(7.5539)
A2(4.3814)
(9.0692)
(2.4134)
A3(-0.8811)
(13.0915)
(-1.4461)
A4(-2.5379)
(7.1060)
(-5.2816)
G1(3.0533)
(1.0339)
(4.8348)
G2(-0.1735)
(1.3441)
(-0.9408)
G3(6.0022)
(2.9942)
(2.3466)
G4(0.4922)
(0.8955)
(-0.4438)
A1(-14.6384)
(11.0363)
(4.1003)
A2(2.7581)
(8.4276)
(4.6304)
A3(-3.8259)
(16.5679)
(0.5219)
A4(17.5591)
(31.9291)
(-2.2745)
G1(1.8869)
(0.3038)
(5.0609)
G2(0.7567)
(-1.0722)
(1.5282)
G3(5.8511)
(2.4839)
(2.5595)
G4(0.0293)
(-0.1889)
(1.1025)
A1(-12.6074)
(11.8889)
(6.8545)
A2(-0.1724)
(7.1539)
(3.6392)
A3(-5.8754)
(14.4706)
(-2.4517)
A4(3.2561)
(10.1370)
(-8.5425)
G1(3.3156)
(-0.1953)
(2.9846)
G2(0.9982)
(0.9754)
(0.8349)
G3(1.9475)
(3.6918)
(1.5532)
G4(0.7029)
(1.1526)
(-0.0165)
A1(-8.4257)
(7.0222)
(1.9687)
A2(4.6495)
(16.8312)
(9.6965)
A3(-19.4553)
(14.5232)
(-7.2065)
A4(0.2203)
(6.3255)
(-7.2018)
G1(4.2989)
(-1.5431)
(2.0736)
G2(-0.3342)
(-1.9284)
(1.0195)
G3(0.3789)
(1.5261)
(0.0724)
G4(0.4246)
(0.9935)
(-0.1064)
A1(-4.4787)
(19.5961)
(-3.2620)
A2(9.2799)
(16.3716)
(-3.2130)
A3(2.6288)
(18.4306)
(11.9279)
A4(2.6767)
(7.3358)
(-7.2113)
G1(-0.9099)
(-3.0793)
(-1.4309)
G2(2.3759)
(-0.8402)
(1.9129)
G3(-0.1543)
(3.2187)
(1.2946)
G4(0.4353)
(0.6827)
(0.4672)
A1(3.7985)
(8.0521)
(-0.1389)
A2(-2.0542)
(8.2361)
(1.5993)
A3(-28.0026)
(16.5870)
(19.7186)
A4(4.6878)
(5.9233)
(-10.8505)
G1(-1.0664)
(-1.4074)
(0.6614)
G2(0.9993)
(0.6843)
(0.7035)
G3(0.4832)
(-4.7268)
(1.4787)
G4(0.5007)
(0.2410)
(0.7178)
A1(2.9171)
(8.4448)
(-5.3840)
A2(2.3320)
(9.2081)
(-4.5586)
A3(-4.5681)
(3.2944)
(-7.5178)
A4(2.0303)
(4.6064)
(-6.5122)
G1(2.9713)
(2.0694)
(-0.2001)
G2(0.6870)
(-0.0575)
(0.1272)
G3(0.0138)
(-0.5465)
(0.2533)
G4(0.2059)
(2.1854)
(-1.1866)
A1(3.2237)
(10.2555)
(9.6040)
A2(8.9687)
(9.9886)
(-3.9217)
A3(-2.5426)
(11.2623)
(-3.8834)
A4(-5.2672)
(10.6686)
(-3.7445)
G1(-0.6449)
(0.0016)
(-0.0266)
G2(-0.6673)
(-0.6651)
(0.9658)
G3(0.5076)
(0.6534)
(0.2256)
G4(0.0511)
(4.9407)
(-3.2603)
