A1(5.1589)
(7.3815)
(5.0966)
A2(0.7566)
(9.6534)
(-0.1437)
A3(1.7238)
(7.0150)
(-3.8259)
A4(0.8906)
(10.1275)
(-1.5706)
G1(0.4619)
(-1.5532)
(0.0713)
G2(-0.2011)
(-1.0648)
(0.0878)
G3(1.0110)
(-1.0754)
(1.4862)
G4(0.6337)
(-0.7189)
(0.3624)
A1(0.6227)
(10.2890)
(5.7049)
A2(0.7326)
(9.5864)
(-0.0814)
A3(3.3519)
(6.7181)
(-4.5107)
A4(1.0151)
(11.8178)
(0.9146)
G1(0.6337)
(-2.8298)
(0.2107)
G2(0.3948)
(-1.4447)
(0.2251)
G3(0.5140)
(-2.5323)
(2.4307)
G4(0.9881)
(-0.5007)
(0.3672)
A1(4.5553)
(14.3941)
(-2.1507)
A2(-1.1444)
(8.6910)
(1.1013)
A3(0.4070)
(0.9433)
(-5.9520)
A4(-2.8874)
(40.6919)
(7.9104)
G1(1.2489)
(-2.1253)
(-0.0990)
G2(-0.1857)
(-1.1238)
(0.2277)
G3(-0.2017)
(-0.7764)
(1.3393)
G4(3.5141)
(-3.5114)
(1.8443)
A1(-0.3976)
(5.8870)
(4.7661)
A2(-1.0774)
(8.6814)
(1.5897)
A3(-3.0550)
(21.3659)
(-3.2896)
A4(1.5131)
(10.8457)
(-20.9971)
G1(0.0809)
(-4.2053)
(-0.4997)
G2(-0.6439)
(-0.4741)
(0.1224)
G3(1.5804)
(1.6756)
(-1.2962)
G4(0.0766)
(-0.2086)
(2.4717)
A1(9.1681)
(14.5569)
(3.6404)
A2(0.9242)
(9.2751)
(4.1659)
A3(8.6574)
(10.8793)
(-12.6797)
A4(2.8922)
(22.4816)
(-27.9834)
G1(0.4688)
(-1.8443)
(0.0654)
G2(-1.9837)
(-2.1705)
(0.5741)
G3(-0.0889)
(-0.6854)
(1.0525)
G4(-4.1680)
(1.9704)
(2.0236)
A1(3.1135)
(9.3166)
(4.6942)
A2(-7.1491)
(27.2125)
(20.4752)
A3(6.1004)
(15.3325)
(1.0822)
A4(1.8723)
(10.4483)
(-14.1497)
G1(-1.2414)
(-0.9546)
(0.8413)
G2(-8.4175)
(-1.1542)
(1.4037)
G3(-0.1038)
(-1.1148)
(0.1532)
G4(-9.4631)
(1.1095)
(-0.3672)
A1(-0.1916)
(5.7433)
(1.3221)
A2(6.0621)
(4.6017)
(9.3518)
A3(-3.1412)
(19.6708)
(2.9305)
A4(11.7029)
(4.3431)
(-3.8595)
G1(-2.5196)
(-3.9158)
(0.1548)
G2(-5.8602)
(-3.7110)
(3.7541)
G3(1.1627)
(-0.3187)
(0.0745)
G4(-12.4530)
(-0.4358)
(3.2533)
A1(3.8991)
(9.6855)
(-0.2587)
A2(6.9815)
(7.2975)
(7.9871)
A3(1.4413)
(2.8443)
(-6.7660)
A4(-14.9638)
(26.5134)
(-0.9002)
G1(-0.3272)
(-3.6907)
(-0.4055)
G2(-7.1127)
(0.3448)
(3.2065)
G3(-0.1767)
(-1.4559)
(0.7035)
G4(-10.4390)
(3.8456)
(3.4061)
A1(-11.4913)
(10.3225)
(-0.7856)
A2(1.1588)
(4.1468)
(4.6208)
A3(5.8131)
(0.6991)
(-5.9999)
A4(-3.8259)
(1.4078)
(-14.5041)
G1(-1.0355)
(-2.5456)
(-0.8344)
G2(-6.0134)
(0.9349)
(1.8512)
G3(0.3656)
(-1.5894)
(0.0064)
G4(-2.9596)
(1.1691)
(-0.2937)
A1(0.5940)
(8.2580)
(0.2491)
A2(-0.2729)
(-4.1659)
(-2.4038)
A3(6.7373)
(7.5944)
(-6.5697)
A4(-16.6589)
(-4.5825)
(-13.1154)
G1(-0.1511)
(1.5256)
(-0.0394)
G2(-3.6625)
(0.0266)
(1.5149)
G3(0.7008)
(-1.0110)
(0.2549)
G4(-1.5314)
(2.0151)
(-3.3326)
A1(3.6404)
(11.1895)
(4.3877)
A2(6.3015)
(6.5649)
(3.8259)
A3(1.2115)
(1.9537)
(-12.5743)
A4(-1.3264)
(-1.3408)
(-7.0916)
G1(1.0488)
(0.5624)
(-0.3592)
G2(-3.8131)
(2.5850)
(-0.8892)
G3(0.5209)
(0.0894)
(-0.5273)
G4(3.5864)
(-1.0733)
(-4.0089)
A1(4.8475)
(7.8269)
(3.2141)
A2(4.4293)
(0.6847)
(3.0885)
A3(4.2665)
(3.9840)
(-5.8562)
A4(4.8267)
(11.8082)
(0.0144)
G1(0.2900)
(-0.7492)
(-1.1871)
G2(-0.3342)
(2.0864)
(-1.5953)
G3(0.4794)
(0.2905)
(0.2091)
G4(4.6847)
(-0.9535)
(-4.1856)
A1(7.6162)
(8.8951)
(2.5052)
A2(-1.0822)
(-4.2904)
(4.2186)
A3(3.0311)
(-1.8292)
(-7.1922)
A4(5.3199)
(14.1210)
(1.2546)
G1(1.2324)
(-1.7549)
(0.0607)
G2(1.8502)
(1.9576)
(-2.2141)
G3(1.4527)
(0.9206)
(-0.0697)
G4(4.7268)
(-2.2423)
(-2.4988)
A1(7.9179)
(6.7252)
(0.5125)
A2(4.8554)
(-4.7788)
(9.5481)
A3(-8.8490)
(-0.5459)
(-4.8411)
A4(10.7069)
(20.0155)
(-1.3168)
G1(0.3810)
(-1.6059)
(-0.3719)
G2(4.7566)
(0.4156)
(-2.0183)
G3(0.1405)
(0.3922)
(-0.7939)
G4(2.8537)
(-3.9408)
(-2.7755)
A1(-3.7362)
(13.3546)
(-0.1054)
A2(6.4835)
(-0.7422)
(13.0532)
A3(6.0190)
(19.6085)
(-6.5314)
A4(8.6910)
(12.7850)
(-3.0119)
G1(0.6146)
(-1.1063)
(-1.5602)
G2(5.6063)
(-0.3730)
(-3.3842)
G3(-0.3863)
(0.1772)
(0.4762)
G4(1.4612)
(-1.2137)
(-2.6121)
A1(1.3412)
(6.8402)
(0.9676)
A2(4.8794)
(3.2657)
(7.8243)
A3(4.3622)
(10.4818)
(-3.5865)
A4(12.7707)
(12.7276)
(-0.5267)
G1(0.9168)
(-1.1760)
(-0.6864)
G2(3.3768)
(-1.8576)
(-4.3841)
G3(-0.5630)
(-1.0967)
(0.4273)
G4(0.1426)
(-1.4809)
(-1.3574)
A1(-2.4190)
(6.6103)
(-7.5060)
A2(3.4812)
(6.7086)
(10.4770)
A3(3.6248)
(9.1315)
(-2.8491)
A4(7.4508)
(13.8385)
(-0.6752)
G1(1.0658)
(-0.2091)
(-1.7187)
G2(3.0628)
(0.6800)
(-3.8062)
G3(-0.0644)
(-0.3150)
(-0.0921)
G4(0.1458)
(-0.7082)
(-0.9142)
A1(0.9867)
(11.6494)
(-1.1544)
A2(11.0852)
(9.9072)
(9.0740)
A3(-0.7470)
(6.3782)
(-5.8035)
A4(9.8689)
(14.6429)
(2.2841)
G1(0.2762)
(-0.1772)
(-0.3991)
G2(2.5786)
(-0.0096)
(-2.4195)
G3(0.0255)
(-0.4198)
(0.0607)
G4(0.7109)
(-1.3303)
(-0.4017)
A1(-0.0144)
(9.3645)
(-1.7244)
A2(1.3216)
(7.7859)
(4.5681)
A3(3.1556)
(7.8147)
(-4.7549)
A4(3.3279)
(10.6207)
(-3.2417)
G1(1.3606)
(0.1751)
(-0.7950)
G2(2.9165)
(-0.5044)
(-1.4298)
G3(0.3326)
(0.0314)
(-0.1250)
G4(-0.4023)
(-1.4245)
(-0.0532)
A1(-0.8718)
(8.2245)
(-2.3854)
A2(7.4843)
(8.6383)
(4.2856)
A3(2.2841)
(7.1682)
(-6.5649)
A4(1.0008)
(9.6343)
(-0.8859)
G1(0.8093)
(-0.2575)
(-0.5353)
G2(0.8429)
(-0.5225)
(-0.5523)
G3(0.3821)
(0.0426)
(-0.1272)
G4(-0.3400)
(-1.0882)
(-0.1564)
