A1(1.1448)
(7.1563)
(5.7576)
A2(0.3974)
(9.0884)
(0.0000)
A3(-3.0933)
(9.7923)
(-2.4229)
A4(1.8435)
(10.5824)
(-0.7805)
G1(-0.5577)
(-1.0584)
(0.0160)
G2(-0.0250)
(-0.2054)
(-0.1618)
G3(1.1456)
(-0.6348)
(0.8216)
G4(0.5433)
(-0.7072)
(0.1453)
A1(1.7867)
(11.6781)
(7.4054)
A2(-1.1588)
(9.7348)
(1.0774)
A3(1.4892)
(5.2098)
(-3.1173)
A4(7.0533)
(17.0946)
(2.0590)
G1(2.7760)
(-4.2596)
(0.0388)
G2(0.3384)
(-1.1520)
(0.2570)
G3(0.7146)
(-1.6783)
(2.6403)
G4(2.5126)
(-1.0445)
(0.3906)
A1(3.3147)
(11.2566)
(4.3541)
A2(-0.0766)
(9.1123)
(4.2521)
A3(-14.4227)
(44.9918)
(1.0199)
A4(1.2258)
(14.4083)
(-15.8496)
G1(0.3363)
(-5.3445)
(0.3858)
G2(-0.8285)
(-1.1595)
(0.3171)
G3(0.0048)
(4.1797)
(0.0053)
G4(2.6606)
(-0.4438)
(3.6258)
A1(5.2834)
(4.3925)
(3.6548)
A2(7.9057)
(8.0589)
(5.1236)
A3(-0.0718)
(13.7140)
(-6.6894)
A4(-5.3486)
(1.5419)
(-26.9204)
G1(-0.0074)
(-0.4486)
(0.8099)
G2(-4.4777)
(-6.0379)
(0.8881)
G3(-0.8274)
(-2.5802)
(0.7066)
G4(-8.5723)
(5.1668)
(-1.9747)
A1(1.0634)
(9.8148)
(-0.0240)
A2(2.8060)
(16.9557)
(7.1587)
A3(-5.1284)
(22.7928)
(2.0686)
A4(9.7827)
(12.5839)
(0.1101)
G1(-1.6602)
(-3.4795)
(-0.3177)
G2(-6.4263)
(-2.5100)
(2.7798)
G3(0.9168)
(0.0234)
(0.2086)
G4(-12.5089)
(-3.6359)
(5.7947)
A1(6.5767)
(4.4883)
(10.6147)
A2(10.4627)
(19.7809)
(16.6253)
A3(3.4333)
(-1.4269)
(-8.7484)
A4(-11.6454)
(23.4009)
(13.8912)
G1(-0.9631)
(-1.6075)
(-1.2462)
G2(-7.9375)
(-0.1926)
(4.3133)
G3(-0.1080)
(-2.0619)
(1.5426)
G4(-11.4809)
(0.0122)
(6.1901)
A1(-10.1261)
(10.5620)
(-1.4658)
A2(-0.3352)
(-1.4844)
(9.6055)
A3(6.4787)
(7.6279)
(-3.9169)
A4(-5.9089)
(2.9832)
(-16.4482)
G1(-1.7294)
(-1.9092)
(-0.6694)
G2(-5.2876)
(0.0495)
(1.9475)
G3(1.2175)
(0.3565)
(-1.1222)
G4(-3.0990)
(0.2299)
(1.3250)
A1(-1.8490)
(10.6387)
(4.2344)
A2(7.5896)
(-0.3017)
(8.9352)
A3(0.3735)
(-0.9529)
(-8.9591)
A4(0.4501)
(-5.0374)
(-12.2439)
G1(0.4129)
(0.6375)
(-0.0883)
G2(-6.6429)
(1.4436)
(0.8258)
G3(-0.0239)
(-0.4784)
(0.9461)
G4(1.5224)
(0.7226)
(-4.0026)
A1(5.7433)
(8.5406)
(4.6942)
A2(1.3120)
(-1.5850)
(1.6664)
A3(3.7014)
(2.2553)
(-7.1539)
A4(3.5386)
(12.5456)
(-0.2346)
G1(0.4672)
(-0.5459)
(-0.7726)
G2(-1.5820)
(1.8975)
(-0.9402)
G3(0.6779)
(0.8402)
(0.5188)
G4(4.9710)
(-0.9541)
(-5.4903)
A1(7.3862)
(3.7314)
(5.4223)
A2(4.0510)
(-1.9249)
(5.5498)
A3(5.3008)
(4.6304)
(-7.4172)
A4(7.2640)
(17.8703)
(-1.2402)
G1(-1.0562)
(0.4140)
(-0.1745)
G2(3.5221)
(1.3526)
(-2.5286)
G3(-0.8588)
(1.0642)
(0.5720)
G4(5.0407)
(-4.4346)
(-2.4743)
A1(-0.9341)
(9.7238)
(6.6869)
A2(7.0102)
(-1.2594)
(12.0093)
A3(0.8715)
(4.8554)
(-7.2113)
A4(11.8369)
(21.1312)
(-8.4276)
G1(0.2081)
(-0.4119)
(-1.0408)
G2(5.1370)
(0.7402)
(-3.3081)
G3(-0.0074)
(0.2134)
(0.2634)
G4(1.6453)
(-2.6382)
(-2.4780)
A1(3.7075)
(13.8432)
(8.3634)
A2(0.8859)
(-1.1923)
(9.4332)
A3(4.7022)
(5.8993)
(-9.0932)
A4(12.5217)
(12.8856)
(-2.6049)
G1(0.7040)
(1.2334)
(-0.0064)
G2(2.7425)
(-2.5940)
(-5.7367)
G3(0.1809)
(-1.0121)
(0.6667)
G4(0.2421)
(-2.0417)
(-0.9519)
A1(1.0969)
(13.9246)
(-0.8239)
A2(9.5193)
(8.4898)
(7.8961)
A3(7.4316)
(3.3136)
(-8.4851)
A4(28.9507)
(25.0769)
(-2.3463)
G1(0.3358)
(0.1011)
(-0.2911)
G2(3.1054)
(3.3800)
(-1.9513)
G3(0.4842)
(-0.5561)
(-0.2224)
G4(0.2623)
(2.3381)
(-0.0383)
A1(3.2237)
(7.7934)
(1.7244)
A2(8.5329)
(10.5872)
(8.9639)
A3(6.2920)
(6.9959)
(-6.9623)
A4(7.2832)
(7.8195)
(0.6752)
G1(0.8008)
(-1.6325)
(-0.7253)
G2(3.2815)
(0.2543)
(-0.7263)
G3(-0.1383)
(0.8046)
(-0.5848)
G4(-0.1490)
(2.9931)
(-1.1297)
A1(-0.3880)
(10.7488)
(-1.8442)
A2(0.8715)
(9.6151)
(6.2632)
A3(3.8020)
(5.1284)
(-7.3502)
A4(2.2936)
(8.6048)
(1.5036)
G1(1.0467)
(-0.6476)
(-0.0367)
G2(0.4310)
(0.4826)
(0.0740)
G3(-0.3762)
(0.0580)
(-0.2522)
G4(-0.1692)
(-1.3846)
(0.0527)
A1(0.6706)
(7.8700)
(3.1471)
A2(-1.5945)
(7.0246)
(9.2081)
A3(3.3758)
(5.4300)
(-7.6136)
A4(-0.3496)
(9.3901)
(-2.8395)
G1(0.9025)
(-1.4495)
(-0.2059)
G2(0.3209)
(2.8420)
(-1.9438)
G3(-0.6832)
(-0.1330)
(0.1410)
G4(-0.3821)
(-0.3938)
(-0.0335)
A1(-1.6717)
(10.4950)
(-0.8957)
A2(1.7334)
(9.2943)
(4.0127)
A3(2.9688)
(5.6168)
(-6.1052)
A4(3.2178)
(8.9830)
(0.0287)
G1(1.0424)
(-1.3223)
(-0.0878)
G2(1.0323)
(-2.2471)
(0.1719)
G3(-1.4915)
(-1.5527)
(1.3005)
G4(-0.1059)
(-0.9190)
(-0.0676)
A1(2.3327)
(9.2160)
(-2.3471)
A2(0.1628)
(7.8099)
(-0.0383)
A3(-21.1552)
(15.2415)
(-13.1490)
A4(2.4900)
(9.1506)
(-3.6966)
G1(1.3649)
(-0.7822)
(-0.2166)
G2(-0.7689)
(-0.1703)
(-0.5263)
G3(0.1128)
(-0.6933)
(-0.6891)
G4(0.0303)
(0.0335)
(-0.0122)
A1(-1.5376)
(7.7934)
(-2.6537)
A2(0.6560)
(8.9064)
(1.9537)
A3(-1.7142)
(8.6239)
(-4.5203)
A4(4.3191)
(8.9830)
(-1.9058)
G1(0.0639)
(-0.5124)
(-0.0777)
G2(0.0644)
(-1.3595)
(-0.2618)
G3(-0.4762)
(-0.5811)
(0.0702)
G4(-0.0101)
(0.3746)
(-0.1346)
A1(-0.8766)
(11.1177)
(-2.7926)
A2(0.7374)
(8.3366)
(1.5993)
A3(0.3926)
(7.6423)
(-5.9376)
A4(2.5426)
(9.3757)
(-2.5043)
G1(2.0582)
(1.1158)
(0.0362)
G2(-0.2070)
(0.5444)
(-0.0090)
G3(-0.1554)
(0.1852)
(0.0575)
G4(-0.1495)
(0.0708)
(0.0612)
