A1(3.3770)
(6.7444)
(6.3851)
A2(0.3926)
(9.5433)
(0.0862)
A3(2.9257)
(6.9384)
(-3.3998)
A4(1.4269)
(9.1985)
(-3.7733)
G1(-0.0250)
(-1.2893)
(0.5954)
G2(0.0889)
(-0.6550)
(0.0463)
G3(1.6639)
(-0.0149)
(1.4713)
G4(0.8748)
(-0.1336)
(0.2304)
A1(0.3018)
(13.4888)
(4.1865)
A2(-3.1699)
(9.5002)
(1.7717)
A3(-1.6089)
(4.2473)
(-4.9799)
A4(8.1930)
(26.6714)
(11.0277)
G1(3.8158)
(-3.7173)
(0.3400)
G2(-0.4895)
(-0.9307)
(-0.0053)
G3(0.6774)
(-1.4793)
(2.5728)
G4(2.5909)
(-2.6302)
(1.7592)
A1(-7.3719)
(7.3815)
(-2.8165)
A2(-0.0479)
(8.3941)
(1.2450)
A3(0.5124)
(-5.0326)
(-10.4722)
A4(0.0766)
(42.1810)
(1.9776)
G1(0.3576)
(-3.0863)
(-0.1905)
G2(-0.5662)
(-0.1038)
(0.2634)
G3(0.2810)
(0.0756)
(1.1925)
G4(3.4970)
(-2.1944)
(0.5507)
A1(7.0605)
(11.1800)
(6.7396)
A2(1.8627)
(9.4858)
(3.5817)
A3(1.4413)
(5.0470)
(-9.2320)
A4(-13.3644)
(8.2600)
(-24.3395)
G1(-1.2627)
(-0.2841)
(0.5779)
G2(-1.4750)
(-2.8851)
(0.6492)
G3(-0.1655)
(-0.4762)
(0.5491)
G4(-8.8379)
(1.4564)
(-2.0247)
A1(6.0546)
(2.8213)
(7.2904)
A2(8.4994)
(0.3112)
(18.9669)
A3(6.1387)
(13.2447)
(-0.9385)
A4(5.6934)
(4.5394)
(-17.9469)
G1(-1.9012)
(-1.9991)
(0.4874)
G2(-8.7469)
(-6.1039)
(1.2478)
G3(-0.5976)
(-1.4378)
(0.4480)
G4(-11.7278)
(3.0144)
(1.0914)
A1(12.9139)
(4.4691)
(10.7967)
A2(18.7418)
(0.4022)
(16.1561)
A3(4.3670)
(-5.3917)
(-8.7340)
A4(2.6288)
(25.1295)
(23.6356)
G1(0.6619)
(1.3611)
(-0.7375)
G2(-8.4489)
(-1.7283)
(3.7014)
G3(-0.7343)
(-1.2201)
(0.4688)
G4(-13.1474)
(1.3729)
(8.2185)
A1(10.6483)
(8.4017)
(-0.6706)
A2(-1.1444)
(28.7161)
(16.0076)
A3(-1.0487)
(6.8378)
(-0.8859)
A4(37.5171)
(31.1534)
(11.9566)
G1(-0.5401)
(-4.3564)
(-0.6460)
G2(-7.7944)
(-2.9926)
(1.8784)
G3(0.3821)
(-0.3065)
(0.4060)
G4(-1.6581)
(8.0993)
(0.1974)
A1(-0.9915)
(7.9706)
(2.1699)
A2(-0.2394)
(-4.0989)
(-5.3917)
A3(0.3400)
(10.2855)
(-7.8721)
A4(-22.8646)
(4.2569)
(-8.9064)
G1(0.0798)
(1.0254)
(0.4794)
G2(-3.1065)
(-1.8422)
(1.7373)
G3(1.2771)
(-1.9289)
(0.5326)
G4(-1.9396)
(4.1143)
(-2.1907)
A1(-0.8909)
(12.1715)
(0.5892)
A2(1.6807)
(-8.6479)
(15.8113)
A3(3.4046)
(5.3678)
(-5.4444)
A4(8.6239)
(-4.9895)
(-11.7890)
G1(0.4970)
(0.0729)
(-0.2384)
G2(-1.9135)
(1.4085)
(1.2744)
G3(0.2905)
(-0.1676)
(0.6103)
G4(1.9938)
(0.8562)
(-3.2368)
A1(4.7086)
(12.2769)
(4.6368)
A2(1.2929)
(0.8715)
(4.4580)
A3(2.9736)
(3.2848)
(-9.3182)
A4(4.9704)
(10.7117)
(-0.9481)
G1(1.0935)
(-0.2144)
(-1.2132)
G2(-0.8471)
(1.2271)
(-0.9418)
G3(0.9945)
(0.9525)
(-0.3076)
G4(3.6987)
(0.1027)
(-4.6102)
A1(7.9802)
(7.7359)
(2.6537)
A2(0.1101)
(-4.8794)
(4.0797)
A3(3.1029)
(-1.5083)
(-5.8802)
A4(10.4387)
(8.8777)
(0.9433)
G1(-0.4097)
(-1.7464)
(-1.2382)
G2(0.5289)
(1.9252)
(-2.1439)
G3(-0.7168)
(-2.1955)
(1.3441)
G4(4.4687)
(-2.5180)
(-3.6322)
A1(2.4812)
(6.4522)
(3.8416)
A2(2.4517)
(-3.9552)
(9.2512)
A3(8.7197)
(7.7141)
(-1.0056)
A4(14.2886)
(17.5447)
(4.2473)
G1(-0.7689)
(0.1517)
(-0.2581)
G2(4.0627)
(0.8328)
(-2.7249)
G3(-1.4910)
(-1.9401)
(1.5782)
G4(3.1996)
(-4.5363)
(-3.6732)
A1(3.0177)
(13.9390)
(0.2203)
A2(8.9687)
(-2.4708)
(10.1275)
A3(-0.2538)
(16.4960)
(-1.6664)
A4(11.0995)
(9.8402)
(-3.3854)
G1(0.1229)
(-1.5751)
(-0.0303)
G2(4.1702)
(0.7604)
(-3.3587)
G3(-0.1990)
(-0.2666)
(0.4299)
G4(2.5297)
(-2.3429)
(-3.1937)
A1(3.9997)
(11.3524)
(-0.3976)
A2(13.0963)
(1.4748)
(8.9878)
A3(1.4892)
(9.7300)
(-9.1842)
A4(15.3708)
(14.9207)
(-0.2107)
G1(1.2914)
(0.1213)
(-0.7646)
G2(2.2264)
(-3.4199)
(-3.8328)
G3(-0.3092)
(-0.8445)
(0.4597)
G4(0.9605)
(-1.3697)
(-1.1733)
A1(1.5184)
(6.1360)
(2.4669)
A2(-3.7254)
(6.6607)
(10.3046)
A3(2.4612)
(6.6607)
(-5.5354)
A4(8.6287)
(6.5601)
(-4.6495)
G1(0.6061)
(0.9142)
(-0.7056)
G2(2.4626)
(1.1866)
(-4.3122)
G3(-0.5534)
(-0.5470)
(0.0138)
G4(0.6306)
(0.0628)
(-0.5204)
A1(1.4514)
(7.4246)
(1.7532)
A2(6.9192)
(6.7325)
(3.7445)
A3(0.6129)
(6.8426)
(-4.1084)
A4(5.6599)
(9.2512)
(0.4597)
G1(0.9589)
(-0.9626)
(-1.0280)
G2(2.0375)
(1.9949)
(-1.3074)
G3(-0.4427)
(-0.8514)
(0.0506)
G4(-0.4204)
(-0.8796)
(0.5577)
A1(3.2285)
(9.7717)
(0.1820)
A2(7.7955)
(9.2847)
(6.3973)
A3(3.2801)
(8.9591)
(-2.9640)
A4(7.9440)
(8.5712)
(4.8028)
G1(0.8822)
(-0.0894)
(-0.2943)
G2(2.5313)
(-0.9993)
(-0.7577)
G3(-0.2959)
(-0.9376)
(0.0298)
G4(0.1564)
(-0.3022)
(0.4475)
A1(-0.0096)
(10.0064)
(-0.3161)
A2(4.3000)
(8.1930)
(3.4189)
A3(2.8347)
(9.4044)
(-3.4381)
A4(3.7158)
(7.8769)
(-3.2848)
G1(-0.2405)
(0.5401)
(-0.7380)
G2(0.9408)
(-1.0323)
(-0.1144)
G3(0.2661)
(0.1713)
(-0.4374)
G4(0.5976)
(0.3187)
(-0.9530)
A1(-1.9112)
(10.1453)
(0.3640)
A2(3.3136)
(6.4979)
(4.0845)
A3(0.8475)
(8.5904)
(-4.4580)
A4(2.8204)
(9.0788)
(-4.8554)
G1(0.9961)
(1.4505)
(-0.5954)
G2(1.1478)
(0.9663)
(-0.0250)
G3(0.3613)
(-0.4177)
(-0.4603)
G4(0.4725)
(0.5422)
(-1.0499)
A1(-2.1316)
(10.8159)
(-3.7937)
A2(3.3375)
(8.8346)
(3.4907)
A3(1.5754)
(7.6902)
(-6.6655)
A4(1.1349)
(8.3175)
(-4.2713)
G1(0.7439)
(0.0521)
(-0.5337)
G2(-0.2517)
(0.8955)
(-1.2361)
G3(0.5358)
(-0.5513)
(-0.4055)
G4(-0.3102)
(-1.1382)
(-0.1692)
