A1(3.3051)
(12.6697)
(5.7480)
A2(-1.1109)
(8.2169)
(1.0151)
A3(3.5291)
(3.5099)
(-6.5266)
A4(0.0239)
(26.7768)
(12.6079)
G1(2.8521)
(-4.3271)
(-0.3331)
G2(1.0983)
(-1.7991)
(-0.1006)
G3(-0.6369)
(-1.9092)
(3.8690)
G4(2.6712)
(-2.6520)
(2.3322)
A1(9.2783)
(12.3870)
(1.1017)
A2(0.2298)
(10.6063)
(2.2170)
A3(-1.5323)
(-3.7781)
(-4.8123)
A4(2.0686)
(20.8966)
(-6.4883)
G1(1.0429)
(-1.5633)
(-0.8189)
G2(0.2017)
(-2.5978)
(0.4879)
G3(-0.4730)
(-1.6980)
(2.4073)
G4(3.0490)
(-3.6838)
(4.3165)
A1(0.5173)
(16.2382)
(3.4632)
A2(3.3184)
(4.3766)
(8.3079)
A3(5.4109)
(2.9209)
(-9.6534)
A4(-16.9509)
(15.3037)
(-32.4414)
G1(0.5550)
(0.3044)
(-0.0548)
G2(-1.7719)
(-3.2959)
(0.8179)
G3(-0.9855)
(-1.7294)
(0.6502)
G4(-4.9886)
(3.9680)
(0.9573)
A1(7.2473)
(4.1242)
(6.9168)
A2(4.0701)
(7.1778)
(9.4619)
A3(9.3757)
(8.6718)
(-7.2449)
A4(5.4588)
(7.7189)
(-29.9658)
G1(-0.0112)
(-0.3129)
(-0.0357)
G2(-7.1798)
(-5.2285)
(-0.1245)
G3(-0.8572)
(-2.3684)
(0.6018)
G4(-6.9467)
(4.2191)
(-1.0717)
A1(0.2491)
(3.8464)
(5.8582)
A2(-0.2777)
(23.0897)
(6.6128)
A3(4.4963)
(17.8320)
(-1.6424)
A4(4.6112)
(4.4676)
(-16.6876)
G1(-1.8571)
(-2.7659)
(0.1634)
G2(-5.4041)
(-7.4512)
(0.4592)
G3(-0.6194)
(0.1495)
(-0.5401)
G4(-10.7370)
(2.9761)
(0.7753)
A1(1.7867)
(7.5587)
(4.1913)
A2(-0.2538)
(20.5135)
(14.3748)
A3(-3.1747)
(6.0430)
(-0.6560)
A4(-6.2058)
(25.9005)
(3.3136)
G1(0.5789)
(-1.4495)
(-0.5087)
G2(-7.3016)
(-1.0818)
(4.0579)
G3(-0.7705)
(-2.3158)
(0.9573)
G4(-11.6910)
(-0.0585)
(7.2442)
A1(8.8712)
(10.3369)
(4.6368)
A2(11.3772)
(13.0819)
(3.6057)
A3(2.1739)
(-0.4932)
(-5.5929)
A4(9.2703)
(29.3146)
(7.1204)
G1(-0.1314)
(-4.2601)
(-1.7060)
G2(-6.0741)
(0.8418)
(4.9114)
G3(-0.3911)
(-2.6776)
(0.5342)
G4(-7.5799)
(3.6721)
(6.2789)
A1(-17.7231)
(9.7334)
(-0.1581)
A2(-2.2936)
(5.4779)
(3.0837)
A3(2.5379)
(6.9719)
(-4.4197)
A4(-13.4171)
(3.2992)
(-19.5606)
G1(-0.9461)
(-1.4309)
(0.3789)
G2(-6.1597)
(0.2804)
(2.2673)
G3(0.9211)
(-0.6673)
(-0.1777)
G4(-2.5579)
(1.9135)
(0.6103)
A1(1.5807)
(11.2135)
(0.5700)
A2(9.1506)
(-9.4236)
(10.4196)
A3(-2.6145)
(5.1954)
(-7.4508)
A4(0.6273)
(-7.4508)
(-9.0022)
G1(-0.3661)
(-0.0138)
(-0.0713)
G2(-3.8647)
(0.0585)
(1.1334)
G3(0.8109)
(0.4363)
(-0.5986)
G4(2.9293)
(-1.0680)
(-3.0107)
A1(2.4333)
(11.3524)
(2.2369)
A2(0.0048)
(11.5592)
(-1.1588)
A3(3.0167)
(3.8068)
(-13.5129)
A4(-2.4756)
(1.1827)
(-6.4212)
G1(0.5646)
(0.3485)
(-0.5433)
G2(-4.8869)
(3.5747)
(0.2751)
G3(0.6838)
(0.8418)
(-0.6188)
G4(3.8897)
(-2.0364)
(-3.8339)
A1(4.8810)
(9.5944)
(4.4452)
A2(7.0964)
(-2.5857)
(3.8116)
A3(1.8531)
(5.5498)
(-8.9687)
A4(4.3958)
(13.6757)
(1.5419)
G1(0.8312)
(0.1570)
(-0.7646)
G2(-0.3778)
(2.1678)
(-1.1903)
G3(0.1176)
(0.0937)
(0.5507)
G4(4.1159)
(-2.0066)
(-4.3506)
A1(8.0664)
(6.6917)
(5.7337)
A2(-2.1931)
(-7.3741)
(5.0230)
A3(9.3805)
(-1.0965)
(-6.0669)
A4(10.6255)
(12.9287)
(0.2873)
G1(-0.2975)
(-0.8993)
(-0.2682)
G2(2.0838)
(0.9860)
(-1.9656)
G3(0.3821)
(0.3650)
(0.4209)
G4(4.1452)
(-4.1090)
(-2.8590)
A1(3.3339)
(8.8664)
(3.0273)
A2(5.4013)
(-2.6624)
(9.5768)
A3(-3.5291)
(5.2912)
(-4.5394)
A4(8.8155)
(12.1147)
(-3.2465)
G1(0.3421)
(-1.7161)
(-0.7673)
G2(4.7071)
(-0.1687)
(-2.6036)
G3(0.2293)
(-0.4438)
(-0.2208)
G4(1.8853)
(-3.3294)
(-2.9319)
A1(-0.0527)
(8.3107)
(1.9256)
A2(14.3077)
(-2.5379)
(11.8992)
A3(5.1044)
(6.3351)
(-4.7980)
A4(14.4897)
(18.9573)
(-0.2969)
G1(0.6369)
(-1.5538)
(-1.4309)
G2(4.5900)
(-2.2354)
(-3.7705)
G3(-0.0756)
(0.1618)
(0.2820)
G4(0.9945)
(2.4818)
(-2.2455)
A1(0.1341)
(11.0315)
(0.2874)
A2(12.1865)
(-2.1691)
(9.8833)
A3(0.4645)
(3.3615)
(-7.1826)
A4(12.4403)
(11.2958)
(0.3831)
G1(0.3448)
(0.0772)
(-0.0873)
G2(3.4805)
(-2.9016)
(-4.4107)
G3(-0.1245)
(-1.5240)
(0.9706)
G4(1.0711)
(-1.8145)
(-0.4709)
A1(4.0524)
(12.9858)
(3.5829)
A2(4.3096)
(12.2487)
(11.0181)
A3(2.9640)
(10.3142)
(-5.2194)
A4(12.3972)
(8.6957)
(1.2689)
G1(1.2153)
(1.3877)
(-1.0531)
G2(3.5742)
(2.1391)
(-1.6948)
G3(0.6353)
(-0.6385)
(-0.1181)
G4(-0.5954)
(-0.3267)
(-0.6188)
A1(4.9721)
(10.0112)
(1.6909)
A2(11.2863)
(4.8507)
(4.9752)
A3(5.1188)
(7.2880)
(-5.1715)
A4(9.3661)
(11.0181)
(1.2019)
G1(0.4459)
(-0.2937)
(-0.7625)
G2(1.4516)
(4.0308)
(-0.9296)
G3(0.1713)
(0.2224)
(-0.2522)
G4(0.4246)
(-1.3979)
(-0.4986)
A1(0.8143)
(9.8340)
(1.4514)
A2(10.5345)
(10.9750)
(3.9121)
A3(3.8738)
(8.0158)
(-5.9472)
A4(7.2927)
(6.7421)
(3.2705)
G1(0.9546)
(0.4284)
(-1.1148)
G2(2.0305)
(-0.7093)
(-0.9083)
G3(0.6279)
(-0.1304)
(-0.5837)
G4(1.1116)
(-0.9269)
(-1.2308)
A1(-2.1172)
(9.5226)
(-0.4790)
A2(4.1276)
(6.4883)
(9.9934)
A3(0.4836)
(7.7476)
(-6.4117)
A4(3.1987)
(11.7795)
(1.1253)
G1(1.0025)
(0.8434)
(-0.8615)
G2(1.2393)
(0.5449)
(-1.0302)
G3(0.6476)
(-0.1926)
(-0.7024)
G4(0.8439)
(-0.1548)
(-0.7215)
A1(-2.9794)
(8.8233)
(0.0910)
A2(3.3998)
(8.1403)
(3.5578)
A3(-0.3065)
(7.0102)
(-8.0110)
A4(-1.0870)
(7.0581)
(-1.6089)
G1(1.8065)
(0.6146)
(-0.9988)
G2(1.1100)
(1.5261)
(-0.8535)
G3(0.5390)
(0.2458)
(-0.7960)
G4(0.8131)
(-0.3155)
(-1.0823)
