A1(1.3268)
(8.4209)
(-1.0346)
A2(3.3232)
(7.6423)
(3.5530)
A3(-0.1867)
(7.9248)
(-6.7947)
A4(-1.0582)
(9.0980)
(-1.1540)
G1(1.2968)
(1.5218)
(-0.3001)
G2(-0.2996)
(-0.2171)
(-0.0564)
G3(-0.2033)
(0.4220)
(-0.2687)
G4(0.9738)
(2.3147)
(-1.7283)
A1(4.5936)
(8.7370)
(-0.8287)
A2(4.6639)
(7.4651)
(6.1292)
A3(-0.9385)
(8.3270)
(-3.8499)
A4(-1.3072)
(0.1245)
(-3.1460)
G1(1.4197)
(0.8093)
(-0.7450)
G2(-0.8195)
(1.5309)
(0.8482)
G3(-0.2134)
(0.7162)
(-0.4395)
G4(1.8400)
(3.4933)
(-2.5616)
A1(1.7005)
(9.4268)
(-4.4978)
A2(2.3415)
(5.1523)
(6.4500)
A3(0.3831)
(8.2600)
(-4.3000)
A4(14.8153)
(5.3534)
(4.7549)
G1(1.6666)
(1.1499)
(-0.8450)
G2(-0.9546)
(1.9529)
(1.1462)
G3(0.0138)
(0.6492)
(-0.4177)
G4(-0.2410)
(0.2230)
(-0.4129)
A1(-6.6725)
(7.0174)
(11.0794)
A2(5.0613)
(8.1834)
(5.2577)
A3(-0.5890)
(10.6494)
(-0.8667)
A4(4.2665)
(-8.6814)
(-18.8472)
G1(-3.5774)
(4.1734)
(-0.5545)
G2(0.4917)
(1.1121)
(0.0654)
G3(0.6604)
(0.4081)
(-1.0099)
G4(0.6678)
(-0.4970)
(0.9839)
A1(-3.8512)
(16.6981)
(2.0789)
A2(4.8363)
(9.6151)
(15.8879)
A3(-4.1132)
(29.4104)
(6.6176)
A4(0.6943)
(4.8507)
(-12.3637)
G1(-7.2165)
(6.2603)
(-1.6793)
G2(-0.8668)
(-1.4697)
(0.2469)
G3(4.4266)
(1.4942)
(-2.3040)
G4(-1.4830)
(1.7645)
(-0.8700)
A1(1.3268)
(24.1322)
(7.3288)
A2(-13.9582)
(18.8711)
(1.6137)
A3(-2.8970)
(20.1975)
(-19.8431)
A4(-4.6448)
(15.3899)
(-3.1268)
G1(-7.8742)
(3.6269)
(-4.3724)
G2(1.7405)
(4.6640)
(-1.1951)
G3(3.1230)
(4.9630)
(-2.4349)
G4(-1.9177)
(1.1717)
(-0.2549)
A1(-3.9614)
(-3.6500)
(11.6446)
A2(-3.5913)
(18.3204)
(3.4572)
A3(-28.9076)
(17.6884)
(-29.0369)
A4(-3.1173)
(5.5737)
(0.8475)
G1(-6.6732)
(-0.3762)
(-3.0533)
G2(1.8816)
(4.9135)
(0.6816)
G3(-10.8402)
(-5.3600)
(2.2354)
G4(-0.7524)
(2.2375)
(-1.5133)
A1(-11.3572)
(7.4389)
(15.9987)
A2(2.9401)
(5.6407)
(1.3934)
A3(10.6303)
(41.6304)
(22.2948)
A4(-0.3496)
(13.7571)
(6.6655)
G1(-7.3767)
(0.6497)
(-3.5593)
G2(1.4394)
(4.1100)
(0.1235)
G3(-13.2161)
(4.1138)
(2.1614)
G4(0.4289)
(0.6460)
(-0.9025)
A1(-11.4769)
(7.5587)
(2.1268)
A2(-6.0621)
(5.6024)
(10.1083)
A3(2.5187)
(31.7567)
(-5.9759)
A4(-1.2450)
(9.3996)
(-2.7677)
G1(-5.4355)
(-0.6737)
(0.1112)
G2(0.9461)
(3.9243)
(-0.0202)
G3(-8.4026)
(0.0952)
(-0.3927)
G4(1.2058)
(0.5039)
(0.2022)
A1(-2.5675)
(-0.4215)
(0.3209)
A2(-8.0349)
(13.1490)
(6.9432)
A3(7.5034)
(-4.4484)
(-23.1807)
A4(-2.5666)
(-1.4317)
(-9.2608)
G1(0.4954)
(-0.6518)
(1.6730)
G2(-0.1229)
(2.1338)
(0.7833)
G3(-4.0797)
(0.0069)
(1.3590)
G4(0.9339)
(-0.7407)
(0.7982)
A1(1.0730)
(-0.5221)
(2.5723)
A2(6.5841)
(6.1148)
(-2.1069)
A3(0.4549)
(-4.5729)
(-21.8112)
A4(8.3893)
(-1.9010)
(-8.9591)
G1(3.0708)
(-0.9120)
(2.3743)
G2(-0.8897)
(2.2753)
(0.0426)
G3(-0.9381)
(-0.2017)
(1.6096)
G4(0.3113)
(1.5176)
(-0.1197)
A1(-9.6328)
(-0.1293)
(9.3645)
A2(6.4165)
(9.5912)
(-3.0167)
A3(1.7526)
(-2.3511)
(-13.7619)
A4(2.8204)
(3.0598)
(-5.3534)
G1(4.6714)
(0.9195)
(3.4939)
G2(-0.1346)
(-0.8748)
(-0.5571)
G3(4.8305)
(0.0319)
(1.7219)
G4(-0.4550)
(0.5864)
(-0.6391)
A1(1.3412)
(6.5624)
(9.5418)
A2(0.7709)
(11.5879)
(3.3998)
A3(1.2546)
(20.8822)
(5.3391)
A4(-4.1851)
(-16.8265)
(-6.3159)
G1(3.1384)
(0.4699)
(5.2504)
G2(1.0233)
(-1.9358)
(0.1628)
G3(8.7958)
(0.5853)
(2.0726)
G4(1.2643)
(0.1336)
(-0.9817)
A1(-6.3995)
(16.7699)
(9.5561)
A2(-4.4772)
(6.6128)
(2.7916)
A3(-2.0782)
(23.1902)
(1.1349)
A4(5.7652)
(16.9222)
(-7.3646)
G1(3.6641)
(-1.4080)
(4.5373)
G2(0.4879)
(0.6013)
(0.5167)
G3(9.1465)
(1.3723)
(1.6017)
G4(0.2357)
(1.7389)
(-0.3187)
A1(-6.2941)
(12.3296)
(5.8007)
A2(-12.1913)
(6.5218)
(6.7756)
A3(-12.4068)
(23.2238)
(-1.6855)
A4(-3.1173)
(9.2799)
(-5.9089)
G1(3.5572)
(-1.9300)
(1.7081)
G2(-0.4821)
(3.9877)
(-0.5768)
G3(2.9378)
(2.3440)
(0.0266)
G4(-0.3246)
(-0.3730)
(0.4257)
A1(-6.4522)
(10.5764)
(6.6677)
A2(32.6521)
(19.0435)
(0.8811)
A3(-5.3965)
(20.1352)
(-1.7957)
A4(0.0622)
(7.7668)
(-3.7541)
G1(3.9270)
(0.7162)
(0.7615)
G2(0.6024)
(0.9780)
(1.6565)
G3(0.6667)
(2.8000)
(0.0069)
G4(-0.1772)
(0.2331)
(0.2959)
A1(8.0185)
(3.6308)
(0.4551)
A2(-2.8060)
(9.5816)
(4.0175)
A3(-2.8443)
(31.8620)
(23.0274)
A4(4.1515)
(9.6055)
(-2.4325)
G1(-0.7024)
(-3.5189)
(1.5341)
G2(0.8498)
(3.1357)
(-0.1942)
G3(-0.5103)
(4.6054)
(0.0378)
G4(-0.2613)
(0.5497)
(0.3704)
A1(4.0715)
(9.9106)
(2.3232)
A2(-2.2889)
(12.3254)
(-4.7166)
A3(12.4642)
(14.5089)
(6.9384)
A4(2.7198)
(11.3198)
(-0.6608)
G1(0.1570)
(1.8629)
(1.0397)
G2(0.7806)
(-0.0910)
(0.2112)
G3(1.3729)
(-2.3227)
(0.1985)
G4(0.1463)
(1.3367)
(-0.3033)
A1(4.7421)
(10.2890)
(1.3412)
A2(1.7861)
(7.2544)
(3.6631)
A3(-10.9990)
(14.7052)
(2.5283)
A4(1.7765)
(8.1211)
(-2.2362)
G1(0.6641)
(0.8961)
(0.6029)
G2(1.0211)
(-1.8400)
(0.6470)
G3(0.5832)
(-1.1408)
(0.7982)
G4(0.0654)
(1.8379)
(-0.0378)
A1(4.0380)
(7.8126)
(2.2992)
A2(3.5003)
(6.5505)
(-2.4948)
A3(0.5267)
(9.9120)
(-1.8866)
A4(6.6702)
(6.8761)
(-6.1723)
G1(2.5499)
(0.5140)
(0.1820)
G2(0.4757)
(1.9965)
(0.0548)
G3(-0.0293)
(0.0192)
(0.2650)
G4(0.0005)
(1.3739)
(0.0202)
