A1(-1.4801)
(8.8568)
(3.0465)
A2(2.7246)
(9.3661)
(1.9968)
A3(-1.7861)
(7.5274)
(-5.4731)
A4(0.5028)
(7.8290)
(-7.2975)
G1(0.8173)
(-0.1671)
(-0.3517)
G2(0.2054)
(0.1793)
(0.0202)
G3(0.1032)
(-0.7152)
(0.4677)
G4(0.0628)
(-0.1910)
(0.2261)
A1(-3.4392)
(8.5933)
(3.1758)
A2(1.3934)
(9.8114)
(1.0295)
A3(2.3703)
(10.0221)
(-0.1867)
A4(0.8859)
(7.5992)
(-6.2153)
G1(-0.3555)
(0.3310)
(0.5087)
G2(0.0314)
(-1.6937)
(0.0192)
G3(-0.0676)
(-0.3533)
(0.0883)
G4(-0.0575)
(0.4816)
(-0.1719)
A1(-3.0560)
(8.4161)
(1.5089)
A2(3.2753)
(8.5473)
(0.4166)
A3(-1.6089)
(9.6678)
(-2.1069)
A4(0.3735)
(8.2504)
(-5.6551)
G1(-1.0233)
(-0.2570)
(0.1852)
G2(0.3565)
(0.4294)
(0.3177)
G3(0.3070)
(0.6045)
(-0.2895)
G4(0.1735)
(0.9966)
(-0.4645)
A1(-7.2617)
(6.0977)
(6.3516)
A2(1.4030)
(8.9543)
(1.4078)
A3(-1.2306)
(9.9216)
(-2.1787)
A4(-0.9098)
(8.4994)
(-5.7892)
G1(-0.9339)
(-3.9493)
(-1.5931)
G2(-0.3070)
(0.9237)
(-0.0883)
G3(0.4986)
(-2.1183)
(1.4277)
G4(0.2214)
(-0.8248)
(0.3725)
A1(-10.1309)
(7.3383)
(11.2231)
A2(1.9585)
(8.5425)
(3.2609)
A3(13.2304)
(7.9440)
(7.6614)
A4(3.2609)
(15.7922)
(-4.6639)
G1(1.3952)
(-5.3227)
(0.5699)
G2(0.0553)
(-2.8569)
(-0.2506)
G3(-1.9284)
(-6.5173)
(4.6581)
G4(0.7008)
(-1.6038)
(1.5208)
A1(9.1250)
(8.3395)
(-5.5421)
A2(-1.3695)
(13.3932)
(1.9968)
A3(-9.8258)
(-4.5442)
(-2.0255)
A4(-12.3206)
(28.9698)
(4.4388)
G1(2.2737)
(0.3975)
(-0.3395)
G2(0.7790)
(-1.8118)
(-0.1107)
G3(-1.0275)
(4.5591)
(-0.5337)
G4(2.7351)
(-2.4190)
(3.6875)
A1(13.1918)
(10.8878)
(0.0431)
A2(1.7238)
(4.0127)
(8.1834)
A3(8.4707)
(10.4579)
(0.1867)
A4(-15.3420)
(-15.7347)
(-24.3873)
G1(1.0993)
(-5.4696)
(-0.8466)
G2(-4.4894)
(-4.2675)
(0.4544)
G3(-0.8806)
(-3.2480)
(0.6109)
G4(2.4429)
(6.6945)
(6.9308)
A1(-10.2698)
(2.7016)
(14.2647)
A2(-9.3230)
(11.7699)
(18.6460)
A3(7.7668)
(9.7971)
(1.4461)
A4(-8.9830)
(-5.6360)
(-5.0039)
G1(0.4757)
(-11.0057)
(-1.3819)
G2(-7.4788)
(-5.6899)
(1.8188)
G3(-0.3900)
(-5.8862)
(1.3963)
G4(2.6818)
(9.3881)
(6.2369)
A1(7.0174)
(21.9288)
(4.1242)
A2(-2.4517)
(13.6565)
(11.9854)
A3(-7.4124)
(4.4819)
(-1.6185)
A4(10.9032)
(-0.3783)
(-8.5090)
G1(-0.0420)
(-0.2065)
(0.1740)
G2(-2.2498)
(-12.1737)
(1.0584)
G3(-1.4463)
(-4.6310)
(0.9876)
G4(-8.3515)
(3.0825)
(5.7511)
A1(-3.4249)
(10.2746)
(0.2635)
A2(-13.3932)
(5.7509)
(-6.2249)
A3(-8.7293)
(13.0197)
(-4.5250)
A4(22.9939)
(-26.3266)
(7.7093)
G1(0.2128)
(0.4922)
(0.1623)
G2(2.1162)
(0.0186)
(3.5843)
G3(-0.4981)
(-0.9126)
(-0.6476)
G4(-1.4261)
(6.3204)
(-7.7369)
A1(-6.1839)
(9.6184)
(0.6275)
A2(-7.7285)
(-0.6752)
(-1.8723)
A3(-1.2785)
(9.8833)
(-2.5283)
A4(4.2042)
(-5.3199)
(-6.2393)
G1(-0.2426)
(1.4926)
(-0.0628)
G2(-1.7645)
(7.3208)
(-2.1412)
G3(0.1245)
(0.2708)
(-0.1059)
G4(-0.3193)
(-2.5132)
(-0.3656)
A1(-0.1629)
(8.1335)
(0.4790)
A2(4.5586)
(2.7294)
(1.6137)
A3(-0.9098)
(9.1075)
(-3.8164)
A4(11.5831)
(-4.7070)
(-6.5314)
G1(-0.7370)
(0.8125)
(-0.3374)
G2(-1.3846)
(-4.1207)
(-0.8391)
G3(-0.0303)
(1.3127)
(-0.4071)
G4(0.8604)
(-0.8610)
(-1.2930)
A1(-1.0346)
(12.5307)
(-1.0394)
A2(13.4458)
(4.1132)
(-2.7916)
A3(-1.0822)
(9.0309)
(-2.2745)
A4(6.6367)
(-3.7637)
(-5.7748)
G1(-0.3310)
(0.1612)
(0.2889)
G2(-0.8689)
(-0.6827)
(-0.6949)
G3(0.6268)
(1.7932)
(-0.5752)
G4(-0.1219)
(-0.9945)
(-1.1456)
A1(-0.9436)
(8.8041)
(1.2263)
A2(4.9799)
(3.5626)
(1.1205)
A3(8.8538)
(6.1004)
(-6.8378)
A4(2.7533)
(-2.6719)
(-6.4165)
G1(0.3576)
(-0.5726)
(0.3517)
G2(-0.7795)
(1.2542)
(-0.2182)
G3(0.3145)
(-0.3241)
(0.0921)
G4(-2.0976)
(-2.2343)
(-0.1426)
A1(-5.3696)
(8.6796)
(0.4024)
A2(5.8035)
(4.7501)
(1.0487)
A3(3.6536)
(8.9495)
(-1.9872)
A4(1.5467)
(0.7949)
(-8.6622)
G1(0.4853)
(1.6107)
(-0.7120)
G2(0.1612)
(0.1894)
(-1.3431)
G3(-0.1713)
(2.3775)
(-0.7982)
G4(-3.6141)
(-1.6293)
(-1.9619)
A1(0.2012)
(10.0591)
(0.1964)
A2(8.0685)
(7.7812)
(1.1971)
A3(-1.1109)
(9.6343)
(-3.9792)
A4(4.8123)
(5.4492)
(-11.6167)
G1(-0.2379)
(1.8629)
(-0.0447)
G2(-0.0857)
(1.9784)
(-2.1769)
G3(-0.1107)
(1.8991)
(-0.5417)
G4(-3.1810)
(0.1501)
(-0.2921)
A1(-2.1555)
(7.7263)
(0.0144)
A2(6.0621)
(8.1977)
(2.9497)
A3(1.9010)
(8.0397)
(-5.0949)
A4(2.7964)
(10.8218)
(-6.5888)
G1(-0.0713)
(0.4693)
(-0.2448)
G2(1.5224)
(0.6114)
(-1.7150)
G3(0.0788)
(0.0144)
(-0.1022)
G4(-2.5999)
(-2.0651)
(0.7513)
A1(-2.0693)
(9.7765)
(0.5988)
A2(6.7181)
(8.1307)
(1.6520)
A3(1.5419)
(9.1554)
(-2.0399)
A4(3.3806)
(3.6727)
(-3.5674)
G1(-0.1602)
(0.1873)
(-0.2911)
G2(1.5426)
(-0.6146)
(-1.2978)
G3(0.1857)
(0.5827)
(-0.3464)
G4(0.1979)
(0.0756)
(-1.0259)
A1(-1.0442)
(9.0963)
(0.0575)
A2(4.1276)
(8.5712)
(0.3065)
A3(1.4222)
(8.9256)
(-3.3950)
A4(-1.7142)
(9.2656)
(-5.8945)
G1(0.1458)
(-0.0404)
(-0.2469)
G2(0.3751)
(1.4191)
(-0.6896)
G3(0.2166)
(0.3347)
(-0.4289)
G4(-0.2959)
(-0.2368)
(-0.3448)
A1(-2.6010)
(10.4950)
(0.8670)
A2(6.1148)
(10.5058)
(-0.9720)
A3(0.2729)
(8.5760)
(-4.4341)
A4(2.0207)
(9.3422)
(-5.2768)
G1(0.7806)
(-0.5023)
(-0.5060)
G2(0.0963)
(-0.1038)
(-0.2687)
G3(0.1016)
(-0.1320)
(-0.3789)
G4(-0.5385)
(-0.3959)
(-0.2602)
