A1(-2.0118)
(9.9441)
(1.4562)
A2(3.4381)
(8.6335)
(2.3320)
A3(-2.1835)
(8.7101)
(-4.0654)
A4(0.0192)
(7.6854)
(-7.1443)
G1(-2.4392)
(-2.2578)
(-0.2065)
G2(-0.3592)
(0.0463)
(-0.0596)
G3(0.1250)
(0.0878)
(-0.1309)
G4(0.0952)
(-0.0074)
(-0.0772)
A1(-2.5675)
(8.4640)
(3.1135)
A2(2.2314)
(8.7245)
(2.8252)
A3(-0.8859)
(9.2512)
(-4.7597)
A4(-0.2634)
(8.3222)
(-5.9233)
G1(-1.8964)
(-1.7804)
(-0.1256)
G2(-0.2368)
(0.1910)
(-0.1761)
G3(0.0788)
(-0.5454)
(0.4736)
G4(0.0085)
(-0.1963)
(0.1868)
A1(-0.9676)
(6.6342)
(3.1231)
A2(2.3942)
(9.4379)
(2.3080)
A3(-4.6687)
(9.2081)
(-5.5641)
A4(-0.5986)
(7.3358)
(-5.4444)
G1(0.2379)
(-2.8452)
(-1.7586)
G2(0.1910)
(-0.8232)
(-0.0176)
G3(-0.0325)
(-3.1357)
(1.8603)
G4(0.6428)
(-0.2240)
(0.3858)
A1(-11.3620)
(5.7145)
(10.3417)
A2(2.3894)
(6.8618)
(3.6919)
A3(13.0532)
(13.1729)
(12.1386)
A4(-1.0726)
(10.3956)
(-5.2098)
G1(1.0924)
(-5.3600)
(-0.6556)
G2(-0.4800)
(-2.6904)
(-0.1378)
G3(-2.2099)
(-7.9338)
(5.2456)
G4(0.8115)
(-0.8359)
(1.3303)
A1(-3.8129)
(0.0958)
(-3.0560)
A2(-1.0534)
(11.0852)
(1.4509)
A3(0.0622)
(-2.7629)
(0.7422)
A4(-12.9957)
(23.1519)
(-4.2521)
G1(0.3012)
(-0.7056)
(-1.8805)
G2(-0.0905)
(-0.2677)
(0.0192)
G3(0.2485)
(4.7459)
(0.6279)
G4(2.4339)
(-3.3199)
(5.5398)
A1(11.2279)
(22.9299)
(2.5196)
A2(2.3511)
(12.0859)
(7.4172)
A3(2.3415)
(27.3274)
(-3.0263)
A4(-4.4005)
(24.8327)
(2.8204)
G1(3.3438)
(-8.5942)
(0.1086)
G2(1.2350)
(-2.6217)
(-0.1740)
G3(1.9135)
(0.7960)
(-0.1522)
G4(3.8211)
(-6.4497)
(9.4360)
A1(17.7854)
(16.7651)
(3.2572)
A2(-0.8475)
(6.5793)
(9.6726)
A3(8.6431)
(13.7667)
(-6.3686)
A4(-17.4920)
(-11.1474)
(-27.6195)
G1(0.9786)
(-6.4348)
(-1.6565)
G2(-6.1076)
(-2.7984)
(-0.5875)
G3(-0.7019)
(-1.3446)
(0.9168)
G4(1.0637)
(6.7142)
(8.4734)
A1(3.1039)
(-0.7568)
(20.3385)
A2(-9.2033)
(16.0747)
(23.8702)
A3(10.3190)
(11.6262)
(-1.6137)
A4(-8.1451)
(-5.5737)
(-4.9321)
G1(1.8278)
(-10.6981)
(-2.5366)
G2(-8.6479)
(-6.7062)
(1.4968)
G3(-0.8993)
(-4.6688)
(1.1552)
G4(-0.6258)
(9.4226)
(6.5913)
A1(-0.2970)
(25.2914)
(4.9625)
A2(16.4482)
(1.7526)
(6.9528)
A3(11.6023)
(-7.8099)
(7.3694)
A4(-3.0071)
(-13.3788)
(-0.8045)
G1(0.2198)
(-1.6394)
(0.6917)
G2(-6.1087)
(-8.4989)
(-1.9385)
G3(-4.5927)
(-10.7029)
(5.8878)
G4(-5.9778)
(5.0838)
(3.4651)
A1(-12.4397)
(7.4820)
(2.8501)
A2(-14.0109)
(17.0132)
(6.9001)
A3(11.6598)
(8.8155)
(1.5993)
A4(-12.4451)
(-13.2782)
(3.1747)
G1(-0.7258)
(1.0648)
(-0.0750)
G2(0.6050)
(-4.4070)
(3.2799)
G3(-2.4557)
(-5.2520)
(-0.2639)
G4(1.1526)
(-1.6932)
(-13.5439)
A1(3.0177)
(11.5727)
(0.3880)
A2(10.6829)
(6.6559)
(-7.2257)
A3(-4.3958)
(10.1610)
(-0.9864)
A4(4.2425)
(-7.9966)
(-2.2075)
G1(0.0527)
(1.5160)
(0.1703)
G2(-1.3324)
(-4.4889)
(1.4654)
G3(0.6518)
(1.8087)
(-0.6401)
G4(1.4271)
(-3.6407)
(-0.6130)
A1(0.5413)
(10.5620)
(1.4322)
A2(16.0028)
(-0.4788)
(0.3112)
A3(-0.4022)
(10.4196)
(-3.9792)
A4(7.0198)
(-3.4860)
(-6.8283)
G1(0.1096)
(1.5985)
(0.2054)
G2(-0.5444)
(-0.4853)
(-0.4438)
G3(0.2565)
(1.1307)
(-0.1389)
G4(-0.0122)
(-3.9036)
(-1.8310)
A1(1.0155)
(9.9537)
(1.9160)
A2(8.2935)
(1.2163)
(-6.7086)
A3(1.6137)
(8.5952)
(-5.8035)
A4(2.6480)
(0.7997)
(-8.1020)
G1(0.3980)
(0.0947)
(0.0782)
G2(-0.0388)
(4.1915)
(-2.5286)
G3(0.2932)
(0.9046)
(-0.2389)
G4(-3.3294)
(-4.3835)
(-2.4131)
A1(-0.6610)
(10.0208)
(-0.0910)
A2(8.0589)
(2.4038)
(2.3367)
A3(1.8004)
(9.1123)
(-2.7007)
A4(0.7757)
(5.2241)
(-10.2759)
G1(-0.0559)
(0.8780)
(0.0138)
G2(0.0607)
(2.7202)
(-1.8863)
G3(0.0639)
(-0.1820)
(-0.0048)
G4(-2.2205)
(-0.6204)
(-0.3501)
A1(-1.2742)
(9.6328)
(-0.3449)
A2(10.0509)
(6.0621)
(2.9401)
A3(2.7677)
(8.4324)
(-3.2513)
A4(6.1148)
(4.4293)
(-11.8369)
G1(-0.1910)
(0.2033)
(-0.4214)
G2(1.1733)
(1.8523)
(-1.8235)
G3(0.2586)
(0.2884)
(-0.2884)
G4(-3.0708)
(-2.0332)
(2.0571)
A1(-0.9820)
(9.5561)
(37.3719)
A2(10.0317)
(5.4348)
(5.4109)
A3(1.2977)
(9.0070)
(-3.4860)
A4(3.8355)
(6.0430)
(-10.9271)
G1(2.6180)
(-4.1095)
(-0.1213)
G2(1.0110)
(0.9599)
(-2.4200)
G3(0.2533)
(0.0490)
(-0.1889)
G4(-2.5706)
(-2.6914)
(1.9209)
A1(-0.0910)
(8.0137)
(-0.6993)
A2(9.0644)
(7.1156)
(3.6296)
A3(1.0918)
(8.9926)
(-3.2705)
A4(2.3750)
(10.2615)
(-2.5091)
G1(-0.6923)
(0.1570)
(-0.0506)
G2(1.3835)
(-0.5848)
(-2.8362)
G3(0.3139)
(-0.2570)
(-0.0979)
G4(-2.1907)
(-1.4218)
(0.8939)
A1(-2.5914)
(11.2231)
(-0.5365)
A2(6.7373)
(8.2504)
(1.1205)
A3(1.2546)
(8.4180)
(-5.6216)
A4(1.4796)
(20.4417)
(-5.5689)
G1(-0.5140)
(-0.4241)
(-0.9881)
G2(2.1476)
(-0.4805)
(-1.4904)
G3(0.5976)
(-0.7774)
(0.0623)
G4(0.1399)
(0.3150)
(-0.6369)
A1(-4.0141)
(8.7083)
(1.2215)
A2(7.0820)
(9.7923)
(0.9720)
A3(2.0494)
(7.3694)
(-6.8331)
A4(-1.3120)
(6.8618)
(-7.2401)
G1(1.1387)
(0.7583)
(0.1979)
G2(0.4901)
(0.6284)
(-0.5369)
G3(0.2506)
(-0.1453)
(-0.4081)
G4(-0.5885)
(0.1330)
(-0.4017)
A1(-3.8225)
(7.5683)
(1.1400)
A2(2.8874)
(12.1817)
(0.2155)
A3(-1.0199)
(7.0294)
(-5.8610)
A4(1.1013)
(9.1411)
(-3.0311)
G1(0.8370)
(0.1788)
(-0.2102)
G2(-0.0963)
(-0.1368)
(-0.3235)
G3(-0.4981)
(-0.0367)
(-0.5215)
G4(-0.6369)
(-0.0053)
(-0.1836)
