A1(-2.5531)
(8.9191)
(3.7458)
A2(3.1125)
(8.5329)
(0.9577)
A3(-3.9935)
(10.0173)
(-2.6528)
A4(0.3400)
(8.2313)
(-6.4643)
G1(-0.9892)
(0.0569)
(-0.7146)
G2(-0.3267)
(0.2767)
(-0.0814)
G3(0.4661)
(-0.7795)
(0.4566)
G4(0.0181)
(-0.1905)
(0.1256)
A1(-1.2789)
(6.7683)
(4.6032)
A2(3.5147)
(9.2799)
(0.0479)
A3(-1.9297)
(10.7452)
(-2.9592)
A4(0.6129)
(8.2073)
(-6.8809)
G1(-0.1820)
(-2.7659)
(-1.3042)
G2(-0.0782)
(-0.2070)
(-0.0372)
G3(0.2863)
(-1.7256)
(1.1196)
G4(-0.0506)
(-0.6795)
(0.3241)
A1(-7.4725)
(9.6088)
(10.9644)
A2(4.0223)
(9.0788)
(1.4030)
A3(4.7645)
(6.0717)
(2.0303)
A4(1.1301)
(10.9990)
(-1.2881)
G1(-0.2549)
(-2.9011)
(0.2927)
G2(-0.0521)
(-1.0190)
(-0.0208)
G3(-0.8934)
(-5.1179)
(4.2181)
G4(0.4193)
(-1.3893)
(0.6566)
A1(-8.8233)
(6.5288)
(3.2285)
A2(2.6336)
(10.0078)
(1.6568)
A3(4.6112)
(12.8521)
(7.8434)
A4(6.2728)
(19.2207)
(4.7022)
G1(2.6228)
(-0.4502)
(0.4587)
G2(-0.0937)
(-2.2700)
(-0.0011)
G3(-2.0492)
(-6.6009)
(3.7062)
G4(1.9885)
(-1.1270)
(1.9257)
A1(12.8756)
(13.7378)
(-6.0211)
A2(-3.0837)
(9.2656)
(0.8571)
A3(37.1053)
(29.3194)
(-1.3647)
A4(-0.5171)
(14.3700)
(-17.6117)
G1(1.9145)
(-1.5250)
(2.3599)
G2(0.5167)
(-2.5483)
(0.3645)
G3(2.2125)
(1.1504)
(-0.7168)
G4(2.0151)
(-1.1659)
(3.2512)
A1(9.5657)
(14.7581)
(5.7241)
A2(2.2170)
(7.0054)
(8.0493)
A3(8.4994)
(12.9861)
(-1.5083)
A4(-32.1972)
(6.1100)
(-24.5885)
G1(2.6622)
(-6.0895)
(-0.3608)
G2(-3.2427)
(-2.3174)
(1.8980)
G3(0.3400)
(0.7567)
(0.1570)
G4(1.1605)
(-2.2524)
(4.0994)
A1(10.1261)
(20.0319)
(4.0428)
A2(14.8441)
(12.7563)
(10.6350)
A3(8.9783)
(9.7636)
(-2.0782)
A4(-7.6998)
(-8.1163)
(-16.8217)
G1(2.0705)
(-6.5625)
(-0.6215)
G2(-6.6578)
(-2.4025)
(-1.9268)
G3(-0.6673)
(-1.6676)
(0.3539)
G4(2.5068)
(5.5138)
(6.5902)
A1(-0.4503)
(8.1814)
(21.5264)
A2(2.1261)
(30.9618)
(18.2199)
A3(8.6239)
(16.5583)
(2.9497)
A4(-3.9983)
(-8.1355)
(-2.2745)
G1(-1.9571)
(-9.8819)
(0.1602)
G2(-9.1380)
(-2.9655)
(-2.3631)
G3(-0.1756)
(-4.6911)
(0.8610)
G4(-0.9833)
(8.8192)
(2.4222)
A1(-20.7265)
(-1.0634)
(-8.2532)
A2(12.2152)
(6.2824)
(15.7395)
A3(12.4690)
(11.3916)
(5.7126)
A4(-1.9872)
(-5.2050)
(0.9864)
G1(0.9748)
(-6.1826)
(-0.5013)
G2(-7.4645)
(-5.5819)
(-3.0442)
G3(-0.0713)
(-8.4053)
(3.3321)
G4(-4.8789)
(6.6498)
(-0.0766)
A1(3.0656)
(11.0123)
(5.0152)
A2(0.1389)
(8.1020)
(6.2968)
A3(-8.7005)
(5.2912)
(0.0575)
A4(-1.0534)
(-0.5986)
(-1.1396)
G1(-0.0149)
(1.1962)
(0.1910)
G2(-3.7110)
(-7.2937)
(-0.0117)
G3(-2.9899)
(-7.3708)
(3.5332)
G4(-6.5556)
(1.4388)
(5.1173)
A1(-9.6759)
(3.6692)
(1.4083)
A2(-6.3446)
(9.4284)
(-12.7419)
A3(-0.5602)
(16.7307)
(2.7342)
A4(21.6963)
(2.0399)
(5.1763)
G1(-1.0397)
(-0.8306)
(-0.6593)
G2(-1.1004)
(-2.4908)
(2.8989)
G3(-0.8812)
(-2.1247)
(0.1671)
G4(-11.9300)
(0.4709)
(-11.7639)
A1(-0.7281)
(9.5561)
(1.4753)
A2(9.6295)
(1.4174)
(-1.4557)
A3(4.2617)
(8.4467)
(-5.9903)
A4(8.5521)
(-4.9608)
(-2.9688)
G1(0.3400)
(0.4342)
(-0.0128)
G2(-0.7306)
(-3.0628)
(0.6024)
G3(0.4268)
(1.2052)
(-0.2288)
G4(0.6284)
(-2.0391)
(0.3267)
A1(-0.8909)
(9.4843)
(0.9436)
A2(11.2240)
(5.1715)
(-18.8424)
A3(3.5674)
(8.4180)
(-3.8690)
A4(8.9543)
(-1.7095)
(-5.0182)
G1(0.3714)
(0.4975)
(-0.1719)
G2(-0.5672)
(2.0093)
(-2.2386)
G3(-0.1181)
(-0.0516)
(-0.0968)
G4(2.9309)
(-1.1180)
(0.2118)
A1(-1.1352)
(9.8723)
(0.4024)
A2(9.0884)
(-0.5363)
(-3.9313)
A3(1.9968)
(9.1650)
(-2.7725)
A4(5.2529)
(-4.4628)
(-2.7629)
G1(0.3528)
(-0.1506)
(0.1144)
G2(-2.1875)
(0.0213)
(-1.9933)
G3(-0.0234)
(-0.1399)
(-0.0064)
G4(0.9812)
(-2.3115)
(0.6449)
A1(-1.3508)
(9.4891)
(-0.1245)
A2(7.5082)
(1.3168)
(0.8811)
A3(0.2394)
(9.3087)
(-2.1165)
A4(4.5633)
(-4.4341)
(-6.3494)
G1(0.0921)
(0.2182)
(0.1713)
G2(-0.2788)
(-0.8679)
(-1.1504)
G3(-0.0250)
(-0.2724)
(0.0064)
G4(-3.6029)
(-4.3426)
(-0.5082)
A1(-1.5520)
(9.8148)
(-0.2539)
A2(8.3270)
(3.3088)
(0.0527)
A3(0.7805)
(8.5904)
(-3.0358)
A4(2.6624)
(0.9050)
(-9.4619)
G1(-0.1250)
(0.9195)
(-0.0245)
G2(-0.1517)
(2.4211)
(-1.7209)
G3(0.1894)
(-0.0117)
(-0.0575)
G4(-3.9222)
(-3.3491)
(-2.3631)
A1(-0.4215)
(8.7514)
(-1.4179)
A2(8.5377)
(5.1332)
(1.0726)
A3(2.7438)
(8.3270)
(-3.7876)
A4(2.6480)
(3.5482)
(-9.5193)
G1(0.2309)
(1.1627)
(0.0654)
G2(-0.5018)
(1.9034)
(-1.5075)
G3(0.1932)
(0.2347)
(-0.1644)
G4(-2.2764)
(-1.4479)
(0.5890)
A1(-0.0335)
(9.3310)
(-0.1485)
A2(6.8809)
(6.5218)
(2.4277)
A3(2.6863)
(8.7293)
(-3.1316)
A4(1.8340)
(1.7526)
(-11.3629)
G1(-0.0670)
(0.2315)
(-0.3927)
G2(-0.2602)
(0.8370)
(-1.1712)
G3(0.0431)
(0.2873)
(-0.2586)
G4(-2.5201)
(-0.3922)
(-1.0052)
A1(-1.1257)
(9.4747)
(-0.0240)
A2(7.9152)
(7.1443)
(3.0550)
A3(1.4557)
(9.4332)
(-2.6049)
A4(0.3160)
(7.9918)
(-9.7875)
G1(0.1809)
(-0.0202)
(-0.4869)
G2(1.6687)
(1.1909)
(-2.0816)
G3(0.0367)
(0.3624)
(-0.3406)
G4(-3.2124)
(-0.7199)
(0.9237)
A1(-0.4503)
(10.2459)
(1.0011)
A2(5.9137)
(7.9296)
(2.3655)
A3(0.9912)
(9.5864)
(-2.3942)
A4(2.7294)
(25.9292)
(-8.2313)
G1(-0.3730)
(0.0580)
(-0.4193)
G2(2.0124)
(0.9711)
(-1.9507)
G3(0.3384)
(0.2214)
(-0.0458)
G4(-0.4326)
(-2.1875)
(0.7301)
