A1(-1.9927)
(7.4150)
(3.9709)
A2(1.9872)
(10.8314)
(1.8627)
A3(-7.2113)
(10.1227)
(-6.1770)
A4(-0.5842)
(8.7053)
(-6.0717)
G1(-0.7976)
(-3.0761)
(-1.9135)
G2(-0.2235)
(-0.9339)
(-0.1341)
G3(0.4198)
(-2.0465)
(1.3920)
G4(0.3182)
(-0.1916)
(0.1341)
A1(-0.5221)
(4.5026)
(12.9235)
A2(2.7677)
(9.6343)
(0.5986)
A3(10.3046)
(8.2217)
(0.1963)
A4(3.6009)
(10.1083)
(-7.9057)
G1(0.7237)
(-4.0973)
(-0.2490)
G2(-0.2166)
(-1.8039)
(0.0309)
G3(-0.7476)
(-3.2608)
(3.2283)
G4(0.5002)
(-1.1818)
(0.8413)
A1(-7.0222)
(8.9622)
(7.8748)
A2(0.8332)
(9.9742)
(1.5562)
A3(14.6429)
(8.9352)
(8.3462)
A4(0.9912)
(18.1672)
(0.4166)
G1(1.5692)
(-3.6801)
(0.6173)
G2(-0.0037)
(-2.1386)
(0.0830)
G3(-2.9128)
(-6.7025)
(5.1179)
G4(1.3633)
(-3.3257)
(2.6755)
A1(6.6725)
(6.7013)
(-5.1301)
A2(-1.0391)
(11.9566)
(-0.2634)
A3(-23.2812)
(-2.1596)
(-8.8394)
A4(-2.6671)
(26.6139)
(-1.8771)
G1(0.7173)
(1.1063)
(-1.4399)
G2(1.0004)
(-2.6760)
(0.3411)
G3(0.3193)
(6.3885)
(-1.6554)
G4(3.5412)
(-1.4074)
(4.6911)
A1(8.4879)
(13.5510)
(-1.1592)
A2(-2.9305)
(8.1403)
(8.1116)
A3(-10.3717)
(0.1963)
(-9.3613)
A4(-35.0128)
(16.0890)
(-30.7463)
G1(2.1120)
(-2.8654)
(-1.5846)
G2(-2.1918)
(-3.2778)
(1.5591)
G3(-1.8475)
(1.4936)
(1.6256)
G4(2.5313)
(0.1932)
(3.9249)
A1(10.7393)
(12.6792)
(5.8438)
A2(4.4676)
(4.0318)
(7.4077)
A3(13.4841)
(9.4667)
(-1.0008)
A4(-13.3836)
(-2.4565)
(-26.2596)
G1(1.2829)
(-6.2880)
(-1.2185)
G2(-5.7085)
(-2.9298)
(1.7129)
G3(-0.4512)
(-1.8321)
(0.1969)
G4(1.8166)
(5.4116)
(8.4436)
A1(-8.8951)
(8.8999)
(17.7375)
A2(-7.6471)
(16.2471)
(20.3842)
A3(8.5234)
(14.7435)
(9.9359)
A4(-8.9304)
(-7.5369)
(-1.5467)
G1(-0.4273)
(-8.7900)
(-2.8803)
G2(-8.9916)
(-4.1771)
(2.2407)
G3(-0.2027)
(-6.1752)
(1.7129)
G4(0.4613)
(10.2192)
(5.0066)
A1(-5.4415)
(12.4972)
(-2.1316)
A2(3.1651)
(12.5217)
(12.5935)
A3(7.2353)
(-10.3813)
(1.2258)
A4(-4.0606)
(-15.0835)
(-1.1732)
G1(-0.2501)
(1.1499)
(-0.2410)
G2(-5.5265)
(-8.7836)
(1.2803)
G3(-3.3071)
(-9.1252)
(5.4728)
G4(-7.4980)
(4.3330)
(3.5721)
A1(3.8799)
(5.2211)
(-2.7878)
A2(-2.1356)
(11.4299)
(7.8673)
A3(-18.5359)
(14.3461)
(-3.7685)
A4(7.7141)
(29.1805)
(-6.8235)
G1(1.1802)
(0.4262)
(0.0372)
G2(-3.0921)
(-9.9867)
(2.5196)
G3(-0.8482)
(-0.5177)
(-1.1393)
G4(-3.8828)
(-0.7391)
(4.3154)
A1(-0.5269)
(9.5465)
(4.3733)
A2(-3.0933)
(3.6009)
(-9.5960)
A3(-9.3805)
(4.3431)
(-7.7572)
A4(6.5505)
(2.2362)
(8.2313)
G1(-0.0261)
(-0.9158)
(-0.0974)
G2(2.1987)
(1.8778)
(2.4429)
G3(-0.9823)
(-1.5155)
(-0.8349)
G4(-17.1995)
(3.1762)
(-12.4599)
A1(-3.9183)
(9.1873)
(1.4658)
A2(4.3000)
(8.1403)
(1.9632)
A3(-0.7566)
(9.3996)
(-0.5363)
A4(4.1228)
(-6.0334)
(-0.7949)
G1(-0.3155)
(-0.1080)
(-0.0724)
G2(-2.3477)
(-1.4606)
(-0.0367)
G3(-0.1421)
(-0.7412)
(-0.0830)
G4(2.0385)
(-2.7297)
(-0.0186)
A1(-2.1555)
(9.6280)
(0.5173)
A2(4.8076)
(1.9632)
(0.7614)
A3(0.0527)
(9.6438)
(-4.1180)
A4(4.8507)
(-4.1468)
(-5.9664)
G1(0.1421)
(0.1942)
(0.0623)
G2(-1.2435)
(-1.6368)
(-1.8315)
G3(0.2251)
(-0.2065)
(0.0154)
G4(-1.4920)
(-3.4635)
(-0.7098)
A1(-2.2130)
(9.8292)
(0.8957)
A2(8.8107)
(4.4819)
(-2.0782)
A3(1.8196)
(8.7867)
(-3.0837)
A4(4.1276)
(-4.4245)
(-7.0916)
G1(0.1905)
(1.2420)
(0.0952)
G2(0.3485)
(0.8040)
(-1.0887)
G3(0.1554)
(-0.5321)
(0.0958)
G4(-3.3097)
(-4.8428)
(-1.9454)
A1(-0.9197)
(10.2076)
(0.3784)
A2(12.5313)
(5.9185)
(0.4501)
A3(0.5267)
(8.6862)
(-3.6583)
A4(0.2298)
(1.9872)
(-10.6350)
G1(0.1575)
(1.9082)
(-0.1932)
G2(-0.0394)
(-0.3166)
(-2.0199)
G3(0.0681)
(0.8152)
(-0.3310)
G4(-3.6141)
(-1.6336)
(-0.5768)
A1(-0.5413)
(10.4327)
(0.5892)
A2(7.1778)
(6.4500)
(2.8156)
A3(1.5850)
(7.8243)
(-5.6934)
A4(3.8164)
(7.9679)
(-12.2392)
G1(0.4901)
(2.3674)
(-0.1357)
G2(0.5401)
(2.4254)
(-2.6627)
G3(-0.1187)
(0.4001)
(-0.1916)
G4(-2.8175)
(-0.6274)
(0.0202)
A1(-1.4466)
(9.0915)
(0.2970)
A2(10.5728)
(8.4611)
(3.0981)
A3(2.6336)
(9.6151)
(-3.0023)
A4(4.0701)
(6.7469)
(-10.2328)
G1(-0.1399)
(0.9227)
(-0.2081)
G2(0.7875)
(1.7682)
(-2.1471)
G3(-0.1900)
(1.1754)
(-0.3890)
G4(-3.3214)
(-0.3235)
(-0.3214)
A1(-0.2347)
(9.3166)
(0.6371)
A2(4.6543)
(8.3845)
(4.4197)
A3(0.5219)
(9.8545)
(-1.7142)
A4(3.4812)
(11.8800)
(-4.8746)
G1(-0.9977)
(0.3586)
(0.1660)
G2(1.3611)
(-0.2315)
(-1.9763)
G3(-0.0788)
(0.9504)
(-0.2831)
G4(-1.5931)
(-1.9018)
(0.9381)
A1(-1.6047)
(8.8568)
(-0.0671)
A2(6.2776)
(8.3175)
(4.2234)
A3(1.8531)
(8.5856)
(-3.6919)
A4(3.7158)
(10.7691)
(-4.3335)
G1(-0.0867)
(0.0420)
(-0.4544)
G2(1.9608)
(0.2969)
(-1.1302)
G3(0.1708)
(0.3725)
(-0.1958)
G4(-0.9227)
(-0.4906)
(-0.2613)
A1(-1.0394)
(10.7488)
(1.8154)
A2(4.6495)
(7.9727)
(2.2889)
A3(1.2354)
(8.8107)
(-2.4756)
A4(-0.2011)
(8.7724)
(-4.2521)
G1(-0.6619)
(0.5204)
(-0.2730)
G2(0.7551)
(-0.0862)
(-0.7966)
G3(0.2011)
(0.1799)
(-0.2565)
G4(-1.1504)
(-0.4236)
(-0.3783)
A1(-2.3184)
(8.6748)
(-0.3545)
A2(3.3471)
(9.0740)
(1.7430)
A3(2.1644)
(8.3366)
(-4.4245)
A4(3.7062)
(10.0604)
(-4.1994)
G1(-0.2017)
(0.1697)
(0.0436)
G2(0.6960)
(0.6380)
(-0.7971)
G3(0.1421)
(0.0649)
(-0.4544)
G4(-0.7258)
(-0.5007)
(-0.3038)
