A1(-2.5675)
(9.0053)
(-1.5855)
A2(3.0742)
(8.5521)
(3.3519)
A3(1.0151)
(7.8913)
(-5.9280)
A4(3.0981)
(9.3470)
(-3.4907)
G1(-0.0825)
(0.4981)
(0.0654)
G2(-0.0426)
(-0.2448)
(-0.0181)
G3(-0.0117)
(0.3395)
(-0.0495)
G4(0.1059)
(0.7545)
(-0.1979)
A1(-1.9543)
(9.4795)
(-1.1448)
A2(2.6097)
(8.6670)
(2.8635)
A3(1.4365)
(7.8290)
(-5.9280)
A4(6.5457)
(8.8538)
(-3.1029)
G1(0.3421)
(1.9667)
(-0.0867)
G2(-0.3922)
(0.0367)
(0.0346)
G3(0.0346)
(0.2847)
(-0.1155)
G4(0.5337)
(2.6159)
(-1.0546)
A1(1.9256)
(9.6136)
(-0.3545)
A2(3.8307)
(8.7915)
(2.5570)
A3(1.0104)
(8.0445)
(-6.1244)
A4(2.9544)
(10.0078)
(1.6664)
G1(0.5002)
(0.9429)
(-0.2708)
G2(-0.5906)
(1.3702)
(0.2112)
G3(-0.1325)
(0.7764)
(-0.2794)
G4(1.0493)
(4.8875)
(-3.8706)
A1(1.4035)
(9.5801)
(1.8250)
A2(5.2481)
(8.6383)
(5.5402)
A3(1.1301)
(8.8969)
(-3.5626)
A4(1.2929)
(8.7340)
(0.7135)
G1(-0.2948)
(0.4108)
(-0.3778)
G2(-0.6779)
(1.1696)
(0.6630)
G3(-0.1548)
(0.8019)
(-0.3006)
G4(0.6699)
(5.3147)
(-3.6710)
A1(-2.4381)
(12.0709)
(0.2922)
A2(-2.7102)
(5.9424)
(7.5274)
A3(2.4086)
(8.8777)
(-6.4165)
A4(-4.1946)
(15.5240)
(-2.1452)
G1(-0.7907)
(2.6308)
(-1.2584)
G2(-0.0628)
(0.5130)
(0.7050)
G3(0.6008)
(-0.4379)
(0.0090)
G4(3.2528)
(2.1955)
(-1.0483)
A1(-3.6883)
(4.2440)
(4.2392)
A2(7.5226)
(7.3167)
(8.8394)
A3(0.7518)
(18.9525)
(3.4046)
A4(0.4022)
(10.1562)
(-4.8363)
G1(-5.6947)
(3.6232)
(0.0208)
G2(1.0158)
(0.8556)
(-0.4049)
G3(2.2865)
(0.4496)
(-0.4587)
G4(0.0032)
(-0.5018)
(0.1437)
A1(-0.3257)
(9.5801)
(14.7198)
A2(0.0670)
(14.6908)
(4.9033)
A3(3.4907)
(14.4466)
(-5.8275)
A4(-3.0789)
(8.2361)
(-5.3295)
G1(-7.0638)
(5.3695)
(0.7976)
G2(1.8576)
(1.7182)
(-0.6800)
G3(2.9644)
(3.9775)
(-3.2975)
G4(0.0346)
(1.2334)
(-0.3842)
A1(-8.0568)
(14.0779)
(13.7426)
A2(-4.1851)
(9.9264)
(1.5993)
A3(28.6107)
(15.6389)
(-11.9566)
A4(-1.9393)
(10.1323)
(-4.9416)
G1(-6.5652)
(2.3573)
(0.1325)
G2(1.2584)
(1.4793)
(0.1660)
G3(0.7013)
(1.4484)
(-3.3661)
G4(-0.4390)
(1.6320)
(-0.2964)
A1(-7.5970)
(9.7381)
(14.1162)
A2(-2.3032)
(9.5577)
(3.6536)
A3(18.9046)
(10.1370)
(-18.7945)
A4(-3.8642)
(16.7738)
(0.7853)
G1(-6.2257)
(5.2115)
(1.0999)
G2(1.9135)
(4.7422)
(0.5688)
G3(0.5092)
(-2.2162)
(-4.2079)
G4(0.3874)
(4.1973)
(-0.7141)
A1(5.7720)
(11.2949)
(3.9326)
A2(-5.3917)
(12.6174)
(5.1763)
A3(15.3277)
(-2.6959)
(-8.1259)
A4(-6.3829)
(-3.0071)
(-8.6670)
G1(-1.3532)
(6.6025)
(-0.2379)
G2(1.4096)
(2.5722)
(0.7439)
G3(6.7472)
(-6.8632)
(-5.5414)
G4(0.7641)
(9.0363)
(-4.6076)
A1(-16.5400)
(10.3704)
(19.3278)
A2(-7.0102)
(5.8993)
(14.6477)
A3(9.8210)
(-3.5338)
(8.3222)
A4(4.2665)
(17.1760)
(4.2329)
G1(2.1167)
(1.1254)
(2.3386)
G2(-1.0078)
(9.3492)
(1.6261)
G3(-0.2687)
(-6.7020)
(-4.2516)
G4(-1.0222)
(-0.2405)
(0.3139)
A1(0.7568)
(12.9235)
(-0.7951)
A2(8.5281)
(7.0677)
(25.4647)
A3(-4.6735)
(7.1682)
(-10.5872)
A4(0.3926)
(3.7397)
(-5.1523)
G1(-1.8486)
(-7.5576)
(2.2359)
G2(-0.1006)
(-1.6996)
(0.5220)
G3(-2.8835)
(-3.9908)
(-9.3013)
G4(-0.2990)
(-0.2889)
(0.1447)
A1(-27.4996)
(-2.6154)
(1.7196)
A2(-1.5658)
(2.5570)
(-11.6693)
A3(46.3565)
(-18.3252)
(36.6026)
A4(1.9441)
(13.1202)
(-3.2370)
G1(0.3719)
(-3.5513)
(1.6687)
G2(1.8422)
(0.1485)
(-0.9567)
G3(3.3353)
(11.0126)
(6.6573)
G4(-0.3171)
(-0.3475)
(0.3124)
A1(-2.7686)
(5.1876)
(3.3961)
A2(6.9480)
(2.3655)
(2.7054)
A3(-11.1570)
(-9.9838)
(-4.8985)
A4(0.2251)
(9.1889)
(0.1867)
G1(-1.0286)
(-1.0147)
(1.3856)
G2(0.1963)
(0.7354)
(0.0883)
G3(1.1132)
(2.9218)
(2.5536)
G4(-0.3932)
(-2.5584)
(0.9190)
A1(-7.2282)
(8.9382)
(2.9794)
A2(1.3934)
(5.5545)
(1.4940)
A3(-6.3590)
(-3.8164)
(-11.9902)
A4(-1.4796)
(9.6199)
(-3.6248)
G1(0.6800)
(0.2512)
(0.8248)
G2(-0.0756)
(0.5422)
(0.3209)
G3(-2.1865)
(3.2491)
(0.2804)
G4(-0.1341)
(-2.0715)
(0.4390)
A1(-6.3612)
(6.2175)
(1.6621)
A2(6.3877)
(10.2855)
(0.3400)
A3(-3.9600)
(-0.8619)
(-10.8745)
A4(0.7661)
(8.4803)
(-4.8219)
G1(1.1169)
(-1.1696)
(1.0387)
G2(-0.0835)
(-0.9488)
(-0.0218)
G3(-2.5898)
(1.3814)
(-0.9653)
G4(-0.0218)
(0.2416)
(-0.0756)
A1(-6.6725)
(5.9157)
(0.6706)
A2(-0.0958)
(10.0365)
(0.5890)
A3(-0.7087)
(3.0454)
(-10.7260)
A4(-0.0144)
(8.9639)
(-4.2856)
G1(1.3957)
(-1.1738)
(0.8764)
G2(0.2176)
(0.3874)
(-0.1128)
G3(-2.6393)
(0.2272)
(-0.2911)
G4(-0.1628)
(-0.3986)
(0.1325)
A1(-6.1839)
(7.9179)
(2.3184)
A2(4.6543)
(8.9735)
(-0.7757)
A3(-2.3128)
(4.9752)
(-10.8457)
A4(0.1724)
(9.3565)
(-3.5243)
G1(0.9259)
(-1.1744)
(0.7748)
G2(0.1054)
(-0.0149)
(-0.0729)
G3(-2.2785)
(0.3517)
(-0.2144)
G4(-0.1799)
(-0.2735)
(0.2049)
A1(-5.4702)
(8.9382)
(2.1651)
A2(0.6416)
(9.7444)
(0.7326)
A3(-1.3120)
(6.3973)
(-9.1028)
A4(-0.0048)
(9.1842)
(-3.7014)
G1(1.4314)
(-0.6284)
(0.5662)
G2(-0.1548)
(-0.8205)
(0.0090)
G3(-2.2891)
(-0.1288)
(0.3358)
G4(-0.1751)
(-0.1426)
(0.2581)
A1(-5.4367)
(7.6018)
(1.8394)
A2(1.1349)
(9.4571)
(0.9481)
A3(-1.0678)
(8.4946)
(-6.8809)
A4(0.0718)
(9.3278)
(-3.5817)
G1(1.3340)
(-0.6077)
(0.3879)
G2(-0.1591)
(-0.5976)
(0.0559)
G3(-1.7959)
(0.4087)
(-0.0649)
G4(-0.1777)
(-0.2474)
(0.3847)
