A1(-1.2310)
(6.2750)
(11.4434)
A2(7.3406)
(11.2336)
(1.0439)
A3(12.3397)
(4.8171)
(-2.7725)
A4(-1.6376)
(8.9256)
(-4.3670)
G1(-0.4491)
(-4.4964)
(0.3347)
G2(-0.4358)
(-0.2948)
(0.2017)
G3(-0.3507)
(-2.5307)
(3.9265)
G4(0.5449)
(-0.9998)
(0.5614)
A1(-10.6243)
(5.1637)
(6.4139)
A2(1.2019)
(8.8059)
(2.2841)
A3(0.8380)
(6.0286)
(2.2218)
A4(0.1867)
(13.0771)
(0.7326)
G1(0.7684)
(-2.1992)
(-0.2261)
G2(0.0841)
(-3.5668)
(0.1101)
G3(-2.7111)
(-6.8238)
(3.3741)
G4(1.0839)
(-0.7524)
(0.8775)
A1(3.9757)
(6.7300)
(-1.5999)
A2(0.0048)
(9.8258)
(0.1963)
A3(-10.8984)
(6.1962)
(-1.0199)
A4(-4.2569)
(29.1422)
(-0.8667)
G1(0.8024)
(0.6045)
(-1.2675)
G2(0.3113)
(-1.5548)
(0.1655)
G3(1.3393)
(3.2054)
(-0.4922)
G4(3.0043)
(-0.6401)
(2.5674)
A1(4.3110)
(14.7821)
(3.2620)
A2(0.1915)
(9.0166)
(2.5953)
A3(-0.4980)
(27.7440)
(9.7444)
A4(-1.5562)
(11.7460)
(-5.2960)
G1(1.3824)
(-6.8494)
(0.0239)
G2(0.2277)
(-2.3844)
(0.6795)
G3(-0.2671)
(4.8619)
(-0.6896)
G4(1.1009)
(-2.8127)
(4.6214)
A1(-0.6993)
(7.1563)
(-0.6419)
A2(-0.0096)
(12.8952)
(8.9352)
A3(-4.6017)
(4.7453)
(-8.7915)
A4(-15.2559)
(30.2292)
(-17.3723)
G1(1.8065)
(-3.4204)
(-0.8312)
G2(-1.8677)
(-3.9908)
(1.3638)
G3(0.3597)
(1.1919)
(0.8365)
G4(1.8667)
(-5.3578)
(10.3054)
A1(9.9729)
(11.1704)
(4.7948)
A2(-3.9313)
(11.4156)
(5.2720)
A3(9.9838)
(7.3406)
(-6.7277)
A4(-35.3384)
(7.1922)
(-28.3378)
G1(1.9693)
(-6.2294)
(-0.8854)
G2(-3.1341)
(-0.6593)
(1.8651)
G3(0.0309)
(-0.9679)
(0.6481)
G4(0.4518)
(1.0488)
(5.3004)
A1(6.1360)
(6.2510)
(17.1579)
A2(4.8507)
(13.1681)
(22.1081)
A3(7.2496)
(10.4627)
(1.8052)
A4(-11.8800)
(-2.7438)
(-11.7172)
G1(-1.8959)
(-7.9460)
(-1.9396)
G2(-8.0099)
(-8.2536)
(-0.8349)
G3(0.0309)
(-3.2709)
(0.7178)
G4(0.9477)
(6.6977)
(8.4989)
A1(-12.9139)
(13.2301)
(10.0160)
A2(-4.3479)
(17.1521)
(21.5430)
A3(1.4557)
(15.7778)
(0.5794)
A4(-5.9903)
(-6.3638)
(-2.9353)
G1(1.7804)
(-13.5290)
(-2.4126)
G2(-10.6545)
(-3.5433)
(2.9814)
G3(0.5582)
(-4.7895)
(1.7421)
G4(-1.5926)
(8.0237)
(5.6830)
A1(-9.4747)
(6.5528)
(-0.3880)
A2(16.1178)
(19.9245)
(11.8657)
A3(22.6827)
(5.8610)
(-0.5363)
A4(-8.1642)
(-14.1066)
(2.1165)
G1(1.7118)
(0.8264)
(-2.8388)
G2(-7.1165)
(-2.4153)
(-0.7551)
G3(-0.6721)
(-7.6858)
(4.6485)
G4(-4.7443)
(4.1127)
(3.1427)
A1(7.9515)
(6.3995)
(6.1312)
A2(7.3310)
(7.8721)
(14.2216)
A3(3.3854)
(-2.9688)
(-7.5082)
A4(-0.2634)
(-7.9775)
(-3.4620)
G1(-0.1431)
(-2.0923)
(0.5013)
G2(-6.7408)
(-10.1469)
(0.5071)
G3(-1.9353)
(-6.8440)
(3.7312)
G4(-7.9492)
(4.1579)
(3.9509)
A1(-12.6792)
(9.9441)
(4.3685)
A2(-5.1092)
(10.5919)
(-0.5124)
A3(-0.9960)
(7.1635)
(-2.8156)
A4(-15.9214)
(-25.8670)
(20.0395)
G1(-0.0255)
(0.6923)
(-0.4528)
G2(1.0259)
(-1.8028)
(1.2271)
G3(-1.3319)
(-2.9703)
(-0.9296)
G4(-2.8649)
(5.4499)
(-4.6161)
A1(-0.7664)
(7.9323)
(2.2369)
A2(7.5369)
(-0.6033)
(-5.6455)
A3(-3.0789)
(11.5017)
(-1.9441)
A4(18.2295)
(6.8570)
(-14.3125)
G1(0.0926)
(1.2659)
(-0.3214)
G2(1.5814)
(1.3718)
(0.4268)
G3(-0.8221)
(0.2118)
(-0.7769)
G4(7.3761)
(0.3033)
(-0.6784)
A1(-1.7005)
(10.8255)
(2.2944)
A2(0.5555)
(0.5938)
(-12.5600)
A3(-3.6775)
(8.6910)
(-5.1954)
A4(4.0845)
(-5.2577)
(0.7661)
G1(-0.6534)
(0.7998)
(0.0170)
G2(-1.0525)
(-1.3569)
(0.9802)
G3(-0.1394)
(2.3301)
(-0.9557)
G4(4.5065)
(-4.3484)
(-1.2771)
A1(-0.8957)
(11.5727)
(-0.0096)
A2(-2.9449)
(4.7932)
(-3.0311)
A3(-0.1437)
(8.9974)
(-2.5666)
A4(6.3015)
(-6.1723)
(-4.1803)
G1(0.3054)
(1.1621)
(0.0654)
G2(-2.7111)
(3.1411)
(-1.6629)
G3(-0.0399)
(0.5747)
(-0.3150)
G4(3.2065)
(-3.5439)
(0.3437)
A1(-0.6035)
(10.4040)
(0.7904)
A2(6.5553)
(4.0223)
(-0.1245)
A3(4.1276)
(8.2408)
(-5.9041)
A4(3.0837)
(-3.7254)
(-6.5936)
G1(0.7966)
(0.7370)
(-0.0154)
G2(-1.1190)
(0.4417)
(-1.9247)
G3(0.0053)
(0.9264)
(-0.4278)
G4(-4.8784)
(-4.7688)
(-0.7758)
A1(-3.0944)
(7.9467)
(-1.1161)
A2(9.7540)
(1.9728)
(-0.8859)
A3(1.1492)
(8.1834)
(-5.0470)
A4(1.2977)
(-2.7533)
(-8.6431)
G1(0.1586)
(0.1995)
(0.0346)
G2(-0.0117)
(3.3273)
(-2.2907)
G3(-0.2900)
(0.6667)
(-0.3395)
G4(-5.5962)
(-4.2186)
(-1.4835)
A1(0.3066)
(9.7908)
(0.2299)
A2(11.4251)
(2.9784)
(1.3934)
A3(0.3879)
(8.1547)
(-4.1037)
A4(2.1356)
(0.9002)
(-8.2791)
G1(0.0979)
(1.0334)
(-0.0857)
G2(0.2070)
(0.8008)
(-1.9960)
G3(-0.3560)
(0.1463)
(-0.3400)
G4(-5.0987)
(-2.4036)
(-2.3636)
A1(-2.3040)
(8.2245)
(0.9197)
A2(6.3973)
(4.6974)
(4.3191)
A3(1.9201)
(9.1985)
(-2.5187)
A4(2.5762)
(-0.4214)
(-12.6366)
G1(-0.3390)
(0.4448)
(-0.1458)
G2(0.1511)
(1.8161)
(-1.8496)
G3(-0.2969)
(0.3342)
(-0.3028)
G4(-3.6471)
(-0.0756)
(-1.5484)
A1(0.8143)
(10.2076)
(1.2646)
A2(11.4539)
(5.6743)
(4.4963)
A3(-0.5171)
(9.3518)
(-2.6911)
A4(11.7220)
(6.5410)
(-11.6119)
G1(-0.5130)
(1.1808)
(-0.3794)
G2(0.7120)
(0.2698)
(-2.4456)
G3(-0.1091)
(0.5949)
(-0.2943)
G4(-3.0543)
(-1.2851)
(1.0903)
A1(-0.0766)
(9.0101)
(0.0527)
A2(6.1962)
(6.7564)
(2.4421)
A3(2.4852)
(9.2799)
(-2.2984)
A4(3.1077)
(13.9343)
(-8.1882)
G1(-0.2522)
(0.0974)
(-0.2426)
G2(2.2056)
(0.5986)
(-1.9890)
G3(0.1298)
(0.4566)
(-0.2331)
G4(-2.2311)
(-2.5658)
(1.7097)
