A1(-7.4246)
(-1.7532)
(9.0532)
A2(1.7478)
(8.6239)
(-0.3304)
A3(-2.9688)
(10.5872)
(-0.7949)
A4(0.0814)
(7.9535)
(-7.4316)
G1(-4.4506)
(-0.8157)
(0.1745)
G2(-0.1724)
(0.4922)
(0.0133)
G3(0.6103)
(-2.0034)
(1.0828)
G4(0.0362)
(-0.7285)
(0.2379)
A1(-1.5424)
(4.2871)
(7.5012)
A2(4.5873)
(9.8928)
(-0.8045)
A3(8.7771)
(5.1427)
(-2.1500)
A4(1.0774)
(10.7117)
(-2.7629)
G1(0.2384)
(-4.1686)
(0.1756)
G2(-0.0628)
(-0.8535)
(0.0979)
G3(-0.6886)
(-4.0339)
(3.2815)
G4(0.6465)
(-0.8631)
(0.4800)
A1(-6.8737)
(14.2408)
(12.2721)
A2(0.3783)
(9.3039)
(1.5131)
A3(-9.9407)
(15.7251)
(-0.9098)
A4(-4.4532)
(23.6116)
(6.4787)
G1(3.0346)
(-0.8487)
(0.1511)
G2(0.2959)
(-2.0518)
(0.0569)
G3(-1.2100)
(-7.9684)
(3.4731)
G4(2.6169)
(-2.5329)
(2.0476)
A1(2.5387)
(11.4386)
(0.8239)
A2(-0.6416)
(11.0899)
(4.9752)
A3(2.0590)
(6.0765)
(-6.2824)
A4(-14.5903)
(23.2238)
(-24.6220)
G1(1.2462)
(-2.4195)
(-1.1063)
G2(-0.3954)
(-3.1538)
(1.6559)
G3(0.4119)
(2.5483)
(0.2341)
G4(0.3735)
(-3.0160)
(7.7098)
A1(7.8700)
(8.3299)
(5.5660)
A2(-4.4819)
(20.5901)
(13.0484)
A3(9.4092)
(9.0644)
(-1.8244)
A4(-8.9735)
(6.5314)
(-22.3858)
G1(1.2776)
(-6.5466)
(-1.6070)
G2(-8.7708)
(-0.9073)
(0.4156)
G3(-0.0718)
(-1.1275)
(0.2464)
G4(-0.4464)
(2.7462)
(6.3151)
A1(-3.2908)
(7.0222)
(14.5569)
A2(-2.1261)
(13.4650)
(22.5773)
A3(6.6702)
(12.4929)
(0.2298)
A4(-5.7461)
(-4.3574)
(-10.2232)
G1(-1.6719)
(-9.9574)
(-0.7705)
G2(-7.5922)
(-3.8583)
(2.7180)
G3(-0.2246)
(-5.2924)
(1.0770)
G4(0.8918)
(6.0522)
(6.0719)
A1(-2.8980)
(6.5145)
(5.3505)
A2(12.3637)
(6.3446)
(12.8712)
A3(14.6142)
(-1.0295)
(1.3695)
A4(-3.9073)
(-7.4603)
(-3.1364)
G1(1.0515)
(-0.5571)
(-0.5981)
G2(-5.3642)
(-6.9382)
(0.3124)
G3(-2.8644)
(-9.3646)
(5.3930)
G4(-3.5790)
(4.3761)
(2.4621)
A1(-9.6567)
(8.7897)
(3.2860)
A2(-5.4923)
(11.1809)
(5.4109)
A3(8.7963)
(13.6805)
(6.1531)
A4(-0.8906)
(3.1364)
(-5.3151)
G1(0.4640)
(-3.2885)
(0.0000)
G2(-1.2052)
(-3.3949)
(2.2232)
G3(-0.4566)
(2.4647)
(-1.1824)
G4(-5.5260)
(1.7826)
(2.0114)
A1(-1.3508)
(8.3826)
(2.2130)
A2(7.6423)
(-1.0391)
(3.5913)
A3(-3.1268)
(11.2384)
(0.5555)
A4(6.9384)
(-1.7573)
(-11.0038)
G1(-0.2001)
(0.2916)
(-0.1671)
G2(-0.4954)
(-3.0527)
(0.7764)
G3(-0.2144)
(-0.5539)
(-0.3097)
G4(0.6348)
(-1.1111)
(-1.3415)
A1(-1.0442)
(10.0447)
(2.9555)
A2(9.8641)
(3.8595)
(-5.3678)
A3(-0.8380)
(10.0844)
(-0.4022)
A4(5.6168)
(-6.1770)
(-3.8020)
G1(0.1969)
(1.9236)
(-0.3480)
G2(-0.4145)
(4.0994)
(-1.6453)
G3(0.3118)
(1.7421)
(-0.4337)
G4(-0.0048)
(-4.5219)
(-0.2767)
A1(-2.6010)
(9.3214)
(0.3545)
A2(2.4756)
(1.1013)
(1.5371)
A3(2.1500)
(8.4180)
(-1.5275)
A4(4.9895)
(-4.0223)
(-5.9376)
G1(0.2613)
(1.2015)
(-0.2650)
G2(-1.6602)
(-0.8253)
(-1.3478)
G3(0.1719)
(2.3924)
(-0.5965)
G4(-3.8860)
(-5.0327)
(-2.3509)
A1(0.3114)
(5.6714)
(-1.1352)
A2(10.6111)
(3.6057)
(-0.4836)
A3(-1.3791)
(9.6630)
(-3.3327)
A4(1.6855)
(-0.3687)
(-9.8881)
G1(-1.2153)
(1.3372)
(-0.1708)
G2(-0.4800)
(2.3732)
(-1.8518)
G3(0.2320)
(0.7652)
(-0.1756)
G4(-3.9552)
(-2.9325)
(-2.5446)
A1(0.2635)
(11.0171)
(0.3161)
A2(8.4036)
(4.6687)
(2.8443)
A3(2.4660)
(9.4810)
(-3.6057)
A4(6.0238)
(7.1730)
(-11.1091)
G1(-0.3182)
(-0.5076)
(-0.1655)
G2(0.6236)
(1.9912)
(-2.1338)
G3(0.3076)
(0.7444)
(-0.1713)
G4(-2.4046)
(-0.4757)
(-0.5305)
A1(-1.2885)
(8.6173)
(1.9016)
A2(7.0390)
(8.1355)
(3.9025)
A3(2.1691)
(9.1985)
(-2.0399)
A4(3.6536)
(10.2041)
(-7.2880)
G1(-0.1123)
(0.1618)
(-0.4278)
G2(2.3674)
(0.7588)
(-1.6825)
G3(0.1426)
(0.2166)
(-0.2219)
G4(-2.6143)
(-1.6565)
(0.5571)
A1(-1.8058)
(11.3811)
(-0.9293)
A2(8.8155)
(8.2696)
(1.8483)
A3(1.7861)
(9.0549)
(-3.6727)
A4(4.0749)
(-1.6376)
(0.6081)
G1(-0.5880)
(-0.2437)
(-0.0426)
G2(2.3328)
(0.7333)
(-1.8012)
G3(0.2017)
(0.0681)
(-0.3475)
G4(-1.8895)
(-1.2169)
(-0.2905)
A1(-3.9326)
(8.7466)
(1.6430)
A2(4.0654)
(8.9591)
(3.2609)
A3(1.3934)
(8.7388)
(-4.9177)
A4(5.2002)
(9.1123)
(-4.0606)
G1(0.0857)
(-0.0208)
(-0.7519)
G2(1.2946)
(-1.7373)
(-1.3830)
G3(-0.0271)
(-0.7168)
(-0.3464)
G4(-0.1862)
(-0.1655)
(-0.2873)
A1(-4.7038)
(8.8855)
(2.2417)
A2(3.9983)
(9.3087)
(1.6041)
A3(-0.0383)
(9.6295)
(-2.8299)
A4(-0.3926)
(8.8442)
(-5.0709)
G1(-0.1075)
(0.3113)
(-0.0649)
G2(0.9450)
(2.2237)
(-0.7753)
G3(-0.1006)
(-0.0388)
(-0.4012)
G4(-0.6449)
(-0.6838)
(-0.4507)
A1(-3.9374)
(8.4927)
(2.3759)
A2(-0.8763)
(9.5672)
(1.3743)
A3(-2.2027)
(10.4483)
(-2.6815)
A4(0.3735)
(9.3326)
(-3.6775)
G1(-0.5087)
(-0.0809)
(-0.1235)
G2(0.4406)
(-0.7982)
(-0.3799)
G3(0.1618)
(0.1165)
(-0.4911)
G4(-0.1325)
(0.0341)
(-0.2719)
A1(-4.1146)
(8.5694)
(2.4525)
A2(2.8299)
(8.9974)
(-0.2729)
A3(-1.9824)
(8.5856)
(-3.5243)
A4(-0.7709)
(9.2656)
(-3.8068)
G1(0.1176)
(0.0261)
(-0.5177)
G2(-0.4975)
(0.4385)
(-0.3118)
G3(-0.0005)
(0.0378)
(-0.5076)
G4(-0.1235)
(-0.0569)
(-0.1415)
A1(-4.4931)
(7.1946)
(1.7340)
A2(1.7478)
(9.1746)
(-1.9106)
A3(-1.2067)
(8.8346)
(-3.3184)
A4(-1.0439)
(9.3326)
(-3.4524)
G1(0.8184)
(-0.4528)
(-0.3597)
G2(-0.0447)
(-0.2187)
(-0.1756)
G3(-0.1064)
(0.3012)
(-0.3751)
G4(-0.0756)
(-0.0388)
(-0.0878)
