A1(-1.1304)
(7.9084)
(-0.8047)
A2(3.0789)
(9.0597)
(2.4517)
A3(1.3312)
(6.9384)
(-7.7572)
A4(3.7158)
(9.1937)
(1.2929)
G1(-0.7652)
(0.9972)
(0.0867)
G2(0.1346)
(0.0011)
(0.1378)
G3(-0.2379)
(0.2857)
(-0.0463)
G4(0.3459)
(0.8913)
(-0.2661)
A1(1.3173)
(10.1740)
(0.2874)
A2(4.1899)
(8.5377)
(3.3950)
A3(0.7278)
(9.8258)
(-2.3463)
A4(-1.5083)
(6.6607)
(-3.7781)
G1(-0.2804)
(-0.1149)
(0.1453)
G2(-0.6258)
(-0.1506)
(0.4507)
G3(-0.2017)
(0.4321)
(-0.1229)
G4(-0.2331)
(1.9348)
(-1.1877)
A1(-4.9960)
(8.7562)
(-4.0428)
A2(3.2753)
(6.8378)
(4.7740)
A3(1.8866)
(8.2217)
(-5.3870)
A4(0.0287)
(18.8280)
(-1.1540)
G1(-0.3017)
(0.2091)
(-0.0639)
G2(-0.3134)
(0.2549)
(0.4262)
G3(0.1165)
(0.1889)
(-0.0788)
G4(0.5821)
(-1.2579)
(0.0404)
A1(-3.7506)
(8.4927)
(-0.5030)
A2(8.1834)
(7.2784)
(3.5626)
A3(0.9337)
(7.4891)
(-6.5984)
A4(4.1468)
(12.7324)
(4.2377)
G1(0.2831)
(0.3730)
(-0.2703)
G2(0.8221)
(1.4968)
(-0.2900)
G3(0.0851)
(0.0612)
(0.0160)
G4(1.1446)
(1.8166)
(-0.6870)
A1(1.1400)
(10.6483)
(0.8143)
A2(0.3256)
(10.1849)
(5.8514)
A3(0.3639)
(7.8769)
(-4.5538)
A4(-4.2952)
(2.7438)
(-4.1084)
G1(-0.1479)
(1.7331)
(-0.3006)
G2(-0.7774)
(0.6375)
(0.0910)
G3(0.1096)
(0.1229)
(-0.2794)
G4(0.1751)
(3.4949)
(-2.8112)
A1(0.8239)
(12.3583)
(3.7506)
A2(6.8474)
(4.5969)
(2.8778)
A3(-0.6656)
(11.0660)
(-2.9449)
A4(-4.5490)
(11.8369)
(-7.1539)
G1(-0.5704)
(2.6760)
(-1.0094)
G2(-0.9881)
(0.2607)
(1.3750)
G3(0.9764)
(0.3677)
(-0.2469)
G4(1.1637)
(-1.0749)
(-0.3150)
A1(-2.3184)
(18.1734)
(2.6345)
A2(8.9447)
(4.9081)
(7.3885)
A3(3.5674)
(26.1303)
(9.0309)
A4(5.3917)
(6.1675)
(-4.2952)
G1(-7.3485)
(2.2498)
(-1.2781)
G2(1.1898)
(2.8872)
(-0.3948)
G3(3.0458)
(0.6726)
(-1.3218)
G4(0.3544)
(-0.7865)
(-0.1064)
A1(5.1349)
(16.8370)
(19.5721)
A2(-3.3854)
(10.8649)
(2.5043)
A3(10.1418)
(17.3484)
(-2.3272)
A4(-4.9033)
(9.5241)
(-6.0717)
G1(-7.9764)
(3.6599)
(-0.9908)
G2(1.0828)
(3.0953)
(-0.3523)
G3(4.2659)
(5.8059)
(-5.7745)
G4(-0.0208)
(1.9225)
(-0.4028)
A1(-12.8373)
(7.1851)
(12.0853)
A2(1.3024)
(11.5975)
(2.7198)
A3(22.6252)
(-2.4565)
(-18.6939)
A4(-3.8642)
(17.1090)
(3.3806)
G1(-6.0299)
(7.0005)
(0.2820)
G2(1.3569)
(3.6939)
(1.6400)
G3(1.0786)
(-1.2020)
(-5.0705)
G4(0.8572)
(8.9187)
(-3.3539)
A1(8.8664)
(11.4578)
(3.5111)
A2(-1.8914)
(8.7149)
(4.5921)
A3(15.1936)
(-1.8723)
(-4.6926)
A4(-11.9279)
(-14.8967)
(-12.6605)
G1(0.2432)
(5.9011)
(-1.9529)
G2(1.0046)
(5.0205)
(1.8523)
G3(6.6434)
(-9.0193)
(-8.7112)
G4(-0.7082)
(7.5283)
(-4.1675)
A1(2.4333)
(-5.0774)
(15.8263)
A2(-9.2177)
(2.2553)
(19.5127)
A3(6.2153)
(-9.8114)
(8.7580)
A4(-12.7707)
(9.0453)
(-0.3112)
G1(2.0939)
(4.7438)
(-1.9880)
G2(-1.6192)
(11.6006)
(2.6914)
G3(-1.9938)
(-5.3254)
(-5.7617)
G4(-1.3468)
(1.6448)
(0.6917)
A1(-1.7675)
(5.5277)
(5.2595)
A2(5.5929)
(13.2351)
(28.7735)
A3(-14.8776)
(26.4990)
(-67.1526)
A4(4.2856)
(7.8434)
(-0.3304)
G1(0.7742)
(-8.8203)
(1.6357)
G2(0.3225)
(-4.3575)
(1.7161)
G3(7.3235)
(-0.4475)
(-1.9912)
G4(-0.6231)
(-1.9555)
(0.7572)
A1(-5.5181)
(7.1180)
(1.3556)
A2(12.3493)
(1.2641)
(1.1875)
A3(-3.3136)
(6.4212)
(-16.9557)
A4(-0.0383)
(7.3406)
(-4.6256)
G1(0.1932)
(0.2043)
(1.8310)
G2(1.5149)
(1.6708)
(-0.6545)
G3(-1.4410)
(-0.1793)
(5.8053)
G4(0.4001)
(0.5768)
(0.1155)
A1(-12.4254)
(7.1659)
(-0.4024)
A2(-3.5291)
(12.4977)
(1.6233)
A3(-3.1699)
(-6.5601)
(-8.0732)
A4(2.2314)
(9.3805)
(-5.0470)
G1(-0.4507)
(-0.4060)
(1.6911)
G2(-0.1985)
(-1.0424)
(0.2357)
G3(-0.7476)
(4.7443)
(0.8551)
G4(-0.1692)
(-0.4001)
(0.2990)
A1(-4.7709)
(5.0918)
(1.4562)
A2(4.5777)
(12.9766)
(-0.1437)
A3(-3.4860)
(-1.9058)
(-8.7532)
A4(2.5187)
(10.2424)
(-2.7533)
G1(-0.0032)
(0.4411)
(1.3111)
G2(-0.0043)
(0.4810)
(-0.0245)
G3(-2.2860)
(2.8543)
(-0.0197)
G4(-0.1586)
(0.6061)
(-0.1474)
A1(-8.6508)
(6.9599)
(4.9721)
A2(-1.2641)
(7.8386)
(0.6129)
A3(-0.4645)
(1.2833)
(-7.3550)
A4(1.7095)
(9.9024)
(-3.2178)
G1(1.1605)
(-0.6556)
(1.4500)
G2(0.3672)
(0.2666)
(0.1846)
G3(-2.6680)
(2.0098)
(-1.7331)
G4(-0.1181)
(-0.0788)
(0.1745)
A1(-7.2952)
(8.5837)
(0.9341)
A2(1.3360)
(7.8578)
(0.7183)
A3(0.6704)
(5.3199)
(-10.8553)
A4(1.7621)
(9.3901)
(-3.7397)
G1(1.7272)
(-0.4975)
(1.5703)
G2(0.0186)
(0.0436)
(0.0942)
G3(-2.4147)
(1.5469)
(-1.3798)
G4(-0.1213)
(-0.4470)
(0.2373)
A1(-4.3302)
(8.3538)
(-0.1581)
A2(0.2394)
(8.9830)
(0.3639)
A3(-1.5610)
(7.7907)
(-10.4962)
A4(2.3415)
(9.1075)
(-4.5394)
G1(2.2689)
(-0.8455)
(0.9163)
G2(-0.0867)
(-0.6013)
(0.0197)
G3(-2.5738)
(0.7779)
(-1.1861)
G4(-0.0404)
(-0.7694)
(0.2996)
A1(-4.4308)
(7.5060)
(1.6478)
A2(1.4078)
(8.6383)
(0.6225)
A3(0.0718)
(9.2320)
(-7.8290)
A4(1.6376)
(9.4571)
(-3.5530)
G1(1.3638)
(-0.9355)
(0.9195)
G2(-0.3810)
(-0.7588)
(0.0176)
G3(-3.0676)
(-0.2426)
(-0.3342)
G4(0.0447)
(-0.4252)
(0.4172)
A1(-5.1158)
(9.6807)
(-1.5520)
A2(1.5562)
(8.6957)
(0.4118)
A3(-1.5850)
(16.3859)
(-9.3709)
A4(1.3934)
(8.8585)
(-4.5490)
G1(2.4578)
(-1.8831)
(-0.1628)
G2(0.0718)
(-0.5731)
(0.1884)
G3(-0.1974)
(-1.7368)
(0.4507)
G4(0.1793)
(0.4411)
(0.2272)
