A1(-2.4812)
(8.7849)
(-0.1389)
A2(3.2178)
(8.7197)
(3.3710)
A3(1.1013)
(7.9200)
(-5.5258)
A4(7.6902)
(10.4675)
(0.0144)
G1(0.0144)
(0.8397)
(0.0521)
G2(0.0144)
(0.2203)
(-0.0176)
G3(0.0968)
(0.1740)
(0.0048)
G4(1.0440)
(2.8005)
(-1.1632)
A1(-2.5100)
(9.9872)
(-1.1496)
A2(2.8347)
(7.8865)
(2.5762)
A3(1.8004)
(7.7381)
(-7.1012)
A4(5.4684)
(7.8961)
(-3.2417)
G1(0.2645)
(0.9386)
(-0.3475)
G2(-0.2192)
(0.5577)
(0.1000)
G3(0.0644)
(-0.0048)
(-0.0559)
G4(1.1063)
(2.6760)
(-1.3601)
A1(-0.3832)
(9.6088)
(0.4790)
A2(6.1244)
(7.1347)
(4.1132)
A3(2.9066)
(9.2608)
(-4.4245)
A4(7.1204)
(8.4228)
(1.4844)
G1(-0.0803)
(1.3840)
(-0.3235)
G2(-0.5736)
(1.3143)
(0.6971)
G3(-0.0458)
(0.7551)
(-0.4065)
G4(-0.0176)
(4.9183)
(-3.5971)
A1(-1.2358)
(11.1847)
(3.5159)
A2(6.9671)
(6.3303)
(4.8985)
A3(0.9720)
(9.3374)
(-3.4572)
A4(3.9265)
(5.8993)
(-3.0598)
G1(0.2144)
(1.9827)
(-1.2036)
G2(-0.5710)
(0.9732)
(1.1893)
G3(0.1293)
(0.5795)
(-0.3879)
G4(0.3320)
(1.8720)
(-0.9323)
A1(0.9005)
(12.6649)
(3.1614)
A2(2.6911)
(8.5473)
(4.7501)
A3(-0.1101)
(10.5872)
(-1.8435)
A4(-8.9399)
(9.8067)
(-6.7373)
G1(-0.9168)
(1.9784)
(-1.2286)
G2(0.4502)
(1.7879)
(1.1291)
G3(0.5827)
(-0.2581)
(-0.1458)
G4(-0.6598)
(-2.0811)
(-0.0692)
A1(-6.0402)
(11.5057)
(6.3660)
A2(7.4699)
(6.4452)
(6.6702)
A3(-0.8523)
(22.4959)
(8.9591)
A4(-3.3902)
(5.0182)
(-6.5697)
G1(-7.2697)
(3.1772)
(-0.5529)
G2(0.7678)
(3.8174)
(0.0575)
G3(2.9202)
(1.3399)
(-1.1919)
G4(0.6391)
(-1.0185)
(-0.1070)
A1(-2.6920)
(13.8480)
(6.5959)
A2(3.0646)
(8.8729)
(10.2615)
A3(-5.4875)
(19.6756)
(-0.7278)
A4(0.4693)
(10.2615)
(-9.0309)
G1(-6.8382)
(4.6022)
(0.3523)
G2(0.9956)
(-0.6002)
(-0.6364)
G3(3.9110)
(2.0071)
(-2.7787)
G4(0.6880)
(2.5265)
(-1.0131)
A1(2.6154)
(17.3831)
(17.6082)
A2(3.9025)
(9.9455)
(5.6503)
A3(7.9200)
(15.3325)
(-3.4046)
A4(-4.9512)
(7.8195)
(-8.9926)
G1(-7.9859)
(2.9431)
(0.1846)
G2(2.0050)
(3.0565)
(-0.6742)
G3(4.1233)
(5.5159)
(-4.3655)
G4(0.1532)
(2.1849)
(-0.5970)
A1(-4.2679)
(11.2087)
(12.2194)
A2(-2.0638)
(12.1673)
(4.0414)
A3(15.5336)
(1.0630)
(-21.1025)
A4(-13.3836)
(18.8807)
(-3.0358)
G1(-7.3389)
(7.2905)
(1.5415)
G2(2.0114)
(5.7601)
(1.6352)
G3(-0.8434)
(-2.1141)
(-2.6494)
G4(0.9328)
(8.5361)
(-3.3023)
A1(4.0955)
(13.6133)
(7.3288)
A2(-0.1963)
(10.3046)
(1.1396)
A3(16.5439)
(-1.1779)
(-21.2270)
A4(-13.5512)
(2.1644)
(-2.3367)
G1(-3.7695)
(7.6975)
(-0.2038)
G2(1.7028)
(5.8947)
(0.8535)
G3(2.9644)
(-2.4706)
(-10.4933)
G4(-0.0229)
(9.3210)
(-5.4850)
A1(3.2333)
(12.8086)
(-5.7145)
A2(-6.0861)
(10.5728)
(2.6671)
A3(22.2948)
(-3.7924)
(-6.7708)
A4(0.5938)
(6.6080)
(-1.3360)
G1(-0.9653)
(7.1958)
(-1.1659)
G2(0.9892)
(4.7821)
(1.6400)
G3(6.6216)
(-8.2706)
(-9.6999)
G4(-1.2292)
(7.6172)
(-4.1702)
A1(-9.6711)
(2.1747)
(11.3476)
A2(-8.7915)
(10.8026)
(10.8026)
A3(13.9055)
(-6.8570)
(7.4364)
A4(5.5881)
(9.1794)
(0.7278)
G1(1.0648)
(0.9136)
(-1.5564)
G2(1.2712)
(8.3919)
(2.8649)
G3(2.3307)
(-9.4296)
(-8.0636)
G4(-1.4388)
(-0.0537)
(0.0862)
A1(2.1459)
(6.6917)
(-0.1150)
A2(22.5151)
(4.1420)
(-1.5275)
A3(-11.3916)
(1.6568)
(-0.1676)
A4(7.9871)
(6.9192)
(-2.4900)
G1(-2.2099)
(-5.7958)
(2.1104)
G2(2.6717)
(5.8916)
(1.9364)
G3(-4.2926)
(-5.8266)
(-8.4468)
G4(-0.7423)
(-0.1729)
(0.2464)
A1(-19.8547)
(1.3939)
(-2.6345)
A2(-2.0686)
(3.9121)
(11.3677)
A3(-1.0295)
(12.2775)
(72.0463)
A4(11.8944)
(13.9534)
(-4.0654)
G1(0.6215)
(-6.1491)
(1.3335)
G2(1.5245)
(-2.0774)
(0.3102)
G3(5.9405)
(17.4357)
(8.6027)
G4(0.0074)
(-1.1978)
(0.8434)
A1(-4.6368)
(4.2871)
(1.0778)
A2(-12.8425)
(15.2223)
(6.7229)
A3(4.7932)
(36.9042)
(-1.8962)
A4(0.5938)
(10.5249)
(-1.8675)
G1(0.4395)
(2.9718)
(1.6251)
G2(0.4906)
(0.8610)
(0.1948)
G3(-4.8832)
(-11.6474)
(6.9536)
G4(0.0181)
(-0.2347)
(0.1772)
A1(-9.2352)
(4.0188)
(3.8704)
A2(3.7158)
(14.0588)
(1.0343)
A3(0.1006)
(-4.7645)
(-1.8818)
A4(2.8683)
(8.7867)
(-4.7788)
G1(0.0474)
(-3.0298)
(2.9277)
G2(-0.3134)
(-2.4892)
(0.7700)
G3(1.2531)
(5.4270)
(-0.7242)
G4(0.2081)
(-0.2948)
(0.0005)
A1(-11.1129)
(8.8376)
(-2.2561)
A2(-0.4310)
(8.5569)
(3.5291)
A3(-2.5235)
(-6.4117)
(-9.2943)
A4(-1.3120)
(9.1171)
(-4.2138)
G1(0.0958)
(0.8354)
(2.5100)
G2(-0.4523)
(-0.4746)
(0.3954)
G3(-2.7063)
(5.3546)
(-0.7508)
G4(0.0537)
(-0.4060)
(0.2118)
A1(-11.1991)
(5.1062)
(2.1890)
A2(4.5538)
(10.3382)
(0.6512)
A3(-1.1157)
(-2.8443)
(-8.9783)
A4(1.6712)
(9.2273)
(-3.9983)
G1(0.1580)
(-3.3539)
(2.3078)
G2(0.1458)
(1.0089)
(0.0580)
G3(-4.6304)
(4.2159)
(-0.4981)
G4(0.1618)
(0.1751)
(-0.0569)
A1(-6.9695)
(8.8137)
(1.4610)
A2(-1.1396)
(10.3669)
(1.1157)
A3(-0.6800)
(-1.9393)
(-9.0932)
A4(-1.0104)
(9.3996)
(-3.3136)
G1(2.1162)
(-2.2966)
(1.3335)
G2(0.1554)
(-0.2155)
(0.0490)
G3(-5.5074)
(2.7925)
(-3.0820)
G4(0.0394)
(-0.0841)
(0.1942)
A1(-8.1814)
(8.1239)
(2.4956)
A2(3.6966)
(9.1650)
(2.2122)
A3(-0.1772)
(7.3885)
(-13.1394)
A4(-0.1101)
(9.0501)
(-4.1468)
G1(3.4827)
(-2.0300)
(0.3251)
G2(0.0905)
(0.2384)
(-0.0325)
G3(-4.1973)
(-1.1861)
(-1.5900)
G4(0.1192)
(0.2554)
(0.0788)
