A1(-1.5951)
(8.3107)
(-0.7951)
A2(3.5195)
(7.9009)
(3.8403)
A3(0.3687)
(8.0014)
(-6.0861)
A4(4.6591)
(9.2608)
(-3.7302)
G1(-0.0085)
(1.2175)
(0.1410)
G2(-0.0894)
(-0.1224)
(0.1937)
G3(-0.0639)
(-0.1538)
(0.1815)
G4(0.2097)
(0.8477)
(-0.3970)
A1(-1.8394)
(10.2651)
(-1.1975)
A2(3.1316)
(8.7580)
(3.7733)
A3(1.2881)
(7.7093)
(-5.7892)
A4(6.7229)
(9.0070)
(-3.5003)
G1(0.5193)
(0.8721)
(-0.3688)
G2(-0.3225)
(0.2011)
(0.1368)
G3(-0.1389)
(0.2788)
(0.0202)
G4(0.8008)
(3.6338)
(-1.4830)
A1(1.2406)
(9.4986)
(-0.1772)
A2(4.7118)
(8.3175)
(2.2218)
A3(2.1883)
(9.1411)
(-3.7206)
A4(-11.0468)
(12.4020)
(2.7342)
G1(0.0995)
(1.5548)
(-0.4784)
G2(-0.5305)
(0.8684)
(0.3884)
G3(-0.2363)
(0.5843)
(-0.2911)
G4(1.7411)
(6.8004)
(-5.0231)
A1(0.1533)
(9.2304)
(-2.6106)
A2(6.8139)
(8.2456)
(4.4676)
A3(0.7518)
(9.7252)
(-4.4053)
A4(9.0740)
(6.1100)
(-0.1197)
G1(-0.2783)
(1.8906)
(-0.5747)
G2(0.4108)
(1.5724)
(1.3297)
G3(-0.0553)
(0.7987)
(-0.2639)
G4(0.9142)
(5.1876)
(-3.9701)
A1(1.4179)
(12.4876)
(5.4606)
A2(1.4222)
(6.4260)
(4.0414)
A3(-1.1349)
(12.6414)
(-1.8100)
A4(6.5410)
(2.4086)
(-3.8355)
G1(-1.1036)
(2.0657)
(-1.5266)
G2(0.5161)
(2.3855)
(1.4654)
G3(1.5192)
(0.7412)
(-0.4821)
G4(1.1137)
(1.3031)
(-1.5128)
A1(-3.3578)
(2.0166)
(4.7421)
A2(4.1563)
(4.8076)
(8.8777)
A3(-1.2258)
(14.3939)
(-0.5698)
A4(4.1755)
(48.3054)
(-7.4412)
G1(-5.7745)
(1.6629)
(-0.6582)
G2(-0.6385)
(3.0905)
(0.2171)
G3(1.8991)
(0.9371)
(-0.7306)
G4(1.1691)
(-0.6029)
(1.4867)
A1(-1.7915)
(10.2267)
(15.9508)
A2(1.6855)
(15.1218)
(10.2424)
A3(1.8866)
(21.1552)
(-2.7054)
A4(0.6081)
(10.1849)
(-9.7923)
G1(-7.6268)
(5.8862)
(1.2851)
G2(2.4115)
(1.5373)
(-0.3831)
G3(4.0313)
(1.0057)
(-2.5712)
G4(0.3177)
(2.9612)
(-0.7343)
A1(2.8213)
(23.4137)
(20.3768)
A2(9.1937)
(6.0382)
(3.4716)
A3(10.3190)
(21.5909)
(-7.8626)
A4(-6.5074)
(10.2903)
(-6.2632)
G1(-9.0060)
(4.2989)
(0.4262)
G2(2.2567)
(3.2342)
(-0.7194)
G3(3.6301)
(5.7293)
(-5.6606)
G4(-0.3783)
(1.8204)
(-0.5023)
A1(-6.8114)
(12.2625)
(9.1298)
A2(5.3103)
(8.3270)
(2.3032)
A3(16.2901)
(-7.2209)
(-24.2197)
A4(-6.5601)
(13.2016)
(-3.7110)
G1(-5.1642)
(7.5544)
(-2.1849)
G2(2.6361)
(5.4456)
(1.9917)
G3(2.3408)
(-3.4779)
(-5.0854)
G4(0.8008)
(8.3137)
(-3.6216)
A1(6.1887)
(13.9773)
(4.4883)
A2(-3.8595)
(11.4012)
(3.1268)
A3(10.8601)
(-8.8538)
(-14.5089)
A4(-7.7524)
(2.4995)
(-8.4420)
G1(-2.1237)
(4.4889)
(-2.2141)
G2(0.3746)
(4.8715)
(0.5827)
G3(3.5385)
(-6.2890)
(-7.6262)
G4(0.1958)
(8.7325)
(-4.1483)
A1(-28.7929)
(-1.0586)
(3.1518)
A2(-5.7748)
(9.9168)
(10.9271)
A3(9.0932)
(-7.4939)
(0.7614)
A4(0.7997)
(13.2256)
(2.2314)
G1(1.5224)
(-3.0809)
(-0.1362)
G2(1.0562)
(8.9070)
(2.4318)
G3(-2.5999)
(-5.8580)
(-5.6351)
G4(-1.2531)
(-0.9466)
(0.7508)
A1(2.3375)
(-11.4913)
(9.3454)
A2(-4.2377)
(8.7532)
(6.0813)
A3(8.2791)
(-18.0188)
(7.2018)
A4(3.1220)
(10.5489)
(-2.8730)
G1(-1.1542)
(3.2805)
(-1.6426)
G2(0.0383)
(9.2779)
(1.2324)
G3(-3.7439)
(-3.6891)
(-6.5168)
G4(-0.7955)
(-2.1875)
(1.3846)
A1(-31.1257)
(6.6438)
(3.8320)
A2(-9.1506)
(6.4356)
(-1.7334)
A3(28.5389)
(33.1693)
(64.4854)
A4(2.3846)
(10.9607)
(-2.7869)
G1(0.3581)
(-8.5542)
(-0.5518)
G2(1.3031)
(-3.1778)
(-0.5949)
G3(6.0491)
(17.4357)
(3.9387)
G4(-0.1463)
(-0.3661)
(0.2565)
A1(-3.8560)
(-0.3545)
(-1.6909)
A2(0.5219)
(9.2273)
(1.5850)
A3(-16.6828)
(13.2974)
(-22.7162)
A4(2.9928)
(11.0181)
(-2.6911)
G1(-0.1697)
(4.5506)
(2.8175)
G2(-0.3193)
(0.1399)
(-0.2927)
G3(-10.4326)
(-2.5185)
(17.4357)
G4(-0.1373)
(-0.1921)
(0.3996)
A1(-7.9036)
(2.3663)
(1.1783)
A2(0.7278)
(14.7339)
(0.3543)
A3(-3.0454)
(-7.9392)
(-1.5179)
A4(2.5235)
(9.5672)
(-4.1994)
G1(1.3441)
(-7.1553)
(2.2727)
G2(0.4241)
(-1.1621)
(-0.3017)
G3(1.1941)
(4.4080)
(1.6049)
G4(-0.1043)
(0.2049)
(0.1660)
A1(-9.3454)
(7.0509)
(2.0885)
A2(1.0918)
(8.5473)
(1.3455)
A3(-4.4963)
(-5.3008)
(-8.8011)
A4(-2.4708)
(8.8777)
(-4.5394)
G1(0.0543)
(3.0724)
(1.7139)
G2(-0.2698)
(-0.0851)
(0.2964)
G3(-0.8413)
(3.7200)
(1.3159)
G4(-0.1245)
(0.6508)
(-0.0011)
A1(-5.9444)
(6.6198)
(1.2454)
A2(2.2410)
(10.7739)
(-0.5986)
A3(-6.6224)
(-1.6137)
(-11.8513)
A4(2.1548)
(9.7109)
(-3.4333)
G1(0.7748)
(-1.2276)
(1.5069)
G2(-0.0165)
(-0.4683)
(0.1985)
G3(-1.6762)
(2.2099)
(-0.4858)
G4(-0.0521)
(-0.5922)
(0.0298)
A1(-7.9036)
(7.8269)
(1.7579)
A2(-0.2155)
(8.9687)
(1.3024)
A3(-3.2465)
(-1.3024)
(-9.3661)
A4(1.7573)
(9.4332)
(-2.7054)
G1(1.0350)
(-0.3629)
(1.9858)
G2(0.2219)
(-0.0681)
(0.1346)
G3(-2.1955)
(2.6818)
(-1.6134)
G4(-0.0990)
(-0.9136)
(0.2932)
A1(-5.5038)
(7.3096)
(0.9436)
A2(3.3806)
(9.8593)
(0.5794)
A3(-1.2546)
(3.3423)
(-10.5010)
A4(0.0287)
(9.2656)
(-3.5338)
G1(1.3351)
(-0.7662)
(0.5853)
G2(0.1538)
(-0.5385)
(-0.2522)
G3(-2.9075)
(0.1623)
(-0.4810)
G4(-0.1740)
(-1.2106)
(0.3698)
A1(-5.9396)
(8.0473)
(2.2226)
A2(1.5275)
(8.9591)
(0.2586)
A3(-3.6871)
(4.5394)
(-9.4092)
A4(1.8052)
(9.0166)
(-3.3519)
G1(1.9358)
(-0.7184)
(0.7774)
G2(-0.3262)
(-0.8418)
(0.0133)
G3(-2.8984)
(0.7785)
(-0.3746)
G4(-0.0899)
(-0.8865)
(0.3150)
