A1(-2.7974)
(7.6066)
(4.8475)
A2(1.1301)
(8.8155)
(-0.5746)
A3(-1.9058)
(10.7883)
(-0.8763)
A4(1.0630)
(8.5856)
(-4.9273)
G1(-0.5268)
(-2.4717)
(-1.0445)
G2(-0.2927)
(0.4464)
(-0.0766)
G3(0.6907)
(-2.0045)
(0.8482)
G4(0.2336)
(-1.0562)
(0.3012)
A1(0.8814)
(7.8652)
(6.8881)
A2(6.4739)
(9.2943)
(-0.9625)
A3(-0.9768)
(6.4260)
(-5.7604)
A4(-0.4310)
(9.4858)
(-5.1140)
G1(0.1836)
(-2.2998)
(-0.6002)
G2(-0.0420)
(0.1948)
(-0.0431)
G3(0.2006)
(-3.2368)
(2.4488)
G4(0.3379)
(-0.7524)
(0.2916)
A1(-3.4632)
(4.8715)
(10.5812)
A2(3.3662)
(8.9495)
(0.0958)
A3(3.9121)
(6.8378)
(-1.9393)
A4(0.7709)
(10.1466)
(-5.0518)
G1(0.1783)
(-4.1712)
(-0.2267)
G2(-0.0021)
(-2.8606)
(0.2214)
G3(-0.1213)
(-3.9148)
(3.3252)
G4(0.7471)
(-0.7960)
(0.5305)
A1(-7.5012)
(16.1424)
(5.8199)
A2(-0.3879)
(9.4810)
(1.0343)
A3(-19.1488)
(12.3780)
(-8.0876)
A4(-8.8585)
(28.2947)
(10.8697)
G1(1.5745)
(0.2501)
(0.4172)
G2(0.4028)
(-0.7774)
(0.0298)
G3(-0.4401)
(-5.7575)
(2.4424)
G4(2.9931)
(-1.8885)
(2.4562)
A1(-2.4094)
(9.2160)
(4.4164)
A2(2.6384)
(11.6646)
(2.0446)
A3(2.5426)
(3.4237)
(-6.0382)
A4(-16.8695)
(14.3796)
(-6.5170)
G1(2.8239)
(-5.7841)
(-1.4665)
G2(-0.2203)
(-4.2383)
(1.2388)
G3(1.1733)
(0.0415)
(0.1937)
G4(3.0144)
(-4.1015)
(8.9826)
A1(7.1372)
(14.3078)
(4.2248)
A2(0.3783)
(12.3014)
(12.2056)
A3(-1.3312)
(8.8538)
(-7.4939)
A4(-42.7269)
(26.9013)
(-27.3083)
G1(1.7804)
(-4.2228)
(-1.2430)
G2(-1.7996)
(-4.7140)
(1.5644)
G3(0.3496)
(-0.2432)
(0.6204)
G4(-0.2661)
(-3.3544)
(6.2662)
A1(7.1994)
(8.5358)
(15.6778)
A2(5.9424)
(43.2680)
(-3.2178)
A3(11.6454)
(9.0214)
(-4.4197)
A4(-6.6798)
(-4.6400)
(-14.2982)
G1(1.6341)
(-10.5518)
(-1.7459)
G2(-9.0821)
(-7.9019)
(0.5342)
G3(-0.4071)
(-1.2356)
(0.0277)
G4(3.2411)
(6.1220)
(7.0377)
A1(-18.8201)
(0.1389)
(-1.4610)
A2(-2.6528)
(32.9299)
(27.7296)
A3(12.6510)
(16.1561)
(8.6335)
A4(-4.5538)
(-5.4348)
(-0.6369)
G1(2.8409)
(-9.1656)
(-1.2632)
G2(-13.1794)
(-4.4836)
(-3.8530)
G3(-1.4197)
(-10.9716)
(4.1819)
G4(-1.5123)
(8.4159)
(2.4328)
A1(3.4824)
(13.7809)
(1.8969)
A2(15.0643)
(-0.3017)
(14.3987)
A3(8.3462)
(-5.5689)
(7.2640)
A4(-8.1211)
(-13.9486)
(2.2218)
G1(1.7155)
(0.7157)
(-0.5880)
G2(-5.8458)
(-8.8554)
(-1.4026)
G3(-2.5041)
(-10.7226)
(5.8735)
G4(-5.9815)
(3.5806)
(1.6565)
A1(-14.2216)
(2.7303)
(0.3161)
A2(-8.8729)
(13.4315)
(5.4923)
A3(13.8768)
(13.3453)
(6.7564)
A4(-14.7100)
(57.9109)
(-26.7911)
G1(0.0921)
(-2.2615)
(-0.0841)
G2(0.6731)
(-5.0450)
(2.9245)
G3(-0.8056)
(-0.3060)
(-0.5422)
G4(7.6693)
(-1.7246)
(4.5256)
A1(-4.2152)
(8.9861)
(0.4646)
A2(14.6525)
(-1.7142)
(-17.6357)
A3(-6.8283)
(10.7404)
(-0.6369)
A4(5.6407)
(6.0334)
(-10.1227)
G1(0.0447)
(1.0195)
(-0.1612)
G2(0.0106)
(-0.5465)
(-0.4534)
G3(-0.2937)
(0.0676)
(-0.4566)
G4(0.9504)
(2.0827)
(-0.9019)
A1(-4.4260)
(10.0782)
(-0.1006)
A2(-5.9520)
(-1.8387)
(-2.3703)
A3(2.0925)
(8.1594)
(-3.3615)
A4(2.7342)
(-3.2801)
(-5.3247)
G1(-0.3278)
(1.0765)
(0.0160)
G2(-0.0447)
(5.6260)
(-0.3693)
G3(0.1399)
(2.4493)
(-0.8125)
G4(-0.5055)
(-3.7296)
(-0.8487)
A1(-0.8909)
(9.3358)
(1.6574)
A2(19.1919)
(2.5091)
(-2.8539)
A3(-1.0151)
(9.2464)
(-5.4109)
A4(7.2496)
(-3.3279)
(-6.8714)
G1(-0.2075)
(1.1526)
(-0.0506)
G2(-0.4528)
(2.8165)
(-0.8115)
G3(0.0968)
(2.1918)
(-0.6008)
G4(0.3783)
(-3.1065)
(-2.3668)
A1(-0.6946)
(9.6711)
(1.0011)
A2(-2.9066)
(0.1053)
(3.3471)
A3(1.5179)
(9.3661)
(-2.4469)
A4(2.1500)
(-4.9799)
(-10.0892)
G1(0.0724)
(1.6070)
(-0.0553)
G2(-0.9168)
(3.8653)
(-2.0869)
G3(0.0378)
(1.0499)
(-0.2762)
G4(-3.9674)
(-5.3887)
(-1.4112)
A1(-0.6658)
(9.1250)
(0.4982)
A2(11.2097)
(6.6319)
(0.1245)
A3(2.4038)
(8.8681)
(-3.1268)
A4(-0.4118)
(5.5115)
(-13.0340)
G1(0.1740)
(1.4601)
(-0.2490)
G2(-0.1112)
(1.6144)
(-2.2045)
G3(0.0245)
(0.7737)
(-0.2219)
G4(-3.8796)
(-1.1643)
(-1.5192)
A1(-0.2539)
(9.8435)
(-0.0335)
A2(7.2640)
(5.3008)
(1.8579)
A3(1.4317)
(8.5281)
(-4.3239)
A4(3.2274)
(5.1571)
(-13.7331)
G1(0.4252)
(1.6469)
(-0.2379)
G2(-1.1105)
(2.3546)
(-2.6414)
G3(-0.0830)
(-0.4624)
(0.0181)
G4(-3.7280)
(0.3970)
(-1.9763)
A1(-0.5269)
(8.1095)
(-1.0155)
A2(7.1682)
(8.4994)
(4.7070)
A3(2.1931)
(9.2751)
(-1.9154)
A4(5.0374)
(13.6469)
(-7.8961)
G1(-0.2453)
(-0.1772)
(0.1559)
G2(1.2824)
(1.4394)
(-2.2977)
G3(0.1261)
(0.7508)
(-0.2884)
G4(-2.4855)
(-1.8603)
(0.6992)
A1(-1.7436)
(8.5837)
(-1.5280)
A2(5.5545)
(9.9216)
(4.1468)
A3(2.8683)
(9.4236)
(-2.3032)
A4(1.5754)
(11.2911)
(-2.7102)
G1(-0.8179)
(-0.0745)
(-0.2905)
G2(2.0758)
(1.1068)
(-1.8092)
G3(0.4443)
(0.1181)
(-0.0362)
G4(-0.9126)
(-0.6002)
(0.4475)
A1(-0.5556)
(10.9021)
(-0.5509)
A2(8.4755)
(8.3701)
(2.7821)
A3(2.1117)
(8.1211)
(-4.0654)
A4(2.1069)
(8.1642)
(-6.4069)
G1(-0.0303)
(0.1501)
(-0.5651)
G2(2.3328)
(1.4207)
(-1.0711)
G3(0.4534)
(-0.0170)
(-0.0601)
G4(0.7673)
(-1.2212)
(0.0607)
A1(-2.1459)
(8.7035)
(1.3556)
A2(3.2417)
(9.0261)
(1.7286)
A3(2.1596)
(8.0732)
(-6.2728)
A4(5.2625)
(9.5481)
(-3.5291)
G1(0.8019)
(0.5305)
(-0.8737)
G2(1.1648)
(0.5199)
(-0.4363)
G3(0.2602)
(-0.3166)
(-0.2522)
G4(-0.7136)
(-0.1586)
(-0.4789)
