A1(0.5892)
(7.3671)
(2.0549)
A2(3.7302)
(9.9742)
(1.1684)
A3(-3.4093)
(8.8873)
(-6.2872)
A4(-1.2210)
(8.2073)
(-7.2496)
G1(-0.2363)
(-2.6850)
(-1.3995)
G2(-0.1219)
(-0.2661)
(-0.0660)
G3(0.2703)
(-2.5658)
(1.6799)
G4(0.2033)
(-0.4566)
(0.5076)
A1(5.3122)
(6.4474)
(10.2172)
A2(3.7062)
(8.9352)
(1.7286)
A3(-0.9816)
(4.7166)
(-8.2217)
A4(-2.8730)
(8.4563)
(-7.9200)
G1(0.0750)
(-3.2789)
(-0.9461)
G2(-0.0521)
(-1.3835)
(-0.1277)
G3(0.0644)
(-3.2102)
(2.3998)
G4(0.1399)
(-0.5587)
(0.9253)
A1(-5.2116)
(11.1560)
(6.9935)
A2(-0.2538)
(11.6215)
(4.5346)
A3(-10.5010)
(15.9789)
(-1.9585)
A4(0.0048)
(27.3705)
(10.4818)
G1(3.7567)
(-2.0752)
(0.2320)
G2(0.0559)
(-2.2445)
(0.1586)
G3(-1.2015)
(-9.0534)
(4.5852)
G4(2.8154)
(-4.7853)
(4.7427)
A1(1.8633)
(4.3062)
(1.0969)
A2(2.4708)
(10.8505)
(1.1923)
A3(-7.9104)
(-2.1883)
(6.3159)
A4(-12.4403)
(19.8623)
(-9.0118)
G1(-0.0777)
(-0.4933)
(-1.1488)
G2(0.5289)
(-2.9032)
(-0.3778)
G3(-0.2325)
(3.7125)
(0.6987)
G4(3.0134)
(-2.9080)
(4.7124)
A1(0.4551)
(9.0723)
(3.1039)
A2(-0.6225)
(7.3598)
(13.7906)
A3(14.4801)
(3.7397)
(-13.9965)
A4(-25.1200)
(25.3307)
(-28.8262)
G1(2.1854)
(-5.8564)
(-2.2774)
G2(-1.7150)
(-6.5977)
(2.0917)
G3(0.6742)
(1.6602)
(0.4534)
G4(-0.6204)
(-1.8672)
(6.0097)
A1(7.7790)
(13.1343)
(4.7134)
A2(-7.6088)
(13.9055)
(0.7039)
A3(5.2816)
(8.6383)
(-6.1818)
A4(-4.6256)
(-6.2297)
(-24.9189)
G1(1.9369)
(-5.8463)
(-0.8439)
G2(-5.3025)
(-0.7322)
(1.0759)
G3(-0.3028)
(-1.4144)
(0.8083)
G4(0.7604)
(5.3249)
(5.1301)
A1(11.9320)
(4.9721)
(14.2647)
A2(-0.5363)
(9.5289)
(21.9309)
A3(8.7724)
(10.4052)
(-1.3216)
A4(-5.6072)
(-3.1508)
(-14.1210)
G1(-1.6799)
(-10.1128)
(-0.6832)
G2(-6.9031)
(-6.3875)
(2.2365)
G3(-0.6678)
(-4.4825)
(1.0408)
G4(1.5351)
(7.1378)
(6.8185)
A1(-21.2007)
(7.5108)
(-11.2901)
A2(1.3647)
(25.7903)
(15.7443)
A3(12.2344)
(12.0428)
(3.5674)
A4(-4.2952)
(-5.7988)
(-5.2816)
G1(4.1180)
(-6.5349)
(-2.2466)
G2(-7.3905)
(-2.8984)
(1.0233)
G3(-0.5385)
(-7.9019)
(3.6466)
G4(-1.0509)
(8.2291)
(3.0064)
A1(0.1006)
(15.3281)
(11.0075)
A2(0.6369)
(11.7029)
(12.4163)
A3(-5.8945)
(7.8003)
(1.0534)
A4(3.0071)
(0.0814)
(-4.8028)
G1(-0.3278)
(-2.7393)
(0.0553)
G2(-4.3085)
(-8.9943)
(2.5509)
G3(-3.1123)
(-6.5312)
(2.9091)
G4(-6.9829)
(1.5463)
(7.2176)
A1(-9.9345)
(5.0056)
(3.2620)
A2(-6.6607)
(17.3053)
(9.4092)
A3(2.6432)
(19.2542)
(7.1347)
A4(-2.0016)
(89.1074)
(-66.7408)
G1(0.4039)
(-2.4131)
(-0.1857)
G2(-0.6337)
(-5.7495)
(3.6061)
G3(-0.7295)
(0.2629)
(-0.7162)
G4(2.3780)
(8.6176)
(6.2225)
A1(-1.0825)
(6.9072)
(1.5903)
A2(11.4251)
(-5.4061)
(-8.8250)
A3(-2.0782)
(8.5952)
(-4.3527)
A4(22.2038)
(16.9031)
(-39.6336)
G1(-0.3868)
(0.1474)
(0.0974)
G2(0.7918)
(-1.1095)
(-0.0186)
G3(-0.4518)
(-0.6848)
(-0.1362)
G4(-1.5963)
(2.4882)
(0.2943)
A1(-2.1316)
(8.0760)
(1.6574)
A2(4.7884)
(11.7890)
(6.5122)
A3(0.5267)
(11.2527)
(-0.4741)
A4(7.1635)
(-8.8538)
(-0.6560)
G1(-0.1692)
(0.0319)
(-0.1431)
G2(-0.5800)
(-4.2500)
(0.6364)
G3(0.0761)
(0.7380)
(-0.4432)
G4(1.9970)
(-3.4417)
(-0.4491)
A1(-0.7425)
(9.2256)
(2.3327)
A2(21.8112)
(-0.7709)
(-4.4532)
A3(-1.8100)
(10.0556)
(-5.3965)
A4(8.3175)
(-5.8179)
(-4.0606)
G1(0.1107)
(0.7082)
(-0.0404)
G2(-1.0605)
(0.2932)
(-0.2575)
G3(0.3006)
(0.5140)
(0.0718)
G4(0.5348)
(-2.7957)
(-3.1783)
A1(-1.5089)
(10.0878)
(1.1448)
A2(0.4836)
(3.6583)
(0.8763)
A3(2.9353)
(8.2696)
(-3.9121)
A4(5.9664)
(-4.1276)
(-6.1531)
G1(-0.1149)
(0.5869)
(0.0548)
G2(-1.5708)
(-2.1322)
(-1.2345)
G3(0.1314)
(0.1224)
(-0.0612)
G4(-2.0689)
(-3.9930)
(-2.1285)
A1(-1.3604)
(9.2017)
(0.9005)
A2(15.7395)
(5.1571)
(-4.4245)
A3(0.2825)
(8.2648)
(-3.8834)
A4(0.4453)
(-0.4836)
(-8.2839)
G1(0.2150)
(0.1958)
(0.1932)
G2(-1.4782)
(3.0831)
(-1.7294)
G3(0.1570)
(0.4704)
(-0.2192)
G4(-4.0872)
(-3.1075)
(-1.8805)
A1(-2.5770)
(8.7322)
(1.4897)
A2(10.1418)
(3.7302)
(-1.0056)
A3(1.4557)
(9.0597)
(-4.0031)
A4(1.8244)
(7.8482)
(-10.3621)
G1(0.1415)
(2.2311)
(-0.0649)
G2(0.2166)
(1.0850)
(-1.7847)
G3(0.1394)
(0.3225)
(-0.3161)
G4(-2.8308)
(-1.5798)
(-1.2207)
A1(2.7351)
(12.3870)
(1.4418)
A2(9.7444)
(6.3973)
(-0.5459)
A3(-1.3408)
(9.6486)
(-2.5953)
A4(7.7620)
(5.6551)
(-12.0524)
G1(-0.2219)
(1.9396)
(0.4613)
G2(0.3262)
(2.8420)
(-2.6494)
G3(0.3852)
(2.4929)
(-0.8759)
G4(-1.8810)
(-1.4990)
(0.9307)
A1(-1.2550)
(7.2042)
(0.2778)
A2(4.2473)
(5.0757)
(5.4779)
A3(4.1180)
(8.4851)
(-0.6512)
A4(0.2203)
(5.5785)
(-11.3342)
G1(0.0713)
(0.3469)
(0.4278)
G2(0.2975)
(-0.0612)
(-2.3094)
G3(0.4672)
(2.0082)
(-0.6806)
G4(-2.5829)
(-0.6838)
(0.4055)
A1(-1.5951)
(8.2149)
(-1.0251)
A2(10.1131)
(7.3167)
(2.0734)
A3(3.9648)
(8.1259)
(-3.8738)
A4(2.5666)
(9.3470)
(-7.5226)
G1(0.3874)
(1.2478)
(-0.2543)
G2(2.0976)
(0.5816)
(-1.8081)
G3(0.2948)
(1.3947)
(-0.3102)
G4(-2.9266)
(-1.4830)
(0.5938)
A1(-0.8670)
(10.5764)
(2.2226)
A2(5.2241)
(8.7293)
(0.3160)
A3(-2.4181)
(8.4994)
(-4.5729)
A4(3.5434)
(10.3525)
(-0.6943)
G1(-0.7077)
(1.0807)
(-0.1830)
G2(1.7171)
(0.3815)
(-1.5511)
G3(0.3640)
(0.8205)
(-0.5433)
G4(-2.4360)
(-1.0685)
(0.2070)
