A1(-1.7244)
(8.2101)
(3.6069)
A2(2.3320)
(9.0501)
(-1.3120)
A3(-2.2410)
(10.6494)
(-1.7861)
A4(1.1349)
(8.5952)
(-5.6838)
G1(-2.6584)
(-1.5676)
(0.6715)
G2(-0.4837)
(0.3187)
(-0.0490)
G3(0.3171)
(-1.3995)
(0.5768)
G4(0.4007)
(-0.3640)
(0.0724)
A1(0.5365)
(10.3034)
(4.7565)
A2(2.4852)
(9.0788)
(0.3448)
A3(-5.5306)
(9.4475)
(-5.8227)
A4(0.2203)
(9.2512)
(-5.6743)
G1(1.2946)
(-2.3599)
(-1.3516)
G2(-0.6231)
(-0.3022)
(-0.0851)
G3(0.5465)
(-2.6121)
(1.4851)
G4(0.1708)
(-1.0397)
(0.2905)
A1(-1.5472)
(6.9935)
(11.5536)
A2(3.8355)
(9.1937)
(0.2586)
A3(14.7339)
(3.5626)
(-0.1772)
A4(0.0192)
(11.0325)
(-0.1532)
G1(0.4981)
(-4.6070)
(-0.1272)
G2(-0.7875)
(-0.7960)
(-0.0894)
G3(-1.4713)
(-4.3016)
(4.2159)
G4(0.5800)
(-1.1302)
(0.4672)
A1(-6.9935)
(12.8517)
(9.9968)
A2(-0.4788)
(10.4244)
(1.7765)
A3(-17.3867)
(13.2160)
(-6.7995)
A4(-3.8068)
(13.1537)
(0.4597)
G1(1.6682)
(1.7948)
(-1.3643)
G2(0.7354)
(-1.9252)
(0.0639)
G3(-0.7764)
(-6.3210)
(1.9986)
G4(2.6164)
(-1.4724)
(3.0437)
A1(-7.6689)
(6.7827)
(4.4643)
A2(-0.4262)
(7.7285)
(1.3216)
A3(-5.8897)
(-9.0788)
(-15.0500)
A4(-5.7365)
(12.7372)
(-8.3222)
G1(2.3754)
(-5.3302)
(-0.6721)
G2(-1.2521)
(-3.4939)
(0.9881)
G3(-0.7928)
(-2.1625)
(1.0137)
G4(1.5314)
(-3.3763)
(6.3167)
A1(7.2521)
(14.8683)
(1.7963)
A2(1.2689)
(21.1264)
(6.8474)
A3(-1.2450)
(8.9064)
(0.8763)
A4(-14.4753)
(31.8285)
(-16.4434)
G1(1.0020)
(-2.4961)
(-0.6034)
G2(-1.7123)
(-2.7122)
(1.3356)
G3(0.9557)
(2.8133)
(-0.4502)
G4(2.5297)
(-6.1076)
(10.3847)
A1(13.1439)
(13.9869)
(3.2476)
A2(1.0295)
(8.5617)
(15.4426)
A3(6.3782)
(7.1012)
(-1.8771)
A4(-6.9480)
(1.1301)
(-22.5438)
G1(1.4830)
(-6.5546)
(-1.0664)
G2(-9.1023)
(-1.7650)
(1.4543)
G3(-0.5513)
(0.1394)
(0.1862)
G4(1.2739)
(3.7626)
(6.1241)
A1(-0.8526)
(8.6796)
(22.9778)
A2(0.9242)
(9.5816)
(21.3611)
A3(10.8074)
(11.1618)
(1.3934)
A4(-4.5921)
(-5.6743)
(-6.3590)
G1(-3.9275)
(-10.0410)
(-0.2150)
G2(-7.7907)
(-3.4380)
(1.6937)
G3(-0.5773)
(-4.5762)
(0.8418)
G4(2.8856)
(7.9258)
(4.2537)
A1(-19.0404)
(0.2922)
(-21.8761)
A2(8.0254)
(18.0092)
(13.0771)
A3(-4.9464)
(18.7514)
(5.0757)
A4(-3.2801)
(-4.0366)
(-2.3655)
G1(2.7760)
(-12.4264)
(-0.6784)
G2(-6.5636)
(-3.8637)
(-0.6290)
G3(0.4523)
(-7.4198)
(1.8321)
G4(-1.0046)
(7.9625)
(1.8533)
A1(2.2992)
(11.7595)
(11.3716)
A2(-0.3783)
(10.2232)
(8.3653)
A3(-3.5147)
(0.0287)
(-3.7828)
A4(-1.3838)
(-5.1619)
(5.3295)
G1(0.0750)
(-0.5598)
(-1.3510)
G2(-3.5332)
(-7.5932)
(1.6331)
G3(-3.1948)
(-6.9600)
(2.8920)
G4(-5.8500)
(0.1352)
(4.2186)
A1(-2.6058)
(7.4198)
(4.0955)
A2(-4.7166)
(8.2552)
(0.1915)
A3(-13.8816)
(14.2263)
(3.0215)
A4(-1.7334)
(-52.6533)
(23.1280)
G1(-0.4220)
(-0.4997)
(-0.4917)
G2(1.4569)
(-0.4656)
(2.3892)
G3(-1.0892)
(-3.5013)
(0.5257)
G4(7.5709)
(-5.9043)
(-3.6279)
A1(-2.7543)
(12.2960)
(1.8250)
A2(5.0039)
(5.3295)
(2.8108)
A3(-0.9625)
(12.2200)
(2.6432)
A4(10.7356)
(-1.3695)
(-5.6599)
G1(-0.0857)
(1.3329)
(0.3358)
G2(-0.3219)
(-8.1259)
(1.7432)
G3(0.2022)
(1.7145)
(-0.5726)
G4(2.2115)
(-0.7162)
(-2.5664)
A1(-1.0825)
(9.8819)
(1.4514)
A2(-10.1131)
(-0.9816)
(1.0104)
A3(1.6089)
(9.1746)
(0.0000)
A4(9.5577)
(-7.9296)
(-2.7533)
G1(0.1926)
(1.1063)
(-0.1304)
G2(-0.4017)
(7.0968)
(-0.5215)
G3(0.4672)
(3.6285)
(-0.9360)
G4(0.5752)
(-2.9330)
(-2.1247)
A1(-3.1902)
(9.0292)
(0.6179)
A2(3.6823)
(1.5131)
(4.8602)
A3(3.1460)
(9.3853)
(-1.9680)
A4(9.1411)
(-5.7748)
(-3.8164)
G1(0.2395)
(1.3154)
(-0.2107)
G2(-0.6811)
(-1.9220)
(-0.4821)
G3(0.1634)
(1.6283)
(-0.3932)
G4(0.0681)
(-3.8674)
(-1.4771)
A1(-1.5328)
(9.4316)
(0.6323)
A2(16.4865)
(6.0094)
(-3.9935)
A3(2.6049)
(9.1650)
(-4.4005)
A4(6.7612)
(-2.0973)
(-8.0110)
G1(0.4879)
(0.0750)
(0.0990)
G2(-0.0899)
(3.5545)
(-1.8448)
G3(0.1341)
(0.7790)
(-0.1197)
G4(-2.9809)
(-3.2837)
(-2.4919)
A1(-1.5807)
(9.9250)
(-0.7520)
A2(8.3414)
(2.0111)
(1.4988)
A3(1.2881)
(9.1794)
(-3.0119)
A4(3.2226)
(2.2505)
(-9.1602)
G1(0.5326)
(1.1802)
(0.0442)
G2(0.3501)
(0.2953)
(-1.7060)
G3(0.0351)
(-0.5784)
(0.1277)
G4(-3.2485)
(-2.9426)
(-2.3402)
A1(0.2060)
(9.4124)
(-0.0527)
A2(12.3062)
(5.0470)
(-0.4022)
A3(0.0670)
(9.4284)
(-2.9209)
A4(5.5210)
(4.6256)
(-9.8737)
G1(-0.1703)
(1.1935)
(-0.0516)
G2(0.3049)
(2.0726)
(-1.6841)
G3(0.1080)
(-0.0309)
(-0.0495)
G4(-2.2067)
(0.1671)
(-1.0451)
A1(-1.9256)
(10.0351)
(0.4215)
A2(7.4172)
(4.7932)
(3.8259)
A3(1.3838)
(9.2799)
(-2.6671)
A4(2.8395)
(3.9696)
(-9.0118)
G1(-0.3427)
(0.6407)
(-0.0708)
G2(0.6093)
(0.8173)
(-1.6703)
G3(-0.0197)
(0.1671)
(-0.0660)
G4(-2.1072)
(-2.0742)
(0.5901)
A1(-1.4514)
(8.9143)
(-0.1820)
A2(6.7469)
(7.4029)
(4.7692)
A3(2.3942)
(9.2560)
(-2.8252)
A4(4.2760)
(5.4205)
(-10.3525)
G1(0.2650)
(0.9323)
(-0.1187)
G2(1.0844)
(1.1563)
(-1.6852)
G3(0.0117)
(0.4619)
(-0.0772)
G4(-3.1576)
(-1.1047)
(0.1878)
A1(-0.1677)
(10.6674)
(-0.1389)
A2(8.4755)
(8.0158)
(1.8483)
A3(1.0295)
(9.0022)
(-3.2657)
A4(4.3287)
(10.0365)
(-6.1531)
G1(0.0564)
(0.3964)
(-0.2448)
G2(1.1169)
(0.7120)
(-1.7804)
G3(0.0144)
(0.4560)
(-0.2033)
G4(-2.4030)
(-2.4472)
(0.9802)
