A1(2.6249)
(8.9813)
(0.2491)
A2(2.1213)
(8.4898)
(4.5825)
A3(1.2163)
(9.3565)
(-4.8650)
A4(-9.5146)
(6.9288)
(-0.8332)
G1(-0.1080)
(1.6464)
(-0.3315)
G2(-1.7655)
(0.7215)
(0.1107)
G3(-0.1474)
(1.7693)
(-0.7811)
G4(0.5199)
(5.5004)
(-4.2271)
A1(-1.0394)
(11.7021)
(-0.3593)
A2(6.0430)
(7.8434)
(5.2720)
A3(-0.1724)
(9.5577)
(-4.1611)
A4(14.8010)
(4.3622)
(-6.7325)
G1(-0.3634)
(1.9454)
(-0.7173)
G2(-1.4436)
(3.5859)
(1.5149)
G3(0.1086)
(1.2004)
(-0.4060)
G4(0.0495)
(6.0645)
(-2.7654)
A1(-3.8943)
(2.0022)
(9.7238)
A2(-0.8571)
(7.7955)
(7.2353)
A3(-1.3072)
(14.7339)
(4.8602)
A4(-2.6001)
(3.2801)
(-8.6814)
G1(-5.6947)
(3.6444)
(-0.8721)
G2(-0.0830)
(4.2835)
(0.2198)
G3(1.7384)
(1.0589)
(-1.0504)
G4(0.0670)
(0.9892)
(-1.1792)
A1(0.0287)
(22.2641)
(4.9337)
A2(8.1451)
(7.5274)
(4.1372)
A3(1.2641)
(25.1966)
(13.3596)
A4(-3.6871)
(8.3270)
(-0.7853)
G1(-8.9805)
(0.6737)
(0.1181)
G2(1.0126)
(3.7700)
(-0.1383)
G3(3.3321)
(0.9802)
(-1.4777)
G4(-0.9434)
(-1.4958)
(-0.2203)
A1(-0.6035)
(10.3321)
(18.2692)
A2(-6.6128)
(12.3684)
(-3.9840)
A3(11.8752)
(16.7307)
(-5.7174)
A4(-4.9464)
(9.1363)
(-4.9560)
G1(-8.2658)
(4.1494)
(-0.2905)
G2(0.7721)
(1.3904)
(-0.8503)
G3(2.8441)
(6.8525)
(-5.9554)
G4(0.4135)
(3.2092)
(-0.4411)
A1(-4.9721)
(17.4310)
(13.0912)
A2(-0.5171)
(3.5434)
(5.8802)
A3(30.8134)
(13.0388)
(-16.4099)
A4(-5.8658)
(12.4068)
(-1.2977)
G1(-6.4396)
(1.1323)
(0.4374)
G2(1.5213)
(5.7287)
(0.6556)
G3(0.8886)
(1.6293)
(-3.9908)
G4(0.3320)
(4.4128)
(-0.7226)
A1(0.0814)
(10.5812)
(11.2183)
A2(-3.2705)
(8.0780)
(2.9736)
A3(8.1068)
(0.4884)
(-15.6006)
A4(-2.5666)
(6.4739)
(-6.7325)
G1(-3.6269)
(7.9099)
(-0.3693)
G2(1.4383)
(5.2509)
(0.8003)
G3(3.9722)
(-4.5671)
(-6.5274)
G4(0.8524)
(7.2692)
(-2.6414)
A1(1.9783)
(8.6987)
(3.1327)
A2(-5.5976)
(10.5728)
(2.5139)
A3(14.6429)
(-1.7813)
(-8.4659)
A4(-5.1236)
(5.6407)
(-7.8147)
G1(-0.9440)
(5.6532)
(-1.1323)
G2(0.7088)
(4.7023)
(1.4404)
G3(5.8793)
(-6.9276)
(-6.6892)
G4(-0.0921)
(5.8069)
(-2.5137)
A1(-8.6077)
(4.2583)
(17.0909)
A2(0.7901)
(6.4404)
(15.1122)
A3(7.0390)
(-6.3063)
(6.9384)
A4(0.3496)
(9.2656)
(0.1772)
G1(2.7249)
(4.1648)
(-0.2639)
G2(-1.5069)
(9.3838)
(1.5171)
G3(-1.7001)
(-6.0198)
(-3.1570)
G4(-0.4071)
(1.7363)
(-0.6933)
A1(7.9658)
(3.0608)
(-2.7112)
A2(11.6502)
(9.6534)
(-7.5178)
A3(-4.3670)
(-14.8776)
(7.7859)
A4(6.0430)
(9.4858)
(2.6528)
G1(-1.4543)
(1.0493)
(0.3416)
G2(1.0685)
(6.5860)
(1.3462)
G3(-6.2140)
(-4.0308)
(-6.2300)
G4(-0.1442)
(4.6549)
(-1.4505)
A1(-25.3489)
(7.0126)
(-1.3316)
A2(-1.7621)
(8.1977)
(7.7907)
A3(24.7991)
(-39.6336)
(11.2527)
A4(-1.5036)
(8.2073)
(-2.2745)
G1(-0.7758)
(-4.6443)
(2.7393)
G2(0.9482)
(1.5857)
(-0.7258)
G3(1.3063)
(-0.9961)
(7.4134)
G4(-0.0692)
(-0.2889)
(0.4911)
A1(-9.4220)
(1.2071)
(-0.1820)
A2(5.3103)
(4.7357)
(3.1795)
A3(-6.5266)
(7.9487)
(-7.6040)
A4(3.2130)
(10.3334)
(-2.8060)
G1(0.6157)
(2.2929)
(1.9018)
G2(1.1180)
(2.6026)
(0.7434)
G3(-0.3597)
(-3.4933)
(3.5795)
G4(0.0681)
(0.3884)
(0.0990)
A1(-10.7776)
(3.6931)
(3.1902)
A2(-0.0479)
(5.9280)
(-0.0239)
A3(-4.4005)
(-5.6503)
(-4.1084)
A4(0.9433)
(8.8873)
(-4.0797)
G1(-0.6747)
(-1.6410)
(1.1387)
G2(-0.2932)
(-1.3611)
(0.7322)
G3(-1.9135)
(6.0964)
(-0.4252)
G4(0.2293)
(1.4771)
(-0.3613)
A1(-5.1206)
(7.6545)
(0.8814)
A2(-0.0814)
(10.5967)
(3.6823)
A3(-6.4308)
(-8.4420)
(-8.0732)
A4(0.0096)
(9.5098)
(-3.7589)
G1(0.4268)
(1.6735)
(1.4708)
G2(0.0777)
(0.7450)
(0.0569)
G3(-3.1155)
(3.2134)
(-0.2395)
G4(0.0128)
(-0.2251)
(0.1958)
A1(-9.0149)
(5.5469)
(0.3688)
A2(0.0144)
(9.4379)
(1.8004)
A3(-1.0104)
(-0.6416)
(-8.9016)
A4(1.7286)
(10.0030)
(-2.8204)
G1(1.0828)
(-1.0685)
(1.3271)
G2(0.0468)
(0.7146)
(0.1197)
G3(-3.8706)
(0.3528)
(-1.2302)
G4(0.0681)
(-0.4230)
(0.1447)
A1(-6.9120)
(7.1084)
(0.4263)
A2(0.2346)
(9.9264)
(0.9385)
A3(-3.8403)
(-1.7334)
(-9.5289)
A4(0.4166)
(9.2703)
(-3.0406)
G1(1.1797)
(-0.6220)
(1.2052)
G2(0.0596)
(-0.0096)
(-0.1224)
G3(-3.9382)
(0.8822)
(-1.3462)
G4(0.0330)
(-1.0733)
(0.4645)
A1(-6.1552)
(7.4581)
(-0.0240)
A2(0.6991)
(9.5864)
(0.9673)
A3(-2.4038)
(3.8978)
(-10.3094)
A4(2.1787)
(8.5281)
(-6.4021)
G1(1.4846)
(-1.4724)
(1.0962)
G2(-0.0926)
(-0.5507)
(0.0585)
G3(-3.2177)
(0.7785)
(-0.3246)
G4(0.1548)
(-0.4901)
(0.2762)
A1(-5.8151)
(8.4161)
(1.1592)
A2(0.6847)
(8.1930)
(1.1588)
A3(-0.3687)
(5.1236)
(-8.5473)
A4(-0.4884)
(8.4994)
(-5.6934)
G1(1.7533)
(-0.9349)
(0.5853)
G2(-0.2826)
(-0.4970)
(-0.1352)
G3(-2.3072)
(-0.1139)
(0.0005)
G4(0.0255)
(-0.6071)
(0.4864)
A1(-5.5181)
(8.2628)
(-0.2874)
A2(2.4421)
(9.8019)
(0.9625)
A3(-2.1835)
(8.3845)
(-7.7716)
A4(1.3647)
(8.6766)
(-4.8459)
G1(1.5511)
(-0.3496)
(0.9142)
G2(-0.3033)
(-1.2670)
(-0.0112)
G3(-1.8113)
(0.5348)
(0.0186)
G4(0.1086)
(-0.6226)
(0.4810)
A1(-4.0428)
(9.5944)
(1.7100)
A2(0.4693)
(10.8649)
(-1.8292)
A3(-2.8443)
(8.1403)
(-7.0198)
A4(-0.7997)
(8.8346)
(-4.6400)
G1(2.2099)
(-0.1735)
(0.8280)
G2(0.4039)
(-1.2409)
(0.1623)
G3(-1.8416)
(-0.2469)
(0.1245)
G4(0.1048)
(-0.7152)
(0.5385)
