A1(-2.3950)
(9.1298)
(-0.2443)
A2(2.3942)
(8.6526)
(3.4141)
A3(2.2697)
(7.5800)
(-6.3159)
A4(4.2856)
(8.8202)
(-3.0981)
G1(0.0548)
(0.5183)
(-0.0250)
G2(-0.3368)
(0.3698)
(0.1655)
G3(-0.0037)
(0.3288)
(-0.0952)
G4(0.3235)
(1.8486)
(-0.8354)
A1(-1.3268)
(10.8638)
(-0.2251)
A2(4.2234)
(8.9304)
(3.7302)
A3(1.1588)
(8.0924)
(-5.2960)
A4(0.4022)
(8.0206)
(-1.4700)
G1(0.4353)
(2.0034)
(-0.5720)
G2(-0.2102)
(1.0887)
(0.4150)
G3(-0.0633)
(0.0532)
(-0.1054)
G4(0.8407)
(2.4882)
(-2.0220)
A1(0.2156)
(10.0256)
(0.4455)
A2(3.8786)
(8.1594)
(3.3950)
A3(1.4269)
(7.8817)
(-5.4205)
A4(-10.7021)
(9.6151)
(-3.2322)
G1(0.7460)
(1.7581)
(-0.5247)
G2(-0.0239)
(1.0791)
(0.6987)
G3(0.1096)
(0.5773)
(-0.4145)
G4(0.2272)
(5.0482)
(-4.3952)
A1(-1.8777)
(11.3237)
(0.4934)
A2(4.0127)
(7.8051)
(5.5881)
A3(1.4413)
(8.8442)
(-7.2305)
A4(-13.8864)
(19.9389)
(-5.1092)
G1(0.4975)
(3.3502)
(-1.4968)
G2(-0.0053)
(0.4635)
(1.1260)
G3(0.3272)
(0.0761)
(-0.4502)
G4(0.3602)
(-1.0706)
(-1.8113)
A1(0.3209)
(11.4482)
(6.9791)
A2(-0.6608)
(6.3782)
(8.9208)
A3(-1.8100)
(13.3836)
(-3.0694)
A4(6.5793)
(1.4269)
(-7.4077)
G1(-1.3234)
(2.9963)
(-1.3670)
G2(-0.1117)
(2.6520)
(0.6502)
G3(0.8849)
(0.9099)
(-0.7503)
G4(0.4715)
(-0.1815)
(-0.8423)
A1(-3.5350)
(20.6690)
(0.6658)
A2(5.9903)
(4.4293)
(7.6327)
A3(-1.1061)
(25.1200)
(11.4874)
A4(-6.8331)
(0.5267)
(-11.1522)
G1(-8.2132)
(2.5887)
(0.1660)
G2(0.2687)
(0.2070)
(-0.1027)
G3(3.2991)
(-0.3767)
(-1.0227)
G4(1.2680)
(-0.0644)
(-1.7432)
A1(-8.4832)
(9.4699)
(13.8145)
A2(0.1867)
(14.1258)
(7.4986)
A3(3.2753)
(20.4992)
(-7.9535)
A4(-1.1349)
(10.2951)
(-8.9735)
G1(-7.8205)
(4.1824)
(0.3954)
G2(1.3494)
(2.1891)
(-1.1818)
G3(3.5753)
(3.1352)
(-3.9334)
G4(0.1825)
(2.0534)
(-1.1116)
A1(-12.5212)
(22.9730)
(17.4214)
A2(-9.3757)
(10.0030)
(0.8763)
A3(35.8268)
(16.2901)
(-14.5089)
A4(-7.3502)
(10.3477)
(-4.3239)
G1(-7.7486)
(3.4438)
(1.5314)
G2(0.6226)
(1.3973)
(0.5310)
G3(0.0277)
(-1.6027)
(-1.3372)
G4(0.1857)
(4.5943)
(-1.0562)
A1(-7.3096)
(6.6677)
(15.2275)
A2(-2.7773)
(9.5289)
(5.8562)
A3(17.1233)
(-2.7007)
(-23.1232)
A4(-1.8675)
(24.3825)
(2.6911)
G1(-6.3699)
(9.5605)
(0.4688)
G2(1.9252)
(7.8439)
(1.5346)
G3(-0.5470)
(-2.2200)
(-5.5627)
G4(1.4298)
(8.4340)
(-3.1219)
A1(9.3502)
(10.9644)
(-24.2041)
A2(-13.5272)
(12.6079)
(6.7181)
A3(16.3093)
(-8.3031)
(-3.9887)
A4(12.2727)
(3.1843)
(-1.4605)
G1(0.2868)
(8.8703)
(-2.7414)
G2(1.0419)
(4.7943)
(2.2365)
G3(6.5168)
(-8.5681)
(-8.4398)
G4(-2.2796)
(4.3851)
(-2.7042)
A1(1.6957)
(-0.4934)
(8.4975)
A2(-11.3389)
(3.9840)
(19.9724)
A3(7.7333)
(-4.3718)
(3.7397)
A4(4.1515)
(16.5008)
(4.1180)
G1(2.4855)
(0.0511)
(-0.7210)
G2(-0.1107)
(8.1780)
(2.9788)
G3(1.5032)
(-7.3910)
(-7.0244)
G4(-1.9310)
(-1.6549)
(1.0312)
A1(-1.2789)
(6.1792)
(-2.2896)
A2(40.8786)
(-1.9632)
(-1.1588)
A3(-32.9251)
(29.0273)
(-50.0245)
A4(2.7725)
(6.5314)
(-2.6097)
G1(-0.6497)
(-5.9543)
(2.0832)
G2(2.1710)
(-3.9568)
(1.6346)
G3(5.5382)
(-0.9738)
(-7.3203)
G4(-0.1330)
(0.2006)
(0.3496)
A1(-11.5584)
(-0.0862)
(0.4838)
A2(-23.2429)
(-2.0542)
(-11.2719)
A3(54.9996)
(-32.1158)
(17.2047)
A4(1.3264)
(5.3726)
(-5.4540)
G1(-0.1948)
(0.6784)
(1.6517)
G2(-2.3046)
(-0.8594)
(2.0987)
G3(-1.5729)
(-3.9924)
(4.1249)
G4(0.0937)
(0.6098)
(0.2692)
A1(-8.5167)
(5.3361)
(3.2524)
A2(6.6128)
(6.2632)
(-0.4214)
A3(-8.0302)
(-9.6917)
(-6.2920)
A4(0.3831)
(11.5975)
(-1.6807)
G1(-0.0245)
(-4.8789)
(2.8420)
G2(-0.0793)
(-1.1754)
(0.2150)
G3(0.9855)
(2.0614)
(3.6226)
G4(0.3704)
(-0.3693)
(-0.0101)
A1(-18.0920)
(5.7959)
(-0.3640)
A2(-1.1205)
(8.4851)
(0.3448)
A3(-2.7054)
(-1.9154)
(-2.6719)
A4(1.2594)
(9.0453)
(-6.9145)
G1(0.2219)
(-2.6669)
(2.5126)
G2(0.4390)
(-0.3831)
(0.3948)
G3(0.1235)
(4.6730)
(0.0059)
G4(0.2277)
(-0.1383)
(0.2905)
A1(-4.0859)
(4.8284)
(4.7134)
A2(2.0016)
(10.1897)
(4.7405)
A3(-7.2544)
(-4.0941)
(-12.1865)
A4(2.4181)
(9.0644)
(-5.0709)
G1(0.8604)
(-0.3097)
(1.5884)
G2(-0.3996)
(-0.8285)
(-0.1373)
G3(-1.7363)
(3.1230)
(-0.1852)
G4(-0.2517)
(-0.1527)
(0.0915)
A1(-7.4581)
(8.0089)
(0.1150)
A2(0.1484)
(11.7364)
(2.1452)
A3(-6.4787)
(-0.6752)
(-9.6774)
A4(1.2833)
(9.5289)
(-4.6735)
G1(0.4943)
(-1.1871)
(1.8661)
G2(-0.1016)
(-0.2937)
(0.0835)
G3(-1.4638)
(3.3294)
(-1.3771)
G4(-0.1527)
(-0.3097)
(0.0825)
A1(-7.0414)
(7.0893)
(0.7377)
A2(3.4189)
(9.2560)
(0.4022)
A3(-2.0303)
(0.8667)
(-9.7827)
A4(1.1349)
(8.9543)
(-4.5729)
G1(0.8338)
(-0.6497)
(1.1302)
G2(0.4347)
(0.0958)
(-0.0937)
G3(-1.8539)
(1.6426)
(-0.9940)
G4(-0.2081)
(0.1336)
(0.0229)
A1(-6.1217)
(6.9791)
(2.9602)
A2(0.7087)
(10.5105)
(1.9824)
A3(-0.5698)
(1.3264)
(-9.0884)
A4(1.1636)
(8.7628)
(-4.7214)
G1(0.6630)
(-0.8242)
(1.0275)
G2(0.3368)
(-0.5071)
(-0.0564)
G3(-2.8931)
(1.1547)
(-0.2533)
G4(-0.2474)
(-0.1830)
(0.0963)
A1(-5.1301)
(7.6066)
(1.9064)
A2(0.4932)
(9.1506)
(1.0391)
A3(0.2442)
(4.0462)
(-9.1219)
A4(0.8380)
(9.0166)
(-4.3670)
G1(1.6863)
(-0.7843)
(1.2180)
G2(0.1410)
(-0.0138)
(0.0021)
G3(-2.9043)
(0.7104)
(-0.4310)
G4(-0.1580)
(-0.1431)
(0.1580)
