A1(-2.6441)
(8.3634)
(-3.4201)
A2(3.4860)
(8.0397)
(3.8834)
A3(2.7869)
(8.2935)
(-5.9951)
A4(10.0317)
(8.8011)
(-3.1077)
G1(0.2081)
(1.2286)
(-0.2251)
G2(0.1506)
(0.0133)
(0.0926)
G3(0.0569)
(0.1894)
(-0.1900)
G4(-0.0341)
(2.3450)
(-1.1089)
A1(-0.9484)
(9.9441)
(2.6872)
A2(4.6064)
(12.3541)
(1.2929)
A3(1.9441)
(7.6184)
(-6.3925)
A4(-1.5802)
(9.3326)
(0.4453)
G1(0.5805)
(2.0848)
(-0.3081)
G2(-0.9658)
(0.9104)
(-0.2091)
G3(-0.4055)
(0.4017)
(-0.4629)
G4(1.1435)
(5.1519)
(-3.2927)
A1(-1.0490)
(7.3671)
(-0.6898)
A2(8.6000)
(6.0286)
(2.9736)
A3(0.9002)
(9.6774)
(-4.1994)
A4(2.4948)
(5.5929)
(-0.8715)
G1(0.4257)
(0.5252)
(-0.2810)
G2(0.2501)
(0.8817)
(1.0515)
G3(-0.3363)
(0.2655)
(-0.4166)
G4(0.4097)
(5.7740)
(-3.3757)
A1(0.5556)
(13.4935)
(4.3685)
A2(-4.2138)
(5.5641)
(8.2265)
A3(-2.8491)
(12.7707)
(0.8954)
A4(-0.3496)
(-0.9864)
(-5.8371)
G1(-1.4697)
(3.4683)
(-1.3755)
G2(0.1830)
(1.8097)
(0.9849)
G3(0.8817)
(0.8466)
(-0.3437)
G4(1.9635)
(1.2638)
(-0.3879)
A1(1.7388)
(19.0021)
(5.8534)
A2(3.8690)
(5.4348)
(8.0349)
A3(-1.5036)
(26.1112)
(12.2296)
A4(5.4396)
(-4.3670)
(2.4660)
G1(-8.4494)
(3.9653)
(-2.0119)
G2(0.5060)
(1.2563)
(1.0711)
G3(3.9238)
(1.7256)
(-0.6321)
G4(-0.5784)
(0.3161)
(-0.3304)
A1(-4.8044)
(9.8435)
(8.6843)
A2(3.3136)
(14.4131)
(12.3637)
A3(3.7254)
(18.4689)
(-11.1713)
A4(-0.1197)
(7.3215)
(-8.3270)
G1(-6.4162)
(2.7547)
(0.0133)
G2(2.0061)
(1.1542)
(-0.3555)
G3(4.5895)
(1.6831)
(-2.6967)
G4(0.3996)
(2.4275)
(-0.6545)
A1(-5.8151)
(19.5386)
(8.0568)
A2(-1.4509)
(0.3879)
(3.1795)
A3(34.5675)
(12.6462)
(-11.8082)
A4(-4.1755)
(12.4546)
(-1.0343)
G1(-6.0938)
(2.7680)
(0.5912)
G2(0.9280)
(-0.2767)
(1.5766)
G3(0.3597)
(-0.8072)
(-0.7721)
G4(0.0899)
(4.2670)
(-0.6433)
A1(-6.5336)
(8.6125)
(8.7035)
A2(-9.9599)
(19.0147)
(3.8451)
A3(15.6868)
(3.0167)
(-22.3187)
A4(-3.6919)
(28.1127)
(11.4299)
G1(-5.7995)
(6.4455)
(-0.2634)
G2(2.4302)
(7.0042)
(0.0474)
G3(2.3370)
(-2.2104)
(-3.9265)
G4(1.8842)
(6.6658)
(-3.3507)
A1(6.1504)
(4.9194)
(4.8858)
A2(-9.2799)
(11.8944)
(5.4875)
A3(16.8648)
(-3.1939)
(-2.8252)
A4(4.5011)
(-1.3647)
(-7.0773)
G1(2.4584)
(3.0575)
(-1.9582)
G2(1.3356)
(4.2197)
(0.9881)
G3(7.6986)
(-9.9585)
(-4.7597)
G4(-1.6778)
(5.4951)
(-2.7367)
A1(-21.2055)
(3.2476)
(10.5429)
A2(6.9863)
(6.1244)
(16.1752)
A3(6.6224)
(-10.1275)
(10.0987)
A4(-3.5913)
(11.4539)
(-0.0622)
G1(0.4800)
(-0.0383)
(1.7491)
G2(-0.3288)
(14.6640)
(2.6568)
G3(-6.1901)
(-3.8137)
(-4.4602)
G4(-0.8759)
(1.7927)
(-0.7327)
A1(12.9618)
(3.4871)
(9.1154)
A2(17.9038)
(2.3415)
(9.5960)
A3(3.3471)
(-13.2016)
(2.2218)
A4(4.0654)
(7.7428)
(-2.3415)
G1(-1.1866)
(5.3908)
(-0.8466)
G2(2.4706)
(1.2755)
(0.3118)
G3(-4.3889)
(-2.2636)
(-6.8275)
G4(-0.6566)
(-2.8447)
(1.7224)
A1(-33.1231)
(4.0667)
(-5.5564)
A2(-10.2185)
(2.3367)
(1.6185)
A3(17.4777)
(-55.8041)
(26.6714)
A4(11.5448)
(15.6677)
(-1.3024)
G1(-1.4995)
(-1.0568)
(2.5861)
G2(0.6678)
(0.2352)
(-0.6502)
G3(-4.1223)
(1.5724)
(8.9842)
G4(-0.4550)
(0.5146)
(1.5107)
A1(-8.9574)
(6.5097)
(3.0896)
A2(2.0207)
(3.2896)
(-0.3352)
A3(-11.2480)
(-10.5728)
(-3.9361)
A4(0.1006)
(8.0972)
(-7.0246)
G1(1.7294)
(-4.5118)
(1.8784)
G2(0.4736)
(-1.6671)
(0.3118)
G3(2.5233)
(4.1217)
(2.7404)
G4(-0.0894)
(-0.6508)
(0.3852)
A1(-8.7370)
(1.2550)
(-0.3832)
A2(1.7142)
(18.7418)
(10.2424)
A3(-5.1523)
(-5.1858)
(-6.5505)
A4(1.3120)
(8.6191)
(-4.8698)
G1(-0.2677)
(-0.0846)
(2.0311)
G2(-0.4406)
(1.8049)
(0.5779)
G3(-2.7436)
(6.3098)
(0.6939)
G4(-0.0623)
(0.2613)
(-0.0282)
A1(-8.4017)
(6.1073)
(3.3243)
A2(3.9217)
(12.8712)
(1.7095)
A3(-1.6089)
(-3.3232)
(-8.3606)
A4(0.0144)
(9.6007)
(-3.9409)
G1(1.4080)
(-1.5900)
(1.9220)
G2(-0.0979)
(-0.8764)
(-0.0788)
G3(-4.1632)
(2.2115)
(-0.8902)
G4(-0.1415)
(0.0468)
(0.0788)
A1(-7.6305)
(7.5731)
(3.5734)
A2(0.0766)
(7.7907)
(0.5459)
A3(-1.8914)
(0.6656)
(-7.3981)
A4(0.4310)
(8.6718)
(-4.5298)
G1(2.2625)
(-0.0021)
(2.2061)
G2(0.2692)
(-0.2831)
(-0.1990)
G3(-3.0437)
(1.6905)
(-2.3168)
G4(-0.1426)
(0.1783)
(0.1149)
A1(-4.9290)
(9.6280)
(0.9676)
A2(-0.5746)
(8.7436)
(-0.1820)
A3(1.9058)
(3.6009)
(-12.9718)
A4(0.2969)
(9.2847)
(-3.3184)
G1(2.8947)
(-0.4459)
(1.4553)
G2(-0.1538)
(-0.8508)
(0.1559)
G3(-3.8238)
(-0.0090)
(-0.8040)
G4(-0.0096)
(-0.2208)
(0.3464)
A1(-6.7875)
(5.4319)
(0.3305)
A2(2.6815)
(9.3853)
(0.7661)
A3(-3.1364)
(11.8178)
(-8.7053)
A4(0.0670)
(8.8442)
(-4.6735)
G1(1.6394)
(0.1884)
(1.0775)
G2(-0.2198)
(-0.4044)
(0.1655)
G3(-3.5268)
(1.9566)
(-0.6252)
G4(0.0665)
(-0.2006)
(0.5284)
A1(-4.7038)
(9.2639)
(3.1997)
A2(1.7621)
(8.6335)
(2.2458)
A3(-5.1284)
(11.3198)
(-4.1180)
A4(1.1444)
(9.1171)
(-4.9943)
G1(-0.2299)
(0.3560)
(1.1669)
G2(-0.2331)
(-1.3846)
(0.3177)
G3(-3.2954)
(1.0217)
(-0.7210)
G4(0.0633)
(-0.0229)
(0.5678)
A1(-5.3409)
(8.0521)
(-3.5111)
A2(-1.0439)
(9.3805)
(0.8715)
A3(-16.2518)
(11.9519)
(-7.2592)
A4(2.2027)
(8.6622)
(-6.2680)
G1(0.5848)
(-0.5731)
(0.0085)
G2(-0.4576)
(-0.2517)
(0.3155)
G3(-0.7327)
(-0.7875)
(0.5598)
G4(0.0543)
(0.1357)
(0.5731)
