A1(-2.7830)
(7.8269)
(-2.0022)
A2(3.1651)
(8.3318)
(2.7438)
A3(1.5897)
(8.4659)
(-5.8083)
A4(6.8187)
(9.7827)
(-1.6520)
G1(0.2485)
(0.2421)
(0.0218)
G2(-0.0436)
(0.0096)
(0.0442)
G3(-0.0372)
(-0.0442)
(0.0282)
G4(0.5305)
(2.4286)
(-1.0892)
A1(-3.8608)
(8.9957)
(-0.9724)
A2(2.9784)
(9.3470)
(2.7198)
A3(2.4181)
(7.7476)
(-5.9089)
A4(3.6344)
(9.6438)
(-1.6424)
G1(0.0639)
(1.5985)
(-0.3799)
G2(-0.3108)
(0.0016)
(0.0069)
G3(-0.1878)
(-0.1852)
(0.0415)
G4(0.9200)
(1.7959)
(-1.0962)
A1(-1.5184)
(9.0005)
(1.7771)
A2(4.6208)
(8.3222)
(1.8435)
A3(1.7573)
(9.3087)
(-2.6432)
A4(6.2393)
(10.4914)
(5.4923)
G1(-0.0846)
(1.5192)
(-0.3070)
G2(-0.1421)
(1.4287)
(0.6540)
G3(-0.0357)
(0.7263)
(-0.2911)
G4(-0.2469)
(7.9774)
(-5.3536)
A1(-0.6658)
(9.8819)
(0.8430)
A2(6.5218)
(5.7748)
(4.9512)
A3(0.4262)
(10.2424)
(-3.0454)
A4(17.7027)
(5.7365)
(-4.6543)
G1(-0.7045)
(2.4046)
(-0.9626)
G2(-0.9275)
(0.8062)
(1.0233)
G3(0.3278)
(0.9732)
(-0.3629)
G4(2.8346)
(2.0385)
(-0.6646)
A1(-2.0980)
(6.2079)
(7.5443)
A2(-1.9106)
(5.5881)
(10.2137)
A3(0.0718)
(16.3380)
(3.8547)
A4(-1.5850)
(4.4005)
(-4.0701)
G1(-4.8321)
(3.2092)
(-0.7098)
G2(-1.2872)
(4.6315)
(-0.0149)
G3(2.1396)
(0.1304)
(-0.4746)
G4(0.0160)
(-1.8369)
(0.5289)
A1(-5.3792)
(14.2552)
(1.9783)
A2(12.6558)
(7.0390)
(3.9696)
A3(4.1994)
(25.1391)
(11.4108)
A4(-0.1963)
(3.4955)
(-3.7685)
G1(-7.7582)
(1.0924)
(-1.4372)
G2(0.9301)
(4.2106)
(-0.1559)
G3(3.5370)
(-0.0553)
(-0.9775)
G4(0.8737)
(0.4284)
(-0.4395)
A1(-1.2837)
(12.7032)
(12.4972)
A2(-1.4030)
(11.1809)
(0.9385)
A3(14.8201)
(14.2168)
(-1.7765)
A4(-3.9409)
(10.2999)
(-6.3063)
G1(-7.7577)
(5.0466)
(-1.1962)
G2(1.3159)
(1.6331)
(0.2261)
G3(4.0132)
(7.7704)
(-7.0558)
G4(0.1006)
(1.7714)
(-0.5241)
A1(-2.6537)
(15.8023)
(18.8871)
A2(-7.0773)
(6.2249)
(4.4436)
A3(30.9762)
(17.1521)
(-16.0938)
A4(-4.0175)
(8.0637)
(-7.0294)
G1(-5.6590)
(1.3819)
(0.1378)
G2(1.4383)
(4.5384)
(-0.6321)
G3(1.4521)
(3.5950)
(-3.8312)
G4(0.0144)
(2.8872)
(-0.4406)
A1(1.0969)
(14.5952)
(8.4688)
A2(-5.0661)
(10.8314)
(4.9656)
A3(8.8298)
(3.3998)
(-20.8152)
A4(-5.8706)
(9.1411)
(-2.8443)
G1(-3.2310)
(6.6860)
(-0.9541)
G2(1.3223)
(4.0755)
(0.3975)
G3(3.2352)
(-4.0909)
(-5.1253)
G4(0.7694)
(10.3602)
(-5.7904)
A1(2.8070)
(11.3428)
(0.2060)
A2(-3.2226)
(9.7109)
(2.5426)
A3(14.8536)
(-5.1284)
(-7.5322)
A4(-1.9297)
(1.3120)
(-3.8547)
G1(-0.5369)
(5.1391)
(-0.8216)
G2(1.1004)
(4.4272)
(1.2420)
G3(5.3105)
(-6.8552)
(-6.9238)
G4(-0.8359)
(7.6183)
(-4.3170)
A1(-14.6623)
(9.1394)
(17.8237)
A2(-5.0470)
(4.5346)
(13.4315)
A3(8.0158)
(-8.7628)
(6.2680)
A4(-2.7150)
(14.4083)
(4.8507)
G1(2.8117)
(2.5706)
(-0.6518)
G2(-0.0213)
(11.9199)
(2.1285)
G3(-0.6960)
(-6.0560)
(-5.4834)
G4(-0.8764)
(-0.9903)
(0.9057)
A1(6.0307)
(0.5796)
(2.1411)
A2(7.7859)
(6.6511)
(1.6807)
A3(-3.4141)
(-20.8152)
(6.5793)
A4(-0.0383)
(6.8139)
(0.3352)
G1(-2.4775)
(1.9672)
(1.2670)
G2(2.6622)
(6.6376)
(1.2925)
G3(-4.5559)
(-3.0937)
(-6.2811)
G4(-0.0149)
(3.6652)
(-0.5678)
A1(-14.8252)
(0.5892)
(-0.9101)
A2(-2.4517)
(11.4156)
(5.0949)
A3(36.6983)
(-52.5048)
(22.0458)
A4(3.3184)
(12.5073)
(-4.0175)
G1(-0.6886)
(0.6460)
(0.1586)
G2(0.2368)
(0.5577)
(-0.8982)
G3(5.2791)
(0.4816)
(1.6432)
G4(0.0282)
(-1.0131)
(0.4874)
A1(-5.5804)
(6.5815)
(-2.0358)
A2(1.5754)
(1.8292)
(1.5754)
A3(-4.3670)
(16.6253)
(-5.0422)
A4(1.7957)
(7.4699)
(-3.9265)
G1(-0.1192)
(1.7496)
(3.4247)
G2(0.6694)
(2.2567)
(1.1611)
G3(-6.7206)
(-3.6758)
(4.9502)
G4(0.1985)
(-0.2155)
(0.2070)
A1(-9.2160)
(6.3851)
(-0.4503)
A2(-1.1636)
(12.0907)
(1.7957)
A3(-3.3902)
(-4.8076)
(-5.7461)
A4(0.1101)
(9.9216)
(-4.6208)
G1(0.1426)
(-0.3076)
(2.0609)
G2(-0.0580)
(-1.1930)
(0.2543)
G3(-1.0302)
(4.7108)
(-0.1799)
G4(0.1070)
(-0.0394)
(0.1064)
A1(-10.7536)
(5.7816)
(0.0862)
A2(1.3360)
(7.5465)
(0.2346)
A3(-4.8794)
(-3.3758)
(-12.2775)
A4(0.9577)
(9.0070)
(-4.4101)
G1(0.6987)
(-1.2835)
(1.8831)
G2(-0.0452)
(-0.1607)
(0.4097)
G3(-2.5541)
(4.0451)
(0.7881)
G4(-0.0436)
(-0.7013)
(0.2836)
A1(-9.1633)
(6.6007)
(0.4886)
A2(0.1293)
(9.5624)
(0.2251)
A3(-8.7101)
(2.6240)
(-9.8402)
A4(0.3352)
(8.8729)
(-4.9656)
G1(1.2185)
(-1.2866)
(1.4857)
G2(-0.2134)
(-0.6242)
(0.0314)
G3(-2.8159)
(2.3636)
(-0.3081)
G4(-0.0788)
(0.0213)
(0.1362)
A1(-6.8593)
(6.7971)
(2.2705)
A2(1.5467)
(9.1650)
(0.3926)
A3(-3.1316)
(-0.1580)
(-8.7771)
A4(0.5938)
(8.8585)
(-4.5633)
G1(1.1627)
(-0.8163)
(1.0562)
G2(-0.2464)
(-0.7593)
(-0.1293)
G3(-2.8926)
(1.9662)
(-0.6561)
G4(-0.1687)
(-0.1564)
(0.1591)
A1(-6.8450)
(7.8652)
(-0.0862)
A2(0.0192)
(9.9599)
(0.8236)
A3(-1.1732)
(4.1563)
(-9.4140)
A4(1.1253)
(9.7636)
(-3.8307)
G1(2.1141)
(-0.9684)
(1.1291)
G2(-0.0617)
(-0.6407)
(0.1628)
G3(-2.7611)
(0.5507)
(-0.3757)
G4(-0.1128)
(-0.3507)
(0.2788)
A1(-6.5240)
(8.2772)
(2.5579)
A2(0.9002)
(9.1842)
(0.7901)
A3(0.3974)
(4.0845)
(-10.0173)
A4(1.0247)
(8.7771)
(-4.0893)
G1(1.9129)
(-0.3288)
(1.0264)
G2(-0.2182)
(-0.2272)
(-0.0181)
G3(-2.9197)
(0.6135)
(-0.1442)
G4(-0.0415)
(-0.0857)
(0.4097)
