A1(-2.5100)
(8.1862)
(2.0501)
A2(2.2122)
(9.4475)
(0.2969)
A3(-1.6137)
(8.9352)
(-3.2370)
A4(0.5219)
(7.8578)
(-6.4931)
G1(0.2214)
(0.5779)
(-0.0122)
G2(-0.0516)
(0.1692)
(-0.0495)
G3(0.0803)
(0.1453)
(-0.1101)
G4(0.0069)
(-0.0442)
(-0.0112)
A1(-3.7937)
(8.5981)
(1.2119)
A2(2.7916)
(9.0692)
(0.4980)
A3(-2.0782)
(9.4044)
(-2.1691)
A4(-0.3208)
(8.2169)
(-6.4787)
G1(-0.6577)
(0.3996)
(0.2373)
G2(-0.1426)
(0.0809)
(-0.0750)
G3(0.0325)
(0.3581)
(-0.1453)
G4(0.0591)
(0.3336)
(-0.0420)
A1(-1.5520)
(8.7179)
(4.1913)
A2(1.9441)
(9.1698)
(0.4932)
A3(0.2011)
(10.3908)
(-0.2873)
A4(1.5275)
(7.9248)
(-6.4548)
G1(-1.9374)
(-0.9796)
(-0.0043)
G2(-0.0857)
(0.1692)
(0.0085)
G3(0.7050)
(-0.4672)
(0.0564)
G4(0.0580)
(0.3421)
(-0.0878)
A1(-1.7292)
(8.9717)
(2.6441)
A2(2.6145)
(9.5337)
(1.7717)
A3(-8.1259)
(8.1690)
(-7.3071)
A4(-0.5698)
(7.9871)
(-6.3111)
G1(0.3416)
(-2.3179)
(-1.5362)
G2(-0.1937)
(0.3241)
(-0.0208)
G3(0.4864)
(-2.7723)
(1.4367)
G4(0.1666)
(-0.4800)
(0.2975)
A1(1.7005)
(6.0498)
(7.5874)
A2(4.6304)
(8.9208)
(1.0726)
A3(7.7524)
(4.8842)
(-2.1787)
A4(-1.5802)
(9.0836)
(-6.1483)
G1(0.1889)
(-4.0621)
(-0.6779)
G2(-0.0069)
(-0.1070)
(0.0686)
G3(-0.8514)
(-2.9633)
(3.7535)
G4(0.2134)
(-0.3682)
(0.5422)
A1(-8.2005)
(11.4482)
(11.3284)
A2(1.0151)
(9.8497)
(2.9353)
A3(-9.5193)
(14.2934)
(1.7430)
A4(2.2697)
(19.4409)
(4.0079)
G1(2.1274)
(0.5220)
(0.2246)
G2(0.2256)
(-2.3918)
(0.0617)
G3(-1.2292)
(-10.0500)
(4.5831)
G4(1.7916)
(-2.3482)
(2.1034)
A1(-0.4215)
(12.0948)
(5.0295)
A2(1.0439)
(9.3853)
(2.3655)
A3(-5.3870)
(17.8943)
(-2.6240)
A4(-8.8490)
(8.9064)
(-8.4276)
G1(1.9821)
(-5.4675)
(0.6055)
G2(0.0553)
(-2.6164)
(0.2347)
G3(-0.1735)
(1.5586)
(0.0718)
G4(1.1222)
(-2.1439)
(4.8614)
A1(6.1360)
(10.8973)
(4.7469)
A2(0.2011)
(7.9871)
(9.8114)
A3(8.3031)
(7.5705)
(-6.7325)
A4(-27.2939)
(11.2815)
(-23.4967)
G1(1.8241)
(-5.5909)
(-1.0222)
G2(-3.5199)
(-3.8701)
(1.7991)
G3(0.1123)
(-1.0435)
(0.5529)
G4(-0.7875)
(0.1889)
(4.8683)
A1(7.2377)
(12.7511)
(6.7492)
A2(6.7229)
(19.1392)
(-2.4612)
A3(7.8961)
(8.5521)
(-3.1556)
A4(-3.1125)
(4.2952)
(-18.4114)
G1(2.0641)
(-6.7929)
(-1.6325)
G2(-6.1651)
(-8.6309)
(-2.6632)
G3(-0.3214)
(-2.2663)
(0.6481)
G4(0.0702)
(4.5198)
(8.7405)
A1(-10.0543)
(8.6700)
(2.6106)
A2(-2.7533)
(19.9964)
(11.7268)
A3(7.3789)
(11.1426)
(-2.9784)
A4(-2.8156)
(-4.9895)
(-3.2609)
G1(-0.3006)
(-8.7650)
(-1.3154)
G2(-8.4585)
(-4.5288)
(-0.0803)
G3(-0.2293)
(-4.7401)
(1.2946)
G4(0.0628)
(6.0193)
(4.9870)
A1(0.7904)
(4.0093)
(12.5260)
A2(15.0212)
(4.8554)
(10.9223)
A3(10.6398)
(8.0349)
(-2.0111)
A4(-6.0765)
(-8.9208)
(-2.5809)
G1(0.5640)
(-1.9252)
(-0.1942)
G2(-5.2892)
(-5.5122)
(-0.9440)
G3(-0.6534)
(-7.2681)
(2.3727)
G4(-2.9367)
(4.0691)
(3.9339)
A1(-1.5903)
(5.1014)
(1.4131)
A2(-1.9058)
(10.2520)
(6.2872)
A3(-21.8303)
(17.0515)
(-4.1372)
A4(3.3567)
(53.4721)
(-60.6643)
G1(0.2671)
(-1.4771)
(-0.1618)
G2(-2.6201)
(-5.4318)
(1.6783)
G3(-1.0632)
(-1.5538)
(0.0016)
G4(2.0497)
(5.0189)
(0.8381)
A1(-1.3460)
(9.6615)
(0.6802)
A2(1.5419)
(2.0016)
(-18.9046)
A3(-7.8578)
(10.5680)
(-3.3184)
A4(3.1556)
(22.0458)
(-7.9823)
G1(-0.0644)
(1.8635)
(-0.0537)
G2(-0.2634)
(-1.6900)
(0.6524)
G3(-0.1107)
(-0.3453)
(-0.1618)
G4(0.1309)
(-0.3278)
(-3.6258)
A1(-0.7760)
(11.3237)
(1.0873)
A2(0.9002)
(3.5578)
(-2.8108)
A3(0.8236)
(9.4906)
(-3.6200)
A4(5.9185)
(-4.1372)
(-5.8275)
G1(-0.0415)
(1.3218)
(0.0591)
G2(-1.6437)
(1.2643)
(-0.6960)
G3(0.2740)
(2.0949)
(-0.5342)
G4(1.0467)
(-5.6542)
(-1.2542)
A1(0.9149)
(10.5956)
(2.5387)
A2(7.1635)
(1.1636)
(3.9792)
A3(3.5051)
(8.7580)
(-5.1906)
A4(2.2218)
(-0.1484)
(-8.5042)
G1(0.7285)
(1.4149)
(0.2900)
G2(-0.9179)
(4.3873)
(-1.9608)
G3(0.1942)
(0.9371)
(-0.3177)
G4(-4.5006)
(-4.9683)
(-2.9894)
A1(0.4359)
(10.9357)
(2.0453)
A2(14.9829)
(3.6344)
(1.3024)
A3(1.6664)
(8.1451)
(-3.4141)
A4(-2.3415)
(7.4508)
(-9.8402)
G1(0.7609)
(1.4575)
(-0.3629)
G2(1.7123)
(3.2251)
(-2.1465)
G3(-0.3155)
(0.1623)
(-0.4044)
G4(-3.8152)
(-0.0021)
(0.2118)
A1(-2.1890)
(9.0819)
(-0.0671)
A2(5.2625)
(4.7405)
(7.8913)
A3(0.6656)
(9.2225)
(-3.0742)
A4(3.4046)
(4.9752)
(-9.1650)
G1(-0.1719)
(1.2680)
(-0.1304)
G2(1.1706)
(1.1935)
(-1.2691)
G3(-0.1697)
(0.3613)
(-0.3852)
G4(-3.8828)
(-1.2169)
(0.3895)
A1(0.5988)
(8.0904)
(1.1304)
A2(12.4115)
(4.3048)
(0.7518)
A3(0.6177)
(8.8921)
(-3.9313)
A4(4.2186)
(12.2296)
(-8.6048)
G1(-0.0521)
(-0.0585)
(-0.2916)
G2(2.0806)
(1.3133)
(-2.1721)
G3(-0.0984)
(0.7758)
(-0.3368)
G4(-3.1506)
(-1.2271)
(0.9493)
A1(-2.7543)
(11.2087)
(-1.2406)
A2(8.3893)
(8.9974)
(4.0749)
A3(0.4645)
(10.0509)
(-1.2737)
A4(3.9313)
(26.0729)
(-1.9537)
G1(-0.2293)
(0.1527)
(-0.1602)
G2(2.5776)
(-0.6582)
(-1.6086)
G3(0.4693)
(-0.0388)
(-0.1591)
G4(-3.1778)
(1.3250)
(-0.2102)
A1(-1.2119)
(12.8852)
(0.9436)
A2(9.2751)
(6.3351)
(3.0358)
A3(-0.2298)
(8.2791)
(-5.8227)
A4(7.0006)
(14.7291)
(-9.6726)
G1(0.6460)
(0.5444)
(-0.6838)
G2(0.6758)
(-0.5438)
(-0.5688)
G3(0.3315)
(-0.2081)
(-0.2964)
G4(-0.9381)
(-0.8796)
(-0.2512)
