A1(-2.2896)
(6.2510)
(3.7219)
A2(2.7629)
(9.0022)
(-0.0862)
A3(-0.5650)
(10.0126)
(-1.7334)
A4(0.6704)
(8.4276)
(-6.4308)
G1(-2.4344)
(-1.0286)
(-0.6641)
G2(-0.1740)
(-0.0580)
(0.0458)
G3(0.6082)
(-0.2549)
(0.2522)
G4(0.1208)
(-0.4720)
(0.2240)
A1(-0.9724)
(7.0749)
(4.2967)
A2(2.1931)
(9.2799)
(-0.6847)
A3(-6.0478)
(9.4284)
(-3.3998)
A4(-0.0287)
(8.3893)
(-7.2209)
G1(-0.5140)
(-2.6164)
(-1.6597)
G2(-0.3065)
(-1.0264)
(0.0122)
G3(0.5374)
(-2.0289)
(1.6107)
G4(0.1048)
(-1.0674)
(0.4182)
A1(1.5807)
(7.4725)
(10.4710)
A2(3.3327)
(9.3661)
(-0.7566)
A3(-1.6376)
(7.1778)
(-3.8499)
A4(-0.3926)
(9.8067)
(-2.5235)
G1(-0.1799)
(-1.9667)
(-0.7295)
G2(-0.2139)
(-0.7827)
(0.0314)
G3(0.8961)
(-2.0263)
(2.1332)
G4(0.3964)
(-1.2036)
(0.5598)
A1(-6.7108)
(13.2588)
(13.8001)
A2(2.7964)
(9.5768)
(1.9824)
A3(-2.5953)
(11.1666)
(2.0111)
A4(-0.7135)
(17.7985)
(5.3534)
G1(1.9656)
(2.0279)
(0.1032)
G2(0.8785)
(-2.0513)
(0.2384)
G3(-3.1278)
(-10.2597)
(4.1590)
G4(2.2311)
(-1.8512)
(2.2812)
A1(0.8909)
(14.2695)
(3.7075)
A2(-1.2689)
(9.6247)
(3.8834)
A3(-4.9704)
(34.3807)
(13.1011)
A4(-0.7709)
(14.2168)
(-6.7756)
G1(2.7840)
(-6.7568)
(0.7130)
G2(0.2017)
(-1.6421)
(0.6444)
G3(1.1930)
(2.3647)
(-0.2953)
G4(2.3801)
(-3.1171)
(4.8513)
A1(0.3928)
(10.1309)
(-0.7808)
A2(4.0366)
(14.6477)
(4.9608)
A3(-1.0056)
(1.6855)
(-5.9999)
A4(-18.1528)
(29.1135)
(-14.9638)
G1(1.7075)
(-3.2198)
(-1.0637)
G2(-0.6604)
(-2.2029)
(1.4580)
G3(0.7748)
(-0.2410)
(0.0984)
G4(2.7659)
(-5.1732)
(9.5860)
A1(11.3668)
(10.8399)
(8.0233)
A2(-2.1787)
(11.1857)
(10.4770)
A3(7.1922)
(8.2361)
(-4.1420)
A4(-11.7507)
(-2.6240)
(-21.2701)
G1(2.2349)
(-7.8880)
(-2.1226)
G2(-7.3554)
(-2.5302)
(1.4287)
G3(-0.5385)
(-0.3996)
(0.2826)
G4(0.1426)
(3.2214)
(7.1633)
A1(1.9831)
(6.7156)
(20.2571)
A2(-4.6926)
(16.7163)
(21.5909)
A3(13.3453)
(11.9614)
(2.1644)
A4(-7.3789)
(-5.7413)
(-8.3222)
G1(-1.2153)
(-7.7438)
(-0.8631)
G2(-8.7070)
(-3.9919)
(2.4823)
G3(-0.8258)
(-5.9378)
(1.1547)
G4(1.9949)
(7.5081)
(6.0161)
A1(-19.2368)
(0.9005)
(-10.7249)
A2(9.6007)
(26.2788)
(10.9846)
A3(9.1075)
(15.4234)
(7.8961)
A4(-2.7964)
(-4.6735)
(-2.7773)
G1(1.8831)
(-7.9274)
(-0.4571)
G2(-6.8297)
(-4.6682)
(-1.5442)
G3(-0.0873)
(-8.0716)
(3.8158)
G4(-0.8748)
(7.5752)
(3.1937)
A1(-10.8351)
(16.0323)
(7.9754)
A2(-2.9640)
(13.4602)
(7.6998)
A3(-2.4038)
(4.2234)
(1.5371)
A4(7.7955)
(12.0572)
(-2.5762)
G1(-0.2607)
(-1.0972)
(-0.1655)
G2(-2.8814)
(-8.2265)
(2.3498)
G3(-2.6967)
(-5.1998)
(2.5749)
G4(-5.1902)
(1.1712)
(6.0342)
A1(-6.9072)
(12.5355)
(0.5700)
A2(-7.4795)
(6.5984)
(-12.2966)
A3(5.9807)
(6.6511)
(-7.6519)
A4(11.4491)
(-12.3062)
(14.7004)
G1(-0.5571)
(-0.3805)
(-0.1304)
G2(0.1320)
(-2.0571)
(3.2603)
G3(-1.5469)
(-2.9538)
(0.2410)
G4(-8.5585)
(6.5290)
(-15.6851)
A1(2.0789)
(8.8807)
(3.3195)
A2(5.6695)
(3.4429)
(2.4325)
A3(-5.6072)
(15.5623)
(-1.4509)
A4(5.9089)
(-5.2194)
(-0.6752)
G1(0.3012)
(0.5018)
(-0.5066)
G2(-0.2879)
(-2.5967)
(1.3462)
G3(0.0553)
(0.3038)
(-0.1953)
G4(1.9316)
(-2.3471)
(1.5894)
A1(-3.9326)
(8.5646)
(1.3939)
A2(2.4612)
(7.0820)
(-21.2366)
A3(3.3998)
(6.5505)
(-5.5593)
A4(3.8164)
(-5.3295)
(-5.5402)
G1(-0.0915)
(0.9323)
(-0.4246)
G2(-0.2017)
(1.1424)
(-0.9727)
G3(-0.0442)
(0.3698)
(-0.2788)
G4(2.8771)
(-2.1567)
(-0.1490)
A1(-3.1518)
(8.7131)
(-0.0671)
A2(1.1253)
(-0.1724)
(3.7589)
A3(-0.8140)
(10.1179)
(-1.5131)
A4(8.1451)
(-5.2529)
(-1.2594)
G1(0.2086)
(0.7567)
(0.0968)
G2(-1.7507)
(-0.3842)
(-1.7858)
G3(-0.0303)
(1.3228)
(-0.2379)
G4(2.1710)
(-3.9451)
(0.3916)
A1(-1.8106)
(9.5178)
(-0.9436)
A2(14.9015)
(1.9872)
(-2.0782)
A3(1.5945)
(7.4268)
(-4.2138)
A4(3.6200)
(-3.4716)
(-3.9265)
G1(0.4268)
(1.5735)
(0.4337)
G2(-0.0287)
(0.4135)
(-1.5224)
G3(0.1453)
(1.0759)
(-0.2698)
G4(-5.6260)
(-5.2488)
(-0.5768)
A1(-0.9149)
(9.0292)
(-1.6382)
A2(7.4651)
(4.0749)
(-1.5993)
A3(2.6384)
(9.1171)
(-4.5825)
A4(2.1165)
(-7.5657)
(-7.2113)
G1(0.3640)
(0.8993)
(-0.1671)
G2(-0.4975)
(2.1524)
(-1.9140)
G3(-0.0372)
(0.5295)
(-0.2799)
G4(-5.6351)
(-4.4815)
(-1.0892)
A1(-0.1102)
(9.3166)
(0.3401)
A2(8.7053)
(5.7126)
(1.2689)
A3(-0.0192)
(10.2472)
(-1.7526)
A4(-2.0399)
(5.8083)
(-10.7117)
G1(-0.0740)
(0.8397)
(-0.2826)
G2(0.5869)
(2.2093)
(-1.6453)
G3(-0.2575)
(0.9291)
(-0.3741)
G4(-3.8062)
(-0.5018)
(-1.1020)
A1(0.2682)
(9.7142)
(0.7233)
A2(3.5865)
(4.9368)
(4.5059)
A3(-0.3496)
(9.3661)
(-2.5522)
A4(-1.3024)
(14.9111)
(-8.8585)
G1(-0.3821)
(1.4777)
(-0.5231)
G2(2.0140)
(-0.1878)
(-2.2950)
G3(0.1431)
(0.5561)
(-0.3246)
G4(-3.4231)
(-0.5582)
(1.4644)
A1(0.3545)
(9.6711)
(-0.2539)
A2(6.6846)
(10.0365)
(2.1356)
A3(0.8667)
(9.3182)
(-1.6089)
A4(9.4571)
(11.0038)
(-6.3446)
G1(-0.5577)
(-0.0080)
(0.0027)
G2(1.7810)
(1.1265)
(-2.2769)
G3(0.1681)
(0.2112)
(-0.1932)
G4(-3.1012)
(-0.8689)
(0.3304)
A1(-2.5866)
(12.6313)
(7.3815)
A2(7.2257)
(8.6335)
(4.0318)
A3(0.3208)
(10.3286)
(-2.2745)
A4(2.6288)
(4.7692)
(-8.8107)
G1(0.5247)
(1.0626)
(-1.0674)
G2(1.2143)
(-0.8971)
(-1.4362)
G3(0.5694)
(0.1022)
(-0.3320)
G4(-0.8445)
(1.3149)
(-1.8757)
