A1(-1.9927)
(8.6460)
(-1.8298)
A2(2.9497)
(8.0637)
(3.7924)
A3(0.3017)
(7.5561)
(-6.5074)
A4(2.7964)
(8.8202)
(-4.3718)
G1(-0.2905)
(-0.2964)
(0.1825)
G2(-0.2437)
(0.1506)
(0.0532)
G3(0.0059)
(0.1208)
(0.0990)
G4(-0.0293)
(0.0043)
(0.0825)
A1(-2.2657)
(9.2160)
(-1.2358)
A2(3.2322)
(8.4324)
(3.9361)
A3(0.4022)
(7.5657)
(-6.0669)
A4(3.6775)
(8.0732)
(-4.7405)
G1(-0.6151)
(-0.0979)
(0.1634)
G2(-0.1772)
(0.1394)
(0.0697)
G3(0.0197)
(0.0633)
(0.1399)
G4(-0.1697)
(0.1421)
(-0.0532)
A1(-4.1913)
(10.6674)
(-1.3268)
A2(3.6919)
(8.8873)
(2.2314)
A3(1.5514)
(7.4651)
(-6.3638)
A4(7.9009)
(8.3127)
(-3.7733)
G1(0.5875)
(1.3095)
(-0.1623)
G2(-0.2703)
(0.1596)
(-0.0729)
G3(0.1144)
(-0.2724)
(0.2554)
G4(0.0777)
(2.4419)
(-1.2281)
A1(-0.3880)
(10.6770)
(2.4860)
A2(4.8315)
(9.0692)
(1.7430)
A3(1.0056)
(7.3837)
(-7.2736)
A4(-1.4700)
(9.0740)
(-0.6752)
G1(0.5204)
(3.3959)
(-0.3108)
G2(-0.3278)
(-0.2230)
(-0.0128)
G3(-0.0952)
(-0.0809)
(0.0096)
G4(0.7333)
(3.4747)
(-2.9937)
A1(-0.3449)
(10.8638)
(2.4046)
A2(6.4643)
(8.1259)
(5.2816)
A3(1.9058)
(10.0269)
(-4.9799)
A4(11.6693)
(3.0167)
(-2.5043)
G1(-0.2107)
(2.4935)
(-0.7705)
G2(-0.2432)
(0.8540)
(1.0046)
G3(0.0154)
(0.9961)
(-0.5401)
G4(0.8141)
(6.4588)
(-3.6764)
A1(1.4514)
(10.0830)
(5.9061)
A2(3.8642)
(5.5881)
(4.3096)
A3(-2.9497)
(11.7699)
(-2.7054)
A4(-0.0239)
(2.7821)
(-3.3567)
G1(-0.7380)
(3.0565)
(-1.5298)
G2(0.3475)
(2.5882)
(1.7267)
G3(0.4475)
(1.0350)
(-0.5161)
G4(1.3877)
(1.2239)
(-0.8838)
A1(-2.1459)
(21.2103)
(5.6091)
A2(10.7404)
(6.2537)
(7.3550)
A3(-5.0326)
(24.0761)
(11.4826)
A4(-4.7597)
(4.4484)
(-7.0294)
G1(-8.3020)
(0.0841)
(1.5676)
G2(0.4438)
(7.5060)
(0.8514)
G3(3.4853)
(1.9113)
(-1.4489)
G4(0.4326)
(-1.7922)
(0.5002)
A1(-8.6173)
(11.6494)
(3.4919)
A2(5.0613)
(8.4803)
(6.2584)
A3(7.4843)
(16.7594)
(-8.7484)
A4(1.6137)
(8.9304)
(-8.0206)
G1(-5.3589)
(5.6383)
(0.9472)
G2(1.8102)
(0.5747)
(-0.0431)
G3(3.9100)
(1.1142)
(-2.5036)
G4(0.5098)
(3.3050)
(-0.7737)
A1(-4.0476)
(20.2044)
(11.1512)
A2(-19.3260)
(12.3349)
(-1.1588)
A3(33.6050)
(17.1185)
(-11.6358)
A4(-5.9137)
(8.4994)
(-8.8202)
G1(-8.2696)
(3.4183)
(-1.2835)
G2(1.1100)
(0.8695)
(-0.7833)
G3(-1.0190)
(1.6416)
(-1.9262)
G4(-0.3507)
(3.1086)
(-0.7897)
A1(-10.2219)
(2.2896)
(13.0241)
A2(3.8595)
(8.7580)
(7.2975)
A3(10.0173)
(-1.8148)
(-24.8949)
A4(-4.8890)
(13.6086)
(-0.7278)
G1(-5.5813)
(5.7947)
(-0.6263)
G2(1.9789)
(6.5508)
(1.9811)
G3(-2.5637)
(-2.3163)
(-3.0245)
G4(-0.5768)
(4.3474)
(-0.6992)
A1(7.8844)
(14.6240)
(1.0299)
A2(-8.8490)
(11.2623)
(4.6926)
A3(16.1273)
(-1.1875)
(-8.3701)
A4(-12.6988)
(1.2785)
(-1.1923)
G1(-0.4337)
(3.7216)
(-2.0651)
G2(1.9986)
(4.3218)
(1.3931)
G3(5.3951)
(-5.6351)
(-9.0262)
G4(0.0819)
(8.8246)
(-3.4055)
A1(2.7447)
(1.3604)
(-14.1641)
A2(-5.1092)
(11.3054)
(10.5824)
A3(11.2240)
(-6.9911)
(0.8092)
A4(5.2241)
(7.9918)
(0.7278)
G1(1.9459)
(4.1489)
(-1.7443)
G2(2.5291)
(6.5014)
(1.8651)
G3(3.5024)
(-7.6055)
(-6.7014)
G4(-0.6784)
(-0.3666)
(-0.3943)
A1(2.6824)
(4.1386)
(7.1036)
A2(15.3085)
(10.4052)
(6.3925)
A3(-1.3072)
(-18.0427)
(4.0031)
A4(5.6551)
(10.5728)
(0.8428)
G1(-2.3817)
(1.1728)
(-0.0122)
G2(1.4271)
(7.6858)
(1.1377)
G3(-2.6095)
(-3.1363)
(-7.6731)
G4(0.0713)
(1.8773)
(-0.3746)
A1(10.7680)
(-1.0059)
(-3.4057)
A2(7.4891)
(0.2011)
(-0.1628)
A3(-32.2691)
(25.4073)
(18.3109)
A4(-0.9529)
(8.1547)
(-2.9497)
G1(-3.1512)
(-4.5996)
(3.9930)
G2(1.3776)
(-0.4417)
(-0.4933)
G3(0.2756)
(4.8076)
(-7.0835)
G4(0.1421)
(0.4906)
(-0.1836)
A1(-1.4322)
(-1.2454)
(-1.5807)
A2(-0.8045)
(6.1244)
(0.2586)
A3(4.4580)
(37.6608)
(10.6303)
A4(2.2841)
(7.4699)
(-2.5474)
G1(-0.1463)
(2.7968)
(2.3913)
G2(0.0819)
(1.4665)
(0.6071)
G3(-0.5672)
(-8.6596)
(4.3106)
G4(0.1128)
(1.1786)
(-0.2847)
A1(-6.9216)
(7.4437)
(-0.9197)
A2(10.4962)
(3.4141)
(0.1676)
A3(-13.4171)
(-11.1713)
(0.1197)
A4(3.2178)
(13.1921)
(-0.1437)
G1(-0.2416)
(-1.1004)
(2.8117)
G2(0.0346)
(0.5039)
(0.0138)
G3(1.6703)
(3.6460)
(2.4701)
G4(0.1953)
(-0.9488)
(0.3581)
A1(-9.4412)
(4.7805)
(1.9927)
A2(1.4413)
(5.9280)
(3.9552)
A3(-8.6383)
(-5.4061)
(-9.4427)
A4(-1.5467)
(8.4563)
(-6.9288)
G1(1.3196)
(1.2984)
(1.4085)
G2(-0.1213)
(1.1488)
(0.4129)
G3(-0.8748)
(3.3991)
(0.6178)
G4(0.3033)
(-0.9136)
(0.3182)
A1(-9.0484)
(6.3899)
(3.5255)
A2(4.2138)
(11.0899)
(4.0654)
A3(-3.3567)
(-3.7493)
(-9.4906)
A4(1.5371)
(8.9639)
(-6.0382)
G1(1.2957)
(-1.7139)
(1.5665)
G2(-0.4374)
(0.1878)
(0.0463)
G3(-2.9543)
(2.9873)
(-1.3526)
G4(0.0921)
(-0.0633)
(0.0282)
A1(-9.0771)
(5.7289)
(0.4119)
A2(-0.5938)
(11.7938)
(0.8475)
A3(-0.8571)
(0.4597)
(-10.2328)
A4(1.0247)
(8.4707)
(-5.0230)
G1(1.3893)
(-1.0201)
(1.6368)
G2(-0.0223)
(-0.5225)
(-0.2847)
G3(-3.2597)
(0.6082)
(-1.1052)
G4(-0.1921)
(0.1266)
(0.1415)
A1(-7.4820)
(7.4054)
(0.4790)
A2(2.0351)
(9.8114)
(1.3886)
A3(-3.9696)
(4.0079)
(-12.3972)
A4(1.9920)
(8.9687)
(-4.6208)
G1(1.8017)
(-0.3799)
(1.1669)
G2(0.0319)
(0.0591)
(-0.0947)
G3(-2.6270)
(0.6327)
(-1.5186)
G4(-0.2756)
(-0.0303)
(0.0942)
