A1(-1.3604)
(7.0414)
(2.7160)
A2(1.2737)
(9.5289)
(1.2210)
A3(-1.1444)
(10.3382)
(-1.0774)
A4(1.6807)
(8.1307)
(-6.2106)
G1(-0.7700)
(-1.6639)
(-0.5247)
G2(-0.1564)
(0.7221)
(-0.0713)
G3(0.7104)
(-0.5635)
(0.1575)
G4(0.1336)
(-0.1974)
(0.0984)
A1(-4.1290)
(8.2245)
(3.5494)
A2(4.0031)
(10.7548)
(1.2929)
A3(-5.7174)
(8.3653)
(-6.2776)
A4(-0.9194)
(8.3175)
(-6.0094)
G1(-0.3975)
(-2.7760)
(-1.4899)
G2(-0.2751)
(0.4321)
(0.1942)
G3(0.2916)
(-1.9763)
(1.5266)
G4(0.1740)
(-0.6827)
(0.5832)
A1(3.0992)
(8.5694)
(6.5576)
A2(3.6775)
(9.1746)
(0.8715)
A3(-1.4174)
(8.0972)
(-5.5833)
A4(-1.8531)
(8.0685)
(-9.0932)
G1(0.9269)
(-2.0859)
(-1.0030)
G2(0.1086)
(-1.1073)
(0.0106)
G3(0.1538)
(-1.8283)
(1.8214)
G4(0.1793)
(-0.9599)
(0.8375)
A1(-12.1284)
(10.6387)
(10.0160)
A2(0.1676)
(10.2615)
(4.0989)
A3(4.9273)
(11.3581)
(9.4044)
A4(1.2306)
(15.3947)
(4.6352)
G1(2.0481)
(-3.1847)
(0.8083)
G2(0.1442)
(-2.3131)
(-0.1793)
G3(-4.4857)
(-9.6844)
(5.8559)
G4(1.3814)
(-4.4671)
(3.8429)
A1(-2.7160)
(8.4927)
(0.6419)
A2(-0.2538)
(11.8609)
(2.3894)
A3(-13.2064)
(5.4923)
(-6.5074)
A4(-3.1699)
(25.6467)
(7.8769)
G1(2.3530)
(-0.8333)
(-0.5779)
G2(0.7540)
(-1.8879)
(0.1394)
G3(-0.9062)
(-1.7379)
(2.4105)
G4(2.5345)
(-1.0775)
(2.5962)
A1(-2.3998)
(6.7779)
(0.9580)
A2(2.5666)
(7.5417)
(1.7047)
A3(20.1161)
(-2.3798)
(-8.0876)
A4(-16.1273)
(26.8869)
(-9.2464)
G1(2.6004)
(-5.6393)
(-0.7540)
G2(0.1256)
(-5.2200)
(1.7922)
G3(1.7820)
(0.5076)
(-0.8184)
G4(2.4562)
(-2.5180)
(7.4544)
A1(9.8052)
(12.5068)
(3.2716)
A2(-4.1707)
(7.4603)
(9.5864)
A3(-0.8906)
(10.6063)
(-4.3622)
A4(-31.0145)
(17.8799)
(-31.3305)
G1(1.3814)
(-4.6980)
(-0.5992)
G2(-1.3356)
(-2.1896)
(1.5570)
G3(0.1245)
(-1.6687)
(0.3890)
G4(0.4305)
(-2.0273)
(4.5512)
A1(11.5105)
(6.8593)
(10.9117)
A2(7.9152)
(15.5815)
(9.2129)
A3(8.3222)
(8.8969)
(-0.8428)
A4(-10.7021)
(-6.0430)
(-15.2223)
G1(-0.5108)
(-8.4005)
(-0.5507)
G2(-7.9322)
(-8.4404)
(0.6566)
G3(-0.4752)
(-1.7326)
(0.0186)
G4(3.7312)
(5.9543)
(6.9914)
A1(-10.3656)
(11.4578)
(19.5721)
A2(-12.1961)
(17.0707)
(24.0474)
A3(7.9871)
(12.7994)
(4.0654)
A4(-9.7731)
(-8.1642)
(-5.4971)
G1(-2.4355)
(-12.1593)
(-2.2716)
G2(-8.9448)
(-3.2565)
(2.8947)
G3(-0.0899)
(-4.8204)
(1.2760)
G4(4.5490)
(10.6763)
(4.5283)
A1(-4.0188)
(1.7196)
(-0.8718)
A2(10.0078)
(6.5697)
(16.5104)
A3(8.9447)
(-3.3471)
(2.9592)
A4(-4.0175)
(-14.4322)
(2.6576)
G1(-0.1229)
(-1.7943)
(-0.2363)
G2(-6.8265)
(-9.9473)
(0.5050)
G3(-2.1779)
(-9.9596)
(5.7144)
G4(-8.5404)
(3.1315)
(1.6655)
A1(-0.6419)
(12.7319)
(1.5089)
A2(-3.0550)
(13.4075)
(11.6262)
A3(-7.2784)
(6.1962)
(-1.7909)
A4(5.9759)
(9.0022)
(-3.0837)
G1(-0.2304)
(0.3613)
(-0.0266)
G2(-3.9009)
(-10.5018)
(2.1002)
G3(-2.7739)
(-5.8947)
(3.3858)
G4(-6.8478)
(0.4879)
(5.9171)
A1(-2.8980)
(8.6796)
(3.9470)
A2(-3.8930)
(5.0613)
(-10.9128)
A3(-8.0637)
(10.2711)
(-6.4643)
A4(14.1880)
(-35.2762)
(10.6303)
G1(0.3113)
(0.7609)
(-0.0388)
G2(1.3351)
(0.4220)
(2.6127)
G3(-0.5656)
(-1.1105)
(-0.6880)
G4(-5.6260)
(4.2691)
(-8.2312)
A1(-4.0332)
(8.1574)
(2.1220)
A2(12.1386)
(-5.4253)
(-5.9233)
A3(-1.5945)
(8.5042)
(-3.7493)
A4(11.6741)
(2.3463)
(-17.4154)
G1(-0.0117)
(1.7522)
(-0.1011)
G2(-0.9573)
(-0.8886)
(0.0894)
G3(-0.9259)
(-0.0229)
(-0.2751)
G4(4.8491)
(-1.2728)
(-2.2907)
A1(-2.5675)
(9.4220)
(2.3040)
A2(5.7700)
(4.8554)
(-10.4675)
A3(-0.5315)
(10.0748)
(-2.6384)
A4(6.8522)
(-5.2912)
(-1.6903)
G1(0.1016)
(1.9119)
(0.0601)
G2(-0.6316)
(4.0515)
(-2.3924)
G3(0.1022)
(1.6969)
(-0.8344)
G4(3.2837)
(-5.0088)
(-0.6923)
A1(-2.5914)
(9.8723)
(0.7760)
A2(9.4188)
(3.4429)
(1.3168)
A3(1.9249)
(8.0828)
(-3.1173)
A4(7.0964)
(-4.4341)
(-3.5243)
G1(0.1804)
(2.5190)
(-0.0282)
G2(-1.7203)
(-1.5389)
(-1.1898)
G3(0.3831)
(1.9215)
(-0.8711)
G4(-1.8741)
(-6.7036)
(-1.2893)
A1(-1.0346)
(9.6759)
(0.6179)
A2(11.8896)
(7.5034)
(1.0199)
A3(1.2785)
(8.4180)
(-5.9807)
A4(1.4317)
(-2.0590)
(-9.6151)
G1(0.3805)
(1.5644)
(-0.1048)
G2(0.1479)
(6.0161)
(-2.5845)
G3(0.2575)
(1.4239)
(-0.7333)
G4(-6.1603)
(-4.6895)
(-1.5538)
A1(1.0394)
(9.6950)
(0.3736)
A2(8.2456)
(3.7541)
(0.1389)
A3(0.7805)
(8.5473)
(-4.2665)
A4(-2.4325)
(3.4812)
(-8.6910)
G1(0.4135)
(1.8895)
(0.0532)
G2(-0.6854)
(2.2147)
(-1.6368)
G3(0.2426)
(1.0903)
(-0.8711)
G4(-5.0753)
(-0.8434)
(-0.2070)
A1(0.4359)
(8.8951)
(1.4035)
A2(6.7516)
(4.9177)
(4.0558)
A3(-0.4166)
(8.2744)
(-3.0119)
A4(7.5705)
(14.0252)
(-6.1962)
G1(0.1277)
(1.0355)
(-0.1245)
G2(2.1774)
(2.1290)
(-2.3477)
G3(0.1650)
(0.3038)
(-0.4997)
G4(-3.6498)
(-1.9608)
(2.1992)
A1(1.5951)
(6.6198)
(-0.7233)
A2(8.5952)
(8.8729)
(2.6815)
A3(0.3879)
(8.8633)
(-2.7102)
A4(2.2266)
(9.0740)
(-4.9847)
G1(-0.1591)
(-0.9594)
(-0.5028)
G2(2.0305)
(0.3203)
(-2.3679)
G3(0.4257)
(0.4315)
(-0.5087)
G4(-2.6169)
(-3.0128)
(1.1047)
A1(-3.9518)
(16.6406)
(-1.3556)
A2(9.0501)
(8.3558)
(2.8060)
A3(-0.9433)
(10.3094)
(-2.0255)
A4(8.7101)
(22.9700)
(-3.4237)
G1(-0.3288)
(1.6421)
(-0.2331)
G2(3.3113)
(-0.5901)
(-2.1370)
G3(1.1941)
(-0.6880)
(0.0474)
G4(0.2400)
(0.6401)
(-0.3565)
