A1(-1.8729)
(10.9117)
(-0.2922)
A2(3.1891)
(8.8538)
(2.5953)
A3(1.6568)
(8.1451)
(-5.2337)
A4(4.6495)
(10.4770)
(-3.1316)
G1(-0.3746)
(0.3432)
(0.0979)
G2(-0.0729)
(0.1612)
(0.0788)
G3(0.0575)
(0.2746)
(-0.0819)
G4(0.5103)
(1.5229)
(-0.8615)
A1(-4.5649)
(8.7801)
(-0.4742)
A2(2.8347)
(8.3558)
(2.3607)
A3(2.1308)
(7.8051)
(-5.3103)
A4(0.3496)
(8.8011)
(-0.4501)
G1(0.3496)
(0.8769)
(-0.4071)
G2(-0.2363)
(0.2570)
(0.1123)
G3(-0.0607)
(-0.3868)
(0.0543)
G4(1.2111)
(3.3081)
(-1.9177)
A1(0.3784)
(9.6567)
(1.4322)
A2(4.0893)
(8.9878)
(3.0694)
A3(0.9673)
(9.5577)
(-3.8211)
A4(6.2297)
(6.3255)
(-1.3024)
G1(-0.0867)
(2.3067)
(-0.5183)
G2(-0.7955)
(1.2180)
(0.5257)
G3(-0.0298)
(0.1995)
(-0.2969)
G4(0.1320)
(4.5889)
(-4.6922)
A1(2.2944)
(11.4147)
(0.8335)
A2(4.0941)
(6.4691)
(3.9217)
A3(0.6800)
(10.4627)
(-3.2082)
A4(1.3695)
(13.5512)
(-1.0918)
G1(-1.1345)
(2.2051)
(-0.8200)
G2(-0.7013)
(0.8461)
(1.0770)
G3(0.3118)
(0.4597)
(-0.1314)
G4(-1.0435)
(-2.8723)
(0.4550)
A1(-5.4990)
(4.7613)
(3.9470)
A2(1.8435)
(6.8953)
(9.1985)
A3(3.2801)
(16.3716)
(2.6767)
A4(2.2984)
(8.7340)
(-9.2512)
G1(-4.7289)
(2.3573)
(-0.7247)
G2(-0.6630)
(5.9974)
(-0.3821)
G3(2.3732)
(-0.2975)
(-0.2448)
G4(1.5974)
(2.5057)
(-1.2095)
A1(-6.0786)
(18.2836)
(0.3257)
A2(11.8274)
(5.0613)
(7.4172)
A3(0.8811)
(22.6061)
(4.9368)
A4(-2.6576)
(6.6990)
(-7.7955)
G1(-5.4855)
(3.9477)
(0.1352)
G2(1.0078)
(1.0844)
(-0.8610)
G3(3.5178)
(-0.2155)
(-1.1967)
G4(0.2857)
(-0.2916)
(-0.2767)
A1(5.3169)
(19.4715)
(17.9674)
A2(-12.7228)
(10.5824)
(-0.2203)
A3(13.1490)
(13.5177)
(-4.5681)
A4(-4.6448)
(7.8338)
(-8.2839)
G1(-7.4863)
(2.9240)
(-1.6187)
G2(1.8262)
(4.6288)
(-0.8679)
G3(4.2223)
(5.1253)
(-5.1365)
G4(-0.1016)
(1.7150)
(-0.4188)
A1(-9.0292)
(16.7556)
(10.7153)
A2(3.4764)
(7.8817)
(4.8028)
A3(22.8981)
(13.6326)
(-15.6389)
A4(-4.9847)
(8.0637)
(-8.8059)
G1(-6.5168)
(1.1542)
(-0.0208)
G2(1.5836)
(5.3493)
(0.7785)
G3(0.9839)
(1.9209)
(-3.4417)
G4(-0.4230)
(3.6934)
(-1.3808)
A1(0.9149)
(10.7536)
(7.9323)
A2(-3.7110)
(11.7029)
(0.6512)
A3(7.6279)
(-2.0303)
(-19.1153)
A4(-6.4691)
(13.8098)
(1.8004)
G1(-4.4751)
(7.2266)
(-1.6469)
G2(1.2052)
(4.3351)
(0.7897)
G3(-0.3166)
(-1.1318)
(-6.6386)
G4(1.6038)
(9.1912)
(-5.6351)
A1(2.2226)
(10.6914)
(3.8608)
A2(-7.4651)
(10.6829)
(2.2122)
A3(14.1880)
(-1.9776)
(-13.4410)
A4(-10.2041)
(-5.0374)
(-7.4747)
G1(-0.9961)
(4.1909)
(-1.8991)
G2(0.5694)
(5.1147)
(1.3856)
G3(2.3509)
(-4.6262)
(-7.9923)
G4(0.0223)
(7.9732)
(-6.6828)
A1(-9.5897)
(5.8965)
(8.3969)
A2(-7.5609)
(-0.9577)
(7.9679)
A3(3.7062)
(-7.2592)
(4.6400)
A4(-6.7086)
(20.5422)
(3.3615)
G1(2.4227)
(2.8159)
(-1.7326)
G2(-0.7615)
(9.5860)
(1.7879)
G3(0.3070)
(-5.1498)
(-6.7046)
G4(-1.2984)
(-2.1928)
(1.8901)
A1(-1.6047)
(5.1732)
(8.2149)
A2(1.6520)
(7.8865)
(6.6607)
A3(-4.5394)
(-19.7570)
(7.8386)
A4(-1.9489)
(6.8857)
(-4.0366)
G1(-1.3729)
(2.1811)
(0.8088)
G2(0.3986)
(7.5172)
(0.8317)
G3(-1.2388)
(-1.8651)
(-7.8332)
G4(-0.6784)
(0.0681)
(0.9296)
A1(-9.7669)
(-0.9532)
(-2.3663)
A2(-2.2601)
(8.6191)
(5.1092)
A3(33.7008)
(-1.1205)
(16.1656)
A4(3.6009)
(9.5385)
(-3.6727)
G1(0.3778)
(1.4516)
(0.7130)
G2(0.2134)
(-2.1300)
(0.2107)
G3(3.9594)
(17.4357)
(6.1688)
G4(-0.2927)
(0.1224)
(0.1532)
A1(-0.7808)
(1.8969)
(1.0011)
A2(-2.4373)
(6.1770)
(0.7087)
A3(-9.5577)
(28.6634)
(-12.6605)
A4(3.6919)
(8.2073)
(-3.3327)
G1(-2.4679)
(1.6873)
(3.7817)
G2(0.9227)
(0.1815)
(-0.3384)
G3(-12.7510)
(-8.2456)
(8.5984)
G4(-0.0431)
(0.4273)
(0.2043)
A1(-15.7449)
(7.3575)
(-0.4503)
A2(0.0718)
(10.2903)
(1.2354)
A3(-0.3735)
(-4.9943)
(-3.8834)
A4(-0.0910)
(9.3470)
(-4.4867)
G1(-1.0403)
(-1.7017)
(3.2038)
G2(0.2863)
(-0.4076)
(0.5177)
G3(0.0442)
(4.9157)
(-1.2388)
G4(0.0043)
(0.2501)
(-0.0968)
A1(-8.2963)
(5.0918)
(0.6227)
A2(3.5482)
(7.2927)
(0.6512)
A3(-0.9673)
(-6.9336)
(-10.7595)
A4(-0.1293)
(9.1411)
(-4.3670)
G1(-0.9184)
(0.7854)
(2.3977)
G2(0.3741)
(1.1488)
(0.2905)
G3(-2.1524)
(4.9673)
(0.1506)
G4(0.0649)
(-0.1394)
(0.1852)
A1(-6.6629)
(8.1526)
(0.6371)
A2(-0.6464)
(9.6582)
(0.8428)
A3(-2.9018)
(-4.8171)
(-11.0325)
A4(-1.0822)
(8.5425)
(-4.9895)
G1(0.4943)
(-1.1914)
(1.6320)
G2(-0.0952)
(-0.8040)
(0.0404)
G3(-5.2844)
(3.6742)
(-0.8748)
G4(-0.0367)
(-0.1250)
(0.2426)
A1(-8.6029)
(7.4916)
(0.6227)
A2(0.3352)
(9.6247)
(1.6089)
A3(0.8092)
(3.0071)
(-13.6086)
A4(1.4653)
(8.6383)
(-4.9991)
G1(1.7139)
(-1.7991)
(1.3893)
G2(-0.0399)
(-0.0138)
(-0.1219)
G3(-4.1138)
(1.9837)
(-1.8581)
G4(-0.0702)
(0.1229)
(0.1064)
A1(-5.8103)
(8.5358)
(1.2406)
A2(-1.2737)
(9.0884)
(-0.4741)
A3(-5.5115)
(10.0700)
(-9.9455)
A4(0.5507)
(7.9200)
(-5.3151)
G1(1.9018)
(-0.2528)
(1.0477)
G2(-0.1133)
(-0.6955)
(0.0500)
G3(-3.7684)
(0.9642)
(-1.5245)
G4(-0.0149)
(0.0463)
(0.2602)
A1(-6.6294)
(7.1611)
(1.4753)
A2(0.8954)
(9.7827)
(2.2170)
A3(1.0151)
(8.1977)
(-9.0501)
A4(0.5555)
(9.2320)
(-3.9025)
G1(2.0140)
(0.3347)
(1.3047)
G2(-0.0394)
(-1.0131)
(0.1995)
G3(-2.8707)
(1.2302)
(-0.8780)
G4(0.0766)
(0.0702)
(0.4832)
