A1(-2.1459)
(7.3910)
(7.2809)
A2(2.9305)
(9.2033)
(0.4693)
A3(-1.5131)
(9.5577)
(-1.8723)
A4(0.8906)
(8.3127)
(-5.9520)
G1(-0.5640)
(0.9892)
(0.0979)
G2(-0.0112)
(-0.1117)
(-0.0330)
G3(0.1836)
(-0.0995)
(0.0357)
G4(0.1490)
(-0.2272)
(0.0734)
A1(-5.9301)
(6.9839)
(3.0417)
A2(2.0159)
(9.0549)
(-1.1061)
A3(-3.4955)
(8.2839)
(-4.9847)
A4(-1.4892)
(9.2991)
(-5.4205)
G1(-0.6694)
(-3.9233)
(-1.2882)
G2(-0.1495)
(-0.4534)
(-0.0181)
G3(0.5789)
(-1.9348)
(1.0924)
G4(0.4512)
(-0.4459)
(0.2112)
A1(-1.1209)
(7.6257)
(5.1732)
A2(2.2266)
(10.0317)
(0.2490)
A3(-2.7869)
(10.8074)
(-4.0079)
A4(-1.9632)
(7.4603)
(-8.6814)
G1(0.0500)
(-1.9832)
(-1.3250)
G2(-0.0479)
(-0.8977)
(0.0782)
G3(0.0287)
(-2.5424)
(1.8720)
G4(0.3395)
(-0.4512)
(0.3666)
A1(-10.8830)
(5.8917)
(10.3944)
A2(1.1157)
(9.6965)
(1.3264)
A3(16.3524)
(9.4379)
(7.1635)
A4(8.7963)
(16.8121)
(3.7110)
G1(0.6109)
(-4.0015)
(0.3555)
G2(-0.3730)
(-2.2003)
(0.1000)
G3(-2.1939)
(-6.6769)
(4.9593)
G4(1.7964)
(-3.4534)
(2.7904)
A1(-3.9374)
(9.9106)
(5.0152)
A2(-2.3894)
(12.7276)
(1.1349)
A3(-8.4946)
(15.9741)
(2.9497)
A4(-5.0853)
(19.8431)
(4.3287)
G1(3.0554)
(0.0404)
(-0.5619)
G2(0.5060)
(-2.1524)
(-0.0591)
G3(-1.9401)
(-9.6025)
(4.5182)
G4(2.6143)
(-3.2118)
(2.5025)
A1(3.2285)
(23.8783)
(-0.2970)
A2(3.4093)
(12.7180)
(5.5545)
A3(-2.7821)
(5.3774)
(-9.1937)
A4(-9.0070)
(21.7968)
(5.1044)
G1(1.5399)
(-4.6453)
(0.4007)
G2(0.1596)
(-4.2745)
(1.1584)
G3(1.0121)
(1.7262)
(-0.8604)
G4(4.5198)
(-7.0973)
(8.3222)
A1(-2.0118)
(8.1431)
(0.0575)
A2(-3.1795)
(11.3868)
(6.4165)
A3(8.0828)
(-4.5203)
(-24.5741)
A4(-35.9753)
(28.5532)
(-25.2540)
G1(1.9199)
(-4.1585)
(-1.2223)
G2(-0.0761)
(-2.5541)
(2.1311)
G3(1.1228)
(-2.1604)
(-0.0293)
G4(0.0883)
(-4.3984)
(5.5090)
A1(17.4597)
(15.4335)
(11.8889)
A2(8.8777)
(22.1272)
(-7.3837)
A3(5.8179)
(7.3358)
(-6.0047)
A4(-9.1411)
(-2.1261)
(-19.2637)
G1(1.9443)
(-9.0768)
(-1.6331)
G2(-7.0037)
(-7.5294)
(-0.6109)
G3(-0.7082)
(-1.1483)
(0.1708)
G4(1.3446)
(4.7236)
(7.5645)
A1(-38.2868)
(1.8825)
(-14.6815)
A2(0.9385)
(27.6482)
(20.0347)
A3(7.2880)
(12.6079)
(6.7133)
A4(-3.6775)
(-7.5609)
(-3.8020)
G1(4.6634)
(-9.7903)
(-2.5158)
G2(-9.6068)
(-2.5132)
(0.6141)
G3(-0.5204)
(-8.3457)
(2.5866)
G4(1.1275)
(8.3621)
(3.6764)
A1(8.7131)
(3.6021)
(16.9567)
A2(16.5535)
(7.7141)
(11.4395)
A3(10.3190)
(4.7980)
(3.5530)
A4(-4.2186)
(-11.3294)
(-2.2505)
G1(0.8881)
(-0.1352)
(-0.2826)
G2(-5.3919)
(-5.9049)
(-0.6284)
G3(-1.7586)
(-12.0614)
(4.5554)
G4(-3.8599)
(6.0517)
(1.9725)
A1(-3.3722)
(10.8638)
(-3.9901)
A2(-4.4676)
(13.1537)
(7.9392)
A3(-14.0779)
(17.8799)
(-1.6137)
A4(12.5025)
(26.5996)
(-42.0230)
G1(0.8024)
(-1.1132)
(0.5013)
G2(-0.7279)
(-7.6433)
(2.9335)
G3(-0.4688)
(-0.8184)
(-0.9573)
G4(1.9172)
(0.7024)
(4.5469)
A1(-3.6404)
(7.7503)
(0.6946)
A2(-10.4387)
(9.8114)
(1.4605)
A3(15.9502)
(8.3845)
(-0.7135)
A4(-9.9024)
(-26.7911)
(5.1092)
G1(-0.8051)
(-1.2882)
(-0.8764)
G2(1.1871)
(-2.4376)
(3.2374)
G3(-0.3586)
(0.6236)
(-0.1442)
G4(9.2699)
(1.2143)
(-5.2110)
A1(-1.5184)
(10.3561)
(1.1304)
A2(4.9177)
(-4.0462)
(-3.3662)
A3(-3.8642)
(10.6255)
(-1.9632)
A4(12.7611)
(-4.1084)
(0.1915)
G1(-0.2224)
(0.9349)
(-0.4241)
G2(-0.2687)
(-0.2852)
(1.0456)
G3(-0.1570)
(0.3698)
(-0.2224)
G4(5.9421)
(-2.1487)
(-1.4686)
A1(-1.2167)
(10.6243)
(1.6574)
A2(9.8976)
(4.6400)
(-4.3431)
A3(0.6464)
(9.3326)
(-3.7924)
A4(5.0326)
(-4.0318)
(-5.5067)
G1(0.0628)
(1.0099)
(0.0851)
G2(-0.2900)
(2.4674)
(-1.6341)
G3(0.0772)
(0.7886)
(-0.2320)
G4(-0.4991)
(-3.7062)
(0.0341)
A1(0.6802)
(10.2363)
(0.8287)
A2(12.3972)
(1.2210)
(-1.2594)
A3(2.8443)
(8.4994)
(-4.0606)
A4(4.9129)
(-3.3902)
(-6.8283)
G1(-0.1304)
(0.6034)
(0.0415)
G2(1.1361)
(0.8125)
(-2.1146)
G3(0.0745)
(0.9498)
(-0.2740)
G4(-4.8933)
(-5.0487)
(-0.7301)
A1(0.0862)
(9.4076)
(0.5988)
A2(8.8633)
(3.5721)
(5.4588)
A3(2.6719)
(8.6431)
(-4.1324)
A4(0.9625)
(-1.3408)
(-8.6335)
G1(0.0809)
(-0.1916)
(-0.0729)
G2(0.4108)
(3.3369)
(-2.1029)
G3(-0.0921)
(-0.0245)
(-0.1266)
G4(-4.5980)
(-0.7907)
(-0.9349)
A1(-3.7123)
(7.7599)
(0.3640)
A2(8.6814)
(2.1739)
(1.1013)
A3(2.3128)
(7.6950)
(-3.1987)
A4(0.4980)
(3.5003)
(-8.7293)
G1(0.0394)
(0.5938)
(0.0612)
G2(-0.0851)
(1.4761)
(-2.1630)
G3(-0.0851)
(-0.0942)
(-0.1282)
G4(-4.1350)
(0.6811)
(-2.0529)
A1(0.8526)
(11.8218)
(2.4333)
A2(8.7388)
(3.7685)
(2.6624)
A3(-1.8675)
(9.9072)
(-2.3942)
A4(2.8587)
(8.9160)
(-8.6239)
G1(-0.4677)
(1.4197)
(-0.3065)
G2(0.4491)
(0.9637)
(-2.2296)
G3(0.0628)
(-0.3299)
(0.0037)
G4(-3.3028)
(-2.8856)
(1.8283)
A1(0.2922)
(10.7441)
(2.1268)
A2(3.6536)
(6.5410)
(1.8340)
A3(1.2881)
(9.0405)
(-2.1021)
A4(9.6343)
(9.0166)
(-9.7109)
G1(-0.3118)
(-0.3794)
(-0.0074)
G2(2.0034)
(0.6188)
(-2.7228)
G3(0.4140)
(0.6902)
(-0.0383)
G4(-2.8511)
(-2.1944)
(0.5486)
A1(-0.5413)
(11.6398)
(4.2488)
A2(11.0325)
(8.8538)
(0.0814)
A3(3.1364)
(8.6862)
(-4.4053)
A4(1.3168)
(10.6542)
(-2.1356)
G1(1.6495)
(1.6368)
(-0.5726)
G2(1.8060)
(0.6859)
(-1.5985)
G3(0.2618)
(0.2442)
(-0.0883)
G4(-2.1524)
(-1.2169)
(0.5225)
