A1(1.0778)
(10.9596)
(1.7579)
A2(3.0837)
(8.2361)
(3.0550)
A3(0.2873)
(8.6431)
(-5.4588)
A4(-4.4532)
(8.7005)
(-2.1596)
G1(0.4486)
(2.0359)
(-0.1155)
G2(-0.7934)
(0.3182)
(0.4363)
G3(-0.1532)
(0.9073)
(-0.4156)
G4(0.9110)
(4.5442)
(-2.9671)
A1(-1.1161)
(10.1884)
(0.4551)
A2(7.4316)
(7.0533)
(5.2146)
A3(0.0096)
(9.3087)
(-5.4444)
A4(9.7779)
(6.8235)
(-4.6160)
G1(0.2948)
(2.1849)
(-1.1361)
G2(-0.7141)
(2.7627)
(1.4042)
G3(-0.0372)
(0.5130)
(-0.4193)
G4(1.1813)
(2.9474)
(-1.4963)
A1(-1.5999)
(12.9762)
(2.2753)
A2(-1.8387)
(6.2106)
(5.5162)
A3(-0.6752)
(11.2001)
(-0.9864)
A4(2.3320)
(18.1768)
(0.1532)
G1(-1.2739)
(2.5557)
(-1.3058)
G2(-0.0607)
(0.1963)
(0.9977)
G3(0.3767)
(0.2208)
(-0.3523)
G4(0.3831)
(-0.6444)
(0.8232)
A1(-1.7819)
(3.4105)
(6.1792)
A2(5.8802)
(6.7133)
(4.9895)
A3(-0.4405)
(20.8391)
(6.4787)
A4(1.5419)
(8.2552)
(-3.9073)
G1(-8.6788)
(2.9096)
(-1.1121)
G2(1.0690)
(3.3347)
(-0.1639)
G3(2.8383)
(1.2297)
(-1.2648)
G4(0.1282)
(-2.3844)
(0.2559)
A1(-4.0476)
(21.4450)
(-3.1950)
A2(6.7229)
(13.0915)
(11.4108)
A3(-8.3893)
(19.0195)
(0.4405)
A4(-0.7614)
(9.8641)
(-7.4316)
G1(-5.5074)
(5.2248)
(1.6501)
G2(1.2457)
(0.1383)
(-0.9152)
G3(4.0712)
(2.3860)
(-2.1013)
G4(0.0798)
(0.6800)
(-0.6816)
A1(-6.5815)
(17.1867)
(15.2515)
A2(0.2011)
(5.3247)
(2.9449)
A3(19.8384)
(17.4202)
(-15.9023)
A4(-5.3534)
(9.5241)
(-6.6607)
G1(-7.1282)
(2.9942)
(-0.0846)
G2(1.7198)
(3.1070)
(-0.3996)
G3(2.6180)
(7.1750)
(-6.5854)
G4(-0.1213)
(3.2454)
(-0.6215)
A1(-10.2172)
(11.8314)
(13.7762)
A2(-3.2657)
(13.5608)
(1.7382)
A3(21.9548)
(6.9384)
(-15.9597)
A4(-4.7405)
(20.1400)
(4.3862)
G1(-6.5934)
(3.9238)
(0.8439)
G2(1.1967)
(2.2732)
(0.7253)
G3(-0.7854)
(-3.6157)
(-2.7297)
G4(0.4289)
(4.6390)
(-0.7593)
A1(4.2440)
(9.9058)
(9.8579)
A2(-5.2672)
(11.9902)
(0.8906)
A3(12.5887)
(6.5362)
(-16.0842)
A4(-9.6678)
(-8.1786)
(-9.2560)
G1(-2.4036)
(6.4668)
(-1.6043)
G2(1.0355)
(4.6964)
(1.5016)
G3(3.1730)
(-0.6306)
(-9.2779)
G4(0.4166)
(9.2705)
(-5.2807)
A1(-11.6590)
(2.9219)
(-13.7953)
A2(-10.7212)
(5.4061)
(21.8734)
A3(3.9744)
(-5.2672)
(2.0686)
A4(8.1594)
(14.8919)
(0.7135)
G1(2.4525)
(-0.3597)
(-1.6341)
G2(-2.0800)
(6.9212)
(2.1364)
G3(3.9073)
(-6.1901)
(-5.8782)
G4(-0.9440)
(-3.0559)
(2.3530)
A1(-3.6548)
(-13.3690)
(-1.5089)
A2(6.8378)
(2.8252)
(9.3565)
A3(3.1699)
(-14.2263)
(4.2090)
A4(-13.4267)
(13.6374)
(-2.7342)
G1(-0.0117)
(1.7522)
(-1.2590)
G2(-0.3070)
(17.4357)
(2.1678)
G3(-0.6002)
(-4.0249)
(-5.8692)
G4(-0.5406)
(2.0981)
(-1.1653)
A1(-14.8108)
(10.2603)
(-3.9470)
A2(1.9824)
(12.5696)
(1.2115)
A3(30.9810)
(4.0654)
(102.9698)
A4(0.4214)
(5.2481)
(-4.3622)
G1(1.3234)
(-5.4063)
(1.6203)
G2(-2.1540)
(-1.9113)
(0.2932)
G3(6.1656)
(17.4357)
(7.4927)
G4(-0.1793)
(0.1900)
(0.4039)
A1(-17.9291)
(-3.3674)
(-1.8921)
A2(-5.8802)
(11.3389)
(-0.8571)
A3(-5.5498)
(23.8606)
(-3.2513)
A4(6.5649)
(23.7170)
(-0.1820)
G1(-0.4741)
(2.9037)
(3.7019)
G2(0.2751)
(1.3995)
(-0.0968)
G3(-6.1518)
(-10.4209)
(5.9080)
G4(-0.8099)
(-0.6694)
(0.5933)
A1(-14.0588)
(10.6722)
(8.6987)
A2(4.2665)
(8.3222)
(1.0391)
A3(-0.9960)
(-4.9416)
(1.0487)
A4(0.5028)
(6.8666)
(-4.5490)
G1(0.6502)
(-5.2844)
(1.7411)
G2(0.7157)
(-1.8954)
(0.1352)
G3(-1.3297)
(6.7807)
(0.0926)
G4(-0.0346)
(-0.0192)
(0.1437)
A1(-7.4868)
(7.2138)
(5.7049)
A2(6.5266)
(12.6845)
(7.1108)
A3(-0.0910)
(-3.4237)
(-7.2018)
A4(0.5602)
(8.8107)
(-4.6543)
G1(2.4483)
(-0.3480)
(1.6235)
G2(-0.3294)
(0.8780)
(-0.0782)
G3(-5.3546)
(3.5221)
(-1.5751)
G4(0.0325)
(0.3081)
(0.0415)
A1(-4.0045)
(7.2617)
(2.4717)
A2(3.2944)
(10.0556)
(2.4038)
A3(-0.7997)
(-0.4166)
(-12.8425)
A4(0.3017)
(8.5186)
(-4.9464)
G1(1.7049)
(0.3730)
(1.7576)
G2(-0.3033)
(-1.2329)
(0.2740)
G3(-5.4648)
(1.3856)
(-1.5490)
G4(0.0724)
(0.5380)
(-0.0383)
A1(-6.8354)
(8.4496)
(5.4175)
A2(2.0542)
(10.5489)
(0.2777)
A3(0.2490)
(7.0868)
(-13.1106)
A4(0.6704)
(9.9311)
(-2.6336)
G1(2.0018)
(-0.7971)
(0.9567)
G2(-0.0543)
(0.2474)
(0.0553)
G3(-3.5481)
(-0.0947)
(-0.7072)
G4(0.1421)
(0.0692)
(0.2639)
A1(-5.0343)
(6.4570)
(0.7281)
A2(-0.1867)
(8.7867)
(1.6424)
A3(-5.4971)
(10.3334)
(-6.7133)
A4(0.5650)
(8.4851)
(-5.2912)
G1(1.3585)
(-0.1916)
(0.9009)
G2(0.1128)
(-0.0261)
(0.1905)
G3(-3.9829)
(0.5773)
(-0.7455)
G4(0.0474)
(0.1133)
(0.2677)
A1(-5.1445)
(10.7967)
(0.5652)
A2(-0.3065)
(8.4898)
(1.6520)
A3(-4.3718)
(9.7492)
(-2.9880)
A4(0.9864)
(8.7005)
(-5.0613)
G1(0.6486)
(-0.4635)
(0.7630)
G2(-0.0559)
(-1.1563)
(0.2570)
G3(-1.4516)
(0.6981)
(-0.5396)
G4(-0.0569)
(0.0436)
(0.3331)
A1(-5.7385)
(8.7083)
(-2.0837)
A2(-1.0630)
(9.8833)
(1.6759)
A3(1.4317)
(6.5074)
(-10.0844)
A4(1.5036)
(8.5329)
(-5.6982)
G1(1.5144)
(-0.6928)
(0.0245)
G2(-0.4762)
(-0.1692)
(0.1756)
G3(0.3842)
(1.7358)
(0.9136)
G4(-0.1942)
(0.4044)
(0.2639)
A1(-2.0885)
(11.2279)
(-1.8154)
A2(1.9010)
(8.9830)
(1.1588)
A3(-3.7733)
(11.0229)
(-5.5019)
A4(3.8930)
(8.4946)
(-3.0454)
G1(1.3516)
(-0.2277)
(0.1346)
G2(-0.0937)
(-0.3352)
(0.3986)
G3(-0.3475)
(-0.7205)
(0.0277)
G4(-0.3320)
(-0.1958)
(0.3986)
