A1(-2.9315)
(7.4485)
(4.7757)
A2(2.1596)
(9.5864)
(1.8244)
A3(-5.0518)
(10.1323)
(-3.6440)
A4(-0.7949)
(8.6048)
(-6.0669)
G1(-1.7634)
(-2.5791)
(-0.9365)
G2(-0.4608)
(-0.1128)
(0.0766)
G3(0.7359)
(-1.7895)
(1.2446)
G4(0.2309)
(-0.5135)
(0.3182)
A1(4.1003)
(6.2606)
(11.4242)
A2(3.6919)
(8.9064)
(1.0822)
A3(12.1578)
(5.7844)
(-3.4620)
A4(0.0575)
(9.4427)
(-6.0047)
G1(0.5555)
(-5.3919)
(-0.4023)
G2(-0.1846)
(-1.6879)
(0.0665)
G3(0.3464)
(-3.2954)
(4.2372)
G4(0.3485)
(-0.7971)
(0.8312)
A1(-11.7595)
(12.8325)
(9.8723)
A2(0.7422)
(10.1610)
(3.4189)
A3(11.3964)
(7.4460)
(6.4500)
A4(4.9033)
(19.3212)
(5.1571)
G1(2.9346)
(-3.2363)
(0.3299)
G2(-0.0681)
(-1.8768)
(0.2176)
G3(-2.4536)
(-8.9044)
(6.3689)
G4(1.4984)
(-2.6829)
(2.1918)
A1(16.2813)
(21.9480)
(-3.1854)
A2(2.9113)
(11.1426)
(3.1508)
A3(16.2854)
(3.2178)
(15.6485)
A4(-3.3423)
(15.5863)
(-11.1713)
G1(1.0791)
(-3.2097)
(2.2413)
G2(0.4975)
(-2.7947)
(0.2139)
G3(0.4273)
(3.8807)
(-0.6109)
G4(1.7086)
(-1.7150)
(3.6104)
A1(8.2005)
(14.0013)
(3.2524)
A2(-2.6145)
(10.2185)
(8.9974)
A3(3.7589)
(15.7251)
(-4.4149)
A4(-28.9315)
(15.9933)
(-25.5797)
G1(1.9880)
(-4.8997)
(-0.6811)
G2(-2.7090)
(-2.8633)
(1.6192)
G3(0.0314)
(-1.1020)
(0.2198)
G4(-1.4106)
(0.3262)
(4.9252)
A1(10.0160)
(9.7525)
(5.7385)
A2(-1.9776)
(7.7716)
(7.4412)
A3(1.2306)
(8.3510)
(-4.2329)
A4(-6.7660)
(-2.1117)
(-23.5637)
G1(1.8863)
(-7.7928)
(-0.7125)
G2(-7.3096)
(-2.9442)
(0.3826)
G3(-0.6412)
(-1.1909)
(0.6311)
G4(-0.6758)
(3.4305)
(5.9331)
A1(0.7329)
(4.4404)
(8.2437)
A2(-3.4860)
(12.0955)
(24.4161)
A3(9.7827)
(8.9016)
(-0.6608)
A4(-1.8387)
(-3.3279)
(-12.3445)
G1(-0.2677)
(-10.3097)
(-0.9982)
G2(-7.1803)
(-5.6271)
(1.4340)
G3(-0.6726)
(-4.3729)
(0.6593)
G4(-0.3464)
(5.9277)
(7.1851)
A1(-2.7878)
(10.5237)
(12.5068)
A2(15.1840)
(7.7189)
(10.6063)
A3(8.7245)
(6.8953)
(9.4379)
A4(-6.4596)
(-6.0430)
(-2.8395)
G1(0.4113)
(-1.5032)
(0.3507)
G2(-4.9625)
(-7.0579)
(0.2884)
G3(-1.7746)
(-9.1582)
(3.8695)
G4(-3.1959)
(5.1365)
(1.5181)
A1(-5.0631)
(6.9408)
(8.8280)
A2(1.0534)
(12.7228)
(9.9742)
A3(-9.9359)
(11.6789)
(1.4557)
A4(0.2634)
(-10.0030)
(0.2203)
G1(-0.7242)
(-2.0396)
(0.0325)
G2(-3.5992)
(-8.4420)
(2.4791)
G3(-2.5632)
(-5.9942)
(2.3589)
G4(-6.1369)
(0.6912)
(4.1127)
A1(-5.2882)
(9.8579)
(0.6802)
A2(-0.1389)
(2.7342)
(-4.0797)
A3(0.1484)
(11.4443)
(1.7526)
A4(-32.8197)
(-9.2656)
(30.4207)
G1(-0.6854)
(-0.0346)
(-0.5103)
G2(-0.2879)
(-0.2623)
(2.4227)
G3(-0.4236)
(-1.8044)
(-0.0670)
G4(15.6101)
(-11.7884)
(-3.7812)
A1(0.0814)
(9.5178)
(-0.0192)
A2(4.7836)
(-4.3096)
(-1.7957)
A3(0.3926)
(11.6933)
(-1.7526)
A4(14.2934)
(-1.1971)
(-4.7501)
G1(0.0064)
(0.0670)
(-0.2065)
G2(0.2836)
(-2.5201)
(0.6774)
G3(0.3006)
(1.5373)
(-0.4571)
G4(3.7450)
(-1.0504)
(-1.5538)
A1(-1.0873)
(9.4699)
(1.0107)
A2(13.4075)
(-2.6671)
(0.8284)
A3(1.7526)
(8.8490)
(-3.3519)
A4(11.0660)
(-2.7342)
(-6.7277)
G1(0.0798)
(0.3129)
(-0.2905)
G2(-0.5082)
(1.6698)
(-1.1542)
G3(-0.0617)
(0.5034)
(-0.1868)
G4(1.9917)
(-3.2571)
(-1.0185)
A1(-1.7675)
(10.1836)
(1.0203)
A2(6.6128)
(-1.4078)
(1.9393)
A3(1.9585)
(9.1363)
(-2.6624)
A4(6.0430)
(-3.6057)
(-5.5833)
G1(0.0654)
(0.6077)
(0.0122)
G2(-0.7875)
(-2.2232)
(-2.3333)
G3(0.0213)
(0.4566)
(-0.2097)
G4(-0.6880)
(-3.0213)
(-3.0256)
A1(-1.5616)
(8.9047)
(0.6083)
A2(12.8233)
(3.6727)
(-0.4645)
A3(1.1684)
(8.7197)
(-3.2609)
A4(4.4676)
(-0.6991)
(-7.4077)
G1(0.0319)
(0.7263)
(-0.0724)
G2(-0.5513)
(3.0772)
(-1.8150)
G3(-0.0415)
(0.2192)
(-0.1884)
G4(-3.0442)
(-4.0323)
(-1.0983)
A1(-1.4370)
(9.7813)
(1.0538)
A2(9.3518)
(3.5147)
(0.6895)
A3(1.4509)
(8.4611)
(-3.7924)
A4(6.6846)
(3.8116)
(-8.6143)
G1(-0.0160)
(0.7790)
(-0.1532)
G2(0.0740)
(2.6233)
(-1.6064)
G3(-0.0330)
(-0.1165)
(-0.1064)
G4(-3.7998)
(-0.9509)
(-0.7588)
A1(-1.7244)
(9.6759)
(0.3928)
A2(7.7237)
(5.1763)
(2.9544)
A3(0.9050)
(9.4715)
(-2.3894)
A4(2.9640)
(4.7357)
(-9.3805)
G1(0.2118)
(1.1717)
(-0.0144)
G2(0.4879)
(1.7725)
(-1.6027)
G3(-0.0160)
(0.5587)
(-0.3283)
G4(-2.1449)
(-0.9786)
(0.6481)
A1(0.6754)
(10.3752)
(0.0431)
A2(7.6327)
(4.8363)
(7.2113)
A3(0.9385)
(8.9112)
(-3.3519)
A4(4.3383)
(5.2194)
(-9.4810)
G1(0.2049)
(0.2027)
(-0.2841)
G2(0.5321)
(0.7540)
(-1.7251)
G3(0.0750)
(0.8588)
(-0.3219)
G4(-1.8720)
(-0.8604)
(0.7466)
A1(-1.6813)
(8.5933)
(0.8766)
A2(8.5281)
(6.2106)
(2.4277)
A3(1.3168)
(8.8921)
(-2.7916)
A4(2.4229)
(8.0780)
(-9.1315)
G1(-0.3491)
(-0.1681)
(-0.4119)
G2(1.7757)
(1.4234)
(-1.4665)
G3(0.0303)
(0.1474)
(-0.2756)
G4(-2.1519)
(-1.0717)
(0.2948)
A1(-2.1747)
(8.8041)
(-0.7185)
A2(6.9671)
(8.0493)
(3.5051)
A3(0.0192)
(9.3518)
(-2.6480)
A4(4.2521)
(8.4132)
(-5.2625)
G1(-0.2549)
(-0.3129)
(-0.3794)
G2(1.4213)
(-1.0264)
(-1.4846)
G3(0.1612)
(0.5529)
(-0.3794)
G4(-2.7340)
(-1.1350)
(0.3155)
A1(-1.1448)
(11.0267)
(2.2753)
A2(4.1851)
(8.4707)
(1.8340)
A3(0.8619)
(9.2560)
(-2.9113)
A4(5.2864)
(7.6136)
(-1.8962)
G1(-0.2081)
(1.1254)
(-0.3645)
G2(1.8347)
(-0.0942)
(-1.5208)
G3(0.3911)
(0.2001)
(-0.3549)
G4(-1.7693)
(1.2169)
(-0.2911)
