A1(-2.0932)
(8.5550)
(2.7112)
A2(3.8211)
(9.0453)
(1.0151)
A3(-1.8052)
(9.1794)
(-2.9928)
A4(0.8715)
(7.4747)
(-6.9528)
G1(-0.9099)
(0.3491)
(0.2347)
G2(-0.0149)
(-0.0639)
(0.0144)
G3(0.1511)
(0.1793)
(-0.0819)
G4(0.1027)
(-0.2740)
(0.0782)
A1(-3.8943)
(9.2591)
(3.6021)
A2(2.7916)
(9.3996)
(0.8906)
A3(-1.9393)
(8.9687)
(-2.8922)
A4(0.1820)
(7.7381)
(-7.3071)
G1(-0.7317)
(-0.2990)
(0.1043)
G2(-0.1767)
(-0.1256)
(-0.0809)
G3(0.1469)
(-0.0138)
(-0.0176)
G4(0.0857)
(-0.1245)
(0.0495)
A1(-3.6692)
(8.4784)
(3.7602)
A2(2.2075)
(9.8019)
(1.3791)
A3(-3.3375)
(9.4715)
(-3.4812)
A4(0.0718)
(7.8243)
(-6.9432)
G1(-0.2368)
(-1.3069)
(-0.8971)
G2(-0.2639)
(-0.1330)
(-0.0708)
G3(0.1437)
(-0.6949)
(0.5199)
G4(0.0873)
(-0.1405)
(0.1724)
A1(-3.3770)
(7.1803)
(4.6942)
A2(3.6775)
(8.9543)
(1.3982)
A3(-2.4995)
(9.3087)
(-4.2234)
A4(-0.6129)
(8.0014)
(-6.8091)
G1(0.0176)
(-2.1391)
(-1.5548)
G2(-0.1570)
(-0.5497)
(0.0287)
G3(0.1144)
(-2.0678)
(1.4356)
G4(0.0170)
(-0.5172)
(0.5523)
A1(3.7314)
(5.6475)
(13.3115)
A2(1.9680)
(10.2615)
(2.0973)
A3(16.6062)
(6.1244)
(-0.8715)
A4(3.7637)
(7.8003)
(-8.7197)
G1(0.9456)
(-3.9392)
(-0.5646)
G2(0.1554)
(-1.6857)
(0.0447)
G3(-1.3095)
(-3.5737)
(4.4011)
G4(0.0463)
(-1.0775)
(1.1366)
A1(6.4666)
(12.1380)
(6.0163)
A2(-0.8380)
(10.4291)
(1.6089)
A3(-18.6891)
(14.1976)
(-9.9120)
A4(-4.3239)
(24.4161)
(8.8394)
G1(1.2611)
(-2.0305)
(-0.4613)
G2(0.5534)
(-2.4733)
(0.1442)
G3(0.0357)
(-4.4681)
(1.9071)
G4(2.6217)
(-2.1183)
(2.9117)
A1(2.5627)
(9.0963)
(2.7782)
A2(0.6464)
(10.6973)
(6.3494)
A3(6.7469)
(7.6950)
(-8.6239)
A4(-26.7959)
(18.9429)
(-19.2350)
G1(2.2184)
(-4.2111)
(-0.4299)
G2(-1.4399)
(-2.0082)
(1.7602)
G3(0.6907)
(0.4869)
(-0.0096)
G4(-0.2490)
(-1.0818)
(5.2493)
A1(8.9861)
(12.6936)
(4.6463)
A2(3.7589)
(16.3955)
(-3.5099)
A3(8.2217)
(9.0070)
(-3.4812)
A4(-12.7419)
(-0.6512)
(-23.1424)
G1(0.2692)
(-5.7117)
(-0.4661)
G2(-5.8708)
(-5.1211)
(-0.2863)
G3(-0.3336)
(-0.2655)
(-0.0128)
G4(0.2075)
(3.6535)
(8.9400)
A1(0.9245)
(3.9518)
(9.2687)
A2(-1.8148)
(21.1121)
(12.4068)
A3(11.1235)
(9.5529)
(-3.0215)
A4(-5.6455)
(-3.1747)
(-4.0797)
G1(-0.3512)
(-9.3301)
(-1.4090)
G2(-9.2784)
(-3.5088)
(1.1393)
G3(-1.1595)
(-5.6979)
(1.8800)
G4(2.0316)
(7.1697)
(6.0677)
A1(-7.6066)
(6.1312)
(6.8019)
A2(2.6719)
(5.3917)
(12.6845)
A3(7.2544)
(5.4061)
(0.9816)
A4(-2.4995)
(-12.4307)
(-4.0079)
G1(1.3814)
(-2.7601)
(-0.6210)
G2(-5.6228)
(-8.5862)
(0.1261)
G3(-3.1991)
(-10.2011)
(4.7656)
G4(-2.8984)
(3.0809)
(2.9740)
A1(-3.4776)
(8.7562)
(2.2944)
A2(-5.6120)
(9.5002)
(-0.5602)
A3(-6.7086)
(13.1633)
(4.8459)
A4(-25.4025)
(-38.3743)
(25.6611)
G1(-0.4597)
(-1.0483)
(-0.1362)
G2(1.8720)
(-2.7100)
(0.6050)
G3(-1.0137)
(-1.3750)
(-0.2017)
G4(7.9929)
(-10.6119)
(-4.2691)
A1(-1.6621)
(10.9548)
(-0.1772)
A2(12.0524)
(-8.4707)
(-1.1492)
A3(-0.6033)
(10.3430)
(-0.9002)
A4(5.7413)
(6.3973)
(-7.7428)
G1(-0.2703)
(0.3821)
(-0.1288)
G2(0.4071)
(-4.4437)
(1.5288)
G3(0.1905)
(-0.1948)
(-0.0995)
G4(-1.0813)
(4.2840)
(-2.4568)
A1(-0.3593)
(9.4268)
(-0.7808)
A2(15.1505)
(-4.1659)
(-9.0214)
A3(1.5514)
(8.1499)
(-3.8211)
A4(4.0079)
(-5.3870)
(-5.5019)
G1(-0.2293)
(0.5295)
(-0.1064)
G2(-0.6439)
(2.7127)
(-0.7673)
G3(0.2772)
(0.3964)
(-0.1362)
G4(0.1474)
(-2.1726)
(0.6747)
A1(-3.1039)
(9.5178)
(0.9484)
A2(2.9832)
(-0.9720)
(0.0814)
A3(1.5610)
(8.5138)
(-1.4461)
A4(10.1227)
(-5.0039)
(-4.4819)
G1(-0.1288)
(0.8040)
(0.0883)
G2(-0.6311)
(0.2852)
(-1.5559)
G3(0.2932)
(1.0488)
(-0.2182)
G4(1.5809)
(-0.8817)
(-1.4026)
A1(-1.1113)
(9.9441)
(1.3747)
A2(3.5099)
(0.0814)
(0.2155)
A3(1.5706)
(9.1554)
(-3.0550)
A4(8.3222)
(-5.8562)
(-3.6344)
G1(0.1687)
(0.7184)
(0.3533)
G2(-0.7721)
(0.6353)
(-0.5167)
G3(0.1985)
(0.5688)
(-0.1660)
G4(-1.1057)
(-2.9101)
(-2.3945)
A1(0.1724)
(9.0053)
(-0.6035)
A2(11.9950)
(4.7645)
(-3.7828)
A3(1.0151)
(9.0549)
(-5.4923)
A4(3.4620)
(-0.3065)
(-6.8714)
G1(0.4129)
(0.2985)
(-0.0915)
G2(-0.4587)
(1.8193)
(-1.1281)
G3(0.1884)
(0.8131)
(-0.2293)
G4(-2.4860)
(-2.5531)
(-2.2445)
A1(-0.3736)
(9.7956)
(-1.8058)
A2(7.7476)
(4.9321)
(0.6608)
A3(0.9050)
(8.1163)
(-3.8499)
A4(6.4835)
(1.7047)
(-10.4435)
G1(0.6300)
(2.6909)
(-0.4188)
G2(1.2467)
(1.9092)
(-1.3292)
G3(-0.1272)
(0.6651)
(-0.3347)
G4(-2.5791)
(-0.6135)
(-0.5970)
A1(-0.3497)
(11.3716)
(0.2587)
A2(6.9049)
(4.1420)
(2.3367)
A3(2.1835)
(8.5425)
(-3.4237)
A4(3.8355)
(3.3758)
(-11.8752)
G1(-0.3746)
(1.5612)
(-0.1490)
G2(0.2331)
(1.5559)
(-1.9608)
G3(-0.0335)
(1.4755)
(-0.4645)
G4(-2.6403)
(-0.3421)
(-0.3895)
A1(0.7281)
(9.6615)
(-1.4131)
A2(5.9472)
(8.9543)
(2.2027)
A3(2.6480)
(8.9830)
(-2.6719)
A4(3.7493)
(11.6693)
(-4.0270)
G1(-0.4550)
(1.3984)
(-0.3267)
G2(1.3500)
(0.9578)
(-1.7251)
G3(0.2506)
(0.9450)
(-0.3810)
G4(-2.4898)
(-2.3615)
(0.8551)
A1(-2.1699)
(9.0149)
(0.6275)
A2(4.0989)
(7.6567)
(4.3622)
A3(3.2753)
(8.6143)
(-3.9456)
A4(2.5666)
(2.7390)
(-4.0318)
G1(0.0314)
(0.9424)
(-0.2650)
G2(2.1162)
(-0.5672)
(-1.1334)
G3(0.4459)
(0.3044)
(-0.3592)
G4(-1.6299)
(0.9450)
(-1.1579)
