A1(1.1400)
(10.3513)
(2.0022)
A2(4.6304)
(8.5425)
(3.8690)
A3(0.4645)
(9.1028)
(-5.3678)
A4(1.8914)
(1.5371)
(-4.7788)
G1(0.1389)
(0.7492)
(-0.3257)
G2(-1.3595)
(0.7269)
(0.7801)
G3(-0.1394)
(1.0147)
(-0.4289)
G4(0.2921)
(4.5256)
(-3.4390)
A1(-0.0287)
(12.9427)
(3.2476)
A2(-1.5323)
(5.8658)
(5.5450)
A3(-2.3559)
(9.7683)
(-2.4086)
A4(2.4086)
(13.3405)
(-5.2241)
G1(-0.9440)
(3.9121)
(-0.8280)
G2(-0.1245)
(0.1783)
(1.0892)
G3(0.2176)
(0.2602)
(-0.3656)
G4(0.7168)
(-3.1278)
(0.9285)
A1(2.8884)
(7.2952)
(7.0557)
A2(0.5746)
(8.0014)
(6.0190)
A3(-2.6336)
(14.4801)
(0.5459)
A4(2.1931)
(9.3326)
(-7.9631)
G1(-3.5178)
(3.2523)
(-0.4491)
G2(-0.6470)
(4.0558)
(-0.3688)
G3(0.9227)
(1.3393)
(-0.8487)
G4(0.2980)
(1.3915)
(-0.4709)
A1(-1.8921)
(18.4177)
(3.8272)
A2(18.8280)
(10.6734)
(9.7396)
A3(-2.5762)
(19.4409)
(5.3678)
A4(-3.2178)
(11.7268)
(-6.7947)
G1(-6.4364)
(5.0040)
(1.0350)
G2(0.5337)
(-2.9452)
(0.0835)
G3(3.4007)
(2.4424)
(-2.0598)
G4(0.5183)
(0.9434)
(-0.5646)
A1(2.0549)
(11.5919)
(17.2346)
A2(-18.6269)
(19.2015)
(5.7317)
A3(2.0255)
(21.4185)
(-2.6959)
A4(-3.8451)
(7.5561)
(-5.6934)
G1(-7.3240)
(2.9325)
(-0.1224)
G2(2.6723)
(4.0425)
(-2.0965)
G3(3.9195)
(5.8032)
(-4.2830)
G4(0.3086)
(2.1567)
(-0.5683)
A1(-8.7083)
(6.8019)
(14.1977)
A2(-7.3981)
(14.2982)
(2.4229)
A3(14.2694)
(-2.1548)
(-20.2454)
A4(-4.1563)
(13.6134)
(0.5986)
G1(-6.5785)
(5.5941)
(1.3106)
G2(0.5167)
(2.0694)
(0.6348)
G3(-1.5053)
(-2.3844)
(-1.7608)
G4(0.4241)
(4.7981)
(-1.1105)
A1(0.1916)
(7.2856)
(10.6626)
A2(-1.0965)
(8.3845)
(3.9792)
A3(4.9321)
(2.7485)
(-22.1990)
A4(1.4365)
(20.8008)
(4.3958)
G1(-5.7090)
(6.3997)
(0.2623)
G2(1.5426)
(5.5148)
(0.6029)
G3(-1.0020)
(-0.0734)
(-4.9955)
G4(1.9789)
(8.2898)
(-4.3186)
A1(3.0944)
(8.8520)
(-0.7520)
A2(-10.2376)
(11.6646)
(9.2943)
A3(11.4874)
(-3.4524)
(-5.1140)
A4(11.7412)
(3.1029)
(-6.0238)
G1(0.6949)
(4.1042)
(-0.8195)
G2(0.7737)
(5.8852)
(1.6378)
G3(6.3167)
(-7.5480)
(-6.4854)
G4(-0.7492)
(5.4494)
(-2.8569)
A1(-8.7083)
(-8.7466)
(5.5996)
A2(3.7158)
(3.7445)
(19.3835)
A3(8.6862)
(-19.4505)
(8.6335)
A4(-10.4435)
(6.6990)
(-6.1244)
G1(0.6981)
(2.0263)
(-1.2622)
G2(-1.3532)
(12.6329)
(2.1242)
G3(-3.9610)
(-4.6273)
(-7.6449)
G4(-0.9754)
(2.3195)
(-0.7444)
A1(11.4865)
(0.6323)
(-4.1913)
A2(28.8932)
(5.2002)
(-1.1157)
A3(-2.0111)
(0.0431)
(-4.2090)
A4(15.6198)
(12.1194)
(-0.4453)
G1(-3.4539)
(-0.4172)
(4.6347)
G2(1.6735)
(-2.1109)
(1.3553)
G3(-4.0015)
(-3.1767)
(-8.8065)
G4(-1.0839)
(0.5055)
(0.4347)
A1(-15.7065)
(0.7281)
(1.0346)
A2(-6.3638)
(6.8618)
(1.0056)
A3(-20.0012)
(-19.9820)
(-4.1563)
A4(2.2697)
(9.1171)
(-1.1061)
G1(-0.1501)
(0.6465)
(1.7427)
G2(1.3404)
(2.2876)
(-0.1282)
G3(-9.7600)
(-0.8886)
(16.6014)
G4(0.0750)
(-0.4991)
(0.4220)
A1(-3.4201)
(2.3902)
(-1.9352)
A2(18.0475)
(9.6295)
(4.3000)
A3(-8.2408)
(5.5210)
(-9.5816)
A4(0.6177)
(8.8298)
(-4.6735)
G1(-0.1224)
(2.4174)
(1.8443)
G2(0.9073)
(1.1893)
(0.4821)
G3(3.0969)
(0.6604)
(3.7764)
G4(0.1101)
(-0.2123)
(0.4230)
A1(-7.9802)
(4.5314)
(1.4705)
A2(-1.0391)
(8.0493)
(1.2210)
A3(2.0255)
(-4.5250)
(-8.1307)
A4(0.1963)
(9.4475)
(-5.2433)
G1(0.4539)
(0.0011)
(2.0183)
G2(-0.1926)
(0.1054)
(0.1346)
G3(-2.2365)
(3.9712)
(1.0233)
G4(-0.0468)
(-0.3336)
(0.1990)
A1(-7.8030)
(6.5240)
(4.1338)
A2(1.8052)
(9.9647)
(0.8571)
A3(-4.5011)
(0.2777)
(-10.7835)
A4(0.7422)
(9.4140)
(-3.2178)
G1(1.1456)
(-2.3679)
(1.7581)
G2(-0.0713)
(-0.8157)
(0.0133)
G3(-3.6673)
(2.0683)
(-0.5699)
G4(-0.0357)
(0.0144)
(0.1139)
A1(-7.3623)
(8.1766)
(0.9053)
A2(-0.4980)
(10.3765)
(2.1644)
A3(-3.1891)
(-0.5602)
(-6.8761)
A4(0.9481)
(9.4140)
(-3.2513)
G1(1.3782)
(-0.2549)
(1.5740)
G2(0.1229)
(-1.0999)
(-0.0745)
G3(-3.9174)
(2.7925)
(-1.3723)
G4(0.0165)
(0.2166)
(0.0303)
A1(-6.7300)
(9.8675)
(0.7425)
A2(1.7669)
(9.1075)
(1.2641)
A3(0.2251)
(5.2194)
(-9.7492)
A4(0.3639)
(10.0078)
(-3.6727)
G1(2.1721)
(0.0862)
(0.9126)
G2(0.0591)
(-0.2767)
(0.1101)
G3(-3.8216)
(-0.0436)
(0.0575)
G4(0.0958)
(-0.1463)
(0.1799)
A1(-5.2547)
(7.6401)
(1.3700)
A2(-0.3160)
(8.9974)
(1.6089)
A3(-5.9520)
(4.8459)
(-10.5058)
A4(1.8196)
(8.7580)
(-3.8164)
G1(2.0007)
(0.6353)
(1.2542)
G2(-0.0202)
(-0.6572)
(0.0628)
G3(-3.5460)
(0.5076)
(-0.4427)
G4(0.0623)
(-0.2006)
(0.3459)
A1(-4.5170)
(8.1239)
(0.6419)
A2(0.2059)
(9.9599)
(2.5091)
A3(-6.7181)
(11.7795)
(-5.0613)
A4(1.0487)
(8.4036)
(-5.6982)
G1(0.2751)
(-0.3879)
(0.8647)
G2(-0.0149)
(-0.5167)
(0.1650)
G3(-2.6372)
(1.4160)
(-0.6061)
G4(0.1022)
(0.1235)
(0.2932)
A1(-3.5829)
(9.9441)
(-0.5173)
A2(2.0925)
(8.7149)
(0.3496)
A3(-4.4341)
(11.2767)
(-0.5986)
A4(1.2402)
(8.7819)
(-4.5873)
G1(0.3044)
(-1.3399)
(0.8924)
G2(-0.1048)
(-0.0857)
(0.2767)
G3(-1.6224)
(0.9700)
(-0.0676)
G4(0.1011)
(0.3257)
(0.3714)
A1(-2.4573)
(10.2028)
(0.5652)
A2(-0.3208)
(10.5584)
(1.6520)
A3(2.2170)
(12.1913)
(-3.9265)
A4(2.7198)
(8.7724)
(-4.9704)
G1(0.9621)
(0.2618)
(0.4299)
G2(-0.2900)
(-0.1410)
(0.2762)
G3(-0.3640)
(1.6799)
(-0.0537)
G4(-0.0777)
(-0.1000)
(0.4581)
