A1(-2.7399)
(9.9489)
(3.5829)
A2(2.3080)
(9.2943)
(3.7972)
A3(1.9968)
(7.7428)
(-7.8147)
A4(8.6000)
(7.0533)
(-3.9169)
G1(-0.2054)
(1.3361)
(-0.2458)
G2(0.1112)
(-0.0027)
(0.3086)
G3(-0.1421)
(-0.4970)
(0.1703)
G4(0.5385)
(2.3546)
(-1.0163)
A1(-0.4694)
(9.8244)
(0.2539)
A2(5.7221)
(6.6702)
(3.4477)
A3(0.8284)
(7.7668)
(-6.4308)
A4(5.7509)
(6.9384)
(-5.1475)
G1(0.1075)
(1.5091)
(-0.2714)
G2(-0.0990)
(0.2235)
(0.1639)
G3(-0.2123)
(0.6609)
(-0.2474)
G4(0.7050)
(2.7840)
(-1.6889)
A1(-0.9580)
(8.4448)
(-0.3784)
A2(5.3247)
(8.5329)
(2.4995)
A3(2.8252)
(9.1411)
(-3.5674)
A4(-3.1939)
(10.6303)
(2.4038)
G1(-0.2538)
(1.5309)
(-0.2810)
G2(-0.0713)
(0.9296)
(0.5885)
G3(0.0910)
(0.6306)
(-0.3384)
G4(-0.0133)
(6.2709)
(-4.6427)
A1(0.6035)
(10.5189)
(-0.1916)
A2(7.9296)
(6.2393)
(4.0318)
A3(0.4357)
(9.5816)
(-3.4189)
A4(6.6224)
(6.6176)
(-2.9880)
G1(0.2634)
(1.8017)
(-0.7891)
G2(-0.4113)
(2.7436)
(1.5053)
G3(0.2921)
(0.6667)
(-0.2128)
G4(-0.2464)
(4.8704)
(-2.8628)
A1(-0.4551)
(12.6936)
(1.3268)
A2(-0.6752)
(3.6440)
(8.8107)
A3(-1.5754)
(12.1769)
(-6.0094)
A4(8.3079)
(9.8210)
(-2.0590)
G1(-1.4745)
(3.1091)
(-1.5208)
G2(0.0740)
(1.5697)
(0.7338)
G3(1.4170)
(0.9663)
(-0.6008)
G4(2.2955)
(1.5814)
(-0.3624)
A1(-1.7196)
(5.1253)
(6.3276)
A2(7.8578)
(6.1770)
(9.3230)
A3(0.2634)
(15.5384)
(0.2825)
A4(-4.7884)
(6.1339)
(-13.7762)
G1(-4.0121)
(1.4516)
(-0.7636)
G2(-0.0165)
(4.4905)
(0.1905)
G3(2.1811)
(1.2829)
(-0.7620)
G4(0.7098)
(0.0415)
(0.0740)
A1(-15.3904)
(10.1166)
(1.1017)
A2(10.2185)
(12.5169)
(10.0748)
A3(-0.2538)
(13.8864)
(-9.4523)
A4(1.3982)
(8.3318)
(-8.6000)
G1(-6.9781)
(4.2181)
(1.3532)
G2(0.9206)
(0.1421)
(-0.4145)
G3(3.2837)
(-0.1916)
(-1.8081)
G4(0.5481)
(1.4633)
(-0.8732)
A1(2.4046)
(14.0109)
(23.6101)
A2(-5.3439)
(9.9359)
(2.6767)
A3(8.3893)
(14.7100)
(-6.5984)
A4(-3.8930)
(8.7484)
(-10.1945)
G1(-8.4883)
(5.4776)
(-0.5640)
G2(1.7879)
(2.7202)
(-1.2872)
G3(2.4961)
(5.0450)
(-4.9130)
G4(-0.0463)
(2.1928)
(-0.9110)
A1(-7.7886)
(6.9599)
(6.7156)
A2(-4.4388)
(13.0963)
(1.5179)
A3(23.3674)
(2.2793)
(-25.1439)
A4(-3.2657)
(21.1456)
(1.0726)
G1(-6.1619)
(6.0389)
(1.1861)
G2(1.3739)
(3.2352)
(1.4734)
G3(0.2341)
(-1.5357)
(-3.6583)
G4(0.8035)
(6.3109)
(-3.1368)
A1(5.6858)
(12.5739)
(10.8063)
A2(-4.8123)
(11.9471)
(0.7326)
A3(14.7004)
(-0.3783)
(-19.0100)
A4(-12.4834)
(-6.7325)
(-9.2033)
G1(-3.3667)
(9.1848)
(-1.8001)
G2(0.9275)
(6.7562)
(0.8870)
G3(2.1253)
(-2.7840)
(-8.6527)
G4(0.8365)
(7.4118)
(-4.9476)
A1(6.6438)
(1.7388)
(-33.0369)
A2(-7.6662)
(11.2480)
(15.9837)
A3(8.0972)
(-7.3071)
(6.1004)
A4(6.8522)
(14.8776)
(-3.6057)
G1(1.9443)
(4.4788)
(-2.0641)
G2(-0.2581)
(6.0549)
(2.3924)
G3(2.1987)
(-7.8689)
(-5.6111)
G4(-1.5405)
(-1.5053)
(1.8784)
A1(-23.1982)
(-6.5049)
(23.0928)
A2(-1.6520)
(0.5555)
(5.0757)
A3(3.5386)
(-20.2119)
(4.7549)
A4(-1.8148)
(14.1306)
(-4.6208)
G1(2.5227)
(11.0600)
(1.2691)
G2(-0.0495)
(10.6465)
(2.8197)
G3(-3.9605)
(-4.3021)
(-6.2454)
G4(-0.8556)
(0.7428)
(-0.1181)
A1(-6.2702)
(3.1375)
(4.9433)
A2(12.0093)
(9.9216)
(-0.7901)
A3(-18.9238)
(89.0882)
(-56.2542)
A4(4.2042)
(7.2736)
(-1.2210)
G1(-0.4055)
(-13.4050)
(2.7936)
G2(1.4926)
(-2.1338)
(0.3464)
G3(8.1626)
(-0.2192)
(-0.7093)
G4(-0.6923)
(1.5894)
(-0.2134)
A1(-25.4638)
(6.8833)
(31.5711)
A2(-6.6798)
(11.8609)
(-0.3065)
A3(-15.9214)
(-24.4448)
(13.7571)
A4(2.5714)
(12.7994)
(-0.2011)
G1(1.4213)
(1.1754)
(0.2682)
G2(0.6242)
(-1.7102)
(-0.7231)
G3(-7.5145)
(0.4672)
(13.0687)
G4(-0.3837)
(-0.2581)
(0.2405)
A1(-2.9794)
(2.3375)
(5.3601)
A2(5.7700)
(6.7181)
(3.0742)
A3(-6.9240)
(-2.6671)
(-5.6647)
A4(-0.9529)
(9.6055)
(-4.6639)
G1(0.2437)
(-2.2226)
(3.0352)
G2(0.8828)
(-0.4566)
(0.0484)
G3(-1.0419)
(3.9222)
(3.2007)
G4(-0.0750)
(-0.6135)
(0.2187)
A1(-13.9678)
(9.0388)
(1.5520)
A2(-0.6321)
(11.1043)
(1.5945)
A3(-0.5219)
(-2.1787)
(-8.5425)
A4(1.0822)
(8.5760)
(-5.3151)
G1(1.1105)
(-4.2287)
(2.2993)
G2(-0.1304)
(-1.2702)
(0.5151)
G3(-1.1361)
(4.0568)
(1.6719)
G4(-0.1144)
(-0.1937)
(0.0239)
A1(-5.6331)
(5.8007)
(5.8438)
A2(2.2458)
(11.5496)
(1.1684)
A3(-4.0366)
(1.7047)
(-12.2248)
A4(2.5235)
(8.6670)
(-4.3239)
G1(0.8647)
(-0.4145)
(1.2122)
G2(-0.2267)
(-0.5406)
(0.0814)
G3(-1.8858)
(1.2095)
(0.7439)
G4(-0.3214)
(-0.2629)
(-0.0883)
A1(-5.0822)
(7.9036)
(2.9698)
A2(1.5227)
(9.4571)
(1.5179)
A3(-5.2864)
(3.0502)
(-10.8649)
A4(1.4748)
(10.3573)
(-2.2984)
G1(0.7317)
(-0.9472)
(1.5442)
G2(0.1064)
(-0.3597)
(-0.0192)
G3(-1.7980)
(2.3860)
(-0.7471)
G4(-0.1591)
(-0.4864)
(0.0186)
A1(-8.0281)
(7.1324)
(4.0093)
A2(2.2314)
(8.6766)
(-0.8667)
A3(-1.1684)
(3.9887)
(-9.9934)
A4(1.3168)
(9.5912)
(-4.1276)
G1(1.0775)
(-0.4528)
(0.7343)
G2(0.4023)
(-0.6667)
(-0.2049)
G3(-2.1561)
(-0.0750)
(0.1522)
G4(-0.2022)
(-0.3161)
(-0.0229)
A1(-4.7805)
(8.0473)
(2.5483)
A2(1.1779)
(9.3805)
(0.6752)
A3(-4.1611)
(5.3343)
(-9.5241)
A4(0.5602)
(9.3996)
(-2.8443)
G1(1.5250)
(-0.5789)
(0.3980)
G2(0.1282)
(-0.9573)
(0.2256)
G3(-2.0726)
(0.7615)
(-0.2432)
G4(-0.1724)
(-0.6465)
(0.2341)
