A1(-1.9016)
(9.1681)
(2.1843)
A2(3.2801)
(9.6055)
(0.4022)
A3(-1.5467)
(9.2033)
(-1.5610)
A4(2.4038)
(7.6614)
(-4.0797)
G1(-0.0335)
(0.1075)
(0.0713)
G2(0.6763)
(-1.0876)
(0.1729)
G3(-0.0192)
(0.3847)
(-0.1293)
G4(-0.0990)
(0.4289)
(-0.0835)
A1(-3.7650)
(8.9813)
(-0.1102)
A2(4.7884)
(8.5712)
(0.8428)
A3(-0.7757)
(8.6670)
(-3.0215)
A4(2.5139)
(8.2744)
(-8.7915)
G1(0.0149)
(-0.0984)
(-0.0564)
G2(0.3459)
(-0.0362)
(-0.0910)
G3(-0.0660)
(0.0059)
(0.0090)
G4(0.1522)
(1.4383)
(-0.4778)
A1(-4.5266)
(9.0484)
(0.7568)
A2(3.4285)
(7.4939)
(-1.2737)
A3(-1.4605)
(9.4810)
(-1.3743)
A4(0.5171)
(8.1451)
(-5.2768)
G1(-0.1128)
(-0.0601)
(-0.4736)
G2(0.4895)
(0.3608)
(-0.0915)
G3(-0.0335)
(-0.1511)
(-0.0718)
G4(-0.0766)
(-0.0772)
(0.0431)
A1(-2.7064)
(3.6165)
(4.7996)
A2(2.7054)
(10.9702)
(0.9625)
A3(-0.2682)
(10.3142)
(-1.1253)
A4(0.7949)
(7.9152)
(-5.0757)
G1(-2.5100)
(-0.3533)
(-0.4299)
G2(-0.2565)
(0.9700)
(-0.1527)
G3(0.3113)
(-0.1713)
(0.0255)
G4(0.4257)
(0.6135)
(-0.4135)
A1(-3.0560)
(7.4773)
(-0.6467)
A2(4.5155)
(7.8961)
(-1.5850)
A3(-7.2688)
(9.0788)
(-5.8275)
A4(-2.9113)
(8.3606)
(-6.0334)
G1(-0.6284)
(-1.7634)
(-0.9647)
G2(-0.4262)
(-0.5726)
(-0.0772)
G3(0.6667)
(-3.2906)
(1.8448)
G4(0.6609)
(-0.4028)
(0.2528)
A1(2.3806)
(7.2761)
(12.4972)
A2(2.4804)
(8.0780)
(2.2170)
A3(1.9393)
(4.4388)
(-7.4364)
A4(-1.6951)
(7.9344)
(-7.1060)
G1(-0.4518)
(-1.1472)
(-1.2122)
G2(-0.7178)
(0.3528)
(0.2150)
G3(0.2240)
(-3.8466)
(3.3172)
G4(0.4507)
(-0.6646)
(0.9083)
A1(-12.4158)
(13.2349)
(11.4817)
A2(-1.6712)
(10.9894)
(4.6160)
A3(-7.8530)
(15.8831)
(2.1021)
A4(3.4955)
(23.0514)
(2.0446)
G1(2.4131)
(-2.1407)
(1.3154)
G2(-1.2143)
(-2.6882)
(0.4778)
G3(-1.4963)
(-9.7733)
(4.7981)
G4(1.7741)
(-4.1590)
(4.3553)
A1(8.2341)
(9.7573)
(-3.8177)
A2(2.2936)
(12.4642)
(4.1372)
A3(-10.1323)
(-5.2289)
(0.0431)
A4(-14.0875)
(34.7878)
(-0.9720)
G1(0.1969)
(2.0869)
(-0.7375)
G2(0.2964)
(-0.6066)
(-0.1485)
G3(0.2682)
(4.1420)
(0.7412)
G4(1.8730)
(-4.4820)
(4.8843)
A1(7.7934)
(12.7415)
(-0.7999)
A2(5.8371)
(12.5887)
(7.9966)
A3(-2.9305)
(7.7955)
(-14.8010)
A4(-40.6583)
(28.1750)
(-24.5885)
G1(2.4717)
(-4.9034)
(-0.8775)
G2(-0.9796)
(-5.3972)
(1.3526)
G3(-0.0835)
(2.7218)
(-0.4949)
G4(-0.5736)
(-3.1815)
(6.6440)
A1(10.9357)
(11.8793)
(16.2670)
A2(-3.3375)
(20.5901)
(5.5067)
A3(12.4307)
(10.0365)
(-2.8299)
A4(-7.2353)
(-5.9137)
(-17.6405)
G1(2.3988)
(-9.3631)
(-0.2240)
G2(-8.6144)
(-10.4938)
(-2.3514)
G3(-1.3941)
(-2.0252)
(0.1671)
G4(1.4851)
(5.7920)
(7.4969)
A1(4.8092)
(-2.8932)
(30.2826)
A2(-0.4453)
(17.6596)
(21.1839)
A3(14.1785)
(17.4489)
(3.9217)
A4(-11.2958)
(-5.0182)
(-11.1139)
G1(-2.6515)
(-12.8143)
(0.0495)
G2(-8.4287)
(-4.2920)
(0.3251)
G3(-0.9413)
(-5.8426)
(1.1744)
G4(2.0582)
(7.9817)
(7.5310)
A1(9.3981)
(6.0450)
(7.2282)
A2(17.0084)
(4.1084)
(8.7532)
A3(9.7061)
(1.8196)
(3.6296)
A4(-9.4236)
(-15.8927)
(-1.7669)
G1(0.6486)
(4.7273)
(-0.8759)
G2(-5.8410)
(-9.2284)
(-1.5256)
G3(-2.8723)
(-11.2824)
(5.8373)
G4(-5.3786)
(4.6858)
(2.3684)
A1(-8.0185)
(7.2809)
(-0.3305)
A2(-10.2855)
(17.7075)
(13.5703)
A3(-0.0335)
(15.2846)
(4.8507)
A4(-21.1552)
(70.5763)
(-41.0175)
G1(-0.3884)
(-2.0641)
(-0.3624)
G2(-0.3656)
(-7.3607)
(3.0692)
G3(-0.3363)
(1.9672)
(-1.7331)
G4(6.8350)
(4.2659)
(3.7972)
A1(-3.0081)
(9.9633)
(1.5184)
A2(-12.8425)
(6.6990)
(-1.5754)
A3(-3.3375)
(12.9431)
(1.2833)
A4(13.5991)
(-24.5741)
(7.6950)
G1(-0.2246)
(-0.4204)
(-0.2001)
G2(2.2790)
(-0.9003)
(3.3709)
G3(-1.0360)
(-2.5419)
(0.5545)
G4(-1.0366)
(3.4497)
(-8.0801)
A1(-3.2476)
(7.5922)
(-1.1257)
A2(4.4149)
(0.5219)
(-6.8235)
A3(4.4388)
(9.9695)
(-2.3798)
A4(13.6230)
(-13.9007)
(-0.0718)
G1(0.2144)
(0.0117)
(-0.3597)
G2(-2.4302)
(0.8924)
(-0.3863)
G3(0.1650)
(0.4299)
(0.0080)
G4(3.3512)
(-4.2995)
(-2.8628)
A1(-1.3795)
(9.6088)
(2.0693)
A2(-4.6112)
(2.1931)
(-4.9033)
A3(1.2450)
(9.8114)
(-5.9137)
A4(7.0390)
(-6.8378)
(-3.4764)
G1(-0.2017)
(0.1117)
(-0.2724)
G2(-3.8238)
(1.3510)
(-0.8062)
G3(0.2320)
(0.2836)
(-0.4411)
G4(1.1595)
(-5.6601)
(-1.5527)
A1(-2.2178)
(9.9537)
(-0.8191)
A2(7.6136)
(6.1292)
(-2.7198)
A3(3.0311)
(9.3230)
(-1.4796)
A4(3.8403)
(-2.5379)
(-6.7564)
G1(-0.0665)
(0.8652)
(0.2251)
G2(-2.1694)
(0.5406)
(-2.7947)
G3(0.0128)
(0.3326)
(-0.2155)
G4(-4.9050)
(-3.9994)
(-2.0444)
A1(-0.5940)
(8.8951)
(-1.4083)
A2(13.0676)
(4.3191)
(-3.8642)
A3(-0.2729)
(9.0261)
(-4.1132)
A4(6.2106)
(7.2401)
(-10.4627)
G1(-0.3991)
(2.0502)
(-0.1985)
G2(0.5513)
(3.5311)
(-1.7783)
G3(-0.0543)
(-0.2485)
(0.0016)
G4(-3.1262)
(-0.2645)
(-0.1495)
A1(2.6872)
(9.8627)
(0.9963)
A2(8.1259)
(3.9792)
(0.5028)
A3(1.2546)
(9.0357)
(-2.9209)
A4(0.2155)
(7.2305)
(-9.8258)
G1(0.1697)
(2.5834)
(-0.7082)
G2(0.1846)
(0.2879)
(-1.5703)
G3(-0.0053)
(0.1075)
(-0.0271)
G4(-2.9186)
(-1.1621)
(-1.0419)
A1(2.0262)
(9.0196)
(2.5387)
A2(6.1723)
(5.4492)
(5.2625)
A3(6.6176)
(7.9583)
(-3.3806)
A4(4.3431)
(10.6255)
(-9.8114)
G1(0.3719)
(-1.4936)
(-0.6923)
G2(0.0048)
(1.5804)
(-2.4051)
G3(0.3469)
(0.2863)
(-0.0005)
G4(-1.4511)
(0.1751)
(0.3390)
