A1(-2.2178)
(8.4448)
(7.1132)
A2(2.1739)
(8.9399)
(0.8475)
A3(-2.8683)
(11.1905)
(-2.7007)
A4(0.2729)
(7.9057)
(-6.9623)
G1(-1.6203)
(-1.0493)
(-0.9908)
G2(-0.1884)
(0.3182)
(-0.0436)
G3(0.3922)
(-1.4197)
(0.7726)
G4(0.0016)
(-0.1618)
(0.0665)
A1(2.8213)
(5.8534)
(5.0822)
A2(3.5434)
(9.6103)
(0.6752)
A3(5.8035)
(7.5274)
(-2.6528)
A4(-1.9249)
(8.8298)
(-6.5410)
G1(-0.3576)
(-3.6184)
(-0.1639)
G2(-0.2921)
(-0.3831)
(-0.0745)
G3(-0.1426)
(-3.3337)
(2.6818)
G4(-0.0325)
(-0.4821)
(0.4922)
A1(-2.6968)
(7.0988)
(8.5502)
A2(1.8100)
(9.3230)
(3.8164)
A3(-7.6710)
(6.8761)
(-5.4205)
A4(0.7997)
(12.1386)
(-2.0638)
G1(0.8833)
(0.1820)
(0.1165)
G2(0.1176)
(-1.3920)
(0.1799)
G3(-0.4688)
(-5.6675)
(3.5018)
G4(0.6593)
(-1.4920)
(1.3670)
A1(10.3752)
(11.7308)
(-3.9278)
A2(0.0192)
(10.1945)
(2.2936)
A3(3.2801)
(20.3794)
(-3.5482)
A4(-4.1994)
(28.7017)
(-2.7294)
G1(1.6235)
(-1.5069)
(1.3947)
G2(0.4885)
(-2.4871)
(-0.2884)
G3(0.0537)
(1.1776)
(0.4284)
G4(2.5706)
(-2.9798)
(3.6897)
A1(11.5009)
(12.9139)
(2.8309)
A2(2.9305)
(10.0413)
(8.1451)
A3(-2.4421)
(8.1738)
(-3.2274)
A4(-16.1178)
(23.1711)
(-23.8846)
G1(1.5543)
(-4.8938)
(-0.4874)
G2(-1.6373)
(-4.6363)
(1.1776)
G3(-0.2639)
(-0.4688)
(0.3847)
G4(0.4970)
(-2.7265)
(8.0796)
A1(8.2053)
(14.0348)
(4.0907)
A2(-2.8730)
(23.0274)
(8.3222)
A3(6.7373)
(8.1355)
(-3.0358)
A4(-6.0956)
(4.7645)
(-21.2845)
G1(1.4575)
(-7.1127)
(-1.7326)
G2(-8.2387)
(-3.9302)
(-1.3580)
G3(-0.5412)
(-1.0153)
(0.4448)
G4(1.3388)
(4.1148)
(6.7318)
A1(-2.3232)
(7.8509)
(14.0492)
A2(-6.0047)
(10.2568)
(20.6859)
A3(10.2999)
(12.1865)
(-2.2601)
A4(-2.5187)
(-6.9432)
(-8.1882)
G1(-0.1043)
(-9.7941)
(-0.0303)
G2(-8.0924)
(-3.4672)
(2.0279)
G3(-0.8732)
(-5.4669)
(1.2994)
G4(-0.0793)
(7.5704)
(4.9949)
A1(6.7683)
(0.5221)
(8.7083)
A2(12.0524)
(5.4779)
(14.3508)
A3(14.1689)
(4.1611)
(3.6057)
A4(-1.4940)
(-14.3269)
(5.3103)
G1(1.2308)
(1.3297)
(-0.1070)
G2(-5.9831)
(-7.6108)
(0.0176)
G3(-2.2546)
(-9.2811)
(3.7796)
G4(-6.0209)
(4.2282)
(3.2571)
A1(-11.6781)
(3.7698)
(2.4908)
A2(-4.0941)
(15.1697)
(4.8315)
A3(-5.6455)
(13.8289)
(2.9736)
A4(-23.2094)
(-2.0255)
(47.5632)
G1(-0.1107)
(-2.5786)
(0.5326)
G2(-1.3681)
(-3.7136)
(2.4057)
G3(-1.2654)
(-2.3498)
(-0.0793)
G4(11.9688)
(-16.9616)
(-4.9870)
A1(1.9783)
(8.8999)
(2.1364)
A2(10.1179)
(-0.5602)
(1.7478)
A3(-5.5881)
(12.7946)
(-3.5530)
A4(21.3706)
(-0.8571)
(-4.8028)
G1(-0.6412)
(-0.9429)
(-0.3890)
G2(0.6151)
(0.1027)
(1.0355)
G3(0.0420)
(0.4166)
(-0.1772)
G4(4.0600)
(0.3182)
(-0.8503)
A1(-1.2167)
(11.5775)
(2.9076)
A2(7.3454)
(-4.7884)
(-3.3279)
A3(1.4030)
(9.4667)
(-0.5363)
A4(9.7205)
(-6.1387)
(-3.3615)
G1(-0.5757)
(0.3044)
(-0.2826)
G2(0.2352)
(1.2590)
(-1.6623)
G3(0.0170)
(-0.9174)
(0.3517)
G4(2.6095)
(-1.1174)
(0.8317)
A1(-3.7075)
(5.9588)
(4.9960)
A2(5.6695)
(2.1596)
(-0.3543)
A3(0.3065)
(9.2129)
(-2.0255)
A4(8.1499)
(-3.2417)
(-4.5203)
G1(-1.1941)
(-0.1176)
(0.1101)
G2(-0.3501)
(-0.7269)
(-1.1435)
G3(0.5475)
(0.8157)
(-0.1144)
G4(1.7427)
(-0.6476)
(0.5225)
A1(-0.2635)
(24.5969)
(-2.5291)
A2(12.1099)
(-0.1628)
(-4.8746)
A3(3.7110)
(7.0437)
(-3.6057)
A4(5.3486)
(-4.5346)
(-1.6903)
G1(1.5841)
(2.6989)
(1.4255)
G2(-0.1277)
(-0.3022)
(-0.5018)
G3(1.3074)
(1.7342)
(-0.1442)
G4(0.9855)
(-1.1637)
(-0.9216)
A1(0.9676)
(9.0963)
(2.2465)
A2(4.5873)
(0.9960)
(2.5283)
A3(0.5124)
(25.8047)
(-16.0842)
A4(7.2449)
(-3.7637)
(-5.0566)
G1(0.2804)
(-1.3175)
(-0.8429)
G2(-0.6098)
(2.0577)
(-0.0873)
G3(-0.9817)
(0.6204)
(-0.4432)
G4(-4.5783)
(-4.7342)
(-0.4789)
A1(-1.2454)
(1.6382)
(-3.6931)
A2(15.1792)
(1.9968)
(-2.2027)
A3(-6.1818)
(7.8578)
(8.6766)
A4(0.8811)
(-1.9058)
(-3.6200)
G1(-0.4321)
(0.3336)
(-0.0016)
G2(0.6380)
(2.2067)
(-2.7308)
G3(-0.0734)
(0.0096)
(-0.6965)
G4(-3.4949)
(-1.6001)
(-1.6586)
A1(10.1070)
(21.8617)
(3.4967)
A2(1.4700)
(1.1492)
(-0.8284)
A3(-9.0692)
(-8.0541)
(-8.3031)
A4(1.3982)
(4.3287)
(-9.1746)
G1(0.0788)
(3.0224)
(1.6927)
G2(0.5475)
(2.8835)
(-1.9928)
G3(-1.0844)
(-3.5247)
(-0.4209)
G4(-1.8805)
(-0.5273)
(-0.4092)
A1(2.2848)
(14.1833)
(-0.2156)
A2(0.4597)
(-0.7566)
(4.2425)
A3(-19.7905)
(47.5967)
(-2.5331)
A4(11.9471)
(5.2002)
(-14.6142)
G1(2.2434)
(-4.4373)
(0.8977)
G2(2.2269)
(1.4585)
(-0.4906)
G3(0.9312)
(-0.3704)
(1.7054)
G4(-3.3161)
(-0.6353)
(-0.4502)
A1(-2.0980)
(11.1847)
(1.7819)
A2(22.3475)
(8.9687)
(-0.0622)
A3(-4.5921)
(20.2262)
(-9.0884)
A4(3.3758)
(12.1242)
(-3.3902)
G1(-0.8775)
(0.8732)
(-0.3757)
G2(1.6213)
(0.8067)
(-3.7674)
G3(0.1937)
(-0.9951)
(0.0952)
G4(-2.7787)
(-0.0059)
(-0.4496)
A1(0.4646)
(8.7083)
(-0.4119)
A2(6.4500)
(6.5074)
(1.4796)
A3(6.3494)
(8.7724)
(-3.6440)
A4(8.8681)
(5.4588)
(-4.8459)
G1(-0.6694)
(1.1249)
(0.4017)
G2(2.8511)
(3.5380)
(-1.8044)
G3(0.2187)
(0.8285)
(-0.5853)
G4(-1.7820)
(0.2857)
(0.0500)
A1(-0.2203)
(9.8292)
(2.1890)
A2(4.0701)
(5.7317)
(2.7869)
A3(7.1299)
(7.7476)
(-4.1037)
A4(2.2889)
(9.8354)
(-4.0941)
G1(0.2320)
(1.0807)
(-0.4119)
G2(0.5406)
(-0.1804)
(-0.7758)
G3(-0.0575)
(0.7077)
(-0.2783)
G4(-0.5555)
(0.5726)
(-0.4832)
