A1(1.9448)
(8.9430)
(3.4153)
A2(2.7821)
(6.1675)
(2.6240)
A3(1.3838)
(8.3222)
(-3.5865)
A4(1.0630)
(3.5434)
(-6.2872)
G1(0.4789)
(0.2155)
(-0.3358)
G2(0.4667)
(0.0367)
(0.6768)
G3(-0.0809)
(1.5117)
(-0.4715)
G4(-0.1288)
(-0.6742)
(0.0729)
A1(-6.0163)
(9.2687)
(-0.7089)
A2(7.2975)
(8.6335)
(-1.5036)
A3(1.8627)
(9.4954)
(-3.6823)
A4(2.6576)
(7.2927)
(-4.5729)
G1(0.2714)
(-0.4299)
(-0.5177)
G2(0.5726)
(2.1561)
(0.0335)
G3(0.2006)
(-0.1910)
(-0.2804)
G4(0.0101)
(-0.1149)
(-0.2006)
A1(-2.2657)
(8.8089)
(2.2178)
A2(3.5003)
(11.1043)
(2.1596)
A3(-1.2594)
(7.6088)
(-6.1004)
A4(0.4310)
(8.2791)
(-6.6128)
G1(0.3145)
(-0.1889)
(-0.0112)
G2(-0.2990)
(-2.0577)
(-0.3852)
G3(-0.3139)
(-0.0740)
(-0.2719)
G4(-0.0750)
(0.0442)
(-0.1740)
A1(-3.6596)
(8.7562)
(0.8047)
A2(4.2377)
(10.8074)
(-0.2873)
A3(-2.8491)
(9.2320)
(-2.5809)
A4(0.7518)
(8.2791)
(-5.4923)
G1(0.0585)
(0.3592)
(-0.4645)
G2(-0.2889)
(-0.5859)
(-0.2927)
G3(-0.3294)
(-0.0734)
(-0.2480)
G4(0.1059)
(0.1788)
(-0.2613)
A1(-1.1592)
(9.5465)
(1.3221)
A2(1.3024)
(9.2560)
(1.9441)
A3(-1.2019)
(9.4332)
(-1.9489)
A4(0.4884)
(8.0302)
(-6.2632)
G1(0.0059)
(-1.1542)
(0.0468)
G2(-0.1213)
(-0.4965)
(-0.2139)
G3(-0.1064)
(0.3054)
(-0.2778)
G4(0.1490)
(-0.4683)
(0.0250)
A1(-5.7337)
(7.4773)
(2.1938)
A2(3.0406)
(9.5050)
(1.3216)
A3(-1.4126)
(9.1985)
(-2.4804)
A4(0.5124)
(8.8921)
(-5.7940)
G1(-0.9940)
(-0.8775)
(-0.0021)
G2(-0.1399)
(-1.1951)
(-0.2341)
G3(-0.0330)
(-0.8487)
(0.0208)
G4(0.1745)
(-0.5406)
(0.0644)
A1(-6.2079)
(9.2017)
(4.8427)
A2(1.7095)
(9.3326)
(0.1437)
A3(-8.4276)
(10.1562)
(-0.5650)
A4(0.1532)
(8.0254)
(-6.0861)
G1(-1.3292)
(-3.1512)
(-1.0445)
G2(-0.0239)
(-0.8844)
(-0.2666)
G3(0.6848)
(-3.4156)
(1.4277)
G4(0.2847)
(0.1697)
(-0.1687)
A1(-10.6722)
(5.2307)
(3.6404)
A2(1.2402)
(8.6143)
(3.1268)
A3(-6.0047)
(13.7140)
(2.8012)
A4(-3.2705)
(11.6262)
(-3.4764)
G1(0.7694)
(-3.3491)
(0.2650)
G2(-0.5614)
(-1.2675)
(0.3704)
G3(-2.8122)
(-11.9225)
(5.4393)
G4(0.5417)
(-0.9456)
(1.5117)
A1(-2.2944)
(1.1496)
(2.8118)
A2(1.4222)
(11.8848)
(5.2864)
A3(2.3272)
(-9.4523)
(5.5881)
A4(-13.9390)
(27.3609)
(-3.1699)
G1(-0.3150)
(0.0128)
(-1.8789)
G2(0.2325)
(-0.4757)
(-0.2405)
G3(0.8572)
(5.0045)
(-0.3384)
G4(2.5398)
(-3.3012)
(4.6214)
A1(12.6218)
(17.7902)
(4.3015)
A2(-0.8859)
(4.1084)
(8.7771)
A3(8.6670)
(8.3175)
(-5.1906)
A4(-7.6854)
(-9.1889)
(-24.5214)
G1(2.4323)
(-6.6035)
(-1.5814)
G2(-4.9822)
(-1.8911)
(-0.3395)
G3(0.2426)
(-0.7551)
(0.6928)
G4(-0.7205)
(2.8692)
(4.5176)
A1(10.5908)
(2.2226)
(9.4028)
A2(5.1715)
(7.9775)
(17.1233)
A3(14.4322)
(11.7890)
(-9.1459)
A4(-3.7158)
(0.6847)
(-13.4171)
G1(0.1894)
(-10.3884)
(-2.7835)
G2(-6.8153)
(-3.8286)
(-0.2091)
G3(-1.3021)
(-3.8062)
(0.9253)
G4(0.0463)
(5.0540)
(7.5826)
A1(0.2682)
(15.5389)
(4.6894)
A2(6.0669)
(8.1451)
(11.8465)
A3(-9.6726)
(-9.4906)
(0.4693)
A4(-4.7166)
(-9.2991)
(5.0422)
G1(1.1095)
(-1.4442)
(1.5208)
G2(-4.8071)
(-7.6800)
(0.4470)
G3(-3.8514)
(-9.8696)
(3.5817)
G4(-5.5733)
(1.6900)
(5.7931)
A1(-3.5015)
(2.0214)
(6.1312)
A2(-13.9630)
(11.8848)
(2.6193)
A3(-10.6973)
(18.9764)
(5.6120)
A4(-49.3684)
(-42.0901)
(22.0123)
G1(-0.6811)
(-2.2051)
(-0.7019)
G2(1.3580)
(-2.6089)
(2.9931)
G3(-1.2260)
(-3.8232)
(0.8679)
G4(9.6243)
(-6.4471)
(-2.1189)
A1(-1.0394)
(9.4268)
(2.4573)
A2(-16.8983)
(9.8641)
(3.0454)
A3(-1.5993)
(9.0692)
(-3.1029)
A4(2.8730)
(-2.9832)
(-10.6638)
G1(-0.2730)
(-0.0282)
(-0.0952)
G2(-3.1842)
(-5.2786)
(-1.0084)
G3(0.2756)
(0.4901)
(-0.0474)
G4(0.6412)
(-4.3335)
(-2.7712)
A1(-3.6979)
(6.4282)
(4.1578)
A2(12.2104)
(4.3622)
(-0.7709)
A3(1.7573)
(9.3230)
(-2.8587)
A4(6.0621)
(-1.0056)
(-7.3741)
G1(-1.0142)
(4.1510)
(0.3368)
G2(-1.6942)
(-0.9759)
(-2.0816)
G3(0.3597)
(-0.0883)
(0.2097)
G4(-2.4765)
(-3.7328)
(-2.3706)
A1(-19.5817)
(15.9221)
(12.0709)
A2(3.8642)
(3.5913)
(-2.2027)
A3(20.9349)
(-2.8635)
(3.8978)
A4(0.6177)
(4.0462)
(-10.7021)
G1(-3.8403)
(4.7012)
(-1.4191)
G2(-0.4704)
(2.5190)
(-1.4644)
G3(1.0818)
(5.2892)
(-1.6357)
G4(-2.9213)
(-1.2866)
(-0.3022)
A1(-6.7875)
(7.2904)
(2.5914)
A2(2.4804)
(3.8068)
(6.2249)
A3(2.3703)
(-7.1060)
(-10.3238)
A4(6.8905)
(11.0947)
(-9.9024)
G1(-0.2432)
(0.6433)
(-1.0408)
G2(2.2530)
(1.8177)
(-1.3037)
G3(0.6811)
(2.2929)
(1.5633)
G4(-2.8282)
(-1.3617)
(1.1589)
A1(-2.6010)
(8.7514)
(2.3854)
A2(4.3191)
(8.3558)
(7.0437)
A3(4.5011)
(8.3749)
(-5.3534)
A4(8.7771)
(-5.2385)
(-5.2529)
G1(-0.0910)
(-1.1398)
(-0.1628)
G2(1.9310)
(-0.3645)
(-1.6086)
G3(-0.0202)
(0.8136)
(-0.6508)
G4(-1.3170)
(1.4293)
(-1.3862)
A1(-2.6345)
(8.6843)
(2.2465)
A2(8.4803)
(7.3981)
(3.1843)
A3(1.9776)
(7.7955)
(-4.7836)
A4(-4.9560)
(7.9296)
(-2.7773)
G1(0.7928)
(0.4768)
(-0.1282)
G2(1.0749)
(-2.1657)
(-1.1680)
G3(-0.2879)
(-0.3033)
(-0.3821)
G4(-1.0360)
(-1.0318)
(0.1666)
A1(-2.5004)
(9.3549)
(3.9901)
A2(7.2784)
(7.2975)
(-2.3176)
A3(0.1437)
(8.7484)
(-3.9648)
A4(0.0000)
(8.6143)
(-4.4388)
G1(1.0062)
(-0.4858)
(-0.3900)
G2(-1.1366)
(-2.7872)
(-0.2405)
G3(-0.4816)
(0.2575)
(-0.6188)
G4(-0.5236)
(0.0740)
(-0.2661)
