A1(-3.3003)
(9.3549)
(-0.9005)
A2(2.9688)
(8.8011)
(3.1268)
A3(1.8771)
(8.1068)
(-5.4731)
A4(-0.0622)
(8.7149)
(-1.9776)
G1(-0.1564)
(0.8716)
(-0.1905)
G2(-0.1809)
(0.1745)
(0.0660)
G3(-0.0862)
(-0.2501)
(0.0463)
G4(0.9679)
(3.2730)
(-1.4170)
A1(0.4072)
(8.9382)
(-0.1341)
A2(4.2713)
(7.8386)
(3.9840)
A3(1.8387)
(8.9543)
(-3.6536)
A4(-2.5570)
(6.6607)
(-4.0558)
G1(-0.1527)
(1.7166)
(-0.2490)
G2(-0.9120)
(0.6481)
(0.7146)
G3(0.1442)
(0.4523)
(-0.2160)
G4(0.5827)
(2.7856)
(-2.4717)
A1(-1.2550)
(11.8362)
(1.1257)
A2(-0.5219)
(6.4500)
(5.9711)
A3(0.0048)
(10.2472)
(-1.6807)
A4(0.8906)
(27.2700)
(-0.9290)
G1(-1.3665)
(2.4759)
(-0.7785)
G2(-0.2719)
(1.4245)
(0.7077)
G3(0.9269)
(0.6870)
(-0.2214)
G4(0.8386)
(-1.5160)
(-0.0399)
A1(-4.0572)
(0.4790)
(6.9120)
A2(6.4404)
(9.6822)
(5.9520)
A3(-0.0287)
(15.1218)
(-1.8627)
A4(1.2594)
(7.7381)
(-5.6695)
G1(-4.6464)
(4.3777)
(-1.4410)
G2(1.0046)
(1.9869)
(-0.5156)
G3(2.3259)
(0.4624)
(-0.3251)
G4(0.0415)
(-0.6678)
(0.0676)
A1(-3.5015)
(13.0337)
(-1.3987)
A2(-3.8499)
(11.9950)
(5.1188)
A3(6.4021)
(11.5017)
(-9.7923)
A4(-3.2705)
(8.4420)
(-6.8235)
G1(-5.8979)
(4.9976)
(1.6033)
G2(1.0711)
(0.9966)
(-0.0186)
G3(2.8681)
(0.2006)
(-1.5958)
G4(0.3448)
(1.5091)
(-0.4810)
A1(-10.3896)
(9.0723)
(18.6189)
A2(2.5235)
(8.3462)
(0.3687)
A3(9.9024)
(9.9886)
(-6.3063)
A4(-1.9632)
(10.1035)
(-4.6831)
G1(-6.3662)
(3.3763)
(-0.7056)
G2(1.7491)
(4.4660)
(-0.8647)
G3(1.8651)
(5.0881)
(-6.6998)
G4(0.3730)
(1.7969)
(-0.3629)
A1(-9.4364)
(6.1312)
(11.7931)
A2(-5.8706)
(13.0819)
(4.0749)
A3(14.5280)
(-2.6049)
(-16.9557)
A4(-3.6248)
(15.4234)
(-2.2266)
G1(-4.7055)
(6.4593)
(0.4081)
G2(1.3127)
(3.3097)
(0.6843)
G3(-0.3565)
(-1.4431)
(-4.3255)
G4(0.4885)
(4.7864)
(-1.0546)
A1(6.4091)
(12.6936)
(8.6316)
A2(-5.6838)
(9.9886)
(1.2210)
A3(9.8976)
(-2.3415)
(-8.6287)
A4(-6.8618)
(-5.2194)
(-5.1188)
G1(1.4340)
(5.8006)
(-1.4931)
G2(0.4699)
(3.4954)
(1.5554)
G3(6.2028)
(-4.7885)
(-7.3469)
G4(-0.0378)
(9.3673)
(-6.3231)
A1(-29.5881)
(3.0608)
(14.9018)
A2(-3.3902)
(4.7262)
(17.3867)
A3(4.0414)
(-5.5689)
(3.4524)
A4(0.2825)
(12.1530)
(0.5411)
G1(1.0781)
(-3.1650)
(0.9195)
G2(-1.5825)
(9.1545)
(1.6719)
G3(1.4931)
(-5.3818)
(-5.4526)
G4(-1.0908)
(-0.3203)
(1.4250)
A1(1.3795)
(-0.6083)
(1.1113)
A2(0.9864)
(5.5162)
(20.8296)
A3(-20.5997)
(37.8667)
(-4.7980)
A4(5.0996)
(7.2592)
(-2.0207)
G1(-1.7214)
(-8.7346)
(3.1161)
G2(2.7500)
(-0.1644)
(1.5224)
G3(1.3297)
(5.0269)
(-7.6619)
G4(-0.5390)
(-0.2692)
(0.2128)
A1(-4.2488)
(2.9267)
(3.3434)
A2(6.7421)
(7.1970)
(4.2138)
A3(-11.6406)
(21.7968)
(1.3072)
A4(2.7054)
(7.6902)
(-3.3519)
G1(-1.4819)
(2.1290)
(3.0628)
G2(0.4486)
(0.3437)
(-0.2448)
G3(-6.6642)
(-7.8891)
(7.0085)
G4(0.0990)
(-0.4044)
(0.2650)
A1(-15.1365)
(9.5178)
(10.0399)
A2(-0.3591)
(13.9917)
(6.0334)
A3(-3.5243)
(-7.9487)
(-4.1324)
A4(3.0263)
(8.6287)
(-4.8363)
G1(1.0578)
(-3.2177)
(2.6568)
G2(-0.2863)
(-0.2054)
(-0.1261)
G3(-0.7434)
(4.9290)
(0.4560)
G4(-0.0160)
(0.1160)
(-0.1713)
A1(-6.6534)
(7.8461)
(2.0453)
A2(-1.2402)
(12.7036)
(0.5028)
A3(-1.8196)
(-2.5331)
(-10.9176)
A4(0.6752)
(9.5529)
(-4.3287)
G1(0.4427)
(-0.8471)
(1.4521)
G2(0.0415)
(-1.2579)
(-0.0979)
G3(-3.0267)
(2.5807)
(0.4039)
G4(-0.1240)
(0.2783)
(-0.0724)
A1(-8.8664)
(7.4916)
(2.5196)
A2(0.0575)
(8.5329)
(1.0582)
A3(-0.9816)
(-1.5562)
(-9.9790)
A4(1.8004)
(9.7013)
(-2.2122)
G1(1.4117)
(-1.1648)
(1.5484)
G2(0.4432)
(-0.6114)
(0.1266)
G3(-2.9330)
(2.9836)
(-2.1306)
G4(-0.1447)
(-0.1612)
(0.1378)
A1(-4.6320)
(8.8999)
(1.4705)
A2(0.5890)
(7.9200)
(1.0774)
A3(-0.0670)
(1.8675)
(-11.8896)
A4(0.0383)
(8.5186)
(-3.5482)
G1(2.1716)
(-1.0185)
(0.8072)
G2(0.4741)
(-0.2373)
(-0.0197)
G3(-3.1107)
(-0.8445)
(0.0133)
G4(0.1314)
(0.5098)
(0.0192)
A1(-6.0307)
(8.2437)
(2.7591)
A2(1.3120)
(9.5529)
(0.1101)
A3(-1.6520)
(4.2282)
(-7.7907)
A4(0.5459)
(10.0604)
(-2.4421)
G1(1.3915)
(-0.7242)
(0.2437)
G2(0.1820)
(-1.0211)
(0.1298)
G3(-4.5804)
(-1.8166)
(1.6293)
G4(0.1852)
(0.3858)
(0.1463)
A1(-4.3062)
(7.4389)
(0.6467)
A2(0.3879)
(9.3709)
(0.6464)
A3(1.3647)
(10.9176)
(-6.6080)
A4(0.1245)
(9.3039)
(-4.3239)
G1(1.5985)
(0.1128)
(0.4949)
G2(-0.0654)
(0.1123)
(0.1644)
G3(-2.5627)
(2.1439)
(-0.9551)
G4(0.1554)
(0.2182)
(0.3698)
A1(-4.3015)
(11.0410)
(-1.3700)
A2(0.7230)
(9.1219)
(0.8667)
A3(-5.7317)
(18.9381)
(-8.3318)
A4(0.2729)
(9.3805)
(-3.8164)
G1(1.5314)
(-1.9784)
(-0.1618)
G2(-0.0511)
(-0.1075)
(0.1634)
G3(-0.5981)
(-1.0855)
(0.8439)
G4(0.0718)
(-0.0181)
(0.4017)
A1(-1.7819)
(8.1622)
(-3.2189)
A2(0.6273)
(9.8689)
(0.5171)
A3(4.4819)
(4.9321)
(-6.8522)
A4(2.4660)
(8.5281)
(-4.5298)
G1(0.8248)
(0.1437)
(0.5890)
G2(0.0947)
(-0.1469)
(0.2320)
G3(-0.6039)
(2.1987)
(-0.1075)
G4(0.0399)
(0.4129)
(0.3464)
A1(-2.1507)
(9.2687)
(-1.5759)
A2(1.9632)
(8.9304)
(0.3017)
A3(-0.8140)
(9.5912)
(-3.3088)
A4(2.4469)
(8.1642)
(-4.6687)
G1(0.3342)
(-0.2081)
(0.2261)
G2(-0.3459)
(0.0702)
(0.3315)
G3(-0.4081)
(-0.0543)
(0.2820)
G4(-0.2533)
(-0.0106)
(0.3134)
