A1(-3.2093)
(7.6641)
(2.9602)
A2(2.1883)
(9.4092)
(0.6847)
A3(-2.4134)
(9.2991)
(-2.7438)
A4(-0.4501)
(8.5760)
(-6.0765)
G1(-1.4633)
(-0.6220)
(-0.1325)
G2(-0.0037)
(0.2756)
(0.0293)
G3(0.3166)
(-0.3661)
(0.2309)
G4(0.1389)
(0.0474)
(-0.0090)
A1(-2.6872)
(6.7827)
(3.3147)
A2(2.0016)
(9.8402)
(1.2737)
A3(-4.2329)
(9.7444)
(-2.8587)
A4(0.4836)
(8.3510)
(-5.2433)
G1(-0.4778)
(-2.1120)
(-0.9174)
G2(-0.0490)
(0.1171)
(0.0176)
G3(0.5039)
(-1.8736)
(1.0131)
G4(0.0921)
(-0.3342)
(0.1751)
A1(1.0490)
(6.2797)
(4.5218)
A2(3.1077)
(9.3374)
(0.5507)
A3(0.7135)
(7.6758)
(-3.4812)
A4(-0.9912)
(8.3606)
(-5.1140)
G1(-0.2176)
(-2.5877)
(-0.5236)
G2(-0.0740)
(0.1985)
(0.0085)
G3(0.1176)
(-2.6622)
(1.7405)
G4(0.3331)
(-0.7327)
(0.5289)
A1(-7.5204)
(9.3406)
(11.3907)
A2(2.1165)
(8.9352)
(2.5283)
A3(11.7651)
(6.2297)
(0.9625)
A4(2.1117)
(12.3445)
(-1.5514)
G1(1.0844)
(-1.7416)
(-0.1139)
G2(0.0660)
(-2.1082)
(0.0516)
G3(-1.7262)
(-4.7603)
(4.6938)
G4(1.1978)
(-1.0621)
(1.2260)
A1(4.7996)
(7.2617)
(-0.7185)
A2(-1.8292)
(10.4387)
(3.1220)
A3(9.8928)
(14.7291)
(-3.5865)
A4(-14.2551)
(37.8811)
(-8.2552)
G1(1.2100)
(-2.4121)
(1.0967)
G2(0.3496)
(-2.1412)
(0.2506)
G3(1.4915)
(2.6031)
(-1.4686)
G4(2.3179)
(-1.6256)
(3.8594)
A1(4.5553)
(10.3225)
(2.0358)
A2(1.7478)
(9.0405)
(4.3287)
A3(-0.8475)
(8.2025)
(-0.1676)
A4(-9.6869)
(15.7203)
(-3.1364)
G1(2.3594)
(-4.4639)
(-1.6740)
G2(0.5193)
(-2.6063)
(0.5220)
G3(0.5071)
(1.3808)
(-0.4369)
G4(2.7904)
(-4.5698)
(8.3978)
A1(6.8881)
(10.2363)
(4.7086)
A2(-4.3574)
(10.5680)
(18.4258)
A3(5.7317)
(9.0405)
(-4.9129)
A4(-11.2288)
(-9.2608)
(-23.9133)
G1(1.4532)
(-6.7733)
(-1.2499)
G2(-6.6472)
(0.5055)
(1.6767)
G3(-0.4523)
(-1.2973)
(0.5731)
G4(1.4931)
(4.4697)
(5.8852)
A1(5.1301)
(10.3704)
(20.9229)
A2(5.5450)
(9.4715)
(27.7201)
A3(7.9487)
(11.3916)
(-0.9002)
A4(-8.8969)
(-5.2864)
(-8.3462)
G1(-1.1004)
(-11.6506)
(-1.0621)
G2(-8.0945)
(-6.8366)
(0.2240)
G3(-0.3938)
(-4.6544)
(1.0685)
G4(1.1627)
(8.6192)
(5.8687)
A1(-19.4667)
(1.8921)
(2.2513)
A2(1.5514)
(25.3019)
(16.7115)
A3(11.0899)
(13.7667)
(2.8778)
A4(-6.2058)
(-4.5586)
(-0.4310)
G1(2.0316)
(-9.4838)
(-0.1916)
G2(-11.3212)
(-2.5451)
(-0.0553)
G3(-0.7694)
(-8.9469)
(3.1528)
G4(-2.0486)
(8.8985)
(2.9740)
A1(-3.5063)
(11.4817)
(7.0509)
A2(-1.9058)
(9.3853)
(14.7866)
A3(0.1772)
(6.3207)
(4.5011)
A4(2.7102)
(-5.8466)
(-0.7805)
G1(0.4454)
(-0.3187)
(-0.1756)
G2(-5.0891)
(-10.2490)
(0.8801)
G3(-2.7595)
(-5.5058)
(2.4786)
G4(-6.8361)
(1.2292)
(4.1223)
A1(-5.5277)
(9.1969)
(2.6106)
A2(-4.4580)
(7.4795)
(-7.4508)
A3(-12.0955)
(15.1266)
(0.7183)
A4(-12.0907)
(-16.5200)
(1.2546)
G1(-0.7572)
(-0.2682)
(0.0436)
G2(0.9860)
(-1.1020)
(2.2998)
G3(-0.9482)
(-2.3088)
(0.1155)
G4(0.0032)
(-3.2097)
(-7.4836)
A1(-0.5317)
(10.5525)
(2.9794)
A2(5.1811)
(6.5984)
(-3.7493)
A3(1.8818)
(9.5720)
(-0.9146)
A4(9.3087)
(-11.7316)
(2.4756)
G1(-0.0835)
(1.4011)
(-0.3166)
G2(0.6577)
(-3.8413)
(1.0674)
G3(0.9088)
(3.4007)
(-0.8886)
G4(3.9046)
(-2.6260)
(-2.2349)
A1(-2.4525)
(9.4076)
(1.3508)
A2(2.4756)
(1.6568)
(-13.9390)
A3(1.9010)
(7.7045)
(-8.1259)
A4(4.5059)
(-4.5586)
(-2.5426)
G1(0.0506)
(0.7333)
(0.4177)
G2(-2.8665)
(1.3984)
(-0.6093)
G3(0.2645)
(1.6272)
(-0.5310)
G4(1.4580)
(-5.0604)
(-0.5353)
A1(-1.1257)
(9.0484)
(0.6419)
A2(0.2155)
(0.0287)
(7.2401)
A3(1.8866)
(8.6718)
(-4.9081)
A4(5.9424)
(-3.8834)
(-8.9304)
G1(0.2714)
(1.0956)
(0.1868)
G2(-2.1822)
(1.8102)
(-1.7017)
G3(0.0341)
(0.2607)
(-0.1724)
G4(-4.7417)
(-5.8250)
(-0.4076)
A1(-2.7639)
(9.4795)
(-0.3209)
A2(11.6646)
(2.9018)
(1.2498)
A3(0.5171)
(9.7348)
(-4.2665)
A4(4.6878)
(-0.1532)
(-14.3987)
G1(0.4629)
(0.1086)
(0.0788)
G2(0.1564)
(2.2136)
(-2.1721)
G3(-0.1602)
(0.1602)
(-0.1059)
G4(-4.8076)
(-2.9452)
(-1.0685)
A1(-0.7999)
(10.5668)
(0.6419)
A2(7.6471)
(3.3615)
(4.7357)
A3(2.5762)
(8.7005)
(-2.7198)
A4(3.4572)
(4.5969)
(-11.9279)
G1(0.7822)
(1.4617)
(-0.6332)
G2(0.4518)
(0.4033)
(-1.7315)
G3(-0.2288)
(0.0623)
(-0.2203)
G4(-2.5823)
(0.2118)
(-0.2240)
A1(-0.0958)
(8.2437)
(-0.2826)
A2(6.2441)
(4.5059)
(5.7413)
A3(1.7573)
(9.5241)
(-2.1165)
A4(1.9106)
(7.1635)
(-11.3342)
G1(-0.3602)
(1.0456)
(0.1522)
G2(0.8812)
(1.1387)
(-2.2684)
G3(-0.3065)
(0.7338)
(-0.2788)
G4(-2.8048)
(0.6784)
(0.4432)
A1(-0.2299)
(9.6998)
(-0.0144)
A2(5.8275)
(7.4364)
(3.3471)
A3(1.9728)
(8.7197)
(-1.6855)
A4(2.1979)
(10.0844)
(-7.6806)
G1(-0.4991)
(-0.0899)
(-0.3241)
G2(1.6756)
(0.8131)
(-1.8667)
G3(0.2001)
(-0.1564)
(-0.1708)
G4(-2.1865)
(-1.8523)
(0.5768)
A1(-0.7377)
(9.2256)
(-1.0490)
A2(6.9623)
(7.6375)
(4.1899)
A3(1.3408)
(9.5960)
(-2.4900)
A4(4.4580)
(11.0947)
(-3.4093)
G1(-0.4661)
(0.4305)
(-0.5161)
G2(2.4137)
(0.8008)
(-1.6964)
G3(0.3198)
(0.2293)
(-0.1442)
G4(-1.8741)
(-1.9066)
(0.4411)
A1(-2.1507)
(11.3237)
(2.3471)
A2(4.7501)
(9.2847)
(2.0973)
A3(2.1691)
(8.8729)
(-2.8539)
A4(1.6951)
(15.0835)
(-1.4653)
G1(0.8003)
(0.4108)
(-0.5821)
G2(1.8603)
(-0.4550)
(-1.3186)
G3(0.4518)
(0.4534)
(-0.5044)
G4(-0.2538)
(1.1419)
(-0.4661)
