A1(-2.0837)
(9.5130)
(-1.0107)
A2(1.4844)
(10.2855)
(1.8052)
A3(0.2298)
(7.6375)
(-7.2688)
A4(2.9544)
(9.9982)
(-2.7916)
G1(-0.1745)
(0.4491)
(0.0921)
G2(0.0867)
(0.3741)
(0.0979)
G3(-0.1314)
(0.0399)
(0.0426)
G4(0.0005)
(1.0227)
(-0.3193)
A1(-3.8225)
(9.3166)
(-0.7951)
A2(4.1515)
(9.2751)
(1.4940)
A3(1.3838)
(7.9296)
(-6.4500)
A4(0.3879)
(8.9495)
(-1.4988)
G1(-0.1314)
(1.9252)
(-0.3145)
G2(-0.3991)
(0.2325)
(0.0069)
G3(-0.3155)
(-0.4954)
(0.0521)
G4(0.8626)
(3.5875)
(-2.0013)
A1(-0.5030)
(9.4843)
(2.9028)
A2(3.6679)
(9.7205)
(1.5706)
A3(0.5650)
(8.9399)
(-4.7932)
A4(-6.7181)
(13.7092)
(3.4668)
G1(0.1974)
(2.5547)
(-0.3916)
G2(-0.5507)
(0.5593)
(-0.0702)
G3(-0.3672)
(0.2985)
(-0.2389)
G4(2.0907)
(7.0271)
(-3.8536)
A1(0.0287)
(11.9607)
(0.7329)
A2(4.9608)
(7.5561)
(4.1851)
A3(-0.3112)
(9.4044)
(-3.7589)
A4(6.9192)
(2.6288)
(-7.7812)
G1(-0.0644)
(2.3727)
(-1.0445)
G2(-1.2122)
(1.6506)
(1.3266)
G3(0.1517)
(1.2063)
(-0.4395)
G4(2.1253)
(2.6999)
(-1.2978)
A1(-1.3891)
(4.5889)
(6.3995)
A2(3.1460)
(6.9192)
(8.2361)
A3(-0.1628)
(16.6636)
(3.0071)
A4(0.1484)
(9.0453)
(-10.0892)
G1(-5.2115)
(2.6175)
(-1.7757)
G2(-1.3308)
(6.3167)
(0.0761)
G3(1.6857)
(1.2531)
(-0.6880)
G4(0.2320)
(-0.9206)
(-1.1361)
A1(1.6430)
(11.8506)
(10.8399)
A2(7.0342)
(8.0828)
(3.6009)
A3(-4.0989)
(26.6762)
(10.0987)
A4(5.1427)
(7.6998)
(-0.5507)
G1(-8.9581)
(-0.8242)
(-0.3640)
G2(0.9376)
(1.6203)
(0.8402)
G3(3.6003)
(1.3361)
(-0.8987)
G4(-0.0420)
(-1.9129)
(-0.1176)
A1(-9.6998)
(7.7072)
(17.8573)
A2(8.9304)
(4.5442)
(-0.2777)
A3(12.3301)
(9.6151)
(-12.4403)
A4(-5.1763)
(9.6822)
(-4.3814)
G1(-7.3272)
(4.7933)
(0.1133)
G2(0.0617)
(1.7964)
(0.1016)
G3(1.9662)
(3.4891)
(-6.2103)
G4(-0.1618)
(0.4576)
(0.0096)
A1(-12.6792)
(1.4897)
(14.3126)
A2(5.3103)
(9.6007)
(2.7390)
A3(14.4179)
(0.2059)
(-18.4258)
A4(-4.4197)
(13.7140)
(-4.3718)
G1(-5.0891)
(6.2167)
(0.2921)
G2(0.9530)
(1.0382)
(2.3918)
G3(-3.7285)
(0.2533)
(-4.5038)
G4(0.0378)
(4.6278)
(-0.9365)
A1(-3.9709)
(12.0086)
(13.4504)
A2(-10.9511)
(10.1514)
(5.4348)
A3(4.7549)
(8.2361)
(-19.1057)
A4(-8.7245)
(21.8351)
(6.1052)
G1(-5.0843)
(5.6803)
(-0.4794)
G2(1.0855)
(4.9774)
(-0.3219)
G3(-0.5640)
(-2.4376)
(-5.3147)
G4(1.3627)
(8.4930)
(-3.0740)
A1(2.0549)
(9.0867)
(-2.2753)
A2(-13.0484)
(18.3109)
(8.5425)
A3(6.7852)
(-4.3862)
(-5.0326)
A4(1.8531)
(-0.2873)
(-5.3247)
G1(0.3272)
(4.8028)
(-1.3941)
G2(1.0972)
(6.2470)
(2.2833)
G3(4.7315)
(-5.6468)
(-6.3603)
G4(-1.0201)
(4.1547)
(-2.8766)
A1(8.5071)
(-10.9931)
(3.8560)
A2(8.9304)
(11.9231)
(3.6966)
A3(9.2895)
(-18.0666)
(4.1372)
A4(-7.6471)
(12.3301)
(0.4693)
G1(0.4576)
(-2.0736)
(-0.1740)
G2(-0.7705)
(10.6651)
(-0.0564)
G3(-3.3943)
(-2.6520)
(-7.0223)
G4(-0.2666)
(1.9693)
(-0.7024)
A1(-26.7619)
(9.3406)
(4.0045)
A2(5.2002)
(5.0805)
(-1.9297)
A3(20.9205)
(-9.4810)
(84.6829)
A4(-0.5171)
(8.1642)
(1.6520)
G1(-0.5273)
(-3.5545)
(1.6650)
G2(2.1364)
(0.2810)
(-1.3585)
G3(8.4888)
(17.4357)
(9.4035)
G4(-0.1612)
(-1.8438)
(0.4959)
A1(-0.8957)
(-2.2944)
(1.9495)
A2(-1.1636)
(10.3765)
(4.4724)
A3(-12.6988)
(25.3881)
(-5.3343)
A4(2.7677)
(7.9296)
(-7.0677)
G1(0.5853)
(1.4074)
(2.0912)
G2(0.5321)
(0.4523)
(0.7923)
G3(-11.9199)
(-5.0492)
(4.9646)
G4(0.3523)
(-0.3954)
(0.2682)
A1(-16.5687)
(6.2558)
(4.9242)
A2(2.8299)
(4.2713)
(3.9552)
A3(-2.4277)
(-2.5905)
(-3.1412)
A4(0.7518)
(7.9344)
(-3.5434)
G1(0.9796)
(-3.3310)
(2.1545)
G2(-0.8567)
(-1.8581)
(0.2528)
G3(-3.4694)
(6.4524)
(0.5497)
G4(0.0601)
(-0.9557)
(0.3108)
A1(-8.6077)
(5.9540)
(2.8597)
A2(4.0893)
(10.7212)
(3.0406)
A3(-4.1994)
(1.0582)
(-12.2918)
A4(0.1724)
(8.9543)
(-4.7549)
G1(1.2760)
(-0.7572)
(2.1056)
G2(-0.0548)
(-0.4284)
(-0.1027)
G3(-3.4321)
(1.1983)
(0.1320)
G4(0.0564)
(0.1272)
(0.0027)
A1(-8.5119)
(6.8306)
(3.0129)
A2(1.3024)
(7.9487)
(1.4940)
A3(-4.5825)
(2.8395)
(-11.6502)
A4(1.0008)
(8.5473)
(-4.1994)
G1(1.1935)
(-1.0882)
(1.8842)
G2(-0.0303)
(-1.1957)
(0.0000)
G3(-2.0603)
(1.9113)
(0.2762)
G4(0.0277)
(-0.0697)
(0.1101)
A1(-6.2127)
(7.3335)
(3.8512)
A2(0.3879)
(9.1028)
(0.8523)
A3(-1.7765)
(5.3678)
(-9.2991)
A4(1.2163)
(8.8107)
(-4.2569)
G1(0.9248)
(-0.6194)
(1.3138)
G2(0.1522)
(0.8008)
(-0.2118)
G3(-2.4238)
(0.8008)
(-0.2528)
G4(0.0516)
(0.2192)
(0.1501)
A1(-6.4570)
(7.4533)
(1.7484)
A2(0.0862)
(9.6199)
(1.8340)
A3(-2.5474)
(6.5074)
(-8.4132)
A4(0.7183)
(8.9926)
(-3.7972)
G1(1.9529)
(-0.9732)
(0.6135)
G2(0.0952)
(-0.8258)
(0.1713)
G3(-3.0102)
(0.7689)
(-0.4406)
G4(0.0261)
(0.2160)
(0.2075)
A1(-7.1994)
(6.9982)
(1.3125)
A2(0.0766)
(8.9399)
(1.1540)
A3(-2.4421)
(8.2648)
(-8.1211)
A4(0.7949)
(9.2368)
(-3.1795)
G1(1.6022)
(0.0277)
(0.6157)
G2(-0.1293)
(-0.2698)
(-0.1139)
G3(-2.6340)
(1.0919)
(-0.7561)
G4(0.1011)
(-0.1288)
(0.2474)
A1(-4.5074)
(8.2053)
(3.8225)
A2(0.5267)
(9.0214)
(0.9337)
A3(-4.0606)
(10.2855)
(-2.3846)
A4(0.5938)
(8.5952)
(-5.9616)
G1(0.7024)
(-0.5257)
(0.8099)
G2(-0.0059)
(-0.4730)
(0.2677)
G3(-1.8172)
(1.0339)
(-0.4821)
G4(0.0708)
(0.3688)
(0.2607)
