A1(-2.6968)
(8.3490)
(-1.5711)
A2(3.3902)
(8.4707)
(3.6009)
A3(1.0965)
(7.5896)
(-5.7844)
A4(2.9497)
(8.6191)
(-3.6440)
G1(-0.2506)
(-0.4709)
(0.1692)
G2(-0.0952)
(0.1825)
(0.0271)
G3(-0.0293)
(0.1815)
(-0.0112)
G4(-0.2629)
(-0.1804)
(0.0537)
A1(-4.6272)
(9.0771)
(-1.1688)
A2(3.0071)
(8.2696)
(3.4141)
A3(0.4310)
(7.7189)
(-5.5115)
A4(4.6639)
(10.0604)
(-2.1596)
G1(0.0282)
(1.0360)
(-0.1048)
G2(-0.4220)
(-0.1277)
(-0.1884)
G3(0.0330)
(-0.1410)
(0.0750)
G4(0.0926)
(1.1951)
(-0.5502)
A1(-2.3423)
(10.0303)
(-1.0203)
A2(3.2944)
(9.2560)
(2.3846)
A3(1.5897)
(7.8913)
(-6.0047)
A4(5.4348)
(10.9702)
(-1.5371)
G1(0.0303)
(1.6634)
(-0.3145)
G2(-0.2698)
(0.2166)
(-0.0644)
G3(-0.0266)
(0.0607)
(-0.0053)
G4(0.6976)
(2.5845)
(-0.8642)
A1(-0.1006)
(9.6136)
(-0.0240)
A2(4.1707)
(8.6335)
(3.8020)
A3(2.2458)
(9.2799)
(-4.5442)
A4(-0.0958)
(10.6590)
(2.0734)
G1(0.1070)
(1.8486)
(-0.1990)
G2(-0.3725)
(0.4629)
(0.3927)
G3(-0.0351)
(0.6721)
(-0.4097)
G4(1.7842)
(4.7177)
(-3.3624)
A1(-0.9724)
(9.6615)
(-1.3077)
A2(6.8187)
(7.4986)
(7.1251)
A3(1.0582)
(8.6862)
(-4.8459)
A4(3.5769)
(3.5721)
(-3.9744)
G1(0.3868)
(1.1249)
(-0.5082)
G2(-1.0099)
(1.1100)
(0.8131)
G3(0.1213)
(0.7732)
(-0.3113)
G4(0.7444)
(5.3307)
(-3.4885)
A1(1.0059)
(12.4828)
(3.1806)
A2(-0.6608)
(4.3766)
(7.9104)
A3(-0.1628)
(11.3581)
(-3.7206)
A4(-5.5689)
(13.5703)
(-4.7932)
G1(-0.3555)
(3.9488)
(-1.3138)
G2(-0.4017)
(2.1944)
(0.8775)
G3(0.9397)
(0.5561)
(-0.5082)
G4(1.5043)
(0.7630)
(-1.3851)
A1(3.1423)
(5.9396)
(6.3803)
A2(5.9520)
(6.5266)
(5.6072)
A3(-0.8906)
(16.8360)
(3.3279)
A4(7.2832)
(36.3823)
(-3.5003)
G1(-3.4438)
(1.7129)
(-0.8120)
G2(0.0963)
(4.6735)
(0.8141)
G3(1.8299)
(2.4578)
(-1.2196)
G4(0.6678)
(-1.2249)
(1.6602)
A1(-5.1253)
(19.9888)
(-1.0825)
A2(7.7668)
(8.2408)
(11.7412)
A3(-2.3128)
(19.9581)
(-2.8826)
A4(0.3783)
(10.8888)
(-7.3646)
G1(-6.0033)
(6.8914)
(1.1935)
G2(0.5768)
(-0.3304)
(-0.4161)
G3(4.0451)
(0.9312)
(-1.8390)
G4(0.1330)
(1.8863)
(-0.8679)
A1(-6.0833)
(26.4458)
(4.2200)
A2(-7.8865)
(8.9974)
(-3.4620)
A3(25.1487)
(22.2278)
(-13.3261)
A4(-7.5465)
(10.7595)
(-4.5633)
G1(-7.9428)
(4.0015)
(-0.4496)
G2(1.9858)
(1.5335)
(-0.0309)
G3(0.8838)
(4.9460)
(-5.1812)
G4(-0.0176)
(4.0967)
(-1.2106)
A1(-12.9762)
(5.3984)
(11.2949)
A2(1.8483)
(12.9431)
(6.0573)
A3(20.4561)
(0.7326)
(-21.4760)
A4(-4.7692)
(20.4848)
(7.9918)
G1(-5.4345)
(3.5540)
(-0.5550)
G2(2.5600)
(6.7536)
(1.1893)
G3(-2.1604)
(-4.1350)
(-3.0921)
G4(1.1595)
(6.3220)
(-2.3913)
A1(12.3104)
(15.1701)
(7.9754)
A2(-8.1547)
(12.8233)
(3.7254)
A3(14.6477)
(4.3383)
(-14.8297)
A4(-4.1420)
(-28.0313)
(-9.5624)
G1(0.6183)
(6.2869)
(-2.5105)
G2(1.2435)
(4.7225)
(1.6756)
G3(5.6345)
(-2.2950)
(-11.5085)
G4(0.7317)
(7.1686)
(-5.5632)
A1(2.5196)
(1.6574)
(-21.1720)
A2(-1.5036)
(4.9799)
(11.5017)
A3(14.8249)
(-7.2688)
(2.1644)
A4(5.4396)
(23.7648)
(-9.4475)
G1(3.1767)
(5.4185)
(-1.6937)
G2(0.2240)
(6.5721)
(1.8406)
G3(8.5356)
(-7.7071)
(-7.9295)
G4(-1.1845)
(-0.9009)
(1.8331)
A1(11.4386)
(-3.0129)
(6.2462)
A2(18.9860)
(13.5847)
(-18.2247)
A3(5.8562)
(-22.9317)
(0.7949)
A4(15.7251)
(6.4308)
(-6.4548)
G1(-3.4172)
(1.8055)
(-0.0404)
G2(5.7899)
(9.3439)
(2.1923)
G3(-1.3313)
(-1.2542)
(-8.4308)
G4(-1.3404)
(0.7098)
(0.8796)
A1(-13.0145)
(-0.6035)
(-6.7540)
A2(-21.8064)
(4.5490)
(-6.6942)
A3(49.9383)
(-9.4236)
(47.5010)
A4(1.6807)
(10.8984)
(2.3272)
G1(-0.1655)
(-0.5906)
(0.9764)
G2(2.3695)
(2.3849)
(0.6604)
G3(0.5071)
(3.8403)
(7.3623)
G4(-0.6274)
(0.8024)
(0.3475)
A1(-2.9555)
(1.3029)
(5.1158)
A2(19.3787)
(9.0357)
(4.9895)
A3(-21.8303)
(26.3027)
(-4.1851)
A4(6.8283)
(8.8538)
(-0.0814)
G1(-1.5586)
(3.2714)
(3.2656)
G2(1.0296)
(3.4279)
(-0.7742)
G3(-11.6485)
(-8.9038)
(10.6619)
G4(-0.2320)
(0.1671)
(0.2799)
A1(-15.6874)
(9.7908)
(2.7543)
A2(-1.9824)
(7.6614)
(3.8595)
A3(-4.7357)
(-6.3159)
(-1.5754)
A4(-1.0965)
(9.3613)
(-2.9880)
G1(-0.0069)
(-1.9981)
(3.0655)
G2(0.6699)
(0.9562)
(0.4778)
G3(-0.7535)
(5.1562)
(0.8615)
G4(0.0404)
(-1.3149)
(0.4970)
A1(-8.7610)
(5.2595)
(-1.3125)
A2(8.8490)
(7.4124)
(3.8930)
A3(-1.9010)
(-6.1004)
(-14.4179)
A4(1.8292)
(8.7101)
(-4.6974)
G1(0.4560)
(2.3211)
(2.1189)
G2(0.0069)
(1.0366)
(0.1240)
G3(-2.6132)
(4.0323)
(1.0334)
G4(0.1181)
(-1.1009)
(0.3666)
A1(-4.5074)
(8.4784)
(0.9341)
A2(-2.7869)
(8.7532)
(2.4565)
A3(-5.3917)
(-2.0016)
(-12.0907)
A4(0.1724)
(8.1738)
(-5.0661)
G1(0.5018)
(-1.5735)
(2.4057)
G2(-0.2293)
(-0.4699)
(-0.1767)
G3(-2.7617)
(4.0866)
(-1.1691)
G4(0.0011)
(-0.1692)
(0.2192)
A1(-10.7584)
(8.3490)
(0.3209)
A2(5.2577)
(10.6590)
(1.1013)
A3(1.0726)
(1.0582)
(-7.9009)
A4(1.8627)
(9.8162)
(-3.1173)
G1(1.6501)
(-2.2785)
(0.8679)
G2(-0.1644)
(-0.6955)
(-0.0298)
G3(-3.2560)
(2.9229)
(-2.3599)
G4(0.0516)
(0.1235)
(0.0521)
A1(-5.8055)
(8.2149)
(2.9507)
A2(0.7949)
(9.4667)
(0.8475)
A3(-2.9113)
(8.2552)
(-10.2472)
A4(1.0199)
(9.3278)
(-4.0127)
G1(2.1625)
(-0.5273)
(1.0797)
G2(0.0000)
(-0.3922)
(0.0803)
G3(-4.2984)
(-0.3331)
(-0.5066)
G4(0.0037)
(0.0756)
(0.2762)
