A1(-3.5111)
(9.4220)
(0.5461)
A2(4.3958)
(7.7524)
(3.6583)
A3(1.0056)
(6.9767)
(-6.7373)
A4(2.7773)
(8.8490)
(-3.9265)
G1(0.0750)
(0.2783)
(-0.0021)
G2(-0.0223)
(-0.1112)
(0.0011)
G3(-0.0628)
(0.1463)
(-0.0474)
G4(-0.0814)
(0.0250)
(-0.1235)
A1(-4.4643)
(9.2017)
(0.3593)
A2(4.5586)
(8.6526)
(3.9313)
A3(0.6704)
(7.1347)
(-6.7708)
A4(3.5530)
(9.3996)
(-4.0749)
G1(0.4635)
(0.4161)
(-0.1133)
G2(0.0074)
(0.1298)
(-0.0202)
G3(-0.0830)
(0.2230)
(-0.1075)
G4(0.0016)
(0.5603)
(-0.4049)
A1(-1.9783)
(10.4040)
(-0.4886)
A2(4.0749)
(8.1116)
(3.4860)
A3(0.3400)
(7.7381)
(-7.0820)
A4(3.7397)
(9.9120)
(-2.9688)
G1(0.3081)
(1.8060)
(-0.4385)
G2(0.1016)
(0.3852)
(0.0250)
G3(-0.2538)
(0.5784)
(-0.2304)
G4(0.5561)
(2.4483)
(-1.5649)
A1(-0.5030)
(12.4924)
(1.8681)
A2(4.9321)
(8.1786)
(4.1659)
A3(0.9433)
(7.6567)
(-7.7189)
A4(-5.9328)
(11.0133)
(-3.2082)
G1(0.8673)
(2.8010)
(-0.6348)
G2(0.0106)
(0.8365)
(0.1139)
G3(-0.3017)
(0.2160)
(-0.2905)
G4(0.9392)
(4.1899)
(-3.6248)
A1(-2.6824)
(10.7105)
(1.6861)
A2(6.2968)
(7.8721)
(3.1077)
A3(2.6001)
(7.9918)
(-6.1914)
A4(-9.8067)
(9.3470)
(0.4214)
G1(0.1564)
(3.1075)
(-1.2207)
G2(-0.2363)
(2.0039)
(0.3363)
G3(-0.1650)
(0.3922)
(-0.4518)
G4(0.5422)
(6.9143)
(-6.4178)
A1(-0.4934)
(7.2138)
(5.8103)
A2(1.7430)
(7.8195)
(5.7604)
A3(-3.8547)
(14.2216)
(-2.1356)
A4(-5.5306)
(32.5994)
(-1.7861)
G1(-3.8552)
(2.0109)
(-0.4129)
G2(0.6034)
(0.1650)
(1.7597)
G3(0.8003)
(2.2413)
(-1.2872)
G4(-0.7678)
(-6.8265)
(2.7973)
A1(-2.5148)
(12.9523)
(-2.9794)
A2(-2.8778)
(6.9192)
(13.1202)
A3(-3.7493)
(19.2637)
(7.7476)
A4(-1.0343)
(8.0924)
(-9.7540)
G1(-4.6374)
(5.6478)
(1.2835)
G2(1.0419)
(4.6214)
(0.5087)
G3(2.0013)
(1.8933)
(-1.6086)
G4(0.3044)
(1.0626)
(0.1735)
A1(14.5330)
(17.9626)
(15.9077)
A2(13.9821)
(1.5371)
(3.8307)
A3(-4.3239)
(18.8998)
(2.2027)
A4(-1.1301)
(9.8019)
(-2.8204)
G1(-8.3334)
(4.7534)
(0.7285)
G2(1.3580)
(-2.3557)
(-0.2043)
G3(3.9823)
(7.7992)
(-5.0652)
G4(0.0383)
(1.7352)
(-0.5268)
A1(-11.9416)
(21.3109)
(16.0897)
A2(-24.3634)
(22.0841)
(-2.7533)
A3(33.8540)
(24.0617)
(-0.1532)
A4(-7.4747)
(9.1985)
(-5.0087)
G1(-7.7827)
(2.6084)
(1.7107)
G2(1.0233)
(-0.4065)
(-2.3668)
G3(0.2203)
(7.2809)
(-3.8599)
G4(-0.4033)
(3.1820)
(-0.5704)
A1(-5.4080)
(13.8815)
(14.5569)
A2(6.3973)
(7.3837)
(4.9321)
A3(13.1298)
(4.7501)
(-24.2197)
A4(-2.4517)
(16.1513)
(-2.5522)
G1(-6.5870)
(5.7617)
(1.0344)
G2(2.5882)
(7.2623)
(0.7944)
G3(-0.1767)
(-5.3185)
(-2.5722)
G4(0.1644)
(5.4520)
(-1.3713)
A1(13.6229)
(15.5676)
(7.1276)
A2(-5.5210)
(12.7611)
(2.5187)
A3(14.3317)
(-8.3414)
(-10.4675)
A4(-0.6369)
(-0.4836)
(-6.4165)
G1(-0.1250)
(7.6933)
(-2.2301)
G2(1.2861)
(3.5848)
(1.0254)
G3(6.5221)
(-4.9433)
(-7.4741)
G4(0.1378)
(11.5245)
(-5.6393)
A1(1.1783)
(6.2989)
(-29.8228)
A2(-9.5912)
(13.9630)
(10.8649)
A3(8.8585)
(-5.2960)
(-1.2785)
A4(-1.7286)
(2.5714)
(-2.3894)
G1(1.5724)
(8.2233)
(-2.9117)
G2(1.5442)
(7.4379)
(0.8785)
G3(5.1854)
(-8.0807)
(-5.8937)
G4(-0.5529)
(4.6214)
(-2.5286)
A1(-9.1346)
(-0.3257)
(10.7920)
A2(-12.3541)
(6.5601)
(16.9270)
A3(6.7947)
(-9.0932)
(7.5369)
A4(-0.3496)
(13.9582)
(1.7238)
G1(3.5689)
(0.9083)
(-1.1925)
G2(-0.1666)
(9.9952)
(2.0247)
G3(0.7444)
(-7.3745)
(-6.9100)
G4(-0.8705)
(-0.4124)
(0.4832)
A1(-3.6548)
(4.3781)
(3.4824)
A2(16.8935)
(3.2944)
(8.8681)
A3(-40.5913)
(55.0188)
(-1.1875)
A4(11.0468)
(17.0946)
(1.3838)
G1(-0.7194)
(-11.3952)
(2.0204)
G2(0.4108)
(-0.7668)
(0.5380)
G3(2.4307)
(9.4913)
(-9.1454)
G4(-0.6247)
(-3.8035)
(1.4724)
A1(-13.3019)
(0.0192)
(-2.8884)
A2(-11.8848)
(11.9471)
(-2.0734)
A3(70.4661)
(-22.1655)
(31.2970)
A4(5.0518)
(11.5113)
(0.6560)
G1(-0.9913)
(3.1506)
(1.9693)
G2(-0.6055)
(-2.6207)
(-0.7503)
G3(4.6613)
(-1.1754)
(-0.1602)
G4(0.0921)
(-1.2723)
(0.5220)
A1(-10.1309)
(3.8368)
(4.1721)
A2(12.1290)
(12.0764)
(6.8761)
A3(-6.3542)
(-9.3757)
(-2.0207)
A4(1.3120)
(9.3661)
(-5.7078)
G1(0.5257)
(-4.6485)
(3.9030)
G2(-0.2756)
(-0.8679)
(-0.7152)
G3(2.2599)
(1.5538)
(2.9458)
G4(0.1825)
(-0.7199)
(0.3134)
A1(-13.3738)
(9.9441)
(1.5041)
A2(-0.5219)
(6.6894)
(5.0470)
A3(-1.2067)
(-5.1380)
(-2.7294)
A4(0.5363)
(9.4571)
(-5.3199)
G1(-1.1536)
(-0.1474)
(2.3072)
G2(-0.7008)
(-0.5710)
(0.5406)
G3(-0.6013)
(5.8639)
(-0.8226)
G4(0.1543)
(-0.5635)
(0.3006)
A1(-10.3848)
(5.8870)
(0.3353)
A2(4.7597)
(9.8258)
(-1.3695)
A3(-2.8778)
(-5.6551)
(-13.0532)
A4(1.9345)
(9.5193)
(-4.5155)
G1(0.4816)
(-1.8267)
(2.1322)
G2(-0.1474)
(0.9897)
(0.3805)
G3(-3.7189)
(4.4378)
(2.0204)
G4(0.0564)
(-0.7434)
(0.1942)
A1(-6.2989)
(8.4065)
(1.7819)
A2(2.5139)
(9.8402)
(1.0726)
A3(-4.7501)
(-2.4708)
(-7.1826)
A4(1.3886)
(9.0357)
(-4.1946)
G1(1.5101)
(-1.6187)
(1.6985)
G2(-0.5263)
(-1.4457)
(-0.0064)
G3(-4.2638)
(3.5508)
(-1.1738)
G4(0.1224)
(0.4816)
(0.0250)
A1(-7.3862)
(7.0270)
(2.0310)
A2(1.6807)
(9.0261)
(1.9776)
A3(0.3304)
(2.3559)
(-10.0173)
A4(0.5938)
(9.3278)
(-5.1475)
G1(1.4644)
(-1.2829)
(1.4101)
G2(-0.3257)
(-0.7380)
(-0.2011)
G3(-4.0957)
(1.3085)
(-0.3624)
G4(-0.1176)
(-0.4379)
(0.3108)
