A1(-2.3998)
(8.2245)
(2.8070)
A2(2.5379)
(9.1794)
(0.5507)
A3(-1.1875)
(9.3709)
(-2.9497)
A4(-0.4166)
(8.1834)
(-6.4979)
G1(-0.9083)
(0.7907)
(0.0319)
G2(0.0101)
(0.0325)
(0.0160)
G3(0.1830)
(-0.0372)
(0.0000)
G4(0.0495)
(0.5444)
(-0.2277)
A1(-3.5207)
(8.5981)
(4.0859)
A2(2.0542)
(9.4810)
(0.6608)
A3(-1.9824)
(9.4715)
(-3.4285)
A4(-0.2825)
(8.2313)
(-6.6463)
G1(-0.6465)
(-1.8198)
(-0.5188)
G2(-0.2975)
(0.1117)
(-0.1128)
G3(0.2629)
(-0.4736)
(0.2144)
G4(0.0122)
(-0.4491)
(0.2027)
A1(-4.4691)
(6.4570)
(5.2547)
A2(1.9489)
(9.8833)
(1.8004)
A3(-2.6719)
(10.3477)
(-3.6009)
A4(0.8284)
(7.9535)
(-7.0773)
G1(-0.9700)
(-2.1737)
(-1.4862)
G2(-0.0122)
(-0.0745)
(0.0420)
G3(0.3400)
(-0.8924)
(0.6604)
G4(-0.1421)
(-0.8359)
(0.3017)
A1(0.0096)
(5.8822)
(7.6736)
A2(2.2410)
(10.0078)
(1.2977)
A3(6.9384)
(6.9767)
(-1.0870)
A4(-1.2354)
(9.7540)
(-3.3136)
G1(0.6880)
(-3.0793)
(0.0367)
G2(0.2368)
(-1.5394)
(0.0154)
G3(-1.0286)
(-2.9468)
(2.9112)
G4(0.2980)
(-0.7333)
(0.5938)
A1(-5.2451)
(5.9875)
(9.7956)
A2(2.4469)
(9.3661)
(0.6943)
A3(4.7692)
(3.5530)
(0.3831)
A4(3.4907)
(12.0380)
(-5.5929)
G1(1.1925)
(-3.2805)
(-0.3331)
G2(0.1894)
(-2.0646)
(-0.0692)
G3(-1.7193)
(-4.9093)
(3.6349)
G4(0.5821)
(-0.6965)
(0.8849)
A1(-1.4131)
(3.2860)
(-2.9459)
A2(-1.1779)
(9.1363)
(2.4421)
A3(-12.2104)
(5.2289)
(-4.6208)
A4(-6.4691)
(28.3857)
(8.4515)
G1(1.0972)
(-2.5478)
(0.0314)
G2(0.4321)
(-1.8592)
(0.2735)
G3(0.4432)
(0.3842)
(0.4826)
G4(3.0607)
(-2.4020)
(3.3576)
A1(11.0219)
(17.1292)
(-2.0693)
A2(-1.9393)
(13.1346)
(4.6448)
A3(-5.0374)
(15.4378)
(-7.2305)
A4(-1.5275)
(11.1187)
(-4.6208)
G1(2.0124)
(-3.8844)
(0.8450)
G2(0.6002)
(-1.2803)
(0.2059)
G3(1.9316)
(2.5680)
(-1.7640)
G4(2.0513)
(-2.4179)
(4.6565)
A1(4.0236)
(13.6899)
(2.8788)
A2(1.7286)
(7.5034)
(3.8403)
A3(13.3501)
(15.5049)
(-16.1992)
A4(-25.6467)
(10.5297)
(-26.1590)
G1(2.8010)
(-5.9437)
(-0.7567)
G2(-1.8837)
(-4.6964)
(2.2977)
G3(0.0436)
(-0.1048)
(-0.5417)
G4(-0.4379)
(0.1671)
(3.8291)
A1(9.6376)
(16.3053)
(4.1146)
A2(-0.7183)
(10.3477)
(8.8921)
A3(4.3191)
(7.7668)
(-3.8882)
A4(-7.0437)
(0.4166)
(-29.1087)
G1(3.3598)
(-6.4136)
(-0.2565)
G2(-7.2330)
(-2.5786)
(0.8594)
G3(-0.6731)
(-0.9828)
(0.2027)
G4(-0.8902)
(2.3950)
(6.8286)
A1(0.8526)
(6.6869)
(22.8964)
A2(-5.7748)
(13.7619)
(22.7736)
A3(13.9199)
(13.5751)
(3.5291)
A4(-9.5577)
(-2.7677)
(-14.8488)
G1(-0.9003)
(-10.7061)
(0.0819)
G2(-7.6300)
(-4.9710)
(1.6064)
G3(-0.6524)
(-5.6734)
(0.4661)
G4(2.1806)
(7.5980)
(5.4430)
A1(-12.3104)
(0.9197)
(0.2251)
A2(6.9863)
(26.6475)
(16.9797)
A3(19.7905)
(4.8123)
(16.6684)
A4(-5.0996)
(-5.5115)
(-7.4029)
G1(1.3564)
(-4.5810)
(0.2538)
G2(-7.6204)
(-3.2943)
(-0.8104)
G3(-0.4177)
(-11.1142)
(3.9206)
G4(-0.5151)
(8.1850)
(3.2092)
A1(7.4629)
(11.4674)
(-2.2801)
A2(-1.5275)
(14.4801)
(13.8864)
A3(-31.5604)
(13.0053)
(-1.8914)
A4(-8.4946)
(-6.0861)
(3.5434)
G1(-0.5380)
(-2.9958)
(0.4172)
G2(-3.2789)
(-8.7495)
(3.0751)
G3(-2.2003)
(-3.3401)
(0.3911)
G4(-5.2935)
(2.2077)
(5.3084)
A1(-14.0588)
(6.3229)
(-0.8718)
A2(-9.2033)
(17.2957)
(6.1866)
A3(9.4906)
(12.7276)
(6.0717)
A4(-4.8602)
(-9.2512)
(-3.7302)
G1(-0.7242)
(-3.2305)
(-0.4470)
G2(-0.5859)
(-4.9407)
(4.1915)
G3(-0.0096)
(-0.1889)
(-1.0701)
G4(-8.1578)
(1.6863)
(5.5106)
A1(-1.9974)
(9.7238)
(2.9411)
A2(13.8241)
(0.6177)
(-10.3573)
A3(-9.4858)
(8.7388)
(-1.6328)
A4(19.1392)
(-4.4867)
(-0.3496)
G1(-0.4975)
(-0.7817)
(-0.0218)
G2(-0.7827)
(-1.3452)
(-0.3533)
G3(-0.3203)
(-2.0667)
(0.0415)
G4(-11.2451)
(1.6597)
(-8.5228)
A1(-1.8106)
(9.3502)
(1.6286)
A2(8.4228)
(3.5434)
(5.1332)
A3(-0.2634)
(15.7347)
(1.5179)
A4(13.3788)
(7.6184)
(-10.8553)
G1(-0.2639)
(-0.0591)
(-0.1048)
G2(0.6870)
(-4.6230)
(-0.0245)
G3(0.2943)
(0.4736)
(-0.1203)
G4(3.3342)
(-0.2118)
(-2.1529)
A1(-2.0693)
(9.3262)
(1.6669)
A2(12.4642)
(-2.4086)
(-2.8635)
A3(2.3320)
(9.3039)
(-3.5386)
A4(9.6678)
(-3.8020)
(-4.9321)
G1(0.2065)
(0.5880)
(-0.2033)
G2(-0.6220)
(6.2694)
(-2.1769)
G3(0.1548)
(0.1809)
(0.0085)
G4(2.2450)
(-3.0368)
(-0.9844)
A1(0.0575)
(10.0543)
(1.4083)
A2(12.4929)
(4.5346)
(-1.6712)
A3(1.2067)
(9.0501)
(-4.4676)
A4(8.0254)
(-1.8340)
(-5.5354)
G1(0.2698)
(0.7434)
(-0.1591)
G2(-0.3251)
(-2.5627)
(-1.0919)
G3(0.2746)
(0.5326)
(-0.1171)
G4(1.0190)
(-1.7480)
(-1.1111)
A1(-3.1997)
(9.7908)
(1.5903)
A2(8.6191)
(1.9824)
(0.7039)
A3(1.7190)
(8.6910)
(-3.4860)
A4(7.2018)
(-3.4093)
(-4.9177)
G1(0.5624)
(1.2451)
(-0.2448)
G2(-0.1852)
(4.1409)
(-1.5442)
G3(0.0665)
(0.4736)
(-0.2299)
G4(0.5502)
(-2.7271)
(-0.5507)
A1(-0.5796)
(9.1346)
(-1.2358)
A2(12.5696)
(2.7102)
(-3.1939)
A3(0.1580)
(8.7628)
(-2.6815)
A4(5.9568)
(-3.2896)
(-5.8562)
G1(0.4970)
(0.2730)
(-0.2453)
G2(-0.2645)
(0.2453)
(-1.1855)
G3(0.1133)
(1.9890)
(-0.5853)
G4(-0.7450)
(-2.7627)
(-0.6071)
A1(-3.2429)
(8.0521)
(-1.4945)
A2(8.1882)
(4.0366)
(0.5890)
A3(2.6240)
(8.9878)
(-2.1261)
A4(3.7828)
(-0.6369)
(-8.5473)
G1(0.0170)
(1.5298)
(-0.3118)
G2(0.0580)
(2.6260)
(-1.6341)
G3(-0.1522)
(0.7380)
(-0.2884)
G4(-3.1916)
(-2.6552)
(-2.3636)
