A1(-2.2513)
(9.5849)
(0.0000)
A2(2.8635)
(8.8059)
(2.1404)
A3(1.9585)
(8.2648)
(-6.1100)
A4(-0.7709)
(10.5010)
(-4.8411)
G1(-0.0277)
(1.5085)
(-0.0734)
G2(-0.2815)
(0.2091)
(0.0511)
G3(0.0330)
(0.4028)
(-0.1160)
G4(0.9142)
(3.7046)
(-2.1402)
A1(-0.9388)
(9.4603)
(1.4274)
A2(3.7685)
(8.3749)
(2.2601)
A3(1.7382)
(8.5856)
(-3.5482)
A4(-3.0789)
(9.1602)
(-0.5890)
G1(-0.5960)
(2.2562)
(-0.7199)
G2(-0.8961)
(2.0465)
(1.0057)
G3(0.0803)
(0.6486)
(-0.3358)
G4(0.5555)
(5.8176)
(-3.9227)
A1(-0.3161)
(13.2445)
(0.9245)
A2(4.6974)
(7.4412)
(5.1715)
A3(0.4501)
(9.8785)
(-3.1412)
A4(10.9990)
(7.4029)
(-3.9217)
G1(-0.0447)
(2.0726)
(-0.5161)
G2(-0.8966)
(3.2177)
(1.6394)
G3(0.3006)
(0.8876)
(-0.4103)
G4(1.2712)
(3.3103)
(-1.7384)
A1(-4.2057)
(4.3254)
(12.5451)
A2(0.6273)
(6.4691)
(7.9057)
A3(-3.4237)
(18.8615)
(4.3718)
A4(8.0876)
(15.7491)
(-0.3926)
G1(-5.7787)
(5.1179)
(-2.3067)
G2(-0.4305)
(3.1964)
(0.0133)
G3(1.7799)
(1.8608)
(-1.0084)
G4(-0.1666)
(-3.7966)
(1.5878)
A1(0.2970)
(24.3573)
(2.4525)
A2(5.7461)
(8.2169)
(7.3933)
A3(0.3352)
(32.8484)
(10.2041)
A4(-5.4636)
(5.5593)
(-6.6319)
G1(-8.9161)
(-1.9693)
(-1.2116)
G2(0.8828)
(3.3763)
(-0.0857)
G3(4.5341)
(1.5229)
(-1.6762)
G4(0.3634)
(1.3266)
(-0.5906)
A1(-3.5782)
(19.9745)
(22.1300)
A2(5.0230)
(9.4858)
(-2.7964)
A3(13.4410)
(13.8768)
(-11.8848)
A4(-3.2801)
(10.2951)
(-4.9799)
G1(-9.5211)
(2.6148)
(-0.8902)
G2(1.4894)
(1.7161)
(-1.0557)
G3(3.2629)
(4.7257)
(-7.0148)
G4(0.0905)
(0.5326)
(0.2171)
A1(-6.9503)
(9.5418)
(13.7714)
A2(-13.2208)
(8.0397)
(-0.3496)
A3(42.2289)
(12.9383)
(-6.4356)
A4(-2.3655)
(9.8162)
(-4.6256)
G1(-5.8767)
(2.5318)
(0.4432)
G2(1.4410)
(3.1501)
(0.1266)
G3(-0.2810)
(-2.3291)
(-0.2171)
G4(-0.0825)
(2.8292)
(-0.5880)
A1(-3.8704)
(12.4158)
(5.6187)
A2(1.0104)
(9.6151)
(2.3415)
A3(9.7779)
(-0.6177)
(-13.1202)
A4(-3.1125)
(10.3717)
(-4.7405)
G1(-2.5137)
(5.7984)
(-1.3638)
G2(0.6183)
(3.2805)
(0.1628)
G3(2.2296)
(-3.2177)
(-8.7032)
G4(0.8402)
(9.3200)
(-4.2862)
A1(-11.5919)
(-3.0513)
(-2.6968)
A2(-9.1123)
(10.0317)
(12.3110)
A3(6.2106)
(-10.4196)
(4.1324)
A4(9.3422)
(19.4840)
(1.7430)
G1(1.8757)
(0.8631)
(-2.0343)
G2(1.5053)
(8.8458)
(1.9880)
G3(0.0569)
(-4.8119)
(-6.7552)
G4(-1.1797)
(0.6306)
(0.1469)
A1(3.8177)
(-8.3299)
(1.0586)
A2(3.1220)
(5.8371)
(10.2089)
A3(5.6120)
(-19.5463)
(-5.1619)
A4(-1.3360)
(16.4817)
(3.9361)
G1(-2.2615)
(0.8354)
(0.8093)
G2(-2.1646)
(11.1345)
(1.2707)
G3(-3.1778)
(-5.2424)
(-7.0516)
G4(-0.7215)
(1.8693)
(-0.2246)
A1(-19.2081)
(6.3995)
(1.4418)
A2(0.5650)
(3.0358)
(-1.8531)
A3(52.1313)
(-12.0859)
(64.7344)
A4(-0.9816)
(10.5249)
(-0.6752)
G1(0.0788)
(-7.1048)
(2.0997)
G2(1.1914)
(-1.5681)
(0.1096)
G3(11.4521)
(7.4240)
(2.8010)
G4(0.0649)
(-0.4656)
(0.4826)
A1(-10.3273)
(0.0144)
(-1.7723)
A2(-4.8554)
(14.9829)
(5.8466)
A3(-3.3615)
(10.0269)
(3.8355)
A4(2.0016)
(8.2983)
(-5.8131)
G1(0.2767)
(2.9649)
(2.3982)
G2(0.2889)
(0.6949)
(-0.2139)
G3(-6.9324)
(-7.0920)
(7.5161)
G4(0.0330)
(0.4890)
(0.0979)
A1(-7.8700)
(4.9098)
(3.0704)
A2(-2.9401)
(11.5784)
(3.3136)
A3(-7.7620)
(-7.4077)
(-3.8738)
A4(0.2059)
(8.7293)
(-4.6591)
G1(0.4491)
(-3.4811)
(2.1955)
G2(-0.4597)
(-0.4401)
(0.4055)
G3(-1.0397)
(6.0065)
(0.7503)
G4(-0.1123)
(0.3677)
(-0.0154)
A1(-9.7046)
(5.6762)
(1.4131)
A2(5.7988)
(10.2615)
(0.7949)
A3(-4.3527)
(1.1301)
(-9.0070)
A4(-0.5555)
(9.1985)
(-3.5482)
G1(0.7870)
(-1.3186)
(1.9103)
G2(0.2943)
(-0.2033)
(0.3139)
G3(-3.5391)
(1.4777)
(0.7535)
G4(-0.1692)
(-0.3379)
(0.1378)
A1(-9.3358)
(6.7540)
(1.6142)
A2(0.1772)
(9.2751)
(1.3312)
A3(-5.1954)
(0.3352)
(-11.2336)
A4(0.1053)
(9.0118)
(-3.9887)
G1(0.7471)
(-0.7897)
(1.6756)
G2(0.2331)
(-0.5619)
(0.0798)
G3(-2.6723)
(1.7836)
(-0.1538)
G4(-0.1799)
(-0.4555)
(0.1155)
A1(-7.1228)
(7.6689)
(1.6382)
A2(0.7087)
(9.5385)
(0.1963)
A3(-1.5945)
(3.5721)
(-10.4196)
A4(1.3360)
(10.0556)
(-0.8715)
G1(0.8663)
(-0.4417)
(1.3670)
G2(0.2118)
(-0.6066)
(0.0186)
G3(-2.6536)
(0.9418)
(-0.0287)
G4(-0.3991)
(-1.1084)
(0.0644)
A1(-5.7720)
(7.9179)
(0.1198)
A2(-0.6464)
(9.8689)
(0.6800)
A3(-3.2417)
(3.8451)
(-11.2097)
A4(4.2569)
(9.8641)
(-2.3798)
G1(1.1169)
(-0.6348)
(1.0993)
G2(0.3017)
(-0.3927)
(-0.0410)
G3(-2.6717)
(0.6412)
(0.1501)
G4(-0.0702)
(-0.7370)
(0.1612)
A1(-5.8774)
(8.4832)
(2.3663)
A2(3.0023)
(8.4276)
(0.8571)
A3(-2.1787)
(5.7365)
(-8.0828)
A4(0.2586)
(9.7875)
(-3.1699)
G1(1.1840)
(-0.2687)
(0.6949)
G2(0.2533)
(-0.9828)
(-0.0234)
G3(-2.6393)
(0.1767)
(0.3198)
G4(-0.1117)
(-0.6790)
(0.0878)
A1(-4.7709)
(7.6880)
(0.3736)
A2(0.9050)
(10.0556)
(0.9290)
A3(-2.2936)
(9.4523)
(-7.3023)
A4(0.5315)
(9.5864)
(-2.2505)
G1(1.0871)
(-0.4762)
(0.6417)
G2(-0.2990)
(-1.0147)
(-0.0239)
G3(-2.6047)
(0.4597)
(-0.1809)
G4(-0.0394)
(-0.7540)
(0.2432)
A1(-4.7086)
(8.1431)
(0.9628)
A2(0.5794)
(9.6391)
(0.6752)
A3(-1.8771)
(9.1842)
(-4.9560)
A4(-0.1053)
(9.3422)
(-4.2042)
G1(1.0892)
(0.2325)
(0.5204)
G2(0.0149)
(-1.2063)
(-0.0543)
G3(-1.7022)
(0.4800)
(-0.4236)
G4(-0.3092)
(-0.7402)
(0.1644)
