A1(-1.7579)
(9.7142)
(0.9245)
A2(3.6248)
(8.3749)
(3.2801)
A3(1.3982)
(7.7237)
(-6.3159)
A4(2.9640)
(9.0261)
(-3.4860)
G1(0.1564)
(-0.0048)
(0.0835)
G2(0.0553)
(-0.0399)
(0.0303)
G3(0.0660)
(0.0633)
(-0.0144)
G4(0.1410)
(-0.1634)
(0.0825)
A1(-3.1327)
(9.6376)
(-0.4790)
A2(4.0414)
(8.7771)
(3.3184)
A3(0.6033)
(7.6184)
(-5.9999)
A4(3.0454)
(8.4611)
(-4.2665)
G1(-0.3693)
(-0.0979)
(0.2304)
G2(-0.1208)
(-0.2118)
(0.0005)
G3(0.0197)
(0.1080)
(0.0133)
G4(0.1261)
(-0.0633)
(0.0452)
A1(-2.4429)
(10.1261)
(-1.2837)
A2(3.4237)
(8.7580)
(2.2314)
A3(1.4174)
(7.2209)
(-5.9951)
A4(5.0853)
(9.3134)
(-4.9752)
G1(0.2363)
(1.0371)
(-0.0208)
G2(-0.4262)
(0.0569)
(-0.0644)
G3(-0.0484)
(0.5252)
(-0.1208)
G4(0.1995)
(1.9837)
(-0.9317)
A1(-0.5461)
(9.9058)
(-0.6179)
A2(3.8451)
(9.0118)
(1.6759)
A3(2.0830)
(6.3925)
(-8.2648)
A4(0.9816)
(9.4810)
(-2.2553)
G1(0.6247)
(1.7294)
(-0.5507)
G2(0.0202)
(1.2068)
(0.2714)
G3(-0.3384)
(0.3182)
(-0.1383)
G4(0.7998)
(3.6774)
(-2.3844)
A1(-1.9400)
(9.2017)
(-1.4801)
A2(6.5314)
(7.5896)
(4.8315)
A3(1.9585)
(9.3134)
(-5.0949)
A4(11.5879)
(7.1539)
(0.4214)
G1(0.7620)
(1.5325)
(-0.8572)
G2(0.5832)
(1.5586)
(1.2547)
G3(-0.0319)
(0.7886)
(-0.4161)
G4(-0.2139)
(6.5679)
(-3.8142)
A1(-0.9867)
(4.2679)
(5.9971)
A2(5.9041)
(5.2241)
(7.7955)
A3(0.3256)
(13.7858)
(2.2266)
A4(-6.3111)
(-0.2346)
(-11.0133)
G1(-4.4426)
(1.8757)
(-0.3884)
G2(-0.0016)
(5.0599)
(0.3139)
G3(1.7661)
(1.4984)
(-1.1286)
G4(-0.5364)
(0.4821)
(-0.2112)
A1(-5.4846)
(21.5935)
(-5.7049)
A2(6.9001)
(10.5393)
(11.6023)
A3(-4.0749)
(14.5998)
(-5.7652)
A4(-0.4741)
(10.2185)
(-8.2744)
G1(-2.4589)
(2.5249)
(1.6123)
G2(2.0662)
(0.1064)
(-0.8711)
G3(3.6647)
(0.0894)
(-1.5272)
G4(0.5098)
(2.3711)
(-1.2249)
A1(-10.0160)
(9.3837)
(7.7551)
A2(-1.3312)
(10.6829)
(2.3894)
A3(10.6638)
(5.4444)
(-19.9245)
A4(-5.6120)
(13.9726)
(2.3511)
G1(-6.2411)
(5.1375)
(0.2091)
G2(1.8581)
(3.2246)
(1.8001)
G3(-2.2657)
(-4.0637)
(-2.0151)
G4(-0.1538)
(4.9295)
(-0.9802)
A1(-0.7089)
(7.5204)
(3.4440)
A2(1.5131)
(11.6502)
(0.2155)
A3(18.8807)
(5.6072)
(-15.1505)
A4(1.4269)
(4.9895)
(-4.9464)
G1(-3.1182)
(5.5957)
(-1.9938)
G2(1.5830)
(5.9591)
(0.7476)
G3(4.0808)
(0.7694)
(-7.6241)
G4(1.4553)
(8.0040)
(-5.3137)
A1(4.5170)
(3.8991)
(-27.3176)
A2(-7.0485)
(5.0039)
(11.1570)
A3(4.0606)
(-6.2920)
(0.6081)
A4(8.7436)
(18.1528)
(-4.0701)
G1(2.0465)
(2.3046)
(-2.9128)
G2(-1.0195)
(6.1134)
(0.8567)
G3(3.9563)
(-8.6160)
(-3.8669)
G4(-0.4278)
(-1.3207)
(1.7405)
A1(-46.9711)
(-9.4220)
(-1.9112)
A2(5.8562)
(14.3604)
(16.6828)
A3(-22.4049)
(17.6165)
(-57.3220)
A4(-1.6568)
(12.8904)
(-1.4700)
G1(-1.5096)
(-4.5996)
(10.0899)
G2(0.7035)
(-1.1089)
(1.4926)
G3(2.4307)
(-6.5476)
(-4.0701)
G4(-0.3565)
(0.8317)
(0.0835)
A1(-6.2558)
(2.5244)
(4.1003)
A2(19.0674)
(5.3008)
(-0.6800)
A3(-3.4477)
(11.7699)
(-1.7478)
A4(3.8355)
(9.0692)
(-2.8874)
G1(-0.4741)
(2.6552)
(2.7542)
G2(0.7061)
(1.6836)
(0.3044)
G3(-7.0186)
(-6.0517)
(4.0967)
G4(-0.0761)
(-0.6039)
(0.3145)
A1(-20.7888)
(8.3682)
(1.6334)
A2(2.0111)
(7.3358)
(4.4676)
A3(-2.9449)
(-4.2138)
(-3.8451)
A4(0.3448)
(9.2847)
(-4.1659)
G1(1.0477)
(-1.8544)
(2.3301)
G2(0.0681)
(0.5183)
(-0.0394)
G3(-0.8157)
(4.8981)
(1.0089)
G4(0.1378)
(0.8503)
(-0.1687)
A1(-5.8438)
(6.7779)
(2.0262)
A2(2.3415)
(9.5529)
(2.2362)
A3(-6.9336)
(1.8483)
(-10.5489)
A4(0.9098)
(9.2656)
(-4.4484)
G1(0.3437)
(-1.8358)
(1.6916)
G2(0.0106)
(0.4789)
(0.0910)
G3(-1.8384)
(2.0540)
(0.7742)
G4(-0.0463)
(0.2810)
(0.0149)
A1(-6.9839)
(7.2377)
(2.1603)
A2(2.1979)
(9.9790)
(1.6233)
A3(-3.9792)
(3.2178)
(-10.1227)
A4(0.6273)
(9.1506)
(-3.8164)
G1(0.8961)
(-0.3757)
(1.1286)
G2(0.1447)
(-0.6002)
(-0.0756)
G3(-1.8443)
(0.7482)
(0.4539)
G4(-0.3150)
(-0.8264)
(0.2261)
A1(-6.0738)
(8.8424)
(1.0921)
A2(1.5419)
(9.6391)
(1.7957)
A3(-3.0263)
(4.5442)
(-8.4180)
A4(1.1253)
(9.2464)
(-3.4285)
G1(1.7086)
(-1.0531)
(0.8716)
G2(0.1144)
(-1.7597)
(0.0255)
G3(-1.9459)
(1.5075)
(-0.1437)
G4(0.0122)
(-0.1724)
(0.2160)
A1(-4.8571)
(7.8652)
(1.7100)
A2(-0.3639)
(9.6438)
(1.2163)
A3(-5.3008)
(7.5561)
(-8.3701)
A4(0.0766)
(9.0357)
(-3.7972)
G1(0.7545)
(0.4230)
(0.2714)
G2(-0.1378)
(-1.1164)
(0.2357)
G3(-2.4866)
(1.2446)
(-0.1522)
G4(0.0553)
(-0.2128)
(0.4411)
A1(-3.3147)
(8.7801)
(1.2646)
A2(0.9242)
(9.0118)
(0.4262)
A3(-5.7269)
(10.0365)
(-3.3854)
A4(0.0814)
(9.1506)
(-4.1611)
G1(-0.7604)
(0.5619)
(1.2744)
G2(-0.4166)
(-0.2687)
(0.1607)
G3(-1.4410)
(1.9624)
(-0.5763)
G4(0.2331)
(0.1639)
(0.5279)
A1(-1.5999)
(11.2949)
(-1.5184)
A2(1.9585)
(9.2177)
(2.2075)
A3(2.2841)
(5.0709)
(-9.6917)
A4(2.5283)
(8.7724)
(-5.2720)
G1(0.8790)
(0.7226)
(0.1586)
G2(-0.5986)
(-0.3209)
(0.5332)
G3(-0.3714)
(0.9722)
(-0.1591)
G4(-0.1357)
(0.1570)
(0.3613)
A1(-2.5100)
(8.5837)
(-2.0693)
A2(2.3511)
(10.1131)
(0.9673)
A3(2.2697)
(10.8457)
(-4.3096)
A4(4.2569)
(8.0110)
(-5.8706)
G1(0.5731)
(0.1490)
(0.3134)
G2(-0.1080)
(1.0440)
(0.6008)
G3(-0.5044)
(0.8892)
(0.0809)
G4(-0.4874)
(0.0410)
(0.2645)
