A1(-1.9160)
(8.0233)
(1.0778)
A2(1.9201)
(9.8833)
(1.2833)
A3(-1.5993)
(9.3470)
(-2.2936)
A4(0.3448)
(7.7381)
(-6.7756)
G1(-1.8438)
(-0.1804)
(0.4619)
G2(0.0431)
(0.2911)
(-0.0165)
G3(0.1767)
(0.1681)
(-0.1219)
G4(-0.0490)
(0.3453)
(-0.1799)
A1(-2.7830)
(8.2005)
(5.1397)
A2(2.1308)
(9.4140)
(0.6273)
A3(-1.2833)
(10.3860)
(-1.7047)
A4(1.0870)
(8.7532)
(-5.3822)
G1(-2.4850)
(-1.8198)
(-0.4363)
G2(-0.2123)
(0.1022)
(-0.0447)
G3(0.3890)
(-0.4001)
(0.2618)
G4(-0.0192)
(-0.2001)
(-0.0053)
A1(-0.0048)
(6.6055)
(3.2572)
A2(2.5522)
(9.4379)
(1.4174)
A3(-5.0135)
(9.7540)
(-4.0845)
A4(-0.0479)
(8.3318)
(-5.6695)
G1(-0.6167)
(-1.8353)
(-1.4500)
G2(-0.0479)
(0.6114)
(0.0623)
G3(0.1559)
(-2.9357)
(1.5415)
G4(0.2277)
(-0.5715)
(0.3916)
A1(-6.1792)
(6.8737)
(8.5406)
A2(1.7334)
(8.7676)
(3.1364)
A3(0.7997)
(8.4755)
(1.3312)
A4(-1.5945)
(9.4092)
(-4.7980)
G1(0.4369)
(-3.1400)
(-0.2203)
G2(-0.0846)
(-2.4557)
(0.0569)
G3(-0.6902)
(-5.7697)
(4.1941)
G4(0.5837)
(-0.5726)
(0.7524)
A1(-7.6593)
(10.4950)
(9.4172)
A2(0.8859)
(9.7444)
(4.6064)
A3(3.7541)
(8.3175)
(0.8619)
A4(0.9146)
(15.4330)
(1.2306)
G1(1.3117)
(-0.7886)
(0.7327)
G2(0.0032)
(-2.1338)
(-0.0069)
G3(-1.2180)
(-5.9958)
(3.9233)
G4(1.0360)
(-1.9098)
(1.6501)
A1(9.5753)
(11.4434)
(-1.1257)
A2(0.5746)
(11.3198)
(2.3894)
A3(15.8352)
(17.8943)
(-13.8145)
A4(-7.5513)
(12.7132)
(-11.5209)
G1(1.9949)
(-2.7947)
(-0.0080)
G2(0.5582)
(-3.2619)
(0.0772)
G3(0.8562)
(0.8503)
(-0.2421)
G4(1.9092)
(-2.3211)
(4.9444)
A1(10.9117)
(15.1940)
(4.7613)
A2(3.8451)
(6.5888)
(15.5144)
A3(1.4748)
(11.4012)
(-8.3175)
A4(-31.3832)
(13.6278)
(-28.0600)
G1(2.0880)
(-7.6938)
(-0.8365)
G2(-3.4688)
(-5.2780)
(2.3402)
G3(-0.1639)
(-1.1632)
(0.8317)
G4(-0.8924)
(-0.8232)
(4.2734)
A1(12.6649)
(10.2363)
(13.3307)
A2(6.8331)
(13.5225)
(11.5688)
A3(10.3477)
(9.0740)
(-5.7557)
A4(-5.9472)
(0.9960)
(-19.7905)
G1(-0.4848)
(-8.7277)
(-1.5463)
G2(-5.5313)
(-8.5393)
(-2.5760)
G3(-0.9567)
(-2.8420)
(0.7561)
G4(-1.1526)
(4.4261)
(9.2662)
A1(-8.8855)
(2.3375)
(-3.5686)
A2(6.2153)
(24.1910)
(16.9126)
A3(16.6349)
(11.0804)
(2.5857)
A4(-7.3933)
(-8.9783)
(-3.8834)
G1(2.1471)
(1.7719)
(-1.2462)
G2(-8.0998)
(-3.6689)
(-1.5543)
G3(-1.3941)
(-10.4103)
(5.0875)
G4(-3.6636)
(6.5546)
(5.4132)
A1(14.9114)
(11.8745)
(10.6339)
A2(-0.8715)
(9.1746)
(13.8385)
A3(-35.8460)
(14.2359)
(-1.9345)
A4(-1.7861)
(5.1715)
(-11.5065)
G1(-0.6529)
(0.8913)
(-0.2458)
G2(-4.8672)
(-8.6452)
(1.3085)
G3(-2.2311)
(-1.6096)
(0.2230)
G4(-6.4806)
(3.7115)
(5.0849)
A1(-15.0647)
(-0.4598)
(8.0185)
A2(-16.0651)
(18.8663)
(6.7612)
A3(10.0078)
(10.9750)
(3.9217)
A4(-26.8773)
(-3.0215)
(22.3044)
G1(0.2171)
(-3.9882)
(0.6827)
G2(-1.0046)
(-6.3545)
(4.0712)
G3(-0.2804)
(3.7588)
(-2.1492)
G4(11.7538)
(-17.4363)
(-7.4033)
A1(1.4179)
(6.5384)
(-1.0969)
A2(13.6996)
(3.1939)
(7.2544)
A3(-2.1644)
(8.4372)
(-4.7740)
A4(4.2042)
(-4.1468)
(0.8811)
G1(-0.1538)
(0.4970)
(-0.6353)
G2(-1.0802)
(1.7794)
(0.4715)
G3(-0.0830)
(0.6002)
(-0.3374)
G4(5.0407)
(-2.7473)
(1.1254)
A1(-3.3674)
(10.4183)
(1.9016)
A2(19.3164)
(3.6679)
(-1.6089)
A3(0.7805)
(11.6550)
(-3.7062)
A4(6.6511)
(-4.8985)
(-5.1763)
G1(0.2937)
(0.0106)
(0.0293)
G2(-0.8721)
(3.2097)
(-0.7317)
G3(-0.0506)
(-0.1197)
(-0.1027)
G4(1.5644)
(-2.4589)
(-0.7625)
A1(-0.6227)
(9.7477)
(1.1113)
A2(10.6734)
(2.5331)
(-1.1061)
A3(2.8970)
(8.8538)
(-4.3048)
A4(1.2210)
(-1.4413)
(-7.9679)
G1(0.0383)
(-0.4965)
(-0.0841)
G2(-0.8977)
(2.2200)
(-2.7420)
G3(-0.0053)
(-0.6588)
(0.0399)
G4(-3.0942)
(-4.5490)
(-1.6394)
A1(0.2635)
(9.5034)
(0.5940)
A2(6.0430)
(2.8395)
(2.1835)
A3(1.1109)
(9.0692)
(-2.5139)
A4(0.9146)
(3.6727)
(-14.9638)
G1(-0.0937)
(0.2490)
(0.1203)
G2(0.7790)
(1.4383)
(-2.2232)
G3(0.0181)
(-0.6173)
(0.1027)
G4(-4.0233)
(-2.0114)
(-0.3198)
A1(-0.6754)
(8.7179)
(0.2682)
A2(11.0373)
(7.0006)
(0.5219)
A3(1.4892)
(7.5992)
(-3.9600)
A4(11.6215)
(8.2935)
(-14.0204)
G1(-0.4523)
(0.7923)
(-0.4773)
G2(0.6226)
(2.4424)
(-3.1544)
G3(0.1948)
(0.4124)
(-0.2810)
G4(-3.2294)
(-1.3627)
(0.7950)
A1(1.7532)
(10.2219)
(1.7579)
A2(9.4140)
(8.8490)
(1.9680)
A3(-2.1069)
(10.7787)
(-2.9449)
A4(-0.8284)
(14.0252)
(-10.5058)
G1(-0.6332)
(-0.2251)
(-0.2400)
G2(0.4518)
(0.7891)
(-3.2379)
G3(0.3177)
(0.7588)
(-0.3113)
G4(-3.5119)
(-2.0875)
(1.0509)
A1(-1.3652)
(8.7897)
(-0.9293)
A2(8.6431)
(9.6822)
(2.5331)
A3(3.2322)
(9.1554)
(-3.6200)
A4(4.0462)
(9.9072)
(-2.3367)
G1(-1.2627)
(1.3590)
(0.3959)
G2(2.0135)
(-0.0564)
(-2.2455)
G3(0.4198)
(-0.0889)
(0.0192)
G4(-1.2111)
(0.0426)
(-0.1655)
A1(-0.1964)
(12.5643)
(1.0634)
A2(1.6855)
(7.9966)
(1.8004)
A3(1.3934)
(8.7580)
(-4.5155)
A4(-2.4517)
(11.8178)
(-5.1092)
G1(-0.0553)
(1.5809)
(-0.3826)
G2(0.7716)
(0.4938)
(-1.2244)
G3(0.5545)
(-0.4544)
(-0.1314)
G4(-0.4661)
(-1.1339)
(0.2506)
A1(-3.4824)
(7.9754)
(0.7760)
A2(4.3766)
(11.2288)
(-1.3120)
A3(1.0295)
(8.5377)
(-6.5888)
A4(-4.3335)
(9.0740)
(-3.7876)
G1(0.2395)
(0.0287)
(-0.0117)
G2(0.8035)
(2.2923)
(-0.2682)
G3(-0.0085)
(0.1197)
(-0.4970)
G4(-0.4975)
(-1.6783)
(0.2586)
