A1(-2.4717)
(8.5263)
(2.4765)
A2(2.0686)
(9.2177)
(-0.4932)
A3(-2.0973)
(9.2608)
(-2.9736)
A4(0.3591)
(8.2887)
(-5.8514)
G1(-0.7487)
(0.0676)
(0.0213)
G2(-0.1580)
(0.2831)
(-0.0830)
G3(0.1916)
(0.0958)
(-0.0415)
G4(0.1144)
(0.1032)
(-0.0436)
A1(-3.4967)
(8.7179)
(4.2248)
A2(2.5762)
(9.3518)
(-0.4166)
A3(-2.5857)
(10.5010)
(-1.3934)
A4(1.0439)
(8.6957)
(-5.8227)
G1(-1.0206)
(-0.7056)
(-0.2953)
G2(-0.2692)
(0.0952)
(-0.0756)
G3(0.3464)
(-0.2432)
(0.2687)
G4(0.0117)
(0.0601)
(0.0532)
A1(-2.4238)
(8.3203)
(1.4083)
A2(2.3367)
(9.7875)
(-0.0958)
A3(-3.5913)
(10.3286)
(-3.5195)
A4(0.7278)
(9.3182)
(-3.6536)
G1(-0.2703)
(-1.7783)
(-1.1440)
G2(-0.0766)
(-0.0176)
(0.0612)
G3(0.3097)
(-2.2237)
(1.2643)
G4(-0.0431)
(-0.4858)
(0.0309)
A1(0.7712)
(9.3885)
(12.5930)
A2(3.1843)
(9.9982)
(0.4597)
A3(18.6365)
(8.0828)
(9.4188)
A4(1.8579)
(11.0564)
(-2.4612)
G1(-0.0341)
(-4.9870)
(0.2794)
G2(0.0117)
(-0.7519)
(0.1160)
G3(-2.3078)
(-4.7975)
(5.1030)
G4(0.8998)
(-0.8961)
(0.7742)
A1(-6.7348)
(6.6534)
(5.9349)
A2(-0.1724)
(9.8258)
(2.1979)
A3(-15.1170)
(-3.1077)
(-13.5464)
A4(-4.9943)
(27.5908)
(10.7260)
G1(1.1855)
(-1.6724)
(-2.0933)
G2(0.2794)
(-1.6064)
(0.3331)
G3(1.7874)
(2.0093)
(0.4619)
G4(2.8723)
(-1.6740)
(2.1221)
A1(12.4972)
(15.1844)
(-7.3288)
A2(0.2155)
(10.0173)
(1.2163)
A3(33.0065)
(67.1909)
(-4.7070)
A4(0.1245)
(18.9190)
(-9.4427)
G1(1.8720)
(-4.6650)
(1.8129)
G2(-0.0069)
(-2.3062)
(0.4688)
G3(1.9348)
(1.9358)
(-2.2801)
G4(2.9421)
(-2.1205)
(5.3695)
A1(12.9571)
(13.7618)
(5.5756)
A2(-2.0686)
(8.4324)
(10.3334)
A3(14.9877)
(8.9304)
(-7.1826)
A4(-35.7167)
(15.7203)
(-24.8997)
G1(1.7331)
(-4.9497)
(-0.9232)
G2(-3.4167)
(-3.2289)
(1.4473)
G3(-0.0303)
(0.0154)
(0.4757)
G4(2.2317)
(-0.8945)
(4.9987)
A1(11.0410)
(12.6361)
(8.0473)
A2(8.3749)
(19.7522)
(2.4995)
A3(8.9160)
(9.8450)
(-2.7773)
A4(-8.8298)
(-7.7716)
(-15.6964)
G1(1.7161)
(-7.7492)
(-0.7482)
G2(-6.9377)
(-5.0934)
(-1.6549)
G3(-0.6220)
(-1.3792)
(-0.0708)
G4(4.8529)
(7.3203)
(7.5736)
A1(-12.6313)
(2.2082)
(16.0802)
A2(10.3908)
(21.8543)
(18.4784)
A3(5.3870)
(16.1226)
(8.9974)
A4(-3.5291)
(-6.9384)
(-1.1109)
G1(1.0238)
(-9.9627)
(-0.0442)
G2(-7.9625)
(-1.9411)
(-2.4876)
G3(0.1628)
(-5.5968)
(1.1611)
G4(0.6545)
(8.6426)
(2.2296)
A1(-8.0952)
(6.4761)
(4.5889)
A2(3.5913)
(4.4676)
(8.3797)
A3(4.3479)
(0.1389)
(10.2137)
A4(-7.4843)
(-10.3286)
(-1.1732)
G1(1.0967)
(-2.5845)
(0.4709)
G2(-3.9877)
(-9.1273)
(-1.1770)
G3(-3.1592)
(-9.7781)
(4.1212)
G4(-8.0535)
(2.3072)
(3.1012)
A1(-5.0104)
(23.6341)
(8.8616)
A2(-8.0685)
(9.7731)
(9.2608)
A3(-0.4262)
(10.0173)
(2.7342)
A4(-13.8816)
(-21.2078)
(45.1163)
G1(-1.2835)
(-1.8134)
(0.6029)
G2(0.6790)
(-3.7918)
(1.9965)
G3(-1.2132)
(-1.2483)
(0.1139)
G4(10.1644)
(-9.7265)
(-3.6641)
A1(-0.4838)
(9.5609)
(2.0406)
A2(8.4228)
(-0.9625)
(-1.5179)
A3(1.3886)
(2.0830)
(-9.0644)
A4(10.3860)
(-10.3573)
(-3.5578)
G1(0.1325)
(-0.2336)
(-0.1836)
G2(0.2932)
(-1.4803)
(-1.9933)
G3(1.1430)
(2.3785)
(-1.0366)
G4(2.7244)
(-2.0359)
(-2.5307)
A1(-0.6946)
(10.1932)
(2.4094)
A2(11.3820)
(1.2594)
(0.3879)
A3(2.1883)
(9.5529)
(-0.2107)
A4(6.8570)
(-7.5705)
(-3.1220)
G1(0.1543)
(1.8736)
(0.0537)
G2(-0.9977)
(1.8007)
(-1.6607)
G3(-0.0394)
(1.1430)
(-0.4411)
G4(0.7306)
(-2.6047)
(-1.1999)
A1(-1.3268)
(9.5130)
(0.8430)
A2(8.0158)
(7.8673)
(-0.6752)
A3(0.9050)
(9.2225)
(-3.1795)
A4(2.4038)
(-4.2186)
(-6.6032)
G1(0.0979)
(0.4842)
(-0.0521)
G2(-0.9605)
(1.7597)
(-1.8220)
G3(-0.1410)
(0.5896)
(-0.1772)
G4(-5.4015)
(-5.8703)
(-1.1515)
A1(0.1724)
(9.1586)
(-0.1341)
A2(7.0820)
(7.2401)
(0.9912)
A3(2.1165)
(8.8729)
(-2.0734)
A4(1.2067)
(2.6480)
(-7.0485)
G1(0.4597)
(0.9908)
(-0.0995)
G2(-0.5310)
(3.1049)
(-0.7551)
G3(-0.0601)
(0.1809)
(-0.0559)
G4(-5.3142)
(-0.6923)
(-1.7991)
A1(1.5999)
(9.8866)
(0.1916)
A2(10.3238)
(5.2720)
(1.4174)
A3(1.5323)
(9.1698)
(-3.4093)
A4(5.5019)
(-2.2649)
(-14.5711)
G1(0.2070)
(0.5444)
(0.3884)
G2(-0.7247)
(3.1139)
(-1.3526)
G3(-0.0947)
(-0.1405)
(0.0399)
G4(-4.1324)
(-0.7524)
(-0.1910)
A1(-1.5951)
(9.2687)
(0.5988)
A2(6.6272)
(6.3542)
(3.5338)
A3(1.4222)
(9.6055)
(-2.1021)
A4(4.0414)
(5.9616)
(-10.3286)
G1(0.0059)
(0.2932)
(-0.3799)
G2(1.7634)
(0.8344)
(-1.2036)
G3(-0.1469)
(-0.1703)
(-0.0990)
G4(-2.9011)
(0.6891)
(0.0937)
A1(-0.9484)
(9.4891)
(-0.0287)
A2(8.8873)
(6.6655)
(1.4940)
A3(1.3838)
(9.4571)
(-2.0638)
A4(2.1404)
(9.7444)
(-6.6128)
G1(-0.4730)
(0.0958)
(-0.6141)
G2(2.4222)
(1.4521)
(-1.5362)
G3(0.0532)
(-0.0335)
(-0.2389)
G4(-2.8367)
(-0.8503)
(0.6508)
A1(-2.5579)
(9.8914)
(-0.8670)
A2(5.5785)
(8.4180)
(3.0454)
A3(1.2881)
(9.5481)
(-0.5315)
A4(7.3981)
(17.7793)
(-0.6847)
G1(-0.2347)
(-0.0484)
(-0.3491)
G2(2.0705)
(0.0995)
(-1.5351)
G3(0.4241)
(0.4518)
(-0.4081)
G4(-1.8379)
(1.8831)
(-0.6854)
A1(-1.5807)
(9.1681)
(1.2406)
A2(5.0422)
(9.8785)
(2.8156)
A3(2.1021)
(9.0501)
(-3.0789)
A4(4.2760)
(13.7284)
(-4.9560)
G1(0.2863)
(0.5534)
(-0.4667)
G2(1.1398)
(-0.1729)
(-1.1339)
G3(0.2208)
(0.0734)
(-0.3076)
G4(-0.6327)
(-0.4837)
(-0.1511)
