A1(-3.0608)
(5.6810)
(3.6261)
A2(2.4995)
(8.9208)
(-0.8284)
A3(-2.1691)
(8.9926)
(-3.1747)
A4(0.9290)
(8.7293)
(-4.5681)
G1(0.1963)
(0.4060)
(0.3991)
G2(-0.5683)
(-0.1357)
(-0.1751)
G3(0.2400)
(-0.2240)
(0.1868)
G4(-0.1048)
(-0.5241)
(0.1735)
A1(-2.6154)
(9.1011)
(2.5770)
A2(2.3463)
(10.0700)
(-2.7821)
A3(-0.5986)
(9.9551)
(-1.8004)
A4(0.9098)
(8.8921)
(-4.7453)
G1(-0.2533)
(-0.0952)
(-0.0005)
G2(0.4560)
(-0.4486)
(0.1942)
G3(0.2336)
(0.6263)
(-0.0325)
G4(0.0835)
(0.1820)
(0.0287)
A1(-3.0081)
(7.0030)
(3.8704)
A2(4.3000)
(7.3837)
(-2.6528)
A3(-2.3080)
(9.1554)
(-3.6057)
A4(2.2505)
(8.5473)
(-6.6702)
G1(-0.6045)
(-1.0147)
(-0.3017)
G2(0.4119)
(-0.9067)
(0.2160)
G3(0.2645)
(-0.1846)
(0.3022)
G4(0.0740)
(-0.2033)
(0.0862)
A1(-2.3902)
(8.0712)
(2.3950)
A2(3.1460)
(8.9399)
(-1.1588)
A3(-6.8570)
(9.1171)
(-3.6057)
A4(0.7805)
(11.2719)
(-0.2442)
G1(0.3959)
(-2.5089)
(-1.1946)
G2(-0.2070)
(0.8471)
(-0.1357)
G3(0.4890)
(-1.7815)
(1.2877)
G4(0.3437)
(-1.2691)
(0.4635)
A1(-25.6267)
(12.6313)
(9.1825)
A2(2.6528)
(9.3326)
(-0.6704)
A3(16.6110)
(11.7603)
(5.9233)
A4(-0.7278)
(15.3995)
(4.0318)
G1(2.1625)
(-1.2430)
(0.2442)
G2(0.4209)
(-2.1689)
(0.2081)
G3(-2.1040)
(-8.9618)
(5.6798)
G4(1.9289)
(-1.8571)
(1.7230)
A1(12.2338)
(19.9170)
(6.0546)
A2(-1.4605)
(9.5337)
(1.7142)
A3(-35.1086)
(18.0331)
(-7.1347)
A4(-11.8321)
(24.7369)
(13.6565)
G1(1.1925)
(1.3133)
(-0.0325)
G2(0.5257)
(-2.4339)
(0.3049)
G3(0.2182)
(-4.7683)
(2.5148)
G4(2.7957)
(-1.7624)
(2.3982)
A1(4.6128)
(9.7573)
(-0.5365)
A2(1.8723)
(11.9279)
(1.3695)
A3(-4.8794)
(10.0700)
(-8.5281)
A4(-17.0802)
(27.4711)
(-10.1706)
G1(1.0036)
(-1.3744)
(-0.7748)
G2(-0.6566)
(-2.2982)
(1.5724)
G3(0.2831)
(0.3698)
(0.8077)
G4(4.3889)
(-8.2759)
(9.2800)
A1(7.4820)
(17.0717)
(1.8298)
A2(-2.4086)
(12.2631)
(6.8474)
A3(2.5809)
(7.6710)
(-5.6551)
A4(-45.1786)
(14.7531)
(-34.5244)
G1(2.2131)
(-5.4691)
(-0.7141)
G2(-2.8415)
(-3.3661)
(0.9376)
G3(-0.4470)
(1.9172)
(0.0867)
G4(1.6974)
(0.8120)
(4.6379)
A1(11.1991)
(3.5782)
(27.2841)
A2(-4.7405)
(34.0312)
(12.7228)
A3(14.9159)
(7.6231)
(-11.7747)
A4(-11.0612)
(-2.5714)
(-13.9821)
G1(1.9481)
(-11.1084)
(-0.6353)
G2(-8.9810)
(-10.6194)
(-0.9216)
G3(-1.4575)
(-2.7148)
(-0.1793)
G4(3.4821)
(6.3380)
(6.2518)
A1(-28.1415)
(-0.8718)
(-2.3184)
A2(5.5450)
(34.1174)
(27.8302)
A3(24.9955)
(11.8752)
(37.1341)
A4(-4.6735)
(-4.5873)
(2.5474)
G1(2.3291)
(-9.0284)
(-2.8532)
G2(-10.6295)
(-0.9477)
(-3.1102)
G3(0.5694)
(-11.3633)
(3.5891)
G4(-0.2389)
(8.7596)
(0.7285)
A1(4.5457)
(14.6144)
(17.5555)
A2(7.5705)
(6.2537)
(15.7443)
A3(-3.4764)
(16.8217)
(2.1021)
A4(-6.3590)
(-12.9335)
(1.1396)
G1(1.7161)
(-2.6361)
(2.2024)
G2(-6.7073)
(-9.9447)
(-1.5522)
G3(-1.7086)
(-17.4363)
(10.4475)
G4(-7.5730)
(6.0714)
(-0.9344)
A1(-4.3829)
(4.5362)
(5.3984)
A2(-6.4739)
(7.8051)
(7.5130)
A3(-5.2098)
(8.2121)
(-2.4086)
A4(6.8809)
(2.4612)
(-20.3076)
G1(0.0239)
(-3.6285)
(0.1878)
G2(0.4470)
(-6.7302)
(2.8138)
G3(-1.4841)
(0.0192)
(-2.1189)
G4(-1.1749)
(4.9609)
(4.5996)
A1(-5.0152)
(5.6331)
(2.4621)
A2(-2.6432)
(-5.8945)
(-20.2789)
A3(-2.4852)
(7.0294)
(-6.6798)
A4(7.2832)
(-1.7430)
(1.8483)
G1(-0.4523)
(0.1948)
(0.9222)
G2(0.1884)
(1.3303)
(-0.2166)
G3(-0.0915)
(-0.0862)
(-0.3714)
G4(-9.9984)
(1.7193)
(-1.2600)
A1(-1.5903)
(10.0112)
(2.0358)
A2(23.9181)
(-4.9416)
(-4.8315)
A3(-1.5562)
(14.3173)
(1.8340)
A4(12.9670)
(5.4444)
(-11.1235)
G1(-0.6210)
(1.5224)
(-0.2868)
G2(-1.5335)
(-6.3268)
(-0.9376)
G3(0.2001)
(1.9183)
(-0.4502)
G4(3.0714)
(-0.7423)
(-1.3239)
A1(-3.0273)
(9.3837)
(1.6334)
A2(6.2441)
(-9.9551)
(-6.0669)
A3(-2.0351)
(7.6327)
(-5.8131)
A4(4.9129)
(-3.9409)
(-5.5737)
G1(0.2943)
(0.4140)
(0.3086)
G2(-0.4310)
(3.3411)
(-2.7526)
G3(0.4906)
(1.5309)
(-0.3922)
G4(-0.1272)
(-2.2370)
(0.0394)
A1(0.6946)
(8.4113)
(0.1629)
A2(13.2351)
(8.0685)
(-4.6064)
A3(4.9273)
(8.6862)
(-3.5003)
A4(7.4843)
(0.6704)
(-6.8426)
G1(0.3299)
(0.8604)
(-0.5779)
G2(-0.8290)
(-0.5513)
(-0.9078)
G3(0.3028)
(1.4197)
(-0.4385)
G4(0.2416)
(-1.5426)
(0.3576)
A1(0.5077)
(10.6962)
(1.9927)
A2(7.0677)
(0.8571)
(-8.0397)
A3(0.2682)
(8.4611)
(-4.6400)
A4(5.6647)
(-5.1427)
(-4.4245)
G1(0.5922)
(1.1063)
(0.2682)
G2(-0.9264)
(2.8282)
(-1.1063)
G3(0.0676)
(1.6895)
(-0.5646)
G4(1.4191)
(-3.4965)
(-0.6588)
A1(-0.6227)
(7.2090)
(-1.0251)
A2(3.1699)
(2.1021)
(2.9497)
A3(5.7461)
(6.9863)
(-2.3942)
A4(3.5003)
(-5.7174)
(-5.5115)
G1(0.6162)
(1.2909)
(-0.0862)
G2(-2.0449)
(0.3719)
(-1.0658)
G3(-0.7003)
(0.0298)
(0.0208)
G4(-6.8249)
(-5.5723)
(-1.0578)
A1(-0.6419)
(10.9165)
(-0.8814)
A2(9.7588)
(5.7030)
(-2.5905)
A3(2.7869)
(7.4986)
(-2.6480)
A4(3.8834)
(-2.3128)
(-7.5753)
G1(-0.3139)
(0.8221)
(-0.2783)
G2(-2.3163)
(4.6512)
(-1.8475)
G3(-0.3932)
(-0.3448)
(0.1101)
G4(-7.6598)
(-6.3875)
(-0.9301)
A1(1.6813)
(9.6711)
(-0.3880)
A2(9.3230)
(5.7796)
(3.3375)
A3(2.9305)
(10.1131)
(-1.5323)
A4(9.4475)
(7.1826)
(-12.5217)
G1(-0.1958)
(-0.1192)
(0.4534)
G2(-1.8533)
(3.1501)
(-1.4782)
G3(-0.1192)
(-0.0192)
(0.0383)
G4(-4.8960)
(1.0743)
(0.4464)
