A1(-2.7064)
(8.8999)
(-2.0310)
A2(2.8156)
(8.9447)
(4.6543)
A3(-1.1061)
(8.1403)
(-5.4923)
A4(6.2920)
(9.4954)
(0.1341)
G1(-0.1011)
(0.4571)
(-0.0718)
G2(0.0830)
(-0.0905)
(0.0750)
G3(0.0234)
(0.2027)
(-0.0484)
G4(1.0280)
(1.8060)
(-0.9190)
A1(0.2970)
(10.5237)
(1.1831)
A2(2.6767)
(8.2217)
(2.9161)
A3(-0.8140)
(8.5665)
(-5.2050)
A4(-0.0622)
(6.9432)
(-3.2417)
G1(0.4858)
(2.3785)
(-0.5827)
G2(-0.0277)
(0.3368)
(0.2650)
G3(-0.0011)
(0.2543)
(-0.2283)
G4(1.5218)
(2.4706)
(-1.6362)
A1(-0.9724)
(8.9717)
(2.9076)
A2(5.2194)
(6.8043)
(6.4260)
A3(1.2881)
(10.9607)
(-2.5043)
A4(8.6239)
(2.1165)
(-7.9248)
G1(-0.5869)
(1.5091)
(-0.3347)
G2(-1.7028)
(1.4878)
(0.7694)
G3(-0.3996)
(1.2175)
(-0.5619)
G4(1.3776)
(3.5189)
(-2.5690)
A1(-0.9580)
(0.2778)
(8.6029)
A2(-4.2282)
(5.7700)
(7.6854)
A3(-3.1268)
(17.3963)
(5.8083)
A4(-3.9744)
(0.2729)
(-1.4461)
G1(-4.7390)
(5.3147)
(-1.0594)
G2(0.0803)
(2.1939)
(0.0069)
G3(1.9544)
(-0.0708)
(-0.7710)
G4(1.4734)
(2.2200)
(-1.9427)
A1(-0.0719)
(11.9703)
(6.6486)
A2(10.1610)
(6.2632)
(9.0644)
A3(6.5936)
(16.7929)
(-7.5513)
A4(4.2856)
(8.5234)
(-6.1770)
G1(-6.0049)
(6.7222)
(1.5330)
G2(1.1653)
(-4.6549)
(-0.4672)
G3(4.0999)
(2.5850)
(-3.0389)
G4(0.8493)
(1.6102)
(-0.7040)
A1(-8.1191)
(8.1862)
(11.5009)
A2(2.7294)
(11.1666)
(4.0175)
A3(1.8866)
(-3.3902)
(-22.4816)
A4(0.5794)
(14.7770)
(-2.9209)
G1(-5.1673)
(7.8742)
(-0.1394)
G2(0.7157)
(0.8067)
(1.8220)
G3(-3.7764)
(-0.0670)
(-2.2583)
G4(1.0344)
(5.5882)
(-2.0061)
A1(5.0295)
(10.3130)
(4.2440)
A2(-6.4356)
(9.8785)
(6.5362)
A3(12.0093)
(-1.2785)
(-10.3430)
A4(-12.8617)
(-8.3127)
(-2.1404)
G1(0.9738)
(4.0739)
(-1.8044)
G2(0.9402)
(4.8843)
(2.0242)
G3(2.0321)
(-3.9919)
(-9.8920)
G4(0.8902)
(12.4083)
(-9.4748)
A1(-14.2216)
(6.4953)
(5.0200)
A2(0.9433)
(4.3862)
(14.8584)
A3(0.6704)
(-11.5353)
(0.4070)
A4(-19.4457)
(11.1043)
(-17.2047)
G1(1.8682)
(3.4390)
(-2.7702)
G2(-1.9608)
(13.1278)
(2.3695)
G3(-0.5752)
(-4.0834)
(-7.4091)
G4(-0.9610)
(2.0582)
(-1.1909)
A1(-1.7196)
(3.3434)
(-9.1442)
A2(8.5138)
(4.9033)
(14.5711)
A3(-5.8562)
(9.0166)
(-2.5953)
A4(6.8091)
(11.1905)
(2.3559)
G1(-1.9832)
(-6.8376)
(2.2705)
G2(2.3887)
(-0.4443)
(0.9706)
G3(-2.9655)
(4.1489)
(-6.8009)
G4(-0.7003)
(3.0554)
(-0.7184)
A1(-0.2922)
(-4.9529)
(5.1397)
A2(11.7603)
(9.9982)
(4.4772)
A3(-42.6407)
(2.9592)
(19.5127)
A4(6.4835)
(10.9894)
(-2.4325)
G1(-0.7987)
(2.5563)
(1.3862)
G2(1.1669)
(3.4241)
(-1.0903)
G3(-3.5976)
(-6.9031)
(6.3470)
G4(-0.2937)
(-1.8544)
(0.4571)
A1(-14.0875)
(6.0402)
(-1.7436)
A2(-3.4046)
(7.3837)
(3.8403)
A3(-6.9384)
(-6.9384)
(-0.6943)
A4(3.1891)
(9.2320)
(-4.0510)
G1(-0.5337)
(-2.5669)
(1.7432)
G2(-0.0984)
(-0.0937)
(-0.7109)
G3(-0.0639)
(2.2562)
(1.8278)
G4(0.2591)
(-0.5417)
(0.0665)
A1(-9.0723)
(5.5564)
(-4.7661)
A2(-3.7972)
(9.8067)
(2.6959)
A3(-11.3916)
(-2.7198)
(-6.0908)
A4(1.2498)
(9.2847)
(-2.6767)
G1(-1.7757)
(-1.1174)
(1.2611)
G2(-0.2049)
(-0.7306)
(-0.0309)
G3(1.4857)
(1.6107)
(-0.1660)
G4(0.2496)
(0.1006)
(-0.2075)
A1(-9.9585)
(6.5145)
(-0.1054)
A2(1.1205)
(10.6686)
(2.8683)
A3(-6.5122)
(-6.1387)
(-5.2002)
A4(-0.9194)
(9.6486)
(-6.1196)
G1(-0.9535)
(0.8397)
(1.4644)
G2(0.1415)
(-1.3345)
(0.1304)
G3(-0.4496)
(1.5421)
(-0.0160)
G4(0.3416)
(0.1948)
(-0.0351)
A1(-4.4835)
(6.5911)
(2.3375)
A2(1.3695)
(10.6255)
(1.8914)
A3(-6.3925)
(-4.4867)
(-5.2337)
A4(-1.0391)
(9.1650)
(-5.1140)
G1(0.2299)
(-0.9663)
(1.1105)
G2(0.0426)
(-0.2911)
(0.0580)
G3(-2.9032)
(3.0245)
(-0.1144)
G4(0.1618)
(0.5028)
(-0.2293)
A1(-9.5082)
(7.0893)
(1.9064)
A2(0.0718)
(8.4036)
(1.4844)
A3(-1.7621)
(1.8196)
(-7.3837)
A4(1.7286)
(8.3893)
(-3.0119)
G1(0.4629)
(-1.1733)
(1.2313)
G2(0.3970)
(0.4613)
(-0.0793)
G3(-4.2085)
(2.7505)
(-1.2015)
G4(0.1740)
(-0.6082)
(0.3177)
A1(-6.6342)
(8.2149)
(0.2203)
A2(-0.8332)
(8.0828)
(0.4884)
A3(-6.0717)
(3.4237)
(-10.3238)
A4(1.5754)
(8.4563)
(-4.6591)
G1(0.9041)
(0.1410)
(0.7960)
G2(0.0947)
(-0.2506)
(-0.1634)
G3(-3.7184)
(-0.4901)
(0.7615)
G4(0.2559)
(-0.3038)
(0.0851)
A1(-4.2488)
(9.1538)
(0.9149)
A2(-1.0582)
(9.5146)
(2.6288)
A3(2.3367)
(7.0150)
(-7.6710)
A4(0.4166)
(8.6574)
(-5.6360)
G1(0.5380)
(-0.5167)
(0.3863)
G2(-0.0032)
(-0.0899)
(-0.0548)
G3(-2.1519)
(1.6937)
(-0.2895)
G4(0.2134)
(-0.1373)
(0.1564)
A1(-5.1876)
(9.2352)
(0.5988)
A2(0.3783)
(9.9455)
(1.2067)
A3(-2.3655)
(9.6199)
(-4.9847)
A4(0.6512)
(8.2983)
(-6.3829)
G1(0.8418)
(-0.7194)
(0.8391)
G2(-0.1783)
(-0.4129)
(0.1373)
G3(-1.9422)
(-0.0367)
(0.1575)
G4(0.1330)
(0.0607)
(0.0958)
A1(-5.7097)
(8.5598)
(-2.3471)
A2(0.2059)
(9.6199)
(1.3360)
A3(-1.9249)
(9.9647)
(-8.0062)
A4(0.8475)
(8.4084)
(-5.9280)
G1(1.4511)
(-0.5630)
(-0.3342)
G2(-0.0080)
(-0.2267)
(0.1623)
G3(0.9754)
(-0.8987)
(0.2975)
G4(-0.0170)
(-0.0708)
(0.1937)
A1(-2.4765)
(9.7477)
(-1.8729)
A2(0.5650)
(9.8210)
(1.0199)
A3(-1.3838)
(9.3613)
(-5.1954)
A4(0.7422)
(7.7955)
(-6.3351)
G1(1.4479)
(0.7854)
(0.5646)
G2(0.0654)
(0.1027)
(-0.0027)
G3(0.0665)
(0.0426)
(0.2405)
G4(-0.1309)
(-0.0532)
(0.2762)
