A1(-3.0944)
(8.5167)
(0.8526)
A2(2.9497)
(9.0070)
(-1.1875)
A3(-2.0207)
(9.2368)
(-2.4756)
A4(0.4788)
(8.1834)
(-5.5402)
G1(-0.5880)
(-0.0931)
(-0.0553)
G2(0.0915)
(0.2256)
(-0.0202)
G3(0.0862)
(-0.3453)
(0.0905)
G4(0.0708)
(0.1128)
(-0.0559)
A1(-3.3530)
(6.6917)
(7.7838)
A2(1.7095)
(9.6103)
(0.5698)
A3(-2.6576)
(10.7164)
(-0.4357)
A4(0.4501)
(8.1116)
(-6.1435)
G1(-1.5788)
(-2.6829)
(-1.5298)
G2(0.0106)
(0.6433)
(-0.0309)
G3(0.6024)
(-1.9310)
(0.9333)
G4(0.1383)
(-0.6497)
(0.2198)
A1(-0.7999)
(7.0845)
(2.5627)
A2(4.1324)
(8.9304)
(-0.2059)
A3(-6.8091)
(8.7053)
(-5.0805)
A4(-0.5411)
(8.9639)
(-6.7516)
G1(0.9418)
(-3.4609)
(-1.1084)
G2(0.0032)
(0.3352)
(-0.0144)
G3(0.5816)
(-2.0188)
(1.4841)
G4(0.1580)
(-0.7450)
(0.3831)
A1(-11.5967)
(4.5266)
(9.6902)
A2(1.8052)
(10.0317)
(2.0207)
A3(2.5379)
(8.8729)
(5.6312)
A4(2.4373)
(15.2271)
(1.7717)
G1(1.4378)
(-2.2109)
(-0.6439)
G2(-0.0357)
(-2.5717)
(0.2001)
G3(-3.3385)
(-8.5005)
(4.9130)
G4(1.1611)
(-1.3489)
(1.0078)
A1(-7.9179)
(15.2802)
(8.3921)
A2(-0.0048)
(10.7835)
(2.8922)
A3(-13.1490)
(12.7898)
(-3.9265)
A4(-2.0207)
(23.2285)
(8.6191)
G1(2.4376)
(0.7450)
(0.4581)
G2(0.6880)
(-2.1189)
(0.0580)
G3(-0.5885)
(-6.0091)
(3.2677)
G4(2.3126)
(-2.3014)
(2.1774)
A1(2.2944)
(15.0551)
(0.4407)
A2(0.6800)
(12.3158)
(1.0726)
A3(2.0638)
(15.9837)
(-0.8475)
A4(-5.0422)
(21.1504)
(3.4237)
G1(2.8026)
(-4.6666)
(-0.0378)
G2(0.5183)
(-2.8101)
(0.7434)
G3(0.4065)
(1.4186)
(-0.6204)
G4(3.5902)
(-8.2759)
(7.7939)
A1(8.7945)
(11.0650)
(2.9076)
A2(1.1588)
(13.2974)
(10.3525)
A3(-2.1835)
(3.6248)
(-6.2010)
A4(-52.3037)
(33.9115)
(-21.5430)
G1(2.2897)
(-6.7578)
(-0.9099)
G2(-1.3686)
(-5.1971)
(1.4303)
G3(-0.0851)
(-0.0309)
(-0.3746)
G4(0.1059)
(-5.4877)
(5.1705)
A1(2.9986)
(0.9149)
(20.6115)
A2(8.4420)
(33.7056)
(-1.5131)
A3(10.4435)
(9.2033)
(0.4022)
A4(-13.1202)
(-8.7340)
(-13.5129)
G1(-1.0254)
(-8.7357)
(-0.9046)
G2(-9.1779)
(-9.0736)
(-0.0777)
G3(-0.4049)
(-3.1251)
(0.6556)
G4(2.9452)
(7.6188)
(7.3996)
A1(-12.0757)
(0.7760)
(9.7525)
A2(-1.4844)
(34.0886)
(15.2511)
A3(11.5736)
(12.6318)
(-1.9249)
A4(-8.2025)
(-9.0501)
(0.4262)
G1(1.7836)
(-0.8019)
(-0.5545)
G2(-10.2911)
(-5.3706)
(0.5412)
G3(-0.5944)
(-8.8623)
(4.9204)
G4(-4.2207)
(8.2908)
(2.7675)
A1(8.5406)
(22.6569)
(1.9160)
A2(13.4937)
(0.8428)
(6.8809)
A3(3.2322)
(-10.0652)
(-5.8945)
A4(-5.0278)
(-22.1033)
(6.5457)
G1(0.0234)
(-2.1460)
(0.4640)
G2(-6.3305)
(-6.9536)
(-0.2214)
G3(-2.4376)
(-6.4418)
(3.5300)
G4(-7.2298)
(4.8523)
(2.3253)
A1(-12.2386)
(7.9754)
(4.3637)
A2(-11.7460)
(12.6222)
(4.5394)
A3(3.3950)
(14.1737)
(-3.3279)
A4(-15.3037)
(3.4046)
(76.3463)
G1(-0.0537)
(-0.3986)
(-0.4970)
G2(0.3044)
(-3.2869)
(3.3427)
G3(-1.2574)
(-4.4022)
(-0.1979)
G4(11.3351)
(-17.4363)
(-4.9034)
A1(-1.3221)
(6.6725)
(1.5184)
A2(0.6369)
(0.0527)
(-30.0903)
A3(5.4779)
(6.6750)
(-6.0142)
A4(8.2408)
(-0.2586)
(-5.3822)
G1(-0.4629)
(1.3915)
(0.1155)
G2(0.2410)
(-2.6781)
(1.2191)
G3(-0.3384)
(-1.6485)
(0.1655)
G4(-10.2953)
(6.6908)
(-9.4865)
A1(-4.2296)
(11.4530)
(1.3747)
A2(-6.9767)
(3.4860)
(18.5790)
A3(-0.5986)
(8.9543)
(-1.8483)
A4(6.5314)
(-6.1818)
(0.8475)
G1(-0.1144)
(0.5332)
(-0.1320)
G2(0.1447)
(-5.6521)
(-1.1999)
G3(0.1213)
(0.6651)
(-0.5257)
G4(3.7003)
(-4.1068)
(0.3586)
A1(-0.0814)
(8.9957)
(2.2896)
A2(26.1255)
(5.6551)
(-3.5338)
A3(0.4310)
(8.3701)
(-5.0422)
A4(8.6000)
(-2.8826)
(-6.1866)
G1(-0.1836)
(0.7737)
(-0.0952)
G2(-0.0032)
(0.0436)
(-0.3581)
G3(-0.1426)
(0.3001)
(-0.2261)
G4(0.8503)
(-2.4243)
(-1.4511)
A1(-1.8537)
(9.6998)
(1.8394)
A2(3.6583)
(1.0965)
(1.0582)
A3(2.4277)
(9.3709)
(-1.9872)
A4(6.2393)
(-2.8491)
(-6.5314)
G1(-0.3092)
(-0.3150)
(-0.0788)
G2(-0.9083)
(-2.2556)
(-1.6942)
G3(-0.1070)
(1.2217)
(-0.5087)
G4(-1.1307)
(-2.6654)
(-0.8642)
A1(-1.0059)
(9.2208)
(1.2789)
A2(11.3485)
(3.6631)
(1.1827)
A3(-0.6081)
(9.2464)
(-2.8012)
A4(3.3136)
(-1.8244)
(-8.0876)
G1(0.1346)
(0.3805)
(0.0681)
G2(-0.9275)
(0.0947)
(-1.1664)
G3(-0.1006)
(0.2011)
(-0.1501)
G4(-2.9750)
(-2.8457)
(-0.6071)
A1(-2.0453)
(8.9670)
(1.7915)
A2(9.8306)
(3.1651)
(0.6704)
A3(3.0167)
(8.9687)
(-2.8204)
A4(1.8196)
(1.2641)
(-9.3374)
G1(-0.1506)
(0.1038)
(-0.0905)
G2(0.1756)
(1.4516)
(-1.2744)
G3(-0.1277)
(0.4017)
(-0.2740)
G4(-3.2060)
(-2.5887)
(-0.6247)
A1(-2.9555)
(8.7466)
(2.3423)
A2(5.8658)
(5.1715)
(3.3806)
A3(0.7566)
(9.1602)
(-2.6049)
A4(1.9872)
(2.4756)
(-9.3996)
G1(-0.0628)
(1.1951)
(0.1240)
G2(-0.0772)
(0.3262)
(-1.8544)
G3(-0.0543)
(0.2911)
(-0.2331)
G4(-2.4828)
(-1.8661)
(0.3054)
A1(-2.3375)
(9.4747)
(1.3173)
A2(10.5872)
(5.2960)
(1.5514)
A3(0.8523)
(9.1889)
(-2.4181)
A4(3.8307)
(3.8403)
(-12.7707)
G1(0.0436)
(1.3681)
(-0.1735)
G2(-0.1681)
(1.0594)
(-2.0790)
G3(-0.1591)
(0.1719)
(-0.2134)
G4(-2.7239)
(-0.4033)
(0.0952)
A1(-0.2443)
(8.9670)
(2.4573)
A2(6.9767)
(8.0014)
(3.5769)
A3(1.6424)
(9.4475)
(-4.1899)
A4(4.8507)
(8.1738)
(-9.9503)
G1(-0.0883)
(0.2639)
(-0.1650)
G2(0.7913)
(-0.4225)
(-2.0992)
G3(0.1208)
(0.9567)
(-0.2836)
G4(-2.9644)
(-2.0332)
(0.8913)
