A1(0.6610)
(10.5429)
(0.3449)
A2(3.0550)
(9.2129)
(2.2266)
A3(-0.2442)
(7.3071)
(-7.3358)
A4(-3.7062)
(9.5529)
(-2.6145)
G1(0.3581)
(1.5511)
(-0.4528)
G2(-0.6848)
(0.2389)
(0.0798)
G3(-0.1575)
(0.3688)
(-0.1799)
G4(1.2377)
(4.1627)
(-2.4057)
A1(0.1677)
(8.6843)
(-0.4598)
A2(3.3806)
(6.6224)
(5.6838)
A3(2.1548)
(9.6822)
(-4.3622)
A4(16.5248)
(2.6767)
(-4.4149)
G1(0.4108)
(1.7794)
(-0.5470)
G2(-1.2175)
(1.4058)
(0.5374)
G3(-0.1064)
(0.4342)
(-0.4299)
G4(2.1455)
(4.4442)
(-1.4622)
A1(-0.6562)
(13.1247)
(4.7900)
A2(-0.2921)
(8.6670)
(4.4819)
A3(-1.9920)
(10.4627)
(-3.6488)
A4(0.9816)
(15.9981)
(-5.2098)
G1(-2.0603)
(3.8999)
(-0.8195)
G2(-0.4512)
(0.0963)
(1.0424)
G3(0.2421)
(0.0314)
(-0.2155)
G4(1.6974)
(0.1139)
(0.4374)
A1(0.2060)
(11.6494)
(0.4167)
A2(7.5705)
(10.3382)
(5.8227)
A3(1.1157)
(22.6348)
(7.2449)
A4(2.6767)
(8.2887)
(-2.4852)
G1(-5.7106)
(1.2717)
(-0.9269)
G2(0.8562)
(4.2883)
(0.3698)
G3(3.3443)
(1.2004)
(-1.9454)
G4(-0.0841)
(-2.5690)
(0.5545)
A1(0.9245)
(13.1487)
(15.5964)
A2(-3.3567)
(13.6661)
(3.1268)
A3(7.8147)
(16.6349)
(0.7039)
A4(-1.5658)
(9.2512)
(-7.2305)
G1(-7.0968)
(2.0156)
(-1.5985)
G2(1.3766)
(0.3161)
(-0.7450)
G3(2.5073)
(7.0143)
(-6.5269)
G4(0.1634)
(2.4270)
(-0.9881)
A1(-9.0963)
(16.7172)
(16.8561)
A2(-4.0558)
(3.7924)
(6.4117)
A3(17.9900)
(26.4080)
(-19.1776)
A4(-6.0861)
(9.6391)
(-3.7158)
G1(-7.6731)
(1.6325)
(0.5992)
G2(1.5224)
(4.2500)
(-0.3900)
G3(1.9624)
(5.3860)
(-5.2392)
G4(0.4539)
(4.1675)
(-1.0190)
A1(-1.5280)
(13.3163)
(16.6981)
A2(-3.9313)
(9.2943)
(3.8547)
A3(9.4523)
(9.2751)
(-25.6371)
A4(-8.2839)
(12.5791)
(-7.9727)
G1(-5.2716)
(8.5409)
(0.1410)
G2(1.1047)
(3.9610)
(1.1355)
G3(0.9323)
(-3.1868)
(-6.2220)
G4(1.3872)
(7.4682)
(-4.5490)
A1(4.7278)
(13.0193)
(5.7289)
A2(-8.6431)
(9.1506)
(3.8307)
A3(14.9829)
(-2.3511)
(-14.6286)
A4(0.4741)
(0.4980)
(-12.4307)
G1(-0.8519)
(5.9937)
(-1.7916)
G2(0.8865)
(6.1996)
(1.7746)
G3(4.6480)
(-4.0175)
(-9.6578)
G4(-0.0383)
(7.5028)
(-4.2090)
A1(-12.0374)
(0.9388)
(14.5857)
A2(-6.3973)
(11.0229)
(15.9119)
A3(8.1068)
(-4.7836)
(4.8171)
A4(7.2975)
(15.6437)
(0.9912)
G1(1.4889)
(2.5025)
(1.4516)
G2(-0.6859)
(9.9548)
(2.6052)
G3(-1.1792)
(-7.2410)
(-5.7112)
G4(-1.2207)
(3.6061)
(-1.6783)
A1(-5.1110)
(6.3181)
(-9.6615)
A2(4.5059)
(11.9902)
(20.0012)
A3(-29.5349)
(26.0585)
(-9.6486)
A4(18.7705)
(21.9644)
(11.0899)
G1(-2.2833)
(-6.8302)
(3.8674)
G2(0.6992)
(2.3988)
(0.8338)
G3(-0.9700)
(3.7243)
(-8.7075)
G4(-0.7391)
(1.7060)
(-0.7380)
A1(-23.4281)
(8.0137)
(0.4598)
A2(-3.5147)
(7.5082)
(6.5888)
A3(57.7146)
(-47.0173)
(12.2200)
A4(2.3272)
(10.1179)
(3.9744)
G1(0.3219)
(-4.3612)
(0.8918)
G2(1.9901)
(1.5900)
(-0.6582)
G3(7.3772)
(6.8382)
(2.8723)
G4(-0.2410)
(-0.5539)
(-0.0809)
A1(-2.6202)
(7.2042)
(0.7377)
A2(3.2322)
(9.7157)
(4.7214)
A3(-5.5019)
(-10.6111)
(-0.6369)
A4(1.8818)
(7.4555)
(-6.0190)
G1(-0.0596)
(-1.5250)
(2.5073)
G2(0.2496)
(-0.3677)
(-0.3773)
G3(2.1598)
(2.3115)
(2.0683)
G4(-0.0367)
(-1.4713)
(0.2102)
A1(-4.3541)
(9.0292)
(0.7856)
A2(0.2394)
(10.6255)
(3.4237)
A3(0.3208)
(-9.0549)
(-10.8936)
A4(10.8266)
(12.3062)
(2.7725)
G1(-0.0756)
(0.5885)
(1.9220)
G2(-0.6534)
(-0.3746)
(-0.2629)
G3(-3.9403)
(4.0595)
(0.7093)
G4(0.1591)
(-5.4712)
(0.5177)
A1(-11.7021)
(7.9179)
(7.5539)
A2(5.5067)
(10.0844)
(1.5993)
A3(3.0311)
(6.6367)
(-8.9160)
A4(-3.1029)
(9.8067)
(3.1412)
G1(1.8491)
(-1.7890)
(1.8395)
G2(-0.0261)
(-0.7992)
(-0.3390)
G3(-3.6758)
(1.0637)
(1.3713)
G4(-0.2831)
(-6.2262)
(1.5857)
A1(-10.1022)
(9.8914)
(-0.0814)
A2(10.0221)
(7.2018)
(11.1139)
A3(-7.4651)
(4.2425)
(-12.9814)
A4(4.8890)
(9.7252)
(0.6656)
G1(2.4935)
(-4.1095)
(1.5527)
G2(-0.4055)
(-5.5595)
(-0.7966)
G3(-2.1753)
(1.5256)
(1.6272)
G4(-0.0245)
(-3.9685)
(0.6433)
A1(-8.1814)
(8.6891)
(2.1411)
A2(-10.0413)
(7.4364)
(11.7651)
A3(2.9353)
(2.6001)
(-12.9718)
A4(4.4197)
(15.2702)
(1.7286)
G1(0.5768)
(-1.8023)
(0.7210)
G2(-0.6577)
(-3.4790)
(-0.1836)
G3(-2.9990)
(-0.9663)
(2.9224)
G4(0.8673)
(-3.8754)
(1.4106)
A1(-3.7793)
(8.4448)
(7.2809)
A2(6.3973)
(10.5632)
(2.0207)
A3(-7.0725)
(11.3868)
(-8.4228)
A4(-20.4082)
(0.2969)
(-10.6590)
G1(1.9912)
(-1.4473)
(-0.3922)
G2(0.2075)
(-1.4096)
(-0.3203)
G3(-2.6281)
(2.2008)
(-0.2719)
G4(-0.0990)
(-2.0172)
(1.4399)
A1(-10.7920)
(5.6283)
(1.9160)
A2(-3.3471)
(9.1650)
(1.1444)
A3(-2.0830)
(12.8042)
(-6.0094)
A4(-4.5059)
(-0.0048)
(-5.9759)
G1(0.8242)
(-1.1962)
(0.0681)
G2(-0.8833)
(-3.6673)
(-0.0585)
G3(-2.9596)
(-1.0142)
(-0.5875)
G4(-0.6763)
(-3.8238)
(0.8077)
A1(-3.8177)
(9.6376)
(3.6979)
A2(-7.3598)
(12.8329)
(-1.5850)
A3(-6.1914)
(12.6127)
(-3.4860)
A4(1.6520)
(11.5784)
(-4.0175)
G1(0.2166)
(0.6492)
(-0.1554)
G2(1.4857)
(0.9413)
(-1.3526)
G3(-1.1419)
(0.2469)
(-0.8381)
G4(-0.3038)
(1.5367)
(-0.2469)
A1(-5.4511)
(6.4378)
(0.6562)
A2(0.5411)
(8.4036)
(2.5857)
A3(-4.4053)
(7.5609)
(-4.8123)
A4(0.5842)
(8.5377)
(-4.3191)
G1(0.7258)
(-0.3948)
(0.0436)
G2(0.4166)
(0.4528)
(-0.1900)
G3(-0.2506)
(0.0096)
(0.0197)
G4(-0.4752)
(0.2395)
(-0.1314)
