A1(-3.3291)
(8.4065)
(3.4440)
A2(3.9792)
(9.2033)
(1.5419)
A3(-1.7573)
(8.8777)
(-3.9073)
A4(0.7805)
(7.8051)
(-6.4117)
G1(-1.2116)
(-0.0761)
(-0.1091)
G2(-0.2352)
(-0.0697)
(-0.0176)
G3(0.0639)
(0.1080)
(-0.0266)
G4(0.1857)
(-0.0138)
(-0.0628)
A1(-4.7086)
(7.9084)
(2.6297)
A2(2.1404)
(9.4427)
(1.3408)
A3(-1.1636)
(9.4140)
(-3.1556)
A4(-0.2059)
(7.6519)
(-6.9671)
G1(-0.3363)
(-0.5960)
(-0.1719)
G2(-0.3193)
(-0.4182)
(-0.1235)
G3(0.1894)
(0.1000)
(0.0383)
G4(0.1602)
(0.0176)
(-0.1442)
A1(-4.9769)
(7.8461)
(4.1386)
A2(2.8683)
(8.9352)
(1.6999)
A3(-1.7382)
(9.3278)
(-3.6009)
A4(0.6081)
(8.0876)
(-6.4500)
G1(-1.0456)
(-0.0277)
(-0.5688)
G2(-0.1916)
(-0.0064)
(-0.1038)
G3(0.1070)
(-0.2602)
(0.2001)
G4(0.1016)
(-0.3129)
(-0.0016)
A1(-0.7568)
(6.3947)
(3.1375)
A2(2.9640)
(9.3565)
(1.2354)
A3(-4.2329)
(9.8258)
(-4.6304)
A4(-1.7861)
(7.8865)
(-5.9616)
G1(-0.2128)
(-2.6105)
(-1.2925)
G2(-0.1447)
(-0.1719)
(-0.1501)
G3(0.1320)
(-1.5053)
(1.0371)
G4(0.3033)
(-0.3789)
(0.2895)
A1(0.0575)
(5.7672)
(8.4400)
A2(3.5291)
(9.1506)
(1.8340)
A3(8.7388)
(5.6216)
(-0.3065)
A4(-0.8523)
(7.5705)
(-6.4596)
G1(-0.1729)
(-3.6806)
(-0.6274)
G2(-0.1958)
(-0.8705)
(-0.0766)
G3(-0.9653)
(-3.5141)
(3.1416)
G4(0.4448)
(-0.3294)
(0.4848)
A1(-4.6894)
(8.1143)
(10.5141)
A2(0.4549)
(9.2847)
(3.7206)
A3(-11.1618)
(11.5784)
(-6.0861)
A4(2.5953)
(13.3022)
(-4.4532)
G1(0.9684)
(-0.8753)
(0.0596)
G2(-0.2501)
(-2.3104)
(0.0974)
G3(-0.3171)
(-6.5258)
(4.3894)
G4(1.2148)
(-1.1371)
(1.8560)
A1(-3.9039)
(11.8553)
(4.6703)
A2(-0.2634)
(10.0509)
(4.6400)
A3(7.6662)
(2.3272)
(2.0734)
A4(-3.3136)
(23.8079)
(1.7765)
G1(3.3874)
(-2.2860)
(1.0115)
G2(0.0649)
(-1.2175)
(-0.0772)
G3(0.7854)
(1.1988)
(1.8299)
G4(2.2886)
(-3.0006)
(4.0951)
A1(4.4595)
(16.6789)
(1.3221)
A2(0.8045)
(10.7883)
(6.1962)
A3(-1.2354)
(23.5158)
(-2.2410)
A4(-5.9903)
(23.0849)
(-0.6608)
G1(2.5158)
(-4.6395)
(0.1437)
G2(0.3719)
(-2.0465)
(0.3975)
G3(1.2148)
(2.2535)
(-1.5958)
G4(2.8122)
(-6.1182)
(9.1364)
A1(10.6339)
(16.8993)
(9.9920)
A2(-0.2682)
(7.4508)
(7.7285)
A3(6.7325)
(13.1394)
(-7.1587)
A4(-11.1713)
(-3.8164)
(-28.2755)
G1(2.6254)
(-6.9792)
(-1.7443)
G2(-4.4596)
(-2.2764)
(0.3038)
G3(-0.4688)
(-0.9206)
(0.8407)
G4(-0.3943)
(3.9089)
(5.6367)
A1(10.7105)
(10.2507)
(14.7916)
A2(-0.0383)
(11.5496)
(4.7309)
A3(7.7955)
(6.9049)
(-6.8378)
A4(-6.5362)
(-1.4269)
(-19.0147)
G1(1.1297)
(-9.4131)
(-2.4365)
G2(-6.5216)
(-10.3129)
(-1.5915)
G3(-1.2340)
(-1.8927)
(0.9392)
G4(1.2962)
(4.5559)
(8.1163)
A1(-17.5411)
(3.4488)
(6.7683)
A2(2.8730)
(29.2332)
(23.8127)
A3(10.8888)
(15.8736)
(6.6319)
A4(-6.2584)
(-5.5498)
(-1.3982)
G1(1.9108)
(-5.0811)
(-0.9791)
G2(-9.3024)
(-1.8411)
(-0.5188)
G3(-1.1840)
(-9.9447)
(4.6805)
G4(0.0564)
(8.0695)
(3.5141)
A1(7.1180)
(3.8320)
(-2.6489)
A2(15.2846)
(5.3726)
(11.8561)
A3(20.3651)
(-12.5073)
(1.8962)
A4(-9.0214)
(-14.0061)
(-1.2258)
G1(1.0429)
(1.2819)
(-0.5273)
G2(-5.4467)
(-8.7431)
(-0.4443)
G3(-2.4807)
(-9.0369)
(5.4989)
G4(-4.9391)
(5.1588)
(3.2794)
A1(-4.6990)
(13.4504)
(-0.0623)
A2(-13.0915)
(16.7834)
(8.7340)
A3(-1.2210)
(14.5232)
(8.5281)
A4(9.4379)
(36.4637)
(-70.6768)
G1(1.0147)
(-1.2590)
(0.3491)
G2(-0.0261)
(-6.5897)
(3.2661)
G3(-0.6082)
(3.0793)
(-2.4089)
G4(1.8326)
(5.7074)
(6.0464)
A1(-3.9422)
(7.4054)
(2.5435)
A2(11.8752)
(-3.7685)
(-11.6837)
A3(-8.5425)
(5.9472)
(-8.6095)
A4(32.6761)
(20.2597)
(-9.4523)
G1(-0.3959)
(0.3060)
(-0.1038)
G2(1.1829)
(-0.4895)
(0.0958)
G3(-0.6572)
(-0.3778)
(-0.6896)
G4(-0.4906)
(2.7574)
(-1.2973)
A1(-0.5221)
(10.7824)
(-0.7089)
A2(9.0357)
(-1.0870)
(7.6040)
A3(-2.3559)
(11.6215)
(2.9401)
A4(7.1587)
(-12.7707)
(-0.8380)
G1(-0.3911)
(0.8785)
(-0.4571)
G2(-0.5571)
(-2.2700)
(0.5252)
G3(-0.3448)
(0.7913)
(-0.3406)
G4(3.2837)
(-3.9286)
(-1.1281)
A1(-3.0369)
(9.0005)
(1.6238)
A2(21.5670)
(3.5291)
(-5.8610)
A3(2.3272)
(8.5281)
(-3.9983)
A4(6.8139)
(-5.6455)
(-4.9847)
G1(0.0463)
(1.0222)
(-0.0490)
G2(-1.4740)
(3.0708)
(-1.1456)
G3(0.2315)
(0.8333)
(-0.3251)
G4(-0.0527)
(-4.3516)
(-0.7843)
A1(-0.7377)
(10.1693)
(1.6286)
A2(0.9673)
(1.2785)
(3.9935)
A3(2.7102)
(8.6622)
(-4.6160)
A4(7.9823)
(-6.8091)
(-4.9704)
G1(0.1485)
(1.0765)
(0.2634)
G2(-1.9326)
(-2.4972)
(-2.2104)
G3(-0.0218)
(0.3895)
(-0.1681)
G4(-4.6831)
(-5.4057)
(-0.7093)
A1(-2.5914)
(8.5981)
(-0.1245)
A2(18.6556)
(9.5098)
(0.8332)
A3(1.7909)
(9.1267)
(-3.4093)
A4(-4.2665)
(4.0606)
(-6.5266)
G1(0.1139)
(1.6224)
(-0.2841)
G2(-0.4278)
(3.5683)
(-2.4137)
G3(-0.1197)
(0.1245)
(-0.2512)
G4(-5.0444)
(-1.4160)
(-0.4805)
A1(-0.2539)
(8.5167)
(-0.1006)
A2(9.4236)
(4.1084)
(-0.9481)
A3(-0.7949)
(9.2368)
(-3.5195)
A4(4.3239)
(3.2992)
(-16.0699)
G1(-0.5326)
(1.7097)
(-0.2836)
G2(-0.0096)
(1.4282)
(-1.9071)
G3(-0.1751)
(0.1761)
(-0.1548)
G4(-4.4410)
(0.8120)
(-1.1494)
A1(-0.2635)
(7.3192)
(1.5663)
A2(6.8857)
(6.5505)
(2.0830)
A3(2.6719)
(8.7819)
(-3.0167)
A4(5.1140)
(19.0866)
(-6.2632)
G1(-0.1245)
(1.5192)
(-0.1905)
G2(1.0286)
(-0.0676)
(-2.0646)
G3(0.2980)
(0.3602)
(-0.2948)
G4(-3.7503)
(-0.4071)
(-0.4917)
