A1(1.4562)
(9.1921)
(2.5627)
A2(2.7821)
(8.4994)
(2.4134)
A3(-1.5610)
(7.5896)
(-6.2441)
A4(-3.0215)
(11.5305)
(0.8859)
G1(0.4486)
(1.9284)
(-0.2171)
G2(-0.5071)
(0.7098)
(0.0543)
G3(-0.2959)
(0.5486)
(-0.2421)
G4(1.5341)
(5.0072)
(-2.1598)
A1(-2.2417)
(9.7334)
(1.2933)
A2(3.8499)
(10.1323)
(3.5578)
A3(1.6999)
(9.0309)
(-4.6304)
A4(1.3168)
(14.1066)
(3.6775)
G1(-0.0090)
(1.7017)
(-0.1155)
G2(-0.1027)
(0.5906)
(0.3453)
G3(-0.1431)
(0.5241)
(-0.5013)
G4(1.7602)
(7.1926)
(-4.8023)
A1(0.3209)
(13.6277)
(4.4643)
A2(2.0590)
(5.7748)
(4.2617)
A3(-2.1404)
(10.9319)
(-1.3120)
A4(0.4693)
(1.0870)
(0.9002)
G1(-0.7753)
(1.7262)
(-0.6917)
G2(-0.8274)
(1.3606)
(1.2052)
G3(0.2719)
(0.9509)
(-0.3464)
G4(0.0665)
(-1.5006)
(1.0387)
A1(-1.5041)
(8.0568)
(5.0200)
A2(-3.8211)
(5.7174)
(9.3087)
A3(-0.5171)
(12.2918)
(-0.1389)
A4(0.9002)
(-6.4308)
(-17.0754)
G1(-3.2911)
(3.5082)
(-0.0596)
G2(-1.3995)
(2.7148)
(0.5300)
G3(1.0078)
(0.7567)
(-0.5662)
G4(1.2861)
(1.4415)
(-2.8851)
A1(0.2970)
(18.5662)
(0.9197)
A2(4.5681)
(9.7396)
(11.7986)
A3(-2.3032)
(27.7105)
(4.4388)
A4(0.2298)
(10.5632)
(-7.2113)
G1(-6.3002)
(5.1306)
(0.4539)
G2(1.7256)
(-1.7315)
(-0.1282)
G3(3.9722)
(3.0490)
(-2.9314)
G4(0.1314)
(0.9605)
(-0.4427)
A1(3.1806)
(14.1354)
(18.0776)
A2(4.3096)
(7.3406)
(12.1625)
A3(11.7076)
(19.6756)
(-2.6671)
A4(-2.2889)
(8.8585)
(-4.7405)
G1(-7.7417)
(6.5860)
(0.9817)
G2(-1.4330)
(-0.8599)
(1.0717)
G3(3.3779)
(5.4669)
(-4.7060)
G4(0.0404)
(0.5741)
(-0.6375)
A1(-10.6243)
(9.4555)
(17.2202)
A2(7.4843)
(11.1761)
(3.0694)
A3(28.9124)
(8.2935)
(-14.7914)
A4(-5.1954)
(10.7021)
(-5.0613)
G1(-6.3822)
(3.2831)
(1.2467)
G2(0.7077)
(1.4011)
(1.4543)
G3(0.8652)
(-3.2427)
(-2.8521)
G4(0.1639)
(4.2952)
(-0.8679)
A1(-3.2524)
(10.2746)
(13.0576)
A2(-6.6032)
(9.9838)
(3.9600)
A3(10.2280)
(3.3758)
(-21.0163)
A4(-0.2059)
(16.1513)
(-1.0774)
G1(-4.7459)
(8.3829)
(0.0346)
G2(1.0052)
(3.7094)
(0.3416)
G3(1.2148)
(0.5374)
(-3.5359)
G4(1.1153)
(7.9083)
(-2.6701)
A1(7.6976)
(7.4916)
(-0.0958)
A2(-13.3261)
(12.5983)
(3.9792)
A3(12.0859)
(-4.5442)
(-7.4124)
A4(-2.1069)
(0.1772)
(-3.2465)
G1(-0.4401)
(2.8766)
(-1.9172)
G2(1.1983)
(5.8208)
(1.6091)
G3(4.4650)
(-7.6390)
(-5.6574)
G4(0.2352)
(6.1906)
(-3.0868)
A1(-7.6449)
(6.0115)
(-23.8927)
A2(-10.2041)
(8.4084)
(17.3867)
A3(8.7197)
(-4.1851)
(1.4844)
A4(3.9792)
(10.4196)
(-1.6807)
G1(-0.1139)
(7.9226)
(-2.5744)
G2(0.7886)
(9.4578)
(2.3163)
G3(0.7221)
(-8.0157)
(-4.3224)
G4(-1.2973)
(2.4488)
(-1.6815)
A1(8.2197)
(7.4198)
(4.7326)
A2(24.7752)
(6.6846)
(-11.5448)
A3(-3.0502)
(-14.4418)
(7.0485)
A4(14.2599)
(4.3431)
(0.3926)
G1(-2.9410)
(2.6930)
(2.8612)
G2(2.8431)
(3.3571)
(1.4622)
G3(-4.8933)
(-2.6936)
(-8.7650)
G4(0.2118)
(1.7198)
(-0.9951)
A1(-5.1397)
(6.3708)
(1.8537)
A2(-7.3502)
(3.7972)
(10.2280)
A3(-38.0582)
(50.8624)
(-64.6243)
A4(-4.0654)
(10.5872)
(-3.6440)
G1(-1.4042)
(-8.9331)
(4.1835)
G2(1.2169)
(0.2246)
(0.1378)
G3(8.5393)
(5.1721)
(-7.4262)
G4(-0.6582)
(-2.9633)
(1.0908)
A1(-6.1792)
(5.7337)
(-1.2023)
A2(17.7602)
(3.9073)
(4.5921)
A3(-13.9773)
(19.4026)
(3.6152)
A4(3.2082)
(9.2416)
(-4.6208)
G1(-0.7263)
(-0.0697)
(2.8553)
G2(0.0399)
(0.7960)
(0.1687)
G3(-0.4821)
(-2.9867)
(4.8023)
G4(-0.2650)
(-1.3037)
(0.3374)
A1(-11.9032)
(8.2772)
(0.3353)
A2(-0.6225)
(12.0476)
(4.2138)
A3(-15.2942)
(-15.8305)
(-10.2232)
A4(0.5171)
(9.5529)
(-4.2617)
G1(2.0540)
(-3.7386)
(2.4105)
G2(-0.6614)
(-2.6302)
(0.2336)
G3(0.9243)
(6.2917)
(2.6100)
G4(0.0133)
(-0.3283)
(0.0548)
A1(0.0000)
(6.8450)
(9.6040)
A2(8.1116)
(11.7795)
(2.0303)
A3(-5.1667)
(-6.0765)
(-10.4483)
A4(1.0247)
(9.5720)
(-2.7964)
G1(2.4706)
(-0.3539)
(1.5506)
G2(0.1485)
(-1.1244)
(0.2400)
G3(-3.8509)
(2.7228)
(1.2451)
G4(-0.0506)
(0.3198)
(-0.1107)
A1(-9.5513)
(7.7694)
(0.0431)
A2(-0.7709)
(9.5146)
(2.4181)
A3(-5.7221)
(3.5051)
(-13.7188)
A4(1.4700)
(9.0070)
(-2.6815)
G1(2.2530)
(-2.7606)
(1.3803)
G2(0.1884)
(-1.5112)
(0.1320)
G3(-5.9985)
(0.2522)
(-1.3691)
G4(0.0399)
(-0.1463)
(0.0889)
A1(-5.2595)
(8.3969)
(3.0848)
A2(0.4549)
(9.0740)
(1.3838)
A3(1.5227)
(11.1235)
(-7.7333)
A4(0.9242)
(8.5856)
(-5.2050)
G1(1.1855)
(-0.8753)
(0.8189)
G2(0.2836)
(0.0357)
(-0.1080)
G3(-3.4210)
(0.9472)
(-0.7082)
G4(0.1580)
(0.2043)
(0.0027)
A1(-6.7300)
(8.3155)
(0.8335)
A2(1.1827)
(8.9495)
(-0.4884)
A3(-6.5553)
(11.1857)
(-8.8538)
A4(1.2258)
(9.8976)
(-2.1356)
G1(1.8847)
(-1.4042)
(1.2494)
G2(0.0873)
(-0.9014)
(0.0431)
G3(-4.1962)
(-0.0117)
(0.8955)
G4(0.1325)
(-0.4459)
(0.3751)
A1(-5.7864)
(8.5598)
(0.3066)
A2(0.0239)
(10.3382)
(2.6384)
A3(-3.6536)
(10.1323)
(-5.4923)
A4(-0.0287)
(8.8394)
(-4.5011)
G1(0.8083)
(0.4821)
(0.5390)
G2(-0.3118)
(-0.6859)
(0.1910)
G3(-1.6288)
(-0.2474)
(0.1841)
G4(0.0303)
(-0.6210)
(0.6087)
A1(-4.8954)
(9.1107)
(3.3913)
A2(1.1779)
(8.7819)
(0.3591)
A3(-4.8411)
(10.1418)
(-1.8962)
A4(1.9058)
(8.7724)
(-5.2672)
G1(0.7854)
(0.1905)
(0.8189)
G2(-0.1564)
(-0.4113)
(-0.1729)
G3(-1.0743)
(-0.1751)
(0.4294)
G4(0.1591)
(0.1830)
(0.2719)
