A1(-2.5004)
(7.9850)
(3.5398)
A2(2.3367)
(8.9687)
(0.5411)
A3(-3.4860)
(10.5680)
(-1.8771)
A4(1.2019)
(8.1259)
(-6.2872)
G1(-1.2313)
(-0.5497)
(-0.9461)
G2(-0.3672)
(0.3831)
(-0.0984)
G3(0.5172)
(-0.8423)
(0.4635)
G4(0.5156)
(0.1128)
(-0.0814)
A1(-1.8202)
(6.7108)
(5.6906)
A2(2.7629)
(9.3422)
(0.9146)
A3(-2.1452)
(8.1211)
(-5.3822)
A4(-0.4549)
(8.2361)
(-6.1914)
G1(-0.9360)
(-2.3035)
(-0.8748)
G2(-0.8216)
(-0.0596)
(0.1442)
G3(0.0915)
(-3.6412)
(2.1678)
G4(0.4693)
(-0.4507)
(0.1634)
A1(-1.0011)
(6.8785)
(11.3284)
A2(2.5905)
(9.6822)
(1.1253)
A3(5.3295)
(9.3374)
(0.9098)
A4(-3.5051)
(8.8250)
(-6.9192)
G1(0.1133)
(-3.2384)
(-0.1117)
G2(-0.4278)
(-0.7301)
(0.1623)
G3(-0.6391)
(-4.0270)
(3.7551)
G4(0.4789)
(-1.5091)
(1.0711)
A1(-8.0808)
(11.0842)
(9.4220)
A2(2.6336)
(9.3278)
(2.5139)
A3(12.4594)
(7.3981)
(6.2968)
A4(1.1013)
(14.1641)
(-1.7765)
G1(2.8218)
(-2.0960)
(0.5640)
G2(-0.4119)
(-2.0774)
(0.0511)
G3(-3.0314)
(-7.4996)
(5.1375)
G4(1.0898)
(-1.7613)
(1.5825)
A1(12.5355)
(19.4571)
(-1.4945)
A2(0.9960)
(10.9463)
(3.0598)
A3(26.0872)
(18.2055)
(-1.6089)
A4(-9.0118)
(18.8280)
(-12.8329)
G1(1.9119)
(-3.8509)
(2.3519)
G2(0.1804)
(-2.4759)
(-0.0399)
G3(2.0039)
(2.1146)
(-1.6309)
G4(2.7127)
(-1.7948)
(3.5306)
A1(8.6412)
(14.0061)
(4.8284)
A2(5.7365)
(8.7293)
(10.5824)
A3(8.8011)
(14.1976)
(-9.5146)
A4(-27.6099)
(21.1839)
(-26.8007)
G1(1.9598)
(-5.6409)
(-1.0754)
G2(-2.5956)
(-4.2606)
(1.2404)
G3(0.2645)
(-0.9073)
(-0.0814)
G4(-0.0090)
(-0.3310)
(6.6248)
A1(10.9309)
(12.4445)
(6.8066)
A2(-0.9816)
(25.4121)
(5.4684)
A3(8.9639)
(8.5473)
(-2.9353)
A4(-4.8650)
(-1.7238)
(-16.4769)
G1(0.8466)
(-7.2218)
(-1.6054)
G2(-8.1717)
(-8.0977)
(-2.7888)
G3(-0.5385)
(-1.7161)
(0.4581)
G4(1.2866)
(5.5435)
(8.0024)
A1(-20.9037)
(9.3454)
(-6.3851)
A2(-4.2569)
(16.2901)
(17.4298)
A3(8.3797)
(11.0516)
(-0.2490)
A4(-2.4612)
(-6.5457)
(-2.9401)
G1(1.8124)
(-6.1411)
(-2.7563)
G2(-8.1254)
(-3.5215)
(0.1485)
G3(-0.7630)
(-6.7334)
(2.3514)
G4(-0.5593)
(6.2002)
(5.1450)
A1(6.8545)
(3.7362)
(14.0875)
A2(15.8065)
(9.6151)
(7.3263)
A3(5.2337)
(7.5800)
(-1.0487)
A4(-1.4988)
(-9.9264)
(-3.6966)
G1(0.9046)
(-0.2964)
(-0.1979)
G2(-4.9210)
(-7.9301)
(-1.1909)
G3(-1.6224)
(-10.6055)
(4.1303)
G4(-4.0579)
(4.0329)
(3.7434)
A1(-3.8751)
(3.7746)
(3.9949)
A2(-4.4724)
(12.0285)
(9.4906)
A3(-7.4843)
(18.1528)
(0.9242)
A4(10.6638)
(40.5434)
(-54.0515)
G1(-0.0463)
(-0.3108)
(-0.5337)
G2(-1.4000)
(-6.9797)
(2.3056)
G3(-1.6267)
(-1.0456)
(0.2006)
G4(0.8152)
(3.1059)
(2.8606)
A1(-2.4812)
(9.2160)
(2.2848)
A2(6.8905)
(-1.9393)
(-6.2728)
A3(-9.6582)
(11.0325)
(-1.6616)
A4(10.7164)
(7.1251)
(-6.1052)
G1(-0.1703)
(0.7370)
(-0.0117)
G2(0.2868)
(1.0983)
(0.4699)
G3(-0.5561)
(0.0814)
(-0.4512)
G4(-9.1098)
(4.1962)
(-2.6377)
A1(-1.7867)
(9.5513)
(2.0837)
A2(2.5283)
(4.4724)
(-4.2713)
A3(2.0686)
(8.3414)
(-3.9983)
A4(3.9744)
(-4.9608)
(-3.5769)
G1(0.0011)
(0.2081)
(-0.0319)
G2(-1.7294)
(3.4220)
(-0.7583)
G3(0.2086)
(1.0105)
(-0.2671)
G4(0.6210)
(-2.9601)
(1.7719)
A1(-2.2513)
(9.3789)
(0.2778)
A2(20.4130)
(-0.1867)
(-1.4413)
A3(1.2737)
(9.4092)
(-2.7438)
A4(8.8155)
(-5.0709)
(-6.2824)
G1(0.2586)
(0.6859)
(-0.2469)
G2(-0.4012)
(-1.1898)
(0.5342)
G3(0.1011)
(1.0546)
(-0.2437)
G4(1.0403)
(-1.5958)
(-2.5611)
A1(-1.9256)
(9.6136)
(0.3593)
A2(4.8698)
(2.1021)
(0.3017)
A3(1.7957)
(9.6965)
(-2.7485)
A4(7.9440)
(-5.0853)
(-3.5147)
G1(0.1192)
(0.4401)
(0.2081)
G2(-0.8780)
(2.5834)
(-2.4328)
G3(0.0766)
(0.8056)
(-0.2022)
G4(0.2959)
(-3.0644)
(-0.4236)
A1(-1.2598)
(9.2256)
(0.4215)
A2(11.5831)
(3.8547)
(-1.7047)
A3(1.3264)
(9.2033)
(-3.4237)
A4(5.0422)
(-1.9680)
(-5.8035)
G1(0.1830)
(0.4832)
(0.1320)
G2(-0.3661)
(-0.8216)
(-1.8831)
G3(-0.0266)
(0.2543)
(-0.1117)
G4(-3.2475)
(-3.0836)
(-2.8835)
A1(-0.6754)
(9.3933)
(0.2108)
A2(8.5281)
(4.7070)
(0.5555)
A3(1.5419)
(8.5760)
(-3.4333)
A4(2.8539)
(-0.1437)
(-7.4364)
G1(0.1846)
(0.7359)
(0.1389)
G2(0.0601)
(2.0699)
(-1.3122)
G3(0.0165)
(0.2549)
(-0.1495)
G4(-4.2697)
(-2.6712)
(-1.3963)
A1(-0.6946)
(9.1586)
(0.3497)
A2(9.1985)
(5.0422)
(0.8332)
A3(1.4892)
(9.0836)
(-2.9640)
A4(2.5379)
(4.6208)
(-10.1418)
G1(0.0112)
(0.9738)
(-0.4661)
G2(0.3650)
(1.8161)
(-1.1408)
G3(-0.0080)
(0.0968)
(-0.2192)
G4(-3.8711)
(0.5279)
(-1.4457)
A1(-0.7281)
(9.0819)
(0.1724)
A2(7.4699)
(6.1675)
(4.0654)
A3(0.3926)
(9.4475)
(-2.8587)
A4(7.8817)
(6.7325)
(-8.6622)
G1(-0.0862)
(0.5890)
(-0.1995)
G2(1.1446)
(1.3936)
(-1.7310)
G3(0.0899)
(0.3384)
(-0.2618)
G4(-3.3645)
(-1.0382)
(0.3682)
A1(-1.1352)
(8.7562)
(-0.4311)
A2(7.6327)
(7.4986)
(2.0686)
A3(1.5897)
(8.9256)
(-2.6576)
A4(1.2258)
(11.5927)
(-2.5570)
G1(-0.4704)
(-1.0201)
(-0.2070)
G2(2.1130)
(1.7794)
(-1.7671)
G3(0.4544)
(0.1570)
(-0.2081)
G4(-1.9757)
(-2.4435)
(1.1121)
A1(-1.8058)
(8.9478)
(0.0287)
A2(8.9783)
(6.9911)
(1.1779)
A3(2.4038)
(8.6862)
(-3.9121)
A4(0.7997)
(2.2745)
(-9.6295)
G1(0.2118)
(0.1453)
(-0.8812)
G2(2.0433)
(-1.4090)
(-1.0280)
G3(0.5954)
(0.2990)
(-0.2927)
G4(0.5412)
(0.4704)
(-1.3691)
