A1(-2.9555)
(9.0340)
(2.0932)
A2(2.6863)
(8.9352)
(-1.5897)
A3(-0.9625)
(9.2368)
(-2.2505)
A4(0.6608)
(8.8298)
(-5.0805)
G1(-0.7168)
(0.1751)
(-0.0016)
G2(0.0362)
(0.0995)
(-0.0415)
G3(0.3757)
(-0.5241)
(0.1655)
G4(-0.0617)
(0.2395)
(-0.0325)
A1(-3.3482)
(6.2318)
(4.3254)
A2(2.7007)
(8.9687)
(-2.0542)
A3(-2.8012)
(10.2759)
(-3.4668)
A4(3.1699)
(9.1028)
(-3.1220)
G1(-0.9647)
(-1.5687)
(-0.9195)
G2(-0.0138)
(-0.0442)
(-0.0218)
G3(0.2756)
(-1.4958)
(0.8535)
G4(0.1107)
(-0.3139)
(-0.0825)
A1(1.6621)
(7.2090)
(8.9813)
A2(3.6727)
(9.4619)
(-1.4557)
A3(7.6327)
(5.6790)
(-1.0870)
A4(-0.6369)
(11.1857)
(0.1437)
G1(-0.5098)
(-2.8910)
(-0.1410)
G2(-0.0819)
(-0.2767)
(0.0059)
G3(-0.4331)
(-3.9201)
(3.1432)
G4(0.9019)
(-0.4432)
(0.2517)
A1(-6.6007)
(9.2687)
(5.5277)
A2(4.4388)
(8.6479)
(1.9393)
A3(4.4005)
(9.2991)
(2.0111)
A4(-1.4509)
(11.3437)
(0.3926)
G1(0.5944)
(-4.3367)
(0.6513)
G2(-0.2671)
(-1.2776)
(0.3549)
G3(-1.5155)
(-6.3955)
(4.3005)
G4(1.5729)
(-0.5630)
(0.6492)
A1(-0.8622)
(1.4514)
(-2.9555)
A2(0.4310)
(9.1650)
(1.3599)
A3(-10.0317)
(2.3128)
(8.8394)
A4(-6.7516)
(32.6473)
(5.1188)
G1(0.6327)
(-1.2989)
(-0.6561)
G2(-0.5390)
(-0.9695)
(0.1495)
G3(0.1852)
(2.4600)
(0.0601)
G4(3.4369)
(-2.8463)
(3.7886)
A1(-2.2753)
(7.9227)
(2.4094)
A2(-1.8292)
(17.2047)
(5.4779)
A3(7.4077)
(0.7661)
(-9.9647)
A4(-13.4171)
(34.1700)
(-14.9255)
G1(2.0710)
(-3.9073)
(-1.6033)
G2(-1.8225)
(-2.2609)
(1.0908)
G3(0.7588)
(3.3502)
(-0.2102)
G4(0.4528)
(-7.1585)
(9.6860)
A1(8.2628)
(13.4504)
(3.0944)
A2(4.0893)
(18.8376)
(13.1298)
A3(6.1723)
(9.4571)
(-0.9194)
A4(-0.7901)
(5.1427)
(-24.6028)
G1(2.1758)
(-6.9329)
(-0.9232)
G2(-7.0633)
(-3.9249)
(-0.0170)
G3(-0.3821)
(-0.6737)
(0.0654)
G4(1.4277)
(4.4591)
(6.2316)
A1(4.1146)
(7.2569)
(19.0260)
A2(-8.5617)
(10.6015)
(20.7242)
A3(10.6350)
(17.4920)
(3.5195)
A4(-4.3958)
(-5.9664)
(-7.0054)
G1(-2.6089)
(-10.2980)
(-0.2352)
G2(-8.8975)
(-2.6361)
(2.3589)
G3(-0.4236)
(-5.3669)
(1.1504)
G4(1.1760)
(7.5736)
(4.9210)
A1(-24.1993)
(3.1566)
(-15.3617)
A2(13.1202)
(21.2318)
(12.9574)
A3(8.3701)
(12.7132)
(10.9846)
A4(-3.9552)
(-10.0365)
(-3.0646)
G1(2.6520)
(-8.1903)
(-1.1435)
G2(-6.4157)
(-3.6945)
(-1.6863)
G3(0.0793)
(-9.1768)
(3.6987)
G4(-3.0517)
(7.5001)
(2.8633)
A1(2.0501)
(11.1656)
(7.9706)
A2(1.1301)
(9.8689)
(9.6295)
A3(-7.5274)
(4.0223)
(-2.2362)
A4(-5.4205)
(10.2711)
(-8.0637)
G1(0.5704)
(-1.2574)
(0.3821)
G2(-3.8105)
(-8.0487)
(1.3133)
G3(-2.5190)
(-6.3146)
(2.6760)
G4(-5.9107)
(0.4949)
(6.9191)
A1(-7.3815)
(9.2304)
(0.3114)
A2(-2.6576)
(4.1803)
(-6.8331)
A3(-2.4852)
(10.6015)
(0.5124)
A4(31.3257)
(-11.5592)
(15.1409)
G1(-1.1478)
(0.2533)
(-0.8977)
G2(1.4250)
(-2.3578)
(2.4669)
G3(-1.8682)
(-2.5706)
(0.1203)
G4(-10.9025)
(4.7848)
(-15.0891)
A1(-4.7805)
(8.0521)
(0.6083)
A2(8.3701)
(11.8226)
(-1.2977)
A3(4.6878)
(8.3127)
(-2.7725)
A4(8.7197)
(-6.1387)
(-1.9441)
G1(-0.0937)
(0.5358)
(-0.0995)
G2(-0.2559)
(-3.2044)
(-0.7625)
G3(0.1389)
(0.0117)
(0.2575)
G4(0.6870)
(-3.8147)
(0.8668)
A1(-0.7856)
(10.7345)
(1.7244)
A2(7.8338)
(-6.9192)
(-13.5751)
A3(4.8554)
(8.0445)
(-4.2904)
A4(6.4548)
(-1.6712)
(-6.3015)
G1(-0.1522)
(1.7177)
(0.3054)
G2(-0.3863)
(1.9459)
(-2.4211)
G3(0.2352)
(0.6178)
(-0.2485)
G4(1.5490)
(-1.0887)
(-0.6045)
A1(-1.1927)
(9.9537)
(0.8191)
A2(3.0885)
(0.9337)
(-1.3455)
A3(0.3448)
(8.6287)
(-3.7685)
A4(9.9551)
(-4.8985)
(-3.0071)
G1(0.0245)
(1.2744)
(0.0575)
G2(-1.9587)
(0.0750)
(-2.1673)
G3(-0.0516)
(1.2084)
(-0.3235)
G4(1.6405)
(-2.4754)
(-0.3304)
A1(-0.8718)
(10.4183)
(2.0358)
A2(12.5935)
(2.8539)
(-1.6520)
A3(1.7861)
(8.6143)
(-3.9456)
A4(2.6432)
(-3.7924)
(-6.6655)
G1(0.6162)
(0.4981)
(0.0623)
G2(-1.2957)
(0.8418)
(-1.3654)
G3(-0.0255)
(0.5683)
(-0.1767)
G4(-2.4461)
(-4.4990)
(-3.0118)
A1(-0.5700)
(9.6184)
(1.2789)
A2(7.1778)
(4.4915)
(2.9161)
A3(1.9728)
(8.4180)
(-3.2417)
A4(1.4078)
(1.0295)
(-9.4284)
G1(0.4017)
(1.4904)
(-0.2661)
G2(0.0745)
(3.9791)
(-1.0451)
G3(-0.2320)
(0.2932)
(-0.1841)
G4(-3.8695)
(-4.2340)
(-0.9041)
A1(-1.4849)
(8.5742)
(-0.9772)
A2(11.4156)
(6.0142)
(3.2082)
A3(1.7621)
(9.3518)
(-1.0918)
A4(1.6520)
(6.4835)
(-9.8162)
G1(0.3012)
(0.4113)
(-0.2331)
G2(0.1756)
(1.9619)
(-1.9459)
G3(-0.2283)
(0.5481)
(-0.2309)
G4(-3.4811)
(1.2058)
(-1.2510)
A1(0.8909)
(11.0554)
(-0.6371)
A2(6.9432)
(5.8945)
(4.6400)
A3(0.8811)
(8.7436)
(-2.7342)
A4(11.8178)
(6.3638)
(-10.7931)
G1(0.5114)
(0.1341)
(-0.1857)
G2(1.8842)
(1.1180)
(-1.7416)
G3(-0.5130)
(0.1123)
(-0.0894)
G4(-2.6728)
(-0.7301)
(0.4933)
A1(-0.9388)
(9.1969)
(-0.8909)
A2(8.3222)
(6.7421)
(3.5243)
A3(1.8292)
(9.7444)
(-1.0295)
A4(4.8650)
(13.7092)
(-4.9177)
G1(-0.2038)
(-0.1570)
(-0.0181)
G2(2.1285)
(1.3329)
(-1.9965)
G3(-0.1953)
(-0.2857)
(-0.0372)
G4(-1.4399)
(-0.6550)
(0.1506)
A1(-0.8335)
(9.3214)
(1.1496)
A2(6.3494)
(7.5513)
(2.6049)
A3(2.7533)
(9.8976)
(0.8859)
A4(2.2314)
(10.5249)
(-2.5235)
G1(0.2070)
(-0.0750)
(-0.4917)
G2(1.8007)
(-0.8205)
(-1.0451)
G3(0.3991)
(-0.4145)
(-0.1820)
G4(-0.5342)
(0.0814)
(-0.2405)
