A1(-2.3184)
(8.5550)
(4.1625)
A2(2.4277)
(9.7971)
(2.5666)
A3(-5.8275)
(10.1706)
(-2.1021)
A4(-0.6464)
(7.9248)
(-5.8323)
G1(-1.1706)
(-2.4408)
(-1.2829)
G2(0.0447)
(0.8695)
(0.2485)
G3(0.5598)
(-1.6549)
(1.0887)
G4(0.0319)
(-0.4576)
(0.3464)
A1(1.2598)
(7.9275)
(7.9994)
A2(3.3327)
(9.2608)
(2.0446)
A3(2.2362)
(7.6184)
(-3.5817)
A4(-1.3168)
(9.2273)
(-6.3973)
G1(0.0117)
(-3.2565)
(-0.7471)
G2(-0.3129)
(-0.9929)
(-0.0537)
G3(0.2224)
(-4.1515)
(2.6430)
G4(0.2591)
(-1.0850)
(0.8977)
A1(-3.5015)
(8.6843)
(10.1932)
A2(3.4524)
(8.6814)
(3.2944)
A3(4.0366)
(6.2776)
(-1.9632)
A4(-1.3791)
(13.1825)
(-1.9058)
G1(1.1887)
(-4.5363)
(-0.4150)
G2(-0.3150)
(-2.6861)
(0.0846)
G3(-0.7934)
(-5.0631)
(4.0755)
G4(0.6236)
(-1.8555)
(1.5341)
A1(0.2826)
(5.9492)
(5.5708)
A2(2.4804)
(10.7931)
(3.4572)
A3(-13.3501)
(3.4524)
(-9.2799)
A4(-8.8107)
(32.4031)
(-2.9928)
G1(1.0504)
(-2.1018)
(-0.5768)
G2(0.2474)
(-2.8042)
(-0.1767)
G3(0.2224)
(0.1580)
(1.1781)
G4(2.6387)
(-1.8432)
(3.7131)
A1(-4.0859)
(7.7742)
(1.1975)
A2(0.3879)
(8.2025)
(10.5536)
A3(3.3806)
(-4.8411)
(-12.6270)
A4(-13.5225)
(28.1558)
(-24.7177)
G1(1.7224)
(-2.9979)
(-1.2941)
G2(-1.3904)
(-5.3898)
(0.9961)
G3(1.0296)
(-1.1185)
(-0.3954)
G4(0.2953)
(-1.6224)
(9.5615)
A1(7.3862)
(11.9943)
(3.5590)
A2(-3.4668)
(6.5984)
(9.3613)
A3(7.5034)
(12.0955)
(-11.2192)
A4(-14.4227)
(-0.9577)
(-18.9956)
G1(1.8321)
(-5.0258)
(-0.8716)
G2(-4.6108)
(-0.8870)
(2.0273)
G3(0.0889)
(-0.1266)
(-0.3954)
G4(-0.8865)
(1.6235)
(4.0036)
A1(6.0354)
(9.0771)
(12.5212)
A2(14.4753)
(6.5745)
(11.8034)
A3(7.0437)
(8.9352)
(-1.9968)
A4(-3.0837)
(0.0192)
(-15.8783)
G1(0.4752)
(-6.9755)
(-1.0791)
G2(-6.7993)
(-6.1656)
(-1.4990)
G3(-0.3986)
(-2.6425)
(0.6087)
G4(-0.0069)
(4.4751)
(8.3457)
A1(-0.5652)
(9.8819)
(11.7883)
A2(-6.5841)
(16.1561)
(19.7426)
A3(8.1403)
(10.6350)
(0.3065)
A4(-2.5235)
(-5.4253)
(-8.0876)
G1(-0.9003)
(-10.5539)
(-2.0071)
G2(-7.4671)
(-4.3357)
(1.6618)
G3(-0.2565)
(-4.9886)
(1.0531)
G4(-0.1282)
(6.1209)
(5.6840)
A1(2.4956)
(0.3353)
(-4.1242)
A2(12.2009)
(6.7469)
(12.7755)
A3(6.3925)
(3.3950)
(-2.9832)
A4(4.1132)
(-5.2672)
(-4.5155)
G1(0.4347)
(2.3376)
(-0.7620)
G2(-5.2764)
(-7.2947)
(1.1887)
G3(-1.6134)
(-8.5798)
(3.4550)
G4(-4.5953)
(3.0559)
(5.2706)
A1(-9.5418)
(4.8475)
(6.7492)
A2(-4.5825)
(12.6127)
(4.7453)
A3(-1.4940)
(13.8481)
(2.2458)
A4(-32.4127)
(-23.1280)
(80.0430)
G1(0.2458)
(-1.2813)
(-0.0282)
G2(-0.2969)
(-3.9504)
(1.8874)
G3(-0.9993)
(-0.3576)
(-0.3863)
G4(6.6839)
(-14.3532)
(-8.3728)
A1(-2.7926)
(9.2448)
(3.1806)
A2(-2.5426)
(4.8123)
(-5.8562)
A3(-3.8930)
(8.2456)
(0.4262)
A4(8.6670)
(-5.3917)
(4.8411)
G1(-0.3581)
(0.6103)
(0.0255)
G2(1.5256)
(-1.0727)
(2.0689)
G3(-0.5241)
(-0.8913)
(-0.3874)
G4(-15.8623)
(6.9521)
(-9.2816)
A1(-0.1820)
(10.7584)
(0.8335)
A2(-0.1676)
(11.6023)
(0.2298)
A3(-0.8045)
(8.8394)
(-3.9744)
A4(3.8403)
(-3.8116)
(-4.0223)
G1(0.1266)
(0.4369)
(-0.0724)
G2(-1.1675)
(-0.1250)
(0.6710)
G3(0.2836)
(1.3446)
(-0.3890)
G4(0.0064)
(-3.7503)
(-0.0963)
A1(-1.0730)
(10.3082)
(1.1304)
A2(5.5067)
(0.8140)
(5.5402)
A3(1.7238)
(9.8976)
(-2.8395)
A4(10.8122)
(-3.5243)
(-7.8338)
G1(0.0915)
(1.0068)
(-0.0878)
G2(-1.3164)
(-2.1801)
(-1.4841)
G3(0.0708)
(0.9562)
(-0.2948)
G4(0.2395)
(-3.6870)
(-1.2776)
A1(-0.7951)
(9.8531)
(1.5472)
A2(-0.0431)
(0.9146)
(2.2936)
A3(1.7813)
(9.2608)
(-3.6152)
A4(7.9966)
(-4.8554)
(-6.4500)
G1(0.1479)
(0.6013)
(0.0692)
G2(-1.4324)
(2.3078)
(-2.4073)
G3(0.1336)
(1.0110)
(-0.3342)
G4(-1.2888)
(-4.2452)
(-2.3801)
A1(-1.5855)
(9.9345)
(0.1054)
A2(11.9710)
(2.9975)
(-1.4317)
A3(1.8675)
(8.8969)
(-3.8355)
A4(4.7070)
(-0.8332)
(-11.3725)
G1(0.4044)
(0.4667)
(-0.1772)
G2(-1.2451)
(0.2639)
(-2.2311)
G3(-0.0346)
(0.2714)
(-0.2070)
G4(-3.3731)
(-2.7414)
(-2.2120)
A1(-1.2358)
(9.4220)
(0.8287)
A2(7.4795)
(4.3814)
(2.4708)
A3(1.0199)
(8.0972)
(-3.8307)
A4(1.8004)
(1.2833)
(-10.5728)
G1(0.4012)
(0.6194)
(0.2112)
G2(-0.9488)
(1.7517)
(-1.6879)
G3(-0.1000)
(0.1559)
(-0.1910)
G4(-3.4667)
(-1.1084)
(-1.1637)
A1(0.2108)
(8.7275)
(-0.2587)
A2(8.2696)
(6.0286)
(3.2370)
A3(0.8571)
(8.6287)
(-4.1228)
A4(2.7533)
(3.0311)
(-9.8162)
G1(-0.0069)
(0.4145)
(-0.1027)
G2(0.6337)
(1.6421)
(-1.7134)
G3(-0.1288)
(-0.0490)
(-0.2027)
G4(-3.0261)
(0.1586)
(0.0532)
A1(0.4694)
(9.4507)
(0.5700)
A2(5.2481)
(7.2832)
(4.0175)
A3(0.7949)
(9.4188)
(-1.0534)
A4(4.6687)
(11.8896)
(-7.4077)
G1(-0.3767)
(-1.1190)
(-0.2395)
G2(1.4133)
(0.7732)
(-1.5788)
G3(0.3070)
(-0.0915)
(-0.1687)
G4(-2.8814)
(-2.0470)
(0.8673)
A1(-1.5424)
(9.3310)
(0.1485)
A2(7.0773)
(7.2640)
(2.3511)
A3(0.7949)
(9.7396)
(-1.7909)
A4(2.5235)
(10.7548)
(-4.1515)
G1(-0.9397)
(-0.2155)
(-0.2155)
G2(2.3120)
(1.0078)
(-1.6602)
G3(0.6157)
(-0.0426)
(-0.1777)
G4(-2.5371)
(-1.5064)
(0.4294)
A1(-3.0752)
(10.4183)
(0.8287)
A2(7.8099)
(7.5178)
(-0.0766)
A3(1.0439)
(9.0549)
(-4.6543)
A4(6.3207)
(7.3741)
(-2.4948)
G1(-0.2900)
(0.1378)
(-0.8897)
G2(1.7703)
(-1.1616)
(-1.0344)
G3(0.7854)
(0.0298)
(-0.2501)
G4(-1.5378)
(1.9284)
(-0.5747)
