A1(-2.7495)
(9.6136)
(-3.1950)
A2(2.9784)
(8.6957)
(2.5235)
A3(2.0399)
(8.4180)
(-5.4253)
A4(5.5545)
(10.1658)
(-2.7869)
G1(0.2059)
(1.2297)
(-0.1437)
G2(-0.0426)
(0.2559)
(0.1564)
G3(0.0495)
(-0.4108)
(0.2591)
G4(0.1570)
(1.1472)
(-0.4432)
A1(-0.2587)
(10.7057)
(1.2981)
A2(2.3463)
(8.7819)
(2.0830)
A3(0.2682)
(7.1730)
(-7.3119)
A4(-7.9727)
(9.5912)
(-4.8842)
G1(0.4523)
(0.9312)
(-0.3730)
G2(-0.5965)
(0.6816)
(-0.0947)
G3(-0.1431)
(0.4491)
(-0.1862)
G4(0.8434)
(4.4043)
(-3.1262)
A1(-1.0346)
(8.5742)
(0.8766)
A2(3.7589)
(9.3039)
(3.4477)
A3(2.5426)
(8.6431)
(-4.4676)
A4(5.0039)
(12.9047)
(6.5027)
G1(0.7561)
(1.4133)
(-0.4023)
G2(-0.4917)
(1.2521)
(0.2868)
G3(-0.1932)
(-0.4353)
(-0.0591)
G4(0.8727)
(7.5885)
(-4.8656)
A1(1.7244)
(11.2518)
(2.2274)
A2(2.9209)
(7.4986)
(5.4348)
A3(-1.6712)
(9.2991)
(-2.6432)
A4(-4.0414)
(8.7293)
(-3.0933)
G1(-0.8977)
(1.4335)
(-0.3038)
G2(-0.5789)
(0.9381)
(1.4729)
G3(0.2182)
(0.7891)
(-0.1910)
G4(0.3358)
(-0.7641)
(0.7253)
A1(0.7329)
(14.9785)
(0.9005)
A2(-5.4444)
(4.4245)
(9.8976)
A3(-0.5794)
(12.5313)
(2.0590)
A4(6.9576)
(8.9208)
(-5.4875)
G1(-1.2244)
(2.4706)
(-0.1926)
G2(-0.3193)
(3.0447)
(0.6854)
G3(1.1536)
(0.4938)
(0.0521)
G4(0.9951)
(0.8477)
(-0.3826)
A1(2.2034)
(11.2135)
(5.2164)
A2(3.0550)
(8.4276)
(7.6902)
A3(-7.5848)
(26.5948)
(7.4699)
A4(1.6089)
(7.5226)
(-4.4532)
G1(-8.2648)
(4.0217)
(-1.2723)
G2(0.4119)
(-1.3691)
(-0.1799)
G3(4.2234)
(1.7868)
(-1.3074)
G4(-0.0367)
(-1.2079)
(-0.0639)
A1(11.7931)
(23.3946)
(23.8640)
A2(8.9926)
(14.3700)
(9.8881)
A3(6.8761)
(26.9970)
(-5.9137)
A4(-1.9776)
(10.2759)
(-7.4891)
G1(-9.2976)
(6.9664)
(3.8669)
G2(0.3400)
(0.7290)
(0.0926)
G3(4.4905)
(3.3246)
(-3.4561)
G4(0.0553)
(1.0855)
(-0.6050)
A1(3.1423)
(9.2304)
(14.3893)
A2(1.4988)
(3.1699)
(3.0071)
A3(39.6576)
(24.0905)
(-15.5815)
A4(-3.7062)
(12.8425)
(-4.6495)
G1(-6.3077)
(4.6395)
(1.2004)
G2(1.8337)
(3.4380)
(0.5183)
G3(-0.7849)
(3.9217)
(-4.6730)
G4(0.1969)
(6.1762)
(-1.9422)
A1(-3.5638)
(8.4879)
(8.8664)
A2(-3.3519)
(13.8912)
(3.9744)
A3(10.1706)
(-19.5989)
(-13.9438)
A4(-12.0524)
(15.2606)
(-1.1253)
G1(-4.9188)
(8.4829)
(0.7130)
G2(1.4346)
(3.4891)
(0.8918)
G3(-1.6224)
(-0.6343)
(-3.7088)
G4(1.1095)
(9.3130)
(-5.3594)
A1(5.4654)
(9.3118)
(-3.9135)
A2(-7.4747)
(12.8186)
(8.5042)
A3(13.9534)
(-2.1261)
(-3.6152)
A4(7.5417)
(8.5090)
(-1.0918)
G1(0.4369)
(5.1312)
(-0.6391)
G2(1.2111)
(5.6271)
(2.3647)
G3(6.9435)
(-7.3006)
(-6.9909)
G4(-1.4468)
(7.0207)
(-4.4352)
A1(-25.7608)
(0.1102)
(-30.5940)
A2(-15.1266)
(5.1619)
(13.0101)
A3(6.9288)
(-5.7509)
(5.2050)
A4(-6.0908)
(18.3492)
(7.8961)
G1(3.2645)
(-1.0568)
(-1.4857)
G2(1.8129)
(10.1884)
(2.8457)
G3(4.6581)
(-8.9209)
(-5.2562)
G4(-1.9709)
(-1.3558)
(0.9881)
A1(10.0447)
(4.0572)
(-8.6460)
A2(27.0401)
(4.9512)
(8.3510)
A3(-12.6749)
(-34.7063)
(-3.1460)
A4(5.3917)
(2.4517)
(-2.8730)
G1(-1.8060)
(-5.1147)
(1.3675)
G2(0.9865)
(2.3823)
(1.5447)
G3(-7.3405)
(-6.1800)
(-7.6715)
G4(-0.6763)
(-2.4248)
(0.0713)
A1(-20.7840)
(5.1397)
(1.4897)
A2(-7.9392)
(2.8730)
(-5.6790)
A3(3.2992)
(54.3196)
(-4.8698)
A4(-1.6281)
(10.1658)
(2.2122)
G1(-0.0346)
(-7.1372)
(-0.1942)
G2(-0.2762)
(-2.0587)
(0.5146)
G3(14.1803)
(11.8134)
(-4.0627)
G4(-0.5683)
(-4.6868)
(1.2707)
A1(-0.6850)
(2.9076)
(2.6058)
A2(13.1442)
(0.3831)
(5.2337)
A3(7.6614)
(4.1803)
(-3.0023)
A4(0.8667)
(8.8729)
(-4.7453)
G1(0.8072)
(-1.4952)
(2.4759)
G2(0.8418)
(0.6630)
(-0.4278)
G3(-2.9213)
(0.8673)
(4.2686)
G4(0.1112)
(-1.4473)
(0.3964)
A1(-11.3859)
(5.8582)
(1.7148)
A2(2.9497)
(18.9286)
(5.7174)
A3(-9.9886)
(-4.7501)
(-4.0414)
A4(-0.3879)
(7.9200)
(-4.4867)
G1(0.6002)
(-4.7049)
(2.7718)
G2(-0.5795)
(-3.8844)
(0.7513)
G3(-1.0813)
(1.1286)
(3.6024)
G4(0.1548)
(-0.3304)
(0.0250)
A1(-9.6807)
(5.1541)
(3.0896)
A2(8.0685)
(12.2535)
(1.3886)
A3(-4.0749)
(1.4317)
(-10.6877)
A4(0.0527)
(8.8107)
(-5.6886)
G1(0.2692)
(0.6896)
(2.0768)
G2(0.1506)
(0.1735)
(0.0420)
G3(-2.1433)
(2.5483)
(1.4835)
G4(0.1692)
(0.0841)
(-0.0729)
A1(-6.9264)
(5.9732)
(0.8526)
A2(1.1684)
(8.5138)
(0.6081)
A3(3.6009)
(0.6847)
(-11.6741)
A4(-0.0431)
(8.5186)
(-6.0094)
G1(0.8583)
(-2.0002)
(2.1513)
G2(-0.0926)
(-0.9174)
(0.1399)
G3(-2.0077)
(1.1111)
(-0.4603)
G4(0.0250)
(0.7098)
(-0.0793)
A1(-8.1479)
(6.1121)
(1.7771)
A2(1.7957)
(10.4722)
(0.9433)
A3(-3.2896)
(3.4572)
(-9.9695)
A4(0.4980)
(9.0357)
(-2.9784)
G1(0.6125)
(-0.8221)
(1.3643)
G2(0.1096)
(-0.2682)
(-0.0628)
G3(-2.0289)
(1.6597)
(-0.4832)
G4(-0.1809)
(-0.2416)
(0.0750)
A1(-5.6666)
(7.8030)
(2.8357)
A2(1.6568)
(9.9216)
(-0.0958)
A3(-3.4572)
(4.1276)
(-10.3190)
A4(-0.3017)
(9.1075)
(-3.7254)
G1(0.9296)
(-0.9317)
(1.1536)
G2(0.3645)
(-0.4337)
(-0.0112)
G3(-1.8720)
(0.9211)
(0.1713)
G4(-0.1884)
(-0.3086)
(0.1256)
A1(-5.5469)
(7.3479)
(2.3232)
A2(0.5890)
(8.7245)
(0.6177)
A3(-0.9050)
(4.7549)
(-10.0221)
A4(0.0239)
(9.5193)
(-3.0837)
G1(1.8523)
(-0.6481)
(0.8285)
G2(0.1485)
(-1.3580)
(0.0479)
G3(-2.2226)
(0.6939)
(0.4826)
G4(-0.0378)
(-0.4869)
(0.2815)
