A1(-2.8884)
(9.3789)
(-0.2587)
A2(2.4134)
(9.1075)
(3.1364)
A3(0.6129)
(8.0924)
(-5.3870)
A4(6.3925)
(8.5569)
(-4.5442)
G1(0.4709)
(0.4677)
(-0.0277)
G2(-0.1793)
(0.0596)
(-0.0101)
G3(-0.0601)
(-0.1011)
(0.0415)
G4(0.3480)
(1.5873)
(-0.7088)
A1(-2.5196)
(8.8137)
(-1.2933)
A2(3.9169)
(9.1123)
(2.1261)
A3(0.3735)
(8.3414)
(-5.6695)
A4(-2.5379)
(9.4236)
(0.5219)
G1(0.5699)
(1.7448)
(-0.6699)
G2(-0.8700)
(0.3624)
(0.0788)
G3(-0.1437)
(-0.5284)
(0.0346)
G4(1.1744)
(5.5962)
(-3.2028)
A1(-1.5855)
(8.6269)
(1.4131)
A2(4.4149)
(10.0892)
(3.3567)
A3(0.9242)
(8.7053)
(-4.9799)
A4(-0.6225)
(10.2999)
(0.6895)
G1(-0.0793)
(1.5798)
(-0.5933)
G2(-0.2235)
(1.0142)
(0.3618)
G3(-0.1256)
(0.6295)
(-0.2932)
G4(0.8546)
(5.1775)
(-3.6716)
A1(0.1389)
(14.1546)
(1.8490)
A2(0.0622)
(6.1675)
(5.3247)
A3(-1.1779)
(10.7164)
(1.0582)
A4(-3.2465)
(7.1156)
(-4.5250)
G1(-1.9028)
(2.7085)
(-1.0387)
G2(0.0090)
(-0.3182)
(1.4319)
G3(0.6827)
(0.7306)
(-0.2554)
G4(-0.6439)
(-1.6852)
(0.7301)
A1(-4.4116)
(0.1245)
(11.0889)
A2(9.6295)
(8.9016)
(3.7541)
A3(2.4804)
(20.1927)
(5.3678)
A4(-1.1205)
(10.1897)
(-5.8610)
G1(-7.4634)
(3.5114)
(-0.7811)
G2(-0.0122)
(4.7720)
(-0.2160)
G3(2.8330)
(1.1988)
(-0.7891)
G4(0.9142)
(-1.0137)
(-0.2943)
A1(-5.6283)
(30.0192)
(-9.5609)
A2(2.9305)
(7.3358)
(8.9878)
A3(1.1923)
(27.8637)
(7.0868)
A4(-2.2936)
(8.8585)
(-4.8890)
G1(-5.0082)
(3.2273)
(0.2799)
G2(1.1435)
(-0.2543)
(-0.6173)
G3(4.2569)
(0.2948)
(-1.4670)
G4(0.0867)
(0.7928)
(-0.6364)
A1(-6.2414)
(22.8245)
(8.3155)
A2(-5.6264)
(7.5992)
(-1.5467)
A3(14.7052)
(13.6422)
(-15.3708)
A4(-4.0031)
(9.2751)
(-6.6607)
G1(-8.0684)
(4.9960)
(-0.2975)
G2(1.4133)
(4.0457)
(-1.1930)
G3(3.8727)
(5.4089)
(-7.2809)
G4(0.2645)
(2.5871)
(-0.7854)
A1(-5.7049)
(11.6254)
(8.5406)
A2(-3.8738)
(12.9287)
(2.2889)
A3(5.9185)
(-3.8738)
(-20.7482)
A4(-8.5234)
(15.7778)
(-1.5610)
G1(-3.9403)
(7.7752)
(-1.2851)
G2(1.3186)
(4.1930)
(1.2696)
G3(2.9421)
(-4.2404)
(-4.7395)
G4(0.9424)
(7.2942)
(-3.1166)
A1(0.8478)
(13.3450)
(4.9769)
A2(-4.3335)
(7.8817)
(3.5530)
A3(9.8785)
(-4.6256)
(-11.9279)
A4(-7.5178)
(0.2203)
(-8.2073)
G1(-1.0967)
(5.8639)
(-1.9890)
G2(0.7593)
(6.0943)
(0.5295)
G3(4.0877)
(-4.7757)
(-7.7156)
G4(0.4981)
(8.4404)
(-5.1365)
A1(-13.0912)
(8.4975)
(15.3904)
A2(-3.6583)
(9.3948)
(7.1108)
A3(4.3431)
(-8.7484)
(1.8723)
A4(7.1826)
(7.6950)
(-2.2075)
G1(0.5651)
(2.1795)
(-3.1182)
G2(0.5901)
(8.3047)
(2.6696)
G3(-0.9035)
(-6.4609)
(-3.5811)
G4(-1.5091)
(-1.0084)
(1.3654)
A1(5.6475)
(2.0501)
(-3.7650)
A2(14.8201)
(7.9248)
(-7.8721)
A3(-1.9968)
(10.4291)
(-7.4220)
A4(2.1500)
(4.9464)
(-2.2314)
G1(-1.7187)
(-1.8278)
(2.2056)
G2(2.5568)
(2.0556)
(1.0046)
G3(-2.6733)
(0.2831)
(-8.6000)
G4(-0.5066)
(3.5652)
(-1.2244)
A1(-12.5164)
(5.1493)
(0.0335)
A2(-3.1939)
(10.0844)
(4.5059)
A3(8.4755)
(-12.4307)
(5.3439)
A4(2.5762)
(9.6055)
(-0.8859)
G1(-2.1423)
(1.7789)
(2.3594)
G2(0.3996)
(1.0248)
(-0.9062)
G3(-1.6155)
(-0.2528)
(8.7761)
G4(-0.0931)
(-0.2879)
(0.4395)
A1(-11.0267)
(5.0343)
(-0.9197)
A2(8.3749)
(5.1571)
(4.1755)
A3(-8.0493)
(1.5945)
(-8.0876)
A4(2.5043)
(9.5241)
(-2.9736)
G1(-1.6176)
(0.4523)
(2.3902)
G2(0.7444)
(1.8651)
(0.8684)
G3(-1.3484)
(-1.9257)
(4.4873)
G4(0.0803)
(-0.7668)
(0.2953)
A1(-11.3859)
(5.4175)
(-0.6131)
A2(2.0303)
(6.6128)
(1.1349)
A3(-3.4668)
(-6.9049)
(-2.9018)
A4(1.0726)
(9.1219)
(-3.5243)
G1(-0.1942)
(1.2638)
(1.1765)
G2(-0.2325)
(-0.3986)
(0.2405)
G3(-0.5885)
(4.9848)
(-0.6774)
G4(0.2065)
(0.7061)
(-0.0867)
A1(-6.0067)
(6.9360)
(1.4658)
A2(-1.0104)
(10.1323)
(2.5618)
A3(-4.7645)
(-3.7302)
(-9.0932)
A4(0.9242)
(8.7245)
(-4.0127)
G1(0.9546)
(-1.5735)
(1.2643)
G2(0.0101)
(-0.0532)
(0.0585)
G3(-3.6311)
(2.6893)
(-0.4422)
G4(0.1016)
(-0.8317)
(0.2836)
A1(-7.2665)
(8.3011)
(1.3747)
A2(2.7629)
(8.9016)
(1.4605)
A3(-4.4532)
(-3.2130)
(-9.2799)
A4(0.2394)
(8.4611)
(-5.2098)
G1(1.4548)
(-1.5351)
(1.5958)
G2(0.3145)
(1.3840)
(0.0277)
G3(-3.5806)
(2.5408)
(-1.0073)
G4(0.1038)
(-0.4943)
(0.2160)
A1(-5.1397)
(9.3454)
(3.1183)
A2(1.8627)
(8.7580)
(0.0862)
A3(-0.0383)
(2.2458)
(-12.5648)
A4(0.7997)
(8.7245)
(-4.6926)
G1(1.1834)
(-1.0695)
(0.9440)
G2(-0.0325)
(-0.7364)
(-0.0649)
G3(-3.6593)
(-0.5076)
(-0.6061)
G4(0.0984)
(-0.4049)
(0.2703)
A1(-6.6869)
(7.8173)
(2.5962)
A2(3.2561)
(9.1028)
(-0.2825)
A3(2.1979)
(3.5626)
(-8.5760)
A4(0.3879)
(8.5712)
(-5.1571)
G1(2.2599)
(-0.9147)
(0.6444)
G2(0.0367)
(0.0096)
(0.0372)
G3(-3.1858)
(0.0138)
(-0.0346)
G4(-0.0165)
(-0.1815)
(0.3762)
A1(-5.5804)
(7.0318)
(0.8862)
A2(1.4317)
(9.5289)
(0.5507)
A3(-2.3128)
(6.5027)
(-8.1690)
A4(1.3647)
(9.5193)
(-3.5243)
G1(1.7719)
(0.0479)
(0.5976)
G2(-0.2645)
(-0.8886)
(0.0548)
G3(-3.3624)
(0.1298)
(0.1421)
G4(0.0585)
(-0.4071)
(0.5374)
A1(-5.0343)
(11.0650)
(0.6179)
A2(0.4262)
(9.5098)
(1.0343)
A3(-3.7828)
(9.7061)
(-5.4109)
A4(1.7142)
(8.3797)
(-5.6551)
G1(0.7056)
(-0.5348)
(0.9700)
G2(-0.1495)
(-0.7886)
(0.1043)
G3(-2.3200)
(1.1877)
(-0.8104)
G4(0.1910)
(-0.0846)
(0.6742)
