A1(3.3722)
(10.3752)
(2.8070)
A2(4.4005)
(7.4364)
(3.4955)
A3(1.1205)
(8.2552)
(-5.5833)
A4(0.7470)
(9.0644)
(-4.3096)
G1(-0.2166)
(0.7976)
(-0.2932)
G2(-0.4220)
(0.5757)
(0.3837)
G3(-0.0708)
(0.8982)
(-0.4762)
G4(1.1424)
(5.6271)
(-3.4736)
A1(-0.9772)
(9.9824)
(1.3460)
A2(2.9353)
(6.7947)
(6.5793)
A3(2.0303)
(9.1315)
(-5.3056)
A4(1.5993)
(2.1835)
(-2.6193)
G1(-0.8721)
(2.1018)
(-0.3288)
G2(-0.9200)
(0.5140)
(0.8125)
G3(-0.0032)
(0.5529)
(-0.4704)
G4(1.0818)
(2.1247)
(-1.8741)
A1(1.6717)
(3.4632)
(8.9478)
A2(3.5674)
(6.8187)
(8.2839)
A3(-2.8108)
(20.3699)
(7.1970)
A4(-3.2753)
(4.0462)
(0.3926)
G1(-6.8009)
(4.7853)
(-0.2203)
G2(0.1820)
(3.9557)
(0.8450)
G3(2.2487)
(1.2749)
(-1.1797)
G4(-0.7700)
(-3.7604)
(0.3086)
A1(-7.6497)
(26.5799)
(5.9684)
A2(2.6145)
(8.6862)
(10.0126)
A3(11.9710)
(28.6586)
(8.5569)
A4(3.9935)
(6.6846)
(-3.5626)
G1(-7.5693)
(3.2932)
(0.6635)
G2(1.3367)
(2.7186)
(-0.5811)
G3(3.1810)
(1.8677)
(-2.3259)
G4(0.7849)
(2.5940)
(-1.4771)
A1(-5.7864)
(10.5046)
(15.2994)
A2(6.8570)
(8.6862)
(11.0564)
A3(6.6607)
(15.7108)
(-8.5904)
A4(-2.8299)
(7.4891)
(-6.0861)
G1(-8.0269)
(6.3662)
(-0.0064)
G2(1.8672)
(0.5209)
(-0.2352)
G3(3.1065)
(1.4324)
(-3.8057)
G4(0.3108)
(1.2819)
(-0.8296)
A1(-10.3273)
(9.0771)
(11.6206)
A2(-4.5729)
(7.8817)
(5.1763)
A3(29.1805)
(7.1156)
(-22.7736)
A4(-5.4444)
(9.3901)
(-7.3933)
G1(-6.2268)
(3.3358)
(0.9663)
G2(1.1079)
(6.7759)
(0.6529)
G3(-2.4509)
(-0.5624)
(-2.2599)
G4(0.2166)
(3.8317)
(-1.1840)
A1(-5.7624)
(7.0174)
(13.4552)
A2(1.9920)
(11.1282)
(3.1125)
A3(8.6862)
(3.2513)
(-21.6149)
A4(-0.9625)
(13.6709)
(-7.3933)
G1(-5.2259)
(7.1841)
(0.5082)
G2(0.9956)
(4.1414)
(1.1808)
G3(-0.8131)
(1.4058)
(-4.3351)
G4(0.6460)
(6.5051)
(-1.9949)
A1(6.1025)
(18.5854)
(9.1873)
A2(-7.8386)
(9.3661)
(3.9073)
A3(10.3765)
(3.8451)
(-15.6150)
A4(-13.6709)
(4.6112)
(-5.5737)
G1(-1.7730)
(5.8463)
(-0.8684)
G2(0.4683)
(3.1155)
(1.3218)
G3(2.3147)
(-3.7120)
(-10.8615)
G4(0.4012)
(7.9977)
(-3.8307)
A1(6.8498)
(-2.6393)
(53.1599)
A2(-4.2760)
(6.9623)
(12.8904)
A3(6.7181)
(-6.5745)
(0.6273)
A4(9.7779)
(20.3363)
(2.7725)
G1(4.8135)
(-3.1097)
(-1.0094)
G2(0.0995)
(9.7765)
(2.1503)
G3(-0.2618)
(-4.8954)
(-7.1261)
G4(-1.0078)
(2.7835)
(-0.5906)
A1(4.9960)
(-1.5137)
(9.8866)
A2(12.1817)
(8.0732)
(2.4181)
A3(1.9776)
(-21.2366)
(5.8610)
A4(-10.1801)
(11.4634)
(-0.1149)
G1(-2.4695)
(4.4740)
(-0.3326)
G2(1.1738)
(8.4702)
(2.1646)
G3(-4.1537)
(-3.3252)
(-7.9035)
G4(-1.2435)
(-1.2952)
(0.6337)
A1(4.0380)
(3.1518)
(-6.0786)
A2(0.4310)
(1.0534)
(12.4307)
A3(-16.1226)
(28.3090)
(5.2577)
A4(11.9135)
(4.7692)
(1.6041)
G1(-2.7175)
(-7.2985)
(3.0325)
G2(1.8917)
(1.2755)
(0.2277)
G3(-3.4625)
(3.0873)
(-10.7737)
G4(-0.4113)
(0.3815)
(-0.3310)
A1(-27.1260)
(5.2020)
(-1.4226)
A2(2.3128)
(9.9599)
(5.4540)
A3(86.0763)
(-15.7874)
(71.3999)
A4(2.2170)
(16.3141)
(0.9960)
G1(-0.1187)
(-7.0856)
(1.3808)
G2(0.8046)
(0.4065)
(-0.0543)
G3(0.8791)
(17.4357)
(4.6725)
G4(-0.2873)
(-4.1021)
(1.4016)
A1(-8.7801)
(7.2569)
(1.9400)
A2(7.1635)
(4.0606)
(4.9273)
A3(-9.3853)
(-8.0206)
(-2.7054)
A4(0.0383)
(10.2424)
(-6.2776)
G1(0.7992)
(-1.0451)
(2.0289)
G2(0.4033)
(-0.7439)
(-0.0569)
G3(4.1930)
(1.6272)
(4.0632)
G4(0.1016)
(-1.5027)
(0.3336)
A1(-9.1154)
(7.4246)
(2.2082)
A2(-1.2689)
(10.0652)
(1.5227)
A3(-7.2449)
(-10.1370)
(-2.7485)
A4(1.2977)
(9.7444)
(-4.9895)
G1(1.8427)
(-4.9614)
(2.1710)
G2(-0.5571)
(-1.0962)
(0.5699)
G3(-1.4527)
(5.6532)
(3.1357)
G4(0.2187)
(0.1245)
(-0.1346)
A1(-8.0233)
(4.9769)
(2.0166)
A2(3.8882)
(10.3286)
(3.1795)
A3(-7.2975)
(-3.5003)
(-7.7333)
A4(0.2059)
(9.4379)
(-5.2481)
G1(1.4867)
(0.5773)
(1.1286)
G2(-0.1916)
(-0.9631)
(0.0218)
G3(-2.3259)
(5.0040)
(0.8737)
G4(0.0905)
(-0.3890)
(0.0692)
A1(-8.1622)
(5.8103)
(-1.2119)
A2(3.5721)
(10.1945)
(2.7102)
A3(-7.6710)
(1.4365)
(-11.3006)
A4(1.3312)
(8.9591)
(-3.7493)
G1(2.1412)
(-2.3674)
(1.0020)
G2(0.2421)
(-0.1442)
(-0.1117)
G3(-3.4231)
(1.8321)
(-0.5859)
G4(-0.0639)
(-0.5816)
(0.1383)
A1(-7.0366)
(8.0329)
(1.4514)
A2(-0.3448)
(10.0796)
(-0.0144)
A3(-2.0734)
(0.9385)
(-12.1769)
A4(-2.1069)
(9.1075)
(-4.5155)
G1(1.7400)
(-1.5990)
(1.0515)
G2(0.3656)
(-1.3739)
(-0.0112)
G3(-3.0730)
(1.2531)
(-0.7035)
G4(-0.0378)
(-0.5023)
(0.1932)
A1(-8.3059)
(6.7061)
(0.9101)
A2(0.1293)
(9.3087)
(0.4693)
A3(-1.7621)
(5.9233)
(-9.0549)
A4(-0.2394)
(9.1698)
(-3.5482)
G1(2.5648)
(-2.6648)
(0.3810)
G2(0.3581)
(-0.9935)
(-0.1394)
G3(-2.5158)
(-0.2097)
(0.9615)
G4(0.0958)
(-0.1096)
(0.0729)
A1(-6.2797)
(7.5826)
(2.4956)
A2(-1.5371)
(9.7875)
(1.1971)
A3(-6.4787)
(10.3525)
(-5.2433)
A4(-0.5124)
(9.1028)
(-4.8411)
G1(1.6315)
(-0.8306)
(0.7694)
G2(-0.1309)
(-1.3595)
(-0.1144)
G3(-2.8697)
(0.2586)
(0.8493)
G4(0.0553)
(-0.3523)
(0.3283)
A1(-6.1360)
(6.7971)
(0.5604)
A2(0.0766)
(9.1075)
(1.6759)
A3(-1.7621)
(9.8593)
(-4.5250)
A4(0.4405)
(8.8873)
(-4.4293)
G1(1.8363)
(-1.0584)
(0.0862)
G2(-0.2405)
(-0.6726)
(-0.0883)
G3(-2.0843)
(0.0016)
(0.7902)
G4(0.0309)
(0.2826)
(0.2661)
