A1(-1.7340)
(8.4305)
(-1.1113)
A2(2.3894)
(8.8155)
(3.6152)
A3(0.7709)
(8.3558)
(-5.3582)
A4(1.5993)
(9.2273)
(-3.0454)
G1(-0.2352)
(0.3645)
(0.2996)
G2(-0.0974)
(0.1070)
(0.0692)
G3(0.0553)
(0.1618)
(-0.0298)
G4(0.0697)
(-0.3491)
(-0.0229)
A1(-2.9076)
(9.1729)
(-0.6706)
A2(2.6001)
(8.5281)
(3.3567)
A3(0.9146)
(8.0637)
(-5.1811)
A4(4.5729)
(10.8026)
(-1.3647)
G1(0.2086)
(0.2943)
(-0.2059)
G2(-0.0543)
(-0.0090)
(0.0021)
G3(-0.0096)
(0.1410)
(-0.0239)
G4(0.7306)
(0.1272)
(-0.2166)
A1(-1.8106)
(9.0580)
(0.1533)
A2(3.2513)
(8.8873)
(3.0694)
A3(1.0343)
(8.3414)
(-4.7932)
A4(6.8618)
(10.0509)
(-1.5562)
G1(0.5124)
(0.7508)
(-0.3187)
G2(-0.2474)
(0.0702)
(-0.0596)
G3(0.0037)
(0.2948)
(-0.1751)
G4(0.8695)
(4.6837)
(-1.8762)
A1(-0.8287)
(9.2256)
(-0.1868)
A2(2.2505)
(8.7915)
(5.0182)
A3(1.0008)
(9.0692)
(-4.0701)
A4(7.8386)
(7.7189)
(-3.3232)
G1(-0.3331)
(1.6708)
(-0.4523)
G2(-0.2325)
(0.3198)
(0.6210)
G3(-0.0490)
(0.3661)
(-0.2400)
G4(0.5704)
(1.4250)
(-0.7742)
A1(-1.7627)
(11.0746)
(0.1389)
A2(4.6448)
(7.1060)
(5.4061)
A3(-0.3639)
(11.0229)
(-2.7102)
A4(0.1484)
(6.0382)
(-6.4021)
G1(-0.5263)
(1.5522)
(-0.8344)
G2(0.0266)
(1.7794)
(0.7189)
G3(0.8312)
(0.1368)
(-0.4017)
G4(0.9626)
(1.5064)
(-1.2521)
A1(-5.3840)
(3.6404)
(3.0034)
A2(1.9345)
(7.3885)
(5.7078)
A3(-0.3112)
(13.9917)
(0.0910)
A4(2.4756)
(7.8434)
(-5.1811)
G1(-4.7816)
(2.7532)
(-1.4990)
G2(0.5869)
(-0.0218)
(0.0734)
G3(1.8283)
(0.9142)
(-1.2904)
G4(0.2187)
(-1.1435)
(-0.1368)
A1(-5.2930)
(9.9920)
(4.7948)
A2(3.7110)
(11.4682)
(3.7637)
A3(4.3144)
(12.2918)
(-3.4764)
A4(-1.6759)
(8.9304)
(-5.8993)
G1(-5.1253)
(3.9110)
(1.4239)
G2(1.4021)
(2.7138)
(-0.9823)
G3(2.6414)
(3.0549)
(-2.9341)
G4(0.0293)
(0.7801)
(-0.4560)
A1(-4.5457)
(9.1681)
(8.7849)
A2(-4.8890)
(11.2049)
(1.8196)
A3(10.6781)
(8.3510)
(-11.5640)
A4(-1.6424)
(8.3797)
(-4.6783)
G1(-4.7092)
(1.8640)
(-0.5124)
G2(1.1350)
(0.0362)
(0.1836)
G3(1.0600)
(0.9668)
(-2.3876)
G4(0.0580)
(1.1105)
(-0.4225)
A1(-11.6877)
(5.3457)
(5.0056)
A2(-1.0965)
(9.2512)
(2.9305)
A3(4.1468)
(5.0087)
(-14.1785)
A4(-3.7541)
(12.7324)
(-4.2952)
G1(-4.6512)
(3.0325)
(-0.6774)
G2(0.6955)
(3.6141)
(-0.0468)
G3(-2.4685)
(-0.4353)
(-2.8910)
G4(-0.2166)
(3.1831)
(-0.6912)
A1(-3.1375)
(5.5373)
(8.3586)
A2(-2.1117)
(11.0756)
(1.8627)
A3(2.5618)
(15.3037)
(-15.8113)
A4(-1.8914)
(12.0333)
(1.0104)
G1(-4.4772)
(3.6657)
(-0.3661)
G2(0.5699)
(2.5685)
(1.1036)
G3(-2.6409)
(1.0046)
(-4.3857)
G4(2.2088)
(8.7969)
(-5.0226)
A1(0.1054)
(8.4017)
(-3.1806)
A2(-6.2872)
(7.4795)
(7.3789)
A3(3.3279)
(-0.9050)
(-4.0989)
A4(17.6836)
(15.5192)
(-7.8386)
G1(-1.7757)
(3.0788)
(-0.0857)
G2(-0.5827)
(7.0228)
(1.0318)
G3(5.1306)
(-3.3443)
(-5.7553)
G4(-1.0658)
(0.1336)
(0.2810)
A1(-0.4694)
(-10.4567)
(-4.3446)
A2(3.3710)
(7.0485)
(2.9401)
A3(8.0637)
(-12.1769)
(-6.2680)
A4(2.7054)
(9.8162)
(-9.7061)
G1(0.6417)
(3.5205)
(-1.1371)
G2(1.3564)
(8.8889)
(1.5836)
G3(-0.9259)
(-2.5616)
(-8.1786)
G4(-1.2547)
(4.2750)
(-1.5846)
A1(-13.6804)
(3.4105)
(-1.1448)
A2(-5.1044)
(11.6598)
(1.5706)
A3(23.2621)
(21.8591)
(13.8481)
A4(2.8204)
(9.1267)
(3.1843)
G1(0.2464)
(-3.6439)
(1.7075)
G2(1.4601)
(-2.0566)
(-0.2857)
G3(5.8490)
(17.4357)
(0.9424)
G4(-0.4576)
(0.2799)
(0.0506)
A1(-10.7584)
(5.4654)
(-0.6131)
A2(13.5847)
(6.1483)
(5.2050)
A3(-3.4381)
(-5.3343)
(-10.3908)
A4(-0.0527)
(8.3797)
(-5.7317)
G1(0.1415)
(-0.3964)
(2.3812)
G2(0.8961)
(1.4500)
(0.7189)
G3(2.9021)
(1.7044)
(0.6151)
G4(0.1346)
(-0.7817)
(0.2416)
A1(-10.6387)
(4.5457)
(-2.4908)
A2(-1.6472)
(8.8681)
(2.5905)
A3(-5.2098)
(-5.9185)
(-8.5329)
A4(0.9385)
(9.4332)
(-3.0646)
G1(0.2081)
(-0.2597)
(1.2462)
G2(-0.5444)
(0.2480)
(-0.0516)
G3(-0.2453)
(2.7234)
(-0.4464)
G4(-0.1644)
(0.1165)
(0.0670)
A1(-7.8413)
(5.2499)
(0.4311)
A2(-0.8380)
(9.4379)
(1.8866)
A3(-3.8403)
(-3.5147)
(-9.9838)
A4(1.9489)
(9.3134)
(-2.3559)
G1(0.6146)
(-1.6448)
(1.2627)
G2(0.2666)
(-0.1405)
(0.0043)
G3(-2.4520)
(2.5222)
(-0.4826)
G4(0.0803)
(-0.2639)
(0.0575)
A1(-7.9563)
(7.2761)
(2.4621)
A2(0.5507)
(9.5672)
(2.6240)
A3(0.1006)
(-1.5562)
(-9.2464)
A4(1.2163)
(9.8641)
(-3.4764)
G1(0.8780)
(-0.4917)
(1.2925)
G2(0.1628)
(-0.4879)
(-0.1272)
G3(-3.4603)
(1.0403)
(-0.9301)
G4(0.1655)
(0.2496)
(-0.0351)
A1(-6.9168)
(8.6604)
(0.2539)
A2(-0.8763)
(9.9311)
(1.8196)
A3(-1.9728)
(2.6001)
(-9.2608)
A4(0.6656)
(9.1506)
(-4.3862)
G1(1.0898)
(-0.4853)
(1.1041)
G2(0.1815)
(0.0883)
(-0.0250)
G3(-2.9708)
(1.0376)
(-0.4757)
G4(0.1016)
(0.2230)
(0.1213)
A1(-5.8007)
(7.9084)
(1.5663)
A2(0.6369)
(9.0740)
(0.6512)
A3(-0.3543)
(3.7637)
(-10.4291)
A4(1.2258)
(9.4140)
(-2.7294)
G1(1.8134)
(-0.4166)
(0.7444)
G2(-0.0468)
(-0.4464)
(-0.0447)
G3(-2.9399)
(-0.0729)
(-0.0819)
G4(0.0937)
(0.2293)
(0.2395)
A1(-5.1158)
(7.7311)
(1.0251)
A2(-0.3735)
(9.5337)
(0.5555)
A3(-1.2594)
(7.8003)
(-9.0788)
A4(0.8954)
(9.4379)
(-3.1460)
G1(1.4979)
(-0.1564)
(1.0435)
G2(0.0213)
(-0.3044)
(0.1575)
G3(-2.4083)
(0.7710)
(-0.0415)
G4(0.2469)
(0.0708)
(0.4262)
