A1(-1.8633)
(10.0064)
(3.6931)
A2(1.4413)
(9.4188)
(-1.1636)
A3(-2.2075)
(10.1227)
(-0.8092)
A4(-0.6273)
(8.9208)
(-4.8794)
G1(-0.3688)
(-0.1048)
(-0.0612)
G2(0.0069)
(0.2187)
(0.0027)
G3(0.3666)
(-0.1165)
(0.0889)
G4(-0.1064)
(0.1777)
(0.0388)
A1(-3.9901)
(8.8759)
(5.0152)
A2(1.2402)
(9.5960)
(-0.9050)
A3(-3.3710)
(9.5289)
(-3.6488)
A4(1.2498)
(8.6910)
(-5.0135)
G1(-0.8881)
(-1.1845)
(-0.6710)
G2(-0.0011)
(-0.1926)
(0.0942)
G3(0.2975)
(-0.8721)
(0.5726)
G4(0.0894)
(0.0048)
(0.0692)
A1(3.9614)
(8.3395)
(4.8667)
A2(1.2833)
(9.3087)
(-0.2346)
A3(-2.4181)
(8.2169)
(-3.7206)
A4(-0.1101)
(9.4475)
(-3.0646)
G1(0.0591)
(-1.8480)
(-0.4619)
G2(-0.2932)
(-0.1383)
(-0.0090)
G3(0.2054)
(-3.2826)
(1.7256)
G4(0.4140)
(-0.5231)
(0.2911)
A1(-2.7495)
(5.6522)
(10.9309)
A2(2.2553)
(9.5529)
(0.4549)
A3(10.5489)
(6.6224)
(-0.2107)
A4(-1.0295)
(10.2855)
(-1.3599)
G1(-0.1171)
(-4.0515)
(0.6657)
G2(-0.0819)
(-0.5933)
(0.1112)
G3(-1.0350)
(-4.2915)
(3.5497)
G4(0.9647)
(-0.6891)
(0.5901)
A1(-4.7373)
(12.3104)
(5.9923)
A2(-0.9290)
(9.2464)
(1.6951)
A3(-14.8297)
(12.7659)
(-10.3717)
A4(-1.2354)
(21.3754)
(4.6783)
G1(2.2083)
(1.8709)
(-0.3581)
G2(0.3645)
(-1.5751)
(0.2490)
G3(-0.2953)
(-3.8850)
(1.5107)
G4(2.0103)
(-0.6290)
(1.1355)
A1(-2.1795)
(5.9588)
(3.5303)
A2(-1.9201)
(10.9990)
(1.8962)
A3(7.2353)
(1.5275)
(-16.3763)
A4(-9.1459)
(16.6876)
(-8.0685)
G1(1.7868)
(-6.1241)
(-1.3643)
G2(-0.5827)
(-2.6675)
(0.4550)
G3(0.5390)
(-2.0699)
(0.1772)
G4(1.7464)
(-3.0623)
(5.5324)
A1(3.4345)
(7.8748)
(2.8453)
A2(3.2513)
(4.0797)
(10.5441)
A3(1.3886)
(7.9248)
(-2.8204)
A4(-21.7394)
(2.4565)
(-25.3833)
G1(1.0445)
(-5.4435)
(-1.1871)
G2(-4.3192)
(-3.6726)
(1.8842)
G3(-0.2352)
(-0.8461)
(0.5821)
G4(-0.0612)
(0.9903)
(7.6129)
A1(15.0503)
(4.3350)
(16.9376)
A2(1.8962)
(8.9543)
(14.0109)
A3(5.9137)
(10.1945)
(-2.1165)
A4(-6.7852)
(-4.3048)
(-12.9670)
G1(-1.4883)
(-10.3602)
(-1.4527)
G2(-6.9292)
(-8.1317)
(-2.5201)
G3(-0.4539)
(-2.5930)
(0.2565)
G4(1.9044)
(6.2172)
(7.1410)
A1(-3.9230)
(12.6649)
(17.7615)
A2(-6.6080)
(8.1211)
(20.9732)
A3(9.0980)
(13.6374)
(1.0678)
A4(-6.1627)
(-4.0462)
(-5.9999)
G1(-0.8157)
(-10.8971)
(-0.9243)
G2(-8.8262)
(-5.2669)
(1.3313)
G3(-0.3076)
(-6.1651)
(1.1334)
G4(0.7466)
(8.1062)
(6.4503)
A1(-10.4040)
(14.1833)
(8.5981)
A2(11.8800)
(7.2305)
(13.5703)
A3(19.1057)
(3.7206)
(15.7730)
A4(-10.8266)
(-19.0866)
(-3.3088)
G1(-0.6274)
(-2.6973)
(1.3031)
G2(-5.6101)
(-8.3786)
(-1.3484)
G3(-5.1370)
(-14.8997)
(7.4357)
G4(-5.4589)
(4.9295)
(3.6232)
A1(-11.3524)
(9.6950)
(4.0859)
A2(-12.2679)
(11.4970)
(7.0437)
A3(24.3586)
(-9.4858)
(9.0405)
A4(-6.3877)
(23.2094)
(-37.7087)
G1(0.2772)
(-4.0536)
(0.2623)
G2(0.3076)
(-4.6342)
(2.6015)
G3(0.3145)
(4.0770)
(-4.6076)
G4(3.6200)
(-0.5156)
(1.8294)
A1(0.5988)
(11.0794)
(2.4381)
A2(11.0852)
(4.9368)
(5.2194)
A3(-8.6670)
(11.5592)
(0.4645)
A4(3.5482)
(-4.2186)
(4.5777)
G1(-0.0990)
(0.7615)
(0.1064)
G2(-1.5389)
(-2.8010)
(-0.2139)
G3(-0.7418)
(-1.5804)
(0.0314)
G4(-7.4836)
(-1.1824)
(-0.6348)
A1(1.5855)
(9.3885)
(1.4945)
A2(4.5681)
(-0.6656)
(7.7668)
A3(1.6472)
(9.9982)
(1.1444)
A4(5.8754)
(-4.9177)
(-1.5945)
G1(0.1016)
(0.2219)
(0.0670)
G2(0.2416)
(-2.2301)
(0.5092)
G3(0.0442)
(1.9135)
(-0.6290)
G4(-1.3500)
(-5.1093)
(-0.6518)
A1(-2.0549)
(8.8472)
(4.5601)
A2(31.2204)
(10.4004)
(-0.7614)
A3(2.5522)
(9.1602)
(-1.8531)
A4(7.0677)
(-8.4755)
(-6.0669)
G1(0.0032)
(1.2398)
(0.0798)
G2(-0.0335)
(1.9278)
(-0.2570)
G3(0.1862)
(1.1377)
(-0.2538)
G4(-0.0798)
(-2.8819)
(-2.5142)
A1(-3.1087)
(11.1704)
(0.5556)
A2(-5.2433)
(1.4461)
(-2.7054)
A3(2.5091)
(9.5720)
(-1.0534)
A4(2.0686)
(-3.6009)
(-6.5888)
G1(0.3517)
(0.9168)
(0.1783)
G2(-1.4713)
(4.6390)
(-2.7324)
G3(0.4502)
(0.9323)
(-0.1192)
G4(-3.7003)
(-4.2000)
(-2.9867)
A1(1.7388)
(9.7142)
(-0.8670)
A2(8.6095)
(2.4804)
(-3.2274)
A3(1.3743)
(8.4132)
(-5.2672)
A4(0.8954)
(5.8993)
(-10.6638)
G1(0.6401)
(1.9443)
(-0.2985)
G2(0.2990)
(3.1315)
(-1.7342)
G3(0.2288)
(0.6582)
(-0.0724)
G4(-3.2815)
(-0.0591)
(-1.7166)
A1(-3.0417)
(9.7525)
(-2.1459)
A2(10.7356)
(6.2393)
(1.9489)
A3(3.0454)
(9.5624)
(0.5842)
A4(2.5714)
(9.4284)
(-10.1754)
G1(-0.7045)
(0.5305)
(0.4816)
G2(0.9530)
(3.4364)
(-2.2716)
G3(0.1309)
(1.0089)
(-0.1995)
G4(-1.7389)
(-1.3351)
(0.5167)
A1(-1.0730)
(9.7669)
(-1.5807)
A2(8.6335)
(5.1284)
(2.7102)
A3(1.9201)
(10.1466)
(-1.7526)
A4(3.5721)
(5.0374)
(-11.5209)
G1(-0.3948)
(-1.8635)
(0.1650)
G2(1.5155)
(1.9167)
(-2.1359)
G3(0.1245)
(-0.5098)
(0.1543)
G4(-1.8651)
(0.0101)
(0.2921)
A1(0.0958)
(6.3324)
(-0.6083)
A2(6.7469)
(7.1108)
(4.0079)
A3(1.3072)
(8.6479)
(-1.7526)
A4(4.9656)
(10.9128)
(-7.3310)
G1(-1.1951)
(1.1930)
(-0.5390)
G2(1.5846)
(0.1389)
(-1.8964)
G3(0.1713)
(-0.8892)
(0.0708)
G4(-2.0859)
(-1.1568)
(0.1586)
A1(-0.5509)
(9.8866)
(1.2646)
A2(6.2201)
(8.1786)
(1.4605)
A3(1.7669)
(7.9679)
(-4.5825)
A4(10.7835)
(5.7604)
(-6.4643)
G1(0.1681)
(0.5215)
(-0.1383)
G2(1.8677)
(0.6385)
(-1.5596)
G3(0.1527)
(-0.0963)
(-0.2969)
G4(-1.3899)
(1.0360)
(-0.3916)
