A1(-1.7053)
(10.2124)
(1.4610)
A2(3.8786)
(8.9783)
(2.9640)
A3(-0.1389)
(7.2736)
(-6.3542)
A4(2.5283)
(8.9447)
(-3.6248)
G1(0.4560)
(1.0648)
(-0.1586)
G2(-0.4805)
(0.4337)
(0.1804)
G3(-0.0899)
(0.5672)
(-0.2756)
G4(1.4074)
(2.5020)
(-1.5442)
A1(-0.7664)
(9.8675)
(1.0538)
A2(4.5203)
(8.5617)
(2.7533)
A3(2.2075)
(7.3023)
(-7.6950)
A4(-15.6581)
(12.3397)
(-2.7390)
G1(0.7354)
(2.5015)
(-0.7460)
G2(0.0537)
(1.2733)
(0.4651)
G3(-0.2230)
(0.4310)
(-0.4454)
G4(0.9738)
(4.4602)
(-5.2168)
A1(-0.1245)
(10.4806)
(3.2620)
A2(3.7876)
(6.4643)
(6.0621)
A3(-0.1101)
(9.5912)
(-4.8554)
A4(7.4795)
(2.3750)
(1.3599)
G1(-0.2224)
(3.4263)
(-1.2329)
G2(-1.4415)
(1.8416)
(0.7891)
G3(-0.2410)
(1.1999)
(-0.8998)
G4(1.6719)
(0.4640)
(-0.5305)
A1(0.2060)
(11.9224)
(6.4330)
A2(0.3639)
(7.8243)
(3.6679)
A3(-2.8587)
(11.4970)
(0.2251)
A4(2.2697)
(2.6480)
(-4.9512)
G1(-2.4158)
(3.4598)
(-1.1015)
G2(0.3411)
(2.1641)
(1.2345)
G3(0.3113)
(0.5741)
(-0.8466)
G4(1.8464)
(-1.5330)
(-0.6327)
A1(-1.3604)
(9.4651)
(5.7385)
A2(-2.7102)
(6.2393)
(9.3613)
A3(-4.7932)
(18.1816)
(5.9807)
A4(2.2936)
(10.8026)
(-7.7955)
G1(-4.9997)
(2.7281)
(-0.8062)
G2(-0.6694)
(5.2738)
(-0.3938)
G3(1.8640)
(1.3936)
(-1.5431)
G4(0.7146)
(-0.1772)
(0.1256)
A1(-6.9120)
(13.4504)
(-6.5911)
A2(9.4475)
(7.8482)
(6.3590)
A3(-5.4540)
(19.3116)
(2.3990)
A4(1.8052)
(10.2232)
(-7.6423)
G1(-4.4213)
(4.9103)
(1.2957)
G2(1.9177)
(2.8021)
(-0.4848)
G3(3.5322)
(4.8465)
(-3.8126)
G4(0.2512)
(0.7370)
(-0.6545)
A1(-0.8526)
(21.7659)
(10.2794)
A2(-21.4808)
(11.4108)
(-3.7733)
A3(-2.4612)
(19.1249)
(-5.0853)
A4(-5.6790)
(8.5617)
(-8.2791)
G1(-8.2563)
(4.0297)
(-1.6336)
G2(1.7065)
(2.6393)
(-2.7138)
G3(2.1354)
(4.5671)
(-5.4696)
G4(-0.0170)
(3.2177)
(-0.8115)
A1(-17.3974)
(12.1571)
(13.3019)
A2(3.0933)
(8.9112)
(5.5258)
A3(27.1359)
(20.8296)
(-10.4483)
A4(-6.6559)
(14.5376)
(-2.9688)
G1(-7.9966)
(2.9436)
(-0.1894)
G2(1.0892)
(5.0599)
(1.6378)
G3(-2.2173)
(2.5329)
(-1.4873)
G4(0.1362)
(4.8082)
(-1.1089)
A1(-4.7326)
(12.1188)
(15.2802)
A2(-1.2785)
(11.3389)
(-0.8428)
A3(7.1874)
(10.5010)
(-29.1279)
A4(-1.8818)
(19.1488)
(3.0933)
G1(-6.9521)
(7.7928)
(-0.5332)
G2(1.2052)
(4.2143)
(0.8865)
G3(-0.2677)
(-2.4690)
(-2.5084)
G4(1.4660)
(8.3387)
(-4.0393)
A1(3.7602)
(18.1063)
(8.3586)
A2(-7.6423)
(11.7172)
(0.1149)
A3(13.4363)
(7.2592)
(-23.0705)
A4(-7.5178)
(-7.1730)
(-9.7731)
G1(-2.9985)
(6.3971)
(-2.6627)
G2(1.4601)
(4.5544)
(1.5442)
G3(1.7358)
(-0.9743)
(-10.6550)
G4(0.4571)
(9.0959)
(-6.3822)
A1(-13.5893)
(4.9433)
(29.3725)
A2(-12.1099)
(6.7852)
(15.3277)
A3(11.4251)
(-11.2911)
(1.4844)
A4(2.3942)
(14.5232)
(1.3551)
G1(3.7530)
(-2.2083)
(-0.9094)
G2(-1.1930)
(7.0707)
(2.5350)
G3(-1.7666)
(-7.7949)
(-5.7324)
G4(-1.4936)
(0.3411)
(0.5896)
A1(0.5173)
(11.9368)
(6.6198)
A2(11.3246)
(3.5626)
(21.6675)
A3(-5.1140)
(-29.3146)
(3.4620)
A4(-3.4046)
(8.4707)
(0.5890)
G1(-2.8628)
(3.2129)
(-0.0149)
G2(-1.8267)
(16.5482)
(-0.2192)
G3(-8.9571)
(-2.5685)
(-7.7422)
G4(-0.9152)
(2.4025)
(-0.4406)
A1(-2.7830)
(3.2908)
(2.5531)
A2(14.2407)
(8.5808)
(-6.7804)
A3(-85.7890)
(84.2903)
(-36.1524)
A4(6.4979)
(6.5314)
(-0.1437)
G1(-0.7194)
(-7.2777)
(3.6828)
G2(1.8778)
(-4.5395)
(2.8782)
G3(8.4478)
(13.0421)
(-8.7437)
G4(-0.7364)
(-1.1169)
(0.9567)
A1(-7.3048)
(9.2687)
(0.8766)
A2(-9.7731)
(-2.3798)
(2.2410)
A3(48.4347)
(-36.9617)
(1.9154)
A4(1.7717)
(10.3430)
(-1.3791)
G1(1.2984)
(-0.5124)
(0.8684)
G2(-1.2175)
(1.7475)
(0.7210)
G3(5.2073)
(4.9322)
(-7.2335)
G4(-0.1405)
(0.5337)
(0.2192)
A1(-10.1118)
(2.7351)
(-2.2226)
A2(11.6406)
(5.0949)
(2.7821)
A3(2.0255)
(-8.5808)
(5.3247)
A4(1.4988)
(9.3374)
(-2.8922)
G1(-0.8971)
(-2.8457)
(4.0206)
G2(0.5651)
(-1.1542)
(0.1144)
G3(1.1531)
(6.0129)
(2.6334)
G4(-0.0734)
(-1.5101)
(0.4970)
A1(-10.3561)
(9.6711)
(3.9805)
A2(-7.0006)
(11.7843)
(3.0071)
A3(-5.1332)
(-3.4716)
(-5.0182)
A4(1.0343)
(8.0924)
(-5.8610)
G1(0.6380)
(-3.2693)
(1.0009)
G2(-0.0128)
(-0.1032)
(0.6396)
G3(-1.2845)
(3.9009)
(0.9498)
G4(-0.1650)
(-1.0238)
(0.3400)
A1(-11.2805)
(4.1578)
(1.7771)
A2(4.0223)
(7.6567)
(2.6767)
A3(-4.7645)
(-2.8778)
(-8.5808)
A4(-0.5890)
(7.6231)
(-6.4212)
G1(-0.1554)
(-0.5635)
(1.6027)
G2(-0.0330)
(1.5160)
(-0.1394)
G3(-2.3833)
(3.1027)
(1.3713)
G4(-0.1410)
(-0.8711)
(0.2246)
A1(-9.3023)
(5.6235)
(0.8143)
A2(4.1899)
(9.6630)
(2.3750)
A3(-4.1132)
(-0.9098)
(-12.2870)
A4(4.0701)
(13.9534)
(-1.7190)
G1(0.4613)
(-2.0199)
(1.3872)
G2(-0.1926)
(-1.3963)
(-0.1304)
G3(-2.3759)
(1.9135)
(1.4239)
G4(-0.4331)
(-1.5798)
(0.1570)
A1(-7.9658)
(7.2713)
(1.7579)
A2(0.9385)
(9.0549)
(0.1772)
A3(-3.8307)
(3.5386)
(-8.0732)
A4(-1.8244)
(9.2464)
(-4.6352)
G1(1.1169)
(-0.8572)
(1.3212)
G2(0.6763)
(-0.7572)
(-0.2261)
G3(-2.0806)
(1.3862)
(0.0021)
G4(-0.0947)
(0.2570)
(0.1054)
A1(-6.1552)
(8.3299)
(0.3353)
A2(2.5043)
(12.2727)
(3.5530)
A3(-7.1491)
(2.0111)
(-10.7739)
A4(2.6480)
(9.1698)
(-5.0518)
G1(1.0802)
(-1.2568)
(1.2382)
G2(0.0601)
(-1.3345)
(-0.3751)
G3(-1.7953)
(1.8012)
(0.1070)
G4(-0.1538)
(-0.3241)
(0.0894)
