A1(-1.0538)
(9.3597)
(-0.9149)
A2(2.2793)
(8.7340)
(2.6911)
A3(1.2306)
(8.2504)
(-5.5976)
A4(2.3750)
(9.2703)
(-4.0701)
G1(-0.5422)
(-0.3177)
(0.0543)
G2(0.1208)
(0.1426)
(-0.0154)
G3(-0.0521)
(0.0410)
(0.0197)
G4(0.1399)
(1.0813)
(-0.3182)
A1(-3.9853)
(8.8903)
(-0.1677)
A2(3.0454)
(9.1075)
(1.8914)
A3(2.0446)
(8.4611)
(-4.7070)
A4(8.2983)
(9.9407)
(-0.0718)
G1(0.0889)
(2.6004)
(-0.5768)
G2(-0.3539)
(0.1852)
(0.0277)
G3(-0.1256)
(-0.4800)
(0.1719)
G4(1.4170)
(4.7741)
(-2.2540)
A1(1.3029)
(11.3763)
(4.1482)
A2(2.2889)
(9.4188)
(0.5076)
A3(-3.2322)
(8.8442)
(-5.3103)
A4(-13.1202)
(10.2232)
(-1.6999)
G1(-0.1144)
(3.4518)
(-0.4677)
G2(-0.6353)
(0.6188)
(0.1117)
G3(-0.1256)
(-0.4145)
(0.1793)
G4(0.6231)
(5.3483)
(-4.7773)
A1(0.2060)
(12.5643)
(3.5590)
A2(7.4077)
(5.8466)
(5.4636)
A3(0.9625)
(10.4387)
(-3.4333)
A4(4.4532)
(0.7039)
(-7.4747)
G1(-1.4367)
(3.4779)
(-1.3638)
G2(-0.6364)
(2.0726)
(1.5921)
G3(0.6556)
(0.8439)
(-0.2144)
G4(2.3839)
(-0.5502)
(-0.3746)
A1(0.4167)
(8.9813)
(9.4076)
A2(-2.1021)
(7.4651)
(8.8921)
A3(-2.8347)
(14.1258)
(3.0646)
A4(-8.2025)
(23.7265)
(-8.8202)
G1(-3.6381)
(2.8739)
(-1.2675)
G2(-0.3773)
(2.7803)
(1.5766)
G3(1.6660)
(0.4103)
(-0.1905)
G4(0.2969)
(0.0357)
(-0.5763)
A1(-1.1113)
(14.5473)
(5.6906)
A2(10.1035)
(7.2305)
(5.5498)
A3(-2.1739)
(25.5270)
(-1.4748)
A4(-3.7541)
(9.3613)
(-7.7285)
G1(-5.0279)
(3.9483)
(1.0882)
G2(0.5827)
(1.4026)
(-0.3400)
G3(4.7023)
(-0.5225)
(-1.6618)
G4(0.2597)
(2.0172)
(-0.9104)
A1(1.6047)
(11.2422)
(20.4966)
A2(-1.2258)
(13.6661)
(7.8386)
A3(6.7469)
(20.9636)
(-4.4101)
A4(1.0965)
(7.0725)
(-5.4396)
G1(-7.8412)
(5.3078)
(-0.9583)
G2(3.2017)
(0.3060)
(-0.9094)
G3(3.8834)
(7.2511)
(-8.0471)
G4(0.1437)
(1.2260)
(-0.5694)
A1(-13.5031)
(6.4713)
(10.9883)
A2(-11.6310)
(13.3836)
(7.0533)
A3(14.7866)
(-9.9838)
(-13.2351)
A4(-3.9169)
(12.3110)
(-4.2473)
G1(-5.8575)
(6.6759)
(-1.0605)
G2(1.9215)
(7.3581)
(-0.1788)
G3(1.6719)
(-5.8314)
(-1.8911)
G4(0.2134)
(6.1741)
(-1.6075)
A1(2.6489)
(9.9537)
(1.9160)
A2(-7.5848)
(12.3110)
(3.0885)
A3(13.9007)
(-3.4907)
(-9.7588)
A4(-5.4779)
(-4.3862)
(-4.4819)
G1(-1.1786)
(5.9538)
(-0.8599)
G2(1.3393)
(3.8764)
(0.7870)
G3(3.5247)
(-7.0510)
(-7.9232)
G4(-0.1884)
(7.5422)
(-3.6998)
A1(5.8055)
(6.7731)
(-19.7589)
A2(-10.7691)
(11.9375)
(10.0748)
A3(7.9918)
(-6.0094)
(2.8826)
A4(8.1882)
(6.9432)
(0.4980)
G1(0.6843)
(7.8785)
(-3.3374)
G2(1.7980)
(7.0446)
(2.2264)
G3(2.2891)
(-7.6145)
(-7.2165)
G4(-1.2739)
(1.0413)
(-0.7444)
A1(5.7912)
(11.3476)
(3.7554)
A2(16.5439)
(11.9902)
(-14.6621)
A3(-1.3934)
(-19.5750)
(1.8914)
A4(10.2376)
(10.5010)
(2.2122)
G1(-2.5360)
(0.7035)
(0.5364)
G2(4.4043)
(4.4543)
(2.3035)
G3(-4.2212)
(-4.2878)
(-7.2261)
G4(0.3368)
(2.1726)
(-0.4789)
A1(-5.9588)
(2.7207)
(-0.2730)
A2(-5.9951)
(-5.7269)
(13.1250)
A3(-17.8033)
(81.7380)
(-88.7339)
A4(5.9711)
(8.8394)
(-4.8459)
G1(-1.0403)
(-8.0051)
(3.0841)
G2(2.5318)
(-0.7311)
(0.9030)
G3(7.6321)
(-4.5544)
(-6.8004)
G4(0.0734)
(-0.4039)
(0.5140)
A1(-3.3051)
(3.6596)
(1.2550)
A2(9.5385)
(3.0358)
(3.9792)
A3(-6.4212)
(7.9871)
(-12.0764)
A4(2.6049)
(9.7300)
(-4.3335)
G1(-1.2265)
(1.6453)
(2.8409)
G2(-0.2607)
(1.7113)
(0.3666)
G3(-5.9235)
(-0.9722)
(6.7477)
G4(0.0357)
(0.1639)
(0.0341)
A1(-15.1892)
(4.9290)
(-0.5077)
A2(0.6033)
(8.7963)
(0.8619)
A3(-2.6576)
(-4.7836)
(-3.9552)
A4(1.8244)
(9.0980)
(-3.8499)
G1(0.7391)
(-2.1806)
(2.4137)
G2(0.1144)
(-0.5433)
(0.4406)
G3(-0.5960)
(5.4706)
(0.8280)
G4(-0.1112)
(-0.1192)
(0.1048)
A1(-10.9883)
(3.5973)
(2.9890)
A2(0.8763)
(10.5201)
(1.5275)
A3(-5.7604)
(-3.9361)
(-11.6215)
A4(0.4836)
(8.7340)
(-3.7972)
G1(0.1921)
(1.9736)
(1.3425)
G2(0.2277)
(0.7508)
(0.1080)
G3(-2.3333)
(4.9428)
(0.4033)
G4(-0.1564)
(-0.6864)
(0.1623)
A1(-7.1084)
(8.1910)
(1.1783)
A2(0.6608)
(9.0070)
(1.1875)
A3(-3.2274)
(-2.4373)
(-10.2424)
A4(0.9816)
(9.2991)
(-3.4812)
G1(1.6825)
(-1.4846)
(1.9763)
G2(-0.0628)
(-0.9200)
(-0.0889)
G3(-3.4210)
(2.5637)
(-1.1382)
G4(-0.0484)
(0.1506)
(0.0442)
A1(-7.2377)
(7.0318)
(2.0118)
A2(0.4357)
(9.2991)
(0.6800)
A3(2.4900)
(2.9401)
(-10.9607)
A4(1.5371)
(9.1506)
(-4.0366)
G1(1.7480)
(-0.5582)
(1.3436)
G2(0.0958)
(-0.5598)
(-0.0740)
G3(-3.6514)
(1.5798)
(-1.6958)
G4(0.0053)
(-0.2985)
(0.1107)
A1(-6.1408)
(7.9850)
(2.2944)
A2(1.3408)
(9.4092)
(0.4262)
A3(-2.1979)
(5.4684)
(-12.1673)
A4(1.6712)
(9.3230)
(-3.4189)
G1(1.9640)
(-0.3501)
(1.0302)
G2(-0.0154)
(0.0601)
(0.0793)
G3(-3.7141)
(0.1586)
(0.2006)
G4(0.1373)
(-0.5475)
(0.2868)
A1(-5.2978)
(7.2090)
(0.9245)
A2(0.7326)
(8.8442)
(0.9768)
A3(-3.6200)
(10.0748)
(-8.7867)
A4(0.2777)
(9.3278)
(-4.2760)
G1(1.4638)
(-0.2458)
(0.9291)
G2(-0.2309)
(-0.7114)
(0.0926)
G3(-2.7915)
(1.6033)
(-0.3251)
G4(0.1729)
(-0.4315)
(0.5092)
A1(-4.2679)
(10.7536)
(1.3556)
A2(0.1149)
(9.2081)
(1.7142)
A3(-2.2122)
(9.8162)
(-3.0358)
A4(1.0391)
(8.3079)
(-5.2481)
G1(0.3975)
(-0.7960)
(0.7843)
G2(-0.3198)
(-1.0759)
(0.1596)
G3(-2.1125)
(0.3980)
(-0.1485)
G4(0.2065)
(-0.3310)
(0.5167)
