A1(0.7089)
(8.5358)
(3.7219)
A2(2.4038)
(9.0022)
(0.2298)
A3(-7.6710)
(8.4420)
(-6.0861)
A4(-0.0862)
(7.3694)
(-6.5122)
G1(-1.3377)
(-1.7719)
(-1.2829)
G2(0.1160)
(0.7359)
(0.0064)
G3(0.1293)
(-1.2851)
(1.0068)
G4(0.2272)
(-0.2794)
(0.2357)
A1(1.2119)
(6.1935)
(7.4820)
A2(3.4333)
(8.8873)
(2.7198)
A3(-2.0159)
(5.7748)
(-0.3543)
A4(-1.9201)
(8.8921)
(-7.2161)
G1(0.7168)
(-4.3410)
(-0.7152)
G2(-0.5944)
(-0.5252)
(0.0351)
G3(-0.7950)
(-4.5150)
(3.1709)
G4(0.1075)
(-0.7205)
(0.8689)
A1(-6.1744)
(13.9103)
(11.8027)
A2(3.4955)
(9.5241)
(2.3176)
A3(11.2480)
(11.3437)
(1.7142)
A4(0.5124)
(15.8688)
(-3.6823)
G1(2.3647)
(-3.4002)
(0.9360)
G2(-0.2613)
(-1.4122)
(0.0048)
G3(-1.5735)
(-7.6422)
(5.5361)
G4(0.4475)
(-1.4803)
(2.0263)
A1(24.4196)
(21.0570)
(-0.5748)
A2(-0.7709)
(12.2727)
(3.7637)
A3(3.7158)
(2.1691)
(3.2370)
A4(-7.2640)
(16.1800)
(-13.3166)
G1(2.1045)
(-5.2333)
(2.2067)
G2(0.5922)
(-3.0288)
(0.2698)
G3(-0.7295)
(1.5479)
(-1.1419)
G4(1.7570)
(-3.2028)
(5.2147)
A1(13.9151)
(15.9892)
(3.3722)
A2(5.2529)
(10.2089)
(8.5234)
A3(0.1820)
(13.2735)
(-6.0717)
A4(-35.9992)
(19.0004)
(-18.9190)
G1(1.6102)
(-7.1755)
(-0.6726)
G2(-2.3376)
(-4.9960)
(0.9429)
G3(-0.9083)
(-0.7620)
(0.2645)
G4(0.3022)
(-2.0965)
(5.6042)
A1(15.8886)
(5.6666)
(13.4840)
A2(-0.0192)
(22.6539)
(5.0996)
A3(10.0796)
(8.6766)
(-3.6057)
A4(-8.4228)
(-2.4181)
(-18.2199)
G1(-0.6955)
(-9.9313)
(-0.9296)
G2(-6.8185)
(-10.9003)
(-3.3358)
G3(-0.8328)
(-2.0162)
(0.1410)
G4(1.7459)
(5.5239)
(9.0576)
A1(-1.7053)
(2.5387)
(24.0268)
A2(-1.1396)
(10.1801)
(23.4009)
A3(9.5672)
(13.6086)
(0.1149)
A4(-9.0740)
(-4.3000)
(-7.1730)
G1(-3.4167)
(-13.8099)
(-1.0206)
G2(-7.5001)
(-4.8417)
(0.2921)
G3(-0.6295)
(-6.0411)
(1.2808)
G4(2.0662)
(8.3467)
(6.8776)
A1(-11.2614)
(6.1217)
(4.3398)
A2(16.1752)
(6.0813)
(12.9095)
A3(13.2256)
(-1.6472)
(13.0292)
A4(-7.0868)
(-19.5271)
(-2.7007)
G1(0.4087)
(-1.2579)
(-0.6566)
G2(-5.9990)
(-8.1312)
(-1.7533)
G3(-4.5490)
(-13.2986)
(8.0988)
G4(-7.1622)
(3.9073)
(2.8713)
A1(-18.2261)
(1.5903)
(6.7779)
A2(-9.2177)
(13.4219)
(9.8306)
A3(20.3028)
(9.6199)
(4.5107)
A4(-28.2420)
(76.1260)
(-39.5618)
G1(-1.1158)
(-3.1256)
(-1.0211)
G2(-0.3390)
(-7.5379)
(2.7345)
G3(-1.1999)
(0.2139)
(-0.4401)
G4(5.1306)
(0.7939)
(-0.4289)
A1(-0.7856)
(7.9946)
(2.2369)
A2(16.4003)
(-0.5746)
(-0.6704)
A3(3.8355)
(8.6095)
(0.7853)
A4(-7.8673)
(20.8296)
(0.7901)
G1(-0.5326)
(0.7338)
(-0.0138)
G2(2.5217)
(4.0510)
(-0.4363)
G3(-0.9477)
(-3.7439)
(0.3932)
G4(-5.8261)
(2.4530)
(0.5459)
A1(-0.5030)
(10.2315)
(1.7723)
A2(2.7821)
(1.1109)
(-11.3342)
A3(0.7374)
(9.6630)
(-0.2298)
A4(7.4986)
(-7.6998)
(-0.6512)
G1(-0.2921)
(0.4911)
(-0.1373)
G2(-0.8125)
(-2.7207)
(1.2888)
G3(0.2235)
(0.6008)
(-0.2128)
G4(2.4780)
(-2.7265)
(-0.8003)
A1(-1.3460)
(8.7418)
(1.1975)
A2(19.1967)
(-6.5122)
(0.7326)
A3(2.3224)
(8.3606)
(-4.5538)
A4(13.2687)
(-2.0111)
(-6.4165)
G1(-0.2517)
(0.2985)
(0.0426)
G2(-0.4081)
(0.0649)
(0.2948)
G3(0.3501)
(1.2558)
(-0.3948)
G4(2.3775)
(-1.7757)
(-1.3186)
A1(-1.1304)
(9.4603)
(1.4370)
A2(11.0038)
(3.0263)
(0.8332)
A3(2.5283)
(8.7197)
(-3.2130)
A4(10.3860)
(-3.3088)
(-6.0908)
G1(0.2480)
(1.3329)
(0.1878)
G2(-0.3161)
(3.2842)
(-2.3493)
G3(0.1697)
(1.6235)
(-0.5848)
G4(1.9231)
(-1.8342)
(-1.7453)
A1(-1.1352)
(10.2938)
(0.9197)
A2(0.1053)
(3.4333)
(2.4038)
A3(-0.9529)
(9.5577)
(0.0431)
A4(3.4285)
(-2.9832)
(-7.5369)
G1(0.3656)
(0.9913)
(-0.3331)
G2(-1.1637)
(1.3441)
(-0.8908)
G3(-0.1176)
(1.9848)
(-0.6375)
G4(-3.0937)
(-3.4018)
(-0.7710)
A1(-0.7712)
(10.0256)
(0.0431)
A2(12.6366)
(4.9512)
(2.6528)
A3(1.3647)
(8.1547)
(-4.2808)
A4(3.1508)
(-1.4174)
(-8.4084)
G1(0.6513)
(1.0770)
(-0.3512)
G2(-1.0440)
(3.1427)
(-1.8895)
G3(0.2192)
(2.1460)
(-0.5901)
G4(-3.8674)
(-2.4472)
(-1.5218)
A1(-2.3040)
(8.0808)
(-2.6681)
A2(5.2050)
(4.8937)
(4.3335)
A3(5.4348)
(8.2265)
(-2.9449)
A4(0.2298)
(4.0414)
(-10.5489)
G1(0.2911)
(1.3585)
(-0.1543)
G2(-0.4592)
(1.2941)
(-1.5096)
G3(0.0149)
(0.6992)
(-0.3874)
G4(-3.5151)
(0.1777)
(-0.1032)
A1(-0.8239)
(9.4076)
(2.9555)
A2(9.3757)
(7.0485)
(2.2410)
A3(2.7725)
(9.5193)
(-1.3503)
A4(5.1427)
(3.6009)
(-10.4004)
G1(-0.7561)
(-0.0218)
(-0.1979)
G2(1.3500)
(3.0134)
(-2.3168)
G3(0.0697)
(0.7274)
(-0.3496)
G4(-3.0559)
(-1.1973)
(1.7219)
A1(-0.1964)
(9.3693)
(1.2885)
A2(7.4172)
(7.2496)
(4.7070)
A3(-0.1484)
(9.5720)
(-1.8579)
A4(6.1435)
(11.8034)
(-8.1738)
G1(-0.6306)
(-0.6061)
(-0.1586)
G2(0.9530)
(-0.7173)
(-1.6075)
G3(0.1149)
(-0.1107)
(-0.1410)
G4(-2.4573)
(-0.3555)
(0.7833)
A1(-1.3700)
(9.6519)
(0.8335)
A2(5.3822)
(8.5425)
(1.6999)
A3(2.8730)
(9.3565)
(-1.2594)
A4(2.4181)
(10.3286)
(-3.7733)
G1(-0.4603)
(-0.5656)
(-0.4901)
G2(2.1066)
(0.0756)
(-1.6937)
G3(0.1825)
(-0.1394)
(-0.1038)
G4(-2.0273)
(-1.1164)
(0.7418)
A1(-1.2406)
(10.9788)
(3.6788)
A2(4.3287)
(8.7436)
(3.1508)
A3(2.0159)
(8.6526)
(-3.4524)
A4(6.1148)
(11.3725)
(-5.7365)
G1(0.5284)
(0.1235)
(-0.6433)
G2(1.3388)
(-1.0291)
(-0.9567)
G3(0.2650)
(-0.2219)
(-0.2198)
G4(-1.0451)
(1.0541)
(-0.6492)
