A1(-3.4584)
(15.6874)
(8.1910)
A2(3.8547)
(8.6574)
(3.3998)
A3(1.3168)
(7.5896)
(-6.2776)
A4(2.9018)
(8.9591)
(-3.0263)
G1(-0.2437)
(0.2081)
(-0.0410)
G2(0.0388)
(0.0357)
(0.0809)
G3(0.0176)
(-0.0080)
(0.0122)
G4(0.1256)
(-0.1548)
(0.0399)
A1(-3.0321)
(9.3118)
(-1.4610)
A2(3.8451)
(8.7915)
(3.4620)
A3(0.7422)
(7.7572)
(-5.6072)
A4(3.3615)
(8.9878)
(-3.2322)
G1(-0.2246)
(-0.2724)
(0.0750)
G2(-0.3475)
(-0.1692)
(-0.0681)
G3(0.0000)
(-0.0011)
(-0.0388)
G4(0.1293)
(0.0080)
(-0.0037)
A1(-3.2716)
(9.6040)
(-1.1113)
A2(3.8068)
(8.5665)
(2.7964)
A3(1.6951)
(7.8769)
(-5.4157)
A4(2.5331)
(8.4611)
(-4.5825)
G1(-0.2623)
(0.3315)
(0.0915)
G2(-0.0575)
(-0.0506)
(-0.0585)
G3(0.1123)
(-0.1022)
(0.0202)
G4(-0.1958)
(-0.2719)
(-0.0867)
A1(-2.3806)
(9.2831)
(-2.1124)
A2(4.0893)
(8.5329)
(2.5283)
A3(1.9297)
(7.2784)
(-6.4787)
A4(3.9265)
(8.9256)
(-4.3766)
G1(0.1421)
(1.0382)
(-0.1474)
G2(-0.2538)
(-0.0564)
(-0.0309)
G3(0.0064)
(0.1399)
(-0.0942)
G4(-0.3539)
(-0.0192)
(-0.2384)
A1(-2.8213)
(9.8004)
(-1.0825)
A2(3.4812)
(9.2512)
(2.5043)
A3(1.4700)
(7.3598)
(-6.0238)
A4(4.0031)
(10.7500)
(-2.6145)
G1(0.2570)
(1.3484)
(-0.3528)
G2(-0.1852)
(0.2171)
(-0.1868)
G3(-0.1139)
(0.3124)
(-0.2501)
G4(0.3725)
(2.0752)
(-1.1148)
A1(-0.4742)
(9.3262)
(-0.6419)
A2(5.0518)
(8.8921)
(0.3926)
A3(1.6903)
(7.6614)
(-5.9089)
A4(-3.4668)
(10.5153)
(0.5124)
G1(0.6157)
(2.7345)
(-0.6258)
G2(0.1634)
(0.4379)
(0.0037)
G3(-0.1101)
(0.5726)
(-0.4943)
G4(0.8748)
(5.9517)
(-3.7775)
A1(1.7148)
(13.8097)
(5.0679)
A2(2.0016)
(5.7269)
(6.8043)
A3(-1.0822)
(10.5297)
(-3.5386)
A4(2.7198)
(3.0406)
(-6.3782)
G1(0.2937)
(3.5769)
(-1.1946)
G2(0.1740)
(2.1721)
(1.4505)
G3(0.2921)
(1.0781)
(-0.4566)
G4(1.9481)
(3.1921)
(-1.9518)
A1(-2.0597)
(5.1637)
(7.6593)
A2(5.2385)
(5.6599)
(5.5498)
A3(0.1389)
(16.9126)
(5.4348)
A4(5.5354)
(3.3088)
(-6.5457)
G1(-6.8424)
(4.6592)
(-0.7497)
G2(0.3624)
(5.1370)
(1.6389)
G3(2.5504)
(2.7984)
(-1.5293)
G4(0.2767)
(-2.1700)
(-0.3001)
A1(6.5911)
(14.3701)
(18.1974)
A2(1.1396)
(13.8098)
(8.5569)
A3(6.1866)
(18.3252)
(-3.2226)
A4(1.5179)
(8.6957)
(-7.0533)
G1(-7.0005)
(5.1727)
(-0.3065)
G2(3.4417)
(5.0971)
(-1.0589)
G3(4.7672)
(6.2098)
(-5.1796)
G4(0.6428)
(3.2767)
(-0.9110)
A1(-18.1447)
(10.0974)
(9.0340)
A2(-17.6165)
(19.4888)
(5.0039)
A3(26.0729)
(5.7126)
(-19.0243)
A4(-0.2011)
(14.7626)
(0.5507)
G1(-6.5311)
(5.9831)
(-1.0898)
G2(2.2907)
(7.4113)
(-1.2824)
G3(0.6173)
(-3.7392)
(-0.9504)
G4(0.8274)
(6.0634)
(-2.1088)
A1(0.6562)
(17.7950)
(11.1273)
A2(8.4372)
(4.1132)
(4.0127)
A3(10.3382)
(1.9010)
(-27.7201)
A4(-9.9311)
(11.7364)
(-9.6438)
G1(-3.9648)
(9.6163)
(-2.7218)
G2(2.3966)
(5.0194)
(2.4802)
G3(2.8159)
(-4.3857)
(-5.0609)
G4(1.4388)
(9.2540)
(-6.4141)
A1(5.7576)
(0.8814)
(-13.3546)
A2(-9.6438)
(6.3398)
(11.0612)
A3(9.6486)
(-8.0254)
(2.9497)
A4(4.2425)
(9.5193)
(-1.5275)
G1(2.4514)
(3.0330)
(-2.5893)
G2(0.6412)
(6.9882)
(2.2519)
G3(2.7069)
(-10.3693)
(-4.3229)
G4(-1.3702)
(2.9091)
(-1.2127)
A1(9.1011)
(-2.7064)
(10.8015)
A2(26.3554)
(5.3870)
(-5.1284)
A3(-0.1532)
(-17.3532)
(6.4643)
A4(8.6862)
(8.5473)
(-5.8802)
G1(0.0442)
(1.8374)
(-0.9966)
G2(4.9588)
(9.4929)
(0.6683)
G3(-4.6879)
(-2.3338)
(-8.1248)
G4(-0.9088)
(-0.6965)
(1.1483)
A1(-27.7487)
(7.9467)
(-1.6334)
A2(1.7382)
(10.4675)
(6.1483)
A3(47.2280)
(-32.8101)
(24.9572)
A4(3.6200)
(11.0516)
(-0.1484)
G1(0.8115)
(1.1212)
(-0.3262)
G2(0.0958)
(0.8466)
(-1.1818)
G3(2.6526)
(-0.1266)
(1.3931)
G4(0.0761)
(0.8397)
(0.1788)
A1(-8.6891)
(11.9847)
(2.7447)
A2(9.5337)
(11.3868)
(10.3573)
A3(-2.9880)
(2.2601)
(-2.8491)
A4(-0.0383)
(9.1889)
(-4.5490)
G1(0.0506)
(-3.8568)
(3.4178)
G2(-0.1495)
(0.2512)
(0.1575)
G3(2.0736)
(0.5906)
(2.9266)
G4(0.0362)
(-0.1799)
(0.2485)
A1(-12.0374)
(4.7469)
(-0.4838)
A2(5.8897)
(9.8928)
(1.0678)
A3(-2.1069)
(-3.4716)
(-8.8490)
A4(0.8236)
(9.4619)
(-5.0518)
G1(-0.0607)
(-0.1022)
(2.2237)
G2(-0.3267)
(0.2480)
(-0.0761)
G3(-0.9323)
(2.6169)
(2.4099)
G4(-0.1107)
(-0.5768)
(0.2251)
A1(-7.4629)
(5.5325)
(1.3987)
A2(0.8380)
(9.4667)
(2.0542)
A3(-6.9815)
(-2.4900)
(-10.2663)
A4(1.3886)
(8.8202)
(-3.2801)
G1(0.3209)
(-0.4438)
(2.0949)
G2(-0.3310)
(-0.3278)
(0.1708)
G3(-1.4362)
(2.8612)
(1.5463)
G4(-0.1288)
(-0.5002)
(0.1937)
A1(-7.6066)
(5.8438)
(0.5030)
A2(2.0590)
(10.1418)
(3.0694)
A3(-2.2745)
(-2.2075)
(-10.1370)
A4(0.4357)
(8.0397)
(-5.1188)
G1(0.9695)
(-0.7849)
(2.0939)
G2(-0.0378)
(-0.7482)
(-0.1192)
G3(-3.4268)
(3.4731)
(-0.5108)
G4(-0.1133)
(-0.0511)
(0.1117)
A1(-4.6080)
(7.4964)
(1.6238)
A2(2.2170)
(10.6207)
(2.8635)
A3(-0.9146)
(4.2042)
(-10.3238)
A4(1.4365)
(9.1698)
(-4.2377)
G1(1.4452)
(-0.0750)
(1.2058)
G2(-0.1309)
(-0.8242)
(-0.1197)
G3(-3.4917)
(0.1570)
(0.0990)
G4(-0.1213)
(-0.1522)
(0.0814)
A1(-5.0679)
(7.2138)
(2.1172)
A2(-0.0718)
(10.4675)
(2.5905)
A3(-1.1971)
(7.0725)
(-7.4699)
A4(0.6369)
(8.8921)
(-4.5059)
G1(1.3569)
(0.8301)
(0.9445)
G2(0.1043)
(-1.5362)
(0.0681)
G3(-2.9117)
(1.1206)
(-0.7056)
G4(0.0724)
(0.3145)
(0.0628)
