A1(-3.5925)
(7.0940)
(-2.2848)
A2(3.0071)
(8.1547)
(3.3519)
A3(2.2553)
(7.4460)
(-6.7133)
A4(4.8171)
(10.1035)
(-3.4477)
G1(0.2091)
(0.4576)
(-0.1703)
G2(-0.0921)
(0.2389)
(0.0452)
G3(0.0830)
(-0.1559)
(0.1197)
G4(0.0777)
(1.9598)
(-0.9525)
A1(0.5173)
(10.1118)
(0.5988)
A2(4.1324)
(9.9072)
(2.4804)
A3(0.6033)
(7.8817)
(-5.4636)
A4(-1.4557)
(8.3366)
(-2.6001)
G1(0.3092)
(1.8039)
(-0.2027)
G2(-0.3523)
(1.0988)
(0.2517)
G3(-0.1203)
(0.2011)
(-0.1910)
G4(0.5704)
(4.7113)
(-2.9452)
A1(-0.2395)
(9.1538)
(-0.6131)
A2(4.8937)
(8.3701)
(2.3176)
A3(3.5338)
(8.8442)
(-3.9456)
A4(-3.5338)
(11.3102)
(1.3264)
G1(0.5875)
(1.2925)
(-0.4049)
G2(-0.1282)
(1.4287)
(0.5736)
G3(0.0287)
(0.5635)
(-0.3549)
G4(0.5225)
(4.9540)
(-3.2789)
A1(1.5951)
(10.8351)
(3.1614)
A2(0.6512)
(6.7229)
(7.8530)
A3(1.7957)
(9.4619)
(-3.4524)
A4(2.4852)
(5.5210)
(1.1875)
G1(-0.6582)
(2.0071)
(-0.3858)
G2(0.1171)
(1.1994)
(1.2473)
G3(0.2315)
(0.7098)
(-0.2602)
G4(2.0135)
(0.2102)
(0.3645)
A1(2.4812)
(11.7883)
(2.9794)
A2(0.5171)
(4.9368)
(9.1363)
A3(-0.7757)
(12.2056)
(2.5426)
A4(-1.2594)
(10.6590)
(-5.6120)
G1(-1.2329)
(1.3340)
(-0.5119)
G2(-0.2767)
(2.9303)
(0.3906)
G3(1.0302)
(-0.0431)
(-0.1963)
G4(1.4559)
(1.7182)
(-0.8961)
A1(-3.5350)
(16.1089)
(1.1400)
A2(4.4628)
(5.2337)
(9.1506)
A3(-2.4038)
(23.6978)
(4.9321)
A4(-0.8045)
(5.3774)
(-6.9911)
G1(-6.4572)
(2.6510)
(-0.3161)
G2(0.3491)
(-0.4081)
(-0.1501)
G3(3.3081)
(0.0628)
(-0.9775)
G4(0.8908)
(-0.4864)
(-0.4629)
A1(-0.0335)
(12.8229)
(4.6894)
A2(5.2289)
(10.4244)
(9.7013)
A3(0.7805)
(16.1130)
(-9.1075)
A4(2.4660)
(9.1171)
(-9.1602)
G1(-5.4201)
(5.9394)
(1.2957)
G2(1.6011)
(1.9917)
(-0.4539)
G3(3.2666)
(2.1886)
(-2.7186)
G4(0.7662)
(1.6724)
(-0.8780)
A1(-3.9470)
(19.9601)
(17.2298)
A2(-8.7676)
(10.2951)
(1.2737)
A3(21.7968)
(16.0028)
(-13.6182)
A4(-1.7095)
(6.4691)
(-10.9223)
G1(-5.9767)
(3.4880)
(1.0935)
G2(1.5825)
(2.6457)
(-1.0509)
G3(0.3006)
(4.9604)
(-4.4974)
G4(-0.2102)
(3.5492)
(-1.3952)
A1(-9.5370)
(7.8748)
(12.7846)
A2(3.2130)
(9.8976)
(4.2569)
A3(19.0387)
(-0.0144)
(-15.9837)
A4(-8.3989)
(14.9494)
(-7.9966)
G1(-5.9182)
(4.7480)
(0.0383)
G2(1.7852)
(3.9616)
(1.9209)
G3(-1.6740)
(-1.4569)
(-3.2400)
G4(0.1149)
(7.0776)
(-2.3722)
A1(2.7351)
(11.0027)
(3.3674)
A2(-4.9081)
(13.4171)
(3.2609)
A3(15.1122)
(-1.2977)
(-12.0716)
A4(-12.7324)
(-7.6184)
(-6.0094)
G1(-1.8927)
(7.3256)
(-1.5671)
G2(1.3532)
(5.1109)
(1.9491)
G3(5.2913)
(-2.7180)
(-7.7523)
G4(-0.5066)
(9.0374)
(-6.6562)
A1(2.1651)
(6.4905)
(-5.6331)
A2(-4.1946)
(12.4307)
(9.4571)
A3(10.3238)
(-5.7988)
(-2.5809)
A4(11.9327)
(15.3037)
(-2.0494)
G1(0.5965)
(5.2876)
(-0.9402)
G2(1.9348)
(7.6156)
(3.1592)
G3(7.6199)
(-8.5995)
(-5.1120)
G4(-1.9443)
(3.6375)
(-2.7313)
A1(-2.3567)
(-5.4606)
(8.5837)
A2(2.1979)
(10.2185)
(6.0430)
A3(4.2425)
(-16.3189)
(11.9471)
A4(-10.0700)
(11.9566)
(-0.3974)
G1(3.5657)
(4.2319)
(-1.9529)
G2(2.4206)
(9.9654)
(1.5096)
G3(-3.2672)
(-3.7503)
(-6.0842)
G4(-0.9019)
(1.1084)
(-0.1878)
A1(6.8019)
(6.2175)
(-1.6095)
A2(8.4132)
(4.7166)
(12.7898)
A3(-3.2322)
(-19.6420)
(3.8355)
A4(8.0397)
(6.5888)
(-0.8523)
G1(-1.6389)
(0.7024)
(1.8198)
G2(1.2904)
(-0.8429)
(0.3586)
G3(-5.5920)
(-3.8988)
(-8.3345)
G4(-0.5656)
(-1.5559)
(1.4782)
A1(-10.8542)
(-2.0406)
(-3.4057)
A2(-6.2058)
(11.7316)
(3.3950)
A3(20.2933)
(-41.3814)
(23.0993)
A4(2.0638)
(10.1754)
(-4.1420)
G1(1.6655)
(0.0410)
(0.7141)
G2(0.2246)
(0.0628)
(-0.4097)
G3(-2.1338)
(3.2219)
(9.1124)
G4(0.2017)
(-0.4188)
(0.2687)
A1(-6.2558)
(2.2944)
(-0.3784)
A2(8.7245)
(2.4469)
(2.9880)
A3(1.3982)
(5.4157)
(-5.2577)
A4(1.9297)
(8.8969)
(-4.0845)
G1(-0.5757)
(1.6879)
(2.6270)
G2(0.6859)
(0.6199)
(0.1820)
G3(-3.8701)
(-0.4560)
(5.2658)
G4(0.2996)
(0.1080)
(0.2341)
A1(-12.6601)
(7.0845)
(0.8718)
A2(-3.2226)
(7.8147)
(1.4605)
A3(-1.0343)
(-4.0079)
(-2.6097)
A4(0.1676)
(8.6766)
(-5.7365)
G1(0.3448)
(-1.0594)
(2.3317)
G2(-0.1261)
(-0.5428)
(0.2363)
G3(-1.2292)
(5.2541)
(0.0506)
G4(0.1905)
(-0.7519)
(0.2480)
A1(-9.0340)
(7.1276)
(3.0081)
A2(3.7014)
(8.8538)
(1.1205)
A3(-3.9265)
(-3.1939)
(-12.0380)
A4(0.0766)
(8.8442)
(-6.0286)
G1(0.7072)
(0.3698)
(1.9805)
G2(0.2272)
(1.2829)
(0.2075)
G3(-3.7567)
(3.9706)
(0.6423)
G4(0.1389)
(-0.2001)
(0.1671)
A1(-4.3110)
(8.6843)
(-0.1245)
A2(-0.5363)
(10.2759)
(1.1301)
A3(-4.9225)
(-1.8387)
(-12.5456)
A4(0.4262)
(8.9735)
(-3.8930)
G1(0.9131)
(-0.5662)
(1.9475)
G2(-0.2751)
(-1.4564)
(-0.0564)
G3(-3.2102)
(2.3801)
(-0.8072)
G4(0.0341)
(-0.0867)
(0.1080)
A1(-7.2521)
(8.2580)
(2.0166)
A2(-0.1101)
(10.0269)
(0.6416)
A3(-1.6568)
(3.0358)
(-10.2951)
A4(0.5794)
(9.1650)
(-4.8363)
G1(1.5091)
(-1.3042)
(1.4383)
G2(-0.1235)
(-0.1969)
(-0.0968)
G3(-2.8628)
(2.7707)
(-1.1589)
G4(-0.0208)
(-0.0277)
(0.1208)
A1(-3.6452)
(7.0509)
(1.8825)
A2(1.6951)
(9.0166)
(2.4469)
A3(-2.6049)
(1.3695)
(-11.1043)
A4(0.3974)
(9.2799)
(-4.6878)
G1(2.3269)
(-1.7996)
(1.1350)
G2(-0.0543)
(-0.9897)
(0.0596)
G3(-2.8654)
(0.6125)
(-1.0174)
G4(-0.1064)
(-0.2251)
(0.2980)
