A1(-1.9687)
(9.7429)
(-1.3508)
A2(3.0885)
(8.5186)
(3.2274)
A3(1.0822)
(7.5609)
(-5.6312)
A4(3.6344)
(8.8394)
(-3.6200)
G1(-0.3927)
(0.0910)
(0.1442)
G2(-0.0761)
(-0.1330)
(-0.0239)
G3(-0.0341)
(0.3448)
(0.0011)
G4(0.1948)
(0.6864)
(-0.2677)
A1(-4.1386)
(9.2208)
(-0.3976)
A2(2.9880)
(8.7628)
(2.7773)
A3(1.9632)
(7.4891)
(-6.8953)
A4(6.5984)
(9.8306)
(-2.4469)
G1(0.4305)
(0.4544)
(-0.3171)
G2(-0.1868)
(-0.0314)
(0.0718)
G3(0.0053)
(0.0724)
(-0.0431)
G4(0.8062)
(2.6893)
(-1.2835)
A1(-1.0299)
(9.4028)
(0.3209)
A2(3.5338)
(8.8538)
(2.1596)
A3(1.8579)
(6.8666)
(-7.1539)
A4(2.5762)
(9.2464)
(-2.3080)
G1(0.5369)
(1.8305)
(-0.4752)
G2(-0.4369)
(0.5353)
(0.1857)
G3(-0.2006)
(-0.4816)
(0.1453)
G4(1.2478)
(2.8707)
(-1.9199)
A1(0.4694)
(9.9250)
(-1.0969)
A2(5.2337)
(6.6798)
(3.8499)
A3(2.3032)
(9.0932)
(-3.2992)
A4(13.3644)
(7.0629)
(2.3703)
G1(-0.1644)
(1.6208)
(-0.3480)
G2(-0.3017)
(1.3415)
(0.9748)
G3(0.1628)
(1.0828)
(-0.4305)
G4(-0.3262)
(7.4884)
(-4.5528)
A1(0.6706)
(11.7691)
(5.4223)
A2(1.1827)
(7.6710)
(5.4013)
A3(-1.6903)
(12.1338)
(-2.9544)
A4(-0.5028)
(13.0580)
(-7.4986)
G1(-0.8083)
(2.9809)
(-1.3212)
G2(0.3219)
(1.9364)
(1.1579)
G3(1.0876)
(1.2632)
(-0.8439)
G4(1.4085)
(2.1231)
(-1.5915)
A1(-0.9245)
(3.4584)
(10.2124)
A2(2.3272)
(3.3567)
(9.2608)
A3(0.4645)
(16.1704)
(0.7183)
A4(1.7095)
(15.0116)
(-0.7183)
G1(-5.1822)
(2.3104)
(-1.0429)
G2(-0.6518)
(3.8301)
(0.3672)
G3(2.0449)
(2.1705)
(-1.3042)
G4(0.3187)
(-4.0398)
(1.6256)
A1(-7.4677)
(3.3961)
(17.8189)
A2(4.0701)
(8.9735)
(9.2177)
A3(2.9449)
(17.6740)
(-6.6415)
A4(2.1548)
(7.8530)
(-7.2449)
G1(-7.4453)
(4.5879)
(0.7609)
G2(1.1132)
(0.0990)
(-0.0303)
G3(3.3443)
(3.0320)
(-3.4343)
G4(0.8370)
(1.7549)
(-0.6678)
A1(7.8605)
(19.4188)
(23.3419)
A2(1.6233)
(7.3263)
(-1.2594)
A3(10.7835)
(17.2191)
(-4.4532)
A4(-5.4205)
(10.2376)
(-5.1092)
G1(-8.3036)
(4.7582)
(0.0788)
G2(1.7560)
(2.2508)
(-0.8860)
G3(3.6019)
(6.4034)
(-6.9334)
G4(0.2240)
(1.5335)
(-0.3938)
A1(-8.0377)
(2.4190)
(13.8241)
A2(2.6097)
(8.1977)
(3.9121)
A3(12.8186)
(-0.3543)
(-26.4559)
A4(-1.7190)
(11.5257)
(-9.5193)
G1(-6.3135)
(5.8027)
(-0.5326)
G2(1.9965)
(4.8007)
(1.8688)
G3(-1.2228)
(-4.0983)
(-2.9846)
G4(0.2778)
(5.0098)
(-1.5788)
A1(7.6784)
(15.0072)
(6.1025)
A2(-6.2106)
(7.2592)
(3.1891)
A3(14.6094)
(-3.3423)
(-9.1937)
A4(-14.0635)
(-6.9815)
(-2.8108)
G1(0.4071)
(3.9829)
(-2.1029)
G2(0.0644)
(3.4917)
(1.4713)
G3(4.4155)
(-4.5607)
(-8.5308)
G4(0.6662)
(10.5906)
(-5.5813)
A1(0.3401)
(3.3722)
(-23.5478)
A2(-5.9807)
(13.2830)
(15.1170)
A3(7.5992)
(-7.5369)
(2.9736)
A4(-6.8426)
(2.5283)
(-3.2465)
G1(1.9209)
(6.5359)
(-1.2329)
G2(1.2010)
(5.9011)
(2.9133)
G3(3.8062)
(-6.3928)
(-6.9579)
G4(-0.8791)
(4.2037)
(-3.3092)
A1(9.7525)
(-2.8165)
(8.5119)
A2(17.6979)
(11.3581)
(-1.1684)
A3(3.1220)
(-17.9948)
(1.7909)
A4(-2.0686)
(7.6614)
(-5.8419)
G1(-1.9342)
(1.2260)
(-0.8003)
G2(3.1996)
(9.6153)
(2.1449)
G3(-3.0011)
(-2.2008)
(-8.4643)
G4(-0.8971)
(-0.1799)
(0.2155)
A1(-36.9456)
(11.3141)
(-1.0394)
A2(-0.1053)
(15.5096)
(10.2903)
A3(31.5699)
(-17.6548)
(38.3838)
A4(-0.1293)
(15.4426)
(3.5338)
G1(0.9780)
(-4.0292)
(0.1086)
G2(-0.5146)
(1.5053)
(0.0208)
G3(1.6352)
(3.0836)
(3.8887)
G4(-0.6098)
(0.6683)
(-0.0979)
A1(-3.3482)
(-0.3880)
(3.6021)
A2(2.1500)
(3.8307)
(3.9792)
A3(-8.7293)
(24.1048)
(1.7334)
A4(1.3599)
(8.1116)
(-3.0789)
G1(-0.7088)
(5.9128)
(2.8085)
G2(0.8429)
(0.7769)
(-0.1575)
G3(-6.8643)
(-11.7294)
(5.7745)
G4(-0.6774)
(0.4848)
(0.0564)
A1(-10.7536)
(6.8641)
(2.3088)
A2(-2.4660)
(10.9894)
(5.8227)
A3(-1.1444)
(-6.6224)
(-3.7350)
A4(1.3551)
(8.9064)
(-3.8355)
G1(-0.3927)
(-5.8069)
(1.9188)
G2(-0.1676)
(0.0064)
(0.4816)
G3(-2.3652)
(5.0540)
(1.5474)
G4(0.0553)
(-0.1618)
(0.0628)
A1(-10.6004)
(5.3744)
(0.0240)
A2(4.7309)
(9.0453)
(3.0837)
A3(-4.4772)
(-6.3638)
(-11.7555)
A4(1.5467)
(9.5481)
(-2.8156)
G1(0.1298)
(1.0169)
(2.1189)
G2(0.1096)
(1.4053)
(0.4257)
G3(-2.8692)
(3.3193)
(2.2397)
G4(-0.0239)
(-1.0014)
(0.2118)
A1(-4.8523)
(8.2532)
(0.6131)
A2(-1.1588)
(9.7827)
(1.9393)
A3(-5.8371)
(-0.5028)
(-10.8601)
A4(0.8763)
(8.9591)
(-4.7118)
G1(0.5369)
(-0.8306)
(1.7783)
G2(-0.0149)
(-0.3991)
(-0.0905)
G3(-1.7017)
(3.3151)
(-0.1144)
G4(-0.0170)
(-0.1969)
(0.0958)
A1(-7.2713)
(7.1180)
(2.1890)
A2(1.6472)
(9.5002)
(1.6089)
A3(0.1772)
(2.5283)
(-10.8314)
A4(1.1684)
(9.4715)
(-3.3327)
G1(1.6474)
(-0.8913)
(0.5326)
G2(-0.0697)
(-0.7125)
(-0.1650)
G3(-2.7478)
(0.8663)
(-0.9179)
G4(-0.0277)
(0.0468)
(0.0474)
A1(-4.5841)
(9.5034)
(1.4179)
A2(1.2498)
(9.8162)
(1.3743)
A3(-3.7781)
(2.2649)
(-11.1330)
A4(0.4022)
(9.1698)
(-4.0941)
G1(1.3159)
(-0.6960)
(0.9136)
G2(-0.0059)
(-0.5715)
(0.0559)
G3(-3.2842)
(0.9301)
(-0.5358)
G4(-0.0756)
(-0.0122)
(0.1192)
A1(-5.9588)
(7.7742)
(1.0107)
A2(1.2881)
(9.2081)
(1.8771)
A3(1.1396)
(4.6974)
(-8.2839)
A4(0.3112)
(9.5337)
(-3.4046)
G1(1.5160)
(-0.9094)
(0.0330)
G2(0.1745)
(-0.4879)
(0.0011)
G3(-3.0272)
(-0.5848)
(-0.0101)
G4(0.1080)
(-0.0085)
(0.1873)
