A1(-1.6095)
(7.8269)
(-1.2694)
A2(4.3862)
(8.0254)
(3.2657)
A3(1.7765)
(7.7764)
(-6.4739)
A4(2.5522)
(11.7507)
(-0.2969)
G1(0.2134)
(1.3633)
(-0.4150)
G2(-0.1666)
(0.3161)
(0.0404)
G3(0.1235)
(0.0303)
(-0.0346)
G4(1.0797)
(1.8262)
(-1.2068)
A1(0.0335)
(9.7765)
(1.0059)
A2(2.9688)
(8.3510)
(3.1460)
A3(1.2115)
(8.1307)
(-5.2720)
A4(-2.5666)
(8.3797)
(0.2729)
G1(0.4805)
(1.6905)
(-0.6093)
G2(0.1277)
(1.1749)
(0.5587)
G3(-0.0367)
(0.6045)
(-0.4060)
G4(0.3932)
(5.7787)
(-3.2305)
A1(-0.4694)
(9.3358)
(-1.7819)
A2(7.2975)
(5.9376)
(4.8028)
A3(1.8435)
(8.9208)
(-4.5969)
A4(6.7038)
(6.5649)
(-0.3687)
G1(0.5906)
(1.7735)
(-0.6226)
G2(-0.6295)
(1.0445)
(0.8115)
G3(0.0202)
(0.4246)
(-0.2964)
G4(1.3319)
(2.9415)
(-1.5878)
A1(1.3316)
(13.0145)
(0.1772)
A2(3.2561)
(6.0573)
(6.2106)
A3(-1.9010)
(11.4586)
(0.4645)
A4(0.6464)
(6.5505)
(-3.9840)
G1(-0.9940)
(1.4266)
(-1.2191)
G2(0.2751)
(2.2093)
(0.9748)
G3(0.9083)
(0.3374)
(-0.5114)
G4(0.5992)
(-0.8290)
(-0.5342)
A1(-5.6235)
(11.4242)
(1.3268)
A2(9.7971)
(5.8035)
(8.6095)
A3(-6.7133)
(19.1488)
(4.1180)
A4(-2.7007)
(7.8386)
(-5.8658)
G1(-6.4854)
(2.2354)
(-0.1006)
G2(0.3815)
(0.6902)
(-0.3225)
G3(3.1368)
(1.5671)
(-1.4638)
G4(0.1362)
(-1.6996)
(-0.0064)
A1(-1.4801)
(8.2532)
(5.5756)
A2(3.0789)
(11.2863)
(8.1307)
A3(3.3710)
(18.8519)
(-1.2498)
A4(-0.1341)
(8.3941)
(-7.5034)
G1(-7.0888)
(5.8921)
(2.6254)
G2(1.0323)
(-0.0660)
(-0.2857)
G3(3.2597)
(2.9298)
(-2.6212)
G4(0.1453)
(0.4374)
(-0.5092)
A1(-1.0730)
(13.5127)
(24.1131)
A2(-0.7518)
(6.6319)
(2.6480)
A3(22.9221)
(18.2917)
(-16.0268)
A4(-7.2449)
(7.7572)
(-7.1251)
G1(-6.6828)
(1.7448)
(0.5880)
G2(1.8544)
(1.1201)
(0.0165)
G3(1.8454)
(3.9594)
(-4.4256)
G4(-0.5002)
(2.6100)
(-0.6545)
A1(-1.6238)
(7.2521)
(9.6519)
A2(-2.1500)
(9.6869)
(1.4413)
A3(15.9119)
(4.4580)
(-19.5271)
A4(-1.1779)
(24.1910)
(11.0516)
G1(-5.2764)
(8.0956)
(1.3218)
G2(1.5687)
(4.1601)
(0.6433)
G3(1.6809)
(-1.6591)
(-4.7507)
G4(1.9848)
(10.5779)
(-5.3914)
A1(7.6210)
(12.8565)
(8.6077)
A2(-6.9384)
(13.8576)
(3.1029)
A3(16.9988)
(-2.8778)
(-11.0804)
A4(-24.5310)
(-18.1433)
(-5.9999)
G1(-0.8221)
(9.6403)
(-0.9770)
G2(1.5692)
(3.8701)
(1.3255)
G3(6.0432)
(-3.8003)
(-6.8281)
G4(0.1421)
(14.6342)
(-10.0931)
A1(4.7996)
(-2.3998)
(-15.3042)
A2(-9.6774)
(4.3335)
(18.0714)
A3(7.5369)
(-1.7621)
(8.6910)
A4(-7.3215)
(20.4848)
(11.2097)
G1(2.8032)
(3.2666)
(-1.4133)
G2(-0.2756)
(10.0878)
(2.2695)
G3(4.3655)
(-8.0392)
(-4.7459)
G4(-1.0977)
(-6.1980)
(3.8786)
A1(9.6280)
(3.8368)
(5.1158)
A2(18.1864)
(-2.6911)
(36.5451)
A3(-7.4316)
(-13.3453)
(1.2977)
A4(-3.2034)
(12.9718)
(-1.3455)
G1(-1.7810)
(-0.8759)
(-1.1387)
G2(2.9011)
(0.6082)
(2.2562)
G3(-4.5570)
(-3.8179)
(-7.8221)
G4(-0.5007)
(1.8071)
(-0.1538)
A1(-17.4214)
(11.5536)
(-0.4551)
A2(-17.6405)
(-0.0192)
(-10.8362)
A3(-4.0031)
(3.7397)
(-8.2791)
A4(-0.5794)
(8.6191)
(-1.5083)
G1(-0.4842)
(-1.7916)
(2.3275)
G2(0.7125)
(0.9019)
(0.8189)
G3(-11.5639)
(1.1015)
(11.4654)
G4(-0.2943)
(0.1325)
(0.1389)
A1(-4.6320)
(-0.0958)
(4.6128)
A2(17.4298)
(9.6582)
(6.6319)
A3(-1.9154)
(2.6480)
(-9.2416)
A4(0.8763)
(12.4211)
(-1.6376)
G1(0.4959)
(1.0350)
(1.0557)
G2(-0.3421)
(2.4935)
(-0.6146)
G3(-3.4912)
(-0.4842)
(3.5907)
G4(-0.7907)
(-1.9731)
(0.4677)
A1(-14.9928)
(7.9275)
(1.1257)
A2(0.5698)
(8.4563)
(3.7685)
A3(-4.8267)
(-5.0805)
(-8.2935)
A4(-0.7374)
(9.9551)
(-2.2266)
G1(0.3544)
(-0.8849)
(1.3846)
G2(-0.2011)
(-0.0803)
(0.1751)
G3(-2.3152)
(3.4795)
(-0.0708)
G4(-0.0346)
(-0.8397)
(0.3246)
A1(-7.6449)
(7.0653)
(2.8980)
A2(5.7317)
(7.4795)
(0.9385)
A3(-3.0023)
(-1.6041)
(-10.0748)
A4(-0.4597)
(9.8354)
(-2.1069)
G1(0.0644)
(-0.7716)
(1.5186)
G2(-0.0202)
(0.0905)
(0.3368)
G3(-2.1652)
(1.8374)
(0.0287)
G4(0.0894)
(-0.5428)
(0.1155)
A1(-7.7311)
(6.4618)
(-0.4982)
A2(-0.2729)
(10.0509)
(1.7957)
A3(-3.2561)
(-1.9824)
(-8.8538)
A4(0.4214)
(9.5146)
(-2.6432)
G1(0.2006)
(-1.0610)
(1.2297)
G2(0.0660)
(-0.8099)
(0.1112)
G3(-1.5745)
(1.6788)
(-0.1772)
G4(0.2187)
(-0.5231)
(0.0165)
A1(-6.8785)
(7.1563)
(-0.1581)
A2(1.6328)
(9.0740)
(0.6608)
A3(-2.2601)
(-1.0247)
(-11.0899)
A4(0.3304)
(9.4140)
(-2.9449)
G1(0.2214)
(-0.9147)
(1.3771)
G2(-0.1117)
(-0.5986)
(0.1027)
G3(-2.4765)
(0.7593)
(0.2469)
G4(0.3006)
(-0.5550)
(0.1016)
A1(-7.0605)
(9.6280)
(0.3497)
A2(2.1691)
(9.0405)
(0.7278)
A3(-2.3750)
(1.3695)
(-8.2983)
A4(0.2682)
(9.1315)
(-4.2808)
G1(1.0658)
(-1.7022)
(1.8656)
G2(-0.1894)
(-0.5917)
(0.0543)
G3(-2.5110)
(1.5197)
(0.2309)
G4(0.2341)
(-0.2810)
(0.2155)
A1(-4.1673)
(8.7131)
(-0.5365)
A2(1.0534)
(9.1363)
(0.5794)
A3(0.4405)
(2.6336)
(-9.9072)
A4(0.0766)
(9.0214)
(-3.6966)
G1(2.0497)
(-0.8301)
(1.3117)
G2(-0.4236)
(-0.8397)
(0.0452)
G3(-2.0699)
(1.3782)
(-0.5167)
G4(0.2123)
(-0.3145)
(0.3539)
A1(-5.0152)
(9.7429)
(2.3040)
A2(1.0918)
(9.3853)
(0.9290)
A3(-1.6041)
(6.6702)
(-9.1746)
A4(0.3926)
(9.5050)
(-3.5674)
G1(2.3663)
(-0.3884)
(1.1456)
G2(-0.6050)
(-0.6407)
(0.0708)
G3(-4.5118)
(-0.2719)
(0.6763)
G4(0.2538)
(-0.4353)
(0.5433)
