A1(-1.6526)
(8.2532)
(3.2908)
A2(2.5091)
(8.8442)
(0.5219)
A3(-2.4660)
(10.4196)
(-0.0910)
A4(0.0096)
(8.1738)
(-6.8187)
G1(-1.4862)
(-0.4555)
(-0.5209)
G2(0.0878)
(-0.0867)
(-0.0660)
G3(0.5124)
(-0.5321)
(0.2054)
G4(-0.0447)
(-0.4028)
(0.1873)
A1(-2.6154)
(6.2654)
(4.8810)
A2(2.8347)
(10.0892)
(-0.3639)
A3(-2.2410)
(8.8969)
(-4.5250)
A4(0.4980)
(8.1068)
(-6.7947)
G1(-1.6841)
(-3.0634)
(-0.7599)
G2(0.0410)
(-0.3129)
(0.0357)
G3(0.2357)
(-2.1412)
(1.2494)
G4(-0.1304)
(-0.6284)
(0.3134)
A1(0.0431)
(7.1324)
(8.8137)
A2(1.0582)
(9.4427)
(1.1779)
A3(2.1548)
(8.4276)
(-1.7526)
A4(-1.2594)
(9.6486)
(-2.5379)
G1(0.3927)
(-2.9367)
(-0.0250)
G2(0.2543)
(-1.4229)
(-0.1346)
G3(0.0867)
(-3.2209)
(2.5483)
G4(0.3081)
(-1.0568)
(0.6061)
A1(-7.9994)
(9.3741)
(7.0461)
A2(1.3168)
(9.5385)
(0.8140)
A3(-13.3213)
(13.1777)
(0.4884)
A4(2.3655)
(20.0730)
(1.7861)
G1(1.9055)
(3.0283)
(-0.7923)
G2(0.6795)
(-2.0502)
(0.0851)
G3(-1.1403)
(-8.2009)
(3.3912)
G4(2.0800)
(-1.2239)
(1.6373)
A1(-6.7971)
(7.5299)
(2.9076)
A2(0.2394)
(9.1698)
(1.5036)
A3(-0.7326)
(8.6000)
(0.8428)
A4(-6.5984)
(14.1497)
(-9.7061)
G1(2.2136)
(-5.8830)
(-0.0772)
G2(-0.2549)
(-1.6107)
(0.2480)
G3(0.0282)
(-0.3704)
(0.5763)
G4(1.6139)
(-1.4202)
(3.7737)
A1(3.7985)
(9.5034)
(3.4728)
A2(4.6783)
(5.3343)
(9.5146)
A3(3.0119)
(7.0533)
(-8.8921)
A4(-21.3946)
(13.7810)
(-25.5078)
G1(1.6325)
(-5.2897)
(-0.6630)
G2(-3.6514)
(-3.0942)
(1.5979)
G3(-0.3390)
(-1.4069)
(0.8285)
G4(-1.1185)
(-0.2171)
(3.9179)
A1(11.4242)
(11.4338)
(8.6029)
A2(1.8292)
(15.1601)
(7.2975)
A3(3.9456)
(8.7149)
(-3.8786)
A4(-0.8619)
(0.5171)
(-15.9741)
G1(2.2806)
(-9.1550)
(-1.2781)
G2(-7.2591)
(-6.2869)
(-0.9078)
G3(-0.4997)
(-1.8438)
(0.2309)
G4(-0.3469)
(3.3816)
(7.4379)
A1(-8.6125)
(5.8438)
(-2.8405)
A2(5.6886)
(18.7849)
(14.2982)
A3(12.2918)
(7.7668)
(8.4084)
A4(-3.5865)
(-4.2665)
(-5.7748)
G1(3.2379)
(-7.3581)
(-0.1352)
G2(-7.2798)
(-2.8601)
(-0.6987)
G3(-1.0158)
(-10.4613)
(3.3034)
G4(-0.6050)
(5.2174)
(5.6356)
A1(-2.6776)
(8.2149)
(9.5465)
A2(1.6616)
(8.2744)
(10.5967)
A3(-7.1778)
(5.6312)
(3.7589)
A4(-3.2896)
(-7.5465)
(-0.6177)
G1(0.2788)
(-3.0788)
(-0.2341)
G2(-3.8759)
(-8.2211)
(1.2936)
G3(-3.6200)
(-6.9914)
(3.8041)
G4(-2.9043)
(1.5437)
(6.0522)
A1(-10.3656)
(6.9599)
(0.9484)
A2(-3.1029)
(2.2266)
(-2.1979)
A3(8.6718)
(10.2089)
(7.4555)
A4(-10.1562)
(53.4194)
(-40.7493)
G1(-0.5545)
(-1.7964)
(-0.1804)
G2(0.2139)
(-1.8459)
(0.9285)
G3(-1.6985)
(-4.0095)
(0.2118)
G4(4.6714)
(1.0131)
(0.8317)
A1(0.3066)
(10.3369)
(-0.2299)
A2(15.2080)
(3.5913)
(-7.5082)
A3(-3.5386)
(13.0101)
(-4.4772)
A4(3.8403)
(10.0940)
(-3.9025)
G1(-0.3209)
(0.0803)
(-0.1681)
G2(0.6018)
(-2.5637)
(-0.0825)
G3(0.1644)
(-0.2022)
(-0.2139)
G4(-5.6388)
(1.5399)
(-1.8901)
A1(-1.9831)
(9.4699)
(0.6275)
A2(3.3806)
(-0.5986)
(-6.9336)
A3(-1.3312)
(9.1363)
(-5.1140)
A4(5.8897)
(-4.8315)
(-5.0039)
G1(-0.0995)
(0.2182)
(-0.2804)
G2(-2.4211)
(3.9610)
(-1.4761)
G3(0.2990)
(0.2230)
(-0.1995)
G4(0.1793)
(-2.4631)
(-0.6045)
A1(-1.2023)
(9.6328)
(0.3736)
A2(6.2776)
(-0.8811)
(1.1205)
A3(2.7294)
(8.9878)
(-2.4900)
A4(6.5553)
(-2.6384)
(-5.6551)
G1(0.0154)
(0.1123)
(-0.0186)
G2(-1.2691)
(-2.1428)
(-1.7107)
G3(0.0639)
(0.2315)
(-0.1394)
G4(0.1000)
(-1.9928)
(-1.9092)
A1(-1.5951)
(8.3730)
(1.1065)
A2(12.6318)
(1.2306)
(-2.1356)
A3(2.6145)
(8.3222)
(-4.2425)
A4(1.5131)
(-3.4716)
(-6.7038)
G1(0.5018)
(0.8210)
(-0.0612)
G2(-0.6880)
(2.7441)
(-1.1164)
G3(-0.2267)
(-0.2767)
(0.0229)
G4(-2.6223)
(-3.6514)
(-1.6660)
A1(-2.5339)
(10.1597)
(1.5280)
A2(6.8570)
(3.8403)
(1.1061)
A3(-2.1787)
(9.5193)
(-0.6129)
A4(0.5076)
(1.5897)
(-10.0556)
G1(-0.9280)
(1.7235)
(-0.2187)
G2(0.0330)
(2.3562)
(-1.3627)
G3(-0.2655)
(2.4600)
(-0.6816)
G4(-4.2659)
(-2.1721)
(-0.9227)
A1(-0.5173)
(12.5499)
(-0.3257)
A2(9.5193)
(5.8083)
(-0.5459)
A3(0.5028)
(8.9495)
(-3.2130)
A4(1.9393)
(3.5338)
(-11.3485)
G1(-0.1346)
(1.0073)
(0.2086)
G2(-0.2985)
(1.5953)
(-2.2040)
G3(0.3954)
(0.9951)
(-0.2091)
G4(-3.1033)
(0.4502)
(-0.8136)
A1(0.0623)
(8.8951)
(0.4886)
A2(5.4923)
(8.3222)
(4.4532)
A3(1.2977)
(9.2847)
(-4.8363)
A4(-0.6800)
(12.2104)
(-7.0390)
G1(-0.0899)
(1.6176)
(-0.5949)
G2(0.3826)
(0.3416)
(-2.1716)
G3(-0.0341)
(0.1783)
(-0.1687)
G4(-2.5366)
(-1.7501)
(0.8035)
A1(-0.7377)
(10.1740)
(-0.2730)
A2(7.2496)
(9.0118)
(3.0885)
A3(0.8236)
(9.7157)
(-1.2833)
A4(4.5250)
(17.9469)
(-6.7660)
G1(-0.8647)
(-0.3523)
(-0.0617)
G2(1.7874)
(-0.5199)
(-1.8251)
G3(0.1171)
(-0.0873)
(-0.2815)
G4(0.2235)
(-1.6171)
(0.1602)
A1(-2.5531)
(11.1225)
(1.0778)
A2(3.7828)
(8.2025)
(1.1588)
A3(1.7047)
(9.3278)
(-2.8443)
A4(2.7869)
(8.2504)
(-5.9137)
G1(0.0245)
(0.0670)
(-0.4853)
G2(1.2952)
(-0.4225)
(-1.3973)
G3(0.3805)
(0.1942)
(-0.4512)
G4(-0.3523)
(-0.8274)
(-0.2953)
A1(-4.0620)
(9.0819)
(-0.1772)
A2(5.3199)
(13.2495)
(-1.8100)
A3(0.2729)
(8.6718)
(-5.6168)
A4(1.2881)
(9.7061)
(-4.2138)
G1(1.7251)
(0.5880)
(-0.6705)
G2(1.2106)
(2.0247)
(-0.6540)
G3(0.1767)
(-0.1272)
(-0.4677)
G4(-0.5502)
(-0.6119)
(-0.3219)
