A1(1.4370)
(4.8236)
(5.7672)
A2(1.2019)
(9.1171)
(-0.8236)
A3(-2.3224)
(10.4483)
(0.0670)
A4(2.2075)
(8.5904)
(-5.1667)
G1(-2.4339)
(0.1314)
(0.4869)
G2(0.0021)
(0.9046)
(0.0436)
G3(0.7652)
(-0.3517)
(0.3443)
G4(0.1804)
(-0.1160)
(0.0495)
A1(-0.7137)
(8.1143)
(1.8106)
A2(3.8930)
(8.9830)
(-0.7135)
A3(-7.9966)
(8.5186)
(-5.7126)
A4(-1.4269)
(8.8873)
(-6.1387)
G1(0.2751)
(-2.3668)
(-0.9951)
G2(-0.2469)
(-0.3815)
(0.1309)
G3(0.4385)
(-2.4349)
(1.8672)
G4(0.6630)
(-0.6226)
(0.3150)
A1(-9.6711)
(11.5009)
(9.8866)
A2(4.0893)
(8.9112)
(1.3695)
A3(16.2614)
(4.2665)
(5.4300)
A4(-0.0335)
(17.2239)
(4.5203)
G1(1.8709)
(-2.5983)
(0.6694)
G2(-0.6199)
(-1.6889)
(0.0889)
G3(-2.2652)
(-6.3641)
(4.6139)
G4(1.4378)
(-2.6111)
(1.6581)
A1(13.4408)
(12.9762)
(-2.3327)
A2(-0.7614)
(12.0907)
(1.5610)
A3(-12.2823)
(5.5545)
(20.1065)
A4(-7.6184)
(21.9692)
(-8.2744)
G1(2.1386)
(-3.3470)
(1.2074)
G2(0.2884)
(-2.6180)
(0.2730)
G3(0.6167)
(8.1892)
(-1.3047)
G4(4.1659)
(-2.2508)
(4.4719)
A1(9.6519)
(14.1641)
(2.6537)
A2(4.2377)
(6.6702)
(10.0940)
A3(3.0071)
(10.0652)
(2.2362)
A4(-39.5714)
(11.4156)
(-25.0912)
G1(1.0147)
(-4.5315)
(-0.6832)
G2(-4.0637)
(-5.2700)
(1.7347)
G3(-0.2373)
(-2.1221)
(0.6891)
G4(1.1185)
(1.0115)
(6.1156)
A1(9.3645)
(10.6147)
(13.8911)
A2(0.6608)
(33.2555)
(3.5147)
A3(8.2265)
(8.7245)
(-4.1755)
A4(-4.2904)
(-1.9441)
(-13.8241)
G1(2.0524)
(-9.3897)
(-1.6623)
G2(-7.9705)
(-6.4726)
(-1.1291)
G3(-0.5704)
(-1.3478)
(-0.2437)
G4(1.6421)
(6.0358)
(6.2454)
A1(-24.2903)
(2.5339)
(-10.4902)
A2(4.7214)
(19.0100)
(14.9494)
A3(18.3156)
(7.6662)
(3.3279)
A4(-1.1253)
(-4.7405)
(-5.6599)
G1(3.3592)
(-6.3077)
(-1.3260)
G2(-9.0065)
(-5.6069)
(-1.2159)
G3(-0.8195)
(-10.5108)
(4.5288)
G4(-1.0121)
(7.1053)
(2.9963)
A1(2.9028)
(12.3679)
(10.9021)
A2(1.7095)
(10.2951)
(11.4634)
A3(-5.7509)
(8.3558)
(0.9864)
A4(1.7142)
(-4.2713)
(-2.7198)
G1(-0.2347)
(-1.7480)
(0.1160)
G2(-3.2416)
(-8.8810)
(1.5947)
G3(-3.0421)
(-5.7990)
(2.0247)
G4(-4.7502)
(2.3785)
(4.2356)
A1(-4.5505)
(7.6593)
(1.5951)
A2(-4.7118)
(3.4907)
(-9.7252)
A3(-12.6031)
(13.3644)
(1.9776)
A4(-8.7388)
(-18.8041)
(25.8765)
G1(-0.1453)
(-1.1579)
(-0.0543)
G2(-0.3315)
(-1.4766)
(3.4784)
G3(-0.7396)
(-2.7680)
(-0.1075)
G4(6.6418)
(-11.2143)
(-5.8320)
A1(-1.6717)
(10.2076)
(1.1640)
A2(6.7325)
(1.5036)
(2.9784)
A3(0.6560)
(11.0660)
(-1.2402)
A4(7.5609)
(-1.3695)
(-6.7660)
G1(-0.0782)
(-0.0277)
(-0.2304)
G2(0.5193)
(-3.2986)
(1.3058)
G3(0.2522)
(0.8226)
(-0.3065)
G4(3.2060)
(-0.5571)
(-0.9147)
A1(-3.4057)
(10.2124)
(-0.1054)
A2(-3.1987)
(4.7453)
(-5.6790)
A3(-2.1979)
(10.0317)
(-2.3415)
A4(7.1970)
(-9.7636)
(-2.8252)
G1(0.1064)
(0.2857)
(-0.1873)
G2(-1.7735)
(3.1969)
(-0.1495)
G3(0.3342)
(0.9472)
(-0.3368)
G4(0.6593)
(-3.8105)
(-1.8762)
A1(-2.4333)
(8.8951)
(-0.3832)
A2(7.3215)
(2.7342)
(-1.3503)
A3(2.6432)
(9.2081)
(-4.2760)
A4(6.5362)
(-5.4636)
(-6.7660)
G1(0.4087)
(0.3698)
(-0.2363)
G2(-0.6215)
(-1.3196)
(-1.7624)
G3(0.2230)
(0.5353)
(-0.1426)
G4(-1.7980)
(-3.3603)
(-1.5740)
A1(-1.1161)
(8.6125)
(-0.5556)
A2(11.6310)
(3.7110)
(-1.3743)
A3(0.7997)
(9.5289)
(-3.3088)
A4(3.3615)
(0.5363)
(-11.1474)
G1(0.0559)
(0.9136)
(-0.2666)
G2(1.0908)
(4.1622)
(-2.3402)
G3(0.0984)
(0.7040)
(-0.2118)
G4(-3.9999)
(-2.3695)
(-1.5426)
A1(-2.4094)
(10.1932)
(-0.2922)
A2(9.2991)
(4.4149)
(0.1867)
A3(0.9290)
(8.8681)
(-3.1029)
A4(5.8754)
(5.2289)
(-10.9894)
G1(-0.1963)
(2.3317)
(-0.0032)
G2(0.5428)
(0.6577)
(-2.4488)
G3(0.1378)
(1.2324)
(-0.3624)
G4(-2.7196)
(-0.7551)
(-0.8791)
A1(0.9197)
(9.3789)
(-0.0910)
A2(9.8689)
(7.2209)
(1.2833)
A3(1.6089)
(8.5377)
(-3.5961)
A4(4.6735)
(6.5457)
(-10.3190)
G1(-0.1453)
(2.0029)
(-0.0426)
G2(0.6055)
(1.8379)
(-2.4142)
G3(0.0521)
(1.6708)
(-0.5507)
G4(-2.9644)
(-0.4411)
(-0.7577)
A1(1.0730)
(9.7717)
(-1.4753)
A2(9.1506)
(8.2648)
(-0.1437)
A3(-0.8045)
(8.4228)
(-3.8499)
A4(4.1994)
(9.5241)
(-7.7428)
G1(-0.3964)
(0.8599)
(-0.3560)
G2(1.2175)
(1.2334)
(-1.7602)
G3(-0.1378)
(1.1047)
(-0.5305)
G4(-2.3764)
(-0.9530)
(0.3363)
A1(-1.2694)
(10.1597)
(0.8670)
A2(6.2201)
(8.1451)
(1.5323)
A3(0.7326)
(9.3422)
(-1.3264)
A4(5.0278)
(10.7691)
(-6.3255)
G1(-0.5103)
(0.5018)
(-0.3852)
G2(1.2957)
(0.8583)
(-1.0919)
G3(0.3230)
(0.7221)
(-0.4613)
G4(1.2856)
(-1.4133)
(0.5092)
A1(-1.1592)
(10.9165)
(-0.6514)
A2(5.3056)
(7.5178)
(0.8380)
A3(2.3176)
(7.0102)
(-3.9648)
A4(2.3798)
(10.1514)
(-1.7430)
G1(-0.2112)
(0.4060)
(-0.5454)
G2(1.7049)
(0.6316)
(-0.6226)
G3(0.4193)
(0.0484)
(-0.3267)
G4(-0.5114)
(0.1187)
(-0.4555)
A1(-3.4440)
(8.9813)
(0.4311)
A2(4.4580)
(9.9982)
(-1.0630)
A3(1.7190)
(7.8386)
(-5.4396)
A4(4.4388)
(11.4395)
(-6.6846)
G1(0.0713)
(0.0968)
(-0.2788)
G2(1.4958)
(0.6875)
(-0.1421)
G3(0.0431)
(-0.1235)
(-0.4938)
G4(-0.4816)
(-0.1623)
(-0.4752)
A1(-3.0129)
(10.1597)
(3.6452)
A2(1.7909)
(9.3948)
(-1.5897)
A3(0.2442)
(9.1123)
(-4.8315)
A4(-1.7573)
(10.0317)
(-3.3854)
G1(1.3164)
(0.7492)
(-0.8833)
G2(0.0170)
(0.3012)
(-0.7045)
G3(-0.2395)
(0.0367)
(-0.4087)
G4(-0.3113)
(-0.6790)
(-0.3038)
