A1(-3.5063)
(7.9131)
(2.0645)
A2(2.0063)
(9.0453)
(0.4836)
A3(-1.9106)
(9.4188)
(-2.5522)
A4(-0.1006)
(8.1882)
(-6.2680)
G1(-0.6497)
(-0.1181)
(0.4619)
G2(-0.2033)
(0.2921)
(-0.0452)
G3(0.2804)
(0.1256)
(-0.0181)
G4(0.1501)
(0.0394)
(-0.0144)
A1(-3.8991)
(8.3059)
(3.4297)
A2(2.7150)
(9.0166)
(0.9673)
A3(-2.4373)
(10.0317)
(-2.2745)
A4(1.1061)
(8.5712)
(-4.9752)
G1(-1.0174)
(-1.6240)
(-0.4816)
G2(-0.2788)
(0.0628)
(-0.0341)
G3(0.3890)
(-0.3805)
(0.3863)
G4(0.1857)
(-0.3187)
(0.0702)
A1(1.5376)
(8.7179)
(3.0896)
A2(3.0694)
(9.9934)
(1.8866)
A3(-6.3686)
(9.0692)
(-4.3958)
A4(-2.3320)
(6.6080)
(-7.7764)
G1(-0.0250)
(-1.2473)
(-2.0470)
G2(-0.2171)
(0.1362)
(0.0000)
G3(0.4885)
(-0.8173)
(1.0914)
G4(0.4129)
(-0.6768)
(0.4262)
A1(-10.0782)
(6.4618)
(7.9131)
A2(2.7342)
(8.5138)
(1.7765)
A3(10.1658)
(7.7237)
(6.1675)
A4(2.0111)
(14.9159)
(-2.3224)
G1(1.5580)
(-4.0478)
(-1.0270)
G2(-0.8881)
(-3.0660)
(0.1447)
G3(-2.4898)
(-6.7632)
(5.1780)
G4(0.8769)
(-1.2489)
(1.6112)
A1(-4.4499)
(1.9016)
(-1.8250)
A2(-0.2107)
(12.3493)
(3.4620)
A3(-3.9169)
(1.5036)
(-1.5514)
A4(-12.5839)
(20.9924)
(-7.0102)
G1(-0.2453)
(-1.1675)
(-1.3867)
G2(0.2634)
(-2.8048)
(0.0830)
G3(0.5859)
(3.0160)
(1.1398)
G4(3.2443)
(-4.6943)
(5.5106)
A1(7.3958)
(16.5496)
(6.3085)
A2(-3.9456)
(8.6191)
(13.6805)
A3(3.6727)
(11.2192)
(-6.6128)
A4(-6.3207)
(-6.3829)
(-21.2174)
G1(2.3722)
(-6.2257)
(-1.1669)
G2(-6.6525)
(-3.9930)
(-0.5827)
G3(-0.4464)
(-1.4601)
(0.4161)
G4(0.7450)
(4.4229)
(6.3109)
A1(9.8675)
(3.8081)
(8.4065)
A2(-3.4285)
(12.4929)
(21.2270)
A3(10.6303)
(9.0022)
(-3.2561)
A4(-5.2768)
(-2.6719)
(-10.8266)
G1(-0.2182)
(-9.1305)
(-2.0827)
G2(-7.2921)
(-5.4776)
(2.0220)
G3(-1.0222)
(-4.3564)
(0.7354)
G4(0.9578)
(6.4896)
(6.9850)
A1(-10.2507)
(7.0940)
(1.9783)
A2(16.6972)
(8.2504)
(9.1602)
A3(5.1427)
(6.5362)
(9.3230)
A4(-5.1188)
(-7.4795)
(-2.8587)
G1(1.1153)
(0.7109)
(0.3868)
G2(-4.4479)
(-7.8646)
(-0.2900)
G3(-2.6542)
(-10.6433)
(4.2463)
G4(-3.9632)
(5.0162)
(3.6428)
A1(-7.4820)
(9.8771)
(2.2226)
A2(-10.2711)
(14.1545)
(9.6438)
A3(-4.7645)
(21.3611)
(-2.6145)
A4(23.9277)
(12.8952)
(-35.5826)
G1(0.8498)
(-1.7278)
(0.0772)
G2(0.0144)
(-6.5386)
(3.2395)
G3(-0.4768)
(-1.3846)
(-1.4000)
G4(2.5919)
(-0.1948)
(3.6343)
A1(-2.6441)
(10.5572)
(2.1890)
A2(16.7977)
(-4.4341)
(-6.5218)
A3(-8.8969)
(12.9383)
(1.1684)
A4(8.1594)
(10.0940)
(4.3048)
G1(-0.1836)
(0.6582)
(0.0612)
G2(0.5726)
(3.0538)
(-0.9482)
G3(-0.5550)
(-1.5027)
(-0.1490)
G4(-12.2476)
(8.1179)
(-5.8309)
A1(-1.2502)
(9.2879)
(1.3077)
A2(-8.1307)
(3.2130)
(-14.4658)
A3(0.4070)
(8.1355)
(-4.1084)
A4(6.6559)
(-3.2705)
(-3.6296)
G1(-0.3028)
(0.3986)
(-0.1916)
G2(-2.6861)
(3.6992)
(-0.6955)
G3(0.2634)
(0.6215)
(-0.2682)
G4(0.6146)
(-1.8794)
(-0.2522)
A1(-2.2657)
(9.7908)
(0.6658)
A2(-2.8443)
(-0.8475)
(4.8507)
A3(1.2929)
(8.7484)
(-3.2178)
A4(9.6534)
(-4.6495)
(-3.6966)
G1(0.3714)
(0.8732)
(-0.1469)
G2(-1.0520)
(-3.3858)
(-0.7386)
G3(0.4523)
(0.9998)
(-0.3060)
G4(1.5708)
(-1.3979)
(-0.6465)
A1(-2.7303)
(9.1059)
(1.9879)
A2(19.0722)
(2.4134)
(-6.2058)
A3(2.5043)
(8.0685)
(-6.2393)
A4(8.2408)
(-3.8164)
(-4.7932)
G1(0.2565)
(0.9887)
(-0.0835)
G2(-0.4555)
(1.9709)
(-0.6891)
G3(0.0298)
(1.0296)
(-0.3528)
G4(-0.8077)
(-2.1040)
(-1.9103)
A1(0.8814)
(10.7488)
(0.5173)
A2(7.4364)
(1.6137)
(1.8531)
A3(-0.3543)
(10.4914)
(-2.2841)
A4(6.7181)
(-1.4413)
(-4.9656)
G1(0.1027)
(1.0014)
(0.1697)
G2(0.1229)
(1.7751)
(-0.6646)
G3(0.2522)
(0.8131)
(-0.3124)
G4(-2.0832)
(-2.1657)
(-1.7597)
A1(-1.6861)
(9.4460)
(0.1006)
A2(11.4682)
(1.5658)
(-0.2825)
A3(6.7852)
(7.5705)
(-2.9257)
A4(1.1013)
(2.6911)
(-7.7428)
G1(0.2442)
(0.3437)
(0.2192)
G2(-0.2464)
(1.1201)
(-0.2214)
G3(0.4150)
(0.9349)
(-0.4071)
G4(-2.4663)
(-1.4394)
(-0.9429)
A1(-1.1640)
(10.4614)
(-0.3976)
A2(9.2560)
(2.1596)
(-1.4844)
A3(-1.7957)
(8.1690)
(-4.5873)
A4(2.5618)
(3.9409)
(-10.7260)
G1(0.2533)
(0.5747)
(0.0346)
G2(0.8908)
(1.2377)
(-1.6916)
G3(0.3022)
(0.8657)
(-0.3416)
G4(-1.6969)
(-1.8060)
(0.2235)
A1(-1.3460)
(10.1453)
(-0.6179)
A2(6.2393)
(4.1132)
(2.6384)
A3(1.4461)
(9.5577)
(-3.9169)
A4(7.7955)
(7.8865)
(-9.6965)
G1(0.0894)
(0.4789)
(0.1240)
G2(1.6591)
(-0.1830)
(-2.2370)
G3(0.2123)
(1.1584)
(-0.4145)
G4(-2.9538)
(-1.4457)
(0.2831)
A1(-3.0513)
(9.6998)
(-0.7999)
A2(10.4675)
(8.4084)
(0.3496)
A3(2.3559)
(8.2983)
(-4.7932)
A4(0.6560)
(-1.4461)
(0.3065)
G1(0.1548)
(0.6316)
(0.0426)
G2(2.3227)
(0.5305)
(-2.2402)
G3(0.1176)
(0.5853)
(-0.3065)
G4(1.3431)
(-1.1068)
(-0.7466)
A1(-0.8909)
(9.7429)
(1.2310)
A2(5.5162)
(7.9487)
(0.0144)
A3(1.7526)
(8.5808)
(-3.1987)
A4(-1.6041)
(8.2265)
(-10.3669)
G1(-0.3129)
(2.4951)
(-0.2198)
G2(1.6128)
(-0.9647)
(-1.3154)
G3(-0.1341)
(0.5795)
(-0.2485)
G4(-0.1325)
(-0.7482)
(-0.4534)
A1(-1.8633)
(9.7477)
(-3.2716)
A2(3.1268)
(5.0326)
(0.8571)
A3(0.2107)
(11.5353)
(-2.6193)
A4(2.9975)
(9.7205)
(-5.4157)
G1(0.3491)
(0.3666)
(-0.3576)
G2(0.0106)
(1.8959)
(-0.8540)
G3(0.2214)
(0.9328)
(-0.1687)
G4(-1.7086)
(0.8892)
(-0.6822)
