A1(-2.6202)
(7.0078)
(2.8980)
A2(2.7198)
(9.3087)
(-0.6656)
A3(-5.2577)
(11.5544)
(-0.1437)
A4(0.6416)
(9.2703)
(-3.9552)
G1(-1.5857)
(-1.7113)
(-1.0451)
G2(0.0841)
(-0.2437)
(0.0117)
G3(0.9754)
(-0.8493)
(0.6508)
G4(0.3757)
(-0.3906)
(0.1655)
A1(-1.3843)
(7.2042)
(3.5350)
A2(2.8060)
(8.6335)
(-0.6656)
A3(-2.1835)
(8.5712)
(-3.8451)
A4(-1.9201)
(8.1163)
(-6.5793)
G1(0.5076)
(-2.3189)
(-0.7279)
G2(-0.1016)
(-0.7497)
(0.0729)
G3(0.4954)
(-1.9215)
(1.4362)
G4(0.6433)
(-0.6188)
(0.4842)
A1(-10.4088)
(6.2318)
(8.9765)
A2(0.5459)
(8.9878)
(1.2689)
A3(6.3207)
(5.3151)
(2.4517)
A4(8.2408)
(14.6142)
(2.3080)
G1(0.5646)
(-2.4573)
(0.7875)
G2(-0.4581)
(-1.5500)
(0.2155)
G3(-2.8878)
(-5.3531)
(3.7477)
G4(1.7145)
(-2.1364)
(2.2753)
A1(6.7252)
(8.4688)
(-1.9687)
A2(-0.0958)
(11.4060)
(-1.6616)
A3(-1.0534)
(6.9671)
(2.2075)
A4(-5.6312)
(19.5175)
(-6.4212)
G1(1.2031)
(-0.4310)
(0.4331)
G2(0.6497)
(-1.3542)
(0.2879)
G3(1.8565)
(3.9148)
(-1.9864)
G4(2.1875)
(-0.4411)
(2.7265)
A1(7.9946)
(12.3200)
(2.6154)
A2(2.3463)
(10.4962)
(8.1690)
A3(1.5131)
(5.8466)
(-5.1906)
A4(-38.3791)
(26.2069)
(-21.0355)
G1(1.5623)
(-4.7677)
(-0.7710)
G2(-0.9488)
(-3.5077)
(2.5696)
G3(0.6502)
(0.4076)
(0.2873)
G4(1.4878)
(-3.2767)
(5.4536)
A1(5.9109)
(8.9286)
(7.1132)
A2(-4.9752)
(4.2425)
(8.5617)
A3(2.6671)
(7.6998)
(-4.2904)
A4(-9.8928)
(-2.4852)
(-25.7425)
G1(1.9816)
(-6.5349)
(-1.6176)
G2(-7.3730)
(-1.3686)
(1.7432)
G3(0.0915)
(-1.1632)
(0.6018)
G4(0.2102)
(3.0272)
(5.0918)
A1(5.8534)
(2.0166)
(19.8116)
A2(7.0150)
(10.7452)
(23.6260)
A3(5.5162)
(8.4851)
(-4.4867)
A4(-11.0373)
(-5.1140)
(-12.5743)
G1(-0.6625)
(-8.5707)
(-2.8143)
G2(-7.5810)
(-6.1193)
(0.4257)
G3(-0.2927)
(-3.1411)
(0.9200)
G4(3.0985)
(7.2117)
(6.8371)
A1(-1.8729)
(16.1808)
(26.4123)
A2(17.3244)
(10.5345)
(10.2137)
A3(23.3578)
(6.8953)
(-1.5036)
A4(-4.3527)
(-7.4172)
(0.0192)
G1(3.0277)
(0.0814)
(-2.0678)
G2(-5.9857)
(-6.4588)
(-1.5405)
G3(-1.7671)
(-9.4078)
(7.2415)
G4(-3.8908)
(6.6833)
(3.5274)
A1(-4.6799)
(4.0045)
(-1.7005)
A2(-4.7597)
(12.9861)
(9.2560)
A3(-25.7377)
(36.5738)
(-6.5457)
A4(2.7198)
(10.2424)
(-8.0062)
G1(1.0233)
(-0.8535)
(1.0328)
G2(-1.6809)
(-8.2749)
(2.3136)
G3(-2.2812)
(-2.6308)
(-0.2900)
G4(-4.6038)
(2.1540)
(4.9071)
A1(-2.1076)
(7.0940)
(5.3265)
A2(1.7909)
(0.8428)
(-14.6812)
A3(-2.9401)
(9.2656)
(-6.6846)
A4(6.5410)
(9.2895)
(-2.1596)
G1(0.1171)
(0.1139)
(0.1282)
G2(-0.6034)
(0.0937)
(1.5165)
G3(-0.8402)
(-0.0580)
(-0.6662)
G4(-10.5720)
(4.8390)
(-6.6083)
A1(-3.1231)
(11.1895)
(2.1028)
A2(-2.3415)
(2.1644)
(3.1220)
A3(1.4988)
(8.7053)
(-1.9345)
A4(0.0335)
(-7.7476)
(1.8244)
G1(0.2575)
(0.9583)
(-0.2363)
G2(-1.9023)
(0.7918)
(0.3890)
G3(-0.0186)
(0.6024)
(-0.5071)
G4(2.4977)
(-3.2368)
(0.3927)
A1(-5.9636)
(7.3575)
(-0.5700)
A2(5.0661)
(-1.1013)
(3.1412)
A3(3.5961)
(8.9016)
(-4.1324)
A4(0.4980)
(-6.5505)
(-5.3917)
G1(0.4268)
(0.9445)
(0.2634)
G2(-0.8184)
(-1.2510)
(-1.2920)
G3(0.1314)
(0.8806)
(-0.3789)
G4(-5.9049)
(-6.4950)
(0.1346)
A1(-0.5652)
(9.8148)
(0.2299)
A2(13.9199)
(7.9583)
(0.5602)
A3(-2.5905)
(9.3757)
(-4.6160)
A4(2.7677)
(0.4070)
(-12.6222)
G1(0.0319)
(1.2654)
(-0.2879)
G2(0.0905)
(3.5795)
(-2.5621)
G3(0.1437)
(0.8285)
(-0.5151)
G4(-5.2339)
(-1.3431)
(-1.3638)
A1(0.5988)
(11.1033)
(2.1172)
A2(8.7867)
(4.2808)
(-2.1261)
A3(1.4700)
(9.0932)
(-3.4381)
A4(3.6200)
(3.6344)
(-14.8728)
G1(-0.3932)
(1.8087)
(-0.2969)
G2(1.0158)
(1.7123)
(-2.9687)
G3(0.0708)
(-0.3533)
(-0.1176)
G4(-3.6742)
(-1.0222)
(-0.6981)
A1(0.1868)
(9.2879)
(1.3412)
A2(8.2839)
(6.5314)
(2.3703)
A3(-0.2825)
(8.9735)
(-4.1994)
A4(-0.0144)
(13.7762)
(-8.0493)
G1(-0.5976)
(-0.4188)
(-0.1293)
G2(1.6038)
(1.8039)
(-2.9942)
G3(-0.0122)
(0.3560)
(-0.3842)
G4(-3.6024)
(-2.5983)
(1.9156)
A1(-2.3519)
(9.0149)
(0.7856)
A2(6.2584)
(9.5624)
(3.8355)
A3(1.5802)
(9.2416)
(-2.7246)
A4(0.4645)
(8.7867)
(-0.8906)
G1(-0.6880)
(-0.1873)
(-0.3049)
G2(1.9156)
(0.1905)
(-2.1263)
G3(0.2086)
(0.1144)
(-0.1830)
G4(-2.6739)
(-1.2712)
(0.3421)
A1(-2.8357)
(11.6590)
(2.2130)
A2(4.5921)
(6.4596)
(2.4756)
A3(1.6472)
(9.4284)
(-4.2329)
A4(4.4724)
(11.8944)
(-2.8587)
G1(-0.6667)
(0.4395)
(-0.3304)
G2(1.1887)
(-1.0701)
(-1.5751)
G3(0.3996)
(0.0165)
(-0.2261)
G4(-0.4023)
(-1.9433)
(0.2395)
A1(-5.7241)
(7.5587)
(1.7053)
A2(5.9664)
(15.8783)
(1.8387)
A3(1.1444)
(9.4906)
(-6.5505)
A4(-1.2594)
(10.0365)
(-3.1125)
G1(-0.1783)
(-0.8141)
(-0.0841)
G2(0.2815)
(1.8863)
(-0.4358)
G3(0.1612)
(-0.2198)
(-0.3688)
G4(-0.2277)
(-0.8195)
(-0.1660)
A1(-4.2775)
(8.2868)
(2.8357)
A2(3.3423)
(8.7149)
(-4.2904)
A3(-0.4597)
(7.8003)
(-4.2329)
A4(-0.6081)
(8.8585)
(-4.2090)
G1(-0.0069)
(0.8556)
(-0.1368)
G2(0.3230)
(-1.5681)
(-0.0149)
G3(-0.1852)
(0.0612)
(-0.5960)
G4(-0.0798)
(0.0809)
(-0.2203)
A1(-3.8033)
(9.1107)
(2.2034)
A2(-0.6847)
(8.4467)
(-1.2546)
A3(-1.5802)
(6.4260)
(-5.2768)
A4(-0.9912)
(9.2320)
(-3.9361)
G1(0.7024)
(0.2480)
(0.0011)
G2(0.2410)
(0.7710)
(-0.4869)
G3(-0.0122)
(0.3810)
(-0.5981)
G4(-0.1511)
(-0.1958)
(-0.0809)
