A1(-3.3387)
(8.1479)
(1.1448)
A2(2.2410)
(9.0309)
(-1.4317)
A3(-2.2889)
(9.4715)
(-2.3846)
A4(-0.3687)
(9.2416)
(-3.8595)
G1(-0.9110)
(-0.4432)
(0.2437)
G2(0.0101)
(0.0921)
(-0.0287)
G3(0.1719)
(-0.0383)
(0.0223)
G4(-0.0734)
(-0.0772)
(0.0442)
A1(-2.8213)
(9.4220)
(5.2930)
A2(1.9824)
(9.0932)
(-0.8811)
A3(-2.2458)
(10.6063)
(0.5219)
A4(0.4932)
(9.7348)
(-2.9305)
G1(-1.2584)
(-0.9094)
(-0.3225)
G2(0.1032)
(-0.3970)
(0.0543)
G3(0.5188)
(-0.3193)
(0.3656)
G4(0.3219)
(0.4007)
(-0.0128)
A1(-1.3412)
(7.7790)
(2.3950)
A2(1.6233)
(8.9926)
(-0.7230)
A3(-5.8371)
(9.7731)
(-3.7733)
A4(-0.3017)
(8.5712)
(-6.1770)
G1(-0.6699)
(-1.2648)
(-1.1142)
G2(-0.2214)
(-0.1921)
(0.1022)
G3(0.7726)
(-2.4275)
(1.3473)
G4(0.3246)
(-0.1878)
(0.0910)
A1(-3.8368)
(6.0163)
(7.9994)
A2(3.0742)
(9.8976)
(0.3543)
A3(11.2432)
(4.3000)
(-1.0439)
A4(1.3120)
(12.6366)
(-2.0590)
G1(0.2496)
(-2.9607)
(0.5992)
G2(-0.4555)
(-0.2868)
(0.1277)
G3(-1.2393)
(-4.8779)
(4.0989)
G4(1.3399)
(-1.1701)
(0.9711)
A1(-9.5322)
(9.8914)
(7.3048)
A2(1.3886)
(10.4818)
(-1.7286)
A3(1.4365)
(12.0524)
(8.1690)
A4(-4.1994)
(15.3899)
(5.1811)
G1(1.9603)
(0.5843)
(-0.3852)
G2(0.2772)
(-0.3837)
(0.0750)
G3(-2.7877)
(-9.0065)
(4.5522)
G4(2.0885)
(-2.1146)
(2.1689)
A1(-0.9532)
(11.5248)
(0.2826)
A2(0.0766)
(10.7117)
(4.5825)
A3(-3.8930)
(3.2465)
(-1.1349)
A4(-7.8865)
(18.2295)
(-8.7580)
G1(1.3122)
(-3.4263)
(0.2458)
G2(-0.5805)
(-2.2051)
(0.7035)
G3(0.7455)
(-0.9919)
(0.3214)
G4(2.7265)
(-2.8276)
(5.1562)
A1(4.1242)
(12.5834)
(2.6681)
A2(-0.3831)
(6.6415)
(9.4284)
A3(4.4628)
(9.6199)
(-7.9679)
A4(-31.1198)
(3.8259)
(-28.4383)
G1(1.4638)
(-5.0024)
(-0.1054)
G2(-3.6194)
(-3.7897)
(1.0717)
G3(0.1070)
(0.2810)
(0.3411)
G4(1.2675)
(2.1024)
(6.5301)
A1(13.6325)
(13.1343)
(14.8970)
A2(1.9441)
(17.5399)
(8.2217)
A3(6.3398)
(9.7923)
(-2.6959)
A4(-8.7819)
(-3.9265)
(-12.7132)
G1(1.2537)
(-8.4324)
(-1.9273)
G2(-7.8646)
(-7.3474)
(-0.3203)
G3(-0.5859)
(-1.8150)
(0.2017)
G4(2.2950)
(7.1064)
(6.7892)
A1(-19.4140)
(0.5748)
(-5.0966)
A2(13.5512)
(27.1933)
(13.2447)
A3(12.4929)
(9.3470)
(4.9416)
A4(-2.5953)
(-4.4867)
(-2.2410)
G1(0.7263)
(-8.6617)
(-1.4074)
G2(-7.8252)
(-3.4502)
(-1.4202)
G3(-0.7811)
(-8.9719)
(3.0384)
G4(-2.9043)
(6.7504)
(2.2663)
A1(-1.1065)
(19.7877)
(6.1839)
A2(0.3783)
(9.2560)
(9.2608)
A3(-4.8171)
(3.5434)
(-0.1628)
A4(0.8906)
(-2.5235)
(-1.1013)
G1(-0.0649)
(0.2975)
(0.7359)
G2(-3.2086)
(-8.7506)
(1.3106)
G3(-2.6052)
(-6.6386)
(2.8340)
G4(-6.5450)
(1.8406)
(4.8986)
A1(-4.9577)
(4.9529)
(2.3854)
A2(-6.0908)
(13.2591)
(6.7708)
A3(2.0111)
(12.3828)
(1.6807)
A4(-24.7129)
(26.5469)
(-61.5214)
G1(0.7827)
(-2.1428)
(-0.1176)
G2(-0.8796)
(-4.4804)
(2.1849)
G3(-0.6524)
(0.2575)
(-0.5938)
G4(5.0460)
(4.4304)
(4.5559)
A1(-0.7951)
(10.2890)
(0.1293)
A2(3.3950)
(-2.2122)
(-11.7843)
A3(-0.4214)
(8.8442)
(-1.1349)
A4(-2.5331)
(-0.3017)
(-6.8857)
G1(-0.2783)
(0.9402)
(0.0580)
G2(1.0988)
(-1.5995)
(0.2692)
G3(-0.3421)
(0.1825)
(-0.2512)
G4(-10.3076)
(1.6118)
(-2.6850)
A1(-1.3173)
(8.6939)
(-0.0048)
A2(-1.8340)
(0.7374)
(-7.1826)
A3(1.7526)
(8.0972)
(-5.6072)
A4(11.9997)
(0.2538)
(-5.7796)
G1(0.1777)
(1.1377)
(-0.1458)
G2(-0.5188)
(-0.8131)
(-0.5933)
G3(-0.1112)
(0.1708)
(-0.2458)
G4(1.4846)
(-2.6584)
(0.2198)
A1(-3.8464)
(10.0591)
(2.6681)
A2(6.7277)
(2.0207)
(-0.3065)
A3(0.5698)
(8.1642)
(-2.4277)
A4(9.0070)
(0.9673)
(-5.0135)
G1(-0.1000)
(1.9837)
(0.3092)
G2(-0.7125)
(-0.0681)
(-1.2749)
G3(-0.0915)
(0.8439)
(-0.3363)
G4(5.9394)
(-1.3473)
(4.8300)
A1(1.2694)
(12.0709)
(1.9400)
A2(13.3740)
(1.5275)
(-5.2433)
A3(-2.5474)
(8.2169)
(-6.3686)
A4(18.0236)
(-12.7419)
(3.9217)
G1(0.0580)
(1.1552)
(0.5454)
G2(-1.3803)
(1.2819)
(-1.4133)
G3(-0.0021)
(2.8574)
(-0.6614)
G4(3.3608)
(-1.2627)
(0.3650)
A1(-1.8298)
(8.4640)
(-0.0623)
A2(6.8714)
(5.0901)
(0.2586)
A3(3.3998)
(8.5952)
(-3.2609)
A4(4.7501)
(-5.3534)
(-2.0399)
G1(0.7290)
(1.1254)
(0.0271)
G2(-1.5043)
(3.4555)
(-0.3645)
G3(-0.3028)
(0.6902)
(-0.2261)
G4(-3.1762)
(-0.8562)
(-0.1602)
A1(0.7425)
(9.2639)
(-0.2108)
A2(17.4346)
(2.9353)
(0.2442)
A3(-0.2107)
(9.0309)
(-2.8299)
A4(4.5633)
(-4.9704)
(-2.1308)
G1(0.1799)
(0.7035)
(0.0867)
G2(-1.4920)
(3.5561)
(-0.1799)
G3(-0.3331)
(0.8902)
(-0.1501)
G4(-1.4431)
(-3.4539)
(-0.4081)
A1(0.1150)
(9.7094)
(0.3449)
A2(4.9512)
(0.4884)
(1.4892)
A3(0.8523)
(9.4810)
(-1.2689)
A4(5.1427)
(-4.4245)
(-4.1324)
G1(0.0521)
(1.1579)
(-0.0447)
G2(-1.1174)
(1.3564)
(-0.6619)
G3(-0.4848)
(0.0064)
(-0.0234)
G4(-6.4370)
(-4.5474)
(-2.2780)
A1(-0.1916)
(10.0160)
(-0.9245)
A2(9.4427)
(4.6208)
(2.8491)
A3(3.4285)
(10.1849)
(0.9481)
A4(-1.1157)
(1.9968)
(-10.5728)
G1(0.3767)
(0.2873)
(-0.4986)
G2(-0.3597)
(2.3636)
(-1.1238)
G3(0.0287)
(0.3799)
(-0.1490)
G4(-4.1350)
(-2.7776)
(-1.9842)
A1(-0.1102)
(8.5933)
(-0.8478)
A2(5.9472)
(3.6105)
(4.6495)
A3(2.9975)
(8.9687)
(-0.6752)
A4(-3.9361)
(8.7053)
(-10.0844)
G1(0.3001)
(0.1447)
(-0.3241)
G2(1.6261)
(1.9997)
(-1.1121)
G3(0.2208)
(0.9248)
(-0.3453)
G4(-3.3544)
(-0.6870)
(0.6582)
