A1(-3.4297)
(8.7466)
(-0.9149)
A2(2.9832)
(8.7724)
(2.6911)
A3(1.5658)
(8.0637)
(-5.2481)
A4(8.0972)
(9.8689)
(-2.2936)
G1(-0.1820)
(0.1772)
(0.0575)
G2(-0.0367)
(-0.0543)
(-0.0037)
G3(-0.0144)
(0.0750)
(-0.0351)
G4(0.6050)
(2.4179)
(-1.2020)
A1(-1.0634)
(10.2842)
(1.4514)
A2(4.0749)
(9.0740)
(2.4565)
A3(-1.1301)
(8.6718)
(-4.6783)
A4(-1.8148)
(8.4420)
(0.9673)
G1(-0.0059)
(1.8204)
(-0.3688)
G2(-0.8594)
(0.5922)
(0.0676)
G3(0.0756)
(0.0027)
(-0.1208)
G4(1.3510)
(5.7628)
(-3.5258)
A1(-0.5413)
(9.6519)
(0.2826)
A2(5.3486)
(9.1506)
(2.7198)
A3(0.7470)
(8.0828)
(-4.4915)
A4(2.7390)
(7.7907)
(1.6089)
G1(-0.5805)
(1.9837)
(-0.5454)
G2(-0.6960)
(0.8439)
(0.7652)
G3(0.1447)
(0.3906)
(-0.1591)
G4(0.5843)
(6.2082)
(-4.7225)
A1(-0.0862)
(14.3126)
(5.5085)
A2(-3.7254)
(6.1866)
(7.8721)
A3(-0.9146)
(11.9088)
(-0.1053)
A4(-3.3662)
(38.7190)
(-3.2992)
G1(-1.8023)
(1.9369)
(-0.9104)
G2(-0.8163)
(0.0639)
(1.0749)
G3(0.8370)
(0.7657)
(-0.3432)
G4(0.9940)
(-0.8876)
(0.6960)
A1(1.7579)
(5.5085)
(8.7897)
A2(2.1021)
(6.4500)
(7.8482)
A3(-1.4796)
(16.2901)
(-0.4741)
A4(-3.3088)
(4.2473)
(-7.0437)
G1(-4.0749)
(3.6780)
(-0.0740)
G2(-0.3986)
(5.6010)
(0.4315)
G3(2.1311)
(0.8226)
(-0.4842)
G4(0.8306)
(0.1974)
(-0.6343)
A1(-1.4274)
(13.9773)
(17.0765)
A2(7.6902)
(9.1315)
(12.2679)
A3(0.9337)
(21.8208)
(-0.2586)
A4(1.1396)
(10.0173)
(-7.1443)
G1(-8.3047)
(6.8855)
(0.9573)
G2(1.3510)
(0.2501)
(-0.4699)
G3(3.7487)
(3.8568)
(-3.1772)
G4(0.3262)
(2.2551)
(-1.1701)
A1(2.5148)
(18.3171)
(14.3031)
A2(-6.2728)
(12.0045)
(0.3352)
A3(15.6054)
(17.5016)
(-3.9744)
A4(-5.8610)
(9.4763)
(-6.1627)
G1(-9.0028)
(3.6253)
(-1.3186)
G2(1.5426)
(1.5671)
(0.4864)
G3(4.7800)
(4.9300)
(-6.4167)
G4(0.2661)
(1.8267)
(-0.5976)
A1(-5.9444)
(8.3538)
(11.1608)
A2(3.5338)
(12.7563)
(4.3431)
A3(13.9773)
(-8.6622)
(-27.4423)
A4(-4.9991)
(17.5687)
(-4.7980)
G1(-5.7761)
(7.2048)
(-0.1362)
G2(1.3846)
(4.4969)
(1.8262)
G3(-1.7054)
(-2.4972)
(-2.9660)
G4(0.8732)
(7.4448)
(-3.0570)
A1(2.6393)
(13.1870)
(9.3214)
A2(-4.3383)
(8.5617)
(3.9409)
A3(11.3485)
(3.9217)
(-18.4162)
A4(-3.8882)
(3.8642)
(-10.2951)
G1(-2.4653)
(8.8246)
(-1.0871)
G2(1.0701)
(4.1244)
(1.3069)
G3(3.0043)
(-4.4639)
(-8.8347)
G4(0.4273)
(10.1043)
(-5.4100)
A1(-7.6641)
(-1.0059)
(-38.4544)
A2(-6.0956)
(10.6159)
(16.4003)
A3(7.8195)
(-3.2513)
(1.6041)
A4(2.1787)
(23.8510)
(-1.4317)
G1(2.0556)
(2.7569)
(-2.1423)
G2(0.5491)
(9.0012)
(2.8303)
G3(2.8596)
(-8.1147)
(-6.8728)
G4(-1.3808)
(1.3739)
(-0.8046)
A1(-5.7145)
(-17.6082)
(3.1902)
A2(3.6919)
(7.0533)
(11.0038)
A3(9.2320)
(-16.0172)
(2.6288)
A4(2.6624)
(13.8337)
(-0.7997)
G1(1.0318)
(3.1411)
(-3.0511)
G2(-1.2781)
(11.6485)
(2.9027)
G3(-2.7457)
(-5.7016)
(-4.5820)
G4(-1.2898)
(3.1741)
(0.0516)
A1(-3.3818)
(3.1135)
(-0.0814)
A2(0.5507)
(9.9599)
(-0.8380)
A3(-16.1034)
(30.3106)
(-50.2639)
A4(1.2881)
(12.5791)
(1.5897)
G1(-1.5197)
(-8.7575)
(2.0960)
G2(2.0800)
(-1.6331)
(-0.5497)
G3(7.8801)
(3.0926)
(-5.1524)
G4(-0.7641)
(-0.9429)
(0.8141)
A1(-20.6067)
(3.6740)
(-0.3497)
A2(1.2019)
(7.0294)
(-0.3926)
A3(5.6264)
(-36.0519)
(7.5082)
A4(1.7478)
(10.1897)
(-0.1867)
G1(-0.7104)
(0.9615)
(2.2578)
G2(0.7338)
(2.3642)
(1.0536)
G3(-7.5044)
(0.0500)
(13.4555)
G4(-0.0048)
(0.9833)
(0.1128)
A1(-10.2986)
(8.8376)
(1.7100)
A2(-0.9481)
(14.4466)
(4.3239)
A3(-6.6224)
(-10.9942)
(-4.2713)
A4(1.6712)
(9.4954)
(-3.7781)
G1(-0.0756)
(-5.2541)
(3.0974)
G2(-0.2331)
(-1.7038)
(0.2900)
G3(-0.3672)
(4.7326)
(1.6554)
G4(0.0878)
(-1.4229)
(0.4087)
A1(-4.8284)
(6.7492)
(0.2156)
A2(-0.1772)
(5.4205)
(2.3607)
A3(1.0391)
(-4.7501)
(-5.2577)
A4(-0.5650)
(8.6191)
(-3.1939)
G1(0.0202)
(1.5006)
(1.9709)
G2(-0.1314)
(1.3058)
(0.1841)
G3(-4.3952)
(6.4822)
(0.2703)
G4(-0.1075)
(-1.8651)
(0.5720)
A1(-5.3696)
(8.0616)
(1.9927)
A2(1.1540)
(8.9399)
(1.0104)
A3(0.2346)
(0.5650)
(-11.4395)
A4(0.7614)
(9.1937)
(-4.5538)
G1(1.6666)
(-1.3361)
(1.4809)
G2(-0.3570)
(-1.2127)
(-0.0761)
G3(-5.3206)
(0.7386)
(-1.0451)
G4(0.1197)
(-1.3489)
(0.4315)
A1(-6.4953)
(8.7466)
(0.8335)
A2(0.3831)
(8.3175)
(1.5131)
A3(-0.4214)
(1.7478)
(-11.3054)
A4(-0.4022)
(8.3366)
(-5.9807)
G1(1.2771)
(-2.1423)
(1.6112)
G2(-0.1634)
(-0.8535)
(-0.3326)
G3(-4.5714)
(1.5830)
(-0.0351)
G4(0.0665)
(-0.2288)
(0.3342)
A1(-4.6128)
(8.2341)
(1.6238)
A2(0.7374)
(9.1028)
(1.2258)
A3(-3.7637)
(4.8554)
(-12.4594)
A4(1.2450)
(8.9064)
(-4.1132)
G1(2.2450)
(-0.3602)
(0.5768)
G2(-0.3735)
(-1.7634)
(-0.0245)
G3(-3.7588)
(0.4528)
(0.3070)
G4(0.0798)
(-0.3549)
(0.3916)
A1(-6.3803)
(8.1622)
(0.7089)
A2(-1.2498)
(10.6973)
(1.3168)
A3(-4.0079)
(10.1131)
(-8.5329)
A4(0.9720)
(9.3757)
(-3.5817)
G1(2.0577)
(-0.0218)
(0.8115)
G2(-0.0335)
(-0.7726)
(0.1708)
G3(-2.9963)
(1.7379)
(-0.6327)
G4(0.0628)
(-0.4768)
(0.5566)
A1(-5.1301)
(10.0016)
(-0.7664)
A2(1.2881)
(9.0788)
(1.4365)
A3(-3.0694)
(22.0314)
(-9.7300)
A4(1.5897)
(9.0166)
(-5.2146)
G1(2.7696)
(-2.2609)
(0.5417)
G2(-0.0516)
(-1.0025)
(0.2724)
G3(0.0713)
(-0.0580)
(0.7466)
G4(-0.0096)
(0.0921)
(0.4730)
