A1(-2.4238)
(9.6423)
(6.0498)
A2(2.0590)
(9.2799)
(0.0335)
A3(-0.4549)
(9.3374)
(-3.3279)
A4(0.7997)
(8.3270)
(-6.3829)
G1(-1.5304)
(0.3411)
(0.0851)
G2(-0.0835)
(0.2943)
(-0.0117)
G3(0.3235)
(0.2661)
(-0.0298)
G4(0.0117)
(-0.5263)
(0.2953)
A1(-3.5015)
(6.6677)
(5.6858)
A2(2.6193)
(9.5672)
(0.0766)
A3(-3.0933)
(9.4379)
(-4.8171)
A4(-0.5746)
(7.5322)
(-8.1068)
G1(-1.8358)
(-3.8967)
(-1.4372)
G2(-0.2921)
(-0.8322)
(-0.0867)
G3(0.4677)
(-1.7102)
(1.2510)
G4(-0.0176)
(-0.5816)
(0.3108)
A1(-0.0335)
(4.5122)
(10.8015)
A2(3.6105)
(9.0740)
(0.4262)
A3(12.1386)
(4.6974)
(-0.8906)
A4(-0.5794)
(10.9415)
(-2.1691)
G1(1.0770)
(-4.3947)
(-0.5635)
G2(-0.2363)
(-1.9220)
(0.0287)
G3(-1.2122)
(-5.4776)
(4.1393)
G4(0.5289)
(-1.1462)
(0.6902)
A1(1.9352)
(13.1295)
(6.3899)
A2(-0.4501)
(10.2855)
(2.0303)
A3(-14.7674)
(14.0731)
(-5.4253)
A4(-11.5927)
(32.6042)
(11.3150)
G1(1.9028)
(-1.1855)
(-0.9136)
G2(0.6524)
(-2.0614)
(-0.0782)
G3(-1.1212)
(-5.8351)
(2.8229)
G4(2.8825)
(-3.3959)
(3.8764)
A1(7.0988)
(12.3870)
(0.0096)
A2(0.3017)
(9.2225)
(3.6152)
A3(20.8439)
(11.1235)
(-1.2163)
A4(-5.6024)
(15.7395)
(-11.6215)
G1(2.1545)
(-4.6842)
(1.1185)
G2(0.4645)
(-2.3174)
(0.2724)
G3(2.1572)
(6.0522)
(-1.2286)
G4(2.7345)
(-1.4803)
(3.4428)
A1(4.2967)
(13.8624)
(3.3099)
A2(1.2498)
(11.4347)
(9.7971)
A3(9.2560)
(9.3470)
(-6.8857)
A4(-32.6090)
(20.6763)
(-25.4264)
G1(1.3404)
(-3.3768)
(-0.9120)
G2(-3.1054)
(-4.0707)
(1.7985)
G3(0.3565)
(-0.3443)
(0.1394)
G4(-0.8274)
(-0.7779)
(4.9540)
A1(16.1376)
(13.5702)
(14.8012)
A2(5.2816)
(22.6635)
(2.1979)
A3(9.1075)
(9.5481)
(-3.3088)
A4(-6.1052)
(1.8196)
(-18.2342)
G1(1.8081)
(-9.2151)
(-1.1909)
G2(-7.3495)
(-6.8658)
(-0.5135)
G3(-0.5124)
(-1.4825)
(-0.1176)
G4(2.2067)
(4.5959)
(9.4248)
A1(-7.7694)
(3.4824)
(11.6206)
A2(1.8387)
(22.8981)
(16.8504)
A3(12.0907)
(11.3485)
(3.1939)
A4(-3.2657)
(-4.8937)
(-1.2641)
G1(1.7522)
(-6.1480)
(0.8854)
G2(-7.8630)
(-4.0611)
(-0.5337)
G3(-1.0456)
(-9.4945)
(2.5387)
G4(1.5798)
(8.3164)
(4.4203)
A1(-2.2369)
(4.5266)
(0.0479)
A2(0.0096)
(11.6693)
(12.9239)
A3(-4.6639)
(7.8051)
(6.3925)
A4(-0.8954)
(-1.8818)
(-3.0646)
G1(-1.0509)
(-1.6703)
(-0.4943)
G2(-3.9573)
(-9.5743)
(1.0046)
G3(-2.5222)
(-5.2025)
(1.3101)
G4(-6.4455)
(1.7219)
(5.5558)
A1(-3.4824)
(12.6936)
(0.9197)
A2(-6.7516)
(5.0661)
(-6.9911)
A3(-4.8650)
(9.2320)
(-0.2107)
A4(-13.9773)
(-22.9604)
(15.8496)
G1(-0.4294)
(0.2506)
(0.1038)
G2(1.3691)
(-2.7638)
(3.0048)
G3(-0.0878)
(-1.7012)
(-0.0564)
G4(7.3469)
(-1.3675)
(-7.1287)
A1(-4.0093)
(11.3811)
(-0.5365)
A2(13.0771)
(-1.8531)
(2.2170)
A3(-0.3926)
(9.9120)
(-3.9504)
A4(11.1378)
(-1.6281)
(-5.9903)
G1(-0.5247)
(-0.7806)
(-0.3480)
G2(1.4505)
(0.6635)
(-0.3597)
G3(0.2661)
(1.5447)
(-0.5651)
G4(-12.9745)
(6.7530)
(-5.3488)
A1(-1.3029)
(10.0208)
(0.3832)
A2(1.3599)
(2.8970)
(-9.4475)
A3(1.5850)
(8.1690)
(-4.2234)
A4(4.1324)
(-3.3040)
(-3.2417)
G1(0.0894)
(0.3342)
(-0.2166)
G2(-3.7929)
(5.6744)
(-1.6554)
G3(0.1697)
(0.2400)
(-0.0027)
G4(-0.2597)
(-4.2250)
(-0.2682)
A1(-1.5472)
(9.0771)
(0.2108)
A2(-2.9928)
(-1.0391)
(2.4181)
A3(1.1109)
(8.8729)
(-3.8547)
A4(11.4012)
(-0.7230)
(-5.4492)
G1(0.2166)
(-0.4986)
(-0.3065)
G2(-1.8406)
(-3.2219)
(-1.7177)
G3(-0.1431)
(-0.5614)
(0.0926)
G4(1.2462)
(-1.7895)
(-1.6033)
A1(-0.3976)
(9.4124)
(0.3209)
A2(15.5719)
(3.2082)
(-2.8587)
A3(-2.1739)
(9.5098)
(-1.9297)
A4(6.3925)
(-2.0590)
(-7.8051)
G1(-0.6832)
(0.4725)
(0.2756)
G2(0.0309)
(3.6615)
(-2.3402)
G3(0.1022)
(0.0958)
(-0.0947)
G4(-0.8003)
(-3.0283)
(-1.5676)
A1(-3.5159)
(9.7381)
(1.0203)
A2(6.4404)
(3.8068)
(1.8196)
A3(2.8156)
(9.0932)
(-2.6719)
A4(3.7685)
(-1.0343)
(-8.9160)
G1(0.2309)
(-0.6534)
(-0.1979)
G2(-0.2826)
(1.5697)
(-1.4293)
G3(-0.0181)
(-0.7237)
(0.1474)
G4(-2.6111)
(-2.9580)
(-1.2936)
A1(-1.4131)
(9.3023)
(1.8585)
A2(11.6693)
(5.5258)
(-0.9194)
A3(-0.3017)
(9.4906)
(-2.7198)
A4(1.2737)
(4.1563)
(-10.2520)
G1(0.0223)
(1.3069)
(-0.0037)
G2(-0.0841)
(0.7152)
(-1.6495)
G3(-0.2166)
(-0.3991)
(-0.0399)
G4(-2.9165)
(-1.6719)
(0.3512)
A1(-1.9735)
(10.1501)
(0.2443)
A2(8.3175)
(6.1196)
(1.1157)
A3(0.5698)
(9.3087)
(-2.4181)
A4(4.7405)
(2.5187)
(-11.5113)
G1(0.1506)
(1.1797)
(-0.2751)
G2(0.1368)
(0.5662)
(-2.1013)
G3(-0.0468)
(0.4704)
(-0.2719)
G4(-3.2267)
(-0.2990)
(-0.0511)
A1(-1.1065)
(8.3586)
(0.5317)
A2(8.8202)
(8.6191)
(1.3408)
A3(1.7813)
(9.1746)
(-3.0837)
A4(1.4413)
(9.9982)
(-7.2401)
G1(-0.4560)
(0.7870)
(-0.2192)
G2(0.2682)
(0.6784)
(-2.0194)
G3(0.0756)
(0.7540)
(-0.2714)
G4(-3.5513)
(-1.0930)
(0.9115)
A1(-1.1879)
(9.7525)
(-0.6993)
A2(5.1858)
(9.0261)
(1.7669)
A3(0.4262)
(9.5241)
(-2.8204)
A4(1.3455)
(10.8505)
(0.9768)
G1(-0.6018)
(0.6039)
(-0.2017)
G2(1.3984)
(-0.4629)
(-1.5085)
G3(0.2426)
(1.0387)
(-0.4268)
G4(-1.4787)
(-0.9876)
(-0.0420)
A1(-2.2705)
(10.8973)
(1.2885)
A2(5.2529)
(6.2632)
(0.7422)
A3(0.1437)
(9.2081)
(-3.3327)
A4(0.1389)
(13.4027)
(-3.2657)
G1(0.1059)
(1.2159)
(-0.4911)
G2(1.4995)
(0.1181)
(-0.8817)
G3(0.1575)
(0.4395)
(-0.4076)
G4(-0.5890)
(1.1887)
(-0.4369)
