A1(-3.1710)
(9.8531)
(-1.7771)
A2(3.0358)
(8.8633)
(2.4086)
A3(0.3352)
(8.4036)
(-5.6695)
A4(3.5721)
(9.5768)
(-2.9928)
G1(0.1245)
(0.3437)
(0.1288)
G2(-0.1825)
(0.4017)
(-0.0176)
G3(0.0841)
(0.0410)
(-0.0106)
G4(0.3384)
(1.1973)
(-0.5534)
A1(-1.1592)
(10.0208)
(-0.2539)
A2(2.7581)
(9.6630)
(2.7102)
A3(0.4549)
(8.0349)
(-5.9759)
A4(0.7230)
(8.4228)
(-4.2760)
G1(0.4773)
(1.7166)
(-0.5103)
G2(-0.1298)
(0.4959)
(0.2192)
G3(-0.1288)
(-0.0692)
(-0.0346)
G4(0.7199)
(2.8223)
(-2.1380)
A1(-1.3412)
(9.5657)
(1.6047)
A2(2.0399)
(9.0070)
(1.6951)
A3(0.3496)
(8.5186)
(-3.2801)
A4(-13.9055)
(11.6358)
(7.3023)
G1(-0.6976)
(2.5972)
(-0.4683)
G2(-0.2836)
(1.1217)
(0.1900)
G3(0.0420)
(0.4693)
(-0.3826)
G4(-0.1751)
(6.2885)
(-5.2429)
A1(0.5030)
(10.7105)
(3.5111)
A2(5.3678)
(8.7484)
(2.4900)
A3(-2.5714)
(11.3916)
(-1.7765)
A4(1.8771)
(22.3187)
(4.7549)
G1(-1.6320)
(2.6042)
(-1.5724)
G2(0.4299)
(1.6368)
(1.1722)
G3(0.8791)
(0.7146)
(-0.3725)
G4(0.5529)
(-1.3675)
(1.7235)
A1(-1.4610)
(3.9183)
(5.4127)
A2(-1.9010)
(7.2305)
(7.0246)
A3(-2.5809)
(14.9733)
(1.1061)
A4(-2.7342)
(-0.4214)
(-9.6007)
G1(-5.3030)
(2.9809)
(-1.3532)
G2(-0.2570)
(2.3062)
(0.3374)
G3(1.8576)
(0.8987)
(-1.0291)
G4(0.6300)
(1.8752)
(-1.5080)
A1(-6.9120)
(14.8300)
(-1.8969)
A2(7.7476)
(12.3301)
(8.6191)
A3(2.9449)
(12.3206)
(-9.2081)
A4(0.2107)
(8.5904)
(-7.5130)
G1(-5.3642)
(4.5006)
(2.8431)
G2(1.9832)
(-0.0218)
(-0.2480)
G3(2.7978)
(1.4777)
(-3.0362)
G4(0.7125)
(1.6245)
(-0.8386)
A1(-11.0123)
(6.6582)
(18.2644)
A2(-5.5545)
(9.5193)
(3.4572)
A3(12.9957)
(15.8448)
(-8.4707)
A4(-5.1427)
(8.7149)
(-5.7413)
G1(-7.7401)
(4.4623)
(-0.9535)
G2(0.3049)
(0.8530)
(-0.1272)
G3(3.4018)
(5.3004)
(-5.3546)
G4(0.1713)
(1.6543)
(-0.4794)
A1(-11.5488)
(4.1051)
(11.9751)
A2(-4.0175)
(14.1785)
(3.2561)
A3(8.6718)
(1.9920)
(-21.0355)
A4(-6.2872)
(12.7132)
(-3.8068)
G1(-5.7165)
(4.1345)
(0.2522)
G2(0.9349)
(2.6499)
(1.1126)
G3(-1.8427)
(-0.3001)
(-3.0197)
G4(-0.0910)
(3.8748)
(-0.6566)
A1(1.6047)
(9.7477)
(5.2020)
A2(-2.5331)
(8.5186)
(1.8914)
A3(11.7507)
(4.0318)
(-17.6405)
A4(-15.4809)
(7.2353)
(-8.0541)
G1(-2.4631)
(4.1723)
(-1.4410)
G2(0.7364)
(3.1719)
(1.2074)
G3(2.5653)
(-2.9660)
(-6.8227)
G4(0.6364)
(8.7916)
(-4.2468)
A1(5.7145)
(8.8951)
(-2.6489)
A2(-13.9343)
(15.6150)
(10.1610)
A3(7.0054)
(-5.4013)
(-5.9520)
A4(0.6800)
(3.7158)
(0.8667)
G1(-0.2735)
(2.8324)
(-1.0291)
G2(1.3159)
(5.4744)
(1.6597)
G3(5.0008)
(-6.7647)
(-5.1822)
G4(-1.2563)
(7.8460)
(-4.4298)
A1(-3.9374)
(1.3604)
(22.4653)
A2(1.2402)
(11.6358)
(13.0292)
A3(3.7733)
(-11.0325)
(3.5147)
A4(2.6815)
(14.5615)
(8.3127)
G1(2.1279)
(6.0820)
(0.5922)
G2(-0.5236)
(9.3561)
(-1.2388)
G3(-3.1379)
(-4.4426)
(-5.5164)
G4(-0.1101)
(1.5926)
(-0.2570)
A1(4.9577)
(6.7731)
(6.3229)
A2(35.9274)
(2.0590)
(-1.5227)
A3(0.7422)
(-10.7404)
(8.6814)
A4(2.8539)
(6.8714)
(-4.6926)
G1(-2.8963)
(2.8479)
(2.8362)
G2(0.5694)
(4.6943)
(1.9481)
G3(-3.4029)
(-1.3601)
(-9.1502)
G4(0.2022)
(0.6236)
(0.3746)
A1(-7.4629)
(1.7100)
(3.5734)
A2(-0.4645)
(11.4922)
(6.9049)
A3(-1.1301)
(-65.9411)
(20.0969)
A4(0.9912)
(18.3875)
(-0.1963)
G1(-0.7418)
(-0.8296)
(3.9962)
G2(-0.7072)
(0.4241)
(0.2049)
G3(-2.2636)
(0.6210)
(13.5843)
G4(-0.1112)
(-0.7317)
(0.0372)
A1(-21.0379)
(8.0521)
(2.5339)
A2(6.2106)
(10.4052)
(-0.2059)
A3(-14.1833)
(-8.8969)
(-6.4979)
A4(0.4214)
(10.2615)
(-1.9201)
G1(1.0648)
(-5.6111)
(2.2386)
G2(0.4012)
(-0.5215)
(-0.0112)
G3(1.0110)
(6.8717)
(2.2083)
G4(0.1282)
(-0.8961)
(0.3916)
A1(0.1677)
(6.8737)
(7.3815)
A2(0.3591)
(15.7347)
(2.0734)
A3(-5.0805)
(-7.9823)
(-7.9296)
A4(-0.0144)
(8.9256)
(-6.2632)
G1(1.4452)
(1.0541)
(1.1510)
G2(-0.4039)
(-0.9365)
(-0.1240)
G3(-5.0072)
(9.5807)
(-1.2324)
G4(0.0942)
(-0.1320)
(0.1123)
A1(-10.2651)
(7.0509)
(3.1566)
A2(3.5099)
(11.7268)
(2.4277)
A3(4.8411)
(4.2952)
(-10.8314)
A4(-0.9050)
(10.0987)
(-2.6001)
G1(2.1790)
(-2.2695)
(1.7203)
G2(-0.2661)
(-1.2446)
(0.0325)
G3(-6.1209)
(1.9257)
(-0.9333)
G4(0.2176)
(0.0208)
(0.2990)
A1(-6.8402)
(7.5299)
(1.6957)
A2(-0.2442)
(9.9216)
(0.0239)
A3(0.4262)
(3.4333)
(-11.8561)
A4(0.6800)
(8.4803)
(-5.0422)
G1(2.5201)
(1.0717)
(0.3608)
G2(-0.1149)
(-1.4128)
(-0.0208)
G3(-6.1427)
(-0.9562)
(-0.4385)
G4(0.1948)
(0.8253)
(-0.0271)
A1(-5.5181)
(8.5694)
(1.1927)
A2(0.4884)
(9.7731)
(0.0670)
A3(-2.3320)
(13.1921)
(-7.6710)
A4(2.2266)
(9.8354)
(-2.1356)
G1(1.4223)
(-0.0208)
(1.0940)
G2(-0.5167)
(-0.2363)
(0.1756)
G3(-2.7931)
(1.2686)
(-0.7540)
G4(0.2437)
(0.5481)
(0.1777)
A1(-4.3637)
(10.1597)
(0.1916)
A2(-1.6664)
(9.8785)
(1.3934)
A3(-2.0303)
(9.7779)
(-3.0742)
A4(0.7757)
(9.0166)
(-4.0366)
G1(0.6795)
(-1.6288)
(1.0227)
G2(-0.4959)
(-0.2831)
(0.2155)
G3(-2.3381)
(1.5107)
(-0.8104)
G4(0.2059)
(0.1846)
(0.4571)
A1(-4.5697)
(9.5609)
(-2.1220)
A2(2.1261)
(8.4180)
(0.5842)
A3(5.1236)
(20.9157)
(-1.4605)
A4(3.5530)
(8.4851)
(-5.2577)
G1(1.2388)
(0.0745)
(-0.6875)
G2(-0.9025)
(-0.8354)
(0.3602)
G3(-0.2208)
(1.3947)
(0.0745)
G4(0.0788)
(-0.6784)
(0.7460)
