A1(-1.2406)
(9.9058)
(-0.2156)
A2(3.0598)
(8.4611)
(3.1987)
A3(1.4413)
(7.9823)
(-5.7461)
A4(3.9600)
(9.1698)
(-3.1699)
G1(-0.0548)
(-0.1580)
(0.1107)
G2(-0.0819)
(-0.1650)
(-0.0415)
G3(-0.0846)
(0.2027)
(-0.0628)
G4(0.1139)
(1.3744)
(-0.4475)
A1(-1.9208)
(10.3465)
(-1.4274)
A2(3.2705)
(9.3613)
(3.0167)
A3(1.7861)
(8.3031)
(-5.9280)
A4(6.8235)
(9.2081)
(-1.3599)
G1(0.1346)
(2.0912)
(-0.4108)
G2(-0.0958)
(0.4794)
(0.1410)
G3(-0.2251)
(-0.6513)
(0.0585)
G4(1.4351)
(3.6929)
(-1.9874)
A1(0.0479)
(9.8914)
(0.8574)
A2(4.3144)
(8.7293)
(2.0638)
A3(0.5459)
(8.1882)
(-3.0933)
A4(-6.6750)
(10.1131)
(-1.2115)
G1(0.4768)
(2.0577)
(-0.3842)
G2(-0.2033)
(1.2499)
(0.2347)
G3(-0.1165)
(0.3650)
(-0.1809)
G4(0.9738)
(4.8672)
(-3.2459)
A1(0.4311)
(12.2577)
(2.1268)
A2(6.2297)
(4.6735)
(4.6256)
A3(0.9385)
(9.0405)
(-5.4588)
A4(0.3783)
(5.4588)
(-3.6631)
G1(-0.7056)
(3.0219)
(-1.1355)
G2(-0.0601)
(1.6219)
(1.7049)
G3(0.1272)
(0.6705)
(-0.2698)
G4(1.0855)
(1.4037)
(-0.8429)
A1(-2.1411)
(6.0019)
(3.3387)
A2(5.2529)
(5.2289)
(7.3981)
A3(-0.2921)
(15.7108)
(0.2538)
A4(2.4565)
(10.7787)
(-4.4963)
G1(-3.4821)
(2.6430)
(-0.7098)
G2(-0.4241)
(4.4607)
(0.6726)
G3(2.0561)
(1.4740)
(-0.8652)
G4(1.2116)
(-1.7028)
(0.3097)
A1(-1.2358)
(5.1589)
(7.7455)
A2(9.0501)
(5.5210)
(6.4979)
A3(-1.0534)
(20.0778)
(6.4787)
A4(-1.0199)
(6.9384)
(-8.7580)
G1(-6.4854)
(3.4704)
(-0.3038)
G2(0.6854)
(2.0465)
(0.1963)
G3(2.9639)
(0.9722)
(-0.6316)
G4(1.0366)
(-0.9402)
(0.2857)
A1(3.6835)
(14.4420)
(16.5113)
A2(4.8937)
(8.9016)
(7.5082)
A3(8.1547)
(18.8855)
(-5.2720)
A4(-4.6878)
(8.3318)
(-6.1435)
G1(-8.4499)
(6.1789)
(0.1979)
G2(1.4591)
(2.8622)
(-0.2586)
G3(3.4763)
(5.5084)
(-5.0694)
G4(-0.0617)
(1.9401)
(-0.6987)
A1(-9.2017)
(24.2472)
(13.4504)
A2(-5.3486)
(8.2648)
(-4.5346)
A3(27.2125)
(21.5957)
(-17.6261)
A4(-3.4381)
(10.8026)
(-3.1460)
G1(-7.7385)
(2.9016)
(0.1160)
G2(1.7538)
(2.5174)
(-1.4261)
G3(1.4761)
(4.3144)
(-2.9931)
G4(0.1783)
(4.0260)
(-1.2042)
A1(8.7658)
(16.3101)
(11.8793)
A2(-5.2146)
(10.9990)
(3.1987)
A3(7.8434)
(-4.7692)
(-18.0379)
A4(-15.4234)
(-7.8913)
(-10.7691)
G1(-3.5636)
(8.0423)
(-1.9949)
G2(1.5101)
(5.3360)
(1.0078)
G3(3.2076)
(-3.8860)
(-7.3687)
G4(0.4587)
(10.1064)
(-7.6262)
A1(-7.4916)
(-4.5266)
(-41.3045)
A2(-5.2529)
(5.7509)
(20.3028)
A3(12.3493)
(-4.4388)
(4.3383)
A4(4.7597)
(19.4505)
(-2.6480)
G1(-3.2097)
(3.4156)
(-1.3558)
G2(-0.7455)
(6.9962)
(3.6945)
G3(1.6144)
(-9.7957)
(-4.0792)
G4(-1.1004)
(-3.5785)
(2.2237)
A1(-2.3567)
(8.6077)
(22.6808)
A2(3.8834)
(9.9934)
(8.5569)
A3(8.4036)
(-10.8266)
(6.7421)
A4(-7.9679)
(9.8354)
(-4.4341)
G1(2.1034)
(8.9299)
(-1.9225)
G2(1.0632)
(15.4898)
(3.0405)
G3(-5.8703)
(-5.1700)
(-4.5315)
G4(-0.7716)
(2.1066)
(-0.5507)
A1(-17.7279)
(4.5170)
(-6.5432)
A2(-7.0916)
(10.5201)
(11.3006)
A3(19.2446)
(55.7418)
(-81.5896)
A4(0.5794)
(10.0652)
(0.3496)
G1(-2.3285)
(-7.0941)
(2.8894)
G2(-1.8656)
(-0.3789)
(1.4218)
G3(13.2108)
(-4.4431)
(4.1675)
G4(-0.6997)
(0.1197)
(0.7391)
A1(2.2561)
(0.6898)
(2.4525)
A2(13.8145)
(6.9480)
(3.4860)
A3(1.6089)
(4.4005)
(2.0686)
A4(3.3950)
(8.9256)
(-2.9113)
G1(0.8014)
(3.1262)
(1.4915)
G2(0.6263)
(0.3698)
(0.6002)
G3(2.5845)
(0.3539)
(4.1473)
G4(0.1378)
(0.0729)
(0.1740)
A1(-5.6858)
(10.3752)
(6.7108)
A2(-2.2841)
(6.7660)
(4.4724)
A3(-6.6128)
(-3.4285)
(-2.6193)
A4(0.2777)
(8.6335)
(-4.9512)
G1(-0.8939)
(-4.8342)
(3.6545)
G2(0.1873)
(-1.7012)
(0.3214)
G3(1.8667)
(2.9319)
(4.8454)
G4(0.2112)
(0.3118)
(0.1490)
A1(-12.0422)
(7.7311)
(-0.1868)
A2(5.8179)
(9.9982)
(2.6815)
A3(-1.9920)
(-1.4988)
(-7.3550)
A4(0.3591)
(9.7827)
(-4.0558)
G1(1.8076)
(-0.7535)
(2.0401)
G2(-0.1160)
(-0.3108)
(0.5268)
G3(-1.0674)
(4.3293)
(-0.6981)
G4(0.1932)
(0.0580)
(0.1000)
A1(-7.5635)
(4.8810)
(6.4474)
A2(-0.8763)
(9.6391)
(1.5131)
A3(-4.1946)
(-1.1444)
(-8.9016)
A4(1.1301)
(8.4467)
(-4.8794)
G1(0.0681)
(-1.4527)
(2.5541)
G2(0.0138)
(-0.3230)
(0.1383)
G3(-3.0783)
(3.5306)
(-1.2936)
G4(0.0905)
(-0.3634)
(0.1687)
A1(-7.9994)
(6.9216)
(2.1316)
A2(0.8811)
(9.7444)
(2.1500)
A3(-3.1987)
(-1.2977)
(-12.1530)
A4(1.9441)
(7.5657)
(-4.0941)
G1(1.1919)
(-0.8578)
(1.4649)
G2(-0.0490)
(-0.3629)
(0.0266)
G3(-3.5742)
(3.1948)
(-2.4860)
G4(0.1304)
(-0.4507)
(0.2927)
A1(-6.8977)
(7.4389)
(0.8814)
A2(0.2394)
(9.7779)
(2.5331)
A3(-1.1301)
(1.3886)
(-12.7515)
A4(0.4166)
(9.1985)
(-4.9704)
G1(2.6425)
(-1.1659)
(0.7450)
G2(-0.1628)
(-0.7913)
(0.0069)
G3(-3.6726)
(0.6955)
(-0.5380)
G4(0.1000)
(0.0239)
(0.2160)
A1(-6.6917)
(9.2112)
(0.8718)
A2(2.2314)
(8.3366)
(0.9290)
A3(-4.8315)
(8.0110)
(-11.6885)
A4(0.9960)
(8.5808)
(-5.2289)
G1(1.9619)
(-0.9275)
(0.6359)
G2(-0.3368)
(-0.3799)
(0.1389)
G3(-3.6455)
(-0.8950)
(-0.0649)
G4(0.2309)
(0.0468)
(0.3874)
A1(-6.5863)
(7.5156)
(1.0825)
A2(1.0295)
(8.9926)
(1.1253)
A3(-2.9161)
(9.2560)
(-6.5936)
A4(1.6712)
(8.4851)
(-4.8985)
G1(0.8934)
(0.2107)
(0.7870)
G2(0.0319)
(0.0436)
(0.1378)
G3(-2.0284)
(1.2361)
(-0.7875)
G4(0.3320)
(-0.2341)
(0.6880)
