A1(-2.0980)
(9.4124)
(3.9135)
A2(3.3567)
(7.6279)
(2.6384)
A3(-1.7286)
(9.0597)
(-4.3048)
A4(-0.1867)
(7.5369)
(-6.7133)
G1(-0.9764)
(-0.3278)
(0.2304)
G2(-0.0660)
(-0.0814)
(0.1336)
G3(0.3464)
(-0.0442)
(0.1900)
G4(0.2277)
(0.2203)
(0.0181)
A1(-4.6463)
(7.7742)
(5.4367)
A2(1.1540)
(9.2991)
(2.6911)
A3(-2.0446)
(9.3853)
(-4.8076)
A4(1.0918)
(7.6998)
(-6.8187)
G1(-1.3015)
(-1.8214)
(-1.3867)
G2(-0.3959)
(0.1564)
(-0.0474)
G3(0.1570)
(-0.3326)
(0.7258)
G4(-0.0085)
(-0.3847)
(0.2975)
A1(6.1648)
(6.9360)
(7.3958)
A2(4.5107)
(10.2328)
(3.0837)
A3(-0.4884)
(7.7859)
(-6.2728)
A4(-1.8914)
(8.6957)
(-7.6184)
G1(0.8833)
(-5.0231)
(-1.4080)
G2(-0.2437)
(-0.9206)
(0.0506)
G3(-0.1580)
(-2.4999)
(2.0486)
G4(-0.1596)
(-0.4044)
(0.8205)
A1(-17.5651)
(6.3947)
(7.8700)
A2(1.1253)
(11.1187)
(6.5266)
A3(-1.7095)
(13.1490)
(8.0541)
A4(4.7309)
(23.4728)
(3.9409)
G1(2.4584)
(-2.4328)
(-0.0378)
G2(0.5215)
(-2.8766)
(-0.0963)
G3(-3.4002)
(-11.8581)
(7.0090)
G4(1.9241)
(-4.0786)
(3.8014)
A1(8.7035)
(18.3267)
(0.6946)
A2(-1.7478)
(9.4092)
(5.9903)
A3(15.1218)
(13.1298)
(-13.5129)
A4(-4.9991)
(20.1975)
(0.5028)
G1(1.6868)
(-6.4136)
(0.8711)
G2(0.8226)
(-3.3810)
(-0.4885)
G3(0.9083)
(3.8403)
(-1.9310)
G4(3.3810)
(-5.3249)
(7.7816)
A1(9.8771)
(12.4781)
(2.9650)
A2(-0.8428)
(6.0478)
(11.7507)
A3(12.5217)
(15.6246)
(-13.1921)
A4(-6.4069)
(-7.9487)
(-22.7928)
G1(1.2467)
(-4.0951)
(-0.9754)
G2(-5.8234)
(-2.9064)
(1.2521)
G3(0.6774)
(0.5795)
(-0.7317)
G4(0.6763)
(3.6961)
(5.4217)
A1(11.3428)
(8.5981)
(17.5507)
A2(0.9002)
(12.8521)
(19.5654)
A3(7.8721)
(11.1474)
(-3.5195)
A4(-6.4739)
(-6.7612)
(-10.3094)
G1(-0.9514)
(-11.5857)
(-1.4122)
G2(-7.5305)
(-5.5042)
(0.5449)
G3(-0.6960)
(-2.3493)
(0.3395)
G4(0.7348)
(8.4643)
(6.2358)
A1(6.5097)
(1.1736)
(15.0407)
A2(18.6460)
(10.0987)
(12.0620)
A3(9.8306)
(10.7069)
(0.2298)
A4(-2.6336)
(-8.8202)
(-3.2561)
G1(2.0055)
(-0.2990)
(-1.0264)
G2(-6.6636)
(-7.2133)
(-1.7969)
G3(-1.7432)
(-12.5254)
(4.6906)
G4(-5.5675)
(4.7331)
(3.3667)
A1(-1.0155)
(2.3136)
(0.0766)
A2(-4.8411)
(11.4922)
(10.5584)
A3(-11.3485)
(11.6693)
(-0.8332)
A4(0.7949)
(5.6599)
(-1.4653)
G1(0.0756)
(-2.4765)
(-0.2485)
G2(-1.8996)
(-8.2286)
(1.8097)
G3(-1.4697)
(1.1148)
(-1.1020)
G4(-5.8905)
(-0.3092)
(1.8374)
A1(-1.7005)
(10.7249)
(4.2248)
A2(4.4867)
(2.5857)
(-3.3136)
A3(-5.1188)
(8.6718)
(0.7901)
A4(22.6156)
(-21.6149)
(3.9504)
G1(-0.5225)
(0.5901)
(0.0580)
G2(1.1962)
(2.4392)
(0.8769)
G3(-0.1783)
(-0.3751)
(-0.3709)
G4(-2.3227)
(0.5981)
(-8.7181)
A1(-1.6142)
(10.4183)
(1.1783)
A2(10.7117)
(-1.7765)
(-0.6225)
A3(-5.7030)
(12.7946)
(0.6081)
A4(0.0527)
(5.2912)
(-8.9974)
G1(-0.1346)
(0.3927)
(-0.0851)
G2(0.4140)
(-1.3468)
(1.1164)
G3(0.3448)
(0.4741)
(-0.2187)
G4(-0.3948)
(0.0660)
(-1.6937)
A1(-1.9064)
(9.7477)
(0.8766)
A2(8.6766)
(3.3567)
(-6.4260)
A3(0.7709)
(8.7867)
(-3.5530)
A4(5.8897)
(-3.0885)
(-4.7118)
G1(0.2139)
(0.0383)
(-0.0793)
G2(-0.3060)
(5.3717)
(-1.5586)
G3(0.1910)
(0.0713)
(-0.0027)
G4(0.2107)
(-3.6902)
(-1.0089)
A1(-2.1603)
(9.1011)
(-0.0144)
A2(3.4907)
(-0.0622)
(1.5371)
A3(2.2889)
(8.1977)
(-2.2745)
A4(4.7980)
(0.1484)
(-8.3845)
G1(0.2485)
(0.3890)
(-0.2320)
G2(-0.6449)
(0.1783)
(-1.8746)
G3(0.0697)
(0.6401)
(-0.3065)
G4(-1.8757)
(-3.9132)
(-2.0497)
A1(-1.4514)
(8.9861)
(-0.4790)
A2(13.5033)
(1.7238)
(-4.7980)
A3(2.0734)
(8.1068)
(-4.3383)
A4(3.7876)
(2.2601)
(-12.2870)
G1(0.1165)
(0.5295)
(-0.2841)
G2(0.1197)
(1.2930)
(-2.4307)
G3(0.0788)
(1.3010)
(-0.4411)
G4(-2.2173)
(-1.8124)
(-0.2980)
A1(-1.0059)
(9.7477)
(-0.2539)
A2(6.3446)
(5.5067)
(3.5195)
A3(1.2881)
(9.0261)
(-3.5099)
A4(6.0430)
(3.6105)
(-12.9047)
G1(0.1532)
(0.7875)
(-0.2448)
G2(0.6183)
(1.6932)
(-2.5254)
G3(-0.0803)
(0.8700)
(-0.3650)
G4(-2.3605)
(-0.6854)
(-0.8801)
A1(-0.1533)
(9.7094)
(0.1677)
A2(10.1035)
(5.9759)
(0.3831)
A3(1.9776)
(9.7157)
(-1.8914)
A4(0.2873)
(8.2696)
(-9.1650)
G1(-0.3868)
(0.6497)
(0.1687)
G2(1.2542)
(0.0277)
(-2.0220)
G3(0.0527)
(0.7482)
(-0.2863)
G4(-2.3104)
(-0.9083)
(0.5619)
A1(-0.7425)
(9.5034)
(-0.2108)
A2(9.1650)
(7.2161)
(3.0885)
A3(1.9106)
(9.6582)
(-2.4660)
A4(3.6057)
(9.3182)
(-5.0326)
G1(-0.5651)
(0.3975)
(-0.1974)
G2(1.5351)
(0.5640)
(-1.7033)
G3(0.3693)
(0.1490)
(-0.1836)
G4(-1.7778)
(-0.4640)
(-0.1378)
A1(-1.1831)
(8.4161)
(0.4119)
A2(6.2249)
(7.1922)
(1.1301)
A3(2.1404)
(8.9974)
(-3.3998)
A4(1.3455)
(7.1874)
(-2.2841)
G1(-0.4555)
(0.2490)
(-0.2948)
G2(0.6465)
(0.0660)
(-1.0935)
G3(0.5060)
(0.3757)
(-0.3661)
G4(-1.2420)
(-0.5555)
(0.0266)
A1(-3.0321)
(10.9452)
(1.6095)
A2(4.4724)
(6.6319)
(1.8244)
A3(2.0255)
(8.0924)
(-4.5442)
A4(4.0462)
(12.9574)
(-6.5410)
G1(-0.1894)
(0.2134)
(-0.3805)
G2(0.6598)
(0.5736)
(-0.7609)
G3(0.4150)
(0.0362)
(-0.3922)
G4(-0.5050)
(-0.2639)
(-0.4411)
A1(-4.4356)
(9.7621)
(0.5317)
A2(5.2337)
(10.6877)
(1.1875)
A3(1.2881)
(7.6806)
(-5.9807)
A4(-1.2833)
(10.4818)
(-2.7773)
G1(0.6295)
(0.6103)
(-0.3789)
G2(-0.0676)
(0.4150)
(-0.7620)
G3(0.1357)
(-0.1948)
(-0.4922)
G4(-0.4289)
(-0.6135)
(-0.2054)
