A1(-2.3759)
(9.4268)
(1.5041)
A2(1.8244)
(8.7676)
(7.0820)
A3(1.0439)
(8.0732)
(-4.2282)
A4(15.5910)
(13.3549)
(0.9098)
G1(-0.6635)
(-0.2038)
(0.2277)
G2(-0.4837)
(0.8801)
(0.2102)
G3(-0.0718)
(0.1399)
(0.1916)
G4(-0.1681)
(-1.6841)
(1.1281)
A1(-4.2248)
(8.6221)
(-1.0682)
A2(6.4212)
(6.9145)
(4.1659)
A3(1.4700)
(8.0158)
(-6.7086)
A4(3.5961)
(6.4883)
(-2.3990)
G1(0.4337)
(0.4986)
(-0.3336)
G2(0.7508)
(1.0179)
(-0.6157)
G3(0.1713)
(-0.0968)
(-0.0814)
G4(-0.1676)
(1.1600)
(-0.6109)
A1(-2.2848)
(10.1405)
(-0.1389)
A2(6.1818)
(8.3366)
(3.1173)
A3(0.2634)
(7.5034)
(-4.8650)
A4(0.3926)
(9.4092)
(-4.4436)
G1(-0.1378)
(-0.2368)
(0.1378)
G2(-0.1181)
(0.0676)
(0.5608)
G3(0.0362)
(-0.0777)
(-0.1538)
G4(0.0362)
(1.3893)
(-0.3257)
A1(-6.0977)
(9.6136)
(1.3077)
A2(-5.2050)
(7.4986)
(5.5258)
A3(-1.2258)
(8.0972)
(-5.7030)
A4(6.2537)
(12.5217)
(0.8667)
G1(0.2804)
(-0.1815)
(-0.2261)
G2(-0.2426)
(1.3085)
(-0.6572)
G3(0.0468)
(0.1517)
(-0.1229)
G4(0.8131)
(0.0772)
(-0.6306)
A1(3.5207)
(11.5536)
(5.3792)
A2(6.1004)
(10.7500)
(-0.6560)
A3(-2.0159)
(7.5753)
(-6.4883)
A4(-6.8474)
(10.0796)
(1.2258)
G1(-0.0410)
(4.9816)
(-0.7545)
G2(0.0186)
(-0.2192)
(0.2208)
G3(-0.1708)
(-0.5417)
(-0.0181)
G4(2.4232)
(7.4969)
(-3.9392)
A1(-2.0358)
(9.1202)
(0.7089)
A2(7.3741)
(6.2537)
(5.5976)
A3(1.3024)
(9.3039)
(-5.7652)
A4(-4.3000)
(-7.3119)
(-2.0542)
G1(-0.0250)
(3.5210)
(-0.4220)
G2(-1.9076)
(0.1394)
(1.2611)
G3(0.1181)
(1.0658)
(-0.5284)
G4(-0.7263)
(-1.2281)
(0.1213)
A1(-4.6703)
(5.3265)
(3.0417)
A2(0.6369)
(6.1627)
(4.5203)
A3(-1.5083)
(20.0155)
(7.7045)
A4(-4.1755)
(13.0005)
(-9.9455)
G1(-5.3887)
(4.2973)
(-1.0850)
G2(0.0543)
(6.6865)
(0.8232)
G3(1.8629)
(1.1728)
(-1.3404)
G4(0.6864)
(-0.8328)
(0.2506)
A1(1.4658)
(14.5426)
(11.8314)
A2(15.4426)
(7.6567)
(11.3006)
A3(6.8857)
(20.0969)
(2.0399)
A4(-1.0582)
(9.0214)
(-6.9336)
G1(-7.6124)
(5.7207)
(0.4794)
G2(-1.0536)
(-2.4828)
(0.5529)
G3(4.2638)
(6.6865)
(-5.1817)
G4(0.1948)
(1.9326)
(-0.8695)
A1(-8.0233)
(16.9184)
(17.9674)
A2(-18.4162)
(14.1162)
(-0.8045)
A3(21.3850)
(21.5861)
(-9.8833)
A4(-4.2808)
(7.4891)
(-8.5042)
G1(-6.9691)
(0.6279)
(0.0979)
G2(2.0343)
(4.0648)
(-2.7978)
G3(4.7443)
(9.1337)
(-6.3577)
G4(0.0053)
(3.5274)
(-1.3101)
A1(-2.6681)
(7.2473)
(13.1487)
A2(-3.7733)
(10.7069)
(2.2984)
A3(8.9208)
(3.9169)
(-21.9165)
A4(-11.6119)
(23.1807)
(-0.9433)
G1(-5.6345)
(8.3994)
(0.4161)
G2(1.1733)
(3.9706)
(0.5906)
G3(0.3704)
(-0.8312)
(-3.8259)
G4(1.4293)
(8.0317)
(-4.3660)
A1(8.8568)
(11.4530)
(-7.5156)
A2(-7.5992)
(10.2185)
(8.2408)
A3(17.6357)
(-2.8730)
(-3.1747)
A4(-4.8890)
(5.9520)
(-4.8459)
G1(-0.3219)
(5.7580)
(0.4581)
G2(0.8785)
(6.7818)
(2.2673)
G3(5.6627)
(-7.9721)
(-9.1433)
G4(-0.8982)
(4.7124)
(-2.3658)
A1(10.9931)
(-8.2005)
(-3.5925)
A2(-1.6328)
(4.7788)
(16.6780)
A3(14.2359)
(-12.9957)
(6.7325)
A4(6.7756)
(14.8776)
(3.2705)
G1(-1.4112)
(4.7230)
(-2.3291)
G2(-0.3634)
(11.0323)
(1.0397)
G3(-0.6460)
(-2.5967)
(-9.8978)
G4(-1.0701)
(-0.8721)
(0.9663)
A1(7.7215)
(12.6026)
(-2.1843)
A2(23.6643)
(13.9390)
(18.5790)
A3(-12.2009)
(4.7692)
(-3.2609)
A4(11.9614)
(10.1849)
(5.0230)
G1(-4.0382)
(-5.8421)
(1.8384)
G2(1.9592)
(2.8894)
(0.1415)
G3(-3.3214)
(0.6401)
(-7.8683)
G4(-0.0990)
(1.9598)
(-0.4794)
A1(-10.5285)
(7.2521)
(-0.6898)
A2(3.8451)
(7.7955)
(8.1211)
A3(-14.8297)
(23.3530)
(-4.1084)
A4(-0.3256)
(8.7963)
(-4.3527)
G1(-0.3773)
(-1.2143)
(1.7267)
G2(0.5146)
(4.2681)
(0.8647)
G3(-7.4826)
(-1.6740)
(7.9780)
G4(0.2655)
(-0.9488)
(0.4853)
A1(-10.5429)
(4.0811)
(3.8320)
A2(0.6656)
(11.2767)
(5.0087)
A3(-2.0830)
(-3.9456)
(-2.0494)
A4(1.6376)
(8.6718)
(-5.0709)
G1(0.2464)
(-1.1089)
(1.7682)
G2(-0.4581)
(-1.9002)
(-0.2820)
G3(-2.3503)
(6.7216)
(-1.1776)
G4(-0.0708)
(0.0106)
(-0.2166)
A1(-7.9994)
(6.8498)
(4.1865)
A2(1.3743)
(11.8944)
(0.6033)
A3(-2.5379)
(-4.9512)
(-11.0038)
A4(-0.1628)
(8.9112)
(-4.6687)
G1(0.5773)
(-1.4660)
(1.9486)
G2(0.1123)
(-0.4321)
(-0.1788)
G3(-5.5936)
(3.7386)
(-2.6020)
G4(-0.1240)
(0.4555)
(-0.0740)
A1(-5.9013)
(7.1755)
(4.3254)
A2(1.5610)
(9.7061)
(2.2889)
A3(-1.1396)
(1.2977)
(-10.9750)
A4(0.7039)
(8.9878)
(-3.3567)
G1(1.3180)
(-0.8636)
(0.8578)
G2(0.1953)
(-0.8035)
(-0.0043)
G3(-4.1462)
(0.2017)
(-1.1903)
G4(-0.1926)
(0.4566)
(-0.1139)
A1(-6.4091)
(8.9478)
(0.9436)
A2(-2.2649)
(10.2663)
(2.0638)
A3(-2.7198)
(6.1052)
(-13.4746)
A4(-0.3879)
(9.8785)
(-3.1173)
G1(2.1157)
(-0.3618)
(0.7311)
G2(0.4778)
(-0.3570)
(-0.0021)
G3(-3.7392)
(0.9035)
(-1.3425)
G4(-0.1958)
(0.2884)
(0.0702)
A1(-4.3398)
(6.8641)
(0.7664)
A2(-0.4070)
(8.8346)
(-0.7901)
A3(-2.7246)
(10.1083)
(-7.9823)
A4(0.0575)
(9.2847)
(-2.9736)
G1(1.4697)
(-0.9828)
(0.6343)
G2(0.7535)
(0.0995)
(0.1320)
G3(-2.4041)
(0.3081)
(-0.3155)
G4(-0.1607)
(-0.2927)
(0.1474)
A1(-3.0848)
(8.0185)
(1.0873)
A2(-0.8906)
(9.5385)
(0.5076)
A3(-1.8196)
(8.5234)
(-6.6032)
A4(1.0104)
(9.6822)
(-3.1125)
G1(1.4708)
(0.6827)
(0.7657)
G2(0.3336)
(-0.0458)
(-0.2283)
G3(-1.5926)
(0.2464)
(-0.1804)
G4(0.0830)
(-0.3028)
(0.2911)
