A1(-2.3902)
(9.6807)
(8.3395)
A2(1.0439)
(9.7205)
(-0.7805)
A3(-3.0837)
(11.1570)
(0.7997)
A4(1.2354)
(9.2991)
(-3.5099)
G1(-1.1861)
(-1.2898)
(-0.7194)
G2(0.0702)
(0.4284)
(-0.0559)
G3(0.7056)
(-0.9333)
(0.4773)
G4(0.3597)
(-0.6178)
(0.2543)
A1(-0.4838)
(8.9574)
(5.1924)
A2(3.4333)
(9.0501)
(-1.9154)
A3(-5.8227)
(8.1451)
(-5.2146)
A4(0.4070)
(8.2121)
(-5.7126)
G1(0.0319)
(-2.6074)
(-0.8338)
G2(-0.2820)
(-0.0176)
(-0.0192)
G3(0.6694)
(-1.5325)
(1.2824)
G4(0.5433)
(-0.7279)
(0.3086)
A1(-2.3375)
(6.0019)
(10.2028)
A2(4.2282)
(8.8490)
(0.3256)
A3(14.0013)
(6.6559)
(1.3168)
A4(0.8045)
(10.1610)
(-4.8937)
G1(-0.0809)
(-4.2995)
(0.3368)
G2(-0.6875)
(-1.7528)
(0.2783)
G3(-1.3202)
(-2.7260)
(4.0010)
G4(0.8705)
(-1.4005)
(0.8657)
A1(-10.7967)
(15.5101)
(7.1755)
A2(0.8428)
(9.5816)
(-0.1532)
A3(-16.2566)
(7.7428)
(-4.4772)
A4(-7.4077)
(19.5654)
(6.9911)
G1(2.2221)
(1.7049)
(-0.6843)
G2(-0.0553)
(-1.4415)
(0.0814)
G3(-1.4479)
(-7.1755)
(3.2916)
G4(2.3328)
(-1.4894)
(1.4394)
A1(-2.8501)
(6.9887)
(4.9481)
A2(1.1013)
(12.0716)
(3.6919)
A3(-1.6328)
(9.2943)
(5.3678)
A4(-2.6097)
(16.8217)
(-7.7620)
G1(3.0692)
(-7.2474)
(-0.1862)
G2(-0.0894)
(-3.1847)
(1.3739)
G3(-0.3102)
(-0.3453)
(0.6401)
G4(1.9481)
(-4.5320)
(5.7532)
A1(9.7286)
(14.9832)
(5.4654)
A2(1.8866)
(3.5338)
(9.7205)
A3(1.6281)
(9.5241)
(-3.4046)
A4(-25.7520)
(-0.5459)
(-25.2397)
G1(1.7783)
(-6.0086)
(-0.8705)
G2(-5.8655)
(-2.7638)
(0.9754)
G3(-0.5688)
(-2.0598)
(0.7540)
G4(-0.3400)
(1.2909)
(8.3568)
A1(6.4761)
(12.1380)
(4.1051)
A2(3.2513)
(23.0514)
(0.0000)
A3(6.6894)
(9.3948)
(-1.0870)
A4(-11.1378)
(2.7485)
(-21.5382)
G1(2.2546)
(-6.3917)
(-0.0745)
G2(-6.8807)
(-3.3874)
(-0.7801)
G3(-0.4385)
(0.3421)
(-0.1825)
G4(0.4369)
(3.8871)
(8.8336)
A1(-1.0682)
(9.7860)
(22.0821)
A2(-5.3726)
(21.6196)
(12.8521)
A3(9.2656)
(12.7084)
(1.9249)
A4(-5.4731)
(-6.7564)
(-2.4708)
G1(-1.2856)
(-12.0939)
(-0.3395)
G2(-10.4486)
(-3.5939)
(0.8269)
G3(-0.4119)
(-4.1856)
(0.5103)
G4(1.8693)
(7.6832)
(6.9483)
A1(-0.6946)
(0.0144)
(6.5192)
A2(6.8953)
(2.7198)
(14.7962)
A3(11.3102)
(6.9480)
(7.6088)
A4(-1.3838)
(-21.7250)
(-1.8100)
G1(0.8785)
(0.2815)
(-1.1765)
G2(-5.9123)
(-9.1656)
(-1.1776)
G3(-2.6531)
(-12.6073)
(5.0646)
G4(-5.3844)
(2.6515)
(2.7798)
A1(-1.7532)
(6.1792)
(4.1769)
A2(-1.9632)
(10.1275)
(5.9041)
A3(-2.8539)
(15.9933)
(5.0039)
A4(-14.0827)
(-24.3395)
(44.9296)
G1(0.8141)
(-3.4550)
(0.2139)
G2(0.3544)
(-6.5051)
(1.0121)
G3(0.2746)
(0.8982)
(-0.9578)
G4(8.5159)
(-17.4363)
(-1.7581)
A1(-10.5572)
(11.4482)
(3.6213)
A2(-9.6295)
(11.2384)
(2.8874)
A3(2.8108)
(9.3230)
(-2.4134)
A4(-9.6007)
(-4.2952)
(2.2505)
G1(-0.0633)
(-0.6646)
(-0.5087)
G2(3.7418)
(-2.7494)
(1.4473)
G3(-0.4395)
(-3.2901)
(0.3161)
G4(-16.7408)
(8.5495)
(-8.2626)
A1(-0.2682)
(9.7525)
(1.2167)
A2(7.1874)
(10.5967)
(-4.8267)
A3(-2.4708)
(10.6303)
(-1.7095)
A4(9.6822)
(-3.5626)
(0.4884)
G1(0.0553)
(-0.7428)
(-0.2778)
G2(-2.9522)
(-0.4470)
(0.2964)
G3(-0.4374)
(-0.7359)
(0.0426)
G4(3.9414)
(-3.6109)
(4.0026)
A1(-1.7723)
(9.3118)
(1.0969)
A2(3.6440)
(-2.0830)
(-2.0016)
A3(1.1301)
(10.6398)
(-1.6041)
A4(11.4778)
(-5.0709)
(-4.4915)
G1(0.2767)
(0.5656)
(0.2746)
G2(-1.5027)
(-1.9348)
(-1.5304)
G3(-0.0500)
(-0.0128)
(-0.1107)
G4(1.6432)
(-1.9912)
(-3.9509)
A1(-0.1581)
(9.8627)
(2.2369)
A2(8.8394)
(2.1021)
(-5.0470)
A3(0.8045)
(10.1131)
(-2.3080)
A4(6.1866)
(-4.1994)
(-1.8292)
G1(-0.0686)
(1.6357)
(-0.0122)
G2(-1.1004)
(4.5011)
(-1.7624)
G3(0.1852)
(1.9369)
(-0.5587)
G4(-1.8794)
(-4.2564)
(-1.4516)
A1(0.2922)
(10.0160)
(0.3784)
A2(8.4898)
(3.3998)
(0.3639)
A3(0.3400)
(9.3901)
(-3.1843)
A4(3.9504)
(-3.8020)
(-4.4580)
G1(0.3139)
(0.6923)
(0.1495)
G2(-1.1031)
(1.1377)
(-0.3352)
G3(0.0798)
(1.1824)
(-0.3374)
G4(-3.5077)
(-3.8892)
(-2.6313)
A1(-1.9400)
(9.1681)
(-0.2156)
A2(9.8881)
(3.9648)
(-0.0144)
A3(1.3216)
(8.9639)
(-3.0311)
A4(1.9249)
(2.1308)
(-9.2703)
G1(0.3001)
(1.4388)
(-0.2155)
G2(-0.0053)
(3.7094)
(-0.8407)
G3(0.0681)
(0.2639)
(-0.1266)
G4(-3.9765)
(-2.5265)
(-3.1113)
A1(1.5328)
(10.5333)
(0.5173)
A2(8.0158)
(4.6400)
(1.3120)
A3(0.0622)
(9.0884)
(-4.0749)
A4(7.5322)
(2.8683)
(-12.1003)
G1(0.1564)
(2.4509)
(0.1123)
G2(0.4677)
(2.0869)
(-1.2404)
G3(-0.1256)
(0.5422)
(-0.2964)
G4(-2.5254)
(-0.9833)
(-0.3288)
A1(1.7579)
(9.3789)
(0.1198)
A2(8.0110)
(6.0861)
(3.9840)
A3(2.1931)
(9.7971)
(-1.8914)
A4(4.8554)
(6.8283)
(-10.8793)
G1(0.0718)
(-0.5864)
(-0.3868)
G2(0.7684)
(1.0536)
(-1.8081)
G3(0.0803)
(0.5773)
(-0.3358)
G4(-3.0160)
(-1.6660)
(-0.3129)
A1(-1.2598)
(8.3011)
(-0.4119)
A2(10.7117)
(6.9480)
(3.3854)
A3(0.8523)
(9.2368)
(-2.8491)
A4(4.3862)
(12.0764)
(-7.1491)
G1(-0.5646)
(0.7519)
(-0.4917)
G2(1.0009)
(1.4755)
(-1.9135)
G3(0.0883)
(0.4571)
(-0.2565)
G4(-3.1097)
(-2.1817)
(0.9099)
A1(-0.2635)
(9.2400)
(1.8202)
A2(5.6407)
(9.3518)
(3.4524)
A3(1.1205)
(9.3757)
(-1.2258)
A4(-2.7054)
(3.1220)
(-10.6686)
G1(-0.3831)
(0.5316)
(-0.6055)
G2(2.3025)
(-0.5523)
(-1.5926)
G3(0.5204)
(0.5630)
(-0.4991)
G4(1.2159)
(-0.5151)
(-0.8455)
