A1(-1.8969)
(9.6615)
(-0.2395)
A2(3.8738)
(8.1786)
(3.8164)
A3(0.5363)
(8.4324)
(-5.4205)
A4(4.0366)
(8.6814)
(-4.2521)
G1(0.0857)
(0.1277)
(-0.0734)
G2(-0.0676)
(0.1064)
(-0.0144)
G3(0.0883)
(0.1171)
(-0.0729)
G4(0.3544)
(1.3473)
(-0.7646)
A1(-3.7937)
(11.0794)
(1.1209)
A2(4.3383)
(7.9200)
(3.4668)
A3(0.8954)
(7.8482)
(-5.9903)
A4(0.2777)
(12.0189)
(-2.3080)
G1(0.3001)
(1.4303)
(-0.3767)
G2(-0.6449)
(0.5566)
(0.3368)
G3(-0.0223)
(-0.0670)
(-0.1011)
G4(0.8461)
(2.9974)
(-1.7863)
A1(-1.4035)
(10.0926)
(-1.3221)
A2(3.8642)
(8.5473)
(4.1803)
A3(2.4229)
(8.1786)
(-5.8945)
A4(-2.4948)
(5.7604)
(-2.1308)
G1(1.3180)
(2.1822)
(-0.7104)
G2(-0.2804)
(0.6992)
(0.4156)
G3(-0.0319)
(-0.0926)
(-0.1330)
G4(1.0387)
(5.3983)
(-3.7221)
A1(3.3339)
(9.6376)
(1.7771)
A2(5.7604)
(6.7564)
(5.4684)
A3(0.1820)
(9.2847)
(-3.5913)
A4(8.5473)
(8.9687)
(-2.4612)
G1(0.4284)
(1.7288)
(-0.9184)
G2(-1.0413)
(0.8413)
(0.7551)
G3(-0.0846)
(1.4543)
(-0.7077)
G4(1.0323)
(3.1576)
(-1.5325)
A1(0.0958)
(9.7860)
(5.5133)
A2(-1.3120)
(5.2241)
(10.6350)
A3(-3.7397)
(15.3181)
(2.7246)
A4(-2.3128)
(11.2480)
(-6.1818)
G1(-3.5593)
(3.5364)
(-0.2927)
G2(-0.2107)
(4.4793)
(0.2937)
G3(1.6591)
(1.1946)
(-0.7061)
G4(0.6018)
(-0.2629)
(-0.7125)
A1(-7.7503)
(7.9706)
(5.7337)
A2(12.6462)
(4.1276)
(6.7947)
A3(0.6416)
(24.2772)
(8.6143)
A4(6.1914)
(3.1747)
(-8.0493)
G1(-7.4278)
(3.8046)
(-1.2169)
G2(0.6917)
(3.1975)
(-0.2054)
G3(3.3156)
(1.7049)
(-1.0541)
G4(0.9690)
(-0.3799)
(0.2543)
A1(0.0144)
(18.5662)
(11.9511)
A2(-2.0973)
(13.2495)
(5.5737)
A3(5.6790)
(15.6341)
(-5.0901)
A4(-4.7118)
(6.3207)
(-8.0732)
G1(-7.9482)
(4.0015)
(-0.0319)
G2(2.0662)
(2.0385)
(-0.1176)
G3(4.3931)
(4.6560)
(-3.5002)
G4(0.0122)
(1.3553)
(-0.7199)
A1(-4.4547)
(10.8878)
(14.2983)
A2(1.9058)
(11.9135)
(3.1364)
A3(26.6139)
(-0.9673)
(-20.7769)
A4(-5.3247)
(14.8967)
(-6.0286)
G1(-6.6503)
(8.5846)
(-0.0128)
G2(1.9289)
(4.6874)
(1.4947)
G3(-0.3746)
(-3.6785)
(-3.8685)
G4(0.8982)
(8.8623)
(-4.6363)
A1(5.7193)
(15.0982)
(10.1788)
A2(-2.2601)
(10.0509)
(2.8395)
A3(15.7251)
(5.8419)
(-22.7114)
A4(-15.3468)
(-2.1308)
(-12.4929)
G1(-3.4992)
(9.2401)
(-2.3189)
G2(1.1579)
(4.0047)
(1.0062)
G3(2.2934)
(-1.9098)
(-7.1697)
G4(0.8881)
(8.9475)
(-6.4503)
A1(-18.1447)
(1.7388)
(-18.1686)
A2(-3.7493)
(8.8107)
(14.3461)
A3(11.1426)
(-2.0734)
(2.4038)
A4(6.3207)
(17.3244)
(-4.4053)
G1(2.4413)
(0.6731)
(-1.1126)
G2(1.1536)
(9.8686)
(4.2032)
G3(5.2450)
(-7.8582)
(-7.2346)
G4(-1.5548)
(-0.1910)
(-0.0399)
A1(13.8720)
(2.4190)
(-7.7407)
A2(19.6708)
(5.4971)
(-4.6974)
A3(-7.8817)
(-19.9581)
(-0.3543)
A4(3.9744)
(-0.9146)
(-2.9401)
G1(-2.7287)
(-4.8736)
(2.3636)
G2(2.6691)
(-0.2123)
(1.2962)
G3(-5.3786)
(-5.8304)
(-9.6701)
G4(-1.1478)
(0.0612)
(0.6194)
A1(-4.6751)
(-0.2299)
(-1.3268)
A2(-2.1069)
(12.9574)
(10.3382)
A3(-25.2540)
(6.3207)
(-20.6428)
A4(3.6823)
(10.0940)
(-0.8906)
G1(0.3134)
(5.7404)
(2.3408)
G2(-0.0351)
(1.6815)
(-0.3299)
G3(-17.4363)
(-1.7240)
(17.4357)
G4(-0.3890)
(-0.2474)
(0.2847)
A1(-3.6500)
(3.4153)
(-1.5041)
A2(10.6350)
(-1.7909)
(5.9664)
A3(-11.5544)
(-5.5067)
(-9.3757)
A4(4.1851)
(12.3493)
(-1.4557)
G1(-0.1905)
(1.4904)
(2.5462)
G2(1.2622)
(1.0392)
(-0.2740)
G3(0.4347)
(1.4830)
(4.9593)
G4(0.0245)
(0.0803)
(0.2437)
A1(-11.3045)
(6.2941)
(-1.6765)
A2(0.6321)
(5.6264)
(2.6336)
A3(-0.7901)
(-4.6017)
(-6.0813)
A4(0.4166)
(9.0261)
(-4.4963)
G1(0.7907)
(0.6609)
(2.1034)
G2(0.4826)
(-0.3390)
(0.4965)
G3(-1.6213)
(4.4767)
(-0.5747)
G4(0.1958)
(-0.7386)
(0.3288)
A1(-5.9492)
(7.5156)
(3.9183)
A2(2.5762)
(9.1698)
(1.9106)
A3(-4.9081)
(-1.3408)
(-10.9750)
A4(-1.3455)
(8.7101)
(-6.1962)
G1(1.3659)
(-1.2904)
(1.7097)
G2(-0.3299)
(-0.8759)
(0.1160)
G3(-2.8580)
(1.8108)
(-0.2895)
G4(0.1804)
(-0.7045)
(0.1655)
A1(-4.6176)
(7.2042)
(1.3652)
A2(-1.4317)
(9.8928)
(2.0830)
A3(-6.3494)
(-2.2266)
(-11.3246)
A4(2.7102)
(8.5234)
(-5.9424)
G1(2.1130)
(-0.2613)
(1.7932)
G2(-0.1655)
(-0.6673)
(0.0761)
G3(-3.0229)
(2.9644)
(-1.2095)
G4(0.0942)
(-0.6061)
(0.2538)
A1(-6.8881)
(8.4209)
(1.5184)
A2(0.2777)
(10.4866)
(1.4748)
A3(0.1867)
(0.2059)
(-11.8130)
A4(0.2682)
(8.8442)
(-5.3774)
G1(1.8432)
(1.0743)
(-0.1671)
G2(0.0133)
(-0.6327)
(-0.2001)
G3(-3.3614)
(-0.9897)
(-0.3688)
G4(0.1224)
(-0.0676)
(0.1117)
A1(-6.0211)
(7.0988)
(-0.4503)
A2(2.1787)
(9.7396)
(0.9577)
A3(-3.6009)
(10.7308)
(-8.1882)
A4(0.2777)
(8.1882)
(-6.4452)
G1(1.0206)
(-0.2309)
(1.3340)
G2(-0.1128)
(-1.0967)
(0.0575)
G3(-3.2007)
(2.0758)
(-1.2345)
G4(0.1995)
(0.1761)
(0.3230)
A1(-4.5410)
(8.0137)
(2.0549)
A2(-1.4365)
(9.5385)
(0.7039)
A3(-0.5890)
(9.5146)
(-4.3910)
A4(1.4269)
(8.7197)
(-4.7453)
G1(0.8939)
(-0.3203)
(1.0828)
G2(-0.0553)
(-0.6401)
(-0.0069)
G3(-2.5424)
(0.1660)
(-0.5428)
G4(0.1612)
(0.0819)
(0.4358)
A1(-5.0295)
(9.2448)
(-0.7856)
A2(0.9385)
(9.3661)
(1.1301)
A3(-6.3159)
(9.1698)
(-4.4053)
A4(1.4126)
(9.0836)
(-4.7309)
G1(0.7215)
(0.1697)
(0.8141)
G2(-0.4464)
(0.3427)
(0.3060)
G3(-1.3345)
(0.3427)
(0.3379)
G4(0.2847)
(0.6609)
(0.4033)
