A1(-1.3939)
(8.6748)
(6.1792)
A2(2.9449)
(8.8585)
(1.8387)
A3(-2.1787)
(8.8490)
(-3.0694)
A4(-0.9242)
(7.8386)
(-7.0581)
G1(-1.4622)
(-0.0021)
(0.0452)
G2(-0.0772)
(-0.0325)
(-0.0181)
G3(0.0474)
(-0.0601)
(-0.0335)
G4(0.0591)
(0.0388)
(-0.1719)
A1(-2.8549)
(7.7072)
(5.2164)
A2(2.0830)
(9.0309)
(2.4277)
A3(-1.8818)
(9.2991)
(-2.8778)
A4(-0.3304)
(7.2927)
(-7.5178)
G1(-1.2430)
(-1.9678)
(-0.3352)
G2(-0.1405)
(0.2171)
(-0.0074)
G3(0.1479)
(-0.3251)
(0.1368)
G4(0.1117)
(-0.2990)
(0.2214)
A1(-7.0461)
(6.0546)
(4.8188)
A2(2.8395)
(9.2847)
(2.4038)
A3(-2.2697)
(10.3382)
(-2.4038)
A4(-0.3352)
(7.7045)
(-6.2441)
G1(-0.8860)
(-3.2299)
(-1.5740)
G2(0.2075)
(0.7966)
(-0.0133)
G3(0.1905)
(-1.5293)
(0.7503)
G4(0.2139)
(-0.5800)
(0.3597)
A1(0.5173)
(6.5001)
(8.4975)
A2(3.6296)
(8.9352)
(2.1213)
A3(-1.7142)
(7.3502)
(-4.1611)
A4(-2.9784)
(6.7086)
(-8.0541)
G1(0.3746)
(-1.7538)
(-1.0632)
G2(-0.1538)
(-1.0765)
(-0.3272)
G3(0.3262)
(-2.5525)
(1.9970)
G4(0.5348)
(-0.2331)
(0.5401)
A1(-3.8560)
(8.3730)
(9.5322)
A2(-0.8428)
(8.9591)
(4.5729)
A3(0.5171)
(9.2129)
(0.5507)
A4(-0.8667)
(9.3613)
(-6.2345)
G1(1.6815)
(-2.3583)
(0.2208)
G2(-0.0947)
(-2.5494)
(-0.1070)
G3(-1.4926)
(-6.9015)
(4.9683)
G4(0.8471)
(-0.7636)
(1.7991)
A1(-7.8652)
(6.5480)
(11.6637)
A2(-1.1827)
(10.3956)
(3.0406)
A3(-3.1556)
(-0.0096)
(-6.1579)
A4(1.5275)
(14.5903)
(-6.8378)
G1(2.2700)
(-0.1171)
(0.3006)
G2(-0.0234)
(-1.5351)
(-0.1517)
G3(0.6385)
(-2.8984)
(2.7468)
G4(1.2260)
(-1.3180)
(2.1928)
A1(0.0479)
(14.4180)
(1.0299)
A2(1.0056)
(10.5872)
(4.1228)
A3(-7.8051)
(24.5214)
(2.3272)
A4(-7.0198)
(12.3493)
(-6.7277)
G1(1.8113)
(-4.1478)
(0.8955)
G2(0.7375)
(-1.7576)
(0.0261)
G3(0.8168)
(1.5915)
(0.1123)
G4(1.1717)
(-3.8009)
(6.2906)
A1(-5.4415)
(10.0974)
(-0.7472)
A2(0.3304)
(10.9702)
(6.2010)
A3(4.7740)
(-3.4141)
(-12.5983)
A4(-6.8283)
(19.8000)
(-4.0845)
G1(2.1833)
(-2.5227)
(-2.0449)
G2(0.2634)
(-2.3599)
(0.3145)
G3(0.5481)
(0.7764)
(0.5683)
G4(1.9672)
(-4.4250)
(9.0885)
A1(6.9503)
(17.9626)
(3.5255)
A2(2.1261)
(8.2361)
(3.4237)
A3(5.6695)
(6.1387)
(-5.7652)
A4(-5.6886)
(0.7614)
(-25.1104)
G1(3.0511)
(-5.1993)
(-1.4181)
G2(-3.5513)
(-4.0707)
(-0.0186)
G3(-0.3794)
(0.4677)
(-0.1900)
G4(1.0307)
(5.1067)
(5.7048)
A1(12.1140)
(-0.6754)
(18.4943)
A2(-5.3630)
(12.2009)
(20.9205)
A3(9.5337)
(12.8377)
(-4.0462)
A4(-7.5561)
(-3.7493)
(-9.4284)
G1(-0.5013)
(-8.1775)
(0.8067)
G2(-6.8696)
(-6.5168)
(1.5282)
G3(-1.5038)
(-3.5300)
(0.7386)
G4(3.3630)
(6.7067)
(5.1950)
A1(-7.4533)
(8.5167)
(8.2245)
A2(4.2138)
(27.7536)
(15.5767)
A3(13.9199)
(13.6326)
(15.3133)
A4(-4.6256)
(-6.2441)
(-2.0111)
G1(1.7890)
(-14.0350)
(-1.5596)
G2(-7.7236)
(-2.5509)
(0.3757)
G3(-1.2020)
(-7.6459)
(2.8974)
G4(1.0158)
(8.1557)
(3.2597)
A1(-3.6644)
(8.2149)
(-12.2146)
A2(-0.3160)
(10.0652)
(9.9264)
A3(-7.8769)
(10.9511)
(6.9767)
A4(5.7796)
(3.2226)
(-13.4698)
G1(-1.1616)
(-0.6609)
(-0.3762)
G2(-3.7636)
(-7.6278)
(1.3824)
G3(-4.0685)
(-10.7822)
(5.6047)
G4(-4.5203)
(4.7326)
(6.4269)
A1(-17.2633)
(7.6449)
(4.2009)
A2(-9.1842)
(9.4715)
(-2.0973)
A3(18.9669)
(3.3998)
(1.7430)
A4(-12.2009)
(-31.9722)
(12.2775)
G1(0.2182)
(-1.6549)
(-0.6689)
G2(1.5873)
(-4.5889)
(2.5132)
G3(-0.7652)
(-1.3117)
(-0.1681)
G4(6.5817)
(-2.0114)
(-8.1301)
A1(1.7867)
(14.7677)
(3.2093)
A2(0.4453)
(-4.4724)
(-8.2361)
A3(-6.3782)
(4.4436)
(-4.4724)
A4(27.5094)
(4.4436)
(-7.1491)
G1(-0.6513)
(0.8530)
(-0.3826)
G2(0.2272)
(2.1444)
(1.9869)
G3(-1.3830)
(-3.1443)
(0.1687)
G4(-5.9767)
(3.6274)
(-0.8030)
A1(-3.2285)
(10.7584)
(0.1389)
A2(-6.3829)
(6.3877)
(-3.3232)
A3(-0.7278)
(8.2696)
(-3.7781)
A4(4.9416)
(-5.2337)
(-5.0996)
G1(-0.1804)
(-0.1644)
(-0.5444)
G2(-2.5568)
(0.0106)
(-0.2506)
G3(0.1133)
(0.0564)
(-0.2198)
G4(-0.3496)
(-2.4328)
(-0.1096)
A1(-2.3806)
(8.6269)
(-0.6131)
A2(9.8881)
(-6.4739)
(-5.5210)
A3(-0.0096)
(9.4236)
(-4.0654)
A4(7.8865)
(-3.0885)
(-3.5291)
G1(0.3810)
(0.9184)
(-0.0271)
G2(-0.4528)
(3.7599)
(-2.1705)
G3(0.0750)
(0.2911)
(-0.1644)
G4(3.0671)
(-1.6064)
(-1.3005)
A1(-0.2874)
(9.4939)
(0.1629)
A2(0.6512)
(1.0104)
(2.3367)
A3(1.0822)
(8.6383)
(-4.0558)
A4(2.7246)
(-3.7589)
(-3.8020)
G1(-0.2639)
(1.0855)
(-0.0772)
G2(-0.5763)
(2.1572)
(-1.5724)
G3(-0.1383)
(1.4410)
(-0.4480)
G4(-2.7303)
(-4.9135)
(-1.1302)
A1(-2.1172)
(8.8759)
(1.0921)
A2(11.7268)
(4.1707)
(-2.9592)
A3(1.3503)
(9.6295)
(-1.7957)
A4(1.4509)
(-0.6177)
(-11.2958)
G1(-0.7019)
(0.8163)
(-0.4017)
G2(-1.4889)
(1.6378)
(-1.3335)
G3(0.1916)
(1.2324)
(-0.4268)
G4(-5.1833)
(-3.9632)
(-1.5937)
A1(-1.4753)
(9.9298)
(0.9293)
A2(4.7453)
(2.9305)
(2.3607)
A3(-1.1492)
(9.6391)
(-3.1795)
A4(2.1644)
(4.9273)
(-11.0229)
G1(-0.6412)
(0.4145)
(-0.1197)
G2(-0.9530)
(3.5205)
(-1.7640)
G3(0.2815)
(1.0940)
(-0.2826)
G4(-3.6987)
(-1.5048)
(-1.3574)
A1(0.5988)
(9.4507)
(1.6478)
A2(13.4602)
(8.1642)
(3.1412)
A3(1.8340)
(8.6143)
(-4.5298)
A4(8.0685)
(3.8307)
(-12.7276)
G1(-0.1133)
(0.9573)
(-0.2554)
G2(0.5087)
(1.6150)
(-2.6217)
G3(0.3097)
(-0.3789)
(0.0335)
G4(-2.7574)
(-1.5447)
(0.1346)
