A1(-3.1423)
(8.3969)
(3.9614)
A2(2.7773)
(9.2033)
(-0.9290)
A3(-0.3543)
(10.4196)
(-0.8523)
A4(1.4653)
(8.5856)
(-5.2241)
G1(-2.6121)
(-0.3528)
(-0.7748)
G2(-0.1532)
(0.3012)
(-0.0160)
G3(0.6220)
(-1.2952)
(0.4347)
G4(0.2134)
(-0.2921)
(0.1171)
A1(2.9746)
(7.3192)
(8.5981)
A2(2.3128)
(9.0884)
(-1.4892)
A3(-6.8857)
(9.3039)
(-4.9081)
A4(-0.9194)
(9.8306)
(-4.5873)
G1(-0.5199)
(-1.8587)
(-1.1121)
G2(-0.3970)
(-0.5922)
(0.1245)
G3(0.2783)
(-3.0203)
(1.9204)
G4(0.6327)
(-1.6043)
(0.7822)
A1(-3.8991)
(3.8177)
(8.0377)
A2(6.0621)
(8.1020)
(-0.6895)
A3(9.1028)
(4.5250)
(-5.0326)
A4(4.3000)
(9.3613)
(-3.2274)
G1(1.0344)
(-4.4517)
(-0.1953)
G2(-0.0404)
(-2.6733)
(0.2357)
G3(0.1336)
(-4.5655)
(3.7317)
G4(1.4309)
(-1.5735)
(1.7964)
A1(-5.6714)
(12.5451)
(10.7680)
A2(-1.8052)
(9.2656)
(1.6472)
A3(-13.5225)
(9.4715)
(-10.1035)
A4(-5.8897)
(27.1790)
(9.9359)
G1(1.7634)
(-2.6100)
(-0.4922)
G2(0.0245)
(-2.6430)
(0.4581)
G3(-0.5449)
(-7.4916)
(3.9041)
G4(2.8830)
(-1.8539)
(2.3716)
A1(16.0562)
(18.6859)
(-6.3372)
A2(3.7254)
(13.1202)
(1.2977)
A3(6.9576)
(3.1173)
(-0.2059)
A4(1.2210)
(16.1321)
(-10.0844)
G1(1.4293)
(-1.8299)
(0.9929)
G2(0.4262)
(-1.4990)
(0.8594)
G3(0.5385)
(4.0020)
(-2.2104)
G4(3.6397)
(-1.5117)
(4.7901)
A1(10.7009)
(14.0540)
(5.8438)
A2(-0.5507)
(7.2832)
(8.4851)
A3(9.6151)
(8.7532)
(-4.8890)
A4(-28.4958)
(3.7828)
(-27.9978)
G1(1.9678)
(-5.2684)
(-0.8908)
G2(-3.9706)
(-3.7376)
(1.0935)
G3(0.0346)
(0.1245)
(-0.5396)
G4(-0.7492)
(1.3063)
(4.5240)
A1(7.9275)
(10.8351)
(3.5686)
A2(0.9050)
(8.7005)
(10.6446)
A3(6.0382)
(7.0629)
(-4.4772)
A4(-10.9223)
(-2.0255)
(-24.0234)
G1(2.4999)
(-6.8563)
(-1.9071)
G2(-7.8199)
(-3.8477)
(1.4223)
G3(-0.5880)
(-1.8193)
(0.4209)
G4(0.4390)
(2.1098)
(6.4912)
A1(6.2845)
(2.5291)
(13.8959)
A2(-4.7166)
(15.9023)
(23.8223)
A3(11.6023)
(10.9511)
(1.6903)
A4(-7.1970)
(-4.6783)
(-9.2799)
G1(-1.4303)
(-6.8547)
(0.8386)
G2(-7.5475)
(-3.4763)
(1.2808)
G3(-0.7779)
(-6.0118)
(1.1722)
G4(1.7081)
(7.9556)
(5.6409)
A1(3.5973)
(3.2045)
(12.8804)
A2(4.8842)
(8.8777)
(16.2279)
A3(9.7923)
(3.2561)
(1.5993)
A4(-5.5785)
(-15.1457)
(-2.4038)
G1(1.4016)
(-1.2478)
(-0.1554)
G2(-6.1895)
(-8.5388)
(0.2075)
G3(-1.8826)
(-8.4292)
(3.7599)
G4(-5.9799)
(4.7571)
(0.9700)
A1(-6.3516)
(12.5068)
(4.3254)
A2(-1.0343)
(11.6023)
(6.7325)
A3(-2.5618)
(5.6886)
(3.1699)
A4(2.5283)
(-11.7268)
(2.8539)
G1(-0.1841)
(-2.9330)
(0.3395)
G2(-4.4022)
(-7.9035)
(1.3441)
G3(-3.2374)
(-7.5331)
(2.8686)
G4(-8.1541)
(3.8014)
(2.7436)
A1(-2.5435)
(11.3380)
(-2.6106)
A2(-8.4420)
(10.6734)
(3.7541)
A3(4.7549)
(12.1673)
(4.4149)
A4(-6.6559)
(-63.9348)
(27.4376)
G1(-0.5853)
(0.5710)
(-0.1405)
G2(0.7609)
(-2.8723)
(2.8287)
G3(-0.5917)
(-1.5873)
(0.2293)
G4(5.2163)
(-3.7269)
(-1.1754)
A1(-1.0873)
(10.1357)
(0.5509)
A2(14.0683)
(1.6712)
(-6.2153)
A3(-7.2209)
(8.3653)
(-2.7581)
A4(-10.5776)
(13.8145)
(-21.5957)
G1(-0.4448)
(0.7865)
(-0.0521)
G2(2.0651)
(3.1091)
(1.2531)
G3(0.1644)
(0.1958)
(-0.3895)
G4(-7.2969)
(-2.3828)
(-2.5972)
A1(-1.7005)
(11.4051)
(0.8478)
A2(6.1770)
(7.1204)
(-14.5424)
A3(2.7054)
(6.7325)
(-5.5067)
A4(6.6176)
(-1.9489)
(-3.2944)
G1(-0.0436)
(0.2528)
(-0.0362)
G2(0.7056)
(2.9197)
(-0.2815)
G3(0.1245)
(0.5938)
(-0.2160)
G4(3.0378)
(-3.3592)
(-0.6162)
A1(-2.3806)
(11.2374)
(0.4551)
A2(1.8818)
(0.0814)
(2.1356)
A3(-0.9481)
(10.1897)
(-0.7183)
A4(8.0876)
(-4.6256)
(-4.5203)
G1(-0.1070)
(0.8578)
(0.0857)
G2(-1.0962)
(0.6316)
(-1.4452)
G3(-0.1963)
(-0.1235)
(-0.0692)
G4(0.6619)
(-4.7619)
(-2.0997)
A1(-1.2023)
(9.9489)
(-0.4407)
A2(11.0708)
(1.8962)
(-2.5187)
A3(0.9864)
(7.9535)
(-2.4852)
A4(7.6662)
(-2.2649)
(-5.6120)
G1(0.1117)
(1.0403)
(-0.2059)
G2(-0.4816)
(4.1212)
(-2.1960)
G3(-0.0074)
(1.5522)
(-0.3959)
G4(-2.5424)
(-4.7683)
(-1.6501)
A1(-0.9245)
(9.4986)
(-1.0346)
A2(7.2209)
(5.1667)
(3.1891)
A3(1.7286)
(8.4994)
(-3.7445)
A4(4.3479)
(2.1739)
(-11.9854)
G1(0.2623)
(1.1648)
(-0.2613)
G2(-0.7290)
(1.6096)
(-1.5687)
G3(-0.2400)
(0.3331)
(-0.2166)
G4(-4.6799)
(-3.4901)
(-1.4995)
A1(-0.8287)
(9.2879)
(-0.0096)
A2(11.7076)
(4.7262)
(2.3750)
A3(1.1061)
(8.8633)
(-3.1173)
A4(2.5953)
(-0.3352)
(-11.1953)
G1(0.3017)
(0.8785)
(-0.1538)
G2(0.0043)
(4.1606)
(-2.4605)
G3(-0.2985)
(0.8147)
(-0.3065)
G4(-3.4433)
(0.6614)
(-0.8780)
A1(-0.2922)
(9.5418)
(2.4429)
A2(6.5841)
(5.7269)
(8.4324)
A3(0.1389)
(10.3573)
(-0.0670)
A4(8.1690)
(10.0844)
(-11.9662)
G1(-0.6784)
(-0.1203)
(-0.0383)
G2(1.1398)
(0.2810)
(-2.4903)
G3(-0.0287)
(0.3139)
(-0.0591)
G4(-2.8229)
(-1.3010)
(1.1696)
A1(0.2826)
(8.9238)
(0.0000)
A2(6.5601)
(7.7716)
(4.0462)
A3(2.3080)
(10.0556)
(-1.1013)
A4(3.7781)
(11.0947)
(-8.0254)
G1(-0.7035)
(0.1288)
(-0.0048)
G2(2.2796)
(0.7838)
(-2.4153)
G3(0.2309)
(0.2081)
(-0.1022)
G4(-2.9436)
(-1.6139)
(1.0206)
A1(0.4551)
(9.3070)
(1.5855)
A2(7.3071)
(8.7963)
(3.0598)
A3(1.9632)
(9.5337)
(-0.8236)
A4(2.6288)
(10.4722)
(-0.2155)
G1(-0.6630)
(0.6928)
(-0.9312)
G2(2.2572)
(-0.9051)
(-1.4846)
G3(0.7482)
(0.2964)
(-0.2650)
G4(-1.4745)
(-1.1845)
(0.4608)
