A1(-2.8357)
(6.2366)
(2.5723)
A2(2.5235)
(8.7293)
(-0.2155)
A3(-1.6903)
(9.3757)
(-2.2410)
A4(0.4262)
(8.2887)
(-5.8849)
G1(-0.5295)
(0.5417)
(0.4278)
G2(-0.0516)
(0.0128)
(0.0921)
G3(0.1070)
(0.3118)
(-0.0857)
G4(0.0686)
(-0.0484)
(-0.0255)
A1(-3.3243)
(8.9334)
(2.6297)
A2(2.5235)
(9.0692)
(-0.3831)
A3(-2.1021)
(9.2129)
(-2.6193)
A4(0.1628)
(8.2073)
(-6.2584)
G1(-0.2565)
(-0.8210)
(-0.0458)
G2(-0.2389)
(0.0601)
(0.0474)
G3(0.3352)
(-0.1953)
(0.1229)
G4(0.2134)
(-0.1032)
(0.0750)
A1(-2.9076)
(9.2448)
(3.2381)
A2(2.1213)
(9.3374)
(1.0439)
A3(-1.4174)
(8.8633)
(-3.1364)
A4(0.2921)
(7.8099)
(-6.9336)
G1(0.2304)
(-0.6103)
(-0.1793)
G2(-0.2522)
(-0.1282)
(-0.0607)
G3(0.1043)
(-0.4268)
(0.2820)
G4(0.1618)
(-0.0202)
(0.0803)
A1(-2.7447)
(8.7849)
(3.1806)
A2(2.7198)
(9.5385)
(-0.4453)
A3(-0.5171)
(9.3422)
(-2.4565)
A4(0.9050)
(7.6998)
(-6.8331)
G1(-0.0037)
(0.1181)
(-0.0223)
G2(-0.0149)
(-0.6162)
(0.0117)
G3(0.0346)
(0.1000)
(-0.0357)
G4(0.0388)
(0.0702)
(-0.0905)
A1(-3.7650)
(8.1479)
(3.5686)
A2(3.3998)
(9.0980)
(-0.3974)
A3(-0.5459)
(8.9591)
(-3.0263)
A4(0.3639)
(7.8913)
(-6.1962)
G1(0.0357)
(0.3102)
(0.0809)
G2(-0.0426)
(-0.0011)
(0.0223)
G3(0.0777)
(0.2155)
(-0.1522)
G4(0.0942)
(0.0740)
(-0.1368)
A1(-3.1902)
(8.0616)
(3.3818)
A2(1.6999)
(9.0214)
(0.2203)
A3(-1.9201)
(9.2416)
(-3.2896)
A4(0.2825)
(8.0302)
(-6.5457)
G1(-0.5577)
(-0.6971)
(-0.3656)
G2(-0.1064)
(0.3778)
(-0.0410)
G3(0.2655)
(0.1990)
(0.0192)
G4(0.1485)
(0.0979)
(-0.0229)
A1(-5.8870)
(7.1659)
(5.1685)
A2(2.4181)
(9.5337)
(1.5323)
A3(-3.2034)
(10.2520)
(-3.6919)
A4(-0.8571)
(7.0102)
(-8.0541)
G1(-0.6151)
(-1.6927)
(-1.6245)
G2(-0.2618)
(0.4842)
(0.0511)
G3(0.2799)
(-1.5735)
(1.1935)
G4(0.1362)
(-0.2059)
(0.2384)
A1(-6.7923)
(7.0030)
(8.1431)
A2(1.1588)
(10.6590)
(0.7518)
A3(8.3941)
(6.0908)
(6.0861)
A4(-0.6895)
(16.4960)
(0.4836)
G1(1.6990)
(-2.8771)
(0.6705)
G2(0.3826)
(-2.0438)
(0.0857)
G3(-3.8727)
(-7.9992)
(5.1588)
G4(1.0350)
(-1.9614)
(1.6559)
A1(12.6409)
(14.7581)
(-3.4249)
A2(0.5219)
(11.0516)
(2.1308)
A3(3.2705)
(17.8272)
(-0.0622)
A4(-4.1468)
(19.1153)
(-10.8553)
G1(0.5869)
(-0.4486)
(1.8831)
G2(0.7540)
(-2.0061)
(0.6731)
G3(2.2918)
(1.6980)
(-0.9780)
G4(2.9463)
(-0.2501)
(3.0692)
A1(4.7230)
(12.5020)
(2.9650)
A2(-0.7422)
(3.7110)
(6.9336)
A3(3.5769)
(8.2791)
(-5.3008)
A4(-15.1601)
(-6.8091)
(-20.9349)
G1(2.6723)
(-5.2945)
(-1.1137)
G2(-5.2530)
(-1.5261)
(1.3606)
G3(-0.3145)
(0.0628)
(0.3805)
G4(-0.2751)
(1.4708)
(5.8016)
A1(5.9923)
(3.8033)
(15.9412)
A2(7.3741)
(7.7476)
(17.9948)
A3(9.3087)
(7.6758)
(-6.1196)
A4(-7.1922)
(-0.6656)
(-13.8768)
G1(1.5942)
(-8.7054)
(-0.0208)
G2(-7.0537)
(-7.0308)
(-0.8434)
G3(-0.8833)
(-3.3502)
(0.5906)
G4(2.4461)
(4.2447)
(7.9647)
A1(-12.3296)
(12.0326)
(-4.5170)
A2(5.1667)
(6.6415)
(13.4650)
A3(6.5362)
(6.2824)
(10.8409)
A4(-2.8252)
(-13.8672)
(-2.0494)
G1(0.8790)
(1.4080)
(-0.2634)
G2(-4.6980)
(-9.5158)
(-0.2852)
G3(-3.4710)
(-11.5346)
(5.5068)
G4(-4.1547)
(4.8997)
(2.4887)
A1(-6.0402)
(13.0050)
(3.0369)
A2(-4.2042)
(10.6638)
(4.3766)
A3(22.7401)
(5.0470)
(3.1173)
A4(-0.4022)
(5.5976)
(-50.8337)
G1(-0.3618)
(-2.2194)
(-0.2017)
G2(0.5071)
(-5.0407)
(2.6893)
G3(-0.5236)
(-0.4305)
(-1.0121)
G4(3.9148)
(7.0925)
(0.9328)
A1(-5.0008)
(8.8951)
(1.8250)
A2(19.5941)
(-2.5426)
(-3.3088)
A3(0.6416)
(10.1945)
(-0.6943)
A4(14.0731)
(1.4940)
(-5.7700)
G1(-0.5417)
(-0.7726)
(-0.1458)
G2(-0.1767)
(-1.8390)
(1.1728)
G3(0.1501)
(-0.6401)
(0.0628)
G4(2.5078)
(0.3246)
(-1.8299)
A1(-2.0885)
(9.6663)
(3.2381)
A2(5.4013)
(-4.1755)
(-0.8523)
A3(-0.9529)
(9.8976)
(-0.3160)
A4(6.1531)
(-3.3327)
(-4.0701)
G1(-0.4709)
(0.1485)
(-0.0793)
G2(0.2001)
(1.4537)
(-1.7650)
G3(0.4347)
(0.1383)
(0.2714)
G4(2.0944)
(-2.1295)
(-0.3884)
A1(-3.2812)
(9.6376)
(3.2093)
A2(4.9321)
(1.8292)
(3.4860)
A3(2.0494)
(9.0788)
(-4.6160)
A4(8.1020)
(-2.8778)
(-4.9704)
G1(-0.0335)
(1.6836)
(0.0303)
G2(-0.8062)
(2.2045)
(-1.0020)
G3(0.4895)
(-0.0181)
(0.2176)
G4(-0.0037)
(-2.7936)
(-1.5915)
A1(4.8763)
(11.5967)
(0.2539)
A2(10.2855)
(3.0023)
(-1.5610)
A3(-2.2553)
(11.9614)
(-1.3503)
A4(6.3015)
(-2.5426)
(-5.5593)
G1(0.1862)
(1.6357)
(0.3826)
G2(-0.6572)
(1.5378)
(-1.0062)
G3(0.5555)
(3.2294)
(-1.3521)
G4(-1.7767)
(-2.8026)
(-1.6070)
A1(-1.1448)
(8.2245)
(2.3280)
A2(12.1961)
(6.3446)
(6.2680)
A3(1.5706)
(8.4084)
(-5.1475)
A4(1.1827)
(2.5953)
(-8.7724)
G1(0.1985)
(0.1666)
(-0.2623)
G2(-0.1357)
(2.6829)
(-1.0626)
G3(-0.0335)
(-1.3564)
(0.6832)
G4(-2.6175)
(-1.8097)
(-1.3585)
A1(-2.2034)
(8.3586)
(-0.4167)
A2(9.4906)
(5.4348)
(1.2833)
A3(2.2266)
(8.6479)
(-2.9209)
A4(2.1548)
(4.0366)
(-11.4060)
G1(-0.2591)
(0.3932)
(-0.2442)
G2(0.4890)
(1.1627)
(-2.1886)
G3(0.2464)
(0.1346)
(-0.0037)
G4(-2.1934)
(-1.3095)
(0.1995)
A1(-0.6131)
(10.8063)
(3.1518)
A2(8.6191)
(8.1163)
(3.8499)
A3(1.7957)
(8.3797)
(-4.5873)
A4(5.2098)
(12.9383)
(-6.6272)
G1(1.1951)
(0.5310)
(-0.4480)
G2(1.3787)
(1.4857)
(-2.2019)
G3(0.3150)
(0.3725)
(-0.0591)
G4(-1.8677)
(-2.4557)
(1.0477)
