A1(-2.6872)
(10.0974)
(1.9064)
A2(3.0837)
(8.8921)
(3.1029)
A3(0.2203)
(7.7428)
(-5.9807)
A4(5.0613)
(9.1554)
(-3.9265)
G1(-0.0702)
(0.6933)
(0.0074)
G2(-0.0330)
(0.0559)
(0.0197)
G3(0.0277)
(0.1048)
(0.0325)
G4(0.3315)
(1.7991)
(-0.7753)
A1(-2.9076)
(9.2687)
(0.2060)
A2(3.7541)
(8.8921)
(2.3607)
A3(0.7518)
(8.0014)
(-5.4588)
A4(1.2737)
(8.1738)
(-3.5961)
G1(0.6811)
(1.2670)
(-0.4768)
G2(-0.1990)
(0.2841)
(0.1612)
G3(-0.0357)
(0.2708)
(-0.2011)
G4(0.9599)
(3.7854)
(-2.0619)
A1(-1.5568)
(10.3225)
(1.1065)
A2(4.6735)
(9.0549)
(3.1556)
A3(0.7566)
(7.4029)
(-6.1723)
A4(-8.8011)
(15.4809)
(4.5586)
G1(0.4534)
(2.4413)
(-0.6848)
G2(-0.3762)
(1.0201)
(0.4699)
G3(-0.1011)
(-0.0133)
(-0.1075)
G4(1.2526)
(6.5482)
(-4.3617)
A1(-0.9293)
(10.9596)
(3.6404)
A2(4.3527)
(6.5601)
(4.3431)
A3(1.3838)
(8.4611)
(-5.5641)
A4(6.3111)
(3.0406)
(3.2657)
G1(-0.9993)
(3.0980)
(-1.0759)
G2(-0.1756)
(1.2776)
(1.0759)
G3(0.1016)
(0.5534)
(-0.3624)
G4(0.3108)
(1.5580)
(-0.3916)
A1(-0.9628)
(9.1633)
(6.9168)
A2(-1.6089)
(5.0853)
(6.7325)
A3(-4.7692)
(14.7626)
(1.4892)
A4(2.3750)
(-2.6911)
(-7.7572)
G1(-2.5430)
(3.4300)
(-1.7666)
G2(0.0862)
(1.9183)
(0.9461)
G3(0.3006)
(1.3909)
(-0.9051)
G4(1.1015)
(0.4512)
(-0.2203)
A1(-4.4356)
(14.7629)
(-0.4167)
A2(8.1307)
(9.6534)
(11.0947)
A3(-2.9640)
(18.5359)
(1.0870)
A4(0.5698)
(8.9064)
(-6.5745)
G1(-6.6514)
(8.3393)
(1.9880)
G2(1.9039)
(2.4988)
(-0.5896)
G3(2.7739)
(1.2877)
(-1.6469)
G4(0.0372)
(-1.0424)
(-0.0234)
A1(-0.1198)
(12.4828)
(18.8775)
A2(11.6262)
(9.7157)
(9.7013)
A3(8.3558)
(20.4561)
(3.2226)
A4(2.9257)
(9.0118)
(-6.0334)
G1(-7.0494)
(5.1429)
(0.4901)
G2(0.2618)
(-2.7861)
(-0.4379)
G3(4.0339)
(9.5807)
(-5.3632)
G4(0.3608)
(2.2753)
(-0.8711)
A1(-12.4541)
(10.7584)
(13.2109)
A2(1.1875)
(8.8298)
(7.2113)
A3(29.6977)
(1.5850)
(-16.6493)
A4(-5.2672)
(15.9789)
(-1.3695)
G1(-6.1044)
(5.4744)
(1.3250)
G2(1.2175)
(4.0850)
(0.6678)
G3(1.3212)
(-3.1772)
(-1.0797)
G4(0.7210)
(5.8383)
(-1.5820)
A1(10.2363)
(15.7832)
(6.8258)
A2(-7.5513)
(11.5065)
(1.8818)
A3(13.1921)
(-6.4835)
(-11.7699)
A4(-3.8307)
(-16.4290)
(-8.3175)
G1(0.0521)
(7.5629)
(-2.9186)
G2(1.8762)
(6.4364)
(2.4115)
G3(5.5712)
(-5.8963)
(-7.8620)
G4(0.5901)
(9.3646)
(-7.5853)
A1(-1.6861)
(7.6114)
(-15.8167)
A2(-5.8419)
(11.8992)
(11.6502)
A3(11.2958)
(-7.3981)
(1.0965)
A4(4.6495)
(6.9671)
(-5.2720)
G1(1.5410)
(6.9462)
(-1.5884)
G2(1.5022)
(8.3872)
(1.7964)
G3(5.0019)
(-10.0356)
(-5.1647)
G4(-0.8067)
(5.2046)
(-3.8376)
A1(6.7300)
(-2.0789)
(0.0048)
A2(10.5776)
(9.1889)
(2.7677)
A3(-0.6369)
(-20.9541)
(3.7781)
A4(0.3112)
(7.1443)
(-4.3287)
G1(-3.2842)
(3.7349)
(0.6593)
G2(3.5359)
(14.4155)
(2.7649)
G3(-5.0827)
(-4.8140)
(-9.2630)
G4(-0.8349)
(3.0607)
(0.1341)
A1(3.1087)
(2.1220)
(0.2299)
A2(11.3533)
(7.4316)
(21.2414)
A3(-19.1967)
(36.3105)
(-1.8052)
A4(1.0918)
(8.3893)
(-4.1899)
G1(-1.8379)
(-8.3935)
(3.4508)
G2(1.4197)
(-1.7288)
(2.1487)
G3(1.0115)
(7.5991)
(-10.1495)
G4(-1.0658)
(-3.2576)
(1.4708)
A1(-1.5951)
(1.5999)
(-1.2933)
A2(5.8562)
(5.9424)
(3.1029)
A3(-19.4457)
(7.5178)
(-4.3479)
A4(6.0190)
(10.8697)
(-2.1787)
G1(-1.0546)
(2.1412)
(2.5749)
G2(0.5577)
(1.2457)
(-0.4294)
G3(-5.6127)
(-3.9706)
(4.4405)
G4(0.0490)
(0.2118)
(0.0144)
A1(-13.1439)
(5.9540)
(-0.4742)
A2(0.9098)
(10.3382)
(2.2075)
A3(-4.6064)
(-8.3366)
(-6.2345)
A4(0.5267)
(8.7101)
(-5.2481)
G1(-0.5332)
(-1.3297)
(1.7608)
G2(0.5986)
(-2.4679)
(-0.1224)
G3(-2.0508)
(3.5018)
(0.8237)
G4(0.0798)
(-0.1107)
(0.1054)
A1(-9.1681)
(5.9588)
(1.5184)
A2(1.2833)
(9.3948)
(1.8100)
A3(-3.5386)
(-7.2784)
(-10.7595)
A4(0.1532)
(9.4284)
(-4.8842)
G1(-0.2549)
(0.5965)
(1.2845)
G2(-0.0372)
(0.3533)
(0.5757)
G3(-2.8936)
(2.3950)
(0.3895)
G4(-0.0394)
(-0.6231)
(0.1852)
A1(-5.5085)
(6.3564)
(0.9628)
A2(2.5714)
(10.8457)
(1.2306)
A3(-4.5155)
(-3.1460)
(-10.4483)
A4(1.3408)
(9.0070)
(-3.5482)
G1(-0.0947)
(-0.7524)
(1.1946)
G2(-0.0138)
(-0.4049)
(-0.1687)
G3(-3.0958)
(2.1753)
(0.0266)
G4(-0.0059)
(-0.1298)
(0.0319)
A1(-8.7370)
(7.8605)
(0.8574)
A2(-0.0479)
(10.3142)
(1.5323)
A3(-0.9290)
(0.4262)
(-8.5808)
A4(0.5938)
(9.1459)
(-4.1899)
G1(0.1394)
(-0.9977)
(1.0371)
G2(0.0654)
(-1.2563)
(-0.0229)
G3(-2.1960)
(1.3872)
(-0.8966)
G4(-0.0202)
(-0.2810)
(0.1304)
A1(-6.0450)
(6.8306)
(0.8526)
A2(2.9401)
(9.0214)
(1.4269)
A3(-0.4262)
(1.9441)
(-9.6391)
A4(0.4166)
(8.6814)
(-5.0470)
G1(0.5231)
(-0.6002)
(1.1446)
G2(0.1751)
(-0.3698)
(-0.0889)
G3(-2.6872)
(0.3693)
(-0.2283)
G4(-0.1325)
(0.0894)
(0.0756)
A1(-6.6246)
(7.5826)
(1.2310)
A2(0.9433)
(9.7396)
(1.3791)
A3(-2.2266)
(1.1349)
(-9.9790)
A4(1.1492)
(9.2847)
(-3.9217)
G1(0.6859)
(-0.7726)
(1.0802)
G2(0.0670)
(-0.9386)
(0.0133)
G3(-2.5100)
(1.0488)
(-0.4693)
G4(-0.1985)
(0.0000)
(0.0873)
A1(-6.1456)
(8.2532)
(1.9639)
A2(1.1492)
(9.5146)
(0.5028)
A3(0.4932)
(3.5482)
(-9.3182)
A4(0.2777)
(9.2273)
(-3.8355)
G1(1.8491)
(-0.1729)
(0.7652)
G2(0.2841)
(-0.1575)
(-0.0234)
G3(-2.3040)
(-0.0053)
(-0.1336)
G4(-0.1107)
(-0.1197)
(0.2166)
