A1(-2.8788)
(8.6891)
(-1.3125)
A2(2.8922)
(8.8825)
(2.2745)
A3(1.6281)
(7.8434)
(-5.4923)
A4(4.1707)
(9.2703)
(-2.7390)
G1(0.0122)
(-0.0910)
(0.1250)
G2(-0.0633)
(0.0825)
(0.0319)
G3(-0.0623)
(-0.0676)
(0.0335)
G4(0.2528)
(1.4388)
(-0.4379)
A1(-3.7698)
(9.4220)
(-0.2012)
A2(2.5426)
(9.2799)
(2.3942)
A3(0.9194)
(8.3653)
(-4.2713)
A4(3.8211)
(9.4284)
(-1.5802)
G1(-0.2692)
(1.9544)
(-0.4347)
G2(-0.4534)
(0.2442)
(0.0208)
G3(-0.0974)
(-0.3363)
(0.0974)
G4(1.2531)
(3.7083)
(-1.6400)
A1(-0.0766)
(10.4998)
(-0.0335)
A2(3.3758)
(9.3278)
(1.6855)
A3(-2.4565)
(9.0549)
(-4.0749)
A4(-6.6463)
(10.8601)
(-0.5555)
G1(0.3006)
(1.9688)
(-0.3219)
G2(-0.6864)
(0.7721)
(0.1793)
G3(-0.0202)
(0.2166)
(-0.0623)
G4(1.2856)
(5.6888)
(-3.9850)
A1(-0.7137)
(12.2673)
(1.2646)
A2(6.4212)
(5.8945)
(6.4165)
A3(1.1444)
(10.3765)
(-3.0071)
A4(15.6533)
(5.8227)
(1.2498)
G1(-1.0009)
(2.4126)
(-1.2116)
G2(-1.4378)
(1.5181)
(1.1063)
G3(0.4869)
(0.5970)
(-0.1006)
G4(1.4915)
(2.2609)
(-0.5843)
A1(-2.7016)
(1.7053)
(10.9883)
A2(2.5235)
(6.8235)
(8.8873)
A3(-0.1293)
(16.2710)
(2.5522)
A4(-3.1220)
(12.0093)
(-6.4500)
G1(-6.2321)
(3.4513)
(-0.4081)
G2(-0.5587)
(5.0944)
(-0.2182)
G3(2.1167)
(0.9131)
(-0.6928)
G4(0.4103)
(-1.2271)
(0.4805)
A1(-4.9721)
(22.3072)
(0.0383)
A2(10.5345)
(8.5281)
(5.7413)
A3(3.5817)
(27.9978)
(12.1099)
A4(-0.6177)
(5.9568)
(-3.8834)
G1(-6.9952)
(1.4090)
(-0.2645)
G2(1.1765)
(2.1902)
(-0.5837)
G3(3.6232)
(0.2017)
(-0.9881)
G4(0.4225)
(0.6795)
(-0.3070)
A1(-0.5748)
(13.8288)
(18.8344)
A2(-8.5808)
(11.4586)
(-3.5530)
A3(15.4761)
(13.7475)
(-6.8091)
A4(-2.2505)
(10.7691)
(-4.5490)
G1(-7.2021)
(4.0084)
(-0.9897)
G2(1.1387)
(1.8858)
(-0.5593)
G3(3.5103)
(4.6139)
(-5.6729)
G4(0.0750)
(0.7290)
(-0.3288)
A1(-4.4356)
(12.8181)
(16.9855)
A2(-1.7047)
(3.6057)
(4.6256)
A3(29.5253)
(12.5313)
(-17.1664)
A4(-3.5961)
(8.6431)
(-6.9336)
G1(-6.9010)
(2.8745)
(0.3272)
G2(0.9057)
(5.1264)
(0.4645)
G3(-0.8141)
(1.3324)
(-2.7196)
G4(0.3783)
(3.0064)
(-0.8727)
A1(1.2694)
(11.9224)
(9.2304)
A2(-3.7972)
(8.2361)
(4.3862)
A3(11.7795)
(6.1962)
(-17.5639)
A4(-8.8155)
(10.7021)
(-4.4388)
G1(-2.8484)
(6.7036)
(-0.9222)
G2(0.6066)
(4.0765)
(1.0254)
G3(3.2219)
(-2.5903)
(-8.5596)
G4(1.1531)
(10.5912)
(-5.5531)
A1(2.5387)
(4.5026)
(-26.5799)
A2(-10.4387)
(12.6701)
(12.0476)
A3(5.8371)
(-6.1531)
(0.4405)
A4(5.3247)
(8.2361)
(-5.5354)
G1(-0.4528)
(5.5435)
(-1.5016)
G2(0.8487)
(6.9292)
(2.5728)
G3(2.3514)
(-7.8231)
(-5.3818)
G4(-1.1345)
(1.1009)
(-0.1740)
A1(-18.1255)
(0.4598)
(15.6586)
A2(-0.0575)
(8.0349)
(9.6343)
A3(8.0972)
(-8.4851)
(2.3032)
A4(11.1043)
(20.3172)
(3.5243)
G1(0.5885)
(3.0229)
(1.6107)
G2(-0.0660)
(12.1902)
(3.9046)
G3(-2.7893)
(-5.6042)
(-5.1817)
G4(-1.9337)
(2.3695)
(-0.0915)
A1(-2.9459)
(6.3229)
(-7.1372)
A2(11.1713)
(2.3080)
(2.6576)
A3(-35.1756)
(28.0457)
(-22.6539)
A4(4.7166)
(10.6446)
(4.5921)
G1(-2.3126)
(-8.5468)
(2.7494)
G2(2.1519)
(0.1256)
(0.3794)
G3(0.9557)
(-1.2941)
(-7.3799)
G4(-1.0632)
(-0.3810)
(0.8854)
A1(-7.5443)
(1.1113)
(3.0465)
A2(2.0063)
(1.0534)
(6.6367)
A3(-8.1259)
(13.2160)
(2.3750)
A4(-0.8140)
(9.1219)
(-4.3910)
G1(-0.9972)
(3.2640)
(1.9433)
G2(0.5571)
(1.5644)
(0.1219)
G3(-4.5645)
(-1.7799)
(6.9356)
G4(0.0372)
(-0.3033)
(0.1799)
A1(-1.8633)
(8.8089)
(-2.1890)
A2(9.5577)
(9.2847)
(7.8721)
A3(-6.7900)
(-7.8147)
(-6.9097)
A4(2.6001)
(9.7588)
(-3.7350)
G1(1.0525)
(-1.5947)
(1.5112)
G2(-0.4917)
(-0.5390)
(-0.0357)
G3(2.1684)
(1.2137)
(4.2255)
G4(0.2123)
(0.2496)
(-0.0314)
A1(-9.9681)
(4.6080)
(-0.0287)
A2(-3.9313)
(9.6965)
(1.4461)
A3(-4.8650)
(-4.1563)
(-6.4691)
A4(0.7374)
(8.1499)
(-5.0374)
G1(-0.0585)
(1.3085)
(1.1855)
G2(-0.0101)
(-0.0937)
(0.3970)
G3(-1.9092)
(4.4011)
(-0.2373)
G4(0.1256)
(-0.1362)
(0.0724)
A1(-6.8066)
(5.6091)
(3.7410)
A2(4.7884)
(10.0987)
(2.8683)
A3(-4.9656)
(-3.4237)
(-11.0708)
A4(1.1349)
(8.9112)
(-4.9560)
G1(0.7274)
(-1.3063)
(1.6235)
G2(0.1878)
(1.2808)
(-0.0495)
G3(-3.6561)
(3.5460)
(-1.1158)
G4(0.0261)
(-0.4885)
(0.0724)
A1(-9.8675)
(6.7492)
(1.7005)
A2(-0.8045)
(9.5146)
(1.0630)
A3(0.1389)
(-1.3934)
(-10.9223)
A4(0.3879)
(9.0836)
(-4.3000)
G1(1.1659)
(-1.2616)
(1.7900)
G2(0.0415)
(-0.4848)
(-0.1245)
G3(-3.6306)
(0.9647)
(-2.7265)
G4(-0.0208)
(-0.0447)
(0.0633)
A1(-6.1265)
(8.0760)
(1.9591)
A2(1.4748)
(9.2943)
(1.1396)
A3(-1.2019)
(3.5482)
(-10.5584)
A4(-0.1484)
(9.3613)
(-4.5250)
G1(1.8321)
(-0.7386)
(1.0509)
G2(0.1479)
(-0.7524)
(0.0926)
G3(-3.2001)
(-0.1623)
(0.1006)
G4(-0.1128)
(-0.3507)
(0.2639)
A1(-5.5660)
(8.2532)
(1.8250)
A2(-0.8140)
(9.3901)
(1.3982)
A3(-3.9696)
(4.5538)
(-9.6055)
A4(0.9290)
(9.2464)
(-3.5674)
G1(2.1492)
(-0.8657)
(1.0355)
G2(-0.0186)
(-0.7774)
(0.0553)
G3(-3.3284)
(0.6183)
(-0.0633)
G4(-0.0607)
(-0.2480)
(0.2921)
A1(-5.5948)
(7.2904)
(0.8957)
A2(0.0192)
(9.8545)
(1.7190)
A3(-2.5762)
(8.8059)
(-7.9009)
A4(1.0726)
(9.5146)
(-3.1747)
G1(1.8289)
(-0.7285)
(0.8620)
G2(0.0846)
(-0.9424)
(0.0585)
G3(-2.5499)
(1.0680)
(-0.1506)
G4(0.1096)
(-0.3895)
(0.3592)
