A1(-0.0096)
(8.7418)
(3.2812)
A2(0.3879)
(8.6239)
(0.1437)
A3(-0.4262)
(8.3366)
(-3.4141)
A4(0.1963)
(8.8969)
(-5.2672)
G1(-1.1781)
(-1.6229)
(-1.1238)
G2(-0.3214)
(1.0360)
(0.0192)
G3(0.8535)
(-1.1355)
(0.5295)
G4(0.4576)
(-0.2559)
(0.1564)
A1(-4.1290)
(6.2797)
(2.3136)
A2(1.6089)
(8.7340)
(1.7717)
A3(-5.4205)
(9.2129)
(-8.2600)
A4(-1.3599)
(6.6463)
(-7.7907)
G1(-1.7964)
(-3.7083)
(-1.5953)
G2(-0.7247)
(0.6827)
(0.2512)
G3(0.5513)
(-2.0465)
(1.6543)
G4(0.3938)
(-0.1974)
(0.2671)
A1(4.4452)
(5.3888)
(9.5609)
A2(1.8627)
(9.5624)
(2.3463)
A3(5.9424)
(5.8419)
(-6.1052)
A4(-3.0358)
(7.4460)
(-9.4619)
G1(0.2299)
(-4.2399)
(-0.7721)
G2(-0.5827)
(-0.4507)
(-0.0591)
G3(-0.0144)
(-3.1315)
(2.8181)
G4(0.2501)
(-0.7455)
(0.7843)
A1(-8.9717)
(10.4471)
(12.7846)
A2(2.3750)
(10.7452)
(3.2034)
A3(15.1361)
(6.6272)
(7.2018)
A4(3.3375)
(12.0620)
(-4.3048)
G1(1.0493)
(-5.8580)
(0.3586)
G2(-0.2123)
(-3.9297)
(-0.2139)
G3(-3.0442)
(-6.6019)
(5.3280)
G4(0.6396)
(-1.3585)
(1.5793)
A1(15.3617)
(10.4183)
(-7.7599)
A2(-0.4405)
(11.8417)
(3.6966)
A3(-13.3788)
(-1.7621)
(-6.3398)
A4(-7.2018)
(21.6292)
(-5.5115)
G1(1.6070)
(0.3879)
(-1.3952)
G2(0.7657)
(-2.4530)
(0.0186)
G3(-0.9237)
(3.0575)
(0.2762)
G4(3.5050)
(-2.7053)
(5.3525)
A1(3.6931)
(8.7370)
(9.7621)
A2(-2.5522)
(10.8505)
(6.2010)
A3(-3.3136)
(16.5200)
(17.5112)
A4(-13.6230)
(26.0058)
(-10.4387)
G1(2.1354)
(-9.8191)
(-0.5896)
G2(1.3345)
(-2.3307)
(0.1469)
G3(0.0926)
(5.6691)
(0.8115)
G4(3.7945)
(-4.1414)
(10.5023)
A1(15.1030)
(11.2853)
(6.8258)
A2(-5.3870)
(4.9416)
(17.8703)
A3(10.7356)
(9.8497)
(-2.9209)
A4(-12.5839)
(-1.4365)
(-29.0512)
G1(1.1818)
(-6.5822)
(-2.3652)
G2(-6.9004)
(-2.7755)
(0.2176)
G3(-0.5050)
(-1.9874)
(0.2251)
G4(1.1903)
(5.4291)
(6.8169)
A1(13.0768)
(7.8365)
(16.0850)
A2(6.9815)
(19.3691)
(10.5153)
A3(8.8969)
(9.5768)
(-2.6863)
A4(-9.9120)
(-7.0773)
(-14.6525)
G1(-0.0537)
(-9.1114)
(-1.1068)
G2(-7.6081)
(-9.4822)
(-0.4092)
G3(-0.3645)
(-2.1817)
(0.1958)
G4(1.2297)
(8.0035)
(7.4453)
A1(-4.7038)
(11.9990)
(16.0131)
A2(-13.0101)
(14.2311)
(26.6858)
A3(7.4316)
(11.7124)
(1.3599)
A4(-8.1642)
(-7.8338)
(-5.7700)
G1(-1.0823)
(-12.8362)
(-1.8800)
G2(-7.8449)
(-5.3360)
(1.0557)
G3(-0.1091)
(-5.2504)
(1.2451)
G4(-1.1706)
(9.4423)
(5.8639)
A1(-3.3674)
(10.9069)
(-1.9783)
A2(12.4355)
(7.1395)
(16.4817)
A3(14.1306)
(-3.7733)
(5.1140)
A4(-5.9376)
(-14.3508)
(-2.8156)
G1(1.9353)
(0.1884)
(0.3203)
G2(-6.2321)
(-10.2889)
(-0.1740)
G3(-3.5668)
(-11.1557)
(6.6849)
G4(-7.4134)
(2.4264)
(3.4885)
A1(-1.8058)
(6.7923)
(5.5229)
A2(-9.0740)
(13.3213)
(14.8153)
A3(-18.0906)
(14.1785)
(3.2417)
A4(51.6238)
(34.2562)
(-43.0669)
G1(0.2171)
(0.8482)
(-0.9025)
G2(-2.8601)
(-11.4793)
(1.9747)
G3(-2.8825)
(-3.8818)
(1.4814)
G4(6.9164)
(2.8553)
(5.2291)
A1(-0.6562)
(17.1867)
(1.2789)
A2(-1.2019)
(-0.7183)
(-21.7394)
A3(-11.3389)
(9.3709)
(2.7916)
A4(13.2399)
(15.0883)
(-20.0921)
G1(-0.6183)
(-0.6210)
(-0.0937)
G2(0.0564)
(-1.7432)
(1.4974)
G3(-0.7402)
(-1.8970)
(-0.7455)
G4(-6.0608)
(1.5479)
(-0.8477)
A1(-3.2955)
(6.0354)
(1.4610)
A2(2.8156)
(-6.5745)
(-3.6105)
A3(-0.6225)
(10.2999)
(-2.6671)
A4(4.9081)
(-9.1746)
(1.1444)
G1(-0.3326)
(0.7120)
(0.0559)
G2(-0.7652)
(0.3507)
(0.8402)
G3(0.0037)
(0.0670)
(-0.3480)
G4(3.5652)
(-4.1989)
(-2.1519)
A1(-4.2344)
(11.4626)
(-0.2970)
A2(-4.4293)
(7.8865)
(0.0958)
A3(0.4549)
(10.7069)
(-2.3798)
A4(4.5969)
(-6.6846)
(-3.3184)
G1(-0.4496)
(0.4997)
(0.2171)
G2(-3.1320)
(2.7180)
(-0.8237)
G3(0.2841)
(0.8285)
(-0.5630)
G4(-1.2015)
(-5.5616)
(-0.7125)
A1(0.4167)
(9.9393)
(0.5652)
A2(0.2011)
(4.0031)
(-0.2203)
A3(-0.7709)
(9.7779)
(-3.3902)
A4(1.7382)
(-2.9880)
(-10.2424)
G1(0.1852)
(0.2591)
(0.2586)
G2(-1.7416)
(-1.0238)
(-1.8858)
G3(0.0793)
(0.8418)
(-0.2602)
G4(-5.2413)
(-5.0721)
(-0.7184)
A1(-2.7207)
(9.9968)
(-0.1772)
A2(6.2537)
(4.6543)
(4.5681)
A3(2.7533)
(8.6957)
(-1.5562)
A4(-7.2880)
(4.7070)
(-9.4044)
G1(-0.0314)
(0.9237)
(-0.4720)
G2(-0.0665)
(4.0744)
(-2.1247)
G3(0.1458)
(0.9227)
(-0.3890)
G4(-4.2207)
(-4.2867)
(-1.3000)
A1(0.3880)
(9.6328)
(0.4886)
A2(10.3669)
(6.9959)
(3.3902)
A3(1.3647)
(8.4898)
(-3.2896)
A4(1.0104)
(7.3694)
(-16.0651)
G1(0.0660)
(0.3560)
(-0.1671)
G2(1.0382)
(2.5196)
(-2.8995)
G3(0.0686)
(0.3826)
(-0.1825)
G4(-4.3005)
(-2.4318)
(-0.9088)
A1(-2.0645)
(10.3417)
(0.6514)
A2(7.3023)
(3.3998)
(5.3056)
A3(0.7087)
(9.7923)
(-2.4086)
A4(6.9623)
(6.5074)
(-11.5257)
G1(0.0298)
(-0.1383)
(0.0303)
G2(1.7804)
(1.7725)
(-2.9559)
G3(0.0968)
(0.1383)
(-0.2091)
G4(-1.8055)
(-0.2033)
(0.2629)
A1(-0.8478)
(8.4161)
(2.6345)
A2(12.3541)
(5.8802)
(2.7916)
A3(2.5953)
(8.4467)
(-2.8778)
A4(1.2402)
(9.2847)
(-8.1259)
G1(-0.0053)
(0.6614)
(-0.4699)
G2(1.9406)
(2.4440)
(-2.8787)
G3(0.2123)
(0.0788)
(-0.2070)
G4(-3.0304)
(-1.5900)
(1.2276)
A1(1.5855)
(8.5119)
(5.0295)
A2(5.2337)
(8.8155)
(3.7781)
A3(1.3120)
(8.7484)
(-3.0981)
A4(4.7118)
(11.5736)
(2.0542)
G1(0.7098)
(1.4697)
(-0.6157)
G2(1.1637)
(-2.0449)
(-1.9326)
G3(0.1532)
(0.0303)
(-0.2075)
G4(-2.0204)
(-0.9461)
(0.1634)
