A1(-3.1902)
(9.9681)
(-1.3747)
A2(3.4860)
(8.6862)
(4.5681)
A3(1.6664)
(8.2648)
(-5.2433)
A4(5.6695)
(10.0413)
(-2.5522)
G1(0.1474)
(0.6018)
(-0.0633)
G2(-0.1357)
(-0.1043)
(0.1634)
G3(0.0080)
(0.4273)
(-0.1235)
G4(0.4294)
(2.5653)
(-1.1818)
A1(-1.6382)
(8.7897)
(-0.8766)
A2(3.4907)
(8.2361)
(3.3854)
A3(1.8914)
(7.2688)
(-6.8378)
A4(4.5107)
(8.8011)
(-4.5825)
G1(0.0947)
(1.4601)
(-0.2554)
G2(-0.2203)
(0.6742)
(0.0532)
G3(0.0000)
(-0.0426)
(-0.0223)
G4(0.7226)
(3.1810)
(-1.7858)
A1(-0.5652)
(10.8973)
(-1.3268)
A2(5.5450)
(7.6184)
(4.1132)
A3(0.5363)
(8.9016)
(-3.1939)
A4(-2.3080)
(10.4914)
(0.2442)
G1(0.1703)
(1.3085)
(-0.3177)
G2(-0.2352)
(0.7748)
(0.8168)
G3(0.2778)
(0.5757)
(-0.2597)
G4(0.6247)
(5.2839)
(-4.4501)
A1(-2.1747)
(10.9931)
(-1.6717)
A2(5.6790)
(6.6798)
(6.5457)
A3(3.2082)
(8.6143)
(-5.9089)
A4(5.5689)
(5.5210)
(-1.3503)
G1(0.1836)
(2.5057)
(-0.8264)
G2(-0.2554)
(1.6767)
(1.2797)
G3(0.5353)
(0.6316)
(-0.3789)
G4(-0.0218)
(4.2346)
(-3.0213)
A1(-0.2395)
(11.5009)
(4.8715)
A2(3.1939)
(5.8466)
(4.0893)
A3(0.7566)
(10.1418)
(-6.3111)
A4(4.7357)
(4.7262)
(-1.6041)
G1(0.1282)
(3.5125)
(-1.6953)
G2(0.4422)
(3.0054)
(1.4718)
G3(0.6540)
(0.4071)
(-0.3374)
G4(2.1998)
(1.2100)
(-0.2176)
A1(-1.6142)
(7.3335)
(2.3232)
A2(6.7564)
(6.1100)
(10.8457)
A3(0.8667)
(20.8727)
(8.9783)
A4(-1.7717)
(-1.1396)
(-7.5369)
G1(-9.3279)
(3.4082)
(-0.2730)
G2(0.6173)
(3.5401)
(0.6220)
G3(2.6430)
(2.1492)
(-1.5256)
G4(0.2017)
(-0.7013)
(0.3076)
A1(-6.3803)
(16.5687)
(-5.4990)
A2(6.4356)
(7.2880)
(8.0541)
A3(-7.7620)
(23.0370)
(0.1006)
A4(1.7573)
(9.2608)
(-8.8633)
G1(-6.9345)
(5.3754)
(1.4293)
G2(1.3915)
(0.6306)
(-0.4268)
G3(3.9419)
(1.5655)
(-1.4096)
G4(0.0942)
(1.0962)
(-0.6151)
A1(-4.5889)
(27.0637)
(16.6310)
A2(-8.6670)
(6.5122)
(-3.3136)
A3(24.5837)
(24.7034)
(-18.7035)
A4(-5.2241)
(9.0070)
(-8.8873)
G1(-6.5045)
(2.7239)
(1.8560)
G2(1.4074)
(0.6715)
(0.0995)
G3(1.6884)
(5.1849)
(-6.2502)
G4(-0.0819)
(3.4124)
(-0.9743)
A1(-10.0830)
(4.5553)
(13.3307)
A2(-0.5076)
(13.7475)
(4.5250)
A3(20.2119)
(-3.6583)
(-16.6828)
A4(-9.1650)
(15.3708)
(-5.8897)
G1(-5.3350)
(7.1612)
(1.0855)
G2(1.9619)
(5.9884)
(0.8737)
G3(-1.0892)
(-2.7180)
(-2.8878)
G4(0.4289)
(8.3355)
(-3.0623)
A1(2.8692)
(11.6254)
(10.7297)
A2(-2.6624)
(9.8210)
(2.1931)
A3(10.7212)
(3.2082)
(-22.1751)
A4(-8.1116)
(9.9072)
(-2.9449)
G1(-3.8764)
(10.3746)
(-0.2602)
G2(1.7586)
(3.9094)
(1.2430)
G3(2.0667)
(-1.9236)
(-5.9182)
G4(0.8817)
(11.5373)
(-6.1688)
A1(2.8788)
(2.8165)
(-14.8779)
A2(-10.1514)
(13.0723)
(15.0308)
A3(8.0589)
(-5.7317)
(2.1787)
A4(9.2464)
(20.2119)
(3.0263)
G1(2.7021)
(4.4282)
(-2.1151)
G2(1.7373)
(9.1199)
(2.9080)
G3(7.8668)
(-9.5562)
(-5.4840)
G4(-1.9316)
(0.6396)
(0.5577)
A1(-19.4332)
(0.7616)
(17.7375)
A2(-6.8570)
(1.2115)
(16.9893)
A3(8.1594)
(-7.7237)
(10.3860)
A4(-11.7603)
(7.1299)
(0.3831)
G1(1.7075)
(-4.9114)
(-2.4078)
G2(-0.5465)
(12.6015)
(2.2460)
G3(1.2196)
(-7.9843)
(-5.9006)
G4(-1.3478)
(0.4539)
(0.4613)
A1(8.9909)
(4.7134)
(-1.8873)
A2(20.2645)
(9.8019)
(-4.6304)
A3(-6.7660)
(-17.3197)
(10.3286)
A4(5.8419)
(5.4923)
(-2.5809)
G1(-3.6263)
(-1.8741)
(0.9179)
G2(3.7716)
(7.3165)
(2.7617)
G3(-5.0045)
(-3.0490)
(-6.3582)
G4(-0.9493)
(-0.3092)
(0.4092)
A1(-21.4785)
(2.0741)
(1.6334)
A2(-4.2473)
(10.7260)
(8.8538)
A3(13.5943)
(-64.2939)
(38.9297)
A4(4.0941)
(12.0764)
(-1.9106)
G1(-0.1602)
(0.3501)
(1.0610)
G2(0.3868)
(0.7673)
(-0.2219)
G3(2.4397)
(1.1329)
(2.6813)
G4(0.1830)
(-2.0023)
(0.2554)
A1(-6.2510)
(2.9123)
(2.2848)
A2(4.5394)
(4.9608)
(0.9050)
A3(-8.0302)
(18.1480)
(-7.0485)
A4(4.6783)
(9.0166)
(-4.2617)
G1(-1.1031)
(0.9477)
(3.3949)
G2(0.9184)
(0.9945)
(-0.2341)
G3(-4.9508)
(-3.0219)
(6.3369)
G4(0.2921)
(-0.7003)
(0.3666)
A1(-10.7009)
(5.0152)
(0.2635)
A2(-0.5219)
(8.9543)
(0.8284)
A3(-4.0845)
(-4.6639)
(-4.3000)
A4(1.8579)
(8.6383)
(-5.5306)
G1(0.3661)
(-0.4310)
(2.4514)
G2(-0.2772)
(-0.8322)
(0.0490)
G3(-0.6407)
(4.8683)
(0.2650)
G4(0.1543)
(-0.8493)
(0.2815)
A1(-9.7477)
(6.5863)
(1.7244)
A2(3.2082)
(9.6582)
(1.8340)
A3(-2.5905)
(-5.6312)
(-10.5489)
A4(0.2059)
(8.3270)
(-4.5825)
G1(0.9200)
(0.2485)
(2.3482)
G2(-0.4581)
(-0.3161)
(0.5704)
G3(-2.4147)
(4.4995)
(1.0887)
G4(0.0841)
(-0.8508)
(0.2772)
A1(-6.5815)
(6.7156)
(-1.0203)
A2(1.7957)
(10.6494)
(0.5698)
A3(-4.3287)
(0.3783)
(-8.6000)
A4(1.0391)
(8.9304)
(-4.8602)
G1(1.2004)
(-1.5075)
(2.5706)
G2(-0.0756)
(0.6263)
(0.1059)
G3(-2.3722)
(3.0980)
(0.7333)
G4(0.0591)
(-0.0133)
(0.1059)
A1(-5.8247)
(7.7982)
(2.4381)
A2(0.1628)
(9.5289)
(0.1580)
A3(-0.2107)
(0.7326)
(-12.0716)
A4(0.6847)
(8.9064)
(-4.6304)
G1(1.4468)
(-1.1563)
(1.1100)
G2(-0.0394)
(-0.8338)
(0.1187)
G3(-3.3975)
(3.3161)
(-2.3360)
G4(0.0772)
(-0.1086)
(0.2208)
A1(-6.9312)
(9.6088)
(1.0155)
A2(1.9297)
(9.4236)
(1.5083)
A3(0.4453)
(2.9209)
(-13.2112)
A4(-0.3687)
(8.7628)
(-5.2577)
G1(2.0907)
(-2.3163)
(1.5155)
G2(-0.0378)
(0.1564)
(0.0559)
G3(-3.8147)
(0.6822)
(-1.0094)
G4(0.0192)
(0.2091)
(0.3139)
