A1(-2.5914)
(6.8306)
(2.0645)
A2(2.3511)
(8.9160)
(0.2777)
A3(-1.1301)
(10.1466)
(-3.4764)
A4(0.4262)
(8.3941)
(-6.1244)
G1(-1.2308)
(-1.7847)
(-0.8439)
G2(-0.1894)
(0.3246)
(-0.1357)
G3(0.6694)
(-1.5053)
(0.7019)
G4(0.5039)
(-0.1532)
(0.1415)
A1(3.6117)
(7.7359)
(6.9408)
A2(3.7062)
(8.6526)
(-0.0048)
A3(-2.6288)
(8.5904)
(-3.7685)
A4(0.0335)
(8.7580)
(-5.2672)
G1(-0.1469)
(-2.5701)
(-0.9844)
G2(-0.7391)
(-0.0580)
(-0.0660)
G3(0.3751)
(-1.7922)
(1.6629)
G4(0.5284)
(-1.0626)
(0.4901)
A1(0.4024)
(5.2786)
(10.7967)
A2(3.9648)
(9.3470)
(0.3496)
A3(13.6086)
(6.5553)
(0.0766)
A4(-0.6416)
(11.4012)
(-3.2465)
G1(-0.1634)
(-5.6915)
(-0.1043)
G2(-0.8439)
(-1.0052)
(-0.0569)
G3(-1.2435)
(-4.6219)
(3.9802)
G4(0.8439)
(-1.1079)
(0.8849)
A1(1.8825)
(5.1062)
(-3.9901)
A2(0.8428)
(9.9455)
(3.3758)
A3(-25.5222)
(10.1275)
(-16.9940)
A4(-16.0507)
(34.1030)
(6.3255)
G1(0.0474)
(-0.6683)
(-0.5491)
G2(-0.2070)
(-3.0405)
(0.2107)
G3(-0.0059)
(-5.8064)
(3.0267)
G4(2.9777)
(-2.6616)
(3.6178)
A1(-2.8692)
(8.5071)
(3.5255)
A2(3.1795)
(11.5113)
(7.6998)
A3(7.4699)
(5.5402)
(-11.5448)
A4(-28.3473)
(31.8381)
(-19.3116)
G1(1.8177)
(-4.9343)
(-1.1866)
G2(-1.3180)
(-2.7452)
(1.3670)
G3(0.7370)
(2.2290)
(-0.9488)
G4(1.2478)
(-6.3156)
(8.8256)
A1(7.3862)
(14.4036)
(4.4308)
A2(-4.8890)
(6.6128)
(13.9869)
A3(5.3343)
(9.1219)
(-10.2759)
A4(-22.2421)
(-10.9894)
(-25.0338)
G1(1.7033)
(-4.5134)
(-0.8205)
G2(-5.8080)
(-3.8408)
(0.5970)
G3(-0.3453)
(-0.2575)
(0.1612)
G4(1.6980)
(4.0286)
(7.0904)
A1(8.3442)
(6.2893)
(13.9678)
A2(-5.6982)
(10.4818)
(20.8918)
A3(7.7428)
(10.4866)
(-3.9409)
A4(-8.7724)
(-7.4077)
(-9.7013)
G1(-0.2666)
(-11.2787)
(-0.6188)
G2(-8.1067)
(-4.4953)
(-1.1919)
G3(-0.5715)
(-2.0337)
(0.0500)
G4(0.4576)
(8.0956)
(6.6104)
A1(-7.4868)
(8.8280)
(7.8269)
A2(4.2042)
(25.6419)
(21.4281)
A3(6.7086)
(16.8504)
(0.1724)
A4(-5.1954)
(-6.4979)
(-3.7493)
G1(0.9392)
(-6.5599)
(0.3485)
G2(-10.4677)
(-3.4609)
(-0.9158)
G3(-0.2352)
(-5.8708)
(1.4431)
G4(-2.3530)
(8.5330)
(4.8337)
A1(-9.1394)
(5.2020)
(2.3663)
A2(2.6624)
(9.1315)
(15.4282)
A3(5.3247)
(-1.4796)
(7.2544)
A4(-2.2314)
(-6.8187)
(-1.9872)
G1(1.2835)
(-4.3436)
(1.6501)
G2(-5.9160)
(-9.2891)
(-0.7668)
G3(-3.1224)
(-9.3301)
(4.1132)
G4(-6.1592)
(3.2352)
(3.8717)
A1(-2.8405)
(12.3248)
(2.0597)
A2(-7.5657)
(13.1921)
(-10.0509)
A3(-7.5896)
(11.8034)
(0.5938)
A4(2.4900)
(-4.3766)
(11.3342)
G1(-0.3831)
(0.8221)
(0.3139)
G2(-1.5117)
(-7.0244)
(1.7842)
G3(-0.5076)
(-0.8333)
(-0.2746)
G4(-3.5258)
(5.3472)
(-8.6729)
A1(-3.0992)
(10.5572)
(-3.3913)
A2(-2.4708)
(0.7518)
(-4.6639)
A3(-9.3805)
(13.8337)
(3.1891)
A4(7.0006)
(9.6247)
(-6.9432)
G1(-0.0617)
(0.7758)
(-0.2453)
G2(0.3831)
(-1.0759)
(1.4239)
G3(0.3970)
(0.6396)
(-0.1969)
G4(-3.0761)
(-1.4340)
(-1.3925)
A1(-1.9783)
(8.3107)
(0.5796)
A2(9.2608)
(-0.0383)
(-16.1944)
A3(0.1245)
(8.8777)
(-7.1443)
A4(8.3941)
(-3.7445)
(-5.7365)
G1(-0.0053)
(0.8429)
(0.0117)
G2(-1.7134)
(-0.9940)
(-0.5859)
G3(0.1479)
(0.7077)
(-0.2320)
G4(0.7545)
(-3.8307)
(-0.1054)
A1(0.6371)
(10.0735)
(1.3125)
A2(-0.5267)
(0.3304)
(2.1117)
A3(2.8683)
(7.5753)
(-4.2473)
A4(4.7070)
(-4.8554)
(-8.7149)
G1(0.2192)
(0.2112)
(-0.2528)
G2(-0.9998)
(2.2003)
(-2.9240)
G3(-0.0521)
(0.7801)
(-0.1399)
G4(-3.5545)
(-4.9135)
(-3.3927)
A1(-0.8047)
(9.9489)
(0.5365)
A2(16.0699)
(9.1411)
(-3.3279)
A3(0.5698)
(9.1459)
(-3.7445)
A4(1.2115)
(2.4900)
(-8.5712)
G1(-0.0117)
(0.0229)
(0.0596)
G2(-0.7907)
(4.0611)
(-2.9873)
G3(-0.0857)
(0.9700)
(-0.4071)
G4(-4.2665)
(-3.6716)
(-1.5926)
A1(-0.6514)
(10.0208)
(-0.6371)
A2(9.7252)
(4.9416)
(2.1691)
A3(0.7901)
(9.1602)
(-2.0686)
A4(2.6911)
(7.9009)
(-10.6398)
G1(-0.2134)
(0.4943)
(-0.3177)
G2(-0.1086)
(3.1645)
(-2.5174)
G3(-0.0543)
(0.5976)
(-0.2964)
G4(-3.3230)
(0.3773)
(-0.3012)
A1(2.0453)
(11.4242)
(-0.6083)
A2(10.5632)
(7.1778)
(1.2019)
A3(0.0670)
(9.7061)
(-3.2082)
A4(13.5895)
(0.7422)
(-12.3780)
G1(0.3352)
(-0.1495)
(0.2357)
G2(1.7347)
(2.7170)
(-2.9138)
G3(0.0729)
(0.6848)
(-0.2293)
G4(-3.1341)
(-2.6356)
(1.8879)
A1(-1.3268)
(5.9492)
(-3.1997)
A2(6.7038)
(6.5505)
(4.5538)
A3(-0.1101)
(8.9399)
(-3.2705)
A4(2.9832)
(22.9221)
(-3.9696)
G1(-0.0213)
(-0.7673)
(0.1681)
G2(1.4777)
(-0.7460)
(-2.4993)
G3(-0.1293)
(-0.5928)
(-0.0633)
G4(-0.5704)
(-1.7491)
(0.4252)
A1(-2.8740)
(5.3457)
(-1.7627)
A2(6.0478)
(7.9440)
(0.0527)
A3(-1.8052)
(9.6965)
(-1.9680)
A4(-6.7995)
(11.9375)
(-6.5314)
G1(-0.8918)
(-0.2006)
(-0.6662)
G2(2.2040)
(-1.0467)
(-1.4633)
G3(0.3773)
(0.0122)
(0.1990)
G4(-1.5171)
(-0.7162)
(-0.4443)
A1(0.2874)
(14.7294)
(1.7675)
A2(4.0318)
(6.4165)
(-0.2490)
A3(0.5124)
(7.3885)
(-2.2841)
A4(16.9940)
(9.3661)
(-3.9073)
G1(-1.0648)
(1.9571)
(-0.1458)
G2(1.3191)
(-0.6540)
(-1.0254)
G3(0.4991)
(1.3329)
(-0.4683)
G4(-1.7565)
(-1.4101)
(0.0553)
A1(-1.6238)
(9.4699)
(1.4801)
A2(4.3479)
(7.2975)
(1.0678)
A3(2.1261)
(7.9200)
(-5.6455)
A4(-0.3017)
(10.2855)
(-5.5450)
G1(0.6364)
(0.3086)
(-0.7045)
G2(1.3133)
(0.1421)
(-1.1238)
G3(0.1309)
(-0.0090)
(-0.4943)
G4(-0.3570)
(0.4028)
(-0.4762)
