A1(0.1581)
(7.2042)
(7.9227)
A2(0.9194)
(8.6191)
(0.3543)
A3(-3.2513)
(10.5824)
(-2.3463)
A4(1.9249)
(7.4364)
(-7.7285)
G1(-1.6682)
(-1.3415)
(-0.4209)
G2(-0.1000)
(0.6593)
(-0.0218)
G3(0.4986)
(-0.6912)
(0.4502)
G4(0.0937)
(-0.5550)
(0.1852)
A1(-0.9436)
(8.0616)
(5.7576)
A2(3.1891)
(8.9016)
(0.0383)
A3(-3.8690)
(9.6391)
(-1.4269)
A4(-0.5746)
(8.5952)
(-5.5881)
G1(-1.3585)
(-3.1794)
(-1.4851)
G2(-0.5869)
(-0.0458)
(-0.0053)
G3(0.7684)
(-1.5218)
(1.1951)
G4(0.0729)
(-0.6540)
(0.3161)
A1(0.7808)
(4.0524)
(12.8900)
A2(4.0175)
(10.1083)
(0.0958)
A3(12.1961)
(4.5203)
(-1.4030)
A4(1.4509)
(10.3430)
(-3.5626)
G1(0.2022)
(-4.2532)
(-0.6412)
G2(0.0261)
(-1.0472)
(0.2426)
G3(-0.5417)
(-3.4092)
(4.5246)
G4(0.3629)
(-1.2372)
(0.5630)
A1(-12.3727)
(6.7875)
(7.0557)
A2(2.1883)
(9.7061)
(1.1109)
A3(0.5219)
(9.5864)
(6.2920)
A4(2.7725)
(14.9638)
(2.5283)
G1(0.9131)
(-1.4830)
(0.6066)
G2(0.2565)
(-2.7106)
(0.1368)
G3(-3.6625)
(-10.4752)
(5.4547)
G4(1.3180)
(-1.4042)
(1.3133)
A1(11.7164)
(12.1859)
(-3.2524)
A2(-0.9912)
(10.0796)
(-0.1580)
A3(10.9128)
(8.5234)
(-4.9273)
A4(-1.1875)
(26.4990)
(-1.7957)
G1(1.6075)
(-2.6520)
(1.0621)
G2(0.7583)
(-1.8071)
(0.2208)
G3(2.0955)
(1.4378)
(-1.1744)
G4(3.4013)
(-1.6304)
(3.3550)
A1(-1.2550)
(7.2138)
(2.2226)
A2(0.8811)
(8.6718)
(3.1603)
A3(6.1148)
(1.4605)
(-5.2337)
A4(-8.5952)
(20.0921)
(-9.1842)
G1(2.0422)
(-5.1370)
(-1.3383)
G2(-0.1293)
(-2.9303)
(1.0616)
G3(0.9668)
(-0.3783)
(0.6848)
G4(2.5302)
(-5.6548)
(8.7958)
A1(8.7945)
(11.9895)
(7.4198)
A2(-0.6943)
(1.4078)
(9.0884)
A3(9.2943)
(8.0110)
(-4.4819)
A4(-13.3740)
(-12.7659)
(-22.7593)
G1(2.4823)
(-6.8531)
(-1.5580)
G2(-6.5035)
(-4.4650)
(1.4654)
G3(-0.3938)
(-0.9791)
(0.5082)
G4(0.8306)
(5.1482)
(6.9494)
A1(14.7964)
(8.5263)
(14.8012)
A2(1.4030)
(37.2107)
(3.6344)
A3(10.3525)
(8.0828)
(-3.1795)
A4(-8.3989)
(-8.1020)
(-15.7922)
G1(1.0286)
(-10.1016)
(-1.2611)
G2(-8.4478)
(-8.4345)
(-0.5976)
G3(-0.5683)
(-1.4952)
(0.2134)
G4(2.5951)
(6.6264)
(7.1846)
A1(5.9588)
(2.2944)
(18.8488)
A2(3.5386)
(11.3150)
(24.7034)
A3(10.7835)
(11.4060)
(-2.6193)
A4(-11.5831)
(-6.2872)
(-8.8011)
G1(-1.5830)
(-11.7517)
(-0.2873)
G2(-7.7406)
(-4.6294)
(0.1176)
G3(-0.6949)
(-5.2594)
(1.5745)
G4(2.4020)
(9.0975)
(6.2688)
A1(6.4330)
(11.5727)
(15.6538)
A2(14.8776)
(5.2050)
(9.6247)
A3(16.2375)
(-7.7381)
(-1.5850)
A4(-6.3734)
(-15.7347)
(4.1180)
G1(0.4417)
(5.3754)
(-1.4958)
G2(-5.7447)
(-8.5819)
(-1.0749)
G3(-3.2028)
(-9.8616)
(6.8089)
G4(-5.9331)
(3.0687)
(2.7675)
A1(1.8250)
(11.3476)
(8.1383)
A2(-5.8179)
(12.9814)
(13.7379)
A3(-10.6638)
(12.2966)
(-0.0287)
A4(-1.9632)
(-7.2401)
(-4.3335)
G1(-0.4640)
(-0.8892)
(0.8035)
G2(-4.3612)
(-10.5545)
(2.0646)
G3(-3.2555)
(-6.1241)
(2.7042)
G4(-7.3027)
(3.0368)
(6.7759)
A1(-3.3770)
(7.6832)
(1.8346)
A2(-11.5736)
(4.8746)
(-18.3492)
A3(-8.7340)
(10.4866)
(-4.2042)
A4(12.1242)
(2.3655)
(9.2512)
G1(0.0607)
(0.4204)
(-0.2453)
G2(0.9035)
(-3.9089)
(3.6301)
G3(-0.4113)
(-1.2015)
(-1.0711)
G4(-13.0469)
(3.1858)
(-14.0366)
A1(-2.9842)
(7.4916)
(-0.3257)
A2(17.2670)
(-3.8595)
(12.7946)
A3(-2.3703)
(8.7819)
(-4.6543)
A4(14.7483)
(-0.7039)
(-7.3023)
G1(-0.2230)
(1.7538)
(-0.1219)
G2(-0.4044)
(4.0068)
(-1.4473)
G3(-0.6460)
(-0.7801)
(-0.3161)
G4(5.9895)
(-0.1650)
(-1.9454)
A1(-2.1124)
(11.4290)
(1.1257)
A2(4.8554)
(6.4883)
(14.3461)
A3(0.8954)
(9.4332)
(-0.2538)
A4(4.5011)
(-6.0908)
(-0.9050)
G1(-0.2416)
(1.4516)
(-0.2240)
G2(-0.2719)
(-5.5627)
(0.4959)
G3(-0.0357)
(0.6093)
(-0.4890)
G4(2.2237)
(-3.7870)
(-1.6916)
A1(-1.2071)
(10.8734)
(0.5700)
A2(8.3558)
(1.2594)
(0.2969)
A3(3.4429)
(8.0924)
(-4.4197)
A4(4.6448)
(-1.1061)
(-5.6838)
G1(0.1133)
(0.4401)
(-0.0676)
G2(-0.7811)
(0.6949)
(-1.0493)
G3(0.3150)
(1.5931)
(-0.6167)
G4(-2.2588)
(-4.6102)
(-2.2716)
A1(0.4886)
(10.5668)
(0.8718)
A2(4.4149)
(2.6815)
(0.9002)
A3(2.6193)
(9.7779)
(-4.0318)
A4(3.2130)
(-0.1580)
(-7.1443)
G1(0.2001)
(0.7721)
(-0.0064)
G2(-0.4007)
(1.7384)
(-1.5942)
G3(0.1022)
(0.4954)
(-0.3038)
G4(-3.7024)
(-5.0343)
(-2.5557)
A1(-1.7148)
(8.8712)
(0.7233)
A2(8.8969)
(2.7916)
(-0.1053)
A3(5.7940)
(6.7900)
(-3.9025)
A4(-0.4405)
(6.5601)
(-11.4203)
G1(0.6359)
(0.5300)
(0.1650)
G2(-0.0085)
(1.2696)
(-1.6788)
G3(-0.1378)
(-0.4693)
(-0.0176)
G4(-3.0511)
(-0.5039)
(-0.3267)
A1(-3.3722)
(10.0112)
(0.4838)
A2(7.1587)
(5.2098)
(4.5011)
A3(0.7087)
(8.3318)
(-3.4620)
A4(2.2841)
(6.3303)
(-12.1099)
G1(-0.1564)
(0.5704)
(-0.9956)
G2(0.1490)
(2.3711)
(-2.1689)
G3(-0.2921)
(-0.9791)
(0.0532)
G4(-3.3108)
(-0.6774)
(-0.6103)
A1(-1.1448)
(9.4651)
(0.3161)
A2(8.1163)
(5.2960)
(2.5809)
A3(0.4262)
(9.7396)
(-0.5124)
A4(0.4741)
(12.6558)
(-8.1116)
G1(-0.5289)
(-0.6758)
(0.0032)
G2(1.6192)
(0.7317)
(-2.6175)
G3(0.2879)
(1.3431)
(-0.5444)
G4(-3.4917)
(-2.0486)
(1.4202)
A1(0.3305)
(9.7860)
(-0.7281)
A2(8.1116)
(7.7093)
(3.8786)
A3(1.1109)
(9.4667)
(-3.4860)
A4(7.1874)
(10.6255)
(-5.3726)
G1(-0.0383)
(-0.5018)
(0.1245)
G2(2.3551)
(0.4156)
(-2.5754)
G3(0.3773)
(-0.2751)
(-0.0894)
G4(-3.0240)
(-1.4388)
(0.2001)
