A1(7.2377)
(8.0664)
(10.4614)
A2(2.4181)
(9.0070)
(-0.7039)
A3(-3.4860)
(11.6885)
(-0.3735)
A4(1.1636)
(8.8011)
(-5.4827)
G1(-3.8152)
(-2.9665)
(-0.3342)
G2(0.1038)
(-0.2240)
(0.0559)
G3(0.5353)
(-1.6064)
(0.9482)
G4(-0.0633)
(-0.7913)
(0.1671)
A1(1.5520)
(7.4437)
(9.0963)
A2(3.8834)
(8.8538)
(-1.2210)
A3(5.3774)
(4.9895)
(-5.9089)
A4(1.0439)
(12.7515)
(0.3926)
G1(-0.1900)
(-4.4043)
(0.5795)
G2(0.0708)
(-0.9179)
(0.1208)
G3(0.4331)
(-4.3899)
(3.5162)
G4(1.0520)
(-0.1602)
(0.4651)
A1(-9.8100)
(11.1368)
(7.9515)
A2(-2.5474)
(10.2663)
(3.1987)
A3(-20.5758)
(7.7764)
(-9.6774)
A4(-9.3948)
(28.7735)
(11.5017)
G1(1.5905)
(1.9683)
(-1.4096)
G2(0.3991)
(-1.7129)
(0.2155)
G3(0.1086)
(-6.1927)
(3.0570)
G4(3.0426)
(-2.0635)
(2.0279)
A1(23.5909)
(14.8874)
(-0.7472)
A2(0.1101)
(8.5952)
(2.3320)
A3(25.4312)
(11.2288)
(2.3080)
A4(-5.5306)
(20.4800)
(-11.1378)
G1(1.7655)
(-4.3325)
(2.9069)
G2(-0.8482)
(-0.6284)
(0.3964)
G3(2.6552)
(6.0890)
(-2.3381)
G4(2.6792)
(-1.7288)
(4.2425)
A1(14.9880)
(20.6211)
(3.9374)
A2(1.6233)
(8.7580)
(7.0342)
A3(8.7005)
(8.3318)
(-6.3877)
A4(-50.7906)
(10.9080)
(-31.1869)
G1(1.4420)
(-5.8990)
(-0.8365)
G2(-2.8548)
(-4.1095)
(1.4457)
G3(-0.2591)
(0.5901)
(-0.2708)
G4(1.0887)
(0.6380)
(7.0484)
A1(8.4065)
(6.5959)
(27.3799)
A2(-1.9489)
(35.7023)
(1.0151)
A3(11.8034)
(9.3470)
(-2.9449)
A4(-10.4100)
(-2.8060)
(-7.9440)
G1(-1.3308)
(-12.7744)
(-1.9417)
G2(-8.4984)
(-9.5775)
(-0.3666)
G3(-0.3549)
(-2.4988)
(0.4055)
G4(2.4924)
(6.2736)
(7.7710)
A1(1.4658)
(-0.4598)
(10.6195)
A2(1.9345)
(28.4288)
(23.3722)
A3(13.0580)
(5.3678)
(11.2767)
A4(-7.1108)
(-12.7802)
(-2.6576)
G1(1.7815)
(0.1373)
(-0.2841)
G2(-10.3969)
(-6.7834)
(-2.7468)
G3(-3.2954)
(-16.1496)
(7.1292)
G4(-4.3825)
(5.7894)
(1.8975)
A1(-13.9342)
(8.2484)
(3.9230)
A2(-6.3686)
(14.6429)
(14.0923)
A3(5.7652)
(20.0682)
(7.7764)
A4(52.4474)
(18.2725)
(-106.5947)
G1(0.5257)
(-2.9979)
(0.1671)
G2(-2.0816)
(-11.2095)
(1.8087)
G3(-0.2512)
(1.6049)
(-0.1628)
G4(10.4166)
(0.9637)
(3.1650)
A1(-3.6883)
(6.4809)
(2.8788)
A2(-12.2200)
(13.1537)
(2.9880)
A3(-12.2104)
(9.8067)
(3.7781)
A4(-11.4682)
(-33.3369)
(1.2402)
G1(-0.2203)
(0.0585)
(-0.3097)
G2(2.9436)
(-0.7269)
(2.8005)
G3(-0.9865)
(-3.0314)
(0.3028)
G4(2.1354)
(6.9510)
(-3.7759)
A1(-3.1758)
(10.4806)
(0.2108)
A2(9.2033)
(1.5371)
(-12.5743)
A3(-4.5633)
(10.9511)
(0.1676)
A4(14.8776)
(-5.6072)
(-4.2425)
G1(-0.1133)
(0.1357)
(-0.0702)
G2(1.3729)
(-5.5696)
(2.3796)
G3(-0.0537)
(0.5550)
(-0.1660)
G4(5.1418)
(-0.4475)
(-0.7583)
A1(0.4024)
(10.6866)
(2.5914)
A2(10.3382)
(-6.0813)
(-0.7039)
A3(1.7669)
(8.6335)
(-4.0414)
A4(8.6814)
(-4.3862)
(-5.2241)
G1(0.3097)
(0.4560)
(-0.5364)
G2(-0.2363)
(2.2753)
(-1.9656)
G3(0.0011)
(0.4060)
(-0.1740)
G4(0.7035)
(-2.9857)
(-0.8216)
A1(-0.9388)
(9.5226)
(1.4658)
A2(7.1443)
(-0.3496)
(-2.3750)
A3(2.7150)
(9.2751)
(-2.8874)
A4(6.1148)
(-2.3894)
(-6.7038)
G1(0.2410)
(0.1378)
(-0.0803)
G2(0.0064)
(-1.5229)
(-1.9928)
G3(0.1032)
(0.7173)
(-0.3070)
G4(-2.3227)
(-3.5178)
(-1.0988)
A1(-2.8644)
(8.8233)
(-0.5509)
A2(9.5529)
(1.5897)
(5.7988)
A3(2.7054)
(9.0166)
(-2.4948)
A4(3.5721)
(-1.6759)
(-8.5234)
G1(0.3555)
(0.2352)
(-0.2166)
G2(-0.8663)
(3.3683)
(-1.8704)
G3(-0.1187)
(0.1176)
(-0.1767)
G4(-3.7088)
(-3.4555)
(-1.1079)
A1(-1.0011)
(9.1154)
(-1.4897)
A2(11.3581)
(3.1987)
(-0.8619)
A3(0.9768)
(9.3901)
(-2.1308)
A4(5.0613)
(4.4245)
(-11.6454)
G1(-0.4214)
(0.6215)
(-0.2022)
G2(0.2368)
(2.1508)
(-2.0492)
G3(0.0309)
(0.2708)
(-0.1208)
G4(-3.5471)
(-1.5900)
(-1.2292)
A1(-1.1304)
(10.1501)
(-0.8335)
A2(8.4994)
(5.8179)
(1.9824)
A3(1.8771)
(9.2320)
(-2.1883)
A4(3.0454)
(5.9568)
(-9.0022)
G1(-0.2618)
(0.6790)
(0.1405)
G2(-0.4550)
(0.8785)
(-2.2450)
G3(0.2682)
(0.4385)
(-0.0857)
G4(-2.1966)
(-1.0248)
(-0.7561)
A1(-1.1017)
(9.4699)
(0.7999)
A2(7.3550)
(6.9432)
(2.2505)
A3(1.1779)
(8.6383)
(-3.9983)
A4(2.1979)
(7.1060)
(-7.0868)
G1(-0.1628)
(0.5896)
(-0.3421)
G2(-0.1346)
(0.5577)
(-1.5580)
G3(0.1666)
(0.9243)
(-0.2666)
G4(-2.5307)
(-0.8109)
(0.0101)
A1(-0.4790)
(9.3454)
(0.4934)
A2(7.3694)
(7.1060)
(2.3894)
A3(0.3974)
(9.1123)
(-2.7581)
A4(3.6200)
(9.4475)
(-6.4308)
G1(-0.2698)
(-0.4001)
(-0.2474)
G2(1.0568)
(0.6321)
(-1.1185)
G3(-0.0043)
(0.2384)
(-0.1708)
G4(-1.7964)
(-2.0476)
(1.1111)
A1(-2.4908)
(8.3347)
(0.4646)
A2(7.6614)
(8.2504)
(3.0167)
A3(1.0151)
(8.9447)
(-3.2848)
A4(2.9018)
(8.4898)
(-5.3822)
G1(-0.3384)
(-0.3602)
(-0.3374)
G2(1.3915)
(0.1836)
(-1.4239)
G3(-0.0170)
(0.1442)
(-0.1820)
G4(-1.9757)
(-2.0577)
(0.8631)
A1(-1.9927)
(9.7813)
(1.8058)
A2(5.0374)
(7.6423)
(1.5802)
A3(0.6560)
(9.2703)
(-2.4612)
A4(1.1492)
(3.2944)
(-6.8714)
G1(-0.7130)
(-0.2863)
(-0.3241)
G2(1.0408)
(-1.1893)
(-0.9988)
G3(0.0537)
(0.4166)
(-0.3565)
G4(0.2293)
(-0.6151)
(-1.1589)
A1(-2.7543)
(9.7046)
(1.7867)
A2(4.2665)
(7.2018)
(-0.7805)
A3(0.5794)
(8.8442)
(-4.3287)
A4(2.4277)
(10.8745)
(-6.6080)
G1(-0.3379)
(0.6662)
(-0.3757)
G2(0.9786)
(-0.0394)
(-0.9035)
G3(-0.0298)
(0.4725)
(-0.4901)
G4(-0.6279)
(-1.1339)
(0.0080)
