A1(-1.8250)
(8.3203)
(-1.9064)
A2(2.7390)
(8.6335)
(2.4565)
A3(0.6033)
(7.9440)
(-5.8131)
A4(2.2458)
(9.3948)
(-2.3607)
G1(-0.3336)
(-0.1320)
(0.2389)
G2(-0.1357)
(0.3911)
(-0.0165)
G3(-0.0351)
(0.3751)
(-0.0654)
G4(-0.0654)
(-0.0170)
(0.0601)
A1(-3.1614)
(8.6796)
(-1.8537)
A2(3.4620)
(8.8873)
(3.6009)
A3(0.6416)
(7.6806)
(-6.0478)
A4(3.4907)
(8.9447)
(-2.5809)
G1(0.1995)
(0.0506)
(-0.0266)
G2(-0.0772)
(0.1415)
(0.1155)
G3(-0.0958)
(0.0889)
(0.0112)
G4(-0.0197)
(0.2666)
(-0.0043)
A1(-1.6669)
(9.6232)
(-2.2753)
A2(3.2944)
(8.5329)
(4.2521)
A3(0.2394)
(7.9679)
(-5.1954)
A4(3.4620)
(9.8689)
(-2.4134)
G1(0.0601)
(-0.2692)
(-0.0878)
G2(-0.1820)
(-0.1192)
(0.0218)
G3(-0.1048)
(0.1889)
(-0.0005)
G4(0.1942)
(0.5465)
(-0.2618)
A1(-4.4978)
(9.9298)
(-3.0321)
A2(3.6057)
(8.3749)
(3.5578)
A3(1.7095)
(7.7141)
(-6.2632)
A4(5.5354)
(8.6479)
(-3.3471)
G1(0.4762)
(1.3750)
(-0.4507)
G2(0.0617)
(0.0931)
(0.0905)
G3(-0.0506)
(-0.1463)
(0.0261)
G4(0.5656)
(2.6377)
(-1.4282)
A1(0.0719)
(9.0340)
(-0.7137)
A2(4.8698)
(8.1786)
(3.4285)
A3(1.5754)
(8.7724)
(-4.4772)
A4(-8.3558)
(5.1763)
(1.5850)
G1(0.4103)
(0.9871)
(-0.4241)
G2(-0.4986)
(0.5374)
(0.5316)
G3(-0.2054)
(1.0557)
(-0.3049)
G4(0.4363)
(5.1035)
(-3.7695)
A1(-0.3832)
(9.5082)
(-1.8058)
A2(5.9185)
(7.9057)
(4.8123)
A3(0.3065)
(8.6957)
(-4.3958)
A4(10.2999)
(8.1259)
(1.3120)
G1(-0.2629)
(1.5697)
(-0.4587)
G2(-0.2841)
(0.7519)
(1.3079)
G3(-0.0474)
(0.9716)
(-0.1905)
G4(-0.5864)
(5.4563)
(-3.3081)
A1(-0.1868)
(13.3115)
(-0.9580)
A2(0.6369)
(5.8802)
(4.5538)
A3(1.5131)
(9.7875)
(-1.9872)
A4(-3.1556)
(5.6168)
(-5.1092)
G1(0.2490)
(1.1510)
(-0.9653)
G2(0.0367)
(1.5240)
(0.8280)
G3(0.9695)
(0.4150)
(-0.2176)
G4(1.6442)
(0.7380)
(-1.0110)
A1(-4.7517)
(4.6320)
(3.9039)
A2(9.3326)
(3.2513)
(9.7971)
A3(1.6089)
(13.5512)
(-3.5434)
A4(0.6369)
(8.0541)
(-8.9016)
G1(-3.6828)
(3.5332)
(-0.7524)
G2(0.2405)
(-0.3858)
(-0.1394)
G3(1.9209)
(0.2639)
(-0.6039)
G4(0.7593)
(-0.6630)
(0.3267)
A1(1.6095)
(14.7006)
(7.0988)
A2(-5.7221)
(11.0277)
(9.4858)
A3(-0.7135)
(18.7083)
(-2.0111)
A4(-1.2306)
(6.4260)
(-10.8457)
G1(-7.5964)
(5.7298)
(1.5873)
G2(2.1567)
(3.7211)
(-1.6804)
G3(3.6833)
(2.4695)
(-2.3418)
G4(0.2198)
(0.9764)
(-0.6481)
A1(-4.6511)
(19.3709)
(13.1630)
A2(-10.6829)
(11.0612)
(-0.1724)
A3(25.1104)
(19.7713)
(-12.4211)
A4(-4.7166)
(10.2807)
(-6.9623)
G1(-6.6221)
(4.2447)
(0.6295)
G2(1.1408)
(0.1165)
(-0.5736)
G3(1.7028)
(3.4465)
(-4.1819)
G4(-0.7513)
(3.4353)
(-0.9243)
A1(-0.3257)
(9.9729)
(7.5395)
A2(1.6424)
(12.7994)
(1.4844)
A3(5.1284)
(1.9249)
(-23.0035)
A4(-3.9504)
(3.6440)
(-4.2042)
G1(-4.9066)
(7.0303)
(-1.3186)
G2(1.3798)
(4.8550)
(0.7497)
G3(0.5247)
(0.0096)
(-4.9178)
G4(0.5960)
(11.6676)
(-6.9446)
A1(6.9312)
(9.4986)
(-5.6714)
A2(-8.8394)
(5.2625)
(11.0516)
A3(11.3054)
(-6.9192)
(-2.0782)
A4(26.5134)
(11.4395)
(-3.8930)
G1(0.7998)
(3.6391)
(-2.0226)
G2(1.3574)
(6.5625)
(1.8145)
G3(6.9909)
(-8.6224)
(-5.7910)
G4(-1.5692)
(-0.0596)
(0.9674)
A1(-1.4897)
(-14.3318)
(9.4507)
A2(19.1153)
(7.2736)
(-8.6335)
A3(9.6391)
(-17.8129)
(6.7038)
A4(9.6678)
(10.0892)
(-5.2337)
G1(2.3189)
(3.6322)
(-3.3704)
G2(3.6891)
(10.9056)
(2.0965)
G3(-3.8057)
(-4.7475)
(-6.2603)
G4(-0.3406)
(0.5279)
(0.0192)
A1(-7.5683)
(6.9120)
(-0.7616)
A2(5.2002)
(12.0093)
(13.9965)
A3(6.7900)
(46.5672)
(25.5844)
A4(4.6687)
(12.0237)
(-0.8811)
G1(-0.4390)
(-7.4554)
(2.3530)
G2(0.6588)
(1.8395)
(-1.3319)
G3(7.5342)
(17.4357)
(-2.7079)
G4(-0.3182)
(-1.2930)
(0.4470)
A1(-5.3169)
(2.0980)
(1.0538)
A2(7.1395)
(4.2282)
(4.5681)
A3(-2.9401)
(2.2793)
(-5.9185)
A4(2.4852)
(8.9016)
(-3.6057)
G1(-0.8604)
(1.1637)
(2.6622)
G2(0.0665)
(2.2727)
(0.8237)
G3(1.2297)
(0.1442)
(4.9135)
G4(0.0921)
(-0.6955)
(0.1378)
A1(-9.6136)
(10.7824)
(2.3998)
A2(6.7086)
(10.4052)
(2.6671)
A3(-6.7852)
(-8.4563)
(-3.6105)
A4(-0.1389)
(9.2895)
(-4.8602)
G1(0.6731)
(-5.1157)
(3.0756)
G2(-0.4448)
(-1.5022)
(-0.3299)
G3(1.2180)
(4.4894)
(2.7287)
G4(0.0596)
(0.1336)
(0.0154)
A1(-8.7562)
(8.0904)
(4.1865)
A2(1.7478)
(8.9735)
(2.3080)
A3(-4.7357)
(-4.5203)
(-11.3868)
A4(1.0439)
(9.0740)
(-4.7597)
G1(0.5773)
(-0.4571)
(2.0625)
G2(-0.1006)
(0.0537)
(0.3927)
G3(-3.9738)
(4.3633)
(0.6747)
G4(-0.0729)
(-0.0436)
(-0.0490)
A1(-7.1276)
(8.9909)
(2.7591)
A2(1.1205)
(10.0700)
(1.9776)
A3(-5.5258)
(3.8642)
(-9.0692)
A4(1.5467)
(8.8442)
(-4.6687)
G1(1.6331)
(-2.1311)
(1.7581)
G2(0.0931)
(-1.1786)
(-0.2134)
G3(-3.3087)
(2.9649)
(-1.0898)
G4(-0.2166)
(0.0686)
(-0.0335)
A1(-5.6810)
(9.1681)
(3.5973)
A2(1.2019)
(9.2703)
(1.0343)
A3(-1.1827)
(6.8474)
(-11.7986)
A4(-0.0527)
(9.7109)
(-2.5474)
G1(1.9380)
(-0.6486)
(0.7987)
G2(-0.0484)
(-0.3735)
(-0.0718)
G3(-3.7067)
(-0.6300)
(0.2857)
G4(-0.2293)
(-0.6008)
(0.2150)
A1(-4.9912)
(7.5922)
(2.6776)
A2(0.6177)
(9.1171)
(1.5802)
A3(-0.4836)
(9.1411)
(-6.6750)
A4(0.3065)
(9.9742)
(-2.0973)
G1(1.5564)
(-0.5449)
(0.3970)
G2(0.0958)
(-1.7916)
(0.1006)
G3(-2.3205)
(0.9200)
(-0.3831)
G4(0.1687)
(0.2623)
(0.1777)
