A1(-1.5041)
(9.3358)
(-1.7915)
A2(3.2465)
(9.0692)
(2.8491)
A3(0.7661)
(8.2744)
(-5.8371)
A4(2.4900)
(10.0748)
(-2.0877)
G1(-0.3081)
(0.0000)
(-0.0591)
G2(0.0335)
(-0.0628)
(0.0027)
G3(-0.0958)
(-0.0303)
(0.0362)
G4(0.2692)
(0.5087)
(-0.2208)
A1(-2.2130)
(9.3981)
(-0.8862)
A2(3.1077)
(8.4755)
(2.0638)
A3(1.1396)
(8.2648)
(-5.3630)
A4(6.4117)
(11.3294)
(-0.3687)
G1(-0.0506)
(0.5901)
(-0.1447)
G2(0.0032)
(-0.1548)
(-0.1224)
G3(-0.0591)
(0.0835)
(-0.0612)
G4(0.8370)
(2.2758)
(-0.9972)
A1(-0.7425)
(9.9729)
(0.8335)
A2(3.1173)
(9.1411)
(1.4461)
A3(0.0383)
(8.6143)
(-4.2234)
A4(-3.8547)
(9.2081)
(-2.6049)
G1(0.4145)
(2.1481)
(-0.4209)
G2(-0.4097)
(0.3911)
(0.0447)
G3(0.0729)
(0.2607)
(-0.1979)
G4(1.6373)
(4.2138)
(-3.1677)
A1(1.4801)
(9.4028)
(-0.9436)
A2(4.1228)
(8.6766)
(3.3806)
A3(1.2354)
(9.2416)
(-4.0462)
A4(-3.3040)
(9.0405)
(-1.2115)
G1(0.1250)
(1.8853)
(-0.3767)
G2(-0.9599)
(1.0573)
(0.3666)
G3(0.1580)
(0.5044)
(-0.1889)
G4(0.6614)
(6.2725)
(-4.5139)
A1(0.0431)
(13.7857)
(3.5207)
A2(3.4764)
(7.3502)
(5.8323)
A3(0.0287)
(10.1610)
(-1.2402)
A4(5.8466)
(6.2058)
(-0.6321)
G1(-0.2144)
(2.0454)
(-1.4335)
G2(-0.6311)
(3.1187)
(1.7347)
G3(0.9179)
(0.8003)
(-0.2799)
G4(2.0891)
(-0.1064)
(0.6806)
A1(0.3305)
(10.4183)
(6.8593)
A2(-2.6240)
(7.6758)
(5.8514)
A3(-2.2362)
(13.5608)
(-1.0726)
A4(7.5322)
(12.7659)
(-3.2896)
G1(-2.0971)
(4.0398)
(-1.6974)
G2(0.1852)
(1.7171)
(0.6705)
G3(1.6942)
(0.7673)
(-0.5284)
G4(2.2226)
(1.9220)
(-0.3081)
A1(-2.6058)
(21.1049)
(-15.3760)
A2(8.3414)
(7.5657)
(6.9480)
A3(-5.3534)
(27.9834)
(0.6129)
A4(-4.4532)
(11.4156)
(-9.1459)
G1(-5.4754)
(8.4207)
(1.6102)
G2(0.5513)
(-0.3166)
(-0.5933)
G3(4.6118)
(1.5878)
(-1.5351)
G4(0.2778)
(2.6350)
(-0.9456)
A1(3.7650)
(12.5643)
(30.6131)
A2(3.1843)
(17.5830)
(9.6822)
A3(7.7955)
(17.3101)
(-6.6176)
A4(-3.3950)
(5.9999)
(-6.4069)
G1(-7.3772)
(4.8465)
(-0.6758)
G2(2.2045)
(1.5820)
(-0.5683)
G3(3.4800)
(5.0242)
(-4.6150)
G4(-0.0186)
(2.0375)
(-0.4997)
A1(-12.0422)
(4.3206)
(9.0005)
A2(-6.3925)
(14.2407)
(5.7174)
A3(24.5693)
(-6.8043)
(-16.8217)
A4(-2.7102)
(16.9749)
(-0.9625)
G1(-5.8298)
(6.6243)
(0.3954)
G2(1.7166)
(6.7493)
(1.0876)
G3(0.6795)
(-2.1838)
(-3.3347)
G4(0.6311)
(6.4880)
(-1.8736)
A1(-0.8430)
(14.0396)
(10.9117)
A2(2.0973)
(8.8538)
(3.3279)
A3(14.3461)
(-1.8292)
(-15.2463)
A4(-6.7995)
(5.8227)
(-6.5410)
G1(-3.1166)
(9.4791)
(-1.3686)
G2(1.3313)
(5.8554)
(0.8461)
G3(3.4656)
(-4.6203)
(-6.3109)
G4(1.2978)
(11.5410)
(-5.4680)
A1(6.5528)
(2.9555)
(-27.5188)
A2(-10.7308)
(11.4395)
(13.4458)
A3(10.7404)
(-6.3207)
(0.7997)
A4(10.5010)
(14.7770)
(0.4166)
G1(0.1527)
(7.5092)
(-2.7590)
G2(1.8608)
(7.3208)
(2.4631)
G3(0.9094)
(-8.6798)
(-5.2525)
G4(-1.7874)
(-0.1219)
(0.2794)
A1(-11.3237)
(-9.0436)
(21.7324)
A2(-6.2489)
(3.4907)
(15.3612)
A3(4.3766)
(-15.7634)
(7.6710)
A4(-2.3367)
(15.2128)
(2.3415)
G1(0.2150)
(2.8878)
(2.3349)
G2(-1.4606)
(13.1379)
(1.6730)
G3(-4.4165)
(-4.9827)
(-5.1913)
G4(-1.3058)
(-0.5385)
(0.8780)
A1(1.5424)
(-2.4477)
(-6.2989)
A2(-7.5274)
(2.9449)
(13.7379)
A3(-4.5155)
(43.8953)
(-37.9816)
A4(2.7342)
(11.7316)
(1.3216)
G1(-2.9101)
(-6.7126)
(3.4438)
G2(1.6442)
(-1.5894)
(1.2973)
G3(8.3558)
(1.9177)
(-6.4460)
G4(-0.4730)
(-2.9953)
(1.2787)
A1(-23.4233)
(16.5544)
(3.0225)
A2(-8.1211)
(17.8607)
(7.2113)
A3(3.5243)
(-27.3274)
(9.5193)
A4(-2.2601)
(8.6143)
(-4.4197)
G1(-0.6604)
(-3.3507)
(2.4174)
G2(-0.2011)
(2.2764)
(-0.8987)
G3(-10.3906)
(1.5607)
(15.7713)
G4(0.2815)
(0.8434)
(0.2214)
A1(-11.6350)
(9.9441)
(-1.5041)
A2(3.7781)
(10.0173)
(6.0765)
A3(-10.0221)
(-14.1210)
(-6.8809)
A4(2.8683)
(9.3901)
(-4.6400)
G1(-0.3251)
(-2.5898)
(2.2737)
G2(-0.5694)
(-1.1254)
(0.7748)
G3(-0.2410)
(5.3983)
(-0.1979)
G4(-0.0532)
(-1.0467)
(0.2804)
A1(-6.7108)
(6.5097)
(2.4046)
A2(0.8380)
(8.1930)
(-2.2170)
A3(0.4022)
(-5.2481)
(-7.2353)
A4(-1.1684)
(8.9974)
(-4.1037)
G1(0.4773)
(0.2661)
(1.6895)
G2(-0.3022)
(0.3209)
(0.3299)
G3(-4.6124)
(7.1963)
(-0.9551)
G4(-0.0048)
(-0.3789)
(0.0878)
A1(-9.0292)
(5.5564)
(1.2885)
A2(3.2274)
(9.5193)
(0.9673)
A3(3.9121)
(0.3400)
(-8.0397)
A4(1.8387)
(9.4427)
(-3.1508)
G1(1.9997)
(-3.0160)
(1.6118)
G2(-0.3070)
(-0.4869)
(0.0580)
G3(-5.0992)
(0.5247)
(-2.3067)
G4(0.0697)
(-0.2081)
(0.1703)
A1(-5.3217)
(8.5837)
(0.8622)
A2(0.2969)
(9.8019)
(2.1835)
A3(0.6847)
(-3.2753)
(-12.0955)
A4(0.3591)
(9.2225)
(-4.1228)
G1(2.5632)
(-1.1930)
(1.0009)
G2(-0.1767)
(-0.1463)
(-0.0894)
G3(-5.3546)
(0.1942)
(-0.5683)
G4(0.0867)
(0.1793)
(0.2751)
A1(-6.1648)
(7.3240)
(1.9591)
A2(4.0270)
(8.7628)
(1.3551)
A3(-0.0287)
(3.8547)
(-10.7739)
A4(0.1820)
(9.5002)
(-3.6631)
G1(2.1641)
(-0.6556)
(1.0648)
G2(-0.0708)
(-0.4411)
(0.0713)
G3(-4.2984)
(0.2613)
(0.1415)
G4(0.1591)
(-0.4028)
(0.6034)
A1(-5.8438)
(6.7444)
(2.6249)
A2(0.8045)
(9.6965)
(2.0590)
A3(-2.6336)
(12.7084)
(-6.2920)
A4(0.7470)
(8.4132)
(-5.1475)
G1(1.3718)
(-0.0239)
(0.9211)
G2(-0.1027)
(-0.9977)
(0.1192)
G3(-2.7702)
(0.8264)
(-0.2623)
G4(0.2155)
(0.0138)
(0.5172)
