A1(-3.5542)
(7.6593)
(-1.2646)
A2(3.8547)
(8.2983)
(1.6999)
A3(-1.3408)
(8.6287)
(-4.2665)
A4(1.4030)
(7.5944)
(-6.9480)
G1(-1.2904)
(0.2730)
(0.2703)
G2(-0.2661)
(-0.0090)
(-0.0154)
G3(0.3427)
(0.1857)
(-0.0899)
G4(0.1256)
(0.3464)
(-0.1266)
A1(-3.3961)
(8.2820)
(2.7399)
A2(3.2561)
(9.5289)
(1.1779)
A3(-2.1117)
(8.1499)
(-4.6256)
A4(2.1404)
(8.1259)
(-4.8219)
G1(-2.3503)
(-1.1882)
(-0.2996)
G2(-0.3012)
(0.8248)
(-0.1463)
G3(0.4268)
(0.4417)
(0.2661)
G4(0.1793)
(-0.5039)
(0.2187)
A1(-2.7878)
(6.3420)
(4.1482)
A2(3.9887)
(9.4906)
(1.8340)
A3(-4.7357)
(9.7348)
(-4.4867)
A4(0.1867)
(8.1690)
(-6.1387)
G1(-2.1199)
(-3.5950)
(-1.7576)
G2(0.0532)
(-0.3629)
(0.0362)
G3(0.6321)
(-0.8844)
(0.9940)
G4(0.2719)
(-0.6055)
(0.4246)
A1(-1.8777)
(8.2916)
(12.1523)
A2(3.9025)
(7.5130)
(2.3367)
A3(15.5767)
(-0.1820)
(-3.5769)
A4(4.1611)
(13.3644)
(-4.7453)
G1(1.3106)
(-6.1076)
(-1.1824)
G2(-0.3762)
(-1.7554)
(-0.0383)
G3(-1.5947)
(-5.9645)
(6.4875)
G4(0.5459)
(-2.0518)
(1.7342)
A1(-8.6939)
(3.4153)
(8.3347)
A2(1.4030)
(10.3860)
(5.5402)
A3(-2.9880)
(17.1760)
(10.8649)
A4(3.0358)
(21.7920)
(1.9776)
G1(2.5882)
(-3.5295)
(-2.3179)
G2(-0.5348)
(-3.7977)
(0.2698)
G3(-4.6555)
(-14.4000)
(7.3820)
G4(2.1141)
(-4.2420)
(4.0776)
A1(1.7915)
(13.9438)
(1.9112)
A2(2.3032)
(13.4171)
(5.6264)
A3(25.1535)
(24.6842)
(-22.0985)
A4(-2.5187)
(25.7568)
(2.2266)
G1(2.4663)
(-6.2603)
(0.5204)
G2(-0.3315)
(-4.1005)
(-0.2166)
G3(3.4470)
(4.7608)
(-1.9092)
G4(3.4534)
(-8.0588)
(8.5590)
A1(0.2491)
(10.7201)
(-0.5988)
A2(1.9537)
(7.7812)
(6.8091)
A3(5.5019)
(-2.9161)
(-23.5446)
A4(-40.5578)
(29.4678)
(-19.1871)
G1(2.2173)
(-4.7369)
(-1.7767)
G2(-0.7630)
(-4.0185)
(1.3718)
G3(-0.2884)
(-1.4250)
(0.0080)
G4(-1.8113)
(-3.7397)
(5.0210)
A1(10.3034)
(9.7046)
(6.9120)
A2(7.7381)
(11.0804)
(5.5402)
A3(7.6806)
(8.4851)
(-3.0694)
A4(-9.9024)
(0.0096)
(-24.7225)
G1(1.7655)
(-7.9955)
(-1.1935)
G2(-6.7397)
(-9.1177)
(-0.6667)
G3(-0.7630)
(-2.2492)
(0.7503)
G4(0.3688)
(3.2730)
(9.0864)
A1(-6.1360)
(6.2366)
(13.4169)
A2(3.4716)
(22.5007)
(14.1593)
A3(6.6702)
(14.3317)
(0.2969)
A4(-4.4005)
(-7.0677)
(-5.0757)
G1(1.6522)
(-6.2880)
(-1.3063)
G2(-9.1284)
(-1.8454)
(0.3948)
G3(-0.3347)
(-5.2775)
(1.2483)
G4(1.5458)
(7.6071)
(5.6941)
A1(-0.7233)
(4.4356)
(16.5496)
A2(16.8743)
(11.7507)
(14.2982)
A3(17.5830)
(10.6925)
(3.1316)
A4(-3.3184)
(-9.1171)
(-3.6009)
G1(1.7203)
(-4.8193)
(-0.4417)
G2(-6.9701)
(-7.2761)
(0.1953)
G3(-1.5218)
(-8.8379)
(3.5689)
G4(-1.7240)
(6.4593)
(5.1801)
A1(-6.6725)
(11.8074)
(2.4812)
A2(-2.7294)
(14.0109)
(7.6614)
A3(-14.0109)
(10.8840)
(5.9424)
A4(19.4457)
(36.1668)
(7.2401)
G1(-0.3539)
(0.9200)
(-0.4012)
G2(-1.9603)
(-8.0631)
(2.5547)
G3(-3.1783)
(-5.0875)
(1.8730)
G4(0.9812)
(-4.3835)
(4.4304)
A1(-3.7985)
(2.9123)
(3.7410)
A2(-9.9599)
(12.5456)
(4.3670)
A3(-1.3791)
(15.0595)
(3.9600)
A4(-52.1792)
(-28.3043)
(17.5543)
G1(-0.1144)
(-0.5396)
(0.2645)
G2(1.2239)
(-4.6150)
(3.6359)
G3(-0.4661)
(1.5969)
(-1.3223)
G4(9.9079)
(-4.5730)
(-3.9068)
A1(-4.8188)
(6.7971)
(-0.0814)
A2(2.4086)
(-14.2742)
(-4.3958)
A3(-0.6560)
(10.7835)
(-1.5706)
A4(12.0955)
(-10.0221)
(-1.6855)
G1(-0.2879)
(0.3821)
(-0.2852)
G2(0.6284)
(0.7913)
(0.7242)
G3(0.1362)
(1.1611)
(-0.4869)
G4(3.4460)
(-3.7381)
(-1.6900)
A1(-4.4356)
(9.2544)
(1.0394)
A2(26.8294)
(-6.1483)
(-3.5338)
A3(1.7047)
(8.6862)
(-2.1261)
A4(11.6358)
(-4.1707)
(-5.0996)
G1(-0.2352)
(0.9397)
(-0.1027)
G2(-0.7588)
(7.1676)
(-1.2611)
G3(-0.0862)
(0.9557)
(-0.3570)
G4(1.6011)
(-2.6382)
(-3.6338)
A1(0.9867)
(10.5429)
(1.4849)
A2(-1.0056)
(0.0814)
(4.2042)
A3(1.6616)
(10.5010)
(-2.3798)
A4(8.5090)
(-4.6208)
(-6.3111)
G1(-0.0564)
(0.8141)
(-0.3022)
G2(-2.5371)
(-4.2016)
(-2.3541)
G3(0.0213)
(1.1020)
(-0.2458)
G4(-0.7471)
(-3.8472)
(-2.8175)
A1(-2.6537)
(8.8041)
(0.4551)
A2(16.9893)
(5.8083)
(-0.6081)
A3(3.0406)
(8.1211)
(-3.2178)
A4(2.3128)
(0.3160)
(-8.1211)
G1(0.1011)
(1.2829)
(-0.1548)
G2(-0.2804)
(5.4440)
(-2.0508)
G3(0.1011)
(0.2533)
(-0.1495)
G4(-3.4646)
(-3.0352)
(-2.8021)
A1(-2.4046)
(9.2544)
(0.5940)
A2(11.5161)
(4.1180)
(-3.5769)
A3(1.3743)
(8.8873)
(-1.4892)
A4(1.9968)
(3.0167)
(-10.2903)
G1(0.1011)
(0.9817)
(-0.7359)
G2(0.0388)
(1.0089)
(-1.5160)
G3(-0.0069)
(0.5726)
(-0.2363)
G4(-3.8099)
(-1.2435)
(-1.5272)
A1(1.1448)
(8.7418)
(-0.5796)
A2(4.3383)
(5.2625)
(5.2050)
A3(0.7470)
(10.1849)
(-0.6129)
A4(1.0870)
(4.1276)
(-7.8865)
G1(-0.8732)
(0.7795)
(1.0552)
G2(0.4933)
(1.9624)
(-1.4910)
G3(0.1969)
(0.5960)
(-0.1548)
G4(-2.0800)
(0.2740)
(-0.3453)
A1(0.7999)
(10.3752)
(-0.6467)
A2(9.1698)
(6.6367)
(2.1883)
A3(2.3367)
(9.1506)
(-0.9242)
A4(7.5178)
(4.2952)
(-10.1801)
G1(-0.3475)
(-0.1708)
(-0.2049)
G2(1.1824)
(2.4089)
(-2.0747)
G3(0.4033)
(0.0963)
(-0.1564)
G4(-1.1754)
(-0.4917)
(1.0967)
A1(-0.5940)
(9.6855)
(1.1065)
A2(5.1332)
(8.3031)
(4.1420)
A3(1.7286)
(8.9112)
(-3.1316)
A4(3.2753)
(9.3470)
(-7.2784)
G1(-0.3975)
(0.5843)
(-0.6045)
G2(1.5458)
(0.7918)
(-1.6921)
G3(0.2666)
(0.2666)
(-0.2480)
G4(-2.4562)
(-2.2391)
(0.8844)
