A1(-2.5818)
(6.8066)
(3.3434)
A2(0.9146)
(9.3422)
(-0.9002)
A3(-4.9464)
(9.6822)
(-3.1795)
A4(-0.1197)
(8.4659)
(-5.4109)
G1(-2.1880)
(-2.1737)
(-0.9264)
G2(-0.3475)
(0.7274)
(-0.0346)
G3(0.4262)
(-1.2271)
(0.8397)
G4(0.4065)
(-0.4464)
(0.0511)
A1(-0.9293)
(8.1958)
(3.9757)
A2(3.2465)
(9.2129)
(1.0008)
A3(-7.0725)
(8.3701)
(-5.3247)
A4(-0.8667)
(9.7061)
(-3.7972)
G1(0.2682)
(-2.7553)
(-1.4787)
G2(-0.4087)
(0.1756)
(-0.0506)
G3(0.3826)
(-2.0907)
(1.4442)
G4(0.5124)
(-0.5837)
(0.2921)
A1(-9.6184)
(6.1552)
(10.2507)
A2(2.1165)
(10.0604)
(1.1109)
A3(6.9384)
(7.2161)
(-0.2825)
A4(2.1979)
(16.3093)
(2.0207)
G1(0.8551)
(-3.1448)
(0.1277)
G2(-0.3374)
(-1.9821)
(0.1314)
G3(-2.0465)
(-8.6740)
(4.9646)
G4(1.3851)
(-1.4702)
(1.0344)
A1(-8.8472)
(11.4099)
(7.0893)
A2(-0.0718)
(9.9790)
(1.9393)
A3(-5.6024)
(15.2271)
(2.6240)
A4(0.3926)
(23.9420)
(10.3860)
G1(2.8127)
(0.5273)
(0.0644)
G2(0.0197)
(-2.1641)
(0.0830)
G3(-1.6586)
(-9.9212)
(4.5075)
G4(3.2182)
(-2.9218)
(3.0767)
A1(3.7650)
(14.0779)
(4.2296)
A2(2.4086)
(12.9574)
(3.6009)
A3(-2.1404)
(27.4423)
(7.3310)
A4(-11.0181)
(13.0101)
(-6.0190)
G1(1.8741)
(-7.2357)
(0.1059)
G2(-0.1362)
(-2.5430)
(0.6784)
G3(0.1969)
(4.7571)
(-0.3970)
G4(1.9757)
(-5.4329)
(8.3201)
A1(1.0634)
(12.2002)
(1.9687)
A2(2.0351)
(5.4540)
(12.5217)
A3(0.9912)
(2.0399)
(-10.6781)
A4(-28.4048)
(29.8078)
(-23.5206)
G1(1.8241)
(-4.0919)
(-1.1350)
G2(-2.3589)
(-6.0448)
(1.9678)
G3(-0.0048)
(1.5447)
(0.5161)
G4(0.2091)
(-2.6345)
(7.1702)
A1(10.8973)
(10.8303)
(11.5871)
A2(-2.5426)
(31.4167)
(12.5169)
A3(4.8650)
(8.4803)
(-4.2952)
A4(-5.9424)
(-1.4605)
(-17.1521)
G1(1.1712)
(-8.6085)
(-1.5256)
G2(-9.6626)
(-5.2929)
(-2.7670)
G3(-0.3645)
(-1.0844)
(0.2559)
G4(0.7897)
(4.4724)
(7.3964)
A1(6.8929)
(1.3604)
(15.6778)
A2(10.9846)
(9.3565)
(17.1090)
A3(7.6327)
(12.1817)
(-1.4317)
A4(-5.5115)
(-1.8675)
(-12.0859)
G1(-1.7836)
(-11.1893)
(-1.7379)
G2(-6.8063)
(-5.1482)
(-0.3496)
G3(-0.4001)
(-3.4151)
(0.9355)
G4(1.4388)
(5.6053)
(7.6858)
A1(-14.6288)
(10.4471)
(-12.9906)
A2(-6.7421)
(18.7035)
(19.5415)
A3(-0.4645)
(12.4498)
(0.2394)
A4(-3.8499)
(-3.6966)
(-5.0949)
G1(3.3273)
(-9.8148)
(-2.0880)
G2(-8.0014)
(-3.2720)
(2.1817)
G3(-0.3863)
(-7.6225)
(2.4541)
G4(0.8487)
(7.0111)
(5.1508)
A1(-5.5421)
(13.2971)
(6.2845)
A2(4.9560)
(5.2050)
(11.7412)
A3(-3.7924)
(2.8156)
(-2.8970)
A4(-2.3032)
(-9.8928)
(2.0542)
G1(0.6455)
(-3.5785)
(-0.0399)
G2(-4.7810)
(-8.5324)
(1.2803)
G3(-3.9414)
(-7.6151)
(4.3990)
G4(-4.1505)
(2.4791)
(5.3451)
A1(-6.4426)
(2.1076)
(-0.5221)
A2(-6.1100)
(12.6605)
(10.3046)
A3(-11.1139)
(30.0041)
(5.6743)
A4(15.7826)
(9.2991)
(-10.0892)
G1(1.0573)
(-1.1355)
(0.3688)
G2(-1.9587)
(-6.8983)
(2.5164)
G3(-0.8179)
(2.8250)
(-0.9525)
G4(-3.8727)
(1.6362)
(3.5050)
A1(-4.4308)
(8.0712)
(2.8453)
A2(2.1787)
(2.3367)
(-15.8257)
A3(2.6576)
(3.3662)
(-3.8547)
A4(-8.9399)
(9.3901)
(-5.1811)
G1(-0.0394)
(0.7567)
(0.0234)
G2(0.6098)
(2.0513)
(-0.2251)
G3(-0.3187)
(0.9908)
(-1.2930)
G4(-13.6716)
(4.3186)
(-5.6313)
A1(-1.4562)
(9.7142)
(0.4311)
A2(26.5804)
(0.6895)
(2.5762)
A3(-6.3542)
(12.4355)
(0.0527)
A4(11.4012)
(-6.5218)
(-1.7909)
G1(-0.1612)
(1.5921)
(0.0037)
G2(-0.3406)
(-5.9267)
(0.5220)
G3(-0.1740)
(0.4464)
(-0.5161)
G4(4.5442)
(-0.7758)
(-0.8939)
A1(-2.6728)
(10.4088)
(2.5291)
A2(-13.7523)
(4.9608)
(3.7158)
A3(-1.0056)
(8.7340)
(-2.2841)
A4(3.8116)
(-5.9424)
(-2.1261)
G1(-0.1953)
(1.1238)
(0.1676)
G2(-1.8603)
(1.2973)
(1.4952)
G3(0.0404)
(0.6784)
(-0.3831)
G4(1.6283)
(-3.9286)
(-0.7944)
A1(-3.2237)
(9.3454)
(0.7472)
A2(13.0676)
(5.0039)
(-1.8004)
A3(1.8340)
(8.9399)
(-3.9983)
A4(6.7373)
(-4.9177)
(-6.8187)
G1(-0.0686)
(0.9514)
(0.0740)
G2(-0.8152)
(-0.4177)
(-1.0956)
G3(0.2820)
(1.8358)
(-0.5593)
G4(-1.5112)
(-5.1344)
(-1.4622)
A1(0.6275)
(9.8244)
(0.4167)
A2(3.1412)
(3.2896)
(-0.4597)
A3(1.3599)
(8.5952)
(-4.5442)
A4(2.8347)
(-2.6528)
(-7.5896)
G1(-0.1666)
(1.0392)
(0.0138)
G2(-0.7934)
(2.1880)
(-2.0162)
G3(0.1038)
(0.9424)
(-0.2980)
G4(-4.0653)
(-5.5244)
(-2.3807)
A1(-1.6334)
(9.7717)
(0.1293)
A2(12.1769)
(4.7740)
(-0.0479)
A3(2.6671)
(8.4084)
(-2.9018)
A4(1.3216)
(7.4603)
(-8.8490)
G1(-0.2379)
(1.3351)
(-0.3762)
G2(0.0798)
(1.8794)
(-2.0167)
G3(0.0399)
(0.5550)
(-0.3049)
G4(-4.4176)
(-0.5225)
(-0.4661)
A1(0.8862)
(11.1895)
(1.5616)
A2(5.9233)
(6.1339)
(1.3312)
A3(0.0622)
(8.9256)
(-4.9656)
A4(6.1052)
(3.7685)
(-10.2999)
G1(0.1144)
(1.0977)
(-0.1192)
G2(-0.3858)
(2.7915)
(-1.9874)
G3(-0.0788)
(0.0825)
(-0.1836)
G4(-4.1414)
(-1.8800)
(-1.1286)
A1(0.1820)
(8.3059)
(2.0885)
A2(10.6973)
(8.5569)
(2.1787)
A3(1.7717)
(9.1028)
(-2.8395)
A4(4.5059)
(11.9423)
(-5.8802)
G1(-0.1070)
(-0.5587)
(-0.0867)
G2(1.9396)
(0.9849)
(-2.2296)
G3(-0.3038)
(-0.1586)
(-0.2017)
G4(-2.5829)
(-3.0527)
(2.2758)
A1(1.1879)
(10.4231)
(5.1349)
A2(8.8011)
(8.1259)
(7.1491)
A3(1.2689)
(10.0413)
(-0.8045)
A4(2.7007)
(9.0597)
(-6.7229)
G1(1.1073)
(-0.0293)
(-0.4544)
G2(2.0178)
(1.8970)
(-1.6049)
G3(-0.0128)
(-0.1405)
(-0.1394)
G4(-1.6283)
(-2.0268)
(1.0371)
