A1(-2.5914)
(10.0782)
(-0.4886)
A2(12.1913)
(5.9520)
(-0.5219)
A3(1.8196)
(9.2464)
(-5.3295)
A4(5.8610)
(2.4948)
(-1.2594)
G1(0.0468)
(1.1909)
(-0.0617)
G2(0.3155)
(-0.1889)
(0.1383)
G3(-0.0372)
(-0.0660)
(0.2852)
G4(-0.7960)
(2.0385)
(-0.7050)
A1(-2.6202)
(9.4220)
(-3.7314)
A2(0.1053)
(7.2592)
(5.5881)
A3(2.1117)
(8.2313)
(-5.4540)
A4(4.2760)
(10.7595)
(0.8954)
G1(-0.1932)
(0.3815)
(0.1825)
G2(0.5986)
(0.4917)
(0.1346)
G3(0.1990)
(0.4236)
(-0.0734)
G4(-0.4076)
(-0.6359)
(0.1745)
A1(-1.9304)
(10.1980)
(0.7712)
A2(9.0932)
(7.2353)
(4.6831)
A3(1.4078)
(7.1204)
(-6.2920)
A4(3.8547)
(10.2185)
(-1.2067)
G1(0.2118)
(-0.5188)
(-0.2049)
G2(0.9679)
(1.3015)
(-0.2964)
G3(0.0772)
(-0.1288)
(0.0851)
G4(0.4699)
(1.2345)
(-0.6843)
A1(-1.7436)
(10.4710)
(-0.9963)
A2(-0.8188)
(7.5753)
(4.5394)
A3(0.0239)
(8.3701)
(-6.6319)
A4(2.6193)
(6.8331)
(-4.5538)
G1(0.5938)
(1.7304)
(-0.2767)
G2(-0.1027)
(-0.1086)
(0.1389)
G3(0.0947)
(-0.7976)
(0.0521)
G4(1.3776)
(3.4210)
(-1.9124)
A1(-0.7904)
(10.8255)
(-0.8862)
A2(8.5329)
(4.4341)
(0.8906)
A3(1.7238)
(8.9591)
(-5.5067)
A4(7.5369)
(2.3990)
(-0.5746)
G1(-0.0011)
(2.3152)
(-0.5066)
G2(-1.2435)
(1.2813)
(1.1834)
G3(0.2421)
(0.7066)
(-0.3288)
G4(-0.4544)
(5.6138)
(-3.8041)
A1(3.5782)
(12.0853)
(5.9971)
A2(-3.2322)
(5.6120)
(6.3063)
A3(-3.1508)
(13.6517)
(-2.3415)
A4(0.9098)
(1.2258)
(-5.4588)
G1(-2.4765)
(3.1874)
(-0.8892)
G2(0.2629)
(0.9786)
(0.9003)
G3(1.3920)
(1.0860)
(-0.6540)
G4(1.2318)
(1.1052)
(-0.6279)
A1(-5.1253)
(16.1712)
(-0.4263)
A2(8.7101)
(7.4364)
(10.9894)
A3(2.8587)
(24.3347)
(7.4077)
A4(1.8435)
(7.4986)
(-7.0964)
G1(-6.1975)
(3.9052)
(0.0819)
G2(1.3388)
(0.2049)
(-0.5087)
G3(3.3986)
(-0.2230)
(-1.6650)
G4(-0.1506)
(-0.9642)
(-0.3129)
A1(0.9867)
(17.3639)
(13.4792)
A2(-11.6741)
(9.6103)
(-6.9959)
A3(21.8830)
(23.5877)
(-8.8202)
A4(-4.2138)
(9.6295)
(-7.4172)
G1(-7.6571)
(2.0763)
(-0.2879)
G2(1.8299)
(1.1573)
(-2.6015)
G3(3.6051)
(5.9123)
(-4.8380)
G4(-0.1910)
(2.8250)
(-0.5582)
A1(0.9149)
(10.0687)
(11.0458)
A2(-5.9233)
(8.8107)
(2.6863)
A3(11.4634)
(3.7206)
(-20.4896)
A4(-8.0397)
(29.2667)
(11.6693)
G1(-5.4249)
(7.9971)
(0.0154)
G2(2.0582)
(5.1109)
(0.6380)
G3(1.4548)
(-1.8901)
(-5.2823)
G4(2.1104)
(7.0792)
(-3.4172)
A1(7.3958)
(7.8317)
(6.5145)
A2(-8.6383)
(12.6222)
(5.3965)
A3(16.7690)
(-8.2121)
(-3.0837)
A4(5.4109)
(-13.6757)
(-9.1411)
G1(1.8454)
(5.2509)
(-1.9199)
G2(0.8306)
(5.4004)
(1.4734)
G3(6.7488)
(-7.4927)
(-6.4343)
G4(-2.2152)
(6.4907)
(-5.7335)
A1(-13.5079)
(-1.0778)
(-39.6136)
A2(-8.4803)
(5.6503)
(19.7857)
A3(5.9185)
(-5.7652)
(3.8786)
A4(14.6190)
(22.7641)
(-3.5961)
G1(0.8163)
(4.6241)
(-2.4248)
G2(-0.3672)
(6.4710)
(2.1827)
G3(2.5781)
(-8.6484)
(-4.6001)
G4(-0.2320)
(-3.4513)
(2.9335)
A1(9.9633)
(7.2473)
(1.7579)
A2(26.2883)
(3.4333)
(-19.5654)
A3(-9.2320)
(-8.6526)
(-1.4892)
A4(20.7817)
(1.1684)
(-9.9216)
G1(-2.8394)
(-0.7652)
(1.0344)
G2(5.0662)
(7.3884)
(1.1382)
G3(-5.3073)
(-3.6061)
(-8.6208)
G4(-0.9509)
(0.8652)
(0.7593)
A1(-11.7787)
(4.9673)
(-3.3434)
A2(-25.9915)
(6.2968)
(-5.2577)
A3(-7.3215)
(-0.6560)
(-27.2125)
A4(1.5706)
(11.0229)
(0.0527)
G1(0.2464)
(3.2305)
(0.9876)
G2(2.7691)
(2.0093)
(-1.0786)
G3(-6.0336)
(-0.0490)
(8.1642)
G4(-0.3895)
(0.3299)
(0.2001)
A1(-5.2355)
(5.8391)
(3.1997)
A2(5.9999)
(11.6933)
(2.4660)
A3(-7.9631)
(-7.2927)
(-4.7788)
A4(0.5746)
(11.6693)
(-4.0270)
G1(0.6949)
(-2.7595)
(1.8544)
G2(-0.1431)
(-4.0355)
(0.7513)
G3(1.8262)
(1.9470)
(0.2070)
G4(0.2815)
(0.8993)
(-0.1564)
A1(-10.5285)
(4.4164)
(1.8394)
A2(4.6208)
(12.0811)
(4.2329)
A3(-6.9719)
(-5.0470)
(-6.2728)
A4(1.2306)
(9.6391)
(-4.4341)
G1(0.5146)
(1.6698)
(1.5463)
G2(-0.0208)
(2.7500)
(0.3725)
G3(-1.1749)
(2.5371)
(-0.6210)
G4(0.0532)
(0.9743)
(-0.2921)
A1(-5.2882)
(6.3755)
(2.1124)
A2(-1.3120)
(8.1786)
(0.3112)
A3(-5.3199)
(-3.6919)
(-7.9727)
A4(1.2115)
(9.4332)
(-3.0167)
G1(0.5635)
(-0.5816)
(2.0093)
G2(0.0862)
(0.8514)
(0.2724)
G3(-2.4392)
(2.5935)
(-1.0823)
G4(-0.0085)
(-0.1900)
(0.1873)
A1(-6.4282)
(6.0690)
(2.4046)
A2(3.5051)
(8.5569)
(1.0678)
A3(-0.4980)
(-0.0048)
(-10.3477)
A4(2.3750)
(8.1211)
(-4.0845)
G1(0.4613)
(-0.0782)
(1.1829)
G2(0.1602)
(0.5257)
(-0.0553)
G3(-3.1613)
(1.5453)
(-1.1499)
G4(-0.0218)
(-0.6726)
(0.2384)
A1(-7.0030)
(8.4496)
(1.1688)
A2(0.7614)
(9.5864)
(1.4700)
A3(0.0862)
(1.2546)
(-9.7444)
A4(0.3496)
(8.8633)
(-5.5162)
G1(0.7524)
(-0.3693)
(1.5852)
G2(-0.0495)
(-0.4661)
(-0.2123)
G3(-2.9867)
(0.7513)
(0.1713)
G4(0.0341)
(0.1532)
(0.0702)
A1(-5.2882)
(7.7934)
(0.9245)
A2(0.7183)
(10.3046)
(1.4078)
A3(-1.0247)
(2.2649)
(-10.0796)
A4(0.6321)
(8.9399)
(-5.0039)
G1(0.8663)
(0.2767)
(0.8157)
G2(-0.0372)
(-1.0515)
(0.0170)
G3(-2.9234)
(0.7412)
(-0.3358)
G4(-0.1570)
(-0.0527)
(0.2086)
A1(-5.8103)
(7.8078)
(-0.9005)
A2(1.0774)
(9.8497)
(0.7518)
A3(-4.0270)
(8.9639)
(-6.6607)
A4(0.7374)
(9.1363)
(-4.1707)
G1(0.8881)
(-0.6220)
(0.9871)
G2(0.2645)
(-0.3352)
(0.1564)
G3(-2.0391)
(1.0664)
(-0.4794)
G4(-0.0362)
(-0.1133)
(0.3810)
