A1(-1.3029)
(9.4412)
(1.7963)
A2(2.9640)
(8.8011)
(2.9305)
A3(0.7901)
(7.6136)
(-6.3351)
A4(9.3518)
(9.2033)
(-3.2944)
G1(-0.3544)
(2.2200)
(-0.2442)
G2(-0.1160)
(-0.0585)
(0.1176)
G3(-0.2756)
(-0.0734)
(0.0234)
G4(0.9014)
(3.0213)
(-1.4160)
A1(1.2071)
(9.5609)
(-1.1209)
A2(1.4796)
(9.5960)
(3.0311)
A3(1.1732)
(9.5337)
(-3.8642)
A4(-6.7469)
(11.5353)
(0.7901)
G1(-0.1990)
(2.2758)
(-0.6497)
G2(-0.9642)
(2.3503)
(0.3182)
G3(-0.0979)
(0.3368)
(-0.2959)
G4(1.7352)
(5.7809)
(-3.9179)
A1(-0.6275)
(11.5392)
(2.0932)
A2(8.4372)
(5.8323)
(3.2178)
A3(1.7909)
(9.6726)
(-2.9209)
A4(10.8026)
(5.8802)
(1.3503)
G1(-0.2075)
(2.2120)
(-1.6182)
G2(-0.2692)
(2.6824)
(1.5735)
G3(0.8344)
(0.9567)
(-0.3900)
G4(2.7116)
(0.1948)
(0.6125)
A1(0.1006)
(0.8239)
(13.4696)
A2(0.4310)
(4.8794)
(8.7532)
A3(0.8859)
(20.0443)
(6.7181)
A4(-0.1293)
(4.6112)
(-8.6957)
G1(-6.6668)
(3.1262)
(-1.4144)
G2(0.2416)
(4.6406)
(0.6311)
G3(2.7947)
(1.9252)
(-0.9988)
G4(-0.5571)
(-1.8826)
(1.1930)
A1(-3.1087)
(36.6390)
(-2.2896)
A2(11.7029)
(5.7174)
(6.5697)
A3(3.3998)
(33.5763)
(11.2288)
A4(-4.7692)
(6.8522)
(-4.9847)
G1(-8.4813)
(4.1324)
(0.8620)
G2(1.2196)
(2.1386)
(-0.1224)
G3(4.9614)
(-0.3049)
(-1.3021)
G4(-0.3012)
(-0.0676)
(-0.5848)
A1(2.7351)
(21.3588)
(18.9302)
A2(-1.9393)
(4.7453)
(-5.0039)
A3(24.5358)
(21.6819)
(-16.4673)
A4(-8.1068)
(11.2480)
(-4.1803)
G1(-10.2623)
(4.4884)
(-0.3725)
G2(1.2659)
(2.7377)
(-1.0562)
G3(4.1217)
(6.5051)
(-7.6305)
G4(-0.2006)
(2.6079)
(-0.3608)
A1(-1.9783)
(10.4662)
(9.1346)
A2(0.1772)
(8.6479)
(2.5283)
A3(20.5039)
(0.4597)
(-22.2326)
A4(-1.5323)
(12.3637)
(-7.9392)
G1(-4.6432)
(9.3944)
(-0.3597)
G2(1.7938)
(4.4288)
(1.5357)
G3(1.9513)
(-1.7868)
(-4.3984)
G4(1.5729)
(10.0005)
(-4.9460)
A1(5.5996)
(8.3155)
(-5.1685)
A2(-7.5944)
(11.8752)
(12.4642)
A3(10.6781)
(-7.9296)
(-0.0048)
A4(1.9872)
(1.3791)
(-5.8849)
G1(1.9151)
(3.7205)
(-0.8008)
G2(0.8264)
(4.7486)
(1.9603)
G3(2.6292)
(-7.8795)
(-5.9804)
G4(-0.8854)
(3.0240)
(-1.1871)
A1(3.4440)
(-6.1839)
(5.3888)
A2(25.0529)
(6.3542)
(-7.2832)
A3(2.9353)
(-21.0642)
(8.3749)
A4(1.7621)
(10.0556)
(-3.3710)
G1(-0.1532)
(4.4846)
(-1.3830)
G2(4.0813)
(10.4246)
(3.1666)
G3(-3.7402)
(-3.6162)
(-8.1115)
G4(-0.6343)
(1.0217)
(0.1181)
A1(-28.4241)
(9.6998)
(-1.6621)
A2(-0.8332)
(11.6646)
(7.3167)
A3(5.1715)
(-8.4851)
(78.8315)
A4(0.9673)
(11.9423)
(0.4262)
G1(0.0383)
(-7.3602)
(1.4048)
G2(1.1291)
(0.7434)
(-1.4287)
G3(9.8914)
(13.1815)
(4.0691)
G4(-0.1165)
(-1.2127)
(0.5305)
A1(-12.9427)
(1.2789)
(-4.8906)
A2(2.9353)
(10.4291)
(1.4365)
A3(7.7285)
(26.5469)
(1.6328)
A4(1.2163)
(7.5561)
(-5.5162)
G1(0.0085)
(0.4576)
(0.8407)
G2(0.7274)
(1.6277)
(0.7779)
G3(-13.4481)
(-11.3031)
(11.9991)
G4(0.1554)
(0.0000)
(0.2458)
A1(-10.1309)
(7.6305)
(5.2690)
A2(3.3950)
(13.1346)
(3.4429)
A3(-1.3743)
(-9.2464)
(-1.1636)
A4(1.3072)
(8.8202)
(-3.5674)
G1(-0.4943)
(-5.1599)
(2.3594)
G2(-0.3581)
(-2.0470)
(-0.1932)
G3(-1.9619)
(7.0563)
(0.4965)
G4(0.0718)
(-0.4246)
(0.1309)
A1(-7.0222)
(7.9179)
(4.7421)
A2(4.6974)
(11.3868)
(1.0104)
A3(-4.0893)
(1.0870)
(-9.0644)
A4(0.8380)
(9.9455)
(-3.6488)
G1(0.5289)
(-1.0679)
(1.9172)
G2(0.1054)
(-0.5406)
(0.0942)
G3(-4.3511)
(1.5878)
(1.4229)
G4(-0.1985)
(-0.9599)
(0.2857)
A1(-6.5719)
(7.3000)
(2.1220)
A2(-0.3208)
(10.3621)
(1.0199)
A3(0.6225)
(1.6281)
(-11.9950)
A4(0.4357)
(9.5385)
(-3.7733)
G1(1.4431)
(-1.2031)
(1.3862)
G2(-0.1820)
(-1.1957)
(-0.0585)
G3(-3.7333)
(1.3909)
(-0.9142)
G4(-0.0165)
(-0.1681)
(0.1932)
A1(-5.8582)
(8.8089)
(3.1135)
A2(3.3184)
(9.2943)
(1.9297)
A3(-3.7781)
(6.9576)
(-11.2863)
A4(-0.2251)
(9.1842)
(-4.1659)
G1(1.4622)
(-0.3650)
(0.9174)
G2(-0.0357)
(-0.8210)
(0.1165)
G3(-2.9181)
(0.2240)
(-0.2171)
G4(0.0447)
(-0.0335)
(0.1910)
A1(-5.1349)
(8.9095)
(1.3316)
A2(-0.6033)
(10.0269)
(2.1883)
A3(-1.9154)
(9.5385)
(-7.2401)
A4(1.3455)
(8.6862)
(-4.6926)
G1(1.3521)
(-0.2490)
(0.9743)
G2(-0.2224)
(-0.9535)
(0.1623)
G3(-1.7661)
(0.4241)
(-0.3225)
G4(0.1171)
(-0.0857)
(0.3890)
A1(-6.5576)
(6.6342)
(0.8095)
A2(0.6943)
(9.3470)
(1.5179)
A3(-1.9154)
(7.5800)
(-6.6655)
A4(-0.0431)
(8.7867)
(-4.9560)
G1(1.4516)
(-0.4337)
(0.5736)
G2(-0.2182)
(-0.7705)
(0.1873)
G3(-1.8938)
(0.7753)
(-0.5678)
G4(0.0452)
(-0.4507)
(0.7524)
A1(-3.8991)
(8.6460)
(-0.4598)
A2(1.0391)
(9.5481)
(1.4317)
A3(-4.5873)
(6.9863)
(-5.4923)
A4(1.7478)
(8.7484)
(-5.3439)
G1(1.5857)
(-0.4236)
(-0.0011)
G2(-0.2735)
(-0.3469)
(0.2618)
G3(-1.8422)
(-0.2171)
(0.4848)
G4(-0.0213)
(-0.1171)
(0.5949)
A1(-2.2561)
(8.3682)
(-2.7830)
A2(1.5323)
(9.8737)
(1.0870)
A3(-1.1301)
(9.9742)
(-2.5091)
A4(4.0845)
(8.3606)
(-5.1284)
G1(1.4096)
(1.8858)
(-0.0649)
G2(-0.2379)
(-0.3507)
(0.2873)
G3(-0.2698)
(1.2058)
(0.0995)
G4(0.0809)
(0.1235)
(0.4858)
A1(-2.3854)
(9.9010)
(-3.6500)
A2(3.0454)
(8.6431)
(-0.3112)
A3(-0.0766)
(10.2520)
(-3.1173)
A4(2.8635)
(7.5705)
(-6.1292)
G1(1.0179)
(-0.3773)
(0.4613)
G2(0.0032)
(0.4683)
(0.3970)
G3(-0.3448)
(0.7407)
(0.2043)
G4(-0.2421)
(0.0404)
(0.3868)
