A1(-1.1448)
(7.5443)
(3.5973)
A2(0.9146)
(9.1123)
(1.3982)
A3(-5.6743)
(8.6862)
(-5.1715)
A4(-0.3400)
(7.4651)
(-7.5082)
G1(-0.5869)
(-1.9427)
(-1.3026)
G2(0.0394)
(0.4832)
(0.0846)
G3(0.3895)
(-2.2359)
(1.6394)
G4(0.4406)
(-0.2602)
(0.3342)
A1(-6.7061)
(7.1324)
(11.6494)
A2(1.5802)
(8.8250)
(2.5379)
A3(20.7003)
(5.3008)
(8.3175)
A4(0.1341)
(10.5249)
(-6.3638)
G1(1.5447)
(-5.6925)
(-0.7322)
G2(-0.4730)
(-2.7856)
(0.0750)
G3(-2.6568)
(-3.8195)
(4.9721)
G4(0.2134)
(-0.5438)
(0.7370)
A1(-10.2459)
(9.1107)
(12.0422)
A2(-0.0527)
(10.3621)
(3.6248)
A3(-5.5450)
(11.6454)
(5.0853)
A4(4.3000)
(19.2590)
(1.2546)
G1(1.3180)
(0.0202)
(0.3714)
G2(-0.1362)
(-1.7804)
(0.0772)
G3(-4.0808)
(-11.9246)
(5.6601)
G4(1.3420)
(-2.0242)
(2.1130)
A1(2.5531)
(13.3498)
(1.4610)
A2(2.2218)
(12.6031)
(0.0192)
A3(10.4627)
(20.6620)
(-12.6174)
A4(-3.1508)
(7.7524)
(-7.8099)
G1(2.1513)
(-4.6251)
(0.6678)
G2(0.6343)
(-2.4791)
(0.1756)
G3(1.9864)
(1.7432)
(-1.1515)
G4(1.3915)
(-3.6083)
(5.8325)
A1(3.4728)
(8.7466)
(1.9639)
A2(0.0000)
(10.0556)
(7.7428)
A3(13.0197)
(4.9129)
(-9.5337)
A4(-16.1321)
(25.9005)
(-18.7179)
G1(1.6863)
(-4.0531)
(-1.1307)
G2(0.2911)
(-4.6629)
(0.9019)
G3(1.2366)
(0.0372)
(-0.3586)
G4(1.5878)
(-2.1359)
(9.1736)
A1(16.9280)
(10.5381)
(8.6604)
A2(-6.1675)
(14.0875)
(9.1506)
A3(5.9999)
(7.7285)
(-3.6775)
A4(-10.2328)
(4.6591)
(-25.2780)
G1(2.3126)
(-9.6775)
(-1.9321)
G2(-8.8474)
(-1.6495)
(-0.3725)
G3(-0.2847)
(-1.1935)
(0.3528)
G4(0.8519)
(4.3782)
(6.9792)
A1(3.0417)
(1.6669)
(25.4926)
A2(13.5033)
(15.3660)
(17.1760)
A3(8.2696)
(8.8633)
(-4.8123)
A4(-5.3870)
(-3.1220)
(-14.9111)
G1(-0.9317)
(-10.0463)
(-1.7070)
G2(-7.1830)
(-4.9955)
(-0.4150)
G3(-0.5614)
(-2.5919)
(0.5284)
G4(2.0039)
(7.0579)
(7.7843)
A1(2.7112)
(13.3594)
(28.6971)
A2(13.8193)
(27.0928)
(11.2480)
A3(31.1294)
(2.7102)
(12.7180)
A4(-7.0725)
(-9.9886)
(1.2306)
G1(1.5304)
(-0.0591)
(-1.3010)
G2(-6.3933)
(-4.1893)
(-1.6746)
G3(-2.4445)
(-12.2152)
(5.3371)
G4(-3.7386)
(5.8085)
(1.6799)
A1(-4.3015)
(14.9545)
(8.8041)
A2(10.9990)
(4.1276)
(15.9789)
A3(-13.0580)
(14.2599)
(3.1795)
A4(-1.5706)
(-7.2065)
(3.4477)
G1(0.2884)
(-3.9030)
(-0.2112)
G2(-6.2172)
(-10.2182)
(0.6598)
G3(-2.9899)
(-7.1175)
(3.0091)
G4(-7.1112)
(4.6171)
(4.7097)
A1(-8.0568)
(5.6139)
(4.4691)
A2(-11.5401)
(2.9880)
(-12.5791)
A3(3.9265)
(6.8618)
(1.8435)
A4(-11.0229)
(-7.3598)
(30.4447)
G1(0.0500)
(-0.5965)
(-0.3938)
G2(-0.9647)
(-3.5843)
(4.1047)
G3(-1.9646)
(-5.6223)
(1.1824)
G4(7.2697)
(-15.2003)
(-4.8066)
A1(-0.3066)
(12.6122)
(2.9555)
A2(6.9432)
(0.8763)
(5.3678)
A3(-11.5544)
(7.4891)
(-1.5371)
A4(7.9104)
(5.9472)
(-4.2617)
G1(-0.3970)
(-0.2506)
(-0.1921)
G2(0.2895)
(2.8851)
(0.1123)
G3(-1.2989)
(-2.7478)
(0.2730)
G4(-6.9856)
(0.7210)
(-3.6875)
A1(-3.5829)
(11.2758)
(1.9879)
A2(-2.7342)
(3.5530)
(-5.6503)
A3(1.6376)
(8.8346)
(-1.2019)
A4(9.5529)
(-10.0987)
(-1.5323)
G1(0.1974)
(1.4367)
(-0.0319)
G2(-1.8794)
(-0.8812)
(-2.0284)
G3(0.4113)
(1.3601)
(-0.5268)
G4(1.8411)
(-5.0551)
(0.0011)
A1(0.0527)
(10.8782)
(1.3700)
A2(10.5297)
(-0.3926)
(-1.9249)
A3(1.6951)
(8.8107)
(-3.5817)
A4(6.8618)
(-4.8219)
(-3.6631)
G1(0.4135)
(1.8480)
(0.0873)
G2(-0.5593)
(1.7496)
(-2.3440)
G3(0.4927)
(2.6313)
(-0.7567)
G4(-1.3329)
(-4.8906)
(-0.2964)
A1(-0.0766)
(9.4268)
(-0.6083)
A2(6.7995)
(3.0646)
(-0.6464)
A3(0.8859)
(8.6862)
(-2.9736)
A4(0.3926)
(0.2729)
(-8.0445)
G1(0.3139)
(1.4303)
(-0.0170)
G2(-0.6460)
(0.2591)
(-1.9534)
G3(0.1485)
(1.2196)
(-0.4065)
G4(-4.9492)
(-4.0020)
(-2.5302)
A1(-0.0719)
(10.0830)
(1.2502)
A2(9.5002)
(4.4580)
(1.4605)
A3(1.4940)
(8.6335)
(-4.9033)
A4(-5.4013)
(0.0335)
(-9.8785)
G1(0.4401)
(1.0818)
(0.1383)
G2(-0.0724)
(4.5118)
(-1.8922)
G3(0.1101)
(0.7024)
(-0.2629)
G4(-4.8694)
(-1.7581)
(-2.1343)
A1(-4.3398)
(7.5060)
(0.3688)
A2(9.2512)
(5.7604)
(2.0303)
A3(-0.2490)
(9.2081)
(-2.5666)
A4(5.1284)
(4.3718)
(-11.7220)
G1(-0.3049)
(1.7645)
(-0.4166)
G2(0.2458)
(1.9459)
(-1.9475)
G3(-0.0410)
(0.4677)
(-0.3374)
G4(-4.0100)
(-2.1322)
(-1.5282)
A1(2.9602)
(12.8421)
(-0.7329)
A2(7.6902)
(5.8227)
(4.5586)
A3(-1.2594)
(9.6151)
(-2.0255)
A4(6.1196)
(11.2863)
(-10.0078)
G1(0.3320)
(1.6054)
(0.0639)
G2(0.3586)
(2.2567)
(-2.5877)
G3(0.1250)
(1.1222)
(-0.3453)
G4(-2.8899)
(-1.4803)
(0.6125)
A1(-0.2060)
(9.1202)
(-0.3353)
A2(7.2257)
(7.5465)
(2.9113)
A3(3.2561)
(9.3661)
(-3.1987)
A4(6.1339)
(11.7412)
(-4.8028)
G1(-0.7199)
(-0.6252)
(-0.2959)
G2(3.2682)
(1.9651)
(-1.6884)
G3(0.3650)
(0.1570)
(-0.1421)
G4(-1.9960)
(-2.1689)
(1.2074)
A1(-1.7436)
(8.6316)
(-1.2742)
A2(7.9248)
(9.5337)
(5.5162)
A3(1.5419)
(8.9064)
(-3.6536)
A4(4.5586)
(9.9838)
(-3.7302)
G1(-0.2538)
(-0.5768)
(-0.3613)
G2(1.4692)
(0.7716)
(-1.6251)
G3(0.4645)
(0.1506)
(-0.1857)
G4(-0.6268)
(-2.4903)
(0.8359)
A1(-1.3412)
(10.5429)
(3.5686)
A2(5.8131)
(6.8714)
(2.5283)
A3(-0.4070)
(9.3134)
(-3.2178)
A4(-0.8523)
(13.1537)
(-3.8116)
G1(0.8216)
(0.8812)
(-0.4624)
G2(1.3973)
(-0.8280)
(-1.1696)
G3(0.5768)
(-0.5635)
(-0.1442)
G4(-0.9674)
(0.3491)
(-0.5263)
