A1(-1.8921)
(9.3885)
(-0.5844)
A2(2.8108)
(8.4132)
(2.6624)
A3(1.0439)
(8.1020)
(-5.6024)
A4(7.0677)
(8.5377)
(-4.5586)
G1(-0.1176)
(0.4895)
(0.1490)
G2(-0.2214)
(-0.1288)
(0.0011)
G3(-0.1086)
(-0.0234)
(0.0090)
G4(0.8727)
(1.7118)
(-1.0233)
A1(-0.2156)
(10.0639)
(0.3449)
A2(2.9975)
(8.7867)
(3.7733)
A3(-1.0247)
(9.6343)
(-3.7493)
A4(-4.2617)
(5.2385)
(-0.9960)
G1(0.0516)
(1.8230)
(-0.4534)
G2(-1.3313)
(0.4581)
(0.3411)
G3(0.1676)
(-0.3086)
(-0.0271)
G4(0.5321)
(5.8256)
(-4.2170)
A1(-0.3209)
(10.4040)
(1.0921)
A2(5.7700)
(9.6438)
(4.6352)
A3(0.5219)
(9.6295)
(-2.3224)
A4(7.9392)
(7.7572)
(0.9816)
G1(-1.1611)
(2.3136)
(-0.6699)
G2(-1.3457)
(1.5990)
(0.5342)
G3(0.2746)
(0.6737)
(-0.2565)
G4(-0.0266)
(6.4492)
(-4.1462)
A1(0.0335)
(11.1560)
(4.5218)
A2(-1.9776)
(7.6806)
(5.9903)
A3(0.1293)
(11.9135)
(-1.7669)
A4(-0.6800)
(15.0739)
(-4.0223)
G1(-1.8603)
(3.2182)
(-1.3925)
G2(-0.1091)
(-0.2911)
(1.0467)
G3(1.4037)
(0.3065)
(-0.2916)
G4(1.1840)
(-2.8058)
(1.1052)
A1(-3.5829)
(0.3976)
(11.9655)
A2(1.4796)
(5.3056)
(9.5289)
A3(-2.1356)
(19.6947)
(4.6543)
A4(1.7334)
(7.3215)
(-7.3981)
G1(-6.3742)
(3.6482)
(-1.2382)
G2(-0.0192)
(4.0206)
(0.1155)
G3(2.4871)
(0.5901)
(-0.5773)
G4(0.1596)
(-0.9674)
(-0.2033)
A1(-5.0056)
(8.5502)
(7.8844)
A2(7.2018)
(10.3334)
(7.9344)
A3(9.1075)
(16.6541)
(-6.4931)
A4(-3.1268)
(8.9591)
(-4.8459)
G1(-6.6620)
(6.9105)
(0.9615)
G2(1.2505)
(0.7024)
(-0.5571)
G3(3.0256)
(3.7737)
(-4.2069)
G4(0.4411)
(1.8374)
(-0.7402)
A1(-7.1851)
(14.2695)
(18.7099)
A2(-7.9248)
(10.9367)
(-4.0414)
A3(14.9207)
(13.1921)
(-13.4650)
A4(-4.4149)
(8.0637)
(-7.1443)
G1(-7.9120)
(2.6941)
(-1.2052)
G2(1.7586)
(1.9087)
(-1.4862)
G3(2.9729)
(4.3293)
(-6.0709)
G4(0.2320)
(1.6762)
(-0.4890)
A1(-7.9179)
(6.4713)
(11.2901)
A2(-2.6480)
(11.1570)
(4.6400)
A3(10.9750)
(-0.8715)
(-22.6779)
A4(-9.4571)
(18.0666)
(2.9209)
G1(-5.5292)
(7.8827)
(0.6572)
G2(1.3787)
(5.4004)
(0.8780)
G3(-2.6430)
(-0.6827)
(-3.7344)
G4(0.9828)
(8.0823)
(-2.6967)
A1(9.4603)
(9.2065)
(2.7207)
A2(-9.8928)
(13.2208)
(2.2218)
A3(13.4219)
(-3.0837)
(-9.7157)
A4(2.8587)
(2.1644)
(-3.9169)
G1(0.6263)
(4.6586)
(-1.2563)
G2(0.5587)
(3.9360)
(1.8182)
G3(3.7705)
(-3.5785)
(-10.0628)
G4(-1.7230)
(8.2376)
(-4.2808)
A1(-6.1312)
(1.7292)
(-20.3241)
A2(-12.5121)
(6.2441)
(13.7140)
A3(2.6432)
(-8.6048)
(2.4852)
A4(6.5984)
(11.9088)
(-0.9002)
G1(-0.1399)
(9.2465)
(-2.8606)
G2(0.3927)
(8.1679)
(3.0208)
G3(2.8362)
(-4.8502)
(-7.5438)
G4(-0.9371)
(1.7501)
(0.1596)
A1(7.6880)
(7.3767)
(-6.9599)
A2(25.1822)
(7.7381)
(-10.3956)
A3(-1.8579)
(-6.3925)
(-0.0144)
A4(10.8936)
(5.5976)
(-1.0343)
G1(-2.2961)
(-1.7698)
(2.4743)
G2(3.1671)
(6.5296)
(1.7411)
G3(0.1054)
(-0.5060)
(-8.8458)
G4(-0.8519)
(0.4848)
(-0.3565)
A1(-22.0246)
(5.5900)
(-0.1150)
A2(1.7573)
(5.1667)
(12.3254)
A3(-7.1108)
(42.2050)
(-16.7115)
A4(10.5393)
(13.1537)
(-0.8092)
G1(-0.2559)
(-6.0368)
(1.1281)
G2(0.6753)
(-0.0569)
(1.4112)
G3(7.2958)
(-0.9668)
(-2.1375)
G4(-0.6822)
(-0.4379)
(0.6125)
A1(-5.2164)
(4.1338)
(-1.9639)
A2(12.3780)
(3.3806)
(5.4205)
A3(-8.6766)
(5.8035)
(-12.2056)
A4(3.7828)
(9.4379)
(-2.0686)
G1(-1.2643)
(-1.6389)
(2.0401)
G2(1.1323)
(2.0417)
(-0.1219)
G3(-5.2658)
(-0.7348)
(4.5852)
G4(0.0383)
(-0.0559)
(0.2692)
A1(-12.6697)
(5.0439)
(-0.1341)
A2(-1.8771)
(7.1347)
(0.8140)
A3(-6.3829)
(-5.3295)
(-7.1299)
A4(-1.0918)
(8.9016)
(-3.8786)
G1(-0.0341)
(0.5561)
(1.3909)
G2(0.1261)
(-0.0404)
(0.2964)
G3(-1.9390)
(3.5268)
(0.7013)
G4(0.1559)
(0.0431)
(0.1330)
A1(-6.3420)
(4.1769)
(0.8478)
A2(6.2297)
(8.8538)
(2.3655)
A3(-7.1395)
(-4.6878)
(-11.6310)
A4(-0.6225)
(7.9057)
(-4.6639)
G1(-0.0516)
(0.7082)
(0.8226)
G2(-0.0250)
(0.6614)
(0.2868)
G3(-1.8267)
(2.3557)
(0.9275)
G4(-0.0154)
(-0.5433)
(0.1341)
A1(-8.8568)
(5.5085)
(-0.0096)
A2(-1.4269)
(8.8969)
(1.5467)
A3(-4.1324)
(-1.6041)
(-8.7771)
A4(-1.6328)
(8.9735)
(-4.6304)
G1(0.4672)
(-1.3862)
(1.3127)
G2(-0.0394)
(-0.3070)
(0.0144)
G3(-1.7815)
(1.7304)
(0.4613)
G4(-0.0325)
(-0.2623)
(0.1995)
A1(-8.5502)
(7.7215)
(1.8873)
A2(0.3639)
(8.7819)
(1.3551)
A3(-3.3232)
(0.3783)
(-7.9727)
A4(1.1827)
(9.0309)
(-4.1372)
G1(-0.0846)
(0.0474)
(1.0004)
G2(0.1926)
(-0.2022)
(-0.2602)
G3(-1.5399)
(1.5208)
(0.1070)
G4(0.0372)
(0.5619)
(-0.1250)
A1(-5.9540)
(7.8030)
(2.3088)
A2(0.2298)
(9.7109)
(0.2634)
A3(-2.1165)
(0.7949)
(-8.7484)
A4(0.2011)
(9.0261)
(-4.3000)
G1(0.6492)
(-1.1228)
(1.0520)
G2(0.0250)
(-0.8535)
(0.1501)
G3(-2.1077)
(0.9865)
(0.0745)
G4(-0.1054)
(0.0223)
(0.0192)
A1(-6.7444)
(7.5874)
(0.8383)
A2(-0.5986)
(9.1506)
(0.9194)
A3(-3.0358)
(0.6464)
(-9.5241)
A4(0.8811)
(9.2943)
(-4.3431)
G1(1.0983)
(-1.3792)
(1.1712)
G2(0.2714)
(0.5667)
(-0.1846)
G3(-2.6036)
(0.7684)
(0.1091)
G4(-0.1618)
(0.0495)
(0.0128)
A1(-5.6570)
(7.8605)
(1.4801)
A2(0.8236)
(9.3757)
(1.0487)
A3(-0.5507)
(3.6871)
(-10.3430)
A4(0.9768)
(9.0836)
(-3.4381)
G1(1.8512)
(-0.4693)
(0.5949)
G2(0.1032)
(-0.7444)
(0.0516)
G3(-2.5142)
(0.1277)
(-0.5087)
G4(-0.2208)
(-0.2724)
(0.1362)
