A1(0.6371)
(8.8137)
(-3.5015)
A2(3.5243)
(8.7915)
(2.9544)
A3(0.7326)
(7.9200)
(-5.7700)
A4(1.8483)
(9.0261)
(-4.0318)
G1(-0.5507)
(-0.9067)
(0.1442)
G2(-0.0266)
(0.1086)
(0.0122)
G3(-0.0287)
(0.3624)
(-0.0293)
G4(-0.0734)
(0.4193)
(-0.0963)
A1(-6.1217)
(8.3969)
(-2.6297)
A2(2.6624)
(8.9687)
(3.2657)
A3(2.2266)
(8.3127)
(-5.7413)
A4(4.1228)
(9.9934)
(-2.3367)
G1(0.0984)
(0.1224)
(-0.1314)
G2(-0.0298)
(0.0399)
(0.0516)
G3(-0.0692)
(-0.3049)
(0.0931)
G4(0.2150)
(0.9519)
(-0.5199)
A1(-2.8405)
(9.1490)
(-0.7233)
A2(3.1412)
(9.2799)
(2.8922)
A3(0.1341)
(7.8290)
(-5.7030)
A4(5.4444)
(9.8689)
(-2.9113)
G1(0.0952)
(1.8251)
(-0.3347)
G2(-0.0442)
(0.4204)
(-0.0011)
G3(-0.0458)
(-0.4470)
(0.0942)
G4(0.4656)
(2.0103)
(-1.1260)
A1(0.3497)
(9.2112)
(-1.5041)
A2(4.5873)
(8.4851)
(2.1500)
A3(1.4700)
(8.0637)
(-6.0334)
A4(-1.4317)
(8.4707)
(1.4653)
G1(0.0873)
(1.4708)
(-0.4475)
G2(-0.2155)
(0.5561)
(0.2230)
G3(-0.0793)
(0.5289)
(-0.3592)
G4(1.1584)
(6.3061)
(-4.7092)
A1(1.6286)
(10.9644)
(0.6371)
A2(3.5961)
(7.0246)
(6.7277)
A3(1.0534)
(9.9838)
(-3.4189)
A4(9.4188)
(0.5171)
(-9.1171)
G1(-0.1213)
(1.8012)
(-1.1377)
G2(-1.0546)
(1.8571)
(1.2249)
G3(0.2442)
(0.9663)
(-0.2788)
G4(0.0623)
(2.1359)
(-0.6705)
A1(-1.9783)
(6.2031)
(5.7241)
A2(-1.3599)
(6.0956)
(8.9495)
A3(-3.1987)
(15.4234)
(-0.3783)
A4(-3.0071)
(-2.4708)
(-12.7802)
G1(-3.6274)
(3.3598)
(-0.3975)
G2(-0.4161)
(3.5561)
(0.3209)
G3(1.8001)
(0.9668)
(-0.7301)
G4(-0.4715)
(2.6228)
(-0.7471)
A1(-4.7421)
(12.8565)
(8.0089)
A2(10.8649)
(6.3925)
(4.7932)
A3(0.8475)
(21.0977)
(7.4077)
A4(0.0287)
(4.2569)
(-1.2737)
G1(-9.1954)
(2.2769)
(-0.0234)
G2(1.1031)
(2.4365)
(-0.3805)
G3(2.9229)
(1.2441)
(-1.2489)
G4(0.0899)
(-1.4851)
(0.1107)
A1(7.5491)
(15.8838)
(21.7037)
A2(-2.9353)
(8.8969)
(5.4492)
A3(6.9480)
(16.6780)
(-5.8754)
A4(-8.1547)
(9.5385)
(-4.2138)
G1(-8.5904)
(4.8944)
(1.1254)
G2(1.2260)
(1.4915)
(0.0665)
G3(2.4137)
(4.9997)
(-4.5006)
G4(0.0287)
(2.2817)
(-0.1075)
A1(-8.5694)
(8.3107)
(10.6099)
A2(0.0144)
(8.4132)
(0.9194)
A3(21.1121)
(2.5235)
(-22.4337)
A4(-5.1571)
(13.3740)
(-2.6624)
G1(-6.9994)
(5.7165)
(0.8226)
G2(2.4099)
(4.4916)
(1.9560)
G3(0.6018)
(-1.5202)
(-3.8408)
G4(0.7412)
(7.2772)
(-2.5909)
A1(6.3564)
(10.4758)
(1.0203)
A2(-4.7262)
(11.5784)
(2.3080)
A3(17.7650)
(-3.5003)
(-8.3510)
A4(-7.1347)
(1.9920)
(-5.1667)
G1(-1.3989)
(5.0418)
(-1.4399)
G2(0.3964)
(6.1704)
(0.9152)
G3(5.1184)
(-5.6037)
(-7.6097)
G4(-0.4491)
(7.9434)
(-3.9605)
A1(4.7948)
(6.0067)
(-15.4383)
A2(-3.2848)
(9.6965)
(8.7867)
A3(8.4228)
(-5.7604)
(2.3942)
A4(10.2089)
(11.8130)
(-1.6328)
G1(-0.1650)
(4.7390)
(-1.3436)
G2(0.0862)
(6.1400)
(2.0231)
G3(4.4059)
(-8.2829)
(-4.6916)
G4(-1.5479)
(1.2361)
(-0.5263)
A1(9.1681)
(-3.3339)
(5.5133)
A2(14.4706)
(5.6551)
(-3.5865)
A3(-3.4381)
(-19.6660)
(8.9974)
A4(7.8003)
(8.6431)
(5.6599)
G1(-0.0170)
(5.1657)
(-1.5240)
G2(3.2134)
(6.9616)
(0.8695)
G3(-6.1124)
(-1.6139)
(-7.8178)
G4(0.1485)
(4.0797)
(-0.7311)
A1(-29.4396)
(5.7097)
(-3.2141)
A2(-0.8092)
(11.2815)
(1.5275)
A3(9.0884)
(-12.0907)
(49.8616)
A4(6.5122)
(8.3797)
(1.6424)
G1(0.8429)
(-4.1324)
(-0.1905)
G2(1.5692)
(1.6394)
(-0.7928)
G3(3.1427)
(14.4607)
(7.0202)
G4(0.2756)
(0.0452)
(0.1368)
A1(-2.7926)
(5.6570)
(2.0597)
A2(6.6272)
(8.8250)
(5.4396)
A3(-7.8673)
(-4.8363)
(-7.0150)
A4(1.5610)
(7.6136)
(-9.1937)
G1(0.2788)
(-1.3207)
(2.4993)
G2(-0.7141)
(2.5488)
(-0.2107)
G3(0.0064)
(1.5469)
(3.5290)
G4(0.3044)
(-0.5231)
(0.0335)
A1(-12.9571)
(4.0907)
(2.2657)
A2(5.4444)
(6.0956)
(5.4061)
A3(-2.1596)
(-5.9233)
(-2.3367)
A4(-0.3687)
(7.2209)
(-5.3678)
G1(0.5183)
(-4.3330)
(2.8356)
G2(-1.4569)
(-0.7971)
(0.0601)
G3(-1.3420)
(3.4045)
(1.7304)
G4(-0.1266)
(-1.3505)
(0.6284)
A1(-6.3947)
(5.6475)
(3.8081)
A2(2.7198)
(11.9997)
(-0.1820)
A3(-3.3567)
(-2.5283)
(-11.5305)
A4(0.6656)
(8.5808)
(-3.7206)
G1(0.6130)
(-0.9833)
(1.8608)
G2(-0.3299)
(0.2666)
(-0.0128)
G3(-2.5712)
(2.1194)
(0.6561)
G4(-0.1485)
(-2.0156)
(0.7359)
A1(-8.4736)
(7.4198)
(1.6909)
A2(1.3982)
(8.3079)
(1.2594)
A3(-2.1308)
(-0.8906)
(-9.2177)
A4(0.8523)
(8.7388)
(-5.6312)
G1(1.1302)
(-1.0413)
(1.6911)
G2(-0.0681)
(-1.0344)
(-0.2331)
G3(-3.1496)
(1.9880)
(0.0458)
G4(-0.0117)
(0.2134)
(0.1341)
A1(-4.5457)
(6.4187)
(1.2358)
A2(2.8874)
(11.4251)
(2.0973)
A3(-1.8723)
(5.5115)
(-11.2958)
A4(1.7478)
(9.2177)
(-3.4477)
G1(1.1749)
(-0.9514)
(1.4415)
G2(-0.2645)
(-0.9339)
(-0.2214)
G3(-3.1969)
(-0.1873)
(0.2187)
G4(-0.1256)
(-0.1878)
(0.1618)
A1(-6.3372)
(8.1287)
(2.2274)
A2(-0.0766)
(10.1370)
(0.4884)
A3(-2.2649)
(6.9288)
(-7.8482)
A4(0.5315)
(9.5672)
(-3.6009)
G1(1.6958)
(-0.2097)
(0.8035)
G2(0.0841)
(-0.6008)
(0.1203)
G3(-2.7643)
(-0.0548)
(0.6130)
G4(-0.1612)
(-0.5465)
(0.2144)
A1(-5.8151)
(7.5204)
(1.0682)
A2(2.9688)
(8.6431)
(0.9098)
A3(-2.9018)
(9.2464)
(-7.2832)
A4(0.6991)
(9.1506)
(-3.8307)
G1(1.0749)
(-0.1963)
(0.7237)
G2(-0.1293)
(-0.9546)
(0.1272)
G3(-2.0901)
(1.2707)
(-0.4587)
G4(-0.0234)
(0.2272)
(0.1724)
