A1(-1.0538)
(7.1515)
(5.1158)
A2(2.3894)
(8.4898)
(2.0159)
A3(-5.2289)
(8.9687)
(-3.8307)
A4(-1.1109)
(8.1547)
(-6.2297)
G1(-1.0137)
(-3.2688)
(-1.4415)
G2(-0.7540)
(0.3570)
(-0.0128)
G3(0.6013)
(-2.4631)
(1.5798)
G4(0.4720)
(-0.5566)
(0.2565)
A1(-0.5892)
(8.1862)
(4.9002)
A2(3.4285)
(9.6726)
(0.8954)
A3(-5.5976)
(6.9288)
(-7.0437)
A4(-1.6568)
(7.8099)
(-7.2353)
G1(0.5821)
(-2.4083)
(-0.9285)
G2(-0.4081)
(0.1564)
(0.2107)
G3(0.4741)
(-1.9390)
(1.6368)
G4(0.4805)
(-0.5295)
(0.4379)
A1(-9.9154)
(5.0631)
(7.6641)
A2(1.3647)
(9.5050)
(3.2417)
A3(5.8466)
(9.9790)
(6.5362)
A4(3.3423)
(12.0045)
(-4.9321)
G1(0.1612)
(-1.9310)
(-0.3379)
G2(-0.3384)
(-2.5813)
(0.1916)
G3(-3.6561)
(-8.9964)
(5.0827)
G4(1.2856)
(-1.7730)
(1.5335)
A1(-3.2429)
(13.9965)
(6.3181)
A2(-1.0534)
(11.8082)
(2.9832)
A3(-12.6797)
(15.6964)
(-0.4214)
A4(-3.1412)
(24.4256)
(8.5952)
G1(2.9740)
(-0.8046)
(-0.1660)
G2(0.3092)
(-1.3356)
(-0.1458)
G3(-0.8876)
(-8.1514)
(3.5896)
G4(2.0518)
(-3.8674)
(2.9351)
A1(8.9143)
(17.7471)
(-0.9580)
A2(0.7470)
(11.6598)
(3.4955)
A3(-8.7149)
(5.9568)
(-8.2169)
A4(-6.4452)
(19.5894)
(0.4549)
G1(2.4610)
(-4.6741)
(-0.3044)
G2(0.8189)
(-3.3667)
(0.3938)
G3(0.7998)
(2.2769)
(-0.3996)
G4(3.3773)
(-5.2312)
(7.2442)
A1(2.1028)
(8.4736)
(2.1268)
A2(1.1779)
(10.1945)
(7.6279)
A3(8.2313)
(-12.0333)
(-20.2119)
A4(-24.7656)
(29.4152)
(-31.5125)
G1(2.3716)
(-5.8532)
(-2.5360)
G2(0.1623)
(-4.5395)
(1.9199)
G3(-0.0819)
(-1.2153)
(0.1894)
G4(1.6464)
(-2.4589)
(8.0381)
A1(12.7798)
(15.4479)
(11.3332)
A2(-10.9415)
(34.0216)
(-5.0613)
A3(6.1962)
(7.4986)
(-3.2657)
A4(-9.1315)
(-7.4316)
(-13.4650)
G1(1.5112)
(-7.9684)
(-0.8519)
G2(-7.1894)
(-8.5675)
(-1.6820)
G3(-0.5784)
(-2.0375)
(0.5130)
G4(4.4506)
(6.4583)
(5.5558)
A1(7.1946)
(4.2296)
(26.6757)
A2(9.7540)
(10.4004)
(22.3666)
A3(10.1658)
(11.1570)
(-3.7493)
A4(-9.8450)
(-4.1180)
(-7.1443)
G1(-0.7450)
(-12.5084)
(-1.9449)
G2(-6.6056)
(-4.0254)
(0.2389)
G3(-0.4975)
(-4.6368)
(1.3335)
G4(3.2049)
(8.5468)
(5.4174)
A1(-18.2261)
(-2.0070)
(4.5841)
A2(-3.4141)
(24.5023)
(30.0855)
A3(14.8967)
(13.1346)
(0.0239)
A4(-5.9041)
(-3.9361)
(-1.2450)
G1(3.0197)
(-8.7671)
(-1.3489)
G2(-9.5892)
(-4.2010)
(1.5117)
G3(-1.1568)
(-10.8668)
(5.0221)
G4(0.0761)
(9.1752)
(2.1088)
A1(-1.5711)
(11.8649)
(9.5226)
A2(-1.7238)
(9.5050)
(15.5432)
A3(-12.2104)
(12.5121)
(4.0606)
A4(2.1548)
(-7.7476)
(1.6903)
G1(-0.6949)
(0.4385)
(0.7482)
G2(-4.0898)
(-10.7636)
(1.3047)
G3(-3.2081)
(-6.1283)
(2.8378)
G4(-6.2933)
(3.4641)
(4.7464)
A1(-2.3184)
(9.8100)
(0.8478)
A2(-9.9311)
(15.7395)
(9.3039)
A3(-0.7230)
(16.9174)
(4.8842)
A4(25.0434)
(3.1747)
(-44.1970)
G1(0.3730)
(-1.1238)
(-0.0931)
G2(0.0266)
(-6.6844)
(2.2535)
G3(-0.5986)
(1.5564)
(-1.4516)
G4(6.6163)
(0.3294)
(4.1712)
A1(-4.3398)
(10.7967)
(3.0034)
A2(9.9168)
(0.5746)
(-16.4290)
A3(4.4532)
(3.1508)
(-2.7150)
A4(-8.9639)
(17.9038)
(18.9525)
G1(-0.2022)
(0.7886)
(-0.1415)
G2(-0.0623)
(0.2756)
(0.6034)
G3(0.0027)
(1.4346)
(-0.9865)
G4(-3.0761)
(-3.1586)
(-2.6787)
A1(-2.5435)
(9.3981)
(0.0575)
A2(7.9823)
(1.4988)
(-0.9385)
A3(-9.6965)
(13.7714)
(-3.8211)
A4(9.6726)
(-6.3686)
(0.1293)
G1(-0.0942)
(0.0585)
(-0.2990)
G2(1.1084)
(-2.5914)
(1.2739)
G3(0.1612)
(1.7299)
(-0.7726)
G4(5.7213)
(-2.7377)
(-2.7553)
A1(-2.6489)
(10.3321)
(0.5125)
A2(-7.5082)
(0.5267)
(-0.8284)
A3(-1.8723)
(9.0357)
(-4.9704)
A4(4.7932)
(-4.7932)
(-1.0774)
G1(0.0218)
(0.7625)
(0.1463)
G2(-3.4178)
(0.7646)
(-0.4789)
G3(0.0654)
(0.3038)
(-0.3092)
G4(1.2654)
(-4.4894)
(0.3645)
A1(-0.2443)
(8.5885)
(0.3018)
A2(13.0149)
(4.7980)
(-2.7725)
A3(1.4509)
(8.6239)
(-4.2617)
A4(4.0366)
(-5.0230)
(-6.3015)
G1(0.2421)
(0.9567)
(0.1378)
G2(-1.3702)
(0.6439)
(-1.8156)
G3(-0.0016)
(0.6710)
(-0.2352)
G4(-5.9288)
(-5.4722)
(-0.7258)
A1(-0.7041)
(8.9191)
(0.0623)
A2(6.6846)
(4.6926)
(-2.3942)
A3(1.5658)
(8.7532)
(-4.5825)
A4(-0.0048)
(-0.5028)
(-7.7620)
G1(0.1016)
(0.7412)
(0.3209)
G2(0.0442)
(3.0208)
(-2.0518)
G3(-0.1591)
(0.6412)
(-0.1894)
G4(-5.2253)
(-4.3804)
(-2.4121)
A1(0.4742)
(9.5370)
(-1.3077)
A2(8.5329)
(5.2481)
(2.1308)
A3(1.8100)
(7.9009)
(-3.8978)
A4(5.4492)
(3.2465)
(-12.7372)
G1(-0.2027)
(1.3808)
(-0.7535)
G2(-0.1756)
(2.1497)
(-1.6762)
G3(-0.2097)
(0.1091)
(-0.1235)
G4(-3.7386)
(-2.3977)
(1.3484)
A1(0.5317)
(10.8111)
(1.4801)
A2(11.0995)
(6.5649)
(2.0399)
A3(1.3982)
(9.1267)
(-3.2417)
A4(-2.6097)
(6.0190)
(-11.5448)
G1(0.4209)
(0.7231)
(-0.8429)
G2(0.4752)
(2.5249)
(-2.4121)
G3(-0.0133)
(0.4730)
(-0.2464)
G4(-3.1352)
(-1.0680)
(0.3879)
A1(-1.8298)
(8.0568)
(0.2922)
A2(6.9815)
(5.4971)
(4.7645)
A3(1.8579)
(9.5098)
(-2.9688)
A4(6.0573)
(10.6877)
(-9.7396)
G1(0.0819)
(0.0553)
(0.0617)
G2(0.8370)
(0.8572)
(-2.5919)
G3(-0.1165)
(0.1655)
(-0.2778)
G4(-2.3259)
(-1.9874)
(1.3819)
A1(-3.0992)
(7.4341)
(0.3784)
A2(10.5010)
(10.3334)
(3.6583)
A3(1.1588)
(9.6103)
(-1.4557)
A4(0.6608)
(10.4004)
(-8.0206)
G1(-0.6577)
(0.2964)
(-0.4778)
G2(2.0194)
(0.5257)
(-2.4461)
G3(-0.0766)
(-0.0857)
(-0.1995)
G4(-2.4355)
(-1.4372)
(1.2180)
