A1(0.1485)
(9.1825)
(4.9721)
A2(1.1396)
(7.2401)
(0.9912)
A3(-3.3136)
(9.0549)
(-4.0366)
A4(0.5315)
(7.9057)
(-5.5258)
G1(-0.9807)
(-2.4349)
(-1.1249)
G2(-0.4103)
(0.6231)
(-0.0415)
G3(0.6630)
(0.0750)
(0.3352)
G4(0.1841)
(-0.4087)
(0.2591)
A1(-1.7292)
(7.2617)
(5.1349)
A2(1.5897)
(10.8697)
(3.1603)
A3(-3.7397)
(9.1315)
(-7.3406)
A4(-1.1013)
(8.1930)
(-6.5936)
G1(-0.6561)
(-5.1056)
(-1.5724)
G2(-0.3022)
(1.4202)
(0.4608)
G3(0.3150)
(-0.6902)
(0.9083)
G4(0.2469)
(-0.5640)
(0.4933)
A1(-0.9676)
(7.4725)
(8.9526)
A2(3.5147)
(8.2504)
(5.2241)
A3(5.6407)
(7.3981)
(-3.2130)
A4(-2.3655)
(9.4763)
(-7.0054)
G1(0.9184)
(-3.5673)
(-1.4266)
G2(-0.4252)
(-2.3679)
(-0.1910)
G3(-0.7279)
(-5.8820)
(4.3660)
G4(0.0506)
(-0.9546)
(1.0578)
A1(-7.9515)
(11.2662)
(13.1151)
A2(0.8475)
(10.6255)
(4.6543)
A3(7.2832)
(11.7268)
(4.8411)
A4(1.0151)
(14.2216)
(-2.8204)
G1(1.4175)
(-1.4112)
(0.7285)
G2(-0.0553)
(-2.1093)
(0.0186)
G3(-3.2161)
(-9.4700)
(6.1225)
G4(0.8328)
(-2.3908)
(2.2439)
A1(7.7982)
(11.1273)
(-1.7723)
A2(0.8571)
(11.1139)
(3.3998)
A3(16.0795)
(3.6152)
(-8.5856)
A4(-8.8442)
(12.6031)
(-13.8864)
G1(1.9470)
(-2.5520)
(0.0027)
G2(0.5454)
(-2.9287)
(-0.1655)
G3(1.5554)
(2.0705)
(-1.0546)
G4(2.1721)
(-3.6748)
(5.3972)
A1(1.0251)
(7.7982)
(3.2381)
A2(-2.6097)
(8.9687)
(7.3694)
A3(1.6855)
(18.0762)
(-0.2729)
A4(-6.6702)
(25.2397)
(-6.1435)
G1(2.2434)
(-6.2837)
(-0.7120)
G2(0.3948)
(-3.4210)
(-0.1681)
G3(0.1421)
(3.2129)
(-0.8642)
G4(2.5153)
(-5.7117)
(10.9668)
A1(7.3527)
(12.6505)
(5.5373)
A2(-4.0031)
(5.2098)
(10.3238)
A3(3.8882)
(6.9288)
(-3.8355)
A4(-6.4835)
(-2.6193)
(-23.9085)
G1(2.2013)
(-7.5885)
(-1.2792)
G2(-6.7259)
(-2.1875)
(-0.7716)
G3(-0.7013)
(-1.6144)
(0.4374)
G4(-0.0564)
(4.4607)
(6.3960)
A1(13.8049)
(4.0332)
(10.1405)
A2(3.1173)
(17.8368)
(4.7549)
A3(10.0365)
(11.0612)
(-3.9696)
A4(-6.8331)
(-4.4915)
(-15.9310)
G1(0.3714)
(-10.3443)
(-0.3858)
G2(-7.6289)
(-10.8971)
(-0.9051)
G3(-0.5763)
(-2.4940)
(0.5337)
G4(1.0179)
(4.7033)
(7.6220)
A1(-3.8368)
(7.2617)
(17.6369)
A2(-6.3686)
(10.9942)
(22.4863)
A3(9.1794)
(11.5879)
(-1.2977)
A4(-6.8714)
(-4.9847)
(-8.2983)
G1(-2.2796)
(-12.3030)
(-0.2182)
G2(-8.1940)
(-3.5843)
(1.3649)
G3(-0.9935)
(-6.5977)
(2.1838)
G4(1.0089)
(6.9042)
(5.7771)
A1(7.4150)
(14.8348)
(11.4961)
A2(13.5655)
(2.2601)
(12.1673)
A3(9.7827)
(-2.8587)
(3.8451)
A4(-3.8834)
(-14.1880)
(0.3926)
G1(0.4613)
(-2.4142)
(0.1368)
G2(-5.8080)
(-8.1504)
(-0.1383)
G3(-2.9005)
(-10.5571)
(6.2108)
G4(-6.6631)
(2.8026)
(3.8908)
A1(0.7808)
(13.8432)
(14.8779)
A2(-1.5467)
(11.3437)
(14.0683)
A3(-11.9710)
(14.9685)
(-1.5036)
A4(3.3327)
(8.1690)
(-5.0853)
G1(-0.3555)
(-1.7416)
(0.6151)
G2(-3.9281)
(-8.6942)
(1.4330)
G3(-2.1338)
(-3.7993)
(1.3457)
G4(-5.1046)
(2.3296)
(5.2770)
A1(-5.1589)
(7.5970)
(-1.2694)
A2(-7.4939)
(1.8914)
(-22.6875)
A3(-6.5170)
(10.5632)
(-4.6543)
A4(4.8602)
(-15.8783)
(6.3590)
G1(0.2879)
(0.5704)
(-0.0218)
G2(-0.2363)
(-3.9398)
(2.6217)
G3(-0.7769)
(-0.9349)
(-0.0931)
G4(-2.5627)
(2.8181)
(-7.7146)
A1(-2.4046)
(10.7201)
(-1.2358)
A2(11.9710)
(-3.4620)
(-8.5425)
A3(-2.5379)
(6.5410)
(-6.5793)
A4(11.9614)
(16.1992)
(-9.6774)
G1(-0.0867)
(0.7221)
(-0.2464)
G2(-1.5756)
(-1.7320)
(-0.0899)
G3(-0.2703)
(0.5066)
(-0.3565)
G4(0.0468)
(-1.6378)
(-2.2258)
A1(0.9628)
(9.3885)
(2.2705)
A2(1.9920)
(8.8585)
(4.8507)
A3(-0.2442)
(11.0181)
(-2.8299)
A4(9.2560)
(-10.6303)
(-2.1787)
G1(-0.0255)
(1.0722)
(-0.0814)
G2(-0.9200)
(-2.9921)
(0.0947)
G3(0.1139)
(1.2968)
(-0.2953)
G4(2.5520)
(-3.3757)
(-0.2283)
A1(-3.4488)
(10.7105)
(0.4598)
A2(14.7674)
(0.0335)
(-0.6704)
A3(2.8156)
(10.1658)
(-5.0230)
A4(8.6239)
(-5.7269)
(-4.7884)
G1(0.0468)
(0.1144)
(-0.4284)
G2(-1.7315)
(0.9136)
(-1.1398)
G3(0.0729)
(1.5186)
(-0.2884)
G4(-1.5623)
(-4.0749)
(-1.7342)
A1(-1.3364)
(10.3944)
(-1.2167)
A2(6.5218)
(4.4819)
(-1.1588)
A3(0.4788)
(9.4188)
(-5.7604)
A4(3.8642)
(-3.2465)
(-6.7038)
G1(-0.1032)
(0.7354)
(0.2453)
G2(-1.6245)
(0.6854)
(-2.2013)
G3(0.0271)
(0.7785)
(-0.0963)
G4(-3.7583)
(-4.4868)
(-1.4340)
A1(-1.8106)
(8.0568)
(-0.8478)
A2(15.2942)
(4.7453)
(-2.1165)
A3(1.8340)
(8.7340)
(-3.7397)
A4(0.5794)
(2.2889)
(-7.9296)
G1(-0.1293)
(1.8640)
(0.0926)
G2(0.3501)
(1.6905)
(-1.7214)
G3(0.0319)
(0.1511)
(-0.1022)
G4(-4.1095)
(-0.8860)
(0.2368)
A1(-0.9820)
(9.7286)
(-0.3545)
A2(8.9399)
(4.8267)
(0.0144)
A3(1.1827)
(8.4659)
(-3.6919)
A4(1.2019)
(2.8539)
(-15.3373)
G1(-0.0245)
(1.6107)
(0.2538)
G2(-0.0537)
(2.4264)
(-1.7113)
G3(0.0506)
(0.5380)
(-0.2490)
G4(-4.0632)
(-0.1681)
(-2.6036)
A1(3.3770)
(11.0985)
(0.4742)
A2(6.2153)
(5.7269)
(5.6407)
A3(0.9337)
(9.4044)
(-2.4373)
A4(9.3422)
(10.5872)
(-9.4236)
G1(-0.1357)
(-0.2794)
(-0.6343)
G2(2.1987)
(0.9913)
(-2.6196)
G3(0.1378)
(0.5773)
(-0.2990)
G4(-2.6435)
(-1.4223)
(1.1781)
A1(-1.1448)
(7.3048)
(0.2443)
A2(10.2520)
(8.8442)
(0.0766)
A3(2.6001)
(10.7548)
(-0.6656)
A4(6.0908)
(12.6893)
(-4.9177)
G1(-1.0344)
(-0.7450)
(-0.4252)
G2(2.3131)
(2.7063)
(-1.8667)
G3(0.4640)
(0.7258)
(-0.3464)
G4(-2.0279)
(-3.4194)
(1.6432)
