A1(-3.3913)
(8.2676)
(4.7948)
A2(2.3511)
(8.7676)
(1.7813)
A3(-3.0694)
(10.8218)
(-4.5633)
A4(-0.9864)
(8.7101)
(-5.3582)
G1(-1.1962)
(-2.9905)
(-1.0637)
G2(-0.1846)
(-0.0027)
(-0.0330)
G3(0.4448)
(-1.9523)
(1.1483)
G4(0.1192)
(-0.1538)
(0.1697)
A1(4.2871)
(5.1397)
(8.8472)
A2(1.9920)
(9.7157)
(2.8395)
A3(-0.9002)
(6.6463)
(-7.5082)
A4(-0.0096)
(6.9959)
(-7.4795)
G1(0.2815)
(-3.5449)
(-0.6252)
G2(0.1293)
(-0.4927)
(0.1910)
G3(0.0819)
(-2.6489)
(2.0295)
G4(0.3315)
(-0.5348)
(0.6843)
A1(-7.4581)
(5.9540)
(11.2135)
A2(1.4700)
(9.0118)
(2.5235)
A3(21.4616)
(7.4268)
(13.0532)
A4(-0.3687)
(7.9918)
(-6.4835)
G1(1.3659)
(-4.2739)
(-0.7386)
G2(-0.1059)
(-1.3782)
(0.0883)
G3(-2.9612)
(-5.0960)
(5.1131)
G4(0.3108)
(-0.8679)
(0.7811)
A1(-1.3795)
(12.6936)
(3.4584)
A2(0.7278)
(11.0181)
(2.6432)
A3(-2.9640)
(7.3885)
(1.2163)
A4(-2.4756)
(28.9603)
(8.6095)
G1(1.6879)
(-3.1299)
(0.3432)
G2(0.3640)
(-1.5649)
(-0.1054)
G3(0.1256)
(2.7388)
(0.5997)
G4(2.4530)
(-3.2007)
(3.8035)
A1(0.5125)
(12.7942)
(-0.6131)
A2(0.3496)
(10.4770)
(2.3607)
A3(7.8434)
(13.8289)
(-6.2153)
A4(-9.5912)
(17.8847)
(-11.6741)
G1(1.7634)
(-3.4571)
(0.6343)
G2(0.8429)
(-2.5807)
(0.0197)
G3(1.1563)
(1.2036)
(-0.0931)
G4(2.6169)
(-1.7427)
(3.5417)
A1(9.7429)
(13.7378)
(4.7948)
A2(2.4469)
(12.0428)
(9.4715)
A3(3.6152)
(8.8825)
(-3.9696)
A4(-31.5077)
(26.8821)
(-31.2156)
G1(2.3014)
(-6.1847)
(-0.9062)
G2(-1.8305)
(-4.9880)
(0.8493)
G3(0.0474)
(-1.1047)
(0.3890)
G4(-0.1501)
(-1.3707)
(6.5104)
A1(8.0664)
(12.2242)
(6.2702)
A2(-1.3455)
(0.5171)
(9.4379)
A3(6.9001)
(7.2496)
(-5.1715)
A4(-9.0357)
(-9.8689)
(-23.3195)
G1(2.9405)
(-6.4002)
(-1.2712)
G2(-5.8713)
(-3.5284)
(-0.2363)
G3(-0.6912)
(-1.5165)
(0.4486)
G4(0.6726)
(3.5194)
(5.8761)
A1(11.6685)
(7.9131)
(16.7364)
A2(-3.5865)
(12.7802)
(22.1416)
A3(7.5609)
(11.8465)
(-0.5171)
A4(-9.1123)
(-5.3008)
(-5.8897)
G1(0.0016)
(-10.9307)
(1.4665)
G2(-8.0296)
(-5.9746)
(0.5321)
G3(-1.0046)
(-4.5187)
(0.9099)
G4(2.5999)
(8.2791)
(5.5441)
A1(7.9515)
(9.5274)
(23.5766)
A2(12.3732)
(6.4117)
(10.8793)
A3(7.8195)
(4.7692)
(4.6448)
A4(-4.1563)
(-14.0779)
(1.5562)
G1(1.7139)
(-1.9619)
(-0.3868)
G2(-5.3680)
(-7.3070)
(-0.7843)
G3(-2.9788)
(-11.1579)
(4.6235)
G4(-5.3270)
(4.2271)
(1.8315)
A1(-11.5536)
(16.4777)
(7.7311)
A2(-2.7390)
(10.7500)
(11.5113)
A3(-2.9018)
(8.9830)
(7.2736)
A4(4.9416)
(-5.4971)
(0.1245)
G1(-0.2139)
(-4.0802)
(0.8929)
G2(-3.3954)
(-9.2167)
(0.8796)
G3(-3.4742)
(-9.0528)
(2.7771)
G4(-5.5217)
(3.6327)
(4.7699)
A1(-5.4990)
(6.8833)
(2.6920)
A2(-10.7643)
(5.9664)
(0.0431)
A3(-11.5879)
(14.6908)
(1.9393)
A4(-14.5472)
(-14.2934)
(5.9664)
G1(-0.0649)
(-2.1551)
(-0.0372)
G2(1.6049)
(-2.2737)
(2.5233)
G3(-0.4667)
(-1.4692)
(-0.3991)
G4(9.0619)
(-17.4363)
(-5.6622)
A1(-4.7805)
(10.4662)
(2.0980)
A2(5.5402)
(1.6233)
(-3.9265)
A3(1.1540)
(5.2816)
(-4.5490)
A4(9.0692)
(1.3886)
(3.8259)
G1(-0.4278)
(-0.0474)
(-0.1368)
G2(1.5591)
(1.9119)
(0.6486)
G3(-0.0085)
(-1.3787)
(-0.2027)
G4(-11.4468)
(3.9972)
(-8.6005)
A1(-2.6728)
(8.6364)
(0.7520)
A2(-5.0518)
(7.0629)
(5.5210)
A3(0.0766)
(9.6055)
(-1.9680)
A4(9.4763)
(-8.9399)
(-2.3176)
G1(-0.1724)
(1.1068)
(-0.0543)
G2(-1.2675)
(-2.2785)
(-0.1634)
G3(0.0878)
(-0.0532)
(-0.0649)
G4(0.1282)
(-3.6375)
(-1.4436)
A1(-2.9650)
(9.7381)
(-0.3640)
A2(14.3365)
(5.3295)
(-6.6272)
A3(0.9720)
(8.7101)
(-0.4022)
A4(9.6007)
(-5.0853)
(-4.2569)
G1(0.2208)
(1.9688)
(0.1399)
G2(-0.5885)
(1.2547)
(-1.4910)
G3(0.4965)
(3.4087)
(-0.9248)
G4(-1.1009)
(-2.9053)
(-1.8736)
A1(0.2922)
(10.0399)
(0.1150)
A2(8.2696)
(2.4995)
(-3.3184)
A3(2.7342)
(6.2728)
(-7.5753)
A4(4.6304)
(-3.6152)
(-7.3263)
G1(0.3272)
(1.6134)
(0.2629)
G2(-1.0594)
(-2.0050)
(-1.3601)
G3(0.1336)
(1.4122)
(-0.3501)
G4(-1.9827)
(-3.1554)
(-2.9399)
A1(-1.3508)
(9.4364)
(-0.3736)
A2(8.9447)
(4.2713)
(0.3160)
A3(1.6999)
(9.0070)
(-3.3279)
A4(1.5802)
(-0.0144)
(-10.2041)
G1(0.1383)
(1.0701)
(-0.1415)
G2(-0.7955)
(1.7650)
(-1.5314)
G3(-0.0463)
(0.6902)
(-0.2618)
G4(-3.1948)
(-2.1029)
(-2.8782)
A1(-1.2406)
(8.7514)
(0.0719)
A2(11.2336)
(4.2904)
(-1.5514)
A3(1.3168)
(8.8729)
(-4.1420)
A4(1.5131)
(3.8355)
(-7.6758)
G1(0.0282)
(1.8911)
(-0.2831)
G2(0.2368)
(2.2365)
(-1.2164)
G3(-0.1070)
(0.4188)
(-0.2442)
G4(-3.1006)
(-1.5277)
(-2.0928)
A1(1.9400)
(10.3896)
(-0.5030)
A2(7.5465)
(5.3774)
(1.3503)
A3(0.5602)
(9.4858)
(-3.0646)
A4(5.9185)
(5.8035)
(-10.6111)
G1(-0.1841)
(1.4005)
(-0.0362)
G2(1.3042)
(2.1540)
(-1.2457)
G3(-0.0623)
(0.6742)
(-0.3379)
G4(-1.3532)
(-0.3975)
(0.5859)
A1(1.3364)
(8.8616)
(-0.5269)
A2(8.3510)
(6.1292)
(4.6591)
A3(1.1492)
(9.7252)
(-1.1540)
A4(0.9481)
(4.8554)
(-9.4236)
G1(-0.7641)
(-0.4486)
(-0.3097)
G2(1.0105)
(2.4914)
(-1.9592)
G3(0.2001)
(0.7976)
(-0.3246)
G4(-1.6575)
(-0.8796)
(0.3656)
A1(-1.7053)
(8.2724)
(0.3832)
A2(9.6917)
(7.2496)
(3.9121)
A3(1.1971)
(8.8538)
(-3.1077)
A4(5.2960)
(9.7588)
(-7.3694)
G1(0.1458)
(0.5305)
(-0.6460)
G2(0.8721)
(0.4587)
(-1.8736)
G3(0.4044)
(0.4342)
(-0.2570)
G4(-2.5791)
(-1.8331)
(0.8407)
