A1(-1.3795)
(9.7238)
(1.7292)
A2(2.5331)
(8.5138)
(3.4716)
A3(0.5986)
(7.2592)
(-6.8426)
A4(5.3343)
(10.0413)
(-3.0550)
G1(0.5741)
(0.8998)
(-0.0059)
G2(0.1426)
(-0.1612)
(0.0628)
G3(-0.1463)
(-0.1474)
(0.0511)
G4(0.4848)
(2.9367)
(-1.2797)
A1(-2.4621)
(8.7754)
(-0.7664)
A2(3.5626)
(8.5234)
(3.3567)
A3(2.3798)
(7.6902)
(-6.3351)
A4(-0.4645)
(9.5912)
(-2.9592)
G1(0.5103)
(2.0359)
(-0.3086)
G2(-0.0756)
(0.0112)
(0.0692)
G3(-0.2347)
(0.2118)
(-0.1410)
G4(0.7801)
(4.2899)
(-2.4568)
A1(-0.9245)
(10.1836)
(0.5125)
A2(5.1571)
(7.7764)
(1.7573)
A3(1.7142)
(8.0158)
(-4.9608)
A4(10.5967)
(1.3503)
(-2.1021)
G1(1.3308)
(1.9693)
(-0.3379)
G2(0.0325)
(2.2631)
(1.1659)
G3(-0.0841)
(0.7976)
(-0.5688)
G4(0.5843)
(5.5473)
(-3.5668)
A1(1.4179)
(9.3406)
(1.3747)
A2(3.4907)
(6.4452)
(4.9177)
A3(1.1875)
(8.2696)
(-8.1403)
A4(1.1875)
(5.4684)
(-2.3511)
G1(0.5678)
(2.7090)
(-0.8817)
G2(-0.1522)
(1.6953)
(1.5133)
G3(-0.0947)
(1.0110)
(-0.7247)
G4(1.2090)
(1.0233)
(-0.7263)
A1(6.5576)
(5.4415)
(5.8917)
A2(4.7836)
(7.7045)
(7.3215)
A3(-10.6686)
(20.9062)
(7.6567)
A4(-6.8666)
(6.2345)
(-8.3749)
G1(-6.5189)
(2.8101)
(1.2499)
G2(0.0718)
(4.7640)
(0.6481)
G3(1.8204)
(2.1939)
(-1.2723)
G4(0.0639)
(-0.8578)
(0.0138)
A1(-7.9275)
(20.6403)
(7.0126)
A2(6.4883)
(6.6798)
(7.8099)
A3(5.5929)
(34.9793)
(16.7259)
A4(-2.6671)
(6.7852)
(-5.9233)
G1(-7.3219)
(5.4898)
(0.0282)
G2(1.6825)
(1.3207)
(-0.2070)
G3(4.5724)
(1.3787)
(-0.8391)
G4(-0.4858)
(0.2102)
(-0.3783)
A1(-9.7717)
(28.2756)
(21.9959)
A2(-12.9909)
(10.9654)
(-5.6790)
A3(29.9993)
(20.4417)
(-4.4867)
A4(-7.2880)
(8.5138)
(-7.2209)
G1(-7.7795)
(0.8535)
(1.4974)
G2(1.9199)
(1.9555)
(-1.1302)
G3(5.5116)
(10.3453)
(-7.1835)
G4(-0.0500)
(3.2496)
(-0.8402)
A1(-10.7536)
(7.6736)
(13.1391)
A2(-0.9912)
(4.8219)
(4.7166)
A3(37.0239)
(9.2656)
(-14.1018)
A4(-4.3096)
(15.4139)
(-1.8866)
G1(-6.8286)
(5.8681)
(0.9663)
G2(1.1802)
(5.7170)
(0.9232)
G3(0.9317)
(-4.7491)
(-0.9780)
G4(0.2655)
(6.3258)
(-1.5777)
A1(10.5093)
(15.9412)
(7.2330)
A2(-8.1116)
(10.2663)
(5.7700)
A3(14.8919)
(-0.6560)
(-11.8082)
A4(-13.5320)
(-5.9711)
(-5.7509)
G1(-0.1607)
(6.1225)
(-1.8081)
G2(1.3175)
(5.6239)
(1.5022)
G3(4.8193)
(-5.3999)
(-7.7816)
G4(-0.7253)
(9.6786)
(-5.5164)
A1(11.7835)
(6.3420)
(-19.0452)
A2(-5.9089)
(12.6605)
(10.0461)
A3(13.3166)
(-7.4412)
(1.7765)
A4(21.4377)
(11.8657)
(-0.7087)
G1(0.8445)
(4.9375)
(-2.4083)
G2(1.1238)
(6.8893)
(2.2950)
G3(4.6118)
(-9.1805)
(-6.8871)
G4(-2.0337)
(-1.5469)
(0.6050)
A1(14.4228)
(6.6150)
(6.4282)
A2(5.9233)
(5.8706)
(10.7452)
A3(-1.5945)
(-22.9556)
(5.2337)
A4(7.5848)
(7.7620)
(2.2505)
G1(-0.7035)
(2.0497)
(-2.5041)
G2(2.8239)
(11.1510)
(0.7125)
G3(-2.9532)
(-3.9153)
(-7.5640)
G4(-0.0064)
(2.6989)
(-0.1548)
A1(1.6382)
(-0.6514)
(-7.6066)
A2(14.9733)
(2.1117)
(18.4928)
A3(-46.6534)
(26.2357)
(-41.4819)
A4(5.7604)
(7.4460)
(-2.9018)
G1(-3.2108)
(-4.9604)
(3.5971)
G2(2.0311)
(-3.2533)
(1.2670)
G3(4.6922)
(-2.8149)
(-8.2009)
G4(0.0106)
(0.6093)
(0.4097)
A1(1.7484)
(3.6883)
(2.7160)
A2(3.1651)
(4.1515)
(3.9361)
A3(2.3655)
(27.8541)
(-8.2313)
A4(3.7589)
(7.5082)
(-2.4948)
G1(1.1084)
(1.5985)
(2.4254)
G2(-0.2118)
(3.0820)
(0.9450)
G3(-3.8142)
(-6.9212)
(4.6565)
G4(-0.1852)
(-1.3877)
(0.4486)
A1(-0.7472)
(3.4440)
(1.8202)
A2(12.6749)
(6.6080)
(1.8052)
A3(-8.6143)
(-3.0119)
(-1.5754)
A4(1.4413)
(9.6534)
(-3.0598)
G1(-1.1031)
(-1.5101)
(4.3926)
G2(-0.2331)
(0.5784)
(0.2107)
G3(2.3147)
(3.4912)
(3.0022)
G4(0.0176)
(-0.5736)
(0.0984)
A1(-9.2544)
(7.4054)
(1.8011)
A2(1.9154)
(7.0964)
(0.9577)
A3(-2.6432)
(-1.9680)
(-11.7986)
A4(1.5419)
(9.2847)
(-5.4875)
G1(1.2558)
(-0.0282)
(1.9071)
G2(-0.0623)
(-0.1208)
(0.1394)
G3(-2.1263)
(4.8465)
(0.1655)
G4(0.0420)
(0.1235)
(-0.0857)
A1(-8.0568)
(4.9529)
(5.7576)
A2(5.9328)
(10.4196)
(0.5124)
A3(-2.5618)
(-3.9361)
(-12.4451)
A4(-0.5507)
(9.2799)
(-4.7645)
G1(1.0738)
(-1.6416)
(1.8118)
G2(-0.2389)
(0.1346)
(0.2794)
G3(-3.5907)
(3.9509)
(-1.5777)
G4(-0.1926)
(0.0101)
(0.0713)
A1(-8.6987)
(7.1132)
(3.3482)
A2(1.8004)
(11.0564)
(2.2362)
A3(-2.2745)
(3.7350)
(-12.8856)
A4(0.0766)
(9.2991)
(-3.8786)
G1(1.6506)
(-1.0318)
(0.9200)
G2(-0.0442)
(-0.6641)
(0.1219)
G3(-3.2235)
(0.0388)
(-0.9998)
G4(-0.3714)
(-0.4603)
(0.2767)
A1(-5.6283)
(7.6305)
(1.1496)
A2(0.5028)
(9.7300)
(-1.0726)
A3(-1.6951)
(3.8882)
(-11.1953)
A4(2.1691)
(9.6391)
(-2.0494)
G1(2.1785)
(-0.5300)
(0.6412)
G2(0.3789)
(-0.4289)
(-0.0399)
G3(-3.3209)
(0.7476)
(-1.2819)
G4(-0.3198)
(-0.7779)
(0.1788)
A1(-5.6331)
(7.5060)
(2.1076)
A2(1.1540)
(9.9838)
(0.9625)
A3(-3.1603)
(9.0932)
(-8.3701)
A4(0.6512)
(9.5289)
(-2.1548)
G1(1.7597)
(-0.0016)
(0.8498)
G2(0.0942)
(-1.3713)
(0.1772)
G3(-2.8532)
(0.5193)
(-0.8370)
G4(0.0654)
(-0.4060)
(0.4076)
A1(-5.7672)
(7.7934)
(1.7723)
A2(2.1883)
(8.8490)
(0.2921)
A3(-1.2019)
(10.3238)
(-4.5729)
A4(0.3208)
(9.3134)
(-4.2138)
G1(1.4931)
(0.0772)
(0.6513)
G2(-0.3368)
(-1.1105)
(0.1900)
G3(-1.7501)
(0.7939)
(-0.9913)
G4(0.1809)
(-0.1000)
(0.3549)
