A1(-2.3519)
(6.3133)
(5.2690)
A2(1.9537)
(8.6431)
(-1.2115)
A3(-3.1125)
(10.8984)
(-0.1389)
A4(0.5986)
(7.2975)
(-7.8051)
G1(-2.0784)
(-0.7466)
(-0.6891)
G2(-0.2437)
(0.3288)
(-0.0612)
G3(0.7141)
(-1.8342)
(0.4837)
G4(0.0782)
(0.0133)
(-0.0106)
A1(2.6393)
(7.3910)
(6.5863)
A2(2.7725)
(9.1459)
(-0.7135)
A3(-4.5921)
(9.2799)
(-2.6624)
A4(-0.5602)
(9.4858)
(-4.7309)
G1(-0.9339)
(-1.3840)
(-0.9982)
G2(-0.5353)
(0.2187)
(-0.0654)
G3(0.8125)
(-2.3466)
(1.7081)
G4(0.1495)
(-1.0967)
(0.4890)
A1(-3.4345)
(2.7064)
(11.3045)
A2(5.3391)
(10.0126)
(-0.9098)
A3(14.9015)
(8.6335)
(3.3806)
A4(0.7614)
(11.6502)
(-0.2298)
G1(-0.5715)
(-4.6555)
(0.7364)
G2(-0.0825)
(-0.4166)
(0.1405)
G3(-2.0236)
(-3.6875)
(4.0935)
G4(0.6683)
(-1.4388)
(0.5598)
A1(-4.9481)
(16.4586)
(10.2746)
A2(-0.3879)
(7.3646)
(2.3942)
A3(-18.9477)
(9.3134)
(-8.6383)
A4(-8.6718)
(27.2029)
(7.7189)
G1(3.1682)
(0.3177)
(-0.1144)
G2(0.4438)
(-1.6134)
(0.1022)
G3(0.2033)
(-4.8789)
(2.3690)
G4(2.6451)
(-2.8058)
(2.5909)
A1(-6.3755)
(5.3122)
(5.0966)
A2(-2.5618)
(12.3493)
(7.8673)
A3(-3.6344)
(24.9141)
(23.3530)
A4(-9.9886)
(14.5376)
(-11.6646)
G1(2.8564)
(-7.6497)
(-0.5295)
G2(-0.8663)
(-3.6295)
(0.9748)
G3(-0.3347)
(2.2253)
(1.1286)
G4(1.5729)
(-4.2947)
(8.6021)
A1(8.0377)
(13.9678)
(-0.0096)
A2(0.1197)
(11.8417)
(6.8522)
A3(-4.1132)
(5.7461)
(5.8610)
A4(-34.4238)
(34.1222)
(-30.0377)
G1(1.4399)
(-2.7670)
(-0.9227)
G2(-1.7389)
(-2.5658)
(1.5011)
G3(0.0282)
(-0.8764)
(1.0259)
G4(-0.1889)
(-2.1178)
(6.9026)
A1(10.8973)
(10.4519)
(12.5451)
A2(-2.2505)
(34.1844)
(9.5050)
A3(9.2129)
(9.2656)
(-2.3894)
A4(-7.1347)
(-2.1069)
(-14.7196)
G1(1.3723)
(-9.2859)
(-1.1132)
G2(-8.1589)
(-6.1150)
(0.7348)
G3(-0.3395)
(-1.2771)
(-0.1022)
G4(0.5220)
(4.9923)
(7.2463)
A1(-27.2745)
(1.2215)
(-16.5831)
A2(2.5666)
(23.8846)
(18.3635)
A3(16.9940)
(12.8664)
(15.1170)
A4(-5.0278)
(-2.6336)
(-6.2010)
G1(2.7963)
(-7.5672)
(-1.6613)
G2(-9.4636)
(-3.9935)
(-1.0451)
G3(-0.7035)
(-9.9111)
(3.8158)
G4(-0.0186)
(6.4604)
(5.1445)
A1(8.3203)
(11.5536)
(25.7560)
A2(13.6469)
(5.7174)
(9.8162)
A3(14.2407)
(0.2251)
(6.6798)
A4(-3.9456)
(-6.4643)
(-0.7661)
G1(2.7398)
(1.4771)
(-0.8109)
G2(-5.3967)
(-8.0961)
(-0.5555)
G3(-2.8101)
(-11.8273)
(5.8101)
G4(-2.0242)
(4.7470)
(1.1637)
A1(-9.7429)
(0.3976)
(1.1975)
A2(-7.5513)
(9.1794)
(7.6662)
A3(9.1459)
(12.3732)
(3.3758)
A4(3.2944)
(-1.1013)
(-3.5721)
G1(-0.7934)
(-2.9655)
(0.1117)
G2(-1.1462)
(-5.1642)
(2.7148)
G3(-0.4512)
(1.4245)
(-0.8764)
G4(-5.6819)
(1.2318)
(3.9430)
A1(-2.5435)
(9.1346)
(1.9495)
A2(6.1339)
(5.1236)
(-0.4549)
A3(-10.2807)
(12.0476)
(2.7677)
A4(1.0774)
(-1.0487)
(12.2056)
G1(-0.9301)
(0.3863)
(0.1293)
G2(1.5708)
(-1.0280)
(0.6987)
G3(-0.4933)
(-1.2914)
(-0.2751)
G4(-1.2675)
(-1.3979)
(0.6369)
A1(-2.8549)
(12.4637)
(-2.3567)
A2(-5.8083)
(6.5410)
(0.2729)
A3(0.8619)
(9.2368)
(1.5754)
A4(10.2424)
(2.8299)
(-5.4971)
G1(0.2320)
(0.7646)
(-0.3602)
G2(-2.6063)
(-1.7538)
(1.0004)
G3(0.7279)
(4.2346)
(-1.0137)
G4(4.2255)
(-0.7588)
(-2.0353)
A1(-2.8309)
(9.1633)
(0.2539)
A2(4.7405)
(-6.1196)
(-4.1946)
A3(4.2569)
(7.0964)
(-12.9574)
A4(8.4084)
(-3.1747)
(-4.9368)
G1(0.1346)
(0.7040)
(-0.2001)
G2(-2.8399)
(-0.0851)
(-1.3622)
G3(0.8024)
(2.8271)
(-0.5571)
G4(2.9554)
(-3.3800)
(-0.3916)
A1(-0.6419)
(10.3465)
(0.8766)
A2(4.6448)
(-2.0159)
(2.9736)
A3(0.2490)
(8.5186)
(-3.3136)
A4(9.4571)
(-5.4731)
(-4.6926)
G1(0.0154)
(1.3415)
(0.4129)
G2(-1.2744)
(2.3285)
(-1.7634)
G3(0.0325)
(1.3936)
(-0.3262)
G4(-0.8668)
(-4.9369)
(-2.3227)
A1(-0.4024)
(9.7046)
(-0.2156)
A2(16.9797)
(5.3678)
(2.4900)
A3(2.2314)
(9.1746)
(-3.5099)
A4(2.3463)
(-1.5514)
(-8.0158)
G1(0.4081)
(1.2654)
(0.0553)
G2(-2.1433)
(2.5887)
(-1.2569)
G3(0.0713)
(0.4135)
(-0.0974)
G4(-3.6386)
(-2.9043)
(-2.6930)
A1(0.8478)
(9.2496)
(-1.0394)
A2(10.0556)
(3.1891)
(-2.3080)
A3(1.5993)
(8.5569)
(-4.0606)
A4(1.1396)
(4.4484)
(-7.9248)
G1(0.3049)
(1.0695)
(-0.0202)
G2(0.1623)
(2.6079)
(-0.4576)
G3(-0.0750)
(-0.2251)
(-0.0048)
G4(-3.1405)
(-2.1077)
(-2.1657)
A1(-2.4956)
(9.4795)
(0.1389)
A2(9.0788)
(3.9600)
(3.5291)
A3(1.5850)
(9.7013)
(-1.6376)
A4(3.9600)
(6.6798)
(-8.2456)
G1(-0.4087)
(0.2703)
(-0.2288)
G2(1.2153)
(1.8619)
(-1.0610)
G3(0.0766)
(0.1894)
(-0.1532)
G4(-1.6815)
(-0.5475)
(0.5976)
A1(-0.8143)
(9.4986)
(-0.2012)
A2(8.1068)
(4.8985)
(4.8698)
A3(2.8012)
(8.4707)
(-4.4197)
A4(5.7221)
(10.9463)
(-9.5672)
G1(-0.1011)
(0.5539)
(-0.7178)
G2(1.7661)
(0.7891)
(-2.2264)
G3(0.1894)
(0.2799)
(-0.1963)
G4(-2.2365)
(-1.5580)
(0.8163)
A1(-1.1065)
(9.5753)
(-0.6131)
A2(8.9926)
(5.5881)
(3.4333)
A3(0.6800)
(9.3230)
(-3.1987)
A4(4.1994)
(9.6055)
(-5.7796)
G1(-0.0170)
(0.6981)
(-0.4550)
G2(1.8677)
(-0.0074)
(-1.9098)
G3(0.1006)
(0.2171)
(-0.2410)
G4(-1.7267)
(-2.0124)
(0.7503)
A1(-0.7664)
(9.8483)
(3.1231)
A2(7.1299)
(7.9535)
(3.3519)
A3(1.4365)
(8.7388)
(-3.2848)
A4(3.5434)
(20.1879)
(-8.4372)
G1(0.2059)
(0.1219)
(-0.8317)
G2(1.9390)
(-0.0676)
(-1.8235)
G3(0.1687)
(0.3299)
(-0.4012)
G4(0.6960)
(-0.9546)
(0.1192)
