A1(-3.8895)
(8.2437)
(1.5041)
A2(2.5570)
(9.1459)
(3.0837)
A3(0.5842)
(7.8195)
(-5.8514)
A4(4.5729)
(9.6486)
(-2.3750)
G1(0.5491)
(0.7098)
(0.0319)
G2(-0.1224)
(0.0138)
(0.1272)
G3(-0.0649)
(-0.0729)
(0.0271)
G4(0.4225)
(1.7475)
(-0.6902)
A1(-2.6633)
(8.8616)
(-0.6850)
A2(2.8491)
(9.2320)
(2.5043)
A3(0.4836)
(7.8243)
(-6.1100)
A4(-4.8076)
(9.5912)
(-0.3160)
G1(0.5263)
(1.7677)
(-0.7785)
G2(-0.3453)
(0.2820)
(0.2022)
G3(-0.2522)
(-0.0830)
(-0.0367)
G4(0.9158)
(3.2251)
(-2.3493)
A1(-0.0862)
(8.9478)
(0.8478)
A2(4.6352)
(7.8051)
(4.6400)
A3(2.9736)
(8.9735)
(-3.2465)
A4(5.6743)
(3.4955)
(-4.2377)
G1(-0.0048)
(0.5374)
(-0.1580)
G2(-0.3576)
(0.7998)
(0.7769)
G3(-0.0032)
(1.2106)
(-0.5204)
G4(0.4864)
(3.3108)
(-1.4245)
A1(-1.4514)
(11.8506)
(1.8346)
A2(-1.7142)
(5.4636)
(10.1227)
A3(-1.2594)
(11.7268)
(-0.1963)
A4(3.3279)
(12.5408)
(-1.3455)
G1(-1.4782)
(2.5041)
(-1.4399)
G2(-0.8423)
(1.9353)
(0.3171)
G3(1.0621)
(0.1043)
(-0.3725)
G4(0.6630)
(-1.2792)
(-0.1974)
A1(-2.1028)
(8.0185)
(6.8162)
A2(2.8970)
(5.5545)
(5.2002)
A3(2.6432)
(20.0730)
(4.8411)
A4(3.4955)
(7.3502)
(-2.4660)
G1(-8.0876)
(1.9662)
(-0.1713)
G2(1.0110)
(0.6066)
(-0.0750)
G3(2.9639)
(0.9748)
(-1.2606)
G4(0.4353)
(0.2033)
(-0.5789)
A1(-5.1014)
(20.0846)
(-4.0859)
A2(6.2010)
(12.8090)
(14.6429)
A3(-3.1603)
(14.0252)
(-7.7716)
A4(-0.7135)
(8.5377)
(-6.9911)
G1(-3.2209)
(2.0806)
(1.8039)
G2(1.0855)
(0.6008)
(-1.3047)
G3(3.1895)
(1.0770)
(-1.4958)
G4(0.6715)
(1.5016)
(-0.9147)
A1(-4.6272)
(15.1605)
(14.2647)
A2(-2.5905)
(8.0206)
(1.7286)
A3(12.9383)
(12.3541)
(-16.6684)
A4(-0.4118)
(8.2504)
(-7.1251)
G1(-6.2885)
(2.6733)
(-1.3015)
G2(1.4511)
(3.1538)
(-0.4166)
G3(1.1472)
(2.7281)
(-3.3805)
G4(0.2341)
(1.4686)
(-0.4443)
A1(-11.9320)
(3.7171)
(7.7072)
A2(-3.5769)
(9.0932)
(4.3958)
A3(3.2992)
(5.9664)
(-17.0515)
A4(-4.3958)
(13.3980)
(-3.9504)
G1(-4.5405)
(3.3965)
(-0.3645)
G2(1.0813)
(4.1760)
(0.4119)
G3(-4.1281)
(-2.4509)
(-3.2682)
G4(-0.0968)
(3.4912)
(-0.5406)
A1(1.5807)
(7.6928)
(8.9526)
A2(-4.6783)
(12.2344)
(2.9592)
A3(6.2201)
(9.0884)
(-13.6757)
A4(-14.5855)
(0.0527)
(-6.5362)
G1(-3.0985)
(4.9135)
(-1.5846)
G2(0.7992)
(3.9036)
(1.3053)
G3(-1.3170)
(0.6609)
(-6.8499)
G4(1.2994)
(12.8734)
(-7.7662)
A1(-6.4282)
(-2.3471)
(-22.6713)
A2(0.9960)
(4.4724)
(6.3207)
A3(0.4166)
(-3.0837)
(-2.9018)
A4(16.4817)
(9.9168)
(-1.8387)
G1(-1.1978)
(0.3597)
(-0.8280)
G2(-0.7423)
(7.0590)
(1.0552)
G3(1.7922)
(-2.3312)
(-6.3540)
G4(-1.5719)
(-4.9843)
(2.5275)
A1(3.5350)
(3.3099)
(4.3494)
A2(9.1315)
(5.7652)
(-1.6759)
A3(8.8969)
(-7.8961)
(0.3591)
A4(13.1681)
(5.0661)
(-0.1197)
G1(-1.3260)
(0.4321)
(1.8544)
G2(1.6134)
(1.4718)
(0.0032)
G3(-1.4591)
(0.7748)
(-8.2339)
G4(-0.5215)
(2.2636)
(-0.0952)
A1(-14.6096)
(0.2730)
(-1.3125)
A2(-2.0351)
(8.0780)
(9.2847)
A3(4.2713)
(-28.3090)
(4.6400)
A4(-2.3607)
(10.1801)
(-4.9895)
G1(0.5827)
(1.7437)
(1.8209)
G2(1.0201)
(0.7652)
(-0.0277)
G3(-1.8565)
(-0.1905)
(5.9107)
G4(-0.4049)
(-1.4644)
(0.6141)
A1(-9.4364)
(5.2834)
(0.2682)
A2(1.6807)
(8.9974)
(2.5905)
A3(-9.4092)
(-7.3119)
(-6.1100)
A4(-0.8188)
(10.1945)
(-3.3088)
G1(0.2629)
(-2.6936)
(2.0795)
G2(-0.4459)
(-1.3814)
(0.0591)
G3(2.7760)
(2.8681)
(1.8262)
G4(-0.1447)
(-0.6018)
(0.2192)
A1(-10.6914)
(2.3471)
(0.7472)
A2(4.8315)
(9.5193)
(2.2841)
A3(-8.8633)
(-4.7549)
(-7.9392)
A4(-0.8811)
(9.1794)
(-3.3423)
G1(-0.3618)
(0.2150)
(1.3244)
G2(0.1171)
(0.7801)
(0.2836)
G3(0.9376)
(1.9177)
(0.1809)
G4(0.1330)
(0.7460)
(-0.2613)
A1(-5.2643)
(5.0152)
(2.1172)
A2(-1.0822)
(9.8162)
(3.7589)
A3(-5.7892)
(-5.2146)
(-7.8290)
A4(1.2115)
(9.6822)
(-4.0989)
G1(-0.1437)
(-0.3751)
(1.6006)
G2(0.1139)
(0.2341)
(0.0516)
G3(-0.7082)
(1.5873)
(-0.4959)
G4(0.0229)
(0.6630)
(-0.3193)
A1(-11.0267)
(5.2068)
(-0.8287)
A2(2.5379)
(9.2320)
(1.2210)
A3(-3.9696)
(-2.2553)
(-6.7708)
A4(0.0239)
(9.2847)
(-2.9832)
G1(-0.0596)
(-0.7146)
(1.7576)
G2(0.2160)
(0.5539)
(-0.1117)
G3(-1.3478)
(1.9060)
(-0.8493)
G4(-0.0447)
(0.1463)
(0.0303)
A1(-6.8498)
(6.4666)
(1.3268)
A2(1.7669)
(10.2951)
(2.1883)
A3(-2.2649)
(-2.5618)
(-8.2408)
A4(1.0918)
(8.6718)
(-3.6583)
G1(-0.2554)
(-0.0122)
(1.4005)
G2(0.3406)
(0.0942)
(-0.1857)
G3(-2.4967)
(1.8635)
(-0.8663)
G4(0.0202)
(0.1511)
(-0.1474)
A1(-6.3133)
(7.1036)
(1.9831)
A2(-0.8619)
(10.0461)
(2.0782)
A3(-0.5315)
(-1.0534)
(-8.4659)
A4(0.7566)
(8.7628)
(-4.7740)
G1(0.4874)
(0.2107)
(1.5846)
G2(0.3459)
(0.0202)
(-0.1176)
G3(-2.9447)
(1.6357)
(-0.5875)
G4(-0.1304)
(-0.3469)
(-0.0112)
A1(-6.8354)
(8.3921)
(0.9580)
A2(-0.1389)
(9.9599)
(1.1013)
A3(-0.1053)
(0.9720)
(-11.2192)
A4(-0.0862)
(9.1075)
(-4.2473)
G1(0.8072)
(-0.3288)
(1.0515)
G2(0.3666)
(-0.7774)
(0.0851)
G3(-2.3456)
(0.8514)
(-1.0850)
G4(-0.3693)
(-0.1469)
(0.0431)
A1(-7.3144)
(7.7551)
(0.5796)
A2(-0.1484)
(9.9551)
(-0.2442)
A3(-1.3455)
(5.1619)
(-10.3142)
A4(0.0622)
(9.7731)
(-1.6281)
G1(2.4685)
(0.2740)
(0.6582)
G2(0.5672)
(-0.0692)
(-0.0048)
G3(-3.0118)
(0.1495)
(-0.6162)
G4(-0.3352)
(-0.1394)
(0.1548)
