A1(-2.9602)
(9.0675)
(-1.7819)
A2(3.3806)
(8.8873)
(2.7007)
A3(1.2689)
(7.7189)
(-6.3542)
A4(2.0830)
(9.1506)
(-2.5235)
G1(0.0048)
(-0.1336)
(0.0617)
G2(0.0532)
(-0.2990)
(-0.1453)
G3(0.0309)
(0.0032)
(-0.0074)
G4(0.0830)
(0.3203)
(-0.1485)
A1(-3.1614)
(8.7514)
(-0.9724)
A2(4.1084)
(8.7436)
(3.1699)
A3(0.6608)
(7.7907)
(-5.4971)
A4(3.4668)
(10.7212)
(-1.5850)
G1(0.0857)
(0.2682)
(-0.1027)
G2(-0.2006)
(-0.6332)
(0.1064)
G3(-0.0080)
(-0.1304)
(0.0607)
G4(0.3214)
(1.5633)
(-0.5380)
A1(-3.1566)
(9.0819)
(-1.0394)
A2(1.1684)
(8.6000)
(3.1891)
A3(0.5267)
(8.0541)
(-5.2241)
A4(4.7070)
(9.9359)
(0.0048)
G1(-0.1969)
(1.3074)
(-0.0873)
G2(-0.2187)
(0.4385)
(0.0069)
G3(0.0495)
(0.0170)
(-0.0293)
G4(0.6114)
(1.9864)
(-1.0179)
A1(-0.8335)
(11.9895)
(1.2167)
A2(5.1236)
(8.9399)
(1.7478)
A3(1.2977)
(7.6806)
(-6.0573)
A4(-12.0859)
(10.6255)
(3.0885)
G1(0.7684)
(1.7182)
(-0.6721)
G2(-0.4129)
(0.8344)
(0.2677)
G3(0.2799)
(0.3336)
(-0.1671)
G4(1.9098)
(4.6214)
(-3.3757)
A1(-0.9293)
(10.6339)
(0.4455)
A2(5.1427)
(6.3686)
(8.0493)
A3(2.6336)
(9.6822)
(-5.9185)
A4(12.3062)
(2.7342)
(0.2490)
G1(-0.1559)
(2.9224)
(-1.0147)
G2(-1.6229)
(1.1706)
(0.9136)
G3(0.2863)
(0.4943)
(-0.4257)
G4(1.8640)
(1.2994)
(0.5848)
A1(-0.2299)
(12.2290)
(5.3074)
A2(0.7326)
(7.8099)
(3.0646)
A3(-3.3184)
(13.6948)
(-1.4844)
A4(-1.2210)
(8.3462)
(-3.2801)
G1(-1.7256)
(2.4051)
(-1.3984)
G2(0.5342)
(1.0121)
(1.7815)
G3(0.7779)
(1.0743)
(-0.5986)
G4(2.4291)
(-0.0255)
(-0.7764)
A1(-4.6559)
(27.8684)
(-4.8571)
A2(14.6334)
(9.0501)
(6.9097)
A3(0.6943)
(28.8166)
(6.6798)
A4(0.5938)
(8.7245)
(-6.6032)
G1(-6.7200)
(4.0387)
(0.7519)
G2(1.9901)
(3.3763)
(-0.6561)
G3(3.8961)
(0.1208)
(-0.8226)
G4(-0.2969)
(-0.8961)
(-0.0388)
A1(-8.1239)
(5.0439)
(22.4749)
A2(8.0445)
(10.0365)
(12.5025)
A3(2.7294)
(17.2383)
(-6.7229)
A4(-0.3879)
(9.1746)
(-5.0661)
G1(-7.3612)
(4.8795)
(1.3787)
G2(0.9615)
(-2.3381)
(0.0319)
G3(2.2572)
(5.0620)
(-3.7594)
G4(0.1580)
(1.3718)
(-0.6598)
A1(-7.8030)
(11.6637)
(14.4515)
A2(2.9640)
(8.9495)
(5.3965)
A3(37.9146)
(14.2742)
(-14.8776)
A4(-6.0908)
(11.1953)
(-4.7070)
G1(-7.1026)
(2.2737)
(1.6559)
G2(1.8656)
(4.0010)
(0.5992)
G3(1.3915)
(-2.2402)
(-1.6522)
G4(-0.0043)
(4.3979)
(-0.6843)
A1(4.1817)
(15.1844)
(8.6987)
A2(-6.6559)
(10.7835)
(2.7102)
A3(11.9279)
(-2.9688)
(-11.9997)
A4(-6.9097)
(5.9903)
(-6.3111)
G1(-2.4658)
(6.7860)
(-0.9594)
G2(1.5836)
(5.2578)
(1.1387)
G3(3.2741)
(-4.9306)
(-6.7557)
G4(1.5181)
(10.5321)
(-5.3355)
A1(8.5646)
(9.8962)
(-8.3874)
A2(-8.2696)
(13.1011)
(9.3374)
A3(13.6134)
(-7.1347)
(-3.7637)
A4(-4.3048)
(7.3454)
(-1.8627)
G1(0.6135)
(4.0339)
(-0.3650)
G2(1.1228)
(6.1507)
(1.9406)
G3(3.6684)
(-7.4501)
(-7.4001)
G4(-0.3890)
(8.3611)
(-4.1829)
A1(-9.9968)
(-17.6657)
(1.7053)
A2(-3.4333)
(8.6143)
(16.2758)
A3(5.3822)
(-12.2966)
(13.3932)
A4(3.3806)
(10.8553)
(-1.0487)
G1(-0.0830)
(5.8873)
(-1.0190)
G2(-1.9491)
(11.9278)
(0.3235)
G3(-1.5437)
(-3.1251)
(-9.3040)
G4(-1.1004)
(1.4383)
(-0.0458)
A1(-16.7124)
(5.7241)
(-0.3880)
A2(6.0430)
(2.0830)
(-5.3917)
A3(21.9117)
(23.0562)
(15.0308)
A4(11.8226)
(24.2341)
(1.3408)
G1(-1.9332)
(-8.7357)
(3.3959)
G2(0.2192)
(-4.1196)
(0.0229)
G3(8.4196)
(17.4357)
(2.5227)
G4(0.2416)
(0.0676)
(-0.1357)
A1(-9.4843)
(6.9408)
(4.7661)
A2(-9.7348)
(10.5632)
(2.9688)
A3(-10.2232)
(-0.3160)
(-2.6240)
A4(0.5267)
(6.1531)
(-4.2234)
G1(-1.3564)
(1.4974)
(2.7313)
G2(1.2095)
(1.6948)
(1.0403)
G3(-4.9768)
(-0.0585)
(14.9098)
G4(0.2458)
(-1.8156)
(0.7104)
A1(-9.2208)
(11.0075)
(4.0907)
A2(5.2433)
(22.3762)
(3.6392)
A3(-10.1945)
(-9.8689)
(-5.3008)
A4(-0.0670)
(10.5249)
(-3.7733)
G1(1.4128)
(-5.0173)
(2.5196)
G2(-0.9360)
(0.8370)
(-0.3560)
G3(-0.2309)
(5.0806)
(2.7122)
G4(0.0803)
(0.3395)
(0.1697)
A1(-9.1346)
(4.9146)
(-1.5041)
A2(5.3199)
(5.1188)
(1.5131)
A3(-4.2090)
(-4.5777)
(-8.4707)
A4(2.1261)
(8.1499)
(-3.9409)
G1(0.3411)
(-0.1788)
(2.6334)
G2(-1.0658)
(-3.1123)
(0.1506)
G3(-1.9725)
(5.6622)
(-0.0729)
G4(0.0772)
(-0.2160)
(0.1926)
A1(-4.8331)
(8.0329)
(1.4562)
A2(5.5929)
(10.3669)
(3.9840)
A3(0.4214)
(-4.4484)
(-7.1491)
A4(1.6185)
(9.8450)
(-4.0079)
G1(2.6499)
(-0.6433)
(1.0568)
G2(-0.0106)
(1.5000)
(-0.1043)
G3(-4.5139)
(2.6760)
(-2.9852)
G4(0.0926)
(0.3698)
(0.0160)
A1(-8.0808)
(7.6401)
(2.5435)
A2(0.6273)
(10.3094)
(2.4277)
A3(6.7756)
(5.4109)
(-9.4332)
A4(0.4645)
(9.3278)
(-3.7781)
G1(2.6494)
(-0.7407)
(0.9041)
G2(0.2187)
(-0.5561)
(0.1038)
G3(-4.4362)
(-1.2212)
(-0.4752)
G4(0.1272)
(0.0027)
(0.2522)
A1(-6.7061)
(5.0583)
(1.4418)
A2(1.7861)
(9.5720)
(0.4405)
A3(-6.0908)
(8.2696)
(-14.2263)
A4(0.3831)
(8.9543)
(-3.6919)
G1(1.2143)
(0.4874)
(0.3948)
G2(0.2336)
(0.1479)
(0.1756)
G3(-4.1265)
(0.4081)
(-0.3980)
G4(0.2559)
(0.0846)
(0.4172)
A1(-1.0634)
(12.1954)
(0.1772)
A2(0.7039)
(9.5720)
(-0.0144)
A3(-5.0566)
(14.7866)
(4.4580)
A4(1.7765)
(7.0916)
(-6.2010)
G1(2.6568)
(-2.0066)
(1.3766)
G2(-0.0181)
(-0.1639)
(0.2192)
G3(-0.7460)
(0.9530)
(-0.0846)
G4(0.3283)
(0.7785)
(0.2852)
