A1(-3.3291)
(9.6759)
(0.6514)
A2(2.8443)
(8.8538)
(3.1939)
A3(0.6895)
(8.0685)
(-5.6982)
A4(2.7390)
(9.1267)
(-2.6193)
G1(1.0137)
(0.3246)
(0.1383)
G2(-0.1463)
(-0.0128)
(0.0341)
G3(0.0016)
(0.1144)
(0.0388)
G4(-0.0681)
(-0.0452)
(0.0825)
A1(-2.8453)
(8.7514)
(-1.5855)
A2(3.2753)
(8.7771)
(3.2322)
A3(1.0726)
(7.9057)
(-5.8754)
A4(2.7533)
(9.2081)
(-2.4373)
G1(0.1022)
(-0.3230)
(0.1139)
G2(-0.1474)
(0.1346)
(-0.0112)
G3(-0.0468)
(0.0660)
(0.0016)
G4(-0.0665)
(-0.0314)
(0.1187)
A1(-2.8597)
(9.7381)
(-0.9245)
A2(2.8156)
(8.5425)
(3.0263)
A3(0.8571)
(7.9871)
(-5.1140)
A4(5.0661)
(10.2041)
(-0.3352)
G1(0.1256)
(0.1559)
(-0.0740)
G2(0.0442)
(-0.1149)
(-0.0388)
G3(-0.0500)
(-0.2033)
(0.1266)
G4(0.3453)
(0.8407)
(-0.3602)
A1(-1.9304)
(9.6232)
(-0.9101)
A2(3.0215)
(8.4467)
(2.4900)
A3(1.1253)
(8.1355)
(-5.2481)
A4(5.4348)
(8.9208)
(-1.6807)
G1(0.5013)
(1.8943)
(-0.4209)
G2(-0.3198)
(0.2698)
(0.0330)
G3(-0.0372)
(0.0851)
(-0.0351)
G4(0.8131)
(2.5791)
(-1.5479)
A1(-0.4359)
(9.4460)
(-1.0682)
A2(7.3741)
(8.7915)
(5.4109)
A3(1.1588)
(8.8538)
(-4.0606)
A4(-2.3942)
(6.2201)
(-1.4222)
G1(-0.1666)
(1.3782)
(-0.5364)
G2(-0.6721)
(0.3975)
(0.8700)
G3(0.0271)
(0.6204)
(-0.2985)
G4(-0.1634)
(5.4440)
(-3.2544)
A1(-0.6131)
(10.3752)
(2.0980)
A2(2.4229)
(6.5122)
(7.5561)
A3(-1.3264)
(14.0492)
(-2.4756)
A4(1.2498)
(2.8012)
(-4.6256)
G1(-1.6655)
(2.7952)
(-1.0429)
G2(-0.6008)
(2.4690)
(0.0378)
G3(1.5107)
(0.8695)
(-0.4954)
G4(0.5231)
(-0.3847)
(-0.7700)
A1(-5.0679)
(14.0875)
(-1.2694)
A2(6.7038)
(7.8195)
(11.5975)
A3(2.2170)
(14.8728)
(4.0654)
A4(0.9433)
(8.4324)
(-5.8945)
G1(-5.1008)
(3.2746)
(0.1878)
G2(0.6279)
(-0.9631)
(-0.9088)
G3(2.8362)
(1.3558)
(-1.2292)
G4(0.5428)
(0.3778)
(-0.3757)
A1(2.7686)
(15.9604)
(16.4586)
A2(-10.3621)
(10.5393)
(1.0151)
A3(4.5873)
(13.5991)
(-2.3511)
A4(-2.9784)
(8.5904)
(-8.9735)
G1(-6.5311)
(4.3644)
(-0.0841)
G2(2.1540)
(4.9369)
(-2.3237)
G3(2.6047)
(5.7069)
(-4.1829)
G4(0.2043)
(2.0183)
(-0.5215)
A1(-8.0377)
(13.5031)
(13.3786)
A2(-7.1395)
(13.4794)
(1.7095)
A3(14.4658)
(8.7771)
(-23.0657)
A4(-5.4731)
(12.1865)
(-4.4580)
G1(-7.0798)
(5.1258)
(-0.8397)
G2(1.2611)
(3.5300)
(0.5135)
G3(-0.4108)
(-2.1093)
(-1.9986)
G4(-0.1463)
(4.5283)
(-0.8615)
A1(1.0873)
(9.1825)
(5.5469)
A2(-4.4724)
(12.9526)
(-1.5754)
A3(21.4712)
(0.7709)
(-19.1680)
A4(-11.7555)
(0.6752)
(-7.8578)
G1(-2.5616)
(6.6243)
(-1.7299)
G2(0.5651)
(3.5295)
(1.2648)
G3(5.0056)
(-3.4279)
(-8.3164)
G4(0.2740)
(9.2385)
(-4.2569)
A1(8.0712)
(3.9230)
(-9.3310)
A2(-9.9790)
(7.9248)
(12.8425)
A3(4.7597)
(-5.1236)
(2.2745)
A4(5.5689)
(12.4786)
(4.9895)
G1(2.4163)
(3.4885)
(-2.6153)
G2(-0.1203)
(7.3341)
(1.7315)
G3(2.9037)
(-7.8375)
(-3.6439)
G4(-1.2494)
(-1.6182)
(1.0307)
A1(10.9213)
(-1.3795)
(-0.5700)
A2(8.7867)
(3.2130)
(14.7962)
A3(-0.2921)
(-16.7690)
(3.6966)
A4(5.6647)
(7.0390)
(-2.0877)
G1(1.1329)
(1.6911)
(-0.7306)
G2(1.2084)
(-0.8769)
(1.5660)
G3(-5.2019)
(-2.7941)
(-6.9936)
G4(-0.1628)
(2.2599)
(-0.1032)
A1(-23.3371)
(5.4367)
(-1.2837)
A2(-9.0453)
(17.7841)
(0.4453)
A3(38.0151)
(-15.9550)
(27.6291)
A4(-0.4070)
(10.9702)
(-1.4748)
G1(0.0873)
(-5.0093)
(0.4220)
G2(0.0005)
(-0.5832)
(-0.3459)
G3(0.6630)
(4.6895)
(4.6028)
G4(-0.0905)
(-0.3570)
(0.3443)
A1(-4.0045)
(4.4835)
(1.9352)
A2(5.8179)
(7.8769)
(0.1484)
A3(-12.2296)
(-2.7007)
(-11.2911)
A4(-0.2394)
(9.0980)
(-3.0406)
G1(-1.5995)
(-1.5016)
(1.6607)
G2(-0.1841)
(-0.6348)
(-0.1038)
G3(2.1210)
(1.4644)
(4.0010)
G4(0.0011)
(0.0543)
(0.0889)
A1(-8.6221)
(3.4584)
(0.1054)
A2(3.0215)
(9.5433)
(2.3224)
A3(-6.2537)
(-6.6750)
(-8.5952)
A4(3.5530)
(8.9543)
(-1.0295)
G1(0.8961)
(-0.5747)
(1.0786)
G2(-0.3884)
(-0.1107)
(0.1320)
G3(-1.1722)
(3.8403)
(2.4626)
G4(0.6721)
(1.5836)
(-0.6274)
A1(-9.6807)
(7.5587)
(2.8261)
A2(1.6759)
(7.6184)
(3.2130)
A3(1.3743)
(0.2011)
(-7.8003)
A4(0.3735)
(10.0413)
(-4.3335)
G1(1.6315)
(-2.1050)
(2.0305)
G2(-0.6252)
(1.2744)
(-0.1767)
G3(-3.6146)
(3.1012)
(-0.2990)
G4(0.1038)
(-1.5894)
(0.5582)
A1(-5.8103)
(7.8509)
(3.0848)
A2(1.2641)
(11.8178)
(2.4181)
A3(-0.1867)
(5.3534)
(-10.3908)
A4(0.7326)
(9.8928)
(-4.2090)
G1(2.0790)
(0.7615)
(0.9871)
G2(-0.3145)
(-3.1480)
(-0.2261)
G3(-3.2076)
(-0.4220)
(-0.6024)
G4(-0.0851)
(-0.8764)
(0.1043)
A1(-5.1253)
(8.6029)
(2.1411)
A2(1.5754)
(10.3430)
(1.5371)
A3(-2.0877)
(7.5178)
(-10.5919)
A4(0.7230)
(9.2991)
(-3.9025)
G1(1.9167)
(-0.3182)
(0.8599)
G2(0.2661)
(0.1942)
(-0.0628)
G3(-2.9426)
(1.5293)
(-1.5830)
G4(0.1963)
(-0.0654)
(0.0963)
A1(-6.8929)
(7.0845)
(2.0166)
A2(1.0439)
(9.4092)
(1.5658)
A3(-3.6248)
(9.8833)
(-6.7421)
A4(0.6752)
(9.3087)
(-3.5865)
G1(0.8008)
(0.1570)
(0.2591)
G2(0.2395)
(-0.8461)
(0.2214)
G3(-2.7803)
(0.2703)
(-1.1637)
G4(0.1421)
(-0.1245)
(0.2575)
A1(-4.1625)
(9.0340)
(3.5590)
A2(0.6847)
(9.1315)
(0.8140)
A3(-7.2065)
(11.6406)
(2.8252)
A4(0.8092)
(9.0501)
(-4.4676)
G1(1.4644)
(0.1447)
(0.5699)
G2(0.2400)
(0.3459)
(0.1660)
G3(-0.7450)
(0.1399)
(0.1016)
G4(0.2033)
(0.3555)
(0.1809)
