A1(-5.2259)
(8.7083)
(0.3114)
A2(2.4517)
(9.2320)
(2.6911)
A3(-0.5267)
(8.1834)
(-5.5258)
A4(5.2337)
(13.1011)
(1.9154)
G1(-0.3570)
(0.3517)
(-0.1277)
G2(-0.0383)
(0.0958)
(0.0053)
G3(0.0490)
(0.1128)
(0.0021)
G4(0.9738)
(1.2537)
(-0.9184)
A1(2.7016)
(11.2710)
(3.1566)
A2(2.5857)
(9.4092)
(1.8723)
A3(-3.9169)
(8.0732)
(-6.9719)
A4(-3.7110)
(7.6806)
(-4.4388)
G1(-0.0122)
(2.6148)
(-0.2501)
G2(-0.1687)
(0.3762)
(0.0601)
G3(-0.4752)
(0.2719)
(0.0835)
G4(1.5607)
(7.2389)
(-4.3798)
A1(-0.7041)
(8.8616)
(0.9628)
A2(2.9113)
(6.4260)
(2.7533)
A3(1.8292)
(10.1370)
(-0.2298)
A4(12.7036)
(3.3136)
(-3.6248)
G1(-0.4853)
(2.1524)
(-0.3890)
G2(-1.1126)
(0.5199)
(0.2570)
G3(-0.1719)
(1.1084)
(-0.4943)
G4(1.2728)
(7.5491)
(-4.9705)
A1(1.1352)
(8.9047)
(3.1758)
A2(1.0008)
(9.5960)
(6.5841)
A3(-2.9113)
(14.7243)
(1.1396)
A4(2.8683)
(-1.1301)
(-6.1435)
G1(-3.4353)
(3.5141)
(-0.8338)
G2(-0.7279)
(3.3092)
(1.5852)
G3(1.4117)
(0.8801)
(-0.6875)
G4(0.8503)
(-0.7082)
(0.2395)
A1(-0.1054)
(20.8031)
(0.6179)
A2(5.2912)
(8.2504)
(11.3006)
A3(-4.2329)
(19.7522)
(1.1827)
A4(-1.1588)
(9.2608)
(-8.3606)
G1(-6.2124)
(2.3844)
(1.1526)
G2(0.7758)
(1.9592)
(-0.2437)
G3(3.4827)
(3.5992)
(-3.4343)
G4(-0.3134)
(-0.6939)
(-0.0692)
A1(-6.1456)
(16.1568)
(15.5054)
A2(-6.2968)
(4.9608)
(2.5139)
A3(24.1144)
(24.7129)
(-13.2639)
A4(-3.4093)
(9.1028)
(-6.3207)
G1(-8.2642)
(3.4901)
(0.7822)
G2(1.3154)
(1.2898)
(-0.7258)
G3(1.4383)
(7.3346)
(-5.3775)
G4(-0.2671)
(2.0396)
(-0.3390)
A1(-8.6029)
(9.3502)
(13.0864)
A2(-4.0031)
(11.2958)
(2.6671)
A3(13.9869)
(-1.0630)
(-16.2662)
A4(-2.2601)
(13.4123)
(-0.1437)
G1(-6.6791)
(5.0082)
(0.8540)
G2(1.2803)
(3.6652)
(0.3374)
G3(-3.0511)
(-3.3002)
(-1.5048)
G4(0.5497)
(4.0323)
(-0.9738)
A1(0.6898)
(11.4865)
(8.8999)
A2(-6.1004)
(10.2376)
(1.2163)
A3(13.9295)
(9.7827)
(-19.4170)
A4(-8.8059)
(-6.6463)
(-5.8849)
G1(-2.7207)
(7.0159)
(-1.2106)
G2(0.9695)
(3.9382)
(1.0126)
G3(1.2435)
(0.8673)
(-9.9792)
G4(1.5378)
(12.8814)
(-8.8144)
A1(-17.4118)
(9.9345)
(6.3803)
A2(-12.5839)
(8.9256)
(19.6947)
A3(-1.0678)
(-9.7636)
(4.3000)
A4(-0.1820)
(10.0126)
(-5.5641)
G1(0.2033)
(2.8628)
(-0.5502)
G2(0.0000)
(7.0925)
(3.3768)
G3(0.6061)
(-4.8199)
(-7.5395)
G4(-1.6921)
(-1.8613)
(2.6595)
A1(-2.0501)
(7.5012)
(-8.3874)
A2(32.2547)
(4.5107)
(-16.1417)
A3(-13.6134)
(35.0080)
(-3.1412)
A4(2.1404)
(13.6134)
(6.1770)
G1(-2.4089)
(-3.5460)
(3.1709)
G2(2.9910)
(0.3288)
(1.9497)
G3(-5.1865)
(2.0438)
(-11.0355)
G4(-1.2840)
(0.3342)
(0.0474)
A1(-15.0359)
(-0.3114)
(-1.2071)
A2(-4.9033)
(10.9846)
(-5.4636)
A3(43.9384)
(-21.3515)
(36.2722)
A4(3.8499)
(14.5998)
(1.4892)
G1(-0.0788)
(-3.8972)
(0.2469)
G2(-2.6345)
(-2.0587)
(0.7013)
G3(4.6714)
(17.4357)
(2.6270)
G4(0.0410)
(1.1281)
(-0.1543)
A1(-9.5082)
(4.5841)
(-3.6644)
A2(15.5336)
(11.1187)
(4.4101)
A3(-9.1602)
(-1.8579)
(-4.9033)
A4(2.3128)
(9.5529)
(-5.1475)
G1(0.2602)
(-1.8730)
(1.6538)
G2(-0.3719)
(0.7572)
(-0.1548)
G3(1.5814)
(1.3260)
(3.8083)
G4(0.3719)
(0.8955)
(-0.2363)
A1(-8.1479)
(6.2127)
(2.6920)
A2(-0.3543)
(8.2025)
(2.3559)
A3(-5.6647)
(-2.0159)
(-6.5074)
A4(1.6520)
(9.7971)
(-4.0989)
G1(0.3102)
(0.2405)
(1.6107)
G2(-0.5454)
(1.4223)
(0.0947)
G3(-1.0009)
(3.8855)
(0.4757)
G4(-0.1729)
(-1.1015)
(0.1830)
A1(-9.0915)
(8.1958)
(-0.5604)
A2(1.8627)
(8.9591)
(2.8204)
A3(-3.9313)
(-3.4141)
(-7.6998)
A4(-0.6800)
(9.0214)
(-3.8882)
G1(1.4032)
(-2.3104)
(1.7671)
G2(-0.1703)
(-0.1607)
(-0.0851)
G3(-2.1902)
(3.1427)
(0.8429)
G4(0.0122)
(-0.4550)
(0.1751)
A1(-5.9205)
(8.1000)
(3.0034)
A2(-0.5986)
(9.6199)
(2.7677)
A3(-0.3735)
(-2.4565)
(-10.8888)
A4(1.0056)
(9.3087)
(-4.4628)
G1(1.2808)
(-0.2421)
(1.6511)
G2(0.0654)
(-1.0770)
(-0.3709)
G3(-2.7595)
(2.0188)
(-0.9897)
G4(0.0154)
(-0.4241)
(0.0750)
A1(-6.5624)
(9.1586)
(2.2034)
A2(0.5363)
(9.7827)
(1.7190)
A3(1.0678)
(7.1204)
(-8.9064)
A4(-0.9194)
(9.0836)
(-4.5107)
G1(1.2765)
(-2.1412)
(1.2920)
G2(0.2517)
(-0.7817)
(0.2272)
G3(-2.8974)
(-1.3617)
(1.1637)
G4(-0.1314)
(-0.5018)
(0.2054)
A1(-6.1552)
(7.9706)
(1.6190)
A2(2.8012)
(9.6391)
(0.0862)
A3(-5.2529)
(11.7986)
(-6.4356)
A4(-0.6560)
(9.9695)
(-3.1268)
G1(1.4298)
(-1.1754)
(0.4858)
G2(0.3480)
(-1.2627)
(0.1623)
G3(-2.4328)
(0.3911)
(0.8551)
G4(-0.0245)
(-0.4858)
(0.3060)
A1(-2.9698)
(8.3634)
(0.3593)
A2(0.6177)
(8.7101)
(1.0726)
A3(-0.8811)
(10.0748)
(-3.6392)
A4(-0.1053)
(9.0405)
(-3.9504)
G1(1.0190)
(-1.5586)
(0.5922)
G2(0.1394)
(-1.0573)
(0.0654)
G3(-1.5250)
(0.1825)
(0.6875)
G4(0.0133)
(-0.1873)
(0.1921)
A1(-4.8715)
(8.8376)
(1.1161)
A2(0.1724)
(9.4284)
(0.6464)
A3(-4.8171)
(9.3039)
(-4.3670)
A4(0.4932)
(9.0980)
(-4.4245)
G1(0.9727)
(-0.4715)
(0.3970)
G2(0.0644)
(-0.9504)
(-0.0819)
G3(-1.1446)
(-0.0484)
(0.6375)
G4(-0.0154)
(-0.1745)
(0.1314)
A1(-4.2775)
(9.5130)
(0.7808)
A2(0.9912)
(8.9735)
(0.2634)
A3(0.2107)
(9.6822)
(-2.1452)
A4(0.3400)
(9.4810)
(-3.8499)
G1(0.8700)
(-0.1575)
(0.1639)
G2(-0.1155)
(-0.4033)
(0.0357)
G3(-0.5470)
(-0.9541)
(0.7354)
G4(-0.0112)
(-0.1692)
(0.2166)
