A1(-1.6286)
(9.5130)
(0.1581)
A2(3.4668)
(8.4372)
(3.3998)
A3(1.1205)
(7.6423)
(-5.9568)
A4(2.0255)
(9.1075)
(-3.6344)
G1(-0.2065)
(0.1043)
(0.2065)
G2(-0.0293)
(0.0724)
(0.0218)
G3(0.0665)
(0.2331)
(0.0271)
G4(0.0905)
(-0.0096)
(0.0442)
A1(-3.4297)
(11.0506)
(-1.4131)
A2(2.8730)
(8.7101)
(3.5817)
A3(2.1069)
(6.8139)
(-6.0430)
A4(4.7118)
(9.3039)
(-5.1044)
G1(0.0277)
(0.6981)
(-0.1022)
G2(-0.1027)
(0.2602)
(0.0426)
G3(0.1836)
(0.1187)
(0.1320)
G4(0.2426)
(0.8695)
(-0.6162)
A1(-1.9112)
(10.9596)
(-0.7329)
A2(2.8730)
(8.0349)
(2.6863)
A3(1.5897)
(6.9767)
(-6.9240)
A4(7.9487)
(9.4140)
(-6.4931)
G1(0.3762)
(1.2255)
(-0.2969)
G2(-0.2948)
(0.4198)
(-0.0197)
G3(0.1660)
(0.1660)
(0.0559)
G4(0.3267)
(1.8459)
(-1.3250)
A1(-0.0335)
(9.7621)
(1.5711)
A2(4.5825)
(8.7532)
(3.5147)
A3(3.2657)
(7.4124)
(-7.4795)
A4(-18.2917)
(15.0978)
(2.8970)
G1(1.0573)
(1.0887)
(-0.4289)
G2(-0.6944)
(0.6737)
(0.2879)
G3(-0.3544)
(-0.1394)
(-0.2943)
G4(-0.0974)
(7.2740)
(-4.5645)
A1(-2.9698)
(7.2186)
(-0.5940)
A2(6.1100)
(9.0022)
(4.7692)
A3(4.5921)
(9.1028)
(-4.9464)
A4(20.2214)
(1.8100)
(-3.7637)
G1(0.8642)
(1.8454)
(-0.4331)
G2(-0.0740)
(1.3436)
(0.9833)
G3(-0.3326)
(-0.4166)
(-0.3576)
G4(1.3595)
(7.3362)
(-3.3874)
A1(1.6047)
(10.9836)
(4.6799)
A2(-3.6583)
(5.3486)
(8.9783)
A3(-3.6631)
(12.1673)
(-1.2833)
A4(7.5944)
(12.3014)
(-5.5976)
G1(-1.2457)
(3.3454)
(-1.5149)
G2(0.0681)
(0.8072)
(0.7077)
G3(0.5071)
(1.2084)
(-0.7923)
G4(1.4963)
(1.7916)
(-1.4340)
A1(0.2012)
(3.6117)
(6.7156)
A2(8.5042)
(6.6367)
(4.9943)
A3(-3.6248)
(16.8265)
(3.4860)
A4(-2.3463)
(11.2192)
(-7.2161)
G1(-5.0338)
(2.3700)
(-1.4101)
G2(0.2123)
(5.7489)
(1.4319)
G3(2.0438)
(2.3722)
(-1.4255)
G4(0.0335)
(-2.5078)
(1.3718)
A1(-14.9258)
(7.5060)
(13.0241)
A2(10.7308)
(11.0181)
(11.5736)
A3(2.0063)
(18.0810)
(-5.9903)
A4(1.4030)
(10.3382)
(-7.6519)
G1(-6.8850)
(5.8591)
(1.8964)
G2(0.9626)
(0.9477)
(-0.5805)
G3(3.4359)
(3.3337)
(-2.5329)
G4(0.2102)
(1.9555)
(-0.9152)
A1(-8.9717)
(23.7825)
(9.7094)
A2(-6.8474)
(10.5345)
(-1.5179)
A3(42.3486)
(19.9964)
(0.8906)
A4(-5.6360)
(8.4467)
(-8.5138)
G1(-5.5744)
(1.6033)
(1.5304)
G2(1.4298)
(2.5956)
(-0.6641)
G3(-0.9429)
(2.4626)
(-3.6663)
G4(-0.2038)
(5.4244)
(-1.5729)
A1(-5.9109)
(7.8700)
(10.6530)
A2(0.7949)
(11.1187)
(3.5769)
A3(12.5983)
(-0.1053)
(-21.3946)
A4(-17.8368)
(18.1145)
(-5.0326)
G1(-4.8364)
(7.2601)
(-0.8328)
G2(1.9284)
(4.1068)
(1.7975)
G3(-1.4697)
(-4.6102)
(-2.0438)
G4(0.3358)
(7.7731)
(-2.8963)
A1(5.5181)
(9.7669)
(-0.6227)
A2(-6.3159)
(13.6565)
(7.5417)
A3(16.6253)
(-1.5275)
(-6.6463)
A4(-0.7614)
(4.9129)
(-3.2130)
G1(-0.3613)
(4.0563)
(-0.7157)
G2(1.4234)
(5.9442)
(1.8294)
G3(5.5420)
(-3.5401)
(-7.2655)
G4(-0.7098)
(7.5150)
(-3.7163)
A1(-0.1198)
(3.9997)
(-21.3636)
A2(-11.0852)
(14.3939)
(11.7747)
A3(5.9903)
(-5.9999)
(0.9337)
A4(16.7546)
(9.0261)
(1.6233)
G1(2.1018)
(7.5736)
(-2.9612)
G2(2.5632)
(8.6591)
(2.6180)
G3(5.2408)
(-5.1120)
(-6.1970)
G4(-1.5915)
(-0.5252)
(0.6971)
A1(9.8052)
(0.7520)
(-10.4519)
A2(10.7787)
(7.0150)
(4.3622)
A3(-6.4260)
(-26.7959)
(-2.0399)
A4(-4.0127)
(6.4356)
(-2.8778)
G1(-1.6927)
(2.3897)
(2.5345)
G2(0.1841)
(1.9789)
(1.8821)
G3(-4.5363)
(-4.9391)
(-8.8049)
G4(-0.6838)
(2.2769)
(-0.0527)
A1(-9.2448)
(2.8549)
(1.7340)
A2(-1.4413)
(16.8169)
(10.5824)
A3(54.1090)
(-40.6296)
(9.4619)
A4(-1.1349)
(9.7492)
(-0.6704)
G1(-0.6210)
(1.3431)
(0.1123)
G2(-0.4816)
(-0.9104)
(-0.5092)
G3(-14.3857)
(-17.4363)
(7.9263)
G4(0.2144)
(-1.2717)
(0.5289)
A1(-7.6497)
(2.9746)
(-0.0862)
A2(0.0862)
(-0.4836)
(-0.0479)
A3(-11.2192)
(10.5105)
(-4.6400)
A4(3.0406)
(16.4625)
(-2.6815)
G1(-1.5729)
(-0.8610)
(4.5384)
G2(1.0105)
(2.1865)
(0.2485)
G3(1.5378)
(0.2554)
(2.9170)
G4(0.2283)
(-0.0846)
(-0.2011)
A1(-14.6192)
(7.4054)
(2.8836)
A2(-4.1707)
(8.1882)
(1.1492)
A3(1.3503)
(-5.9999)
(-9.8689)
A4(0.7278)
(8.0302)
(-4.1037)
G1(1.3042)
(-2.2870)
(2.0242)
G2(-0.1735)
(-0.8551)
(0.5140)
G3(-1.3313)
(2.8282)
(1.3904)
G4(-0.0287)
(-0.5140)
(0.2597)
A1(-7.6928)
(6.1312)
(4.2727)
A2(-0.3783)
(16.7786)
(1.7190)
A3(-5.3965)
(-5.5067)
(-14.0683)
A4(-1.2067)
(9.6726)
(-3.0885)
G1(0.5757)
(0.7934)
(1.0616)
G2(-0.0750)
(1.2302)
(-0.1474)
G3(-3.2012)
(1.3372)
(3.1427)
G4(-0.2017)
(-0.7402)
(0.1697)
A1(-8.5837)
(6.9360)
(-0.1198)
A2(-0.5794)
(10.2951)
(1.8004)
A3(-0.6177)
(1.9872)
(-9.7205)
A4(-0.4070)
(9.1794)
(-3.9648)
G1(0.7992)
(-1.1754)
(1.7496)
G2(-0.1266)
(-1.6538)
(0.3975)
G3(-2.7015)
(1.8842)
(0.1751)
G4(-0.2746)
(-0.6657)
(0.2474)
A1(-7.3623)
(7.1994)
(3.5255)
A2(-0.7422)
(9.3661)
(1.8483)
A3(-1.3120)
(-0.3879)
(-9.8641)
A4(0.9960)
(9.6486)
(-4.2425)
G1(1.2286)
(-0.8062)
(0.8790)
G2(0.0947)
(-0.3693)
(-0.3171)
G3(-2.7223)
(0.4204)
(0.3203)
G4(-0.3773)
(-0.9450)
(-0.0197)
A1(-6.1600)
(9.1729)
(3.7746)
A2(1.1779)
(9.3853)
(-1.6089)
A3(-3.4141)
(4.0031)
(-10.7404)
A4(-0.0239)
(10.0940)
(-3.0406)
G1(1.7118)
(-0.0676)
(0.8764)
G2(0.2102)
(-1.7469)
(-0.0112)
G3(-2.2881)
(0.7231)
(0.0218)
G4(-0.1580)
(0.1713)
(-0.0873)
