A1(0.3257)
(9.2112)
(6.6007)
A2(1.7669)
(9.0118)
(-1.6759)
A3(-1.4126)
(9.8593)
(-1.1827)
A4(0.2203)
(8.4707)
(-5.3678)
G1(-1.9779)
(-0.9759)
(0.4539)
G2(-0.0937)
(0.2602)
(-0.0484)
G3(0.0032)
(-0.0032)
(0.0122)
G4(0.0937)
(-0.5465)
(0.2230)
A1(-1.9208)
(5.7912)
(2.5291)
A2(2.6528)
(9.5385)
(-0.9625)
A3(-5.9424)
(9.5289)
(-3.3088)
A4(0.1149)
(9.1459)
(-4.8123)
G1(-1.4878)
(-3.1772)
(-0.9860)
G2(-0.3986)
(-0.2022)
(0.0053)
G3(0.2650)
(-1.8443)
(1.0243)
G4(0.4528)
(-0.7077)
(0.2128)
A1(2.0885)
(7.6114)
(7.9036)
A2(2.1931)
(9.4667)
(-1.1013)
A3(2.0063)
(7.5369)
(-0.2394)
A4(1.5323)
(10.3238)
(-2.7677)
G1(0.1245)
(-3.6854)
(-1.0509)
G2(-0.1745)
(-1.2020)
(0.0596)
G3(-0.2139)
(-3.4688)
(2.7893)
G4(0.6960)
(-1.1036)
(0.4055)
A1(-12.1715)
(11.6781)
(5.5612)
A2(4.6112)
(12.1434)
(0.9242)
A3(9.1028)
(12.2679)
(11.3246)
A4(-0.1724)
(22.7497)
(10.3525)
G1(2.6249)
(-1.0632)
(-0.0197)
G2(-0.2480)
(-3.0926)
(-0.3645)
G3(-2.3785)
(-9.5317)
(5.5590)
G4(2.6350)
(-3.1134)
(2.4445)
A1(4.4164)
(2.6393)
(1.6861)
A2(1.1588)
(7.0773)
(7.2113)
A3(-35.2091)
(0.2394)
(4.5059)
A4(-4.5825)
(32.6952)
(-6.3063)
G1(-0.0702)
(1.0387)
(-0.6981)
G2(-0.0287)
(-2.4727)
(0.2442)
G3(1.6474)
(-0.1442)
(-1.3069)
G4(4.1718)
(-1.2281)
(3.2406)
A1(-3.2333)
(10.4279)
(3.1327)
A2(2.1691)
(6.0956)
(10.3238)
A3(-3.5003)
(6.3782)
(-9.4715)
A4(-23.1424)
(34.6824)
(-22.7449)
G1(1.6703)
(-5.0231)
(-1.2281)
G2(-1.3505)
(-3.3401)
(1.0967)
G3(0.8897)
(1.2632)
(-0.1032)
G4(0.8556)
(-3.0373)
(8.2419)
A1(6.4618)
(13.8767)
(6.0211)
A2(-2.8252)
(5.3439)
(12.5791)
A3(6.3255)
(9.4619)
(-9.2273)
A4(-16.9605)
(-5.2194)
(-19.4840)
G1(1.5234)
(-4.6980)
(-1.0664)
G2(-5.4973)
(-4.2532)
(1.7709)
G3(-0.4108)
(-2.0029)
(0.7540)
G4(0.1905)
(2.3317)
(5.6196)
A1(5.9061)
(1.8921)
(12.0948)
A2(4.9895)
(10.8026)
(14.3365)
A3(11.0085)
(9.6295)
(-4.5729)
A4(-2.9113)
(-1.0391)
(-13.9726)
G1(0.6343)
(-11.3643)
(-0.7035)
G2(-6.2592)
(-6.1954)
(0.0974)
G3(-0.6790)
(-3.3209)
(0.4933)
G4(0.3368)
(5.1088)
(7.5273)
A1(-3.1566)
(6.2750)
(11.2710)
A2(14.3892)
(13.2878)
(13.7044)
A3(8.3989)
(7.0677)
(11.3437)
A4(-5.0661)
(-5.7221)
(-3.8355)
G1(0.5060)
(-2.1104)
(-0.4363)
G2(-5.0396)
(-5.9671)
(-1.1685)
G3(-1.8379)
(-10.9865)
(4.4761)
G4(-2.1253)
(6.0336)
(3.3954)
A1(-6.7204)
(7.6305)
(5.1924)
A2(3.4524)
(7.7093)
(12.3158)
A3(-5.1763)
(7.8386)
(1.7478)
A4(-4.8267)
(-14.1210)
(-0.4166)
G1(0.3288)
(-2.5541)
(-0.0750)
G2(-4.3873)
(-8.0849)
(1.5633)
G3(-2.1513)
(-7.4086)
(3.1506)
G4(-4.7310)
(4.4942)
(3.8988)
A1(-12.2865)
(5.1062)
(2.4573)
A2(-2.0925)
(7.6710)
(-0.7135)
A3(8.2313)
(9.7013)
(3.0742)
A4(-28.8310)
(4.2329)
(71.2706)
G1(0.0724)
(-1.2781)
(-0.0037)
G2(-0.4715)
(-1.8964)
(2.7877)
G3(-0.7913)
(-2.3349)
(0.5135)
G4(6.7222)
(-17.2250)
(-4.4676)
A1(0.7808)
(13.8001)
(2.3280)
A2(1.0534)
(6.3207)
(-5.3582)
A3(-6.6798)
(5.2912)
(-3.7972)
A4(9.8019)
(5.3439)
(-5.8993)
G1(-0.5220)
(0.9429)
(0.1650)
G2(0.6263)
(-0.9482)
(1.5884)
G3(-0.9445)
(-2.9511)
(0.2959)
G4(-16.7323)
(4.0818)
(-8.3616)
A1(-1.9974)
(9.8052)
(1.9591)
A2(-7.7476)
(5.8897)
(3.6248)
A3(-1.6328)
(12.3637)
(-2.7533)
A4(7.0581)
(-6.5218)
(-3.3232)
G1(-0.0803)
(-0.2799)
(-0.0819)
G2(-2.3509)
(1.4383)
(-0.8019)
G3(0.3911)
(1.2031)
(-0.3602)
G4(1.1728)
(-3.8818)
(-1.3500)
A1(-1.1736)
(9.8292)
(0.2922)
A2(7.3981)
(0.8045)
(2.5331)
A3(1.9297)
(9.6199)
(-2.5522)
A4(5.6168)
(-2.7533)
(-7.0054)
G1(-0.1112)
(0.0165)
(-0.1341)
G2(-0.8791)
(-0.0479)
(-2.0965)
G3(0.2549)
(-0.0261)
(-0.0059)
G4(-2.0907)
(-3.8860)
(-1.8204)
A1(-0.7041)
(9.0963)
(-0.6275)
A2(5.8083)
(3.8451)
(0.5938)
A3(1.6089)
(9.7636)
(-3.7493)
A4(4.0510)
(-2.6576)
(-7.6806)
G1(-0.0325)
(-0.3203)
(-0.0484)
G2(-0.5353)
(1.8571)
(-2.3158)
G3(0.1857)
(-0.4001)
(0.1676)
G4(-2.5329)
(-3.8371)
(-2.7228)
A1(-4.7900)
(8.6316)
(0.7999)
A2(9.7205)
(2.9257)
(0.2538)
A3(2.0830)
(8.3510)
(-3.4716)
A4(1.9537)
(2.1691)
(-10.4770)
G1(0.0777)
(1.2265)
(-0.6423)
G2(0.5800)
(0.2554)
(-1.6325)
G3(0.1139)
(0.7572)
(-0.2980)
G4(-3.4949)
(-0.9993)
(-0.8445)
A1(-1.1688)
(9.8483)
(0.2970)
A2(6.5936)
(4.4484)
(2.6480)
A3(-0.4453)
(8.0972)
(-4.7070)
A4(6.8953)
(6.3398)
(-11.1713)
G1(-0.0782)
(1.7054)
(-0.4874)
G2(0.5225)
(2.0939)
(-1.9784)
G3(0.0431)
(0.9051)
(-0.3044)
G4(-3.2023)
(-0.5321)
(-0.7327)
A1(-1.3268)
(10.1549)
(-1.6526)
A2(10.5345)
(5.0757)
(-0.7518)
A3(3.9744)
(8.2839)
(-1.5227)
A4(3.9169)
(9.5960)
(-10.0269)
G1(-0.2208)
(1.6501)
(0.3310)
G2(-0.0197)
(1.3042)
(-2.3280)
G3(0.1799)
(1.5351)
(-0.4922)
G4(-3.2305)
(-0.8588)
(0.7184)
A1(-0.3209)
(8.8520)
(0.1533)
A2(7.0006)
(7.1874)
(5.3247)
A3(0.7422)
(8.0349)
(-5.2194)
A4(7.4986)
(10.0796)
(-6.3973)
G1(0.3842)
(2.0438)
(0.2432)
G2(1.2925)
(0.7604)
(-2.5994)
G3(0.0788)
(0.6247)
(-0.3230)
G4(-2.4605)
(-2.1460)
(1.3212)
A1(0.6562)
(9.8435)
(4.4595)
A2(8.5569)
(7.4603)
(1.3264)
A3(1.8818)
(9.4332)
(-2.4181)
A4(1.3743)
(8.9687)
(-5.3917)
G1(0.6923)
(0.4289)
(-0.3033)
G2(2.1838)
(1.3415)
(-1.4755)
G3(0.1330)
(0.8072)
(-0.4204)
G4(-2.2093)
(-0.8493)
(0.2448)
