A1(-1.2598)
(9.4364)
(2.3615)
A2(3.3950)
(8.8346)
(1.4988)
A3(-3.0550)
(9.8019)
(-2.2936)
A4(0.4214)
(8.3270)
(-6.4404)
G1(-0.9184)
(-0.6247)
(-0.1969)
G2(-0.0053)
(-0.0591)
(0.0016)
G3(0.2623)
(-0.0436)
(0.1660)
G4(-0.0053)
(0.1777)
(-0.2086)
A1(-6.0690)
(7.0988)
(3.2045)
A2(3.2657)
(9.0405)
(1.6951)
A3(-2.2745)
(9.9072)
(-5.7413)
A4(1.0056)
(8.1594)
(-5.8562)
G1(-0.6178)
(-3.9892)
(-1.4670)
G2(-0.3070)
(0.4028)
(-0.0724)
G3(0.2985)
(-2.1928)
(1.2771)
G4(0.0729)
(-0.4480)
(0.2506)
A1(-1.6765)
(7.1515)
(3.1087)
A2(3.4429)
(9.4810)
(2.4900)
A3(-4.8985)
(7.9104)
(-5.0326)
A4(-0.5698)
(8.0014)
(-6.2201)
G1(-0.1219)
(-1.8400)
(-1.1031)
G2(-0.0394)
(-0.2661)
(0.1932)
G3(0.0782)
(-2.7478)
(1.6405)
G4(0.1841)
(-0.2826)
(0.4204)
A1(-5.1589)
(6.4474)
(12.0565)
A2(3.0694)
(9.1794)
(2.3415)
A3(9.9359)
(6.3542)
(4.1420)
A4(2.8299)
(10.1658)
(-5.5210)
G1(0.3555)
(-4.2000)
(0.2054)
G2(-0.1447)
(-1.8342)
(-0.1618)
G3(-2.4461)
(-6.2465)
(5.2301)
G4(0.5433)
(-1.2276)
(1.3473)
A1(5.7049)
(11.4721)
(4.3925)
A2(0.1437)
(10.8362)
(3.2370)
A3(-17.8081)
(-5.4253)
(-0.1341)
A4(-9.2033)
(25.0721)
(0.5315)
G1(1.6320)
(-2.6733)
(-0.2677)
G2(0.1165)
(-2.3386)
(-0.0793)
G3(0.3411)
(4.8071)
(-0.7950)
G4(1.7437)
(-1.7075)
(3.1661)
A1(-4.1386)
(9.8340)
(2.2944)
A2(0.4262)
(10.9223)
(5.4253)
A3(-2.1931)
(11.3964)
(-0.0527)
A4(0.0239)
(16.2518)
(-1.9968)
G1(2.3541)
(-4.1941)
(-0.3773)
G2(0.8184)
(-2.6238)
(-0.0415)
G3(-0.1048)
(0.1937)
(1.2212)
G4(1.2898)
(-5.0615)
(5.6654)
A1(6.2079)
(8.7370)
(4.2871)
A2(-6.7804)
(10.9223)
(8.8681)
A3(8.6143)
(4.8937)
(-9.6391)
A4(-23.6834)
(6.2106)
(-23.2429)
G1(2.2168)
(-5.2253)
(-1.1706)
G2(-0.8540)
(0.0223)
(1.3361)
G3(-0.2410)
(0.3725)
(-0.1469)
G4(1.5101)
(2.1428)
(3.6130)
A1(17.1483)
(18.1495)
(8.9382)
A2(4.4628)
(8.9591)
(9.8833)
A3(6.8091)
(9.5912)
(-2.5043)
A4(-13.9582)
(-3.7254)
(-14.5759)
G1(1.7687)
(-7.3980)
(-1.7517)
G2(-7.3953)
(-6.6663)
(-0.3182)
G3(-0.9259)
(-2.3354)
(0.6055)
G4(3.3896)
(6.5466)
(8.3590)
A1(7.4868)
(0.5125)
(17.8189)
A2(-5.5881)
(14.7196)
(19.5989)
A3(11.5401)
(11.0612)
(-2.8204)
A4(-9.9120)
(-4.6831)
(-4.3910)
G1(-0.9237)
(-9.1832)
(-1.0844)
G2(-8.5005)
(-3.6498)
(1.7384)
G3(-0.7641)
(-3.8850)
(0.4528)
G4(3.9743)
(9.1577)
(5.9347)
A1(-5.5469)
(0.7760)
(7.3288)
A2(11.3533)
(8.2025)
(16.8504)
A3(13.3453)
(8.4084)
(8.6048)
A4(-5.3151)
(-9.7109)
(0.4597)
G1(1.2638)
(-0.6800)
(-0.4970)
G2(-6.7600)
(-8.8937)
(-0.9982)
G3(-1.5921)
(-10.6188)
(4.5517)
G4(-5.9597)
(4.0903)
(2.7963)
A1(-2.9890)
(8.6269)
(3.4009)
A2(-3.0646)
(11.8226)
(8.5234)
A3(-16.2806)
(15.8544)
(-2.4038)
A4(-36.1716)
(59.8790)
(-3.6392)
G1(-0.4922)
(-2.4163)
(-0.4507)
G2(-0.5374)
(-8.5079)
(1.9145)
G3(-0.9966)
(-1.8720)
(-0.1591)
G4(4.8497)
(-8.6032)
(0.0724)
A1(-1.0490)
(9.8340)
(1.2837)
A2(6.4500)
(-0.8667)
(1.2594)
A3(-2.0686)
(5.9520)
(-7.5369)
A4(10.2807)
(6.2680)
(-7.5082)
G1(-0.2059)
(-0.0213)
(-0.2746)
G2(2.2445)
(2.1593)
(0.8200)
G3(0.1043)
(-0.1314)
(0.0479)
G4(-1.5245)
(0.6870)
(-1.8901)
A1(-0.4503)
(8.6125)
(0.3688)
A2(9.9359)
(0.5938)
(-11.2288)
A3(2.0303)
(9.0261)
(-5.1571)
A4(8.6287)
(-3.5769)
(-1.5658)
G1(-0.0027)
(0.2831)
(-0.1974)
G2(-0.6008)
(-0.5332)
(0.1921)
G3(0.0516)
(0.3821)
(-0.1208)
G4(0.1117)
(-3.2507)
(-1.2435)
A1(0.0335)
(11.0985)
(2.3471)
A2(16.3141)
(1.5323)
(4.9847)
A3(1.4317)
(8.7676)
(-0.1676)
A4(9.9647)
(-7.8865)
(-4.7262)
G1(-0.2655)
(2.1620)
(-0.2512)
G2(-0.6619)
(-0.9003)
(-0.3884)
G3(0.1697)
(2.1418)
(-0.8269)
G4(2.0524)
(-2.1870)
(-1.9811)
A1(-1.5137)
(10.3369)
(0.4215)
A2(9.4475)
(4.9704)
(0.7614)
A3(3.2896)
(8.9016)
(-2.6240)
A4(3.2274)
(-4.2569)
(-5.5976)
G1(0.1160)
(0.8689)
(-0.1447)
G2(-0.6157)
(4.8321)
(-2.4200)
G3(0.1431)
(1.3271)
(-0.4832)
G4(-4.4384)
(-5.7330)
(-1.5117)
A1(-2.2178)
(9.0005)
(1.5855)
A2(11.7843)
(3.8978)
(-0.7566)
A3(-0.4645)
(9.3661)
(-3.7781)
A4(0.9290)
(-4.0749)
(-7.7428)
G1(0.0479)
(1.4894)
(0.0043)
G2(-1.4766)
(1.1877)
(-1.5522)
G3(0.0319)
(0.8301)
(-0.3634)
G4(-5.8229)
(-5.4893)
(-2.3722)
A1(0.9005)
(10.2890)
(-0.1820)
A2(7.9057)
(6.2058)
(0.9625)
A3(0.3017)
(8.9926)
(-4.2425)
A4(7.6088)
(-0.1389)
(-9.1602)
G1(0.0527)
(1.5830)
(-0.1176)
G2(-0.4214)
(2.1966)
(-1.1302)
G3(0.1623)
(0.5018)
(-0.2964)
G4(-3.7514)
(-1.2052)
(0.0319)
A1(-0.7951)
(8.8472)
(1.4035)
A2(8.3031)
(7.4172)
(4.0127)
A3(1.8627)
(9.2560)
(-1.7334)
A4(7.1395)
(10.0317)
(-8.6526)
G1(0.0915)
(0.6327)
(-0.1016)
G2(1.9481)
(1.7028)
(-1.4186)
G3(0.1250)
(-0.0681)
(-0.2788)
G4(-3.6742)
(-0.6183)
(1.1754)
A1(0.5365)
(7.6736)
(0.3305)
A2(6.1866)
(8.5234)
(7.0916)
A3(0.7614)
(9.2177)
(-2.9688)
A4(-1.8196)
(14.0875)
(-6.1004)
G1(-0.4544)
(-0.3565)
(-0.2639)
G2(2.1582)
(1.2020)
(-1.8975)
G3(0.3028)
(-0.0495)
(-0.2315)
G4(-2.7335)
(-1.8331)
(1.6080)
A1(-3.2476)
(12.3727)
(0.3880)
A2(7.6758)
(6.9911)
(1.3120)
A3(0.5267)
(9.6199)
(-2.8635)
A4(-3.8930)
(22.9556)
(-3.0694)
G1(-0.1628)
(-0.0415)
(-0.6252)
G2(3.1490)
(1.4548)
(-1.5963)
G3(0.7136)
(-0.3358)
(-0.0841)
G4(-0.8572)
(1.6096)
(-0.7604)
