A1(-1.4658)
(8.3921)
(-1.4418)
A2(2.8443)
(8.4372)
(3.0550)
A3(1.7095)
(7.7237)
(-6.3734)
A4(2.8491)
(9.1602)
(-2.2458)
G1(-0.3672)
(-0.0027)
(0.0857)
G2(-0.0479)
(0.3012)
(0.0027)
G3(-0.0181)
(0.2719)
(-0.0681)
G4(-0.0362)
(-0.0734)
(0.0803)
A1(-3.3195)
(9.0532)
(-1.5424)
A2(3.2130)
(8.7676)
(4.6687)
A3(0.8284)
(7.8865)
(-5.3726)
A4(2.9880)
(8.9495)
(-2.7246)
G1(0.1192)
(-0.2251)
(-0.0447)
G2(0.0532)
(0.1235)
(0.0367)
G3(-0.0335)
(0.0495)
(-0.0090)
G4(-0.0330)
(-0.1873)
(0.1144)
A1(-3.4249)
(8.7801)
(-1.4322)
A2(3.5482)
(8.5042)
(3.8307)
A3(0.9194)
(7.7381)
(-5.8849)
A4(3.0167)
(8.9208)
(-2.7198)
G1(0.1165)
(-0.0468)
(0.0495)
G2(-0.0229)
(-0.3485)
(-0.0431)
G3(-0.0362)
(-0.0037)
(0.0181)
G4(0.0766)
(0.1128)
(0.0420)
A1(-2.9171)
(9.1538)
(-1.7340)
A2(2.6959)
(8.6335)
(3.2226)
A3(0.7087)
(7.6231)
(-5.8706)
A4(3.1220)
(8.9591)
(-3.4955)
G1(-0.0500)
(0.0979)
(0.0553)
G2(0.0367)
(-0.1192)
(-0.0218)
G3(-0.0154)
(0.1532)
(0.0048)
G4(0.0750)
(0.1878)
(-0.0149)
A1(-2.2513)
(9.4412)
(-1.3987)
A2(3.1508)
(8.4515)
(3.2322)
A3(1.4844)
(7.8386)
(-5.7126)
A4(3.6583)
(9.5529)
(-2.7150)
G1(0.0995)
(0.7689)
(-0.0452)
G2(-0.1862)
(0.3608)
(0.1463)
G3(0.0059)
(0.1820)
(0.0367)
G4(0.3996)
(0.9679)
(-0.5151)
A1(-2.3998)
(9.5322)
(-1.0107)
A2(3.9169)
(8.0158)
(3.2992)
A3(1.8675)
(7.8099)
(-5.3917)
A4(2.5857)
(9.6247)
(-3.9504)
G1(0.3539)
(1.6075)
(-0.3996)
G2(-0.3283)
(0.2533)
(0.0905)
G3(0.0436)
(0.4784)
(-0.1618)
G4(0.1735)
(3.0309)
(-2.4898)
A1(-0.3018)
(8.9286)
(-0.7041)
A2(4.9177)
(8.3558)
(4.6831)
A3(1.7669)
(7.8769)
(-5.4588)
A4(-13.6039)
(9.1171)
(2.0973)
G1(0.0149)
(1.9012)
(-0.5023)
G2(-0.6417)
(1.1435)
(0.5960)
G3(0.0027)
(1.0467)
(-0.3395)
G4(0.0660)
(6.5604)
(-4.9699)
A1(-1.5328)
(13.3690)
(3.3770)
A2(2.6097)
(7.8817)
(4.0701)
A3(0.4693)
(9.3901)
(-3.1125)
A4(-20.6907)
(22.3954)
(-1.1540)
G1(-1.1919)
(2.7601)
(-1.1712)
G2(0.3698)
(1.5612)
(1.7033)
G3(0.6582)
(0.3379)
(-0.1309)
G4(-0.7976)
(-5.9022)
(1.9795)
A1(-1.6238)
(5.5038)
(8.5358)
A2(7.5226)
(4.0127)
(8.9016)
A3(0.4310)
(22.3283)
(6.7660)
A4(0.5219)
(8.2600)
(-6.1483)
G1(-8.1413)
(2.1641)
(-1.2946)
G2(0.3491)
(3.1597)
(-0.0250)
G3(2.9367)
(0.8971)
(-0.4289)
G4(0.2251)
(-2.6169)
(0.9312)
A1(-2.7782)
(8.7897)
(27.0158)
A2(-4.2808)
(13.8959)
(10.7117)
A3(8.1594)
(15.9981)
(-3.9504)
A4(-5.2577)
(7.7093)
(-7.6567)
G1(-7.2373)
(4.4724)
(0.5252)
G2(1.6895)
(3.5880)
(0.1346)
G3(2.7255)
(3.6162)
(-4.0962)
G4(0.1447)
(2.2184)
(-0.8035)
A1(-1.2933)
(23.5047)
(14.4899)
A2(5.2194)
(5.7652)
(-3.7589)
A3(22.3235)
(19.7043)
(-16.2710)
A4(-5.0039)
(9.1746)
(-7.2018)
G1(-9.2928)
(6.0001)
(0.6768)
G2(2.2673)
(2.5728)
(-1.0201)
G3(2.7473)
(5.1056)
(-5.4951)
G4(-0.0144)
(3.6934)
(-0.8636)
A1(-1.0107)
(13.7426)
(11.0410)
A2(-5.9137)
(9.4427)
(4.6639)
A3(17.3101)
(5.0901)
(-18.5359)
A4(-11.3772)
(2.0925)
(-6.5410)
G1(-4.8225)
(8.2174)
(0.2182)
G2(2.4541)
(6.0507)
(1.3074)
G3(1.6464)
(-2.0050)
(-5.0891)
G4(0.9732)
(11.2095)
(-6.9148)
A1(4.0524)
(7.5060)
(-5.7720)
A2(-2.6384)
(8.9639)
(9.1171)
A3(14.2407)
(-4.2042)
(1.1875)
A4(6.9623)
(7.0916)
(-2.6480)
G1(1.2813)
(4.9854)
(-1.3180)
G2(0.1336)
(5.5031)
(2.9538)
G3(6.8052)
(-7.4379)
(-7.7444)
G4(-2.2242)
(3.4486)
(-1.9236)
A1(13.9678)
(-0.6514)
(5.5133)
A2(17.7793)
(7.1108)
(-2.1261)
A3(2.8252)
(-19.4744)
(11.5831)
A4(15.3373)
(11.8465)
(1.7813)
G1(-0.5869)
(3.2815)
(-1.2616)
G2(2.0364)
(9.0507)
(1.2584)
G3(-2.4254)
(-2.9804)
(-5.1136)
G4(-0.8099)
(0.9993)
(-0.0442)
A1(-31.3891)
(11.7979)
(1.4801)
A2(4.8937)
(10.2759)
(8.3318)
A3(37.7757)
(-72.3815)
(29.5875)
A4(1.2163)
(12.1721)
(0.8092)
G1(0.6119)
(-4.7124)
(0.7093)
G2(2.1737)
(2.4445)
(-1.0110)
G3(5.6468)
(5.2062)
(1.1616)
G4(-0.1995)
(-0.8296)
(0.5066)
A1(-1.7963)
(5.3217)
(0.3880)
A2(6.4165)
(7.0916)
(6.0094)
A3(-7.9631)
(-1.2402)
(-2.6001)
A4(-0.3160)
(10.0748)
(-2.8778)
G1(-0.8759)
(-1.2776)
(2.6866)
G2(-0.0426)
(0.0452)
(0.3129)
G3(0.8801)
(2.5297)
(3.7705)
G4(0.0468)
(-3.0634)
(0.7748)
A1(-12.5164)
(4.5410)
(-2.1651)
A2(5.3056)
(7.0581)
(2.0255)
A3(-3.6823)
(-3.7972)
(-9.9695)
A4(0.3256)
(9.1506)
(-5.0135)
G1(0.8226)
(-0.6183)
(1.9427)
G2(-0.2102)
(0.3895)
(0.0617)
G3(-1.8491)
(2.8558)
(1.5708)
G4(0.1532)
(-0.6343)
(0.2261)
A1(-4.4739)
(6.5001)
(0.2587)
A2(0.6321)
(10.3142)
(1.9872)
A3(-8.7628)
(1.6855)
(-10.8745)
A4(0.0575)
(8.4563)
(-5.5929)
G1(0.7960)
(-1.6597)
(1.9188)
G2(-0.2485)
(-1.3957)
(-0.0905)
G3(-2.3237)
(2.3663)
(0.3608)
G4(0.0074)
(-0.1389)
(0.0101)
A1(-7.7359)
(8.0377)
(2.7686)
A2(3.1125)
(9.5864)
(-0.0048)
A3(0.9242)
(3.1173)
(-8.7293)
A4(0.0527)
(8.8825)
(-4.6400)
G1(0.8599)
(-0.2788)
(0.9392)
G2(-0.0756)
(-0.2735)
(-0.0474)
G3(-2.1774)
(0.9530)
(-0.8381)
G4(-0.1314)
(-0.1910)
(0.0899)
A1(-5.1924)
(7.8940)
(2.5196)
A2(0.1293)
(9.8881)
(0.8811)
A3(-1.5897)
(4.1276)
(-9.3039)
A4(0.1149)
(9.4427)
(-3.7876)
G1(1.3846)
(-0.9647)
(1.0020)
G2(0.0325)
(-1.2659)
(0.0133)
G3(-2.3248)
(0.6992)
(-0.0734)
G4(-0.1501)
(-0.2373)
(0.2474)
