A1(-2.8118)
(9.2400)
(-0.7233)
A2(4.6304)
(6.4500)
(5.0326)
A3(0.7422)
(7.3789)
(-6.3111)
A4(3.6727)
(8.4515)
(-6.4883)
G1(-0.4518)
(0.4459)
(0.2426)
G2(0.1117)
(0.2756)
(0.0521)
G3(0.1660)
(0.1431)
(0.0133)
G4(0.3948)
(0.7519)
(-0.5215)
A1(-0.2682)
(9.8483)
(-0.6514)
A2(3.3950)
(8.5377)
(2.7821)
A3(1.6520)
(8.1642)
(-6.2441)
A4(1.4700)
(7.4172)
(-5.8610)
G1(0.0543)
(1.8816)
(-0.4864)
G2(-0.9945)
(0.4071)
(-0.0506)
G3(0.1298)
(0.0319)
(-0.1458)
G4(0.9993)
(2.7601)
(-2.0300)
A1(0.1054)
(10.2076)
(0.4407)
A2(3.7828)
(10.4675)
(2.2889)
A3(-0.1149)
(6.7229)
(-6.8809)
A4(-17.0419)
(16.6158)
(9.6534)
G1(0.0649)
(1.9332)
(-0.2293)
G2(-0.6455)
(1.1653)
(0.0835)
G3(-0.0431)
(0.5082)
(-0.2182)
G4(0.0378)
(7.0782)
(-5.6329)
A1(-1.2598)
(12.7223)
(1.3652)
A2(9.3374)
(5.8131)
(7.9296)
A3(1.7717)
(6.7181)
(-7.8865)
A4(-4.2473)
(2.8204)
(-1.8866)
G1(0.3778)
(1.9784)
(-1.6166)
G2(-0.6566)
(2.0407)
(1.3404)
G3(0.2975)
(0.0867)
(-0.2182)
G4(0.8402)
(-1.1105)
(0.0681)
A1(3.7793)
(11.4721)
(4.7805)
A2(-8.9639)
(5.1092)
(10.9319)
A3(-3.2417)
(10.2520)
(-3.1029)
A4(-0.9673)
(8.0062)
(-9.4715)
G1(-1.2217)
(2.4759)
(-0.7641)
G2(0.0266)
(0.9887)
(1.2521)
G3(0.7439)
(0.7157)
(-0.6747)
G4(1.1728)
(1.5330)
(-1.1126)
A1(-2.9411)
(16.1041)
(1.1496)
A2(4.6064)
(4.3239)
(6.8139)
A3(-0.5698)
(25.1726)
(10.2855)
A4(-2.8683)
(1.4748)
(-8.9926)
G1(-6.8414)
(2.8324)
(0.4438)
G2(0.6572)
(-0.7428)
(0.3129)
G3(3.2299)
(0.1660)
(-1.1089)
G4(0.6188)
(0.0447)
(-0.4268)
A1(-1.6190)
(12.4110)
(15.0455)
A2(4.0989)
(14.8249)
(13.2351)
A3(1.0678)
(17.6070)
(-7.7572)
A4(3.3423)
(10.0413)
(-9.3709)
G1(-7.8306)
(5.4866)
(1.6746)
G2(1.6394)
(0.2868)
(-1.0382)
G3(3.6067)
(2.5728)
(-3.2544)
G4(0.2969)
(1.7389)
(-0.8753)
A1(-6.1312)
(18.2261)
(13.3019)
A2(-10.3765)
(14.5137)
(-0.3974)
A3(35.4964)
(16.9318)
(-12.6318)
A4(-5.9759)
(8.0349)
(-7.4029)
G1(-6.7440)
(3.3443)
(1.2153)
G2(1.8800)
(2.7925)
(-1.1275)
G3(-0.1979)
(0.3794)
(-2.2391)
G4(-0.4241)
(4.4666)
(-1.2648)
A1(2.2944)
(8.3155)
(7.8365)
A2(-7.3550)
(11.5257)
(1.8292)
A3(12.2966)
(0.1293)
(-18.4641)
A4(-8.0828)
(6.9528)
(-6.1579)
G1(-3.2672)
(8.3345)
(0.6396)
G2(1.5676)
(6.1581)
(0.5130)
G3(2.7446)
(-1.3069)
(-7.8433)
G4(0.8115)
(11.4654)
(-5.2562)
A1(7.4533)
(10.4040)
(2.9650)
A2(-7.9200)
(11.1522)
(3.6823)
A3(15.6102)
(-3.0742)
(-4.9656)
A4(-8.1738)
(-0.9194)
(-3.3232)
G1(0.6667)
(6.6636)
(-0.9493)
G2(1.2904)
(4.6868)
(1.8214)
G3(8.5021)
(-6.8430)
(-6.4386)
G4(-0.8471)
(9.5913)
(-5.0838)
A1(-30.7808)
(2.9698)
(8.6556)
A2(-9.7252)
(6.2201)
(17.9230)
A3(7.8099)
(-6.6463)
(6.3255)
A4(-5.3343)
(9.1746)
(2.6576)
G1(1.0637)
(-4.8938)
(1.5607)
G2(-1.0137)
(9.9803)
(1.1478)
G3(-0.0697)
(-6.5471)
(-4.7922)
G4(-1.2712)
(-0.4459)
(0.7269)
A1(2.8118)
(-7.2186)
(-1.4131)
A2(17.0132)
(8.2648)
(-3.9887)
A3(-2.2505)
(-19.0339)
(10.6303)
A4(3.9744)
(11.3485)
(2.0016)
G1(0.6439)
(1.3351)
(-1.0685)
G2(4.4889)
(10.6125)
(2.2221)
G3(-4.7475)
(-0.1607)
(-5.5978)
G4(-0.2677)
(0.5390)
(0.1101)
A1(-25.5788)
(14.7006)
(-0.3784)
A2(-3.3232)
(12.9191)
(7.4699)
A3(37.3017)
(-26.3362)
(37.0144)
A4(1.0534)
(9.6343)
(-2.2458)
G1(0.3517)
(-2.5967)
(0.8434)
G2(0.9935)
(0.5268)
(-0.4486)
G3(-2.5611)
(6.3689)
(4.4304)
G4(-0.0362)
(-0.2820)
(0.4395)
A1(-5.9349)
(2.9555)
(2.9315)
A2(7.8434)
(8.4036)
(3.1460)
A3(-8.4898)
(-4.9368)
(-5.0805)
A4(0.9098)
(9.0836)
(-4.2138)
G1(0.0772)
(0.0362)
(2.2099)
G2(-0.4305)
(0.3592)
(0.4044)
G3(-0.3086)
(2.8777)
(3.9813)
G4(0.0926)
(-1.2058)
(0.3762)
A1(-6.3660)
(9.0819)
(1.4945)
A2(2.6719)
(8.5186)
(1.7813)
A3(-4.2042)
(-6.0813)
(-4.9560)
A4(-0.9625)
(8.8202)
(-3.3950)
G1(-0.2150)
(-3.2932)
(2.5132)
G2(-0.5305)
(-0.5071)
(0.2900)
G3(-2.1588)
(4.8550)
(0.9919)
G4(0.0005)
(-1.4761)
(0.5454)
A1(-6.4426)
(5.7289)
(2.6681)
A2(3.8307)
(9.1889)
(1.4988)
A3(-2.9688)
(-3.1460)
(-10.6015)
A4(0.5076)
(8.3893)
(-5.0661)
G1(0.7934)
(-1.8007)
(2.0747)
G2(-0.2538)
(-0.6965)
(0.1453)
G3(-3.7679)
(2.9931)
(-0.9280)
G4(0.1107)
(-0.8189)
(0.2916)
A1(-5.4319)
(8.6987)
(2.4525)
A2(1.2833)
(9.2129)
(1.3168)
A3(-1.2833)
(1.4509)
(-8.3558)
A4(0.8667)
(8.9112)
(-5.0613)
G1(0.8429)
(-1.0264)
(1.8539)
G2(-0.2214)
(-1.1057)
(-0.2097)
G3(-3.8387)
(2.1306)
(-1.2095)
G4(0.0942)
(0.3858)
(0.0367)
A1(-4.4452)
(8.4496)
(3.7650)
A2(0.8906)
(9.1937)
(0.2729)
A3(0.0670)
(2.8970)
(-12.9526)
A4(0.7518)
(8.9256)
(-4.1899)
G1(1.0701)
(0.1096)
(1.7256)
G2(-0.2937)
(-1.1132)
(-0.1064)
G3(-4.1526)
(0.2368)
(-0.1916)
G4(-0.0580)
(-0.5055)
(0.2522)
A1(-6.2606)
(8.6077)
(1.7196)
A2(0.1197)
(9.9407)
(2.1883)
A3(-1.4461)
(8.6814)
(-10.4818)
A4(0.9720)
(9.4858)
(-3.3136)
G1(2.7574)
(-1.9076)
(0.5587)
G2(-0.0793)
(-0.2198)
(0.1357)
G3(-3.0038)
(0.7226)
(-0.8242)
G4(0.0543)
(-0.3395)
(0.2788)
A1(-5.0583)
(8.9861)
(1.6669)
A2(1.2210)
(8.9687)
(2.2505)
A3(-5.1332)
(8.9447)
(-9.4188)
A4(0.7661)
(9.3757)
(-3.5338)
G1(2.0502)
(-0.0798)
(0.7258)
G2(-0.2581)
(-1.6107)
(0.0516)
G3(-2.4302)
(1.0866)
(-0.6694)
G4(0.1666)
(-0.2522)
(0.4246)
