A1(0.3928)
(10.0064)
(-1.1831)
A2(5.7221)
(5.2529)
(3.8307)
A3(2.9018)
(9.5050)
(-3.2657)
A4(9.2464)
(4.4197)
(-3.0406)
G1(0.2033)
(-0.1841)
(-0.0298)
G2(-1.5139)
(1.2946)
(0.8610)
G3(0.3406)
(0.7737)
(-0.4049)
G4(-0.0851)
(6.0288)
(-2.6414)
A1(-5.0152)
(8.8233)
(-1.3556)
A2(6.5793)
(7.8195)
(4.2186)
A3(3.0789)
(7.5753)
(-7.2401)
A4(1.5754)
(10.8170)
(-1.4365)
G1(0.1953)
(4.1010)
(-0.9402)
G2(-0.0894)
(1.7075)
(1.7054)
G3(0.3783)
(0.5566)
(-0.3650)
G4(2.0752)
(1.8533)
(-1.1307)
A1(-0.1389)
(8.5598)
(8.2341)
A2(3.5338)
(6.5745)
(6.2584)
A3(-0.5842)
(15.7491)
(2.0351)
A4(0.2825)
(6.5649)
(-3.5626)
G1(-4.8236)
(4.0377)
(-0.4395)
G2(-0.7109)
(4.4634)
(0.4997)
G3(1.4617)
(0.9727)
(-0.8615)
G4(0.3868)
(-2.8069)
(0.6577)
A1(-3.5542)
(14.8779)
(1.5376)
A2(4.8076)
(6.1339)
(7.2736)
A3(-0.9002)
(25.1535)
(8.8250)
A4(5.0661)
(5.6599)
(-6.2824)
G1(-6.3422)
(2.5334)
(-0.8296)
G2(0.6444)
(1.3441)
(0.4385)
G3(3.3986)
(1.3909)
(-1.6948)
G4(0.8700)
(0.9259)
(-0.8248)
A1(-1.4610)
(20.0032)
(17.6465)
A2(-0.4980)
(7.5226)
(1.4317)
A3(13.1442)
(16.3955)
(-2.1117)
A4(-5.1858)
(8.8155)
(-8.3318)
G1(-7.7513)
(4.7007)
(-1.2776)
G2(1.3548)
(1.6293)
(-0.0623)
G3(5.1450)
(5.6298)
(-5.6308)
G4(0.1091)
(2.3040)
(-0.6369)
A1(-5.0727)
(17.5315)
(13.6804)
A2(-8.1738)
(8.6287)
(3.2848)
A3(31.6226)
(14.0492)
(-15.3373)
A4(-5.5976)
(8.4851)
(-7.3119)
G1(-6.8137)
(1.9986)
(0.0867)
G2(1.6581)
(4.8981)
(-0.1815)
G3(-0.0745)
(1.1254)
(-2.3700)
G4(-0.1719)
(4.0393)
(-1.0046)
A1(1.8873)
(16.8849)
(9.0867)
A2(-1.7238)
(10.4148)
(3.7733)
A3(10.2711)
(1.1205)
(-20.8343)
A4(-8.6574)
(3.4572)
(-9.6247)
G1(-3.1033)
(9.2955)
(-1.4841)
G2(1.2616)
(4.7523)
(0.9998)
G3(2.6536)
(-3.6450)
(-7.6023)
G4(0.6135)
(10.7444)
(-5.2397)
A1(12.5260)
(11.0267)
(-3.0752)
A2(-6.7133)
(13.2735)
(4.8937)
A3(16.6349)
(-6.8809)
(-8.7867)
A4(-2.4134)
(2.1021)
(-4.5011)
G1(0.5082)
(5.2126)
(-1.7709)
G2(1.4644)
(4.4112)
(2.2104)
G3(6.2140)
(-8.9214)
(-8.1030)
G4(-1.1100)
(7.0670)
(-2.6489)
A1(-1.0059)
(-11.0123)
(4.8954)
A2(-9.4379)
(4.3431)
(13.2447)
A3(10.3525)
(-12.0476)
(5.8275)
A4(3.0023)
(14.2311)
(0.7039)
G1(0.8264)
(5.7548)
(-2.4264)
G2(-1.0855)
(11.8214)
(2.1700)
G3(-3.7498)
(-5.0785)
(-7.6374)
G4(-1.0248)
(1.7517)
(0.1389)
A1(14.5090)
(8.4113)
(-8.2484)
A2(28.8501)
(4.4628)
(-1.2498)
A3(-0.1867)
(-11.6071)
(-1.5323)
A4(7.0150)
(12.6701)
(3.1699)
G1(-3.0336)
(-2.8010)
(2.6414)
G2(2.3817)
(2.7861)
(1.4372)
G3(-2.5105)
(-4.3484)
(-8.1403)
G4(-0.6455)
(1.4835)
(-0.0170)
A1(-4.5889)
(1.5041)
(-1.8298)
A2(-9.2416)
(13.8529)
(-0.5698)
A3(-0.1532)
(-0.3783)
(-5.5833)
A4(4.0270)
(9.2943)
(-0.4405)
G1(-0.9376)
(1.8970)
(2.8862)
G2(1.2739)
(1.3851)
(0.6274)
G3(-10.6556)
(0.2059)
(10.9062)
G4(0.2810)
(-1.2175)
(0.6646)
A1(-4.2536)
(8.0664)
(0.0671)
A2(13.0628)
(4.9081)
(9.0022)
A3(-6.3925)
(-4.5777)
(-3.7589)
A4(-3.1987)
(8.1259)
(-5.6407)
G1(0.2469)
(-2.2822)
(2.1684)
G2(0.8498)
(2.0146)
(0.3911)
G3(-0.0330)
(1.2765)
(5.2371)
G4(0.2783)
(-0.4661)
(0.3352)
A1(-12.5978)
(5.2211)
(1.0825)
A2(3.6679)
(7.2209)
(2.7150)
A3(-3.3327)
(-5.7988)
(-7.5561)
A4(1.1684)
(7.8817)
(-4.9273)
G1(-0.4496)
(1.2877)
(2.3163)
G2(-0.8642)
(-1.1877)
(0.3006)
G3(-2.6638)
(5.8500)
(0.0984)
G4(0.0154)
(-0.7748)
(0.2820)
A1(-8.5742)
(9.3023)
(-0.3401)
A2(-0.9337)
(9.4763)
(0.3160)
A3(-5.1906)
(-0.5986)
(-8.6957)
A4(0.5698)
(9.7683)
(-4.6400)
G1(0.1410)
(-1.9396)
(1.6772)
G2(0.0043)
(0.7354)
(0.2863)
G3(-3.0171)
(4.6177)
(-0.7035)
G4(-0.1256)
(-1.8571)
(0.4869)
A1(-7.5731)
(8.3059)
(0.1581)
A2(2.4995)
(7.8865)
(-0.2634)
A3(-0.7135)
(1.6376)
(-12.4738)
A4(-1.0965)
(8.9399)
(-4.5777)
G1(0.8572)
(-1.3393)
(1.4271)
G2(-0.2208)
(-1.8230)
(0.0548)
G3(-4.4437)
(1.9880)
(-0.6795)
G4(-0.1580)
(0.2299)
(0.1442)
A1(-6.9072)
(8.8089)
(3.1423)
A2(-1.3120)
(10.4291)
(2.2649)
A3(-1.8004)
(2.1883)
(-10.7021)
A4(3.0981)
(9.4140)
(-3.2657)
G1(1.8262)
(-1.2409)
(1.1132)
G2(0.1426)
(-0.9328)
(-0.3193)
G3(-3.8333)
(0.1650)
(-0.8296)
G4(-0.1075)
(-0.6082)
(0.2075)
A1(-7.2186)
(8.4688)
(1.2837)
A2(0.7566)
(8.8873)
(0.4597)
A3(-2.0590)
(5.9759)
(-10.0796)
A4(0.5842)
(9.4284)
(-3.6296)
G1(1.8853)
(0.3288)
(0.7726)
G2(0.0942)
(-0.6763)
(0.0569)
G3(-3.3656)
(0.7630)
(-0.8961)
G4(0.0484)
(0.0335)
(0.2469)
A1(-5.3169)
(8.3969)
(0.6035)
A2(0.6369)
(9.9359)
(0.8045)
A3(-3.1556)
(9.7252)
(-8.5712)
A4(1.3408)
(8.8202)
(-4.4101)
G1(1.1962)
(0.2442)
(0.8024)
G2(0.0511)
(-1.1893)
(-0.1032)
G3(-3.2257)
(1.0584)
(-0.5614)
G4(0.0931)
(-0.1932)
(0.3299)
A1(-4.5745)
(11.9032)
(-0.0287)
A2(-1.2498)
(9.9790)
(1.5993)
A3(-2.0303)
(8.7436)
(-3.9504)
A4(1.0965)
(8.2169)
(-5.2625)
G1(0.4390)
(-0.5401)
(0.7258)
G2(-0.1937)
(-0.7168)
(0.1767)
G3(-1.5410)
(1.4814)
(-0.8737)
G4(0.1447)
(0.0623)
(0.4864)
A1(-4.6942)
(8.0808)
(-1.5089)
A2(-0.6704)
(9.2943)
(0.6081)
A3(6.0956)
(3.8164)
(-5.9903)
A4(2.0111)
(8.2456)
(-5.6886)
G1(1.3202)
(-0.8524)
(0.6662)
G2(-0.1176)
(0.8535)
(0.1564)
G3(-0.5779)
(1.3888)
(0.7838)
G4(0.0213)
(0.4028)
(0.4310)
