A1(0.1341)
(9.6615)
(2.8405)
A2(3.5721)
(10.9223)
(1.3264)
A3(-0.6512)
(7.2209)
(-5.5641)
A4(-0.6225)
(11.3294)
(8.1020)
G1(0.7412)
(2.2088)
(-0.2458)
G2(-0.3959)
(0.9690)
(-0.0074)
G3(-0.3108)
(1.1919)
(-0.7982)
G4(1.8949)
(7.9689)
(-6.1076)
A1(-2.0070)
(10.4950)
(5.9971)
A2(0.3543)
(6.3782)
(7.8626)
A3(-2.2410)
(9.0644)
(-4.6639)
A4(-2.5809)
(-1.1923)
(-3.3471)
G1(-0.2512)
(4.0377)
(-1.0163)
G2(-0.4826)
(1.0429)
(1.0578)
G3(-0.3688)
(0.9589)
(-0.7630)
G4(-1.0536)
(0.3326)
(-1.1637)
A1(1.8825)
(10.8399)
(5.6139)
A2(7.5274)
(8.2073)
(6.3351)
A3(-4.4772)
(21.4377)
(10.5919)
A4(-3.3950)
(8.0637)
(-8.8969)
G1(-8.6953)
(2.7968)
(-0.6939)
G2(0.7721)
(5.5627)
(0.2522)
G3(2.8213)
(1.7219)
(-2.6175)
G4(0.7726)
(0.2469)
(-0.4496)
A1(-0.6371)
(21.2438)
(1.9927)
A2(3.5051)
(9.0932)
(11.4491)
A3(0.9098)
(19.6133)
(-1.2833)
A4(3.4333)
(10.6781)
(-9.5146)
G1(-6.2805)
(6.1342)
(1.8741)
G2(2.5940)
(0.9014)
(-0.5529)
G3(3.9775)
(4.3990)
(-3.0719)
G4(0.4800)
(1.9944)
(-0.5864)
A1(0.9676)
(17.2873)
(21.2486)
A2(-24.7608)
(12.0428)
(1.3408)
A3(24.2150)
(16.2854)
(-19.7665)
A4(-6.7086)
(8.5281)
(-8.6431)
G1(-7.3847)
(4.3293)
(-0.4097)
G2(1.7310)
(4.9263)
(-1.7219)
G3(-0.3214)
(2.3237)
(-4.0584)
G4(0.0921)
(3.5593)
(-0.9695)
A1(-5.0631)
(9.5944)
(11.3763)
A2(-5.4540)
(11.9950)
(3.0646)
A3(0.0048)
(11.4203)
(-17.6788)
A4(-9.1889)
(16.3380)
(2.3894)
G1(-4.4213)
(6.2129)
(-0.7588)
G2(1.0701)
(3.3975)
(0.9626)
G3(-1.8624)
(0.3076)
(-4.2244)
G4(0.8487)
(7.6406)
(-3.4561)
A1(4.2775)
(6.0163)
(-19.3326)
A2(-10.9271)
(13.5608)
(10.7883)
A3(8.4898)
(-5.2241)
(-6.4021)
A4(9.4810)
(2.9544)
(-1.9776)
G1(-1.1573)
(9.2646)
(-1.9262)
G2(1.4133)
(7.1505)
(1.9044)
G3(2.9181)
(-4.5144)
(-8.2435)
G4(-1.3909)
(4.7023)
(-3.2752)
A1(7.6928)
(2.9219)
(5.9396)
A2(6.5888)
(15.3516)
(7.0677)
A3(2.5714)
(-15.3612)
(1.6137)
A4(-3.7924)
(7.9200)
(0.7997)
G1(-3.0671)
(1.8635)
(-0.2783)
G2(0.6465)
(8.7293)
(1.2127)
G3(-2.0715)
(-1.0025)
(-9.7105)
G4(-0.3608)
(1.6320)
(-0.2128)
A1(0.2682)
(4.4212)
(1.1831)
A2(8.9256)
(1.9489)
(17.6022)
A3(-15.1744)
(24.4640)
(-5.0135)
A4(1.6951)
(3.6344)
(-0.3400)
G1(-2.0928)
(-6.0310)
(2.4967)
G2(1.5724)
(1.2143)
(0.2049)
G3(-2.7297)
(1.2435)
(-7.7885)
G4(-0.0968)
(-0.3602)
(0.4390)
A1(-8.3442)
(3.7793)
(1.1352)
A2(-1.6951)
(4.3766)
(2.3607)
A3(-24.8949)
(9.5624)
(-7.9679)
A4(0.5986)
(7.9344)
(-3.5817)
G1(-1.4000)
(1.8448)
(2.6238)
G2(0.0819)
(0.9993)
(1.2196)
G3(-9.0060)
(-6.2060)
(7.1628)
G4(0.1900)
(-0.1846)
(-0.1245)
A1(-7.3623)
(4.9146)
(0.0383)
A2(3.8259)
(21.6819)
(4.4915)
A3(-8.7963)
(-8.4132)
(-1.5036)
A4(4.6783)
(9.7827)
(-2.9497)
G1(-0.2166)
(-3.4683)
(2.1604)
G2(-0.5475)
(-0.6960)
(0.2309)
G3(-0.3044)
(6.1369)
(0.1995)
G4(-0.6135)
(-0.4789)
(0.0133)
A1(-9.7334)
(7.3431)
(5.2020)
A2(0.8667)
(11.5353)
(1.0247)
A3(-5.0039)
(-1.5850)
(-9.6822)
A4(-3.8547)
(12.0907)
(5.7652)
G1(0.1197)
(-1.7735)
(1.1611)
G2(-0.0644)
(1.1563)
(0.2677)
G3(-3.9371)
(2.7127)
(-0.2756)
G4(-0.1666)
(-4.4474)
(1.9449)
A1(-4.8044)
(3.0944)
(5.3361)
A2(7.6710)
(9.9359)
(2.0399)
A3(-9.0070)
(-2.0159)
(-9.7731)
A4(-12.4546)
(4.8363)
(-8.2600)
G1(-0.0952)
(-1.2829)
(0.9184)
G2(0.0979)
(0.1580)
(0.1101)
G3(-3.8562)
(2.5355)
(-1.6171)
G4(0.9030)
(-1.0786)
(0.8328)
A1(-12.0901)
(11.8937)
(0.8335)
A2(-3.6392)
(6.2345)
(3.0454)
A3(-5.3774)
(1.7430)
(-9.5624)
A4(17.8320)
(12.1338)
(-5.4109)
G1(0.4853)
(-1.7123)
(1.8741)
G2(-0.9908)
(-1.9933)
(0.2836)
G3(-2.0337)
(0.0931)
(-0.3129)
G4(-0.1064)
(1.5458)
(1.4984)
A1(-4.3685)
(5.7720)
(1.5232)
A2(-0.8667)
(18.6796)
(-1.0295)
A3(-1.5419)
(3.4812)
(-10.6159)
A4(7.3598)
(8.5234)
(-2.6145)
G1(0.9727)
(0.1570)
(1.1095)
G2(1.3085)
(4.1021)
(-0.3161)
G3(-2.4206)
(2.1056)
(-0.6508)
G4(-0.2889)
(-0.6433)
(0.0484)
A1(-1.5759)
(8.7897)
(3.3961)
A2(-6.6702)
(10.5201)
(2.2410)
A3(-3.0263)
(6.0573)
(-9.1602)
A4(2.1787)
(7.8051)
(-5.0374)
G1(1.4335)
(-0.5651)
(0.4837)
G2(1.1063)
(-1.3915)
(-0.1054)
G3(-2.6068)
(-0.0122)
(0.6236)
G4(-0.6737)
(-0.6928)
(0.4975)
A1(-6.6821)
(8.3490)
(-0.1341)
A2(3.4907)
(7.6519)
(1.0008)
A3(-1.9441)
(9.5912)
(-8.2456)
A4(-0.1628)
(8.7053)
(-5.0135)
G1(1.4734)
(-0.6577)
(0.5954)
G2(-0.1117)
(0.4496)
(0.2841)
G3(-1.3984)
(-0.4949)
(0.1272)
G4(-0.3597)
(-1.3393)
(0.3145)
A1(-3.4536)
(9.1777)
(1.9352)
A2(-3.8595)
(11.2240)
(-2.4565)
A3(-1.4557)
(7.2832)
(-6.3638)
A4(2.3559)
(9.3661)
(-4.5921)
G1(1.5006)
(0.4672)
(0.5135)
G2(1.0759)
(-0.1261)
(-0.1314)
G3(-1.6293)
(-0.9700)
(0.3975)
G4(-0.2692)
(-0.0090)
(-0.1054)
A1(-3.3147)
(8.7945)
(-1.5424)
A2(-0.1915)
(8.1020)
(-3.5243)
A3(-5.4636)
(3.5865)
(-7.2592)
A4(1.2354)
(9.2464)
(-3.9552)
G1(1.0892)
(-1.0020)
(-0.0612)
G2(1.0722)
(-0.0287)
(0.1846)
G3(0.3528)
(1.6751)
(-0.1474)
G4(-0.4023)
(-0.2831)
(0.0266)
A1(-3.1566)
(9.6280)
(1.8058)
A2(-0.1963)
(8.8250)
(-1.6233)
A3(-3.4955)
(8.3222)
(-3.4524)
A4(0.8475)
(9.3853)
(-3.3279)
G1(1.7145)
(0.0506)
(-0.0740)
G2(0.5103)
(-1.5335)
(-0.0117)
G3(-0.1953)
(-1.0030)
(0.3155)
G4(-0.4055)
(-0.2070)
(0.0197)
