A1(-1.7627)
(8.0568)
(4.0859)
A2(1.8292)
(8.9543)
(0.5219)
A3(-2.8683)
(10.3430)
(-0.8428)
A4(0.5459)
(8.0732)
(-5.6982)
G1(-1.5830)
(-0.8939)
(-0.4358)
G2(-0.6928)
(0.1208)
(-0.1048)
G3(0.7210)
(-1.3590)
(0.5635)
G4(0.3294)
(-0.3959)
(0.1559)
A1(-1.3652)
(8.2437)
(4.0188)
A2(1.7957)
(10.1945)
(-0.6177)
A3(-8.3510)
(7.4268)
(-7.3598)
A4(-0.8571)
(9.3805)
(-5.1954)
G1(0.2522)
(-1.9177)
(-1.4532)
G2(-0.2176)
(-0.9402)
(-0.0341)
G3(0.7077)
(-1.6911)
(0.9951)
G4(0.7040)
(-0.2767)
(0.2214)
A1(0.7041)
(7.6593)
(9.0053)
A2(3.1173)
(8.7628)
(0.1820)
A3(4.1994)
(6.8809)
(-3.3854)
A4(-1.9632)
(8.2408)
(-8.1355)
G1(0.4156)
(-3.4369)
(-0.3560)
G2(-0.2506)
(-1.1967)
(0.1437)
G3(0.6034)
(-1.5804)
(1.8831)
G4(0.7364)
(-0.4129)
(0.5832)
A1(-10.4758)
(7.0845)
(7.6976)
A2(-0.8619)
(9.5624)
(1.5323)
A3(2.6959)
(11.5879)
(9.8067)
A4(-4.0510)
(24.7560)
(7.3598)
G1(2.7659)
(-0.3054)
(0.3347)
G2(-0.1841)
(-0.9131)
(0.0192)
G3(-3.1517)
(-11.0477)
(5.2041)
G4(2.1077)
(-2.4424)
(2.4078)
A1(4.5266)
(6.2031)
(-1.2933)
A2(-0.4166)
(12.7036)
(1.3982)
A3(-35.6114)
(-6.1866)
(-9.9599)
A4(-4.7932)
(26.6714)
(-5.8419)
G1(0.7460)
(-0.3294)
(-0.6492)
G2(0.4369)
(-1.6267)
(0.3288)
G3(1.1994)
(2.7526)
(-1.5229)
G4(2.4046)
(-0.6274)
(2.5478)
A1(0.6898)
(8.4736)
(2.4046)
A2(-2.6336)
(7.1108)
(9.3087)
A3(7.2353)
(0.0862)
(-10.9032)
A4(-24.0905)
(34.0599)
(-29.7887)
G1(2.5355)
(-5.4744)
(-2.4312)
G2(-0.8663)
(-3.9855)
(1.5910)
G3(0.5412)
(3.0102)
(-0.6449)
G4(0.6274)
(-2.9543)
(7.2697)
A1(10.5716)
(15.0982)
(6.0450)
A2(-5.6982)
(5.8035)
(14.8201)
A3(3.7397)
(8.7101)
(-6.8139)
A4(-12.6127)
(-7.6806)
(-25.6227)
G1(3.4061)
(-6.9579)
(-1.6570)
G2(-7.6007)
(-1.1307)
(1.2898)
G3(-0.3352)
(-0.7263)
(0.5108)
G4(1.2095)
(3.8046)
(5.2280)
A1(2.3711)
(3.1183)
(13.8193)
A2(0.6656)
(8.3270)
(31.2826)
A3(9.8928)
(9.7636)
(-1.4078)
A4(-8.6814)
(-7.0773)
(-7.0294)
G1(-1.1073)
(-10.3783)
(0.2937)
G2(-6.9797)
(-7.0808)
(-0.1086)
G3(-0.5619)
(-4.5442)
(1.2047)
G4(0.1868)
(8.0221)
(5.3924)
A1(-5.3217)
(8.2293)
(2.9459)
A2(21.3084)
(6.3590)
(10.2280)
A3(19.3212)
(5.8466)
(6.8091)
A4(-7.3119)
(-18.2678)
(2.3655)
G1(0.6167)
(0.3565)
(0.3145)
G2(-4.3846)
(-6.1826)
(-1.4841)
G3(-1.2020)
(-12.2013)
(5.0636)
G4(-8.4776)
(3.1921)
(3.5891)
A1(2.3759)
(10.3465)
(6.4857)
A2(0.2394)
(12.0045)
(13.2160)
A3(-0.9242)
(8.9830)
(3.2082)
A4(3.0885)
(-5.8706)
(-3.5099)
G1(-0.1948)
(1.2042)
(-0.9078)
G2(-4.4431)
(-10.2613)
(1.1898)
G3(-1.8980)
(-5.8320)
(2.7377)
G4(-6.7765)
(1.7139)
(6.9361)
A1(-7.6832)
(9.2927)
(3.2668)
A2(-8.2265)
(6.2345)
(-11.3820)
A3(-5.5162)
(10.7739)
(-5.6120)
A4(6.3829)
(-24.5549)
(23.6020)
G1(-0.4629)
(0.7066)
(-0.5396)
G2(0.5726)
(0.2081)
(1.3947)
G3(-0.5688)
(-1.0903)
(-0.0894)
G4(0.2091)
(-4.6916)
(-2.5004)
A1(-2.7495)
(9.2639)
(3.3530)
A2(30.9618)
(-5.1475)
(-4.3479)
A3(-5.9185)
(9.2751)
(-4.8890)
A4(13.3692)
(-0.2873)
(-14.1306)
G1(-0.4246)
(1.7762)
(0.0346)
G2(-0.4262)
(1.2505)
(-1.7352)
G3(-0.5050)
(-0.6391)
(-0.2719)
G4(1.4835)
(1.3548)
(-2.0252)
A1(-2.4190)
(9.8579)
(-0.1485)
A2(-8.9112)
(0.6895)
(-1.0391)
A3(0.6129)
(9.0740)
(-3.9504)
A4(6.3829)
(-3.7541)
(-5.8514)
G1(0.2980)
(0.9110)
(0.4603)
G2(-2.3754)
(6.5051)
(-2.4397)
G3(0.3400)
(1.3771)
(-0.4837)
G4(0.1873)
(-4.9880)
(0.1729)
A1(-1.5376)
(9.6471)
(0.8047)
A2(4.3239)
(-1.7861)
(-1.3024)
A3(2.0351)
(8.4036)
(-4.4101)
A4(3.5961)
(-2.0016)
(-9.1123)
G1(0.2171)
(1.8693)
(0.0266)
G2(1.4213)
(-1.9177)
(-2.1673)
G3(0.0591)
(0.8817)
(-0.3948)
G4(-3.4220)
(-3.8589)
(-2.5791)
A1(-1.3412)
(8.3203)
(-0.1293)
A2(7.5705)
(4.3766)
(5.5402)
A3(1.1684)
(8.1020)
(-4.6783)
A4(5.1906)
(2.6193)
(-9.3853)
G1(0.3124)
(2.0109)
(0.0239)
G2(0.6050)
(2.1205)
(-1.9869)
G3(-0.0612)
(1.1595)
(-0.4491)
G4(-3.2209)
(-2.9303)
(-2.4498)
A1(2.5675)
(13.0816)
(0.4407)
A2(11.2144)
(5.3965)
(0.2682)
A3(0.8284)
(9.3565)
(-1.1061)
A4(4.0989)
(6.3159)
(-10.1275)
G1(-0.4103)
(1.4319)
(0.1671)
G2(0.8248)
(1.5133)
(-1.5740)
G3(0.0649)
(2.2354)
(-0.5843)
G4(-2.8511)
(-0.9174)
(-0.5231)
A1(1.0059)
(9.9729)
(-1.9064)
A2(9.7875)
(4.5394)
(2.9305)
A3(1.4126)
(8.3749)
(-4.3862)
A4(5.6743)
(5.4061)
(-10.6207)
G1(0.2868)
(0.3640)
(-0.3209)
G2(0.8375)
(1.8390)
(-2.1386)
G3(0.3783)
(2.1982)
(-0.4949)
G4(-3.4593)
(0.0053)
(-0.9158)
A1(0.4407)
(9.4460)
(-0.9772)
A2(6.8235)
(6.3207)
(4.7309)
A3(2.2410)
(8.8921)
(-4.0606)
A4(3.5578)
(13.7858)
(-6.8043)
G1(0.1564)
(0.9339)
(-0.2575)
G2(1.1962)
(1.2239)
(-1.8129)
G3(0.1256)
(0.1144)
(-0.1320)
G4(-2.1380)
(-2.8787)
(1.6820)
A1(-0.6371)
(9.2352)
(0.5269)
A2(10.7500)
(9.0405)
(2.1835)
A3(2.3320)
(8.9830)
(-3.1316)
A4(2.8347)
(9.4619)
(-5.1332)
G1(-0.0128)
(0.1607)
(-0.5108)
G2(2.6223)
(1.9699)
(-1.7320)
G3(0.1399)
(0.2554)
(-0.2139)
G4(-1.8507)
(-1.3292)
(0.3714)
A1(-0.6802)
(9.6376)
(3.3674)
A2(7.3885)
(8.2073)
(1.9010)
A3(1.5323)
(8.1499)
(-3.6583)
A4(1.5706)
(14.1258)
(-2.0686)
G1(0.9296)
(0.9227)
(-0.5183)
G2(1.1882)
(-0.1277)
(-0.8120)
G3(0.3246)
(0.2288)
(-0.2421)
G4(0.5183)
(1.1680)
(-1.0701)
