A1(-5.1780)
(8.2916)
(-0.9628)
A2(2.5426)
(9.3805)
(2.3846)
A3(0.2346)
(8.2313)
(-6.7660)
A4(7.2353)
(10.4962)
(3.1747)
G1(0.2496)
(0.8040)
(-0.4502)
G2(0.0383)
(0.2453)
(0.1618)
G3(-0.0176)
(0.1352)
(-0.0825)
G4(1.6080)
(1.4761)
(-1.2553)
A1(1.2789)
(10.1214)
(1.9304)
A2(4.1420)
(8.8394)
(3.1173)
A3(-0.8763)
(7.2975)
(-7.3263)
A4(0.2969)
(9.6151)
(-7.8721)
G1(-0.0319)
(3.4380)
(-0.7556)
G2(-0.0995)
(0.7758)
(-0.1277)
G3(-0.3384)
(0.1421)
(-0.0383)
G4(1.3005)
(2.7265)
(-2.1476)
A1(-1.8202)
(13.2540)
(5.0295)
A2(6.1962)
(3.5338)
(4.3191)
A3(0.1053)
(11.8561)
(0.3831)
A4(13.5512)
(2.5953)
(-6.2249)
G1(-0.8413)
(3.7828)
(-1.6198)
G2(-1.7091)
(1.4904)
(0.9073)
G3(0.3060)
(0.5119)
(-0.4161)
G4(1.7469)
(0.7881)
(-1.9874)
A1(-0.8478)
(8.7179)
(6.4234)
A2(0.4693)
(9.3374)
(6.7229)
A3(-4.0127)
(13.0484)
(0.6943)
A4(2.2362)
(34.2419)
(-0.9577)
G1(-3.8525)
(4.5059)
(-1.1361)
G2(-0.9844)
(0.3906)
(1.0190)
G3(1.1637)
(0.5577)
(-0.4927)
G4(2.6547)
(-0.1394)
(1.3526)
A1(-2.5244)
(24.5250)
(-0.2730)
A2(4.7836)
(7.9296)
(10.6686)
A3(1.4078)
(27.5573)
(6.4931)
A4(-3.5482)
(10.5153)
(-5.3391)
G1(-7.2351)
(5.9144)
(0.5922)
G2(1.6171)
(5.3733)
(-1.1659)
G3(3.9738)
(4.0201)
(-3.0224)
G4(-0.4204)
(0.8950)
(-0.4252)
A1(-6.4857)
(9.0915)
(19.9409)
A2(10.3286)
(6.5984)
(9.6199)
A3(12.4738)
(18.6796)
(-7.9583)
A4(-3.8499)
(8.3222)
(-3.3806)
G1(-7.2005)
(1.8193)
(-1.0876)
G2(1.7209)
(0.4768)
(1.1951)
G3(2.2232)
(3.6301)
(-5.9751)
G4(-0.3193)
(1.0515)
(-0.2501)
A1(-11.2662)
(2.4573)
(13.2445)
A2(-1.2641)
(5.9903)
(5.2864)
A3(17.2957)
(1.7334)
(-22.6731)
A4(-3.5865)
(12.5983)
(-1.2498)
G1(-6.2204)
(4.5698)
(0.0984)
G2(1.0099)
(6.1113)
(0.7513)
G3(-5.0971)
(-2.1652)
(-2.1827)
G4(0.5364)
(3.9350)
(-0.4124)
A1(-3.1231)
(10.0591)
(13.8097)
A2(-0.0335)
(10.9128)
(4.8602)
A3(3.9648)
(13.4363)
(-21.7729)
A4(-0.0335)
(18.1720)
(-0.4214)
G1(-5.0444)
(6.5237)
(-0.1373)
G2(0.7881)
(2.6473)
(0.7386)
G3(-2.5983)
(-0.7881)
(-3.5300)
G4(1.3729)
(8.1355)
(-1.6863)
A1(10.8063)
(9.6615)
(-9.5944)
A2(-8.5425)
(12.4834)
(8.1834)
A3(6.5505)
(-7.7189)
(-5.8802)
A4(2.0494)
(-2.9736)
(-6.8857)
G1(0.6332)
(6.4950)
(-2.7095)
G2(1.0084)
(5.7468)
(1.5532)
G3(2.7356)
(-4.2138)
(-7.8503)
G4(-0.2868)
(3.2757)
(-1.6261)
A1(-2.6297)
(-11.0027)
(40.8926)
A2(-5.9855)
(7.6136)
(17.4633)
A3(4.1037)
(-10.5105)
(1.1301)
A4(6.7325)
(13.4794)
(-2.6815)
G1(-0.0474)
(-3.0330)
(-1.1691)
G2(0.0830)
(8.8357)
(2.1625)
G3(-0.1245)
(-3.3092)
(-8.1940)
G4(-0.4007)
(0.2102)
(0.1155)
A1(-8.0664)
(-6.2223)
(-8.4161)
A2(12.8329)
(2.0159)
(14.2503)
A3(-7.3694)
(108.3807)
(-70.4901)
A4(51.0683)
(36.1046)
(1.9441)
G1(-3.0894)
(-3.6854)
(3.7674)
G2(1.2196)
(0.7519)
(0.2517)
G3(8.3590)
(-15.3945)
(-0.2144)
G4(0.5726)
(0.9961)
(-1.3957)
A1(-6.0881)
(9.8435)
(3.1039)
A2(-3.5674)
(10.6207)
(3.3471)
A3(-25.6611)
(-8.2983)
(0.2107)
A4(-8.7245)
(9.5241)
(-5.6551)
G1(-0.1719)
(-0.7928)
(3.0932)
G2(0.5316)
(0.2841)
(-1.4080)
G3(-2.9213)
(-1.8161)
(12.1263)
G4(-0.0277)
(0.4502)
(-0.3528)
A1(-13.1199)
(5.1301)
(2.1651)
A2(11.7890)
(18.7753)
(9.4523)
A3(-10.2903)
(-6.4452)
(-3.5243)
A4(3.5530)
(8.8873)
(-2.9113)
G1(0.5608)
(-2.6047)
(3.2943)
G2(-0.2214)
(2.1066)
(-1.7145)
G3(2.4562)
(6.1869)
(0.1623)
G4(-0.2895)
(-0.9025)
(0.2017)
A1(-12.3296)
(7.1898)
(2.3184)
A2(2.6384)
(10.5728)
(5.0949)
A3(-3.2657)
(-2.9592)
(-8.6143)
A4(-2.8252)
(9.1937)
(-3.3375)
G1(1.7129)
(0.1266)
(2.1955)
G2(-0.8806)
(-3.2400)
(1.6474)
G3(-0.8769)
(6.3694)
(-0.1532)
G4(0.0750)
(0.5289)
(-0.1474)
A1(-6.9360)
(7.9275)
(-0.1341)
A2(12.3014)
(10.9319)
(4.0223)
A3(-8.1594)
(-4.5155)
(-13.3022)
A4(0.4788)
(9.0261)
(-4.3383)
G1(2.0907)
(-1.5426)
(1.9672)
G2(0.1437)
(-1.0408)
(0.2512)
G3(-2.5158)
(3.7913)
(-0.8333)
G4(-0.1256)
(0.2379)
(-0.1133)
A1(-10.4183)
(7.1994)
(3.5686)
A2(-5.4348)
(9.8785)
(2.3894)
A3(-1.4365)
(-0.2442)
(-8.7915)
A4(-0.7709)
(9.1889)
(-2.5522)
G1(1.5053)
(-0.4480)
(1.4958)
G2(0.4624)
(-1.9704)
(0.0479)
G3(-2.7148)
(1.4915)
(-1.4271)
G4(0.0154)
(0.4656)
(0.0782)
A1(-5.7912)
(8.4448)
(1.1736)
A2(0.3687)
(9.0309)
(-0.4597)
A3(-5.6790)
(3.4524)
(-12.4882)
A4(-0.9768)
(9.0740)
(-3.7110)
G1(2.2290)
(-1.7214)
(0.7678)
G2(0.7008)
(0.2485)
(0.1426)
G3(-2.9436)
(0.9440)
(-0.8860)
G4(0.0756)
(-0.2240)
(0.2895)
A1(-5.7145)
(7.5922)
(1.2694)
A2(-0.2394)
(10.1275)
(-1.5993)
A3(-0.8523)
(5.4731)
(-8.1307)
A4(0.9242)
(9.3134)
(-3.3184)
G1(1.6937)
(-0.9551)
(0.7662)
G2(0.4273)
(-0.3719)
(0.1272)
G3(-3.2863)
(-0.2543)
(0.9222)
G4(0.1043)
(-0.2336)
(0.2405)
A1(-6.4234)
(7.4102)
(0.7760)
A2(-1.3360)
(9.7444)
(0.5076)
A3(-0.8284)
(10.1658)
(-3.4955)
A4(0.1724)
(9.5433)
(-3.7541)
G1(1.0461)
(-1.1616)
(0.5374)
G2(0.0697)
(-0.5412)
(0.0596)
G3(-2.2695)
(-0.3581)
(0.7066)
G4(0.1713)
(-0.5555)
(0.4778)
A1(-4.3015)
(8.1526)
(1.3412)
A2(0.6512)
(9.4475)
(-0.7087)
A3(-1.1827)
(9.6486)
(-4.7309)
A4(-0.0622)
(9.1459)
(-4.8746)
G1(1.8033)
(-0.7061)
(0.3390)
G2(-0.1873)
(-0.7322)
(-0.0138)
G3(-1.8943)
(-1.8528)
(1.2643)
G4(0.1963)
(-0.1298)
(0.2980)
