A1(-0.3066)
(7.5012)
(-0.3353)
A2(3.4333)
(8.9783)
(2.0016)
A3(0.2155)
(7.7812)
(-6.5074)
A4(1.7382)
(9.3182)
(-5.1858)
G1(-0.2756)
(0.0186)
(0.1224)
G2(-0.0426)
(0.5736)
(-0.0436)
G3(-0.0357)
(0.3437)
(-0.0819)
G4(0.0138)
(-0.0649)
(0.1841)
A1(-4.1817)
(8.0904)
(-1.4562)
A2(2.6528)
(7.8195)
(3.7781)
A3(1.7669)
(7.2880)
(-6.2776)
A4(10.5919)
(8.0828)
(-4.1515)
G1(0.1176)
(1.1542)
(-0.0101)
G2(-0.2554)
(-0.0750)
(0.1298)
G3(-0.0702)
(0.0516)
(-0.0362)
G4(0.5779)
(2.4727)
(-1.3319)
A1(-1.0490)
(10.7536)
(-0.0192)
A2(3.1795)
(9.1123)
(2.7485)
A3(0.5028)
(8.7819)
(-6.0621)
A4(5.3726)
(6.6750)
(-5.2289)
G1(0.3230)
(3.3906)
(-0.6455)
G2(-0.6183)
(0.6119)
(-0.0873)
G3(-0.0745)
(0.2182)
(-0.1932)
G4(0.8524)
(4.0137)
(-2.6398)
A1(1.0107)
(10.3896)
(-1.1831)
A2(7.0964)
(7.9631)
(2.7390)
A3(1.9728)
(9.5816)
(-4.0654)
A4(10.6159)
(7.7668)
(1.7334)
G1(-0.4012)
(1.9380)
(-0.2719)
G2(-0.0867)
(1.2749)
(0.9839)
G3(0.2788)
(0.9599)
(-0.4007)
G4(0.7950)
(8.6851)
(-5.6681)
A1(-1.0921)
(11.4195)
(-0.5748)
A2(5.7078)
(6.5841)
(6.7086)
A3(0.9577)
(9.2751)
(-5.2577)
A4(3.7924)
(1.5993)
(-7.9057)
G1(0.1043)
(2.8484)
(-1.1520)
G2(-0.7646)
(3.5093)
(2.1716)
G3(0.7114)
(1.1270)
(-0.3432)
G4(1.3601)
(1.9688)
(-1.6932)
A1(2.7207)
(1.0634)
(20.1996)
A2(4.4245)
(4.2952)
(9.4954)
A3(-1.4796)
(18.4928)
(4.4724)
A4(-0.3687)
(0.0575)
(-8.1786)
G1(-8.9315)
(2.1891)
(0.5130)
G2(-0.1431)
(5.0710)
(0.8971)
G3(2.3184)
(1.4904)
(-0.8977)
G4(0.0548)
(0.7428)
(-0.1368)
A1(-5.1493)
(25.6986)
(-14.4515)
A2(6.4883)
(7.1108)
(6.0908)
A3(-0.1963)
(36.6217)
(12.9000)
A4(4.5777)
(6.5457)
(-6.0669)
G1(-6.4114)
(5.2695)
(-0.2841)
G2(1.4106)
(2.2109)
(0.6242)
G3(4.5022)
(0.7801)
(-1.1318)
G4(0.1889)
(0.3352)
(-1.0296)
A1(-0.1341)
(24.1657)
(14.7294)
A2(-1.1205)
(4.8985)
(-4.1037)
A3(17.4872)
(18.7227)
(-16.5487)
A4(-6.6511)
(9.0884)
(-8.1786)
G1(-8.5228)
(5.0795)
(-0.3006)
G2(-0.0202)
(0.3624)
(0.0372)
G3(3.0639)
(4.8220)
(-5.5127)
G4(-0.0309)
(3.9360)
(-1.2584)
A1(-8.7801)
(7.4246)
(8.8759)
A2(-7.2113)
(12.7994)
(4.4819)
A3(30.9666)
(4.8171)
(-14.8057)
A4(-4.1707)
(12.3397)
(-5.9903)
G1(-5.7734)
(5.9676)
(0.4268)
G2(2.2647)
(7.2867)
(0.2879)
G3(0.3533)
(-2.3344)
(-1.9821)
G4(0.3118)
(7.2064)
(-2.5376)
A1(7.8078)
(13.2397)
(1.1496)
A2(-9.3709)
(13.2878)
(7.3167)
A3(14.2216)
(-4.7118)
(-8.8298)
A4(-6.9336)
(6.0813)
(-3.2848)
G1(0.1586)
(4.6246)
(-2.0135)
G2(0.8519)
(5.1445)
(0.9168)
G3(5.7106)
(-6.3662)
(-8.6138)
G4(-0.4390)
(6.9143)
(-3.5018)
A1(-0.0192)
(2.9411)
(-36.5863)
A2(-4.7645)
(10.0030)
(10.2185)
A3(8.7724)
(-6.9432)
(-0.1293)
A4(6.4883)
(8.4659)
(-0.9002)
G1(0.0995)
(6.5429)
(-2.5541)
G2(1.3798)
(6.7349)
(2.6217)
G3(3.5705)
(-8.5670)
(-5.5047)
G4(-1.2946)
(0.1123)
(0.6726)
A1(19.3901)
(-6.3324)
(7.9036)
A2(14.8536)
(3.7685)
(0.0910)
A3(-4.2569)
(-24.0474)
(4.9895)
A4(-1.3695)
(7.0581)
(-1.3455)
G1(-3.3465)
(6.6291)
(0.7019)
G2(1.8996)
(3.0048)
(1.7272)
G3(-5.4435)
(-2.4695)
(-8.7889)
G4(-0.3640)
(1.1307)
(-0.2400)
A1(-0.9053)
(1.6478)
(8.1670)
A2(0.2346)
(4.5298)
(9.8737)
A3(-16.5775)
(24.0569)
(-8.5473)
A4(6.6032)
(7.3694)
(-2.2984)
G1(-0.9142)
(-12.1710)
(2.8574)
G2(1.0844)
(-0.0468)
(-0.2341)
G3(-0.4427)
(1.1531)
(-6.7498)
G4(-0.2049)
(0.0101)
(0.4065)
A1(-3.9518)
(-0.1245)
(3.0273)
A2(-0.1245)
(5.1667)
(-0.4549)
A3(-3.5721)
(18.1672)
(-1.8483)
A4(-0.9242)
(8.5281)
(-5.4396)
G1(-1.1632)
(5.5638)
(3.0022)
G2(0.8035)
(0.8668)
(0.2889)
G3(-2.2226)
(-8.1333)
(3.8445)
G4(0.0223)
(-0.2671)
(0.2022)
A1(-13.1055)
(5.9301)
(1.3268)
A2(9.1459)
(6.6798)
(2.8683)
A3(-11.8465)
(-7.2832)
(-5.0087)
A4(2.4852)
(8.3989)
(-6.0765)
G1(-0.9919)
(-3.0192)
(3.0618)
G2(0.2144)
(0.2826)
(-0.0271)
G3(1.8235)
(1.7177)
(2.6372)
G4(-0.2251)
(0.3347)
(-0.0447)
A1(-14.3366)
(6.5192)
(-1.0107)
A2(-1.5802)
(11.1139)
(-0.1389)
A3(-8.4946)
(-4.4293)
(-12.2104)
A4(4.4388)
(8.6431)
(-4.5298)
G1(-0.7370)
(1.7538)
(1.1818)
G2(0.1878)
(0.3235)
(-0.1548)
G3(-1.3973)
(3.3768)
(0.8290)
G4(-0.2554)
(-2.5467)
(1.2723)
A1(-7.5012)
(4.1386)
(3.3147)
A2(5.4779)
(9.8210)
(0.4884)
A3(-9.9742)
(-1.1827)
(-11.3342)
A4(-6.7421)
(7.6136)
(-3.6200)
G1(0.0968)
(-0.4954)
(1.2723)
G2(0.3959)
(0.3012)
(0.6226)
G3(-1.6597)
(1.9837)
(0.1522)
G4(0.0202)
(-0.0293)
(0.5768)
A1(-10.0016)
(5.9013)
(-1.7675)
A2(-0.0144)
(9.5098)
(2.1739)
A3(-3.0454)
(-5.1667)
(-10.4100)
A4(6.8474)
(10.6159)
(-3.8068)
G1(0.4975)
(-1.0924)
(1.9683)
G2(-0.5550)
(-0.6854)
(0.2267)
G3(-2.7292)
(1.5293)
(-0.9924)
G4(-0.0750)
(1.6080)
(-0.8168)
A1(-9.9824)
(5.4032)
(0.5317)
A2(0.6847)
(7.4508)
(1.0247)
A3(-0.4310)
(0.3591)
(-7.9440)
A4(-0.2203)
(9.8114)
(-1.4413)
G1(1.3952)
(-0.7386)
(0.9791)
G2(-0.1341)
(0.0506)
(0.4209)
G3(-2.2051)
(1.0594)
(-1.2409)
G4(-0.1527)
(-0.5406)
(0.2426)
A1(-6.2031)
(8.0233)
(-0.7281)
A2(3.1699)
(11.9758)
(1.5706)
A3(-1.5706)
(1.4461)
(-10.5105)
A4(0.8571)
(9.0214)
(-3.1268)
G1(1.6863)
(-0.5390)
(1.3478)
G2(0.5422)
(1.4920)
(0.1139)
G3(-3.2001)
(0.4268)
(-0.3358)
G4(0.1389)
(-1.3180)
(0.6316)
