A1(-2.1172)
(8.3538)
(-1.5089)
A2(3.0933)
(8.7149)
(3.2801)
A3(0.6943)
(7.8865)
(-6.0430)
A4(3.3998)
(9.3374)
(-2.8778)
G1(-0.0782)
(-0.1203)
(0.1501)
G2(0.0005)
(0.0096)
(0.0085)
G3(-0.0059)
(0.2038)
(-0.0074)
G4(0.0553)
(0.3741)
(-0.2267)
A1(-5.7528)
(9.2831)
(-1.9400)
A2(2.6480)
(9.0549)
(2.8539)
A3(0.9098)
(7.3598)
(-5.7796)
A4(5.6407)
(9.3901)
(-2.4277)
G1(0.2889)
(0.1692)
(-0.2065)
G2(-0.1368)
(0.1905)
(-0.0080)
G3(-0.0255)
(0.0011)
(0.0468)
G4(0.4869)
(3.1751)
(-1.3042)
A1(-2.8165)
(8.9430)
(0.1629)
A2(3.1939)
(8.8250)
(2.0925)
A3(2.2984)
(7.2161)
(-7.8482)
A4(-2.5953)
(8.7053)
(-3.0071)
G1(0.4438)
(2.5685)
(-0.4518)
G2(-0.2480)
(0.4262)
(0.1655)
G3(-0.2395)
(-0.4842)
(-0.0085)
G4(0.7136)
(3.8610)
(-2.3908)
A1(-0.0096)
(9.2975)
(0.4982)
A2(7.4747)
(7.7333)
(2.6719)
A3(1.0487)
(9.6582)
(-4.1180)
A4(2.1883)
(5.9855)
(-3.1747)
G1(0.5444)
(0.6204)
(-0.3475)
G2(-0.2857)
(1.1440)
(1.2606)
G3(-0.0479)
(0.9371)
(-0.4055)
G4(0.2059)
(4.2500)
(-2.6771)
A1(-0.9388)
(11.6494)
(-1.0730)
A2(2.6432)
(7.2496)
(6.4691)
A3(0.7470)
(8.9256)
(-4.6160)
A4(6.0238)
(8.6095)
(-1.2833)
G1(-0.0686)
(2.5392)
(-1.1190)
G2(-0.3719)
(1.0419)
(1.2840)
G3(0.2389)
(0.5715)
(-0.2948)
G4(1.6857)
(2.0438)
(-0.7109)
A1(-0.7808)
(4.7421)
(8.2724)
A2(6.7373)
(7.1922)
(5.5545)
A3(-1.3264)
(16.6158)
(2.7054)
A4(-1.6664)
(7.2161)
(-7.3598)
G1(-3.8754)
(1.7810)
(-1.1818)
G2(0.1559)
(5.1338)
(0.1458)
G3(1.7177)
(0.5119)
(-0.5295)
G4(0.2134)
(-1.6682)
(0.5018)
A1(-2.3040)
(11.1033)
(7.5922)
A2(5.7940)
(8.1068)
(8.3462)
A3(1.1205)
(23.5589)
(7.0533)
A4(0.5650)
(4.9225)
(-3.2657)
G1(-9.2534)
(0.0138)
(-0.4390)
G2(1.4032)
(1.1111)
(0.0149)
G3(3.0458)
(-0.1517)
(-0.9110)
G4(0.1522)
(-0.7620)
(-0.0436)
A1(-7.7359)
(12.3008)
(24.3861)
A2(-5.6312)
(10.4483)
(0.3879)
A3(14.2694)
(15.2989)
(-3.3806)
A4(-2.9449)
(9.1267)
(-5.7078)
G1(-7.6810)
(4.2479)
(0.1399)
G2(1.9284)
(0.9855)
(-1.1643)
G3(3.3273)
(5.4180)
(-3.9520)
G4(0.0628)
(1.7938)
(-0.3863)
A1(-11.0937)
(5.9396)
(13.7905)
A2(-4.7980)
(14.1593)
(2.4948)
A3(18.9621)
(1.0965)
(-24.9955)
A4(-1.5419)
(20.8104)
(4.5681)
G1(-6.6434)
(5.4962)
(0.8200)
G2(1.2542)
(3.7865)
(1.1196)
G3(-1.8773)
(-0.2240)
(-3.8509)
G4(0.8540)
(7.0303)
(-2.0907)
A1(-0.6514)
(10.1118)
(11.9320)
A2(-3.3567)
(7.8769)
(3.1987)
A3(10.3046)
(8.7867)
(-25.9292)
A4(-3.7158)
(9.1123)
(-7.5561)
G1(-4.5102)
(8.7538)
(-0.5076)
G2(1.3739)
(5.9075)
(0.5428)
G3(0.8849)
(-0.5433)
(-6.3667)
G4(1.7810)
(11.2143)
(-5.7468)
A1(2.6010)
(2.3327)
(-35.9205)
A2(-11.6119)
(11.1378)
(11.2001)
A3(7.4029)
(-9.4763)
(0.1053)
A4(9.4427)
(17.8129)
(-1.3503)
G1(0.4566)
(6.8121)
(-2.7249)
G2(0.6045)
(7.4400)
(2.3237)
G3(3.8121)
(-8.8783)
(-6.5758)
G4(-1.4335)
(3.1123)
(-1.4218)
A1(-8.0664)
(7.5204)
(18.7530)
A2(-0.4070)
(4.7022)
(18.5455)
A3(7.0054)
(-10.4722)
(7.5609)
A4(-5.7700)
(14.0588)
(3.2944)
G1(3.2815)
(3.0916)
(-0.8439)
G2(-0.9147)
(11.2292)
(3.2810)
G3(-1.4457)
(-6.5503)
(-6.0953)
G4(-1.1291)
(0.5890)
(0.8572)
A1(-1.9879)
(1.1161)
(1.1400)
A2(8.0828)
(12.9718)
(30.6123)
A3(-36.7175)
(39.6623)
(-11.1570)
A4(4.3766)
(6.4739)
(-3.3854)
G1(-2.1822)
(-8.4425)
(3.8509)
G2(1.1068)
(-1.6054)
(1.7230)
G3(1.7634)
(4.2356)
(-9.5317)
G4(-0.2144)
(-2.0385)
(0.8993)
A1(-4.1338)
(-0.3832)
(1.0969)
A2(5.5498)
(5.1475)
(3.1077)
A3(-4.5681)
(24.3969)
(-0.8811)
A4(2.0255)
(8.0876)
(-4.9512)
G1(-1.5814)
(5.8921)
(3.0416)
G2(0.4033)
(0.1745)
(-0.0011)
G3(-5.1125)
(-8.8724)
(5.5840)
G4(0.0942)
(0.3352)
(0.2277)
A1(-2.9123)
(5.6379)
(4.0428)
A2(10.6877)
(5.3630)
(3.4955)
A3(-4.5203)
(-5.4253)
(-0.7757)
A4(3.7781)
(8.5186)
(-5.6168)
G1(-0.2714)
(-3.1283)
(2.3174)
G2(0.2884)
(-0.7758)
(-0.4076)
G3(1.6224)
(1.8411)
(3.1618)
G4(-0.0144)
(-0.4092)
(0.4720)
A1(-12.8900)
(0.9149)
(-5.5660)
A2(1.2929)
(8.9208)
(1.9537)
A3(-4.7405)
(-6.5410)
(-11.2575)
A4(2.5043)
(9.8881)
(-4.0079)
G1(0.0186)
(-0.3879)
(1.0653)
G2(0.2219)
(1.0855)
(0.0974)
G3(-2.2359)
(3.3704)
(1.4090)
G4(0.0223)
(1.3271)
(-0.4837)
A1(-9.2783)
(5.0200)
(3.5111)
A2(7.9583)
(9.8976)
(1.0630)
A3(-3.9983)
(-1.7238)
(-11.3389)
A4(3.0789)
(9.7971)
(-2.8539)
G1(1.0882)
(0.3086)
(1.6293)
G2(0.5582)
(-0.3054)
(0.0921)
G3(-2.3796)
(2.3892)
(0.3629)
G4(-0.0623)
(0.5188)
(-0.1272)
A1(-9.4316)
(6.6486)
(0.9628)
A2(-2.2458)
(9.4427)
(2.2793)
A3(-2.6911)
(-0.4310)
(-9.0740)
A4(0.4932)
(10.0509)
(-4.6926)
G1(0.5380)
(-0.3448)
(1.2441)
G2(0.1192)
(0.8689)
(0.0149)
G3(-2.2311)
(2.6813)
(-1.6682)
G4(-0.2336)
(-0.3512)
(0.2735)
A1(-8.9382)
(5.6139)
(1.4945)
A2(5.4827)
(9.6630)
(0.3687)
A3(-1.5897)
(-0.5698)
(-10.3860)
A4(1.1636)
(8.4563)
(-4.3527)
G1(0.4464)
(-0.1548)
(1.5766)
G2(0.1442)
(1.2968)
(-0.1426)
G3(-2.4972)
(0.8125)
(-0.7636)
G4(-0.2347)
(0.0575)
(-0.0122)
A1(-5.9732)
(7.0078)
(3.0896)
A2(-1.6616)
(11.5305)
(0.6033)
A3(-0.8906)
(2.6719)
(-8.1068)
A4(2.0399)
(9.1219)
(-4.3479)
G1(2.1950)
(-0.2597)
(1.2106)
G2(0.1474)
(-0.4401)
(-0.0644)
G3(-2.6398)
(1.4495)
(-1.0552)
G4(-0.4603)
(-0.1479)
(0.1580)
