A1(0.2539)
(7.8605)
(-0.1724)
A2(5.3582)
(7.9152)
(2.2266)
A3(1.9393)
(8.9016)
(-3.9025)
A4(2.2936)
(7.4939)
(0.7709)
G1(-0.9977)
(2.0832)
(-0.0239)
G2(-0.2043)
(1.6682)
(0.6263)
G3(0.0963)
(0.9094)
(-0.3831)
G4(0.3986)
(5.6776)
(-4.1542)
A1(-0.3976)
(10.6483)
(0.5940)
A2(5.9903)
(4.7645)
(3.7110)
A3(1.2019)
(10.5010)
(-3.0358)
A4(5.6599)
(5.3056)
(-5.5593)
G1(-0.8961)
(2.3461)
(-0.6300)
G2(-0.8200)
(1.7773)
(1.1754)
G3(0.2107)
(0.9966)
(-0.3390)
G4(-0.0388)
(3.2124)
(-1.7102)
A1(-0.5317)
(7.1372)
(5.3553)
A2(-0.6943)
(6.4500)
(7.7285)
A3(-3.1173)
(15.7347)
(-2.4948)
A4(-1.1540)
(0.0048)
(-4.2090)
G1(-3.4869)
(3.3023)
(-0.9296)
G2(-0.7418)
(4.1031)
(0.0878)
G3(1.9380)
(1.1323)
(-0.6683)
G4(0.2458)
(0.5241)
(-0.9887)
A1(-0.9915)
(8.7897)
(9.5082)
A2(8.3222)
(8.4324)
(4.1132)
A3(1.0487)
(20.2741)
(6.1387)
A4(3.1125)
(7.3741)
(-2.0351)
G1(-7.4230)
(3.3832)
(-0.6875)
G2(0.7322)
(4.5182)
(-0.2905)
G3(2.9075)
(1.0924)
(-1.1100)
G4(0.9104)
(-1.1451)
(-0.0197)
A1(-1.4897)
(22.9299)
(-1.8490)
A2(6.0908)
(10.1658)
(11.6981)
A3(-2.1452)
(17.9374)
(-4.5586)
A4(1.1013)
(11.7316)
(-7.5705)
G1(-5.5920)
(3.8956)
(2.8862)
G2(1.3968)
(-1.4250)
(-0.6103)
G3(3.4486)
(2.0268)
(-1.9433)
G4(0.5523)
(1.3947)
(-0.6912)
A1(2.4429)
(13.9821)
(15.7017)
A2(-7.7764)
(6.3734)
(-0.6033)
A3(12.9047)
(19.2015)
(-15.3420)
A4(-3.9935)
(8.4228)
(-8.6526)
G1(-7.9854)
(5.8341)
(-0.0915)
G2(1.3771)
(4.1292)
(-2.1503)
G3(1.6533)
(7.0739)
(-6.2417)
G4(0.0383)
(3.3699)
(-0.4177)
A1(-7.8892)
(11.1368)
(12.9762)
A2(1.7909)
(11.2863)
(4.6639)
A3(22.6300)
(6.3829)
(-16.3093)
A4(-6.3446)
(12.0859)
(0.2538)
G1(-5.8107)
(2.8952)
(0.1666)
G2(1.0020)
(2.4525)
(1.4319)
G3(-0.4507)
(-1.1329)
(-3.9866)
G4(-0.3661)
(4.2244)
(-0.3672)
A1(-7.7072)
(10.5525)
(10.2555)
A2(-5.7604)
(10.6925)
(4.7022)
A3(9.4523)
(3.1268)
(-17.4442)
A4(-2.3607)
(16.1321)
(7.0725)
G1(-4.3819)
(6.7222)
(-0.0149)
G2(1.7560)
(4.3511)
(0.2123)
G3(2.0630)
(-0.6944)
(-4.5166)
G4(0.9200)
(6.6280)
(-1.4074)
A1(7.1276)
(10.7776)
(-21.2821)
A2(-6.9911)
(9.7683)
(3.1508)
A3(8.2121)
(-6.0669)
(-1.4126)
A4(-0.6800)
(0.5267)
(-4.1563)
G1(-0.1320)
(10.8178)
(-2.2865)
G2(1.9449)
(6.1847)
(1.0142)
G3(5.0934)
(-6.2060)
(-6.2470)
G4(-0.6540)
(4.8954)
(-1.9507)
A1(4.6751)
(-11.1895)
(14.7773)
A2(-7.6950)
(9.6055)
(12.4115)
A3(6.8139)
(-4.9321)
(3.8164)
A4(-3.0358)
(11.3485)
(4.4676)
G1(3.2698)
(-1.5527)
(-0.9828)
G2(0.7886)
(6.9627)
(1.2515)
G3(1.2036)
(-5.6766)
(-6.4380)
G4(-0.6321)
(-2.0678)
(-0.5055)
A1(3.9901)
(3.2572)
(0.4838)
A2(-3.5530)
(7.1156)
(13.7762)
A3(-1.0534)
(-12.1673)
(10.2520)
A4(8.1163)
(10.0413)
(1.8435)
G1(-1.7618)
(3.2219)
(1.2116)
G2(-1.5346)
(10.0372)
(0.0702)
G3(-2.0736)
(-2.9330)
(-7.1021)
G4(-0.1431)
(4.1122)
(-0.9599)
A1(-3.5207)
(6.4474)
(-1.1783)
A2(36.0663)
(3.8690)
(-0.7230)
A3(-21.0977)
(34.3137)
(-19.5271)
A4(1.9106)
(6.8570)
(-2.8587)
G1(-1.4181)
(-6.3252)
(2.3418)
G2(0.3464)
(7.3309)
(1.1169)
G3(1.2228)
(1.2702)
(-8.1908)
G4(0.5859)
(0.5401)
(0.0096)
A1(-9.3166)
(5.7912)
(-6.9408)
A2(-2.9257)
(6.5122)
(2.8922)
A3(-8.6143)
(24.0043)
(-8.2648)
A4(6.0430)
(5.0135)
(-2.6528)
G1(-3.7019)
(-1.2212)
(3.7354)
G2(0.6183)
(2.6696)
(0.4443)
G3(-5.8767)
(-6.0485)
(5.6377)
G4(0.1703)
(1.1515)
(-0.0511)
A1(-12.5355)
(4.7661)
(5.0535)
A2(11.8705)
(6.7804)
(-0.1437)
A3(-9.3853)
(-6.0669)
(-2.1261)
A4(-0.9098)
(10.9559)
(-3.4093)
G1(1.6261)
(-4.4937)
(2.0976)
G2(0.2384)
(0.8897)
(0.0394)
G3(3.1677)
(1.1222)
(3.2810)
G4(-0.0463)
(0.6625)
(0.2118)
A1(-7.7455)
(6.2845)
(-2.7926)
A2(-1.6137)
(23.5925)
(1.9728)
A3(-5.0757)
(-8.8538)
(-7.6950)
A4(3.0550)
(9.6822)
(-3.7828)
G1(-0.0112)
(1.9821)
(1.6357)
G2(-0.2160)
(-0.8083)
(-0.8955)
G3(-1.8278)
(5.4547)
(-0.1171)
G4(-0.1884)
(-0.0585)
(-0.0239)
A1(-7.8269)
(5.9588)
(3.5590)
A2(-7.3406)
(11.0229)
(2.8299)
A3(-2.8778)
(-3.2034)
(-7.2449)
A4(0.8667)
(9.4475)
(-3.7110)
G1(1.5719)
(-2.0545)
(1.7980)
G2(0.2230)
(0.1719)
(0.0319)
G3(-3.5449)
(2.9681)
(-2.0109)
G4(-0.2320)
(-0.1517)
(-0.0458)
A1(-6.7540)
(9.1681)
(2.7064)
A2(9.3661)
(12.7180)
(1.9441)
A3(-0.8715)
(-4.5059)
(-8.9208)
A4(1.2067)
(8.9878)
(-3.7493)
G1(1.4575)
(-1.1031)
(1.7256)
G2(0.1607)
(1.2249)
(-0.1804)
G3(-4.0430)
(3.0352)
(-1.9912)
G4(-0.2857)
(0.5284)
(-0.1612)
A1(-8.8712)
(7.1563)
(1.1783)
A2(2.0159)
(8.2744)
(0.5267)
A3(-0.7230)
(5.1954)
(-10.1514)
A4(2.4517)
(9.3087)
(-2.7533)
G1(0.8796)
(-1.1057)
(1.0392)
G2(-0.0569)
(-2.4977)
(0.1538)
G3(-3.4683)
(0.7779)
(-0.7492)
G4(-0.3826)
(-0.4518)
(0.0250)
A1(-6.2702)
(7.9754)
(0.9149)
A2(2.4469)
(9.3661)
(1.4222)
A3(-3.1220)
(6.5122)
(-8.6526)
A4(-0.7853)
(9.8593)
(-2.1308)
G1(1.9433)
(-1.5016)
(0.9674)
G2(0.3911)
(0.2703)
(0.2363)
G3(-3.3965)
(0.9562)
(-0.0718)
G4(-0.2256)
(-0.2272)
(0.1330)
A1(-5.4942)
(8.0856)
(3.0896)
A2(2.1500)
(9.5241)
(-0.0862)
A3(-2.2122)
(5.2241)
(-11.7412)
A4(0.4836)
(9.9982)
(-2.0782)
G1(1.6767)
(-0.4135)
(0.6838)
G2(0.3209)
(-1.2824)
(0.2517)
G3(-3.0064)
(0.4129)
(0.3427)
G4(-0.1373)
(-0.2597)
(0.1032)
