A1(1.3700)
(8.0377)
(2.3950)
A2(1.3024)
(8.6670)
(2.2218)
A3(-6.0334)
(9.4092)
(-4.7214)
A4(-1.8627)
(9.1794)
(-5.2864)
G1(-0.1713)
(-2.7100)
(-1.6293)
G2(-0.0575)
(1.1786)
(0.0761)
G3(0.0053)
(-3.3273)
(2.1183)
G4(0.4624)
(-0.2852)
(0.2097)
A1(5.0200)
(5.6139)
(8.7801)
A2(4.8890)
(9.1842)
(2.2122)
A3(-3.3710)
(5.4827)
(-9.5193)
A4(-2.8443)
(6.9049)
(-10.4196)
G1(-0.3831)
(-3.6742)
(-1.1712)
G2(-0.0883)
(0.3416)
(0.0697)
G3(0.3704)
(-3.8105)
(2.4584)
G4(0.1921)
(-0.5055)
(0.5864)
A1(-7.8317)
(13.2061)
(14.4947)
A2(-0.4836)
(10.6494)
(4.8842)
A3(-8.5234)
(10.6686)
(-0.8475)
A4(2.8970)
(21.2892)
(1.9297)
G1(2.4163)
(-0.4246)
(0.4012)
G2(-0.0772)
(-2.8223)
(0.2623)
G3(-1.3627)
(-9.0645)
(5.3493)
G4(1.4910)
(-3.3108)
(2.0587)
A1(-0.8526)
(3.5207)
(-2.0453)
A2(1.6089)
(11.7795)
(-0.0239)
A3(-3.4524)
(2.1739)
(-1.0630)
A4(-4.9991)
(30.2483)
(8.9974)
G1(0.6050)
(-0.4103)
(-1.1887)
G2(0.0995)
(-1.5437)
(-0.5608)
G3(-0.5598)
(1.0360)
(1.9204)
G4(3.2746)
(-2.1561)
(2.6877)
A1(0.9772)
(10.8255)
(2.1028)
A2(-3.2801)
(11.4156)
(10.1993)
A3(0.8380)
(6.0908)
(-7.1060)
A4(-11.5544)
(17.5256)
(-14.3700)
G1(1.7570)
(-3.4683)
(-1.6831)
G2(-0.6609)
(-4.7401)
(0.8663)
G3(0.6859)
(-0.1830)
(0.0915)
G4(1.8608)
(-3.6913)
(9.2231)
A1(9.9010)
(12.9331)
(5.2164)
A2(-0.1867)
(8.0206)
(8.2121)
A3(8.8729)
(12.7372)
(-7.9535)
A4(-39.9544)
(17.5016)
(-25.2349)
G1(1.9880)
(-7.0888)
(-0.7561)
G2(-3.2092)
(-3.0368)
(0.7173)
G3(-0.6199)
(-0.3794)
(0.0713)
G4(1.4122)
(-2.4945)
(6.4247)
A1(11.4338)
(2.1843)
(19.7350)
A2(1.1923)
(20.8583)
(6.0956)
A3(9.7348)
(9.0836)
(-4.8842)
A4(-4.5873)
(-2.3128)
(-12.6988)
G1(-1.4649)
(-10.0580)
(-1.0887)
G2(-7.8141)
(-7.5411)
(-0.0702)
G3(-0.7992)
(-3.5492)
(0.9025)
G4(2.4530)
(6.1592)
(7.4208)
A1(-6.0546)
(12.5260)
(0.2587)
A2(-4.9464)
(13.9582)
(21.9405)
A3(13.1825)
(14.1641)
(4.4005)
A4(-6.9767)
(-5.5019)
(-7.3646)
G1(2.7069)
(-9.6525)
(-1.0217)
G2(-7.8119)
(-4.4607)
(1.8789)
G3(-1.1201)
(-9.3599)
(3.3151)
G4(1.2249)
(7.9200)
(6.2848)
A1(1.2502)
(14.7342)
(3.4776)
A2(10.9846)
(4.4484)
(13.1490)
A3(-0.8954)
(11.8513)
(2.8156)
A4(0.9864)
(-13.0340)
(3.6440)
G1(0.0782)
(-1.8235)
(-0.7721)
G2(-5.4307)
(-8.5207)
(0.6151)
G3(-2.6286)
(-5.6031)
(3.3528)
G4(-4.7012)
(3.6923)
(4.5921)
A1(-5.9636)
(8.7514)
(-1.1209)
A2(-6.2058)
(18.4449)
(13.1202)
A3(-6.8905)
(18.1959)
(-2.4517)
A4(11.6550)
(12.5648)
(-9.6582)
G1(0.1591)
(-2.8952)
(-0.4853)
G2(-2.4631)
(-10.1197)
(2.6771)
G3(-0.8312)
(-0.5076)
(-0.4108)
G4(-5.9017)
(1.8097)
(4.9657)
A1(-3.8177)
(10.9357)
(2.3950)
A2(0.7374)
(-3.6919)
(-22.6204)
A3(4.2904)
(3.6248)
(-6.1292)
A4(9.5241)
(0.0048)
(3.5386)
G1(-0.0537)
(1.3154)
(0.1724)
G2(-0.0915)
(-2.0242)
(1.3659)
G3(-0.4704)
(-0.9264)
(-0.2708)
G4(-10.5890)
(4.1877)
(-12.7893)
A1(-2.2513)
(8.9047)
(0.8335)
A2(15.3181)
(3.2896)
(2.7916)
A3(-6.1244)
(11.2288)
(-3.3662)
A4(10.0604)
(-0.5411)
(-5.3582)
G1(-0.0803)
(0.5603)
(-0.3757)
G2(0.1767)
(-5.9990)
(2.5259)
G3(-0.1900)
(1.3324)
(-0.6194)
G4(4.9891)
(-0.1330)
(-1.3154)
A1(-3.1231)
(10.1932)
(-1.6669)
A2(1.5850)
(0.1437)
(-1.1636)
A3(0.6033)
(8.4898)
(-3.2801)
A4(6.1052)
(-7.3502)
(-5.1092)
G1(0.2214)
(1.1408)
(0.1128)
G2(-0.6455)
(5.0210)
(-2.9554)
G3(0.3017)
(1.0616)
(-0.3501)
G4(0.5800)
(-3.7727)
(-0.3384)
A1(-0.3688)
(10.4710)
(1.6861)
A2(19.9437)
(3.7589)
(-5.7604)
A3(4.6783)
(7.4029)
(-5.3343)
A4(8.6718)
(-4.3958)
(-5.5019)
G1(0.1394)
(1.8964)
(-0.1054)
G2(-0.6625)
(1.3106)
(-0.9440)
G3(0.2389)
(1.0866)
(-0.3001)
G4(-2.9857)
(-3.4449)
(-0.6784)
A1(-1.5999)
(8.0760)
(-0.4694)
A2(9.0309)
(1.3982)
(3.1843)
A3(3.2561)
(8.2313)
(-5.6024)
A4(4.2473)
(-1.2498)
(-6.5505)
G1(0.1463)
(0.2767)
(0.0835)
G2(0.3060)
(2.4349)
(-1.6293)
G3(0.0553)
(0.4039)
(-0.2772)
G4(-4.4586)
(-3.3071)
(-2.3663)
A1(-1.6765)
(8.5598)
(-0.1054)
A2(11.1474)
(4.4724)
(-2.6671)
A3(0.4166)
(9.4284)
(-3.0502)
A4(2.9975)
(1.8148)
(-9.7013)
G1(-0.0255)
(0.1224)
(-0.1272)
G2(-0.8317)
(1.8427)
(-1.6043)
G3(-0.1948)
(-0.0798)
(-0.2075)
G4(-3.2070)
(-0.4981)
(-0.2889)
A1(-2.6776)
(9.9777)
(-0.5269)
A2(8.5281)
(4.7980)
(1.0582)
A3(0.9673)
(6.9528)
(-4.0318)
A4(5.3343)
(6.1531)
(-9.1602)
G1(0.1596)
(1.4851)
(-0.0532)
G2(1.5218)
(2.4935)
(-1.4186)
G3(-0.0085)
(0.1229)
(-0.1463)
G4(-2.7569)
(0.7077)
(-0.5529)
A1(-1.9543)
(9.2591)
(0.1102)
A2(5.7078)
(5.1427)
(2.6480)
A3(2.1979)
(7.2257)
(-3.9313)
A4(3.0215)
(4.8123)
(-11.2527)
G1(0.1580)
(1.7171)
(-0.2703)
G2(-0.0617)
(0.5130)
(-1.8337)
G3(0.2283)
(1.4000)
(-0.5300)
G4(-2.7180)
(-0.9972)
(-0.4241)
A1(1.5999)
(11.1273)
(-0.6131)
A2(6.9528)
(5.8562)
(3.9073)
A3(-0.8906)
(10.2807)
(-2.4277)
A4(4.3718)
(14.0923)
(-5.2194)
G1(-0.1650)
(-0.0740)
(0.2927)
G2(0.3613)
(0.1288)
(-1.9646)
G3(0.1692)
(0.8838)
(-0.3331)
G4(-1.7634)
(-2.4105)
(1.4825)
A1(-1.9927)
(7.5299)
(1.3556)
A2(8.2121)
(8.9304)
(1.1732)
A3(4.1755)
(8.2361)
(-4.5825)
A4(2.5187)
(6.5697)
(-4.3048)
G1(0.6396)
(1.0616)
(0.1415)
G2(1.4803)
(0.3810)
(-1.7097)
G3(0.3251)
(0.3959)
(-0.1064)
G4(-1.3127)
(-1.2132)
(0.2751)
