A1(2.5291)
(11.0171)
(-1.2454)
A2(4.0845)
(8.0445)
(-0.6273)
A3(2.0494)
(6.9719)
(-4.4053)
A4(12.2392)
(29.1135)
(-3.0646)
G1(-0.1229)
(-2.7393)
(-0.7897)
G2(0.2118)
(0.1399)
(0.4454)
G3(0.9817)
(-0.2549)
(0.0777)
G4(2.3700)
(0.9748)
(-0.3964)
A1(4.8044)
(14.5521)
(6.9168)
A2(12.9766)
(10.7164)
(7.9918)
A3(2.6576)
(9.2177)
(-1.3072)
A4(-0.6656)
(0.4932)
(-12.6031)
G1(-1.1675)
(-2.6563)
(-0.6087)
G2(-3.2203)
(-0.1469)
(0.5161)
G3(-0.0995)
(-0.8822)
(0.2054)
G4(3.6450)
(1.6171)
(1.9119)
A1(-4.7757)
(5.8391)
(7.0797)
A2(12.4163)
(8.6000)
(10.4244)
A3(4.5298)
(8.6383)
(-4.5586)
A4(0.8715)
(-4.5969)
(-1.2354)
G1(0.1304)
(-0.7045)
(-0.0133)
G2(-5.9176)
(-2.8580)
(2.7963)
G3(-0.6588)
(-1.5415)
(0.1389)
G4(0.8567)
(6.2630)
(4.0441)
A1(0.3688)
(7.6162)
(4.5218)
A2(8.1930)
(5.9472)
(6.6415)
A3(0.5746)
(8.9926)
(-0.3448)
A4(3.1939)
(-13.2926)
(1.7047)
G1(0.7194)
(-0.4603)
(0.0750)
G2(-2.6356)
(-3.7461)
(2.0135)
G3(-1.1951)
(-0.7652)
(-0.6385)
G4(-1.8172)
(2.5898)
(3.3486)
A1(-17.8429)
(5.3313)
(2.6585)
A2(2.1548)
(1.4269)
(1.8771)
A3(-0.8140)
(11.0708)
(3.0502)
A4(19.7953)
(39.0590)
(-11.0325)
G1(0.0341)
(0.8493)
(0.3507)
G2(2.1912)
(-3.8259)
(1.8124)
G3(-0.8338)
(-1.6831)
(-0.1149)
G4(0.8572)
(-5.2158)
(2.7563)
A1(-4.4212)
(12.2529)
(1.0825)
A2(12.5313)
(-1.1444)
(-3.6631)
A3(4.4580)
(9.2273)
(-1.9632)
A4(9.5433)
(-1.6999)
(-1.9393)
G1(0.4395)
(-0.0128)
(0.2528)
G2(4.4666)
(-9.3380)
(1.1871)
G3(0.0016)
(-0.1921)
(0.5310)
G4(-1.6331)
(1.3393)
(-2.2322)
A1(-0.8478)
(7.5970)
(-0.3449)
A2(22.7593)
(10.8697)
(-11.6933)
A3(1.6616)
(8.7963)
(-2.4421)
A4(8.9735)
(9.3326)
(-4.8507)
G1(-0.3060)
(1.9720)
(-0.0229)
G2(-1.2707)
(5.1679)
(-0.2751)
G3(0.1208)
(0.7620)
(0.2166)
G4(0.7710)
(3.4225)
(-4.7523)
A1(1.2502)
(7.7311)
(2.9076)
A2(-3.8738)
(-0.5746)
(3.1651)
A3(-1.1540)
(10.3669)
(0.4310)
A4(14.9877)
(-1.6951)
(-6.2680)
G1(-0.8131)
(-0.5635)
(-0.0516)
G2(-1.0674)
(1.9406)
(-0.8700)
G3(0.8455)
(2.3482)
(-0.1894)
G4(0.3161)
(-0.5098)
(-1.5437)
A1(0.2060)
(21.0426)
(-0.6035)
A2(10.4866)
(-0.8475)
(-0.0575)
A3(-1.8148)
(10.2520)
(-0.5411)
A4(12.0045)
(-2.2362)
(-4.1420)
G1(0.5364)
(1.6384)
(1.0472)
G2(-2.1279)
(-2.2535)
(-0.3118)
G3(0.7072)
(-0.0239)
(0.8657)
G4(0.0543)
(0.8908)
(-1.0440)
A1(-1.2023)
(6.3755)
(-3.5350)
A2(10.0748)
(1.0918)
(-0.6369)
A3(9.4571)
(7.5705)
(-14.6669)
A4(6.2058)
(0.2682)
(-2.4469)
G1(0.5284)
(1.5814)
(-0.5060)
G2(-1.1659)
(2.5616)
(0.7359)
G3(-0.9291)
(-0.0835)
(-0.1644)
G4(-0.3049)
(-0.9860)
(-1.5681)
A1(1.8681)
(0.1485)
(4.8858)
A2(16.1082)
(-0.4453)
(3.3040)
A3(-5.8275)
(10.8553)
(5.2050)
A4(4.5586)
(1.0343)
(-1.8675)
G1(-1.0190)
(-0.9333)
(1.0153)
G2(1.1829)
(1.9651)
(-0.5231)
G3(-0.7152)
(1.1605)
(-0.7827)
G4(-0.8312)
(-1.2824)
(0.8647)
A1(12.8134)
(16.9903)
(7.4868)
A2(4.1994)
(0.5028)
(-3.3088)
A3(0.6752)
(-6.4117)
(-5.7365)
A4(1.1923)
(5.6838)
(-3.5626)
G1(-0.9562)
(2.3764)
(1.4207)
G2(0.9253)
(-0.3858)
(-1.5080)
G3(-0.1751)
(-4.5980)
(0.9589)
G4(-0.2618)
(-0.0415)
(-0.0633)
A1(-4.9242)
(8.1574)
(1.0299)
A2(12.1625)
(1.4700)
(0.4693)
A3(18.8280)
(-16.4482)
(-11.9854)
A4(5.3582)
(5.9903)
(-7.6184)
G1(1.3995)
(1.7874)
(-1.4660)
G2(-0.9222)
(2.5265)
(-1.2196)
G3(1.2489)
(3.5385)
(-0.2277)
G4(-1.9326)
(-0.6614)
(-2.5158)
A1(1.0730)
(11.2566)
(1.4322)
A2(8.4228)
(4.2138)
(6.1004)
A3(5.1811)
(7.0485)
(-4.3239)
A4(6.9480)
(8.8490)
(-7.2688)
G1(1.5947)
(0.2655)
(0.4246)
G2(0.7641)
(-2.3833)
(-1.7209)
G3(-0.2655)
(0.9099)
(-0.2102)
G4(-0.9429)
(-0.5763)
(-1.6176)
A1(-1.8537)
(10.4519)
(0.1389)
A2(8.1930)
(4.9033)
(4.6160)
A3(-0.2729)
(8.6526)
(-4.2760)
A4(3.3471)
(8.5521)
(-6.1004)
G1(1.3462)
(0.9700)
(-0.5326)
G2(1.1260)
(2.6063)
(-1.9725)
G3(-0.3666)
(0.0926)
(-0.3645)
G4(-0.5997)
(-0.8546)
(-1.7613)
A1(0.5796)
(9.6807)
(-2.3471)
A2(4.6064)
(7.4795)
(5.1523)
A3(2.3798)
(8.9495)
(-3.6679)
A4(3.9025)
(9.0932)
(-5.2720)
G1(0.6417)
(0.2027)
(-0.4443)
G2(1.3191)
(0.3927)
(-1.8140)
G3(-0.3198)
(0.3352)
(-0.3831)
G4(-0.7226)
(-0.5161)
(-0.6231)
A1(0.1102)
(9.6471)
(-2.0932)
A2(6.5553)
(7.3981)
(1.8004)
A3(1.8340)
(9.2991)
(-2.2745)
A4(4.9512)
(11.2623)
(-5.5689)
G1(-0.4879)
(-0.3895)
(-0.3528)
G2(1.4644)
(1.1366)
(-1.3973)
G3(-0.0378)
(0.1128)
(-0.3374)
G4(-1.1095)
(-0.3384)
(-0.4172)
A1(-3.0417)
(6.5432)
(-0.6562)
A2(4.9847)
(8.4420)
(2.3655)
A3(1.8387)
(8.8729)
(-3.3279)
A4(4.3958)
(9.3613)
(-2.8347)
G1(-0.6731)
(-0.4566)
(-0.1921)
G2(1.3697)
(-0.2006)
(-0.9844)
G3(0.1256)
(-0.3453)
(-0.4518)
G4(-0.8386)
(-0.4273)
(-0.3081)
A1(-4.5314)
(9.1490)
(-0.5125)
A2(2.3607)
(9.2560)
(-1.8004)
A3(0.6416)
(9.4332)
(-4.4772)
A4(-1.2594)
(9.6343)
(-2.8587)
G1(-0.0686)
(-0.5428)
(-0.2522)
G2(1.6421)
(0.3443)
(-0.0585)
G3(0.0128)
(-0.1942)
(-0.4534)
G4(-0.1399)
(-0.1676)
(-0.3986)
A1(-3.7027)
(8.7754)
(-0.0862)
A2(0.2394)
(9.0501)
(0.8571)
A3(-1.3647)
(8.5234)
(-3.7445)
A4(-0.7805)
(9.0932)
(-4.2713)
G1(0.1751)
(-0.3560)
(-0.3895)
G2(-0.4645)
(-0.9057)
(-0.4214)
G3(-0.1352)
(-0.4289)
(-0.3906)
G4(-0.1719)
(-0.2102)
(-0.2629)
