A1(-9.7046)
(15.1940)
(7.3144)
A2(0.0862)
(6.4691)
(2.6001)
A3(-4.6878)
(13.2830)
(2.6001)
A4(1.8292)
(8.9783)
(-8.2983)
G1(-3.7759)
(1.6080)
(-0.8067)
G2(-1.5298)
(-0.6657)
(0.3555)
G3(0.8152)
(0.7418)
(-0.0819)
G4(0.2804)
(0.8210)
(-0.4805)
A1(-8.9143)
(10.7680)
(8.9382)
A2(-1.9776)
(8.4180)
(0.6273)
A3(-8.6862)
(16.5200)
(-1.7813)
A4(-4.1372)
(7.1012)
(-8.9064)
G1(-3.0953)
(2.7553)
(-0.4720)
G2(-1.6905)
(0.8689)
(0.6572)
G3(1.4745)
(0.1272)
(-0.0527)
G4(-0.1942)
(1.1446)
(-0.5396)
A1(-8.4209)
(9.7669)
(0.2156)
A2(1.3408)
(13.1729)
(-2.0399)
A3(-8.6239)
(20.1688)
(-14.1737)
A4(-0.6081)
(7.4651)
(-7.3263)
G1(-1.0669)
(2.7255)
(-2.5744)
G2(-0.6396)
(1.9348)
(1.3601)
G3(3.5050)
(-0.7881)
(-2.4738)
G4(-0.5763)
(0.7492)
(0.1772)
A1(-9.9585)
(8.6652)
(-2.2417)
A2(3.1125)
(8.8585)
(4.0941)
A3(-3.8259)
(-0.7757)
(-12.5791)
A4(-0.3926)
(8.5090)
(-6.7564)
G1(0.9152)
(3.2166)
(-2.4802)
G2(0.1586)
(-1.1547)
(1.6714)
G3(4.0441)
(-1.1882)
(-1.8092)
G4(-0.9509)
(1.5511)
(-0.1405)
A1(-10.6051)
(9.3023)
(2.2178)
A2(-1.3982)
(12.9047)
(8.6143)
A3(-7.8051)
(-7.4699)
(-9.0022)
A4(-1.5419)
(7.9966)
(-5.7413)
G1(4.7757)
(4.9135)
(-2.7585)
G2(-0.5715)
(0.2639)
(0.3060)
G3(5.7117)
(-3.6620)
(-6.7387)
G4(-1.3101)
(1.0669)
(-0.0660)
A1(-7.2377)
(10.7584)
(-4.1721)
A2(-2.5139)
(10.7260)
(4.4436)
A3(-3.7541)
(-11.9854)
(-2.4181)
A4(-2.3942)
(9.3757)
(0.5698)
G1(5.8181)
(4.5267)
(-2.5887)
G2(-0.2011)
(3.1884)
(0.0612)
G3(4.0659)
(-4.5921)
(-3.5960)
G4(-1.1462)
(0.9812)
(0.5231)
A1(5.4080)
(-7.6784)
(6.1983)
A2(3.3423)
(9.3470)
(7.5609)
A3(-11.9135)
(-6.3686)
(-10.4627)
A4(0.5219)
(10.9463)
(1.1875)
G1(3.8387)
(0.4725)
(-1.9880)
G2(1.4777)
(-0.1506)
(0.8253)
G3(0.6444)
(-0.2959)
(-4.5836)
G4(-0.4502)
(1.2505)
(0.3517)
A1(-3.4153)
(5.6475)
(11.9703)
A2(-2.2841)
(5.8658)
(4.3574)
A3(1.0439)
(6.5793)
(-9.4523)
A4(16.4003)
(8.3510)
(0.2873)
G1(-0.7088)
(-1.4713)
(0.9035)
G2(1.4282)
(0.2442)
(0.3954)
G3(-2.9011)
(1.2074)
(-3.1187)
G4(-0.2299)
(-0.3618)
(0.1027)
A1(-22.5994)
(6.1552)
(-6.1552)
A2(6.8187)
(6.1387)
(4.8123)
A3(8.6766)
(33.5092)
(17.6932)
A4(3.6631)
(12.1578)
(-0.5411)
G1(-1.7022)
(-1.0137)
(0.3177)
G2(0.8604)
(-0.4012)
(0.1341)
G3(-0.1761)
(-0.4975)
(2.2716)
G4(0.0585)
(-0.2097)
(-0.1708)
A1(-5.7337)
(0.6562)
(0.3688)
A2(-0.5986)
(13.8720)
(10.4196)
A3(-13.7906)
(11.1043)
(-1.6472)
A4(-1.5945)
(9.4667)
(-2.5666)
G1(-2.0694)
(1.2882)
(0.5124)
G2(-0.7434)
(-1.0153)
(-0.4688)
G3(-0.3757)
(-2.0853)
(2.1673)
G4(0.4209)
(0.6816)
(-0.4730)
A1(-6.2893)
(2.0645)
(-1.0921)
A2(2.4086)
(15.1840)
(3.8834)
A3(-4.7788)
(-0.6800)
(-4.6639)
A4(-0.8523)
(10.2089)
(-2.5426)
G1(-1.6719)
(-2.5451)
(1.5437)
G2(0.1261)
(0.2900)
(0.5880)
G3(0.3602)
(-0.9594)
(-0.0846)
G4(0.1543)
(-0.3395)
(-0.2943)
A1(-7.1659)
(4.3158)
(1.3125)
A2(2.8443)
(6.5218)
(3.1029)
A3(-3.7158)
(-4.6974)
(-1.5850)
A4(2.6001)
(9.5672)
(-1.8435)
G1(-1.5202)
(-2.3743)
(2.3557)
G2(-0.1703)
(0.7790)
(-0.4592)
G3(0.0128)
(-0.9136)
(1.6458)
G4(0.2416)
(0.2692)
(-0.3182)
A1(-13.1966)
(4.2440)
(-2.0885)
A2(4.9799)
(10.4914)
(2.7773)
A3(-2.9209)
(-0.3926)
(-4.5969)
A4(1.9154)
(9.5768)
(-2.0973)
G1(-0.7109)
(-2.1710)
(2.4328)
G2(0.1054)
(-0.8594)
(-0.6768)
G3(0.3916)
(0.3693)
(2.4935)
G4(0.2661)
(-0.1197)
(-0.1900)
A1(-9.5465)
(4.2631)
(0.6898)
A2(-1.6903)
(9.4667)
(2.6719)
A3(-10.4675)
(-2.3272)
(-5.8371)
A4(-0.3591)
(9.7492)
(-2.9832)
G1(-0.6540)
(0.2405)
(2.2274)
G2(0.4901)
(-0.4800)
(-0.5396)
G3(-0.8487)
(0.6859)
(3.1842)
G4(0.2581)
(-0.1016)
(-0.1777)
A1(-6.6965)
(6.0929)
(2.3806)
A2(3.1364)
(9.4906)
(1.7669)
A3(-8.6718)
(-0.2873)
(-5.9951)
A4(1.1013)
(9.2656)
(-3.3519)
G1(-0.0362)
(-1.6740)
(1.7358)
G2(0.2320)
(-0.4901)
(-0.2086)
G3(-1.6565)
(2.3370)
(2.8367)
G4(0.1160)
(-0.0420)
(-0.3060)
A1(-6.6869)
(8.1000)
(2.4381)
A2(0.2442)
(9.4236)
(2.2505)
A3(-9.0166)
(2.0111)
(-7.1539)
A4(0.6991)
(9.5816)
(-2.8347)
G1(0.5438)
(-1.7033)
(1.7576)
G2(0.1639)
(-0.4954)
(-0.2873)
G3(-1.2366)
(2.1928)
(1.9023)
G4(0.0788)
(-0.3783)
(-0.0889)
A1(-8.1431)
(6.2989)
(0.8239)
A2(0.3352)
(9.3805)
(1.7238)
A3(-6.0573)
(2.3032)
(-6.8426)
A4(1.2354)
(9.0022)
(-3.9648)
G1(0.8716)
(-0.5529)
(1.6261)
G2(0.3209)
(0.1261)
(-0.4236)
G3(-1.4160)
(1.7969)
(1.9305)
G4(-0.0873)
(-0.9429)
(-0.0915)
A1(-6.1504)
(7.3192)
(2.9555)
A2(0.6369)
(10.0269)
(1.2546)
A3(-8.2744)
(4.4915)
(-7.2736)
A4(0.1724)
(9.7348)
(-2.9832)
G1(0.5672)
(0.2756)
(1.6224)
G2(0.5901)
(-0.0899)
(-0.2863)
G3(-1.0855)
(2.0853)
(1.4101)
G4(-0.0447)
(-1.2010)
(0.0431)
A1(-6.1983)
(10.0543)
(3.2860)
A2(1.7238)
(9.0070)
(0.7422)
A3(-4.4484)
(6.3159)
(-8.4611)
A4(-1.6233)
(9.9934)
(-2.8970)
G1(0.6795)
(-0.9142)
(1.3196)
G2(0.2788)
(-0.5002)
(-0.2868)
G3(-1.3739)
(1.1164)
(1.3404)
G4(0.0223)
(-0.7455)
(0.0889)
A1(-6.1887)
(9.6376)
(1.8442)
A2(0.6800)
(9.7061)
(0.4214)
A3(-5.6934)
(7.6567)
(-7.9392)
A4(-0.0096)
(9.1123)
(-3.6200)
G1(1.2196)
(-1.1355)
(0.9754)
G2(0.4092)
(-0.9339)
(-0.1474)
G3(-2.3195)
(0.9402)
(1.3691)
G4(0.1208)
(-0.5784)
(0.0223)
