A1(3.7267)
(9.9633)
(-1.8011)
A2(1.2594)
(9.3278)
(-0.2682)
A3(0.4262)
(9.9168)
(-0.0766)
A4(9.0980)
(10.8026)
(3.4907)
G1(-1.7081)
(-1.1632)
(-0.0649)
G2(-0.0740)
(0.6274)
(0.0117)
G3(0.7928)
(0.2075)
(0.0378)
G4(0.6550)
(-0.1793)
(-0.6008)
A1(-1.1257)
(9.9537)
(-0.9724)
A2(5.0901)
(9.0214)
(-0.4501)
A3(1.8914)
(7.3167)
(-6.8283)
A4(11.8800)
(20.0107)
(-6.8331)
G1(-1.0759)
(-1.8826)
(-0.2506)
G2(0.8849)
(-0.2043)
(0.4725)
G3(0.4464)
(-0.0266)
(0.1022)
G4(1.4644)
(0.9312)
(-0.2432)
A1(2.3759)
(11.4099)
(4.1482)
A2(7.5513)
(10.6446)
(6.9959)
A3(0.1101)
(8.5665)
(-4.3239)
A4(-0.6847)
(13.1921)
(-16.5966)
G1(0.0968)
(-3.0474)
(-0.3203)
G2(-3.5561)
(-1.9289)
(0.1032)
G3(0.0841)
(-0.3821)
(-0.0005)
G4(3.8876)
(-0.4438)
(3.3991)
A1(-4.4499)
(11.7500)
(2.1364)
A2(-3.2465)
(13.1059)
(8.3414)
A3(4.0845)
(9.2416)
(-4.4484)
A4(4.3574)
(-3.4477)
(-8.4515)
G1(-0.3054)
(-2.9202)
(-1.0461)
G2(-4.4224)
(-4.0515)
(2.8138)
G3(-0.1266)
(-0.3033)
(-0.2017)
G4(3.5875)
(3.1134)
(4.9157)
A1(-0.3353)
(3.8129)
(5.4367)
A2(12.3589)
(7.3646)
(1.8435)
A3(3.6871)
(7.0581)
(-5.5545)
A4(0.9816)
(-7.6758)
(-2.0399)
G1(0.2740)
(0.0532)
(0.1181)
G2(-3.0815)
(-1.5160)
(2.0258)
G3(-1.0483)
(-2.0082)
(0.1687)
G4(1.5144)
(4.3761)
(4.1813)
A1(2.1124)
(8.3490)
(4.7182)
A2(10.5824)
(3.7493)
(5.0661)
A3(1.0439)
(9.0405)
(-0.9720)
A4(6.7421)
(-9.5816)
(-0.2777)
G1(0.3959)
(-0.1224)
(0.2187)
G2(-2.2040)
(-3.6934)
(2.0039)
G3(-1.1047)
(-1.4644)
(-0.3294)
G4(0.7636)
(2.0364)
(3.7753)
A1(-4.1242)
(6.5240)
(3.7171)
A2(3.6057)
(2.4804)
(-0.3831)
A3(-1.4078)
(9.1889)
(-2.0734)
A4(-3.9648)
(-2.3655)
(-5.8083)
G1(0.4454)
(0.5332)
(-0.1538)
G2(1.5032)
(-3.7519)
(1.8512)
G3(-0.6635)
(-1.7491)
(-0.2299)
G4(-2.3445)
(-0.7923)
(1.0972)
A1(3.9949)
(10.0735)
(4.0428)
A2(6.7756)
(0.7278)
(-0.2921)
A3(-6.8043)
(9.3757)
(1.6807)
A4(18.2103)
(-38.3838)
(-10.3573)
G1(-0.0452)
(-0.2517)
(-0.2634)
G2(4.0781)
(-1.5245)
(0.8120)
G3(-0.1554)
(0.3246)
(-0.5986)
G4(0.0867)
(0.3129)
(1.6911)
A1(-2.5723)
(10.7632)
(3.5877)
A2(19.9916)
(5.0087)
(8.2456)
A3(3.7014)
(9.7779)
(0.4022)
A4(15.4905)
(-2.9975)
(-1.5227)
G1(0.4262)
(0.8955)
(0.2496)
G2(0.1506)
(-6.2832)
(1.1238)
G3(-0.1192)
(-0.6188)
(0.5151)
G4(-0.8280)
(1.7405)
(-1.9928)
A1(-2.1603)
(9.8483)
(2.2417)
A2(31.0719)
(3.0837)
(-17.2335)
A3(0.2777)
(8.8394)
(-3.4668)
A4(9.7396)
(7.8051)
(-3.6775)
G1(0.2309)
(0.9903)
(-0.1671)
G2(1.1111)
(0.9211)
(0.1426)
G3(0.0367)
(1.0041)
(0.0527)
G4(1.1520)
(3.4933)
(-3.7125)
A1(2.1459)
(9.1346)
(1.4131)
A2(1.1779)
(-4.0701)
(-1.7430)
A3(-2.3176)
(10.4531)
(-0.2825)
A4(10.5441)
(-0.5794)
(-4.2760)
G1(-0.1352)
(-0.4055)
(0.0128)
G2(-1.1776)
(3.0155)
(-0.7971)
G3(0.2214)
(0.7960)
(0.0559)
G4(0.7178)
(0.0761)
(-1.6155)
A1(-0.7137)
(9.8100)
(2.2513)
A2(14.9781)
(-0.0814)
(-3.9935)
A3(2.6001)
(9.9647)
(-3.8499)
A4(9.8306)
(-3.0646)
(-4.9560)
G1(0.4177)
(-0.8413)
(0.0452)
G2(-0.4629)
(-0.5917)
(-0.4970)
G3(0.3528)
(-0.5396)
(0.2756)
G4(1.3776)
(-0.1958)
(0.0117)
A1(-2.5244)
(9.1681)
(3.4009)
A2(11.1474)
(-2.0686)
(3.3998)
A3(1.6376)
(9.4906)
(-1.9106)
A4(5.3726)
(-2.5522)
(-3.7924)
G1(0.4672)
(0.2128)
(0.0846)
G2(-0.8716)
(1.7091)
(-0.2602)
G3(-0.0500)
(-0.8099)
(0.1708)
G4(0.3783)
(-0.9706)
(-0.9184)
A1(-1.2119)
(9.5465)
(1.0251)
A2(9.3901)
(1.3024)
(0.0144)
A3(-0.6369)
(9.4523)
(-1.7190)
A4(1.8004)
(-1.7238)
(-4.1037)
G1(0.6965)
(0.1820)
(0.0059)
G2(-0.0239)
(-0.7327)
(0.0319)
G3(0.0335)
(0.4560)
(-0.0250)
G4(-0.8200)
(-1.3776)
(-1.8544)
A1(-1.1927)
(8.4544)
(0.5413)
A2(5.4827)
(2.0159)
(3.0550)
A3(0.3735)
(9.4427)
(-1.4988)
A4(1.1349)
(1.7669)
(-7.5609)
G1(0.5481)
(1.3973)
(0.2645)
G2(0.1006)
(1.6362)
(-0.7891)
G3(-0.0043)
(1.3564)
(-0.2224)
G4(-2.4674)
(-2.1471)
(-1.9247)
A1(-1.4466)
(9.7956)
(0.8430)
A2(8.9639)
(2.0399)
(0.4980)
A3(-0.0431)
(9.3278)
(-0.9912)
A4(0.9577)
(2.8491)
(-8.7532)
G1(-0.0266)
(1.4777)
(-0.1559)
G2(0.6997)
(1.7443)
(-1.4904)
G3(-0.0442)
(2.6483)
(-0.5310)
G4(-2.6233)
(-1.8512)
(-2.1077)
A1(1.1448)
(11.6877)
(-0.0719)
A2(5.8323)
(4.8076)
(3.4333)
A3(0.6895)
(9.6486)
(-0.5794)
A4(12.3732)
(8.1259)
(-11.8609)
G1(-0.2405)
(-0.6619)
(0.2661)
G2(1.2425)
(1.4197)
(-2.9170)
G3(0.4294)
(1.5123)
(-0.1086)
G4(-2.8803)
(-1.8395)
(0.1107)
A1(-0.1485)
(9.4939)
(-2.8022)
A2(8.8107)
(8.4036)
(3.6583)
A3(2.2122)
(8.7915)
(-4.8554)
A4(5.5737)
(10.6590)
(-6.0908)
G1(0.3421)
(-0.2091)
(-0.2591)
G2(1.4963)
(0.9892)
(-3.5210)
G3(0.2347)
(0.2033)
(0.0553)
G4(-1.6027)
(-1.3681)
(-0.8402)
A1(-1.1113)
(9.8244)
(0.1629)
A2(6.7421)
(6.8570)
(4.1611)
A3(2.1308)
(8.8011)
(-2.7821)
A4(5.2241)
(8.7867)
(-4.2713)
G1(0.1697)
(0.5843)
(0.1825)
G2(1.3877)
(-2.3769)
(-1.9603)
G3(-0.1666)
(0.1905)
(-0.0458)
G4(-0.8753)
(0.9802)
(-0.8200)
A1(0.1102)
(9.6280)
(-0.1868)
A2(3.8116)
(6.4931)
(3.9600)
A3(3.2322)
(9.2560)
(-2.0734)
A4(5.2625)
(6.6894)
(-5.8466)
G1(0.5422)
(1.2483)
(-0.1224)
G2(0.9945)
(2.5446)
(-1.2313)
G3(-0.0447)
(0.7987)
(-0.1761)
G4(-0.4305)
(0.0484)
(-0.0819)
