A1(1.3316)
(9.4316)
(-1.3843)
A2(1.0822)
(9.4523)
(0.3208)
A3(0.4932)
(9.7300)
(-0.9290)
A4(2.7629)
(9.3948)
(-3.5291)
G1(-0.7444)
(0.2820)
(0.1501)
G2(-0.0293)
(0.3272)
(0.0271)
G3(0.4443)
(-0.0921)
(0.0979)
G4(-0.0415)
(-0.1873)
(0.0697)
A1(1.5041)
(8.5071)
(-0.9915)
A2(2.6624)
(9.3565)
(0.3448)
A3(1.1109)
(8.4994)
(-4.1276)
A4(8.9926)
(16.4434)
(-3.4046)
G1(-1.0397)
(-1.3963)
(-0.2128)
G2(-0.0229)
(-0.3139)
(0.1288)
G3(0.3076)
(-0.2517)
(0.1634)
G4(1.5288)
(0.0479)
(-0.5385)
A1(1.5903)
(9.8387)
(4.5745)
A2(1.6472)
(6.7995)
(4.2713)
A3(3.5147)
(8.0062)
(-5.0182)
A4(4.5107)
(12.3301)
(-8.0732)
G1(-0.5582)
(-2.0651)
(-0.5944)
G2(-2.4004)
(-1.6676)
(-0.2363)
G3(0.3597)
(-0.6476)
(0.2230)
G4(0.3400)
(0.9541)
(0.6199)
A1(1.6238)
(12.3056)
(2.2322)
A2(2.9401)
(11.1235)
(6.2632)
A3(1.7526)
(9.3565)
(-3.6823)
A4(4.6783)
(-2.1356)
(-8.9352)
G1(-0.4448)
(-2.0508)
(-1.8363)
G2(-3.2448)
(-3.2342)
(1.9566)
G3(-0.0293)
(-0.5257)
(-0.2623)
G4(4.6757)
(3.0325)
(4.2702)
A1(4.7278)
(8.6460)
(6.0977)
A2(11.3102)
(3.5338)
(6.3829)
A3(2.2027)
(6.9097)
(-2.8252)
A4(0.9864)
(-7.9631)
(2.0159)
G1(0.3246)
(-0.3017)
(0.0580)
G2(-2.4051)
(-3.4460)
(2.1742)
G3(-1.1542)
(-2.9378)
(0.1963)
G4(0.9700)
(3.5918)
(4.2330)
A1(-5.9923)
(6.4282)
(4.1194)
A2(2.2122)
(3.1316)
(0.7661)
A3(2.3224)
(9.4954)
(0.0479)
A4(3.6009)
(-8.5377)
(-12.1817)
G1(0.2368)
(0.0654)
(-0.0559)
G2(1.7427)
(-4.9002)
(1.6054)
G3(-0.5763)
(-2.2844)
(-0.1543)
G4(-2.0928)
(-1.9811)
(1.3729)
A1(0.0431)
(6.6103)
(5.2738)
A2(3.0933)
(0.9290)
(-5.1427)
A3(-9.1698)
(7.5561)
(-4.4676)
A4(0.9960)
(-5.5162)
(-6.0669)
G1(-0.0564)
(-0.4236)
(-0.2788)
G2(4.3234)
(0.7673)
(-0.7178)
G3(0.1570)
(0.6917)
(-0.4874)
G4(-0.2240)
(-2.7377)
(-0.1990)
A1(-3.3482)
(8.0329)
(2.6441)
A2(3.3136)
(1.8196)
(-3.8595)
A3(-2.8587)
(9.2177)
(-3.1077)
A4(4.8219)
(-1.9249)
(-5.0518)
G1(0.4826)
(-0.1027)
(0.2405)
G2(-3.3544)
(10.1032)
(-1.9002)
G3(0.4773)
(1.2185)
(-0.2166)
G4(-0.6896)
(-0.5529)
(0.3719)
A1(0.1245)
(9.5130)
(1.8298)
A2(6.3207)
(4.9464)
(7.9296)
A3(-4.8985)
(10.2520)
(-1.9441)
A4(6.0334)
(-2.9592)
(-3.7924)
G1(0.4017)
(0.4236)
(0.0883)
G2(0.3613)
(-3.5715)
(0.6178)
G3(0.0766)
(0.6524)
(0.0117)
G4(-1.1270)
(1.1462)
(-1.1696)
A1(0.1964)
(8.5885)
(2.1076)
A2(10.2951)
(0.9385)
(0.1580)
A3(-1.1732)
(9.6869)
(-2.0159)
A4(5.5641)
(-5.7557)
(-6.0765)
G1(0.2203)
(0.9025)
(0.3565)
G2(-0.8998)
(-0.6641)
(-0.4103)
G3(-0.0676)
(0.8663)
(0.0378)
G4(-0.3704)
(-3.3342)
(-1.5979)
A1(-2.6106)
(8.7610)
(0.3880)
A2(11.5017)
(3.5099)
(0.8428)
A3(1.2546)
(9.1219)
(-2.1356)
A4(6.9049)
(-3.6919)
(-8.0541)
G1(0.1926)
(-0.0208)
(0.2107)
G2(-1.6341)
(2.1790)
(-1.5969)
G3(0.3916)
(2.2333)
(-0.2698)
G4(-2.9734)
(-2.8026)
(-3.0235)
A1(0.0192)
(9.5944)
(-1.5616)
A2(10.7356)
(5.7700)
(0.0718)
A3(0.7326)
(8.1594)
(-4.3670)
A4(4.5394)
(2.1931)
(-11.7938)
G1(0.4417)
(1.9262)
(-0.1506)
G2(0.5241)
(1.8629)
(-2.4483)
G3(0.2054)
(1.5069)
(-0.1240)
G4(-2.8308)
(-0.2570)
(-1.5484)
A1(-0.2970)
(9.7908)
(0.1533)
A2(4.9081)
(9.1650)
(4.7357)
A3(3.3806)
(8.9830)
(-4.0175)
A4(5.7126)
(11.6071)
(-6.1196)
G1(0.4182)
(0.9152)
(-0.0202)
G2(1.3000)
(2.1141)
(-2.1747)
G3(0.0995)
(1.0525)
(-0.1676)
G4(-2.2333)
(-0.7726)
(-0.4055)
A1(-1.8490)
(9.1777)
(0.8814)
A2(4.1803)
(8.0828)
(3.9313)
A3(2.4660)
(7.9871)
(-4.0175)
A4(9.2273)
(11.2575)
(-4.9560)
G1(0.4736)
(0.2246)
(-0.3666)
G2(1.9693)
(0.3890)
(-1.5463)
G3(0.0367)
(0.5630)
(-0.1495)
G4(-0.2293)
(1.6900)
(-0.6726)
A1(-2.1507)
(6.9408)
(-2.3806)
A2(3.7158)
(9.3613)
(1.6712)
A3(1.4222)
(9.5002)
(-2.4038)
A4(6.3303)
(8.0445)
(0.0048)
G1(0.0192)
(0.0186)
(-0.2554)
G2(0.8253)
(1.8810)
(-0.7317)
G3(-0.1293)
(0.0404)
(-0.1969)
G4(-0.5449)
(-0.0537)
(-0.3076)
A1(-0.6467)
(9.4220)
(-0.3066)
A2(4.9752)
(11.0229)
(-0.9625)
A3(-0.0144)
(9.2416)
(-2.6671)
A4(0.6895)
(9.2799)
(-4.0127)
G1(0.2788)
(-0.2831)
(0.0005)
G2(1.4154)
(0.9642)
(0.1235)
G3(0.0591)
(-0.2288)
(-0.2203)
G4(-0.1219)
(-0.0213)
(-0.2714)
A1(-0.7089)
(11.0363)
(0.1820)
A2(0.9146)
(8.5617)
(1.1971)
A3(0.3831)
(9.1219)
(-3.7589)
A4(2.4660)
(9.3039)
(-3.0311)
G1(-0.0447)
(0.3033)
(-0.1266)
G2(-0.5289)
(0.0037)
(-0.0596)
G3(-0.0921)
(-0.0261)
(-0.1788)
G4(-0.2565)
(-0.2506)
(-0.0894)
A1(-1.2598)
(9.3645)
(-0.5173)
A2(1.6759)
(8.6191)
(0.2059)
A3(0.7709)
(9.0261)
(-3.4620)
A4(1.6281)
(9.2751)
(-3.7158)
G1(-0.0681)
(-0.0394)
(-0.0271)
G2(0.2453)
(0.0766)
(0.0074)
G3(-0.1676)
(0.1596)
(-0.1527)
G4(-0.0862)
(0.0154)
(-0.0585)
A1(0.2156)
(9.7813)
(0.0910)
A2(0.9050)
(9.4284)
(-0.5938)
A3(0.1484)
(9.3565)
(-2.6001)
A4(1.1109)
(9.3948)
(-3.3519)
G1(-0.1346)
(0.1548)
(0.0234)
G2(-0.2512)
(-0.0096)
(-0.1501)
G3(-0.1011)
(0.1447)
(-0.1112)
G4(-0.0862)
(0.0894)
(-0.0431)
A1(-1.0778)
(9.8148)
(0.9245)
A2(0.9577)
(9.4236)
(-0.1149)
A3(0.4597)
(9.1842)
(-2.9832)
A4(1.2833)
(9.3661)
(-3.1268)
G1(0.3384)
(0.3145)
(-0.0144)
G2(-0.0468)
(-0.0245)
(-0.0474)
G3(-0.0059)
(0.1256)
(-0.0591)
G4(-0.0192)
(0.1144)
(-0.0319)
