A1(3.0034)
(10.5093)
(-1.6286)
A2(2.5379)
(9.0980)
(-0.8859)
A3(1.8579)
(9.1315)
(-2.3846)
A4(2.7821)
(12.3014)
(-3.9744)
G1(-0.4523)
(0.6385)
(0.0803)
G2(0.5757)
(0.2288)
(0.1846)
G3(0.1224)
(0.2198)
(-0.0181)
G4(0.5449)
(0.4794)
(-0.3182)
A1(-0.4982)
(9.9106)
(-1.5376)
A2(2.6624)
(8.7724)
(0.6991)
A3(2.0686)
(9.2129)
(-1.8818)
A4(8.0062)
(18.7370)
(-1.8579)
G1(-1.4122)
(-0.2405)
(-0.4363)
G2(-0.9051)
(0.3767)
(0.0548)
G3(0.0697)
(0.2017)
(-0.0889)
G4(1.3159)
(0.8471)
(-0.1378)
A1(-0.5317)
(12.1427)
(-1.2263)
A2(5.7557)
(10.4100)
(2.0590)
A3(3.2561)
(8.6526)
(-3.4141)
A4(-0.8188)
(17.9565)
(-5.9328)
G1(0.5215)
(-2.5446)
(-0.4103)
G2(-1.3893)
(0.1681)
(0.2304)
G3(0.0021)
(-0.6566)
(-0.0303)
G4(1.8102)
(0.4746)
(2.0422)
A1(0.2922)
(12.7128)
(2.4573)
A2(7.0102)
(4.3335)
(9.7252)
A3(5.5498)
(9.4044)
(-1.7621)
A4(4.3191)
(3.2178)
(-11.3772)
G1(0.6747)
(-2.6941)
(-0.4778)
G2(-5.1264)
(-2.7255)
(1.5836)
G3(-0.6417)
(-1.8129)
(0.1437)
G4(2.8367)
(2.2844)
(5.0386)
A1(1.8250)
(7.9706)
(5.0727)
A2(13.7762)
(11.3485)
(5.7940)
A3(2.4134)
(8.3127)
(-1.4365)
A4(1.5754)
(-8.0302)
(-5.8610)
G1(-0.1676)
(0.0154)
(-0.1293)
G2(-4.0462)
(-2.1811)
(1.6442)
G3(-0.9206)
(-1.6288)
(-0.1362)
G4(2.6095)
(4.4139)
(5.5638)
A1(2.3136)
(11.6925)
(3.4345)
A2(7.9248)
(4.8028)
(4.5107)
A3(-0.2298)
(10.1610)
(1.7047)
A4(4.9081)
(-8.3701)
(-0.7757)
G1(-0.9328)
(-0.7822)
(0.1203)
G2(-3.3257)
(-4.7161)
(1.7741)
G3(-0.6843)
(-0.9402)
(-0.2943)
G4(0.6061)
(3.7519)
(3.9946)
A1(0.6706)
(9.8004)
(3.9039)
A2(3.9409)
(5.8658)
(-0.3400)
A3(1.8148)
(10.2328)
(-0.4214)
A4(-1.0391)
(-9.7205)
(-7.8290)
G1(0.2272)
(-1.0626)
(-0.3491)
G2(0.5156)
(-2.3668)
(2.5653)
G3(0.0984)
(-1.7416)
(-0.0234)
G4(-0.3134)
(-0.7774)
(1.6464)
A1(-4.5793)
(11.9559)
(5.8438)
A2(9.1506)
(2.4038)
(0.9433)
A3(2.0016)
(9.0453)
(-0.6033)
A4(6.1579)
(14.0588)
(-20.8583)
G1(-0.1203)
(0.3842)
(-0.8008)
G2(3.0916)
(-5.2903)
(1.4809)
G3(-0.4917)
(-2.2088)
(-0.1160)
G4(2.4892)
(5.5898)
(-4.9455)
A1(0.0910)
(8.2389)
(4.4308)
A2(-0.8475)
(1.7382)
(1.4557)
A3(-12.2870)
(10.1035)
(-3.2992)
A4(1.5323)
(-18.7466)
(-9.0405)
G1(0.0213)
(-1.0190)
(-0.1729)
G2(4.7198)
(-1.4777)
(-0.1905)
G3(0.0777)
(0.5688)
(-0.4347)
G4(1.0084)
(-4.0850)
(1.1600)
A1(-3.6452)
(9.6663)
(-0.3736)
A2(9.1075)
(5.0518)
(8.1451)
A3(3.9073)
(9.6343)
(-0.5028)
A4(0.0048)
(1.1684)
(-2.4134)
G1(0.3948)
(1.8129)
(0.3767)
G2(-2.6861)
(-3.1485)
(-1.3436)
G3(0.0617)
(-1.1760)
(0.6359)
G4(-1.1579)
(-0.7508)
(-1.4867)
A1(-0.2539)
(10.1022)
(1.8777)
A2(9.7875)
(-3.2513)
(3.7302)
A3(-0.7470)
(8.3749)
(-5.0949)
A4(6.1675)
(-2.1021)
(-8.0780)
G1(0.2985)
(-0.0803)
(0.0766)
G2(-2.3849)
(-8.4377)
(0.2661)
G3(0.2639)
(1.0493)
(-0.1123)
G4(-0.0218)
(-2.4892)
(-3.4140)
A1(-1.3173)
(9.3549)
(0.7281)
A2(13.4123)
(2.5235)
(1.2402)
A3(2.3798)
(9.3996)
(-1.9680)
A4(6.5170)
(-2.9736)
(-8.1259)
G1(0.3560)
(-0.1612)
(0.1458)
G2(-2.0859)
(5.9405)
(-2.8143)
G3(0.1612)
(0.4347)
(0.1048)
G4(-1.5383)
(-3.0432)
(-3.8541)
A1(-0.3161)
(9.8340)
(1.0682)
A2(13.4315)
(6.0717)
(-1.2546)
A3(1.3024)
(8.9447)
(-2.5666)
A4(4.0989)
(1.2163)
(-7.9009)
G1(0.6545)
(0.0575)
(0.0372)
G2(-1.5713)
(1.3484)
(-2.5568)
G3(0.2070)
(-0.0192)
(0.1761)
G4(-1.8938)
(-2.2402)
(-3.2475)
A1(0.0671)
(9.2448)
(-1.0251)
A2(7.9248)
(6.0525)
(1.4269)
A3(1.5993)
(9.3805)
(-2.3128)
A4(8.3606)
(5.7317)
(-10.4435)
G1(0.3326)
(0.7210)
(-0.0697)
G2(0.1117)
(0.5662)
(-2.0992)
G3(0.1421)
(0.2613)
(0.0027)
G4(-1.7443)
(-1.6059)
(-0.8003)
A1(0.1677)
(9.1250)
(-0.7951)
A2(6.6128)
(7.8961)
(3.3806)
A3(1.0918)
(8.7005)
(-3.7110)
A4(5.2194)
(8.6718)
(-7.9966)
G1(0.5486)
(0.3437)
(-0.4001)
G2(1.1302)
(1.8140)
(-2.6600)
G3(0.0277)
(0.7003)
(-0.0357)
G4(-1.3180)
(-0.9716)
(-0.5507)
A1(-3.0896)
(10.1022)
(-1.5663)
A2(10.5584)
(6.8522)
(1.2354)
A3(1.3647)
(9.3422)
(-2.8539)
A4(2.5618)
(9.3613)
(-6.7086)
G1(0.1495)
(1.2595)
(0.0202)
G2(1.0791)
(-0.3682)
(-2.2296)
G3(0.0117)
(0.9903)
(-0.0543)
G4(-1.4106)
(-0.6087)
(-0.3501)
A1(-0.1964)
(9.7381)
(-0.2395)
A2(4.4819)
(9.5146)
(1.1779)
A3(2.4181)
(9.3422)
(-2.0830)
A4(3.5195)
(9.6869)
(-2.7916)
G1(-0.0223)
(1.0818)
(-0.0053)
G2(1.2446)
(0.7716)
(-1.5224)
G3(0.0713)
(0.8578)
(-0.1293)
G4(-1.6836)
(-0.6439)
(-0.0803)
A1(0.2826)
(9.1202)
(-0.7712)
A2(5.4731)
(8.9016)
(0.9385)
A3(3.2274)
(9.3613)
(-2.2314)
A4(3.2609)
(8.1642)
(-2.4900)
G1(0.0825)
(0.7689)
(-0.3842)
G2(1.3739)
(1.4649)
(-0.7982)
G3(0.0649)
(0.6204)
(-0.2400)
G4(-0.5880)
(0.0745)
(-0.0090)
A1(-0.1389)
(9.9154)
(0.2203)
A2(4.2042)
(8.9399)
(1.2977)
A3(1.1349)
(9.3230)
(-2.6528)
A4(0.8188)
(9.4571)
(-4.5586)
G1(0.7886)
(0.9355)
(-0.4730)
G2(1.0105)
(0.3022)
(-0.6486)
G3(0.0266)
(0.1458)
(-0.2049)
G4(-0.2501)
(0.0213)
(-0.0442)
A1(-1.0155)
(7.7599)
(-3.0513)
A2(3.0550)
(8.6574)
(-0.1149)
A3(2.1739)
(9.3374)
(-2.2314)
A4(1.0870)
(9.1363)
(-4.5394)
G1(1.0499)
(0.7407)
(-0.1128)
G2(0.4518)
(1.4096)
(-0.3677)
G3(0.0160)
(0.2613)
(-0.2943)
G4(-0.4736)
(0.2762)
(-0.4001)
