A1(-11.2087)
(13.1343)
(9.7046)
A2(1.5083)
(8.7053)
(1.5179)
A3(-2.0925)
(12.4307)
(1.9106)
A4(0.4693)
(8.3510)
(-7.9966)
G1(-3.7046)
(0.5406)
(-0.1681)
G2(-0.6125)
(0.2405)
(0.1559)
G3(0.8216)
(0.4778)
(-0.0064)
G4(0.2405)
(1.0068)
(-0.4523)
A1(-8.3251)
(14.9306)
(5.8247)
A2(-0.1628)
(7.5896)
(0.0670)
A3(-7.1682)
(16.7259)
(-1.9872)
A4(0.5986)
(9.1889)
(-4.6160)
G1(-3.2938)
(2.9250)
(-0.7790)
G2(-0.8594)
(0.7976)
(0.4220)
G3(1.3744)
(-0.0404)
(0.2943)
G4(0.1171)
(0.4842)
(-0.2975)
A1(-7.8892)
(10.9500)
(5.6762)
A2(1.1444)
(11.0325)
(0.2634)
A3(-2.2936)
(13.4841)
(-9.6343)
A4(-1.3455)
(8.8250)
(-6.5745)
G1(-1.5272)
(2.3434)
(-2.5887)
G2(-0.7152)
(2.2769)
(0.9216)
G3(2.1024)
(1.3697)
(-1.8406)
G4(-0.6300)
(-0.2927)
(0.4289)
A1(-11.8410)
(7.7886)
(0.5988)
A2(0.7757)
(8.2456)
(0.5842)
A3(-0.3496)
(7.3358)
(-15.0356)
A4(0.2538)
(8.2744)
(-8.0062)
G1(-0.2341)
(4.1015)
(-2.8234)
G2(-0.7396)
(0.0857)
(0.9913)
G3(3.8530)
(-0.3858)
(-1.5857)
G4(-0.6055)
(0.9855)
(0.0931)
A1(-6.9599)
(10.7393)
(2.9746)
A2(-1.5227)
(9.6534)
(6.3734)
A3(-4.8937)
(-8.9016)
(-9.7013)
A4(-1.2689)
(11.9231)
(1.5036)
G1(3.6716)
(5.3876)
(-3.2821)
G2(-0.6902)
(2.5052)
(-0.0819)
G3(4.7310)
(-4.9710)
(-6.3933)
G4(-0.5688)
(1.5075)
(0.2400)
A1(1.8154)
(9.5226)
(5.8965)
A2(4.2473)
(10.5489)
(-1.0965)
A3(-3.8116)
(-11.4012)
(-4.8602)
A4(3.6823)
(10.5153)
(0.1676)
G1(5.9948)
(1.6102)
(-1.6996)
G2(0.0277)
(3.2853)
(0.4369)
G3(1.6831)
(-5.9453)
(-2.9043)
G4(-0.3874)
(1.8863)
(-0.0266)
A1(11.5440)
(-0.6371)
(22.3264)
A2(0.7614)
(5.0566)
(1.6664)
A3(-8.6814)
(-7.9152)
(-13.0628)
A4(13.1873)
(7.2161)
(-1.9489)
G1(-1.7634)
(-0.6582)
(2.6749)
G2(0.5502)
(0.7593)
(0.1958)
G3(-2.8580)
(1.8672)
(-5.6287)
G4(-0.8844)
(-0.8822)
(0.2671)
A1(-33.6740)
(8.9861)
(-12.7702)
A2(3.0885)
(6.0813)
(4.0797)
A3(8.0014)
(62.5605)
(20.8391)
A4(9.3757)
(11.9327)
(2.0399)
G1(-0.5667)
(-5.9107)
(-0.8269)
G2(0.5869)
(1.3633)
(0.5215)
G3(0.5380)
(0.4539)
(0.7561)
G4(-0.3416)
(-0.7008)
(0.1086)
A1(-1.0873)
(-2.4094)
(1.3795)
A2(14.5137)
(-0.0383)
(2.3559)
A3(-4.5729)
(-2.6815)
(-7.9918)
A4(2.3798)
(7.0725)
(-3.1173)
G1(-1.7017)
(-1.2063)
(0.6114)
G2(0.5502)
(0.2692)
(-1.2265)
G3(-0.4241)
(0.5098)
(0.9504)
G4(0.2112)
(-1.8432)
(0.0628)
A1(-9.0005)
(2.5435)
(0.5461)
A2(7.9631)
(17.1952)
(7.2688)
A3(-1.9249)
(2.8204)
(-3.9456)
A4(1.1349)
(9.6534)
(-4.4053)
G1(-1.0621)
(-4.8295)
(1.5878)
G2(0.1532)
(-1.3377)
(0.1607)
G3(-1.0259)
(-1.4165)
(1.4851)
G4(-0.0388)
(-2.3833)
(-0.0277)
A1(-9.3789)
(4.0907)
(-1.5999)
A2(7.4077)
(10.0796)
(2.9592)
A3(0.2251)
(-2.7054)
(-2.1069)
A4(2.9401)
(9.3422)
(-1.3408)
G1(-0.2261)
(-1.4314)
(2.6696)
G2(0.2022)
(-0.2001)
(-1.2388)
G3(-0.6439)
(1.1185)
(3.5657)
G4(0.3182)
(-0.3320)
(-0.0931)
A1(-9.4124)
(4.8427)
(1.5807)
A2(1.9537)
(12.4594)
(2.4373)
A3(-13.0005)
(0.0479)
(-5.3103)
A4(2.8587)
(8.7388)
(-3.1316)
G1(-0.2506)
(-0.0899)
(2.8122)
G2(0.0484)
(-2.4647)
(-0.6098)
G3(0.1836)
(0.6848)
(3.0479)
G4(0.2139)
(-1.1174)
(-0.1453)
A1(-9.0484)
(5.4271)
(2.1411)
A2(6.9671)
(9.4284)
(2.1117)
A3(-11.4970)
(-1.7526)
(-7.8769)
A4(-0.8332)
(8.7005)
(-5.4636)
G1(0.1548)
(0.8077)
(2.4195)
G2(0.4853)
(0.7466)
(-0.2432)
G3(-1.3308)
(2.3025)
(1.2866)
G4(-0.3326)
(-0.8950)
(-0.2123)
A1(-8.6891)
(5.7959)
(1.2837)
A2(5.0326)
(8.1068)
(0.8619)
A3(-7.8578)
(0.7949)
(-7.0773)
A4(0.7757)
(9.4332)
(-3.9983)
G1(0.4486)
(-0.9466)
(2.1731)
G2(-0.2677)
(-1.8235)
(-0.2559)
G3(-1.2994)
(2.5861)
(0.3288)
G4(-0.2549)
(0.1176)
(-0.3150)
A1(-8.4257)
(10.0591)
(0.6658)
A2(-3.3327)
(9.9982)
(1.5658)
A3(-8.7053)
(4.2617)
(-7.8961)
A4(0.9098)
(10.1466)
(-1.3982)
G1(0.9386)
(-1.3404)
(1.3643)
G2(0.5747)
(0.8498)
(-0.9237)
G3(-1.3782)
(2.1024)
(1.1706)
G4(-0.0495)
(-0.6375)
(0.0293)
A1(-8.6460)
(8.8233)
(1.0634)
A2(1.8627)
(9.6247)
(1.1109)
A3(-2.9113)
(4.4867)
(-8.8202)
A4(-0.2921)
(10.2041)
(-1.9393)
G1(1.3446)
(-1.4825)
(1.0557)
G2(0.9562)
(0.8594)
(-0.1804)
G3(-2.2061)
(1.5469)
(1.6054)
G4(0.2746)
(-0.3714)
(0.1128)
A1(-4.4978)
(8.1958)
(2.6728)
A2(-0.6081)
(9.6151)
(2.8826)
A3(-4.9081)
(7.0342)
(-6.7038)
A4(-0.2729)
(8.5281)
(-4.1707)
G1(1.0350)
(-0.0213)
(1.4064)
G2(-0.1192)
(-1.7725)
(-0.2208)
G3(-2.4562)
(0.8418)
(1.9789)
G4(0.3959)
(0.0186)
(0.0021)
A1(5.3409)
(8.8903)
(1.0873)
A2(-0.9577)
(9.5577)
(1.1444)
A3(-4.6591)
(8.4707)
(-5.7748)
A4(0.0814)
(8.8346)
(-4.3814)
G1(0.8344)
(-1.5463)
(0.5140)
G2(-0.1596)
(-0.5619)
(0.0585)
G3(-1.5777)
(0.4991)
(1.0781)
G4(0.2932)
(-0.1873)
(0.2235)
A1(-6.3516)
(8.1718)
(-0.9580)
A2(-0.5890)
(9.5241)
(0.0766)
A3(-6.4787)
(10.6494)
(-3.1125)
A4(0.0814)
(8.3989)
(-7.0485)
G1(1.1935)
(-0.9307)
(-0.1751)
G2(-0.1517)
(0.8184)
(-0.0569)
G3(-1.1531)
(-0.5614)
(0.6662)
G4(0.2065)
(0.2788)
(0.1777)
A1(-1.5663)
(10.9836)
(-0.5461)
A2(2.4995)
(9.4379)
(-1.1349)
A3(-7.6950)
(11.1761)
(-5.6743)
A4(0.5171)
(7.8817)
(-6.0286)
G1(0.8147)
(-0.7785)
(-0.3698)
G2(0.0074)
(-0.7497)
(0.1293)
G3(0.0841)
(-0.4071)
(0.3459)
G4(0.0601)
(0.2815)
(0.1309)
