A1(-6.5288)
(14.2743)
(8.1718)
A2(-0.3304)
(6.8857)
(0.2682)
A3(-5.1667)
(15.9693)
(4.1420)
A4(-0.0335)
(7.3406)
(-4.4101)
G1(-4.4378)
(2.2035)
(-0.4938)
G2(-1.4388)
(0.6705)
(0.1894)
G3(1.3915)
(0.1548)
(0.1453)
G4(0.0043)
(0.1586)
(-0.2150)
A1(-9.0915)
(12.6649)
(8.4113)
A2(1.4605)
(11.4108)
(0.3735)
A3(-1.8579)
(16.4625)
(-12.2248)
A4(-2.7821)
(8.7293)
(-5.1619)
G1(-3.5040)
(2.7872)
(-2.1944)
G2(-0.7380)
(2.9436)
(1.1776)
G3(2.4940)
(0.0378)
(-1.8746)
G4(0.0367)
(0.4555)
(0.1399)
A1(-8.6891)
(7.2904)
(2.1986)
A2(1.0965)
(6.9336)
(-0.7709)
A3(-0.9433)
(7.8386)
(-15.3325)
A4(0.7805)
(8.8250)
(-8.3941)
G1(-1.9853)
(3.4662)
(-2.9921)
G2(-0.8306)
(-0.7535)
(1.0121)
G3(3.3582)
(-1.1137)
(0.0106)
G4(-0.0287)
(1.1600)
(-0.0192)
A1(-9.6902)
(7.6018)
(-1.0586)
A2(-1.1732)
(5.9376)
(7.0198)
A3(-3.5243)
(-12.9000)
(-3.5482)
A4(-2.8970)
(6.9719)
(-6.7564)
G1(3.3848)
(6.1911)
(-2.9043)
G2(-0.8700)
(1.4702)
(0.6135)
G3(5.7053)
(-5.9953)
(-3.5221)
G4(-1.3564)
(0.9573)
(0.2751)
A1(-2.9171)
(10.3321)
(5.8486)
A2(2.4852)
(14.3317)
(3.8116)
A3(-7.8147)
(-11.9423)
(2.9688)
A4(1.7430)
(8.4372)
(-1.0726)
G1(3.9456)
(6.6030)
(-1.6565)
G2(-0.6657)
(4.7645)
(0.5177)
G3(0.4214)
(-7.8785)
(-3.6173)
G4(-1.1350)
(2.5653)
(-0.0415)
A1(-7.0270)
(-3.3482)
(7.3862)
A2(4.1611)
(11.9183)
(5.4779)
A3(0.1101)
(-5.0661)
(-6.6415)
A4(0.6847)
(9.1363)
(-0.3017)
G1(3.5508)
(6.2427)
(-2.0375)
G2(0.7418)
(0.3523)
(0.4198)
G3(-1.9582)
(-0.1006)
(-4.0898)
G4(-0.7774)
(0.2059)
(0.5608)
A1(6.3564)
(-6.7731)
(11.2518)
A2(-0.2059)
(5.3678)
(7.8147)
A3(-7.5034)
(-2.5283)
(-11.4108)
A4(23.9085)
(9.2033)
(-2.1835)
G1(-0.2490)
(-4.5804)
(-0.3863)
G2(1.8741)
(0.9386)
(0.3384)
G3(-3.0421)
(3.2560)
(-3.3906)
G4(-0.7263)
(-1.5043)
(-0.2474)
A1(2.7878)
(-5.6283)
(4.9050)
A2(2.0686)
(7.3646)
(-1.0295)
A3(0.8619)
(-3.1843)
(-2.2936)
A4(2.1644)
(9.9742)
(1.5514)
G1(-1.4026)
(2.5999)
(0.3331)
G2(0.4294)
(-1.5431)
(-0.7795)
G3(-1.8097)
(3.0314)
(-0.0346)
G4(0.3171)
(0.2778)
(-0.3459)
A1(1.0921)
(-1.1113)
(0.7951)
A2(17.3771)
(7.4699)
(6.3494)
A3(-1.3838)
(-4.1803)
(-1.6041)
A4(5.3199)
(8.9830)
(-1.2067)
G1(-1.8938)
(-2.8899)
(0.9211)
G2(0.0851)
(-0.6204)
(-0.7231)
G3(-1.9417)
(-2.2258)
(2.7383)
G4(-0.0399)
(-4.1638)
(0.4895)
A1(-11.1608)
(4.7709)
(-0.1150)
A2(8.1020)
(6.3063)
(4.0701)
A3(-1.4844)
(1.1013)
(-2.0830)
A4(1.6185)
(9.0501)
(-4.1515)
G1(-0.4587)
(-1.7730)
(2.3275)
G2(-0.1953)
(1.0084)
(-0.9759)
G3(1.3388)
(-0.2543)
(2.4828)
G4(0.5151)
(-0.8189)
(-0.1469)
A1(-10.3082)
(4.6080)
(-4.6607)
A2(4.7118)
(7.7428)
(4.8459)
A3(-12.3589)
(2.7150)
(-6.2680)
A4(0.8428)
(9.6343)
(-3.1508)
G1(0.2895)
(-1.9906)
(2.6095)
G2(-0.4629)
(-2.8495)
(-0.5555)
G3(0.8631)
(0.2400)
(3.1155)
G4(0.2730)
(-1.2404)
(-0.0809)
A1(-5.8630)
(5.9349)
(3.1183)
A2(3.7589)
(9.6486)
(1.9824)
A3(-10.6111)
(0.8188)
(-6.5266)
A4(-0.6369)
(9.4858)
(-4.5825)
G1(1.1903)
(-0.8870)
(2.0992)
G2(0.3767)
(0.2341)
(-0.4619)
G3(-2.1827)
(1.9816)
(3.5529)
G4(0.1841)
(-0.3219)
(-0.3501)
A1(-9.4124)
(7.6880)
(3.0417)
A2(4.1228)
(9.6678)
(3.1747)
A3(-8.6431)
(0.6704)
(-5.1715)
A4(1.0918)
(8.1163)
(-5.1811)
G1(1.4952)
(-2.7553)
(2.0114)
G2(-0.0527)
(-1.4271)
(-0.4129)
G3(-1.4782)
(3.0022)
(2.1806)
G4(0.2703)
(0.1357)
(-0.3996)
A1(-7.4629)
(8.6029)
(4.6176)
A2(-1.4126)
(10.2951)
(2.4948)
A3(-3.2082)
(6.4883)
(-6.9576)
A4(1.1109)
(9.1794)
(-4.9704)
G1(1.0600)
(-1.0046)
(1.3872)
G2(0.3991)
(-0.3171)
(-0.4374)
G3(-2.0417)
(1.5979)
(2.2679)
G4(-0.1027)
(-0.5358)
(-0.1171)
A1(-5.9588)
(10.1118)
(4.8188)
A2(3.7493)
(9.4284)
(0.2921)
A3(-8.5042)
(7.8913)
(-6.5170)
A4(-0.5698)
(9.1842)
(-3.0167)
G1(1.1664)
(-0.6508)
(1.4947)
G2(0.2682)
(-0.0154)
(-0.3778)
G3(-0.8599)
(1.4420)
(2.1449)
G4(-0.0208)
(-0.5656)
(0.1112)
A1(-5.0631)
(8.0616)
(2.7064)
A2(0.2394)
(9.8306)
(-0.3879)
A3(-7.1874)
(9.0166)
(-5.8035)
A4(-1.2833)
(9.5481)
(-4.4867)
G1(0.8429)
(-0.4566)
(0.8775)
G2(0.2485)
(-0.7077)
(-0.4321)
G3(-0.8838)
(0.1032)
(1.8869)
G4(0.0160)
(-0.1857)
(0.0303)
A1(-4.5697)
(8.6029)
(2.5148)
A2(-2.2553)
(8.6000)
(1.4078)
A3(-5.5737)
(9.3661)
(-5.9041)
A4(0.0670)
(9.4475)
(-4.7788)
G1(0.8567)
(-0.3682)
(0.4715)
G2(0.4512)
(-1.2670)
(-0.2794)
G3(-0.3773)
(0.5130)
(1.0387)
G4(0.0809)
(-0.0325)
(0.0176)
A1(-3.6596)
(8.9334)
(3.0560)
A2(-1.4844)
(9.7683)
(2.5666)
A3(-4.1372)
(8.1738)
(-3.8068)
A4(1.2258)
(9.6534)
(-3.1508)
G1(0.8567)
(-0.2086)
(0.4379)
G2(0.4055)
(0.0117)
(-0.1708)
G3(-1.0099)
(-0.2724)
(0.4560)
G4(0.2597)
(-0.4965)
(0.1346)
A1(-3.5925)
(9.7334)
(-0.7520)
A2(-0.0766)
(9.7588)
(1.1253)
A3(-0.9242)
(10.3094)
(-2.8539)
A4(-0.2729)
(8.7771)
(-5.5067)
G1(1.2733)
(-0.8833)
(0.0133)
G2(-0.0521)
(0.3203)
(-0.2453)
G3(-0.2464)
(0.7066)
(0.4140)
G4(0.3267)
(-0.3395)
(0.2251)
A1(-2.5627)
(11.1225)
(-0.3257)
A2(0.3160)
(9.3613)
(1.5754)
A3(-2.6240)
(8.6910)
(-5.4013)
A4(-0.9194)
(7.4843)
(-6.9288)
G1(0.6364)
(-0.2017)
(0.0117)
G2(-0.0814)
(-0.6066)
(-0.0415)
G3(-0.0319)
(-0.0404)
(-0.0926)
G4(-0.0548)
(0.1011)
(0.2022)
