A1(-2.0070)
(8.2868)
(2.6345)
A2(-0.5698)
(9.0118)
(0.3974)
A3(-2.1021)
(9.0166)
(-1.9201)
A4(-0.6847)
(10.4148)
(-0.1915)
G1(-0.1756)
(0.3161)
(0.3214)
G2(-0.3469)
(-0.7391)
(0.0814)
G3(0.1224)
(0.2937)
(-0.1889)
G4(0.7875)
(-0.0958)
(-0.0117)
A1(-6.0929)
(6.6055)
(7.4102)
A2(-0.6704)
(8.4132)
(0.2873)
A3(-2.6384)
(8.7771)
(-1.5275)
A4(1.7526)
(8.0110)
(-7.0054)
G1(-1.8235)
(2.7356)
(0.3379)
G2(-0.8264)
(-0.0388)
(0.0968)
G3(0.4135)
(0.9360)
(-0.1953)
G4(1.0594)
(1.1632)
(-0.4129)
A1(-6.2941)
(9.2831)
(5.6139)
A2(-0.8619)
(6.2920)
(2.2745)
A3(-7.5896)
(11.3389)
(-0.8092)
A4(-4.8698)
(7.3263)
(-9.4092)
G1(-2.4349)
(1.7762)
(-0.6130)
G2(-1.7538)
(0.0032)
(0.4576)
G3(0.9408)
(2.2407)
(-0.8833)
G4(0.4305)
(0.8982)
(-0.0479)
A1(-13.5606)
(14.5617)
(-0.5940)
A2(0.1293)
(10.0652)
(0.3735)
A3(-8.2169)
(12.2009)
(-11.9088)
A4(-3.9169)
(6.1627)
(-10.0892)
G1(-0.9610)
(3.1373)
(-2.4674)
G2(-0.5736)
(1.8879)
(1.0110)
G3(2.7851)
(-0.4028)
(-1.0871)
G4(-0.3469)
(1.3015)
(-0.1101)
A1(-6.8402)
(13.5558)
(0.2012)
A2(-3.6009)
(10.3430)
(1.7957)
A3(-16.4482)
(8.6239)
(-14.8871)
A4(-1.9872)
(11.3868)
(-3.4716)
G1(1.1472)
(4.1175)
(-2.8958)
G2(-0.0564)
(0.6439)
(1.4026)
G3(1.9411)
(-2.1263)
(-1.7868)
G4(-0.6252)
(2.0114)
(0.0080)
A1(-6.4522)
(7.5204)
(-2.6489)
A2(-2.7390)
(13.3692)
(1.0726)
A3(-6.0094)
(-8.4467)
(-11.2815)
A4(2.8012)
(0.3256)
(-5.7557)
G1(5.1838)
(1.6650)
(-3.0634)
G2(0.0878)
(2.3791)
(0.7769)
G3(4.3101)
(-3.1895)
(-4.3745)
G4(-1.6655)
(3.2512)
(-1.5820)
A1(-2.4860)
(-3.4153)
(7.3335)
A2(-5.5115)
(10.6638)
(9.1506)
A3(-7.6040)
(-6.1004)
(-11.1618)
A4(-5.4923)
(9.1506)
(-1.5754)
G1(4.5373)
(1.2941)
(-0.8759)
G2(-0.6902)
(1.5245)
(-0.0458)
G3(1.2680)
(-3.2406)
(-3.4188)
G4(-1.1393)
(0.4353)
(0.5028)
A1(-23.2556)
(2.6776)
(-8.2245)
A2(5.1571)
(9.9072)
(5.7030)
A3(-9.1794)
(58.3228)
(5.4300)
A4(2.5522)
(17.1281)
(2.8012)
G1(-1.8592)
(-4.7715)
(0.6412)
G2(0.4752)
(-0.7386)
(-0.2943)
G3(1.6522)
(3.4747)
(-1.8927)
G4(-0.2352)
(-0.5114)
(0.3507)
A1(-0.0958)
(-0.3688)
(-1.5999)
A2(15.9406)
(2.4086)
(3.1987)
A3(-4.4293)
(-6.7277)
(-6.9001)
A4(0.7135)
(9.2895)
(-5.5067)
G1(-2.6004)
(-1.0078)
(1.0174)
G2(0.0756)
(0.8056)
(-0.7434)
G3(-0.0394)
(3.8929)
(0.4704)
G4(0.1490)
(-0.4911)
(0.0633)
A1(-11.6302)
(10.0878)
(-1.9879)
A2(-2.8778)
(5.3486)
(4.4963)
A3(-6.6750)
(-4.3527)
(-4.9512)
A4(-0.3974)
(10.2855)
(-0.6321)
G1(-0.7625)
(-4.3229)
(2.0981)
G2(-0.3437)
(0.8088)
(-0.0564)
G3(1.4314)
(-0.4954)
(2.2338)
G4(0.2852)
(0.3288)
(-0.0686)
A1(-10.4040)
(6.2079)
(-2.1268)
A2(4.8794)
(13.0292)
(3.6966)
A3(-6.5410)
(-4.4580)
(-4.2904)
A4(1.5275)
(9.7444)
(-2.6815)
G1(-0.1123)
(-1.1047)
(1.9976)
G2(0.2772)
(-0.2347)
(-0.4172)
G3(-0.4981)
(1.5288)
(3.9222)
G4(0.3219)
(0.4448)
(-0.0750)
A1(-2.2705)
(9.3502)
(4.5122)
A2(-0.8667)
(8.2696)
(4.0079)
A3(-6.5410)
(-5.9472)
(-5.9089)
A4(0.1915)
(10.1131)
(-2.6671)
G1(1.1621)
(-1.1648)
(2.7186)
G2(0.4805)
(0.4842)
(-0.2405)
G3(-2.4695)
(3.5338)
(3.3119)
G4(0.4933)
(0.3709)
(0.0357)
A1(-7.8844)
(9.0196)
(2.0214)
A2(1.7813)
(8.6048)
(1.9154)
A3(-3.3615)
(-1.6759)
(-8.4276)
A4(1.9441)
(9.3278)
(-2.5570)
G1(2.4780)
(-1.6927)
(2.5408)
G2(0.3092)
(-0.2261)
(-0.2315)
G3(-4.1090)
(3.3230)
(1.5910)
G4(0.2400)
(-0.4949)
(0.2086)
A1(-6.3947)
(10.0016)
(3.2955)
A2(1.3072)
(9.2512)
(1.8196)
A3(-6.7947)
(17.3963)
(-3.5578)
A4(1.2737)
(9.6151)
(-3.5913)
G1(1.0499)
(-1.6501)
(2.3605)
G2(0.3826)
(0.3906)
(-0.0910)
G3(-3.7610)
(-0.5608)
(2.9596)
G4(0.3709)
(-0.7418)
(0.2011)
A1(-6.2750)
(11.2710)
(0.7472)
A2(0.4453)
(8.5665)
(1.4892)
A3(-10.9894)
(10.5536)
(-0.8523)
A4(2.0063)
(9.4619)
(-4.3862)
G1(-0.8790)
(-1.2201)
(0.1096)
G2(0.0862)
(-1.8980)
(-0.0176)
G3(-1.8725)
(0.8844)
(0.8386)
G4(0.2932)
(-1.1020)
(0.2810)
A1(-0.7664)
(9.5849)
(0.1724)
A2(-0.4214)
(10.6494)
(0.4453)
A3(-8.8969)
(13.9343)
(-4.5394)
A4(6.5362)
(5.5641)
(-6.0430)
G1(-0.0686)
(-0.1219)
(0.3342)
G2(0.2017)
(-0.9434)
(-0.0511)
G3(-0.1022)
(0.3342)
(-0.7854)
G4(0.5986)
(-0.8418)
(1.9364)
A1(-0.6419)
(10.5956)
(0.8478)
A2(2.6001)
(9.5672)
(0.1341)
A3(0.5459)
(8.8538)
(-3.3662)
A4(-6.4835)
(6.8809)
(-7.7764)
G1(-0.1192)
(1.0126)
(0.4709)
G2(0.1921)
(-0.3640)
(-0.2783)
G3(0.1357)
(0.4826)
(-0.4938)
G4(-0.0670)
(-0.4821)
(1.0621)
A1(-0.2635)
(13.8480)
(0.9101)
A2(1.2641)
(10.2041)
(-1.3647)
A3(-4.0223)
(7.7620)
(-4.8219)
A4(15.6341)
(14.4897)
(-3.7828)
G1(0.2969)
(-0.5406)
(-0.2432)
G2(0.3155)
(-1.2244)
(0.5550)
G3(-0.0612)
(-0.1357)
(0.0921)
G4(-0.4848)
(0.8072)
(-0.1293)
A1(-0.9820)
(10.8063)
(2.2226)
A2(-1.1013)
(8.6048)
(-1.0678)
A3(-0.1197)
(11.7843)
(-3.7733)
A4(2.6863)
(9.1602)
(-4.7166)
G1(0.5220)
(-0.3060)
(-0.3831)
G2(0.7114)
(0.3570)
(-0.5103)
G3(-0.2261)
(-0.4305)
(0.2655)
G4(-0.1921)
(0.2309)
(-0.1846)
A1(-0.7951)
(9.6088)
(0.7760)
A2(1.1109)
(7.0485)
(-1.9872)
A3(0.8236)
(10.1945)
(-3.1891)
A4(2.1883)
(9.7827)
(-3.4046)
G1(0.3821)
(-0.4305)
(-0.1676)
G2(0.8881)
(0.0426)
(0.1325)
G3(-0.2804)
(0.1070)
(-0.1729)
G4(-0.0474)
(-0.3379)
(-0.0117)
