A1(-0.5221)
(8.4448)
(-0.5413)
A2(1.9106)
(9.3613)
(-0.0335)
A3(1.6951)
(9.1842)
(-2.7007)
A4(0.6369)
(9.0453)
(-4.2425)
G1(-0.3959)
(-0.0106)
(0.1777)
G2(0.0490)
(0.2687)
(-0.0138)
G3(0.0952)
(-0.1006)
(-0.0341)
G4(-0.1027)
(-0.1070)
(0.0293)
A1(-2.1076)
(9.2208)
(0.1198)
A2(2.6815)
(9.2177)
(0.1437)
A3(1.2737)
(9.0070)
(-3.1077)
A4(0.3591)
(9.1554)
(-3.9696)
G1(-0.3097)
(0.2134)
(0.1240)
G2(0.0617)
(-0.2192)
(0.0202)
G3(0.0761)
(-0.0857)
(0.0011)
G4(-0.1288)
(0.0596)
(-0.0277)
A1(-1.2502)
(9.3981)
(-0.4455)
A2(1.6855)
(9.4667)
(-0.0910)
A3(0.9290)
(9.1937)
(-2.6480)
A4(0.6512)
(9.3805)
(-3.5243)
G1(-0.2559)
(0.3624)
(0.1373)
G2(0.1075)
(-0.0388)
(0.0468)
G3(0.2075)
(0.1623)
(-0.0059)
G4(-0.0995)
(0.0782)
(-0.0138)
A1(-0.9197)
(9.4603)
(-0.3593)
A2(2.0973)
(9.3470)
(-0.1197)
A3(2.0734)
(8.4324)
(-3.9983)
A4(0.4788)
(11.5927)
(0.0335)
G1(-0.0724)
(-0.6470)
(0.0426)
G2(0.0612)
(0.1341)
(0.0788)
G3(0.1724)
(0.1410)
(0.0543)
G4(0.5736)
(-0.3155)
(-0.0740)
A1(0.7281)
(9.4891)
(-1.2502)
A2(1.8914)
(9.4715)
(0.7087)
A3(1.2594)
(9.1746)
(-3.1077)
A4(7.8147)
(17.4106)
(-5.7269)
G1(-0.8184)
(0.1511)
(-0.1527)
G2(-0.1032)
(-0.0974)
(0.0814)
G3(0.0543)
(0.0037)
(0.1203)
G4(1.4527)
(0.4188)
(-0.6790)
A1(0.7999)
(9.6471)
(1.8873)
A2(4.3144)
(6.3925)
(2.3128)
A3(2.3176)
(7.8147)
(-4.3335)
A4(-3.7924)
(17.9182)
(-13.9007)
G1(-0.4315)
(-1.0983)
(-0.5364)
G2(-2.7329)
(-0.7274)
(-0.0378)
G3(0.1325)
(-0.2762)
(0.0090)
G4(2.0705)
(0.5912)
(1.9981)
A1(2.2513)
(11.0171)
(0.9101)
A2(7.1587)
(6.7564)
(5.4588)
A3(6.1866)
(7.9631)
(-4.9704)
A4(6.1387)
(0.6991)
(-12.6270)
G1(-0.2464)
(-1.3106)
(-0.8445)
G2(-4.8593)
(-1.8853)
(1.8278)
G3(-0.1075)
(-0.9190)
(0.0702)
G4(2.5121)
(1.9273)
(4.6778)
A1(-2.9411)
(8.9861)
(4.0811)
A2(12.0333)
(10.6015)
(7.9296)
A3(3.1364)
(7.6710)
(-5.9855)
A4(1.8483)
(-4.1276)
(-2.8347)
G1(0.0330)
(-0.1580)
(-0.2900)
G2(-4.3734)
(-1.6277)
(3.0559)
G3(-0.5869)
(-2.0332)
(0.2022)
G4(1.7879)
(4.6443)
(4.8507)
A1(-0.5988)
(7.3431)
(4.3541)
A2(7.7428)
(6.0573)
(6.5410)
A3(0.1341)
(7.0342)
(-3.2513)
A4(4.0797)
(-13.8624)
(-5.4923)
G1(0.5976)
(-1.2531)
(0.2059)
G2(-1.9683)
(-3.9419)
(2.3833)
G3(-1.6112)
(-3.4513)
(0.3874)
G4(0.7242)
(3.5492)
(4.9327)
A1(-6.6725)
(8.9957)
(4.7278)
A2(1.9297)
(1.2163)
(1.5754)
A3(-2.3176)
(11.4347)
(1.2641)
A4(26.5613)
(122.5831)
(-4.4484)
G1(-0.5172)
(0.4677)
(-0.2166)
G2(1.6921)
(-3.3156)
(1.4984)
G3(-0.9722)
(-1.4995)
(-0.1772)
G4(-6.3194)
(-11.3228)
(-3.2097)
A1(4.8810)
(10.5285)
(5.3457)
A2(8.2552)
(-0.4118)
(0.5986)
A3(-1.3024)
(8.9878)
(3.9887)
A4(57.2885)
(-18.6844)
(-8.2217)
G1(0.3794)
(-0.4800)
(-0.4784)
G2(3.5417)
(-3.3113)
(1.1446)
G3(-0.0958)
(-0.4113)
(-0.4331)
G4(1.7475)
(9.1593)
(2.0002)
A1(-4.9673)
(9.8292)
(4.7086)
A2(23.5829)
(15.0643)
(17.3915)
A3(2.9975)
(11.3006)
(1.7573)
A4(7.9296)
(4.0270)
(-5.7604)
G1(0.1756)
(0.6247)
(0.3821)
G2(-2.0939)
(-6.0400)
(1.2654)
G3(-0.1985)
(-1.3718)
(0.4055)
G4(-1.1935)
(-0.2501)
(-0.0037)
A1(-2.5387)
(9.1059)
(1.4993)
A2(44.0773)
(10.2376)
(-31.5939)
A3(1.1253)
(7.8817)
(-6.3925)
A4(-4.1037)
(8.3510)
(-1.4844)
G1(0.5050)
(1.1691)
(0.3246)
G2(4.1132)
(-2.7047)
(1.1941)
G3(0.6045)
(1.7554)
(0.0788)
G4(-2.7574)
(1.9459)
(-5.3355)
A1(-0.9053)
(9.2975)
(1.0873)
A2(-3.5961)
(-4.0366)
(2.2649)
A3(0.2634)
(9.4858)
(-1.3743)
A4(1.2067)
(-0.1437)
(-6.8474)
G1(0.3432)
(0.0830)
(0.2719)
G2(-0.6252)
(3.1294)
(-1.6570)
G3(0.5353)
(2.3466)
(-0.1288)
G4(-0.0937)
(-1.3494)
(-4.6677)
A1(-2.3232)
(10.5716)
(0.2108)
A2(6.8522)
(1.1013)
(4.1228)
A3(1.9201)
(8.7484)
(-2.9640)
A4(2.8491)
(6.8953)
(-7.3646)
G1(0.8104)
(0.8971)
(0.1644)
G2(-0.9344)
(2.0188)
(-1.9901)
G3(0.2900)
(0.8439)
(0.2038)
G4(0.1405)
(-1.4399)
(-3.7072)
A1(2.7926)
(10.0064)
(-0.6562)
A2(6.8091)
(4.0127)
(1.4748)
A3(1.4748)
(8.6526)
(-3.9935)
A4(4.4197)
(8.0637)
(-8.5329)
G1(1.0360)
(0.7535)
(-0.2118)
G2(0.8418)
(2.1817)
(-2.0976)
G3(-0.2379)
(0.4257)
(0.1027)
G4(0.1932)
(-1.5665)
(-1.1153)
A1(-0.0144)
(9.8435)
(-0.4598)
A2(10.3286)
(6.3925)
(4.4101)
A3(2.5809)
(9.0932)
(-1.3120)
A4(4.6208)
(9.7061)
(-8.9208)
G1(0.3757)
(-0.3954)
(0.1948)
G2(1.1792)
(1.0983)
(-2.4584)
G3(-0.3656)
(0.3161)
(0.0809)
G4(-0.4672)
(-1.7826)
(-0.5688)
A1(-2.0549)
(10.0782)
(-1.6621)
A2(6.1914)
(8.8202)
(4.0031)
A3(0.3591)
(9.4092)
(-1.7669)
A4(1.1349)
(9.9599)
(-6.3207)
G1(0.3767)
(0.5523)
(-0.2496)
G2(1.6597)
(0.3586)
(-2.2737)
G3(0.1176)
(0.1580)
(0.0686)
G4(-0.7338)
(-0.9770)
(0.0479)
A1(0.8622)
(9.6423)
(-2.4094)
A2(4.6926)
(7.5705)
(1.9968)
A3(2.1069)
(8.8921)
(-2.7438)
A4(1.2067)
(10.4244)
(-5.5067)
G1(0.2017)
(0.6306)
(0.1314)
G2(1.4580)
(0.4523)
(-1.4202)
G3(0.0942)
(0.2687)
(0.0181)
G4(-1.3042)
(-0.3895)
(-0.3821)
A1(0.3114)
(10.6243)
(-0.2203)
A2(3.7062)
(9.0740)
(1.9489)
A3(2.4038)
(9.4715)
(-2.2553)
A4(1.2929)
(9.5002)
(-5.7221)
G1(0.3783)
(0.2591)
(-0.1921)
G2(1.3345)
(1.0626)
(-0.9211)
G3(0.1495)
(0.0330)
(-0.1123)
G4(-0.2740)
(-0.2522)
(0.1777)
