A1(1.0634)
(9.1059)
(-2.3136)
A2(1.9968)
(9.3182)
(-0.2490)
A3(2.2218)
(8.8777)
(-3.3902)
A4(0.9385)
(9.2225)
(-3.7828)
G1(-0.1527)
(-0.2480)
(0.1346)
G2(0.0351)
(0.4848)
(0.0383)
G3(0.2059)
(0.1266)
(-0.0245)
G4(-0.1250)
(-0.0303)
(0.0516)
A1(0.0671)
(9.7573)
(-1.5999)
A2(3.1412)
(9.2033)
(0.1341)
A3(1.5993)
(8.9783)
(-3.3854)
A4(1.0391)
(9.7252)
(-3.4381)
G1(-0.4736)
(-0.0112)
(0.2006)
G2(0.0644)
(-0.0814)
(0.0899)
G3(-0.0548)
(0.1261)
(0.0027)
G4(-0.0500)
(0.0612)
(0.0239)
A1(0.3161)
(9.1586)
(-1.0251)
A2(2.0446)
(8.9639)
(0.0622)
A3(0.7566)
(9.5912)
(-1.9393)
A4(3.3854)
(11.2480)
(0.9098)
G1(-1.0499)
(0.1075)
(0.0809)
G2(-0.0160)
(0.1421)
(0.0569)
G3(0.2458)
(-0.1117)
(0.2081)
G4(0.7859)
(-0.1330)
(-0.1676)
A1(0.8383)
(9.1250)
(-2.2274)
A2(4.1276)
(7.7668)
(-0.2825)
A3(2.2122)
(7.9583)
(-4.9273)
A4(7.8195)
(16.9749)
(-2.7964)
G1(-0.7923)
(-0.7226)
(-0.0319)
G2(-0.0713)
(-0.0889)
(0.1522)
G3(0.4076)
(0.0372)
(0.0692)
G4(0.9546)
(0.2591)
(-0.7524)
A1(0.6227)
(7.1324)
(2.5148)
A2(2.4086)
(9.7683)
(3.2034)
A3(3.0981)
(7.2018)
(-7.3981)
A4(-0.7422)
(19.6468)
(-6.5218)
G1(-0.4001)
(-1.5607)
(-0.7966)
G2(-2.2588)
(-0.0479)
(-0.0096)
G3(-0.0309)
(-0.2522)
(-0.0612)
G4(0.5071)
(1.4367)
(0.8503)
A1(5.7816)
(13.0433)
(8.0904)
A2(11.0899)
(12.5648)
(4.4149)
A3(1.3647)
(9.0597)
(-1.0008)
A4(0.6560)
(5.6838)
(-10.1083)
G1(-1.1430)
(-2.3104)
(-1.0233)
G2(-2.6675)
(-0.5976)
(0.6359)
G3(-0.2144)
(-0.3288)
(0.0878)
G4(3.4374)
(0.7402)
(2.2125)
A1(-6.8545)
(14.5665)
(-1.8490)
A2(1.8052)
(9.5816)
(11.5305)
A3(3.6871)
(7.6902)
(-4.6878)
A4(2.0111)
(-5.5545)
(-5.8514)
G1(-0.6455)
(-3.2608)
(-0.5098)
G2(-4.1068)
(-2.0715)
(3.5811)
G3(-0.2261)
(-2.2423)
(0.4762)
G4(2.9303)
(4.5139)
(5.9022)
A1(1.9448)
(5.2643)
(2.3902)
A2(11.7220)
(6.0956)
(5.0039)
A3(3.9887)
(6.4165)
(-5.5593)
A4(6.5314)
(-9.7779)
(0.5890)
G1(0.6423)
(-0.4869)
(-0.1240)
G2(-3.8562)
(-4.2149)
(2.2221)
G3(-1.0121)
(-1.7895)
(0.0596)
G4(0.0931)
(3.4662)
(5.2722)
A1(-7.0845)
(8.6412)
(4.2009)
A2(1.7142)
(5.1380)
(0.0527)
A3(1.1444)
(9.0932)
(2.6193)
A4(-0.9529)
(-8.7771)
(-10.7260)
G1(0.5066)
(0.5630)
(-0.0857)
G2(0.9668)
(-5.4329)
(1.9268)
G3(-1.0610)
(-1.6980)
(-0.3177)
G4(-2.3706)
(-1.1680)
(2.0316)
A1(4.7996)
(8.3395)
(3.8943)
A2(11.1474)
(2.8204)
(0.8475)
A3(-5.6934)
(8.4611)
(2.0399)
A4(21.4425)
(-39.4229)
(3.1268)
G1(-0.0564)
(-0.3278)
(-0.2714)
G2(4.3835)
(-2.9000)
(-0.1123)
G3(-0.0074)
(0.4305)
(-0.6141)
G4(-0.2107)
(1.8400)
(0.5731)
A1(-5.9253)
(6.9695)
(3.4105)
A2(19.4936)
(8.9495)
(18.7514)
A3(3.0502)
(10.0317)
(-0.6991)
A4(7.5034)
(-2.4229)
(-4.3670)
G1(0.3773)
(1.1398)
(0.4699)
G2(-3.7610)
(-6.9196)
(1.0403)
G3(-0.1027)
(-0.7843)
(0.4135)
G4(-0.6423)
(-1.1382)
(-2.4339)
A1(-2.1411)
(10.8255)
(3.0081)
A2(23.7648)
(4.7692)
(-10.1801)
A3(-1.7957)
(8.5521)
(-3.8259)
A4(6.7038)
(-4.7262)
(-5.7557)
G1(0.7710)
(1.4415)
(0.0713)
G2(-1.2840)
(-2.6920)
(-1.2691)
G3(0.5960)
(2.8122)
(-0.4677)
G4(-0.4741)
(-2.5829)
(-4.6171)
A1(0.5652)
(9.6232)
(1.0778)
A2(4.7884)
(0.3783)
(-0.5698)
A3(0.5890)
(9.2177)
(-2.9161)
A4(2.0207)
(5.6647)
(-6.5266)
G1(0.4848)
(1.2755)
(0.1256)
G2(-1.4415)
(3.5401)
(-1.3345)
G3(0.1336)
(2.1551)
(-0.2756)
G4(-0.9413)
(-1.2861)
(-5.3887)
A1(-0.6227)
(10.4231)
(0.1964)
A2(9.5720)
(3.5913)
(-2.6671)
A3(1.3503)
(9.2991)
(-1.6520)
A4(2.9544)
(8.4707)
(-11.5401)
G1(0.4550)
(0.1745)
(0.0995)
G2(1.3893)
(2.1636)
(-1.8890)
G3(0.2623)
(1.4819)
(-0.0702)
G4(-0.1128)
(-1.2893)
(-1.3558)
A1(-0.9772)
(9.5274)
(-1.1975)
A2(7.1682)
(7.3310)
(5.7796)
A3(1.7717)
(8.5042)
(-5.1811)
A4(4.4963)
(13.0676)
(-8.0541)
G1(0.4528)
(0.6141)
(-0.3453)
G2(1.6671)
(3.0905)
(-3.1751)
G3(0.0628)
(0.3081)
(0.0766)
G4(-1.2169)
(-1.8204)
(-0.7960)
A1(-0.4646)
(10.1453)
(3.6548)
A2(12.0141)
(8.3462)
(2.6288)
A3(1.1684)
(8.5808)
(-3.7637)
A4(3.7302)
(11.1522)
(-6.7469)
G1(0.6050)
(1.1760)
(-0.5491)
G2(2.6467)
(2.1865)
(-3.4257)
G3(-0.2043)
(0.3640)
(0.0458)
G4(-1.6070)
(-1.3260)
(-0.5071)
A1(-2.8549)
(9.5992)
(-1.7484)
A2(6.1723)
(9.6438)
(1.7669)
A3(1.1013)
(9.0836)
(-3.3423)
A4(7.6806)
(10.5919)
(-0.7997)
G1(0.2873)
(0.3262)
(0.0447)
G2(1.8608)
(-1.2712)
(-2.1034)
G3(-0.2336)
(0.3001)
(-0.0718)
G4(-0.8743)
(2.0444)
(-0.5603)
A1(1.5855)
(9.9058)
(-3.5063)
A2(5.4157)
(8.3797)
(3.0167)
A3(-0.9960)
(9.8737)
(-2.5714)
A4(-0.2682)
(9.7444)
(-3.3615)
G1(0.3741)
(0.4044)
(0.0543)
G2(1.9842)
(1.7549)
(-1.4575)
G3(-0.2820)
(-0.0037)
(-0.1192)
G4(-0.2932)
(-0.7551)
(0.5119)
A1(-2.9507)
(9.5849)
(-1.6861)
A2(7.7189)
(7.6375)
(0.4932)
A3(1.2306)
(9.9455)
(-1.3455)
A4(3.7110)
(9.7540)
(-4.1420)
G1(-0.1266)
(0.1522)
(0.0479)
G2(0.6173)
(1.6091)
(0.3310)
G3(-0.1623)
(-0.1937)
(-0.1836)
G4(-0.3203)
(0.4198)
(-0.4496)
A1(-2.3854)
(9.6328)
(-2.0214)
A2(1.1827)
(9.6486)
(-0.5698)
A3(-0.0814)
(9.7013)
(-1.5993)
A4(-0.6369)
(9.6630)
(-3.0119)
G1(0.1352)
(0.3570)
(0.0037)
G2(0.6428)
(0.6369)
(-0.5518)
G3(0.1836)
(-0.3555)
(-0.1501)
G4(-0.1580)
(-0.5598)
(-0.0516)
