A1(-3.9135)
(8.5071)
(2.8980)
A2(0.5842)
(9.2751)
(0.0718)
A3(-1.3120)
(9.6199)
(-2.3559)
A4(0.5650)
(9.6678)
(-1.1684)
G1(-1.1111)
(0.4965)
(0.3469)
G2(-0.3416)
(0.0511)
(-0.0255)
G3(0.1740)
(0.3320)
(-0.2086)
G4(0.5859)
(0.2416)
(-0.1543)
A1(-3.9518)
(9.1777)
(5.1972)
A2(-0.1245)
(9.2225)
(0.3735)
A3(-2.7150)
(11.4539)
(-1.0104)
A4(-0.3208)
(8.0397)
(-6.1818)
G1(-2.7085)
(2.2402)
(-0.1389)
G2(-0.6380)
(0.1846)
(0.1080)
G3(0.7375)
(0.8104)
(-0.2554)
G4(0.6103)
(0.7242)
(-0.3187)
A1(-7.7742)
(9.4651)
(8.4592)
A2(-0.8859)
(7.8673)
(1.8866)
A3(-4.3670)
(12.3110)
(-6.5027)
A4(-2.5857)
(8.6574)
(-6.9528)
G1(-3.1905)
(2.9229)
(-1.1052)
G2(-1.3207)
(0.2980)
(0.7482)
G3(1.8720)
(0.5247)
(-0.8482)
G4(0.3618)
(1.2569)
(-0.2182)
A1(-9.6040)
(10.4998)
(8.4113)
A2(-1.5897)
(10.3046)
(0.8236)
A3(-6.2010)
(14.3652)
(-8.8969)
A4(-0.6656)
(6.7756)
(-7.8290)
G1(-3.0400)
(2.5776)
(-2.7776)
G2(-1.1169)
(1.2957)
(0.9945)
G3(1.8874)
(-0.5853)
(-0.3555)
G4(0.1910)
(1.2052)
(-0.0633)
A1(-10.6435)
(9.4507)
(3.0992)
A2(0.1484)
(10.1897)
(3.2417)
A3(-4.7645)
(-1.7238)
(-10.6734)
A4(-1.7190)
(8.8777)
(-9.2368)
G1(-0.2150)
(4.2048)
(-2.7345)
G2(-0.9051)
(1.1488)
(0.9881)
G3(3.7014)
(-2.4616)
(-3.6290)
G4(-0.3570)
(1.6240)
(-0.4273)
A1(-0.1198)
(6.7061)
(-0.9963)
A2(0.7566)
(9.0166)
(3.9169)
A3(-3.9361)
(-8.1355)
(-4.6112)
A4(2.8252)
(6.5122)
(-6.5170)
G1(3.6045)
(4.9768)
(-1.4931)
G2(-0.3624)
(1.9885)
(0.8934)
G3(3.9642)
(-6.0916)
(-4.1494)
G4(-1.6873)
(1.3127)
(0.1011)
A1(-8.6221)
(11.1608)
(2.7543)
A2(3.5961)
(12.1721)
(4.1037)
A3(-6.3638)
(-13.1394)
(-3.5769)
A4(-1.9441)
(10.4627)
(1.9968)
G1(6.4827)
(3.7961)
(-1.9640)
G2(0.7439)
(2.1348)
(0.5672)
G3(-0.9488)
(-2.0188)
(-4.9439)
G4(-0.8274)
(1.3750)
(0.3810)
A1(-31.7723)
(2.7734)
(-11.8362)
A2(1.8196)
(5.6216)
(6.1148)
A3(-17.9852)
(45.5569)
(10.2807)
A4(8.1642)
(10.7691)
(0.6895)
G1(-0.7748)
(-9.2157)
(-0.9094)
G2(1.3074)
(0.2405)
(0.0809)
G3(1.3383)
(4.2936)
(-0.3666)
G4(-0.5789)
(-2.0348)
(0.5699)
A1(-7.1707)
(0.0527)
(2.0741)
A2(0.0814)
(9.7109)
(4.8650)
A3(-39.3559)
(-4.6352)
(8.4084)
A4(-5.8419)
(10.7404)
(0.4597)
G1(-2.5595)
(6.1507)
(0.7620)
G2(0.5135)
(-0.4230)
(-0.0612)
G3(1.7507)
(-5.7207)
(4.0254)
G4(0.2714)
(1.8943)
(-0.4603)
A1(-6.8689)
(0.1581)
(0.7951)
A2(3.9025)
(17.8560)
(8.2839)
A3(-0.4932)
(1.2546)
(0.3783)
A4(-1.2929)
(10.0461)
(-1.8004)
G1(-1.8704)
(-4.3165)
(2.0433)
G2(-0.2687)
(-1.6261)
(0.1506)
G3(-1.4314)
(0.1373)
(1.4271)
G4(0.1048)
(-1.9268)
(0.0053)
A1(-18.1686)
(4.6703)
(-7.2856)
A2(11.4586)
(9.0166)
(4.0654)
A3(1.4365)
(0.6033)
(-2.0782)
A4(-0.4310)
(10.6303)
(-2.7054)
G1(0.2155)
(-1.3537)
(1.3415)
G2(0.2953)
(0.1671)
(-0.5614)
G3(-1.1361)
(2.5286)
(2.9548)
G4(0.4092)
(0.1809)
(-0.1942)
A1(-8.2437)
(3.8272)
(2.6728)
A2(-0.3879)
(7.8673)
(1.3838)
A3(-7.2401)
(-4.7549)
(-2.9592)
A4(1.3168)
(8.3989)
(-4.7453)
G1(-0.1756)
(-0.1602)
(1.5713)
G2(0.3214)
(0.0458)
(-0.3145)
G3(-0.4906)
(3.3129)
(2.3354)
G4(0.1751)
(-1.5234)
(0.0734)
A1(-6.4426)
(5.8055)
(1.2694)
A2(1.4844)
(10.8697)
(3.2130)
A3(-10.4675)
(-3.7637)
(-7.3310)
A4(-0.3304)
(8.7532)
(-4.5442)
G1(0.4156)
(-1.5006)
(1.7959)
G2(0.4315)
(0.0617)
(-0.1091)
G3(-1.6171)
(2.2088)
(2.5754)
G4(0.2011)
(-0.7061)
(-0.0271)
A1(-6.5192)
(6.5767)
(1.8729)
A2(3.0742)
(9.1459)
(0.5124)
A3(-6.1100)
(1.2737)
(-6.9863)
A4(3.2130)
(10.4196)
(-4.2138)
G1(1.0504)
(-1.8619)
(1.2973)
G2(0.0101)
(-1.1919)
(-0.5300)
G3(-1.8970)
(2.2152)
(1.4442)
G4(-0.0261)
(-0.3602)
(-0.0537)
A1(-4.5793)
(7.9850)
(2.4956)
A2(-0.2634)
(8.4180)
(0.4741)
A3(-7.4843)
(6.3542)
(-7.4412)
A4(0.5890)
(9.1746)
(-3.5434)
G1(1.5383)
(-1.0568)
(1.2084)
G2(0.4810)
(-0.2054)
(-0.6577)
G3(-1.5032)
(1.9502)
(1.0930)
G4(-0.0234)
(-0.6199)
(0.0090)
A1(-6.0929)
(5.4654)
(2.1938)
A2(-0.9290)
(8.3941)
(0.9768)
A3(-3.9600)
(7.7141)
(-8.6862)
A4(0.3256)
(8.8585)
(-5.2194)
G1(1.2207)
(-0.3964)
(0.9025)
G2(0.2033)
(-1.5059)
(-0.3368)
G3(-1.9842)
(0.8583)
(1.1941)
G4(-0.0335)
(-0.2166)
(0.0628)
A1(-3.5159)
(8.9286)
(4.3589)
A2(1.1588)
(9.9455)
(-0.0814)
A3(-3.0023)
(9.7588)
(-5.8323)
A4(0.4549)
(8.8059)
(-4.8650)
G1(0.3656)
(-0.4981)
(0.8168)
G2(0.0846)
(-0.0654)
(-0.1740)
G3(-1.1116)
(0.4778)
(0.9339)
G4(-0.2528)
(-0.2405)
(0.0303)
A1(-4.0236)
(7.1276)
(2.6776)
A2(0.2586)
(9.5577)
(0.2682)
A3(-1.6951)
(9.7061)
(-4.8794)
A4(-0.0718)
(9.3087)
(-4.0127)
G1(0.7779)
(-0.8982)
(0.5284)
G2(0.0564)
(-0.5672)
(-0.2873)
G3(-0.9956)
(0.1495)
(0.9104)
G4(-0.3645)
(-0.3570)
(0.1075)
A1(-2.4429)
(10.0447)
(3.0321)
A2(0.3831)
(9.1506)
(-0.3687)
A3(-3.2944)
(10.0317)
(-4.1276)
A4(-0.3687)
(9.1794)
(-3.7445)
G1(0.9328)
(-0.7764)
(0.1155)
G2(0.4667)
(-0.2810)
(-0.1139)
G3(-1.3564)
(0.1666)
(0.2075)
G4(-0.4001)
(-0.1692)
(-0.0154)
A1(-3.7937)
(9.9585)
(2.1220)
A2(-0.4884)
(9.6055)
(1.0056)
A3(-7.2496)
(10.9080)
(-4.7070)
A4(0.9242)
(10.1466)
(-1.1253)
G1(0.2288)
(-0.2687)
(0.0133)
G2(0.4709)
(-0.5257)
(-0.1559)
G3(0.1538)
(-1.0456)
(0.2293)
G4(-0.0772)
(0.0255)
(0.0447)
