A1(-3.2237)
(8.9622)
(1.6813)
A2(1.0487)
(9.0597)
(0.0287)
A3(-1.9058)
(9.4523)
(-1.7095)
A4(0.5076)
(8.9687)
(-3.7876)
G1(-0.4789)
(-0.2932)
(0.0649)
G2(-0.3719)
(-0.0979)
(-0.0128)
G3(0.3262)
(0.3805)
(-0.1554)
G4(0.4768)
(0.3198)
(-0.1602)
A1(-4.7086)
(8.1239)
(4.1817)
A2(0.4070)
(9.2464)
(0.0622)
A3(-1.9776)
(8.9447)
(-2.8012)
A4(1.0918)
(8.9447)
(-2.6480)
G1(-1.1680)
(0.0729)
(0.2235)
G2(-0.5901)
(-0.2059)
(0.0293)
G3(0.3938)
(0.2315)
(-0.1027)
G4(0.6737)
(0.2224)
(-0.2171)
A1(-7.8652)
(13.0768)
(6.4666)
A2(-0.0144)
(9.0405)
(1.1109)
A3(-5.8897)
(12.3301)
(-0.2873)
A4(0.9816)
(7.7668)
(-4.4005)
G1(-3.4555)
(-0.1756)
(-1.5580)
G2(-0.8008)
(0.2794)
(0.2304)
G3(0.8929)
(0.1857)
(0.2203)
G4(0.0814)
(0.7056)
(-0.3719)
A1(-10.5141)
(9.9154)
(8.1287)
A2(-0.5171)
(7.8578)
(0.8571)
A3(-9.0261)
(16.7403)
(-4.6591)
A4(-3.3998)
(9.0261)
(-7.7764)
G1(-2.8468)
(0.4730)
(-0.2868)
G2(-1.0786)
(0.6103)
(0.4677)
G3(1.2792)
(-1.4170)
(0.8461)
G4(-0.0410)
(1.2297)
(-0.3991)
A1(-8.2149)
(12.6074)
(1.9160)
A2(-0.6704)
(12.5504)
(-1.4653)
A3(-9.0932)
(18.7705)
(-12.8186)
A4(-2.8491)
(8.2504)
(-6.3063)
G1(-1.6182)
(5.2333)
(-2.8314)
G2(-0.6721)
(2.2157)
(0.9706)
G3(2.5121)
(-0.7460)
(-2.6547)
G4(-0.4033)
(0.8929)
(0.1570)
A1(-7.9946)
(9.8340)
(0.7951)
A2(-2.7342)
(8.7628)
(4.5011)
A3(-8.8585)
(1.0247)
(-12.4882)
A4(-0.3160)
(9.2464)
(-7.0198)
G1(0.2049)
(2.4110)
(-2.9676)
G2(-0.0431)
(-0.0793)
(1.3835)
G3(3.1618)
(-1.9981)
(-1.5032)
G4(-0.5720)
(1.4367)
(-0.0431)
A1(-10.3992)
(4.5074)
(-10.1022)
A2(0.0192)
(10.6590)
(4.5346)
A3(-5.5545)
(-7.5369)
(-4.4197)
A4(0.7039)
(9.6151)
(-2.1979)
G1(5.0710)
(4.2963)
(-3.4444)
G2(0.0452)
(2.6281)
(0.4816)
G3(2.2445)
(-4.9524)
(-3.7791)
G4(-0.8689)
(0.5177)
(0.5028)
A1(-9.7573)
(10.2890)
(7.0318)
A2(4.1611)
(11.4874)
(1.1684)
A3(-5.9999)
(-12.4403)
(-4.6256)
A4(1.1684)
(11.5879)
(-0.4645)
G1(4.6331)
(7.2750)
(-2.7606)
G2(0.4017)
(3.1022)
(0.2841)
G3(-1.0562)
(-4.5724)
(-3.9467)
G4(-0.4805)
(0.9253)
(0.3304)
A1(0.6467)
(4.4691)
(13.9678)
A2(-0.8332)
(6.8235)
(-0.3065)
A3(-5.0805)
(7.1587)
(-8.2887)
A4(22.5773)
(8.4324)
(-2.5522)
G1(-0.1953)
(-3.5072)
(0.7322)
G2(0.3698)
(-0.8822)
(-0.0106)
G3(-3.2485)
(3.7402)
(-5.0476)
G4(-0.4236)
(-0.6907)
(0.0516)
A1(-33.6213)
(4.4547)
(-13.3307)
A2(0.1006)
(8.5760)
(5.3822)
A3(7.8434)
(43.6463)
(28.0936)
A4(-0.6847)
(11.3150)
(1.9441)
G1(-1.4750)
(-2.0396)
(0.5140)
G2(0.7423)
(-0.0734)
(0.3475)
G3(0.7354)
(-0.4065)
(0.5459)
G4(0.1336)
(0.1453)
(-0.2650)
A1(-2.9028)
(-3.3147)
(0.8287)
A2(18.6844)
(4.9512)
(8.7819)
A3(0.5698)
(-6.1866)
(-5.5498)
A4(5.4636)
(9.3853)
(-5.7509)
G1(-1.7193)
(-2.4174)
(0.7146)
G2(-0.7556)
(-1.1983)
(-0.8482)
G3(0.3879)
(0.5635)
(0.5949)
G4(-0.2043)
(-2.0327)
(0.0346)
A1(-9.1777)
(3.9662)
(-0.2491)
A2(-8.1738)
(12.1769)
(4.1372)
A3(-6.6032)
(6.0142)
(2.5762)
A4(-2.6624)
(9.6007)
(-1.5993)
G1(-1.0366)
(-4.0031)
(1.9906)
G2(0.8210)
(0.7620)
(0.8684)
G3(0.0319)
(-0.7295)
(0.7641)
G4(0.0506)
(0.3437)
(-0.5449)
A1(-10.8782)
(3.0944)
(-1.5520)
A2(8.1738)
(11.4682)
(3.6105)
A3(0.9625)
(-1.6472)
(-3.0885)
A4(2.3415)
(9.4954)
(-1.9393)
G1(-0.2948)
(-0.8232)
(2.4929)
G2(0.2283)
(-1.3771)
(-0.8397)
G3(0.1352)
(0.3650)
(4.1068)
G4(0.3124)
(0.0059)
(-0.2331)
A1(-6.4426)
(5.5660)
(1.4035)
A2(-4.9560)
(8.1594)
(3.0694)
A3(-13.5272)
(-0.8045)
(-4.4149)
A4(0.0431)
(8.2408)
(-3.5961)
G1(-0.4901)
(-0.7247)
(2.6531)
G2(0.4778)
(-0.6183)
(-0.3677)
G3(0.9668)
(1.1462)
(3.3294)
G4(0.2501)
(-0.6391)
(-0.0325)
A1(-7.6162)
(6.1025)
(2.2848)
A2(5.0566)
(9.2081)
(2.1931)
A3(-9.1937)
(-0.2538)
(-7.6519)
A4(0.8092)
(8.6431)
(-5.7700)
G1(0.6348)
(-1.2425)
(2.1210)
G2(-0.1011)
(-0.2703)
(-0.1437)
G3(-1.2255)
(2.2120)
(2.7899)
G4(0.0186)
(-0.7184)
(-0.0404)
A1(-12.5930)
(4.8858)
(0.9915)
A2(-0.0335)
(8.4563)
(0.8954)
A3(-8.2073)
(2.1691)
(-6.4883)
A4(-0.5411)
(9.1123)
(-4.8123)
G1(-0.2251)
(1.5692)
(2.8005)
G2(-0.1884)
(-1.2084)
(-0.1868)
G3(-1.1552)
(2.6111)
(2.1551)
G4(-0.2224)
(-1.0621)
(0.1038)
A1(-7.9371)
(9.7956)
(3.7267)
A2(2.5043)
(10.5919)
(-0.4884)
A3(-5.5258)
(7.2592)
(-7.9344)
A4(-0.4118)
(9.6869)
(-2.8874)
G1(1.9853)
(-1.3883)
(1.3505)
G2(0.1602)
(-0.8418)
(-0.2884)
G3(-1.8709)
(1.8464)
(1.6916)
G4(-0.0165)
(-0.3517)
(0.0830)
A1(-5.3553)
(7.6162)
(4.3110)
A2(-0.2107)
(9.3996)
(1.2258)
A3(-6.4117)
(7.3741)
(-8.9543)
A4(0.3017)
(9.0932)
(-4.2569)
G1(1.3404)
(-0.2283)
(1.6804)
G2(0.0772)
(-1.4633)
(-0.2368)
G3(-2.5717)
(1.0584)
(1.8837)
G4(-0.0287)
(-0.2155)
(0.0287)
A1(-2.7830)
(9.2591)
(3.1854)
A2(-0.0910)
(9.0501)
(2.2697)
A3(-5.9328)
(10.8457)
(-4.8937)
A4(-0.0144)
(9.0884)
(-4.0462)
G1(1.6150)
(-0.5944)
(0.8163)
G2(0.2591)
(-1.0360)
(-0.1463)
G3(-1.6501)
(0.8833)
(0.9397)
G4(-0.0607)
(-0.4246)
(0.1447)
A1(-4.2823)
(9.5082)
(2.8788)
A2(0.7805)
(9.7396)
(1.8292)
A3(-3.4716)
(10.6446)
(-3.7685)
A4(-0.0910)
(9.1937)
(-4.1084)
G1(1.3239)
(-0.6412)
(0.5843)
G2(-0.1229)
(-0.2054)
(-0.2533)
G3(-1.1611)
(0.5906)
(0.5459)
G4(-0.0777)
(-0.6401)
(0.0649)
