A1(-2.5914)
(8.7418)
(2.6345)
A2(0.4453)
(9.5146)
(1.7430)
A3(-2.5953)
(8.9447)
(-3.5051)
A4(0.1867)
(9.0166)
(-4.4484)
G1(-0.5869)
(0.3735)
(0.2176)
G2(-0.3400)
(0.1022)
(0.1666)
G3(0.0362)
(0.3139)
(-0.0404)
G4(0.1368)
(-0.0740)
(-0.0649)
A1(-7.3910)
(10.4040)
(10.9931)
A2(1.1588)
(9.7683)
(2.1739)
A3(-1.7286)
(10.1083)
(-1.8244)
A4(-0.5363)
(7.4172)
(-10.5584)
G1(-3.6114)
(1.3063)
(-0.0947)
G2(-0.2017)
(0.2437)
(0.1346)
G3(0.4140)
(0.7327)
(-0.0330)
G4(-0.2347)
(0.1655)
(-0.3235)
A1(-13.1774)
(10.1645)
(10.7680)
A2(-0.3304)
(7.4699)
(1.7813)
A3(-12.5839)
(14.2694)
(-5.5162)
A4(-3.4237)
(10.3956)
(-4.5059)
G1(-2.8920)
(1.3271)
(-0.9562)
G2(-0.9876)
(0.0782)
(0.3560)
G3(0.4954)
(-1.8890)
(0.5358)
G4(-0.4661)
(1.0094)
(-0.1176)
A1(-6.4378)
(12.3966)
(-1.4753)
A2(-0.2346)
(9.9264)
(0.1820)
A3(-4.3718)
(10.7500)
(-12.6941)
A4(-2.1404)
(9.2320)
(-6.2201)
G1(-0.7604)
(4.4602)
(-3.2113)
G2(0.1149)
(2.0662)
(1.1792)
G3(3.6216)
(-0.4704)
(-0.5656)
G4(-0.2219)
(1.6825)
(-0.2879)
A1(-12.0086)
(10.0303)
(-1.4801)
A2(0.3017)
(7.7093)
(5.6264)
A3(-5.7700)
(-13.3740)
(-8.9447)
A4(5.9472)
(6.5362)
(-7.1682)
G1(6.5264)
(5.7420)
(-3.0815)
G2(-0.8290)
(0.7636)
(0.5656)
G3(5.4781)
(-5.3115)
(-6.2566)
G4(-1.1520)
(2.1838)
(-0.9216)
A1(-4.7278)
(21.0043)
(4.1769)
A2(-2.7054)
(11.6119)
(5.4253)
A3(-7.7045)
(-16.2566)
(1.7669)
A4(-9.1363)
(13.2543)
(4.6160)
G1(7.5943)
(2.2439)
(-1.9449)
G2(0.2980)
(4.1420)
(1.0312)
G3(1.9560)
(-6.2704)
(-4.6789)
G4(-0.7386)
(2.7159)
(-0.0500)
A1(10.6051)
(0.1198)
(14.3270)
A2(5.2098)
(11.8417)
(8.7484)
A3(-0.9242)
(7.4747)
(-8.4467)
A4(20.7769)
(9.0740)
(-2.8587)
G1(-3.7094)
(-6.0150)
(0.9679)
G2(1.7757)
(-1.8656)
(1.9278)
G3(-6.4104)
(3.9179)
(-5.0753)
G4(-1.1281)
(-2.7989)
(0.6779)
A1(4.2823)
(-3.6117)
(-1.6765)
A2(8.0589)
(10.6159)
(0.4070)
A3(-16.3380)
(16.3716)
(-6.2201)
A4(-2.4565)
(9.7061)
(-0.0958)
G1(-2.3732)
(1.4197)
(1.3106)
G2(-0.2623)
(-1.4990)
(-1.3446)
G3(0.3549)
(-3.1560)
(0.3113)
G4(0.3810)
(2.4935)
(-0.7966)
A1(-14.7773)
(5.8247)
(-0.2635)
A2(-9.5912)
(17.4777)
(6.8905)
A3(1.8866)
(-3.5530)
(-3.6392)
A4(1.6041)
(9.1650)
(-1.1971)
G1(-1.3622)
(-2.6244)
(1.3308)
G2(1.4261)
(2.3706)
(0.3634)
G3(-0.8072)
(-0.3102)
(1.7294)
G4(0.3911)
(1.0546)
(-0.4145)
A1(-8.6173)
(3.7171)
(0.8047)
A2(7.5513)
(10.5824)
(5.4827)
A3(-5.7221)
(-4.7597)
(-3.5674)
A4(0.0622)
(8.7101)
(-2.5091)
G1(-1.1871)
(-0.5901)
(1.3814)
G2(0.0569)
(-1.6793)
(-0.6018)
G3(1.0318)
(2.2381)
(1.5761)
G4(0.3815)
(-0.4459)
(0.1123)
A1(-7.9658)
(4.4835)
(0.2539)
A2(1.2163)
(8.6526)
(3.8307)
A3(-11.0325)
(-2.7150)
(-4.9464)
A4(-0.5842)
(9.3182)
(-4.3000)
G1(-0.4220)
(-1.3415)
(1.5266)
G2(0.2102)
(1.6937)
(0.0420)
G3(0.5257)
(1.5367)
(1.3250)
G4(0.0905)
(-0.9009)
(0.1463)
A1(-6.9312)
(5.9444)
(3.0608)
A2(1.3360)
(11.4539)
(1.4222)
A3(-7.6662)
(-0.3926)
(-5.3343)
A4(1.1875)
(8.8490)
(-4.0989)
G1(0.2086)
(-0.4220)
(1.4920)
G2(-0.1666)
(-1.7038)
(-0.4603)
G3(-0.1389)
(1.5314)
(1.6996)
G4(0.0809)
(-1.3670)
(0.2405)
A1(-4.8667)
(7.9754)
(4.5889)
A2(2.3176)
(8.8394)
(1.6568)
A3(-5.0374)
(1.0104)
(-7.1012)
A4(0.4022)
(9.6199)
(-4.3144)
G1(0.8870)
(-2.3844)
(1.7421)
G2(0.4374)
(-0.4252)
(-0.4597)
G3(-1.0382)
(1.8443)
(1.9401)
G4(-0.0133)
(-0.9493)
(0.0819)
A1(-5.5325)
(7.7934)
(3.2333)
A2(-1.2689)
(8.7963)
(1.5945)
A3(-5.8706)
(5.5306)
(-7.9009)
A4(0.2969)
(8.6622)
(-5.1380)
G1(1.8943)
(-1.5894)
(1.2670)
G2(0.0362)
(-1.4005)
(-0.2714)
G3(-1.3936)
(1.0275)
(1.7246)
G4(-0.0346)
(-0.4560)
(0.0628)
A1(-3.8225)
(8.6987)
(4.6415)
A2(2.2505)
(9.0884)
(1.1779)
A3(-5.0613)
(8.2361)
(-8.1499)
A4(-0.5267)
(9.2081)
(-4.1994)
G1(2.3115)
(-0.9120)
(0.5071)
G2(0.1703)
(-0.2996)
(-0.1022)
G3(-2.1449)
(1.1951)
(1.2574)
G4(-0.0968)
(-0.5193)
(0.1277)
A1(-4.7469)
(8.1191)
(4.3254)
A2(1.4557)
(9.6630)
(1.0056)
A3(-4.9033)
(8.7676)
(-6.4404)
A4(0.2969)
(9.5624)
(-3.9265)
G1(1.6905)
(-0.7423)
(0.4001)
G2(0.0814)
(-0.7492)
(-0.2512)
G3(-2.0353)
(1.0781)
(0.6465)
G4(0.0415)
(-0.2905)
(0.0495)
A1(-2.7974)
(9.6471)
(4.0428)
A2(0.3687)
(9.3757)
(1.6951)
A3(-2.2553)
(10.9415)
(-2.5331)
A4(0.4310)
(8.8442)
(-5.2481)
G1(0.4385)
(-0.6061)
(0.0963)
G2(0.2490)
(-1.0185)
(-0.1751)
G3(-2.1769)
(-0.1070)
(-0.0037)
G4(-0.0255)
(-0.1884)
(0.0085)
A1(-3.1614)
(10.0878)
(1.3556)
A2(-1.3072)
(9.9503)
(1.5467)
A3(-4.3718)
(9.6774)
(0.0096)
A4(0.3591)
(8.9926)
(-4.7166)
G1(0.0931)
(-0.4039)
(-0.0569)
G2(0.1772)
(-0.0867)
(-0.1618)
G3(-0.7439)
(-0.6556)
(-0.1282)
G4(-0.0649)
(0.2336)
(0.0287)
A1(-3.0800)
(10.4758)
(0.9149)
A2(-0.5650)
(9.6486)
(0.2059)
A3(-1.9968)
(10.1514)
(-2.2266)
A4(1.0008)
(9.1937)
(-3.5099)
G1(0.3054)
(-0.1320)
(0.2517)
G2(0.4901)
(-0.4518)
(-0.1522)
G3(0.1277)
(0.0074)
(-0.1107)
G4(0.0053)
(0.0937)
(0.1064)
A1(-2.3567)
(9.8196)
(1.2454)
A2(-0.2921)
(8.9352)
(-0.0335)
A3(-3.4955)
(9.2225)
(-4.1132)
A4(1.0199)
(8.7245)
(-5.2816)
G1(0.5704)
(0.5263)
(-0.0521)
G2(0.4629)
(0.1958)
(-0.0644)
G3(-0.1820)
(0.1602)
(0.1580)
G4(-0.0415)
(0.2666)
(0.0665)
