A1(-11.7595)
(12.2960)
(8.3730)
A2(-0.2777)
(7.8243)
(1.5658)
A3(-5.7461)
(13.8050)
(2.9688)
A4(-0.0335)
(8.7580)
(-4.5633)
G1(-3.8030)
(0.8743)
(-0.5295)
G2(-0.6146)
(-0.3267)
(0.2086)
G3(0.8908)
(-0.0181)
(0.3815)
G4(-0.0085)
(0.1112)
(-0.1990)
A1(-5.7289)
(18.2261)
(11.1177)
A2(-0.8380)
(12.4403)
(-0.0431)
A3(-4.9560)
(12.1673)
(-8.7197)
A4(-4.4819)
(9.1219)
(-7.1012)
G1(-3.9190)
(4.4815)
(-2.3275)
G2(-0.8822)
(2.4216)
(1.1116)
G3(1.3276)
(-0.4874)
(-0.2985)
G4(-0.2921)
(-0.2065)
(0.4209)
A1(-9.7238)
(4.9337)
(2.4765)
A2(0.9673)
(8.7053)
(-2.0446)
A3(-3.7302)
(17.7027)
(-20.9732)
A4(0.4214)
(7.0725)
(-9.9551)
G1(-2.8314)
(2.4046)
(-1.9811)
G2(-0.6385)
(0.7444)
(0.8253)
G3(3.5550)
(-0.2804)
(-1.2297)
G4(-0.7519)
(0.5459)
(0.3304)
A1(-6.1887)
(8.6891)
(-1.1927)
A2(-4.3096)
(12.5169)
(9.2320)
A3(-4.8842)
(-14.0540)
(-3.2034)
A4(-2.3080)
(10.1849)
(-1.5706)
G1(3.1613)
(6.9164)
(-3.4119)
G2(-1.0584)
(0.0277)
(0.6524)
G3(7.3458)
(-4.7241)
(-3.5263)
G4(-1.3074)
(1.0866)
(0.3831)
A1(-8.9813)
(6.7827)
(-2.7639)
A2(0.0622)
(11.5353)
(3.7972)
A3(-6.5410)
(-11.7076)
(2.0494)
A4(3.5769)
(9.3134)
(-0.0335)
G1(5.0567)
(5.5138)
(-2.2711)
G2(-0.4997)
(4.4527)
(0.3586)
G3(3.7620)
(-8.2392)
(-2.8835)
G4(-0.9041)
(1.5687)
(0.0649)
A1(-4.9529)
(-3.7746)
(1.9639)
A2(2.9257)
(6.9192)
(7.4986)
A3(-12.9622)
(-10.2041)
(-8.9687)
A4(-1.7526)
(9.4284)
(-1.7909)
G1(4.6783)
(0.1054)
(-2.2391)
G2(0.4140)
(1.7671)
(-0.0160)
G3(-1.5474)
(-2.8042)
(-2.8074)
G4(-0.5545)
(0.6188)
(0.5635)
A1(-0.0096)
(1.1209)
(19.8978)
A2(-1.1923)
(5.7221)
(8.7149)
A3(-4.6495)
(-4.0941)
(-14.2263)
A4(20.0012)
(5.4300)
(-2.7246)
G1(0.0883)
(1.0600)
(0.5906)
G2(1.1951)
(1.1238)
(-0.4401)
G3(-5.1354)
(1.1105)
(-1.5793)
G4(-0.4997)
(-1.6607)
(-0.2379)
A1(-7.1755)
(-0.7808)
(7.0509)
A2(-2.0016)
(6.2584)
(2.1931)
A3(-25.1439)
(-7.4603)
(6.5170)
A4(0.9050)
(8.7867)
(-0.3065)
G1(-1.6623)
(0.2347)
(0.5795)
G2(0.3613)
(-1.1557)
(-0.8498)
G3(1.1941)
(1.6714)
(0.1783)
G4(0.2863)
(0.3773)
(-0.2097)
A1(-7.6832)
(-1.5759)
(-1.7915)
A2(-1.2833)
(10.0126)
(4.4149)
A3(-7.5753)
(1.8004)
(-3.0406)
A4(-2.0351)
(10.0078)
(-2.5139)
G1(-1.6235)
(-1.9188)
(1.1302)
G2(0.6843)
(0.8971)
(0.5864)
G3(-0.1517)
(0.1208)
(0.5688)
G4(0.1511)
(0.0032)
(-0.2762)
A1(-1.9400)
(1.4658)
(1.3987)
A2(5.7748)
(7.4843)
(4.5442)
A3(-7.9727)
(-1.4413)
(0.2825)
A4(3.9409)
(9.7396)
(0.1915)
G1(-1.1829)
(-1.2249)
(1.4867)
G2(-0.5768)
(0.5529)
(-0.3294)
G3(0.1846)
(-1.5383)
(1.8917)
G4(-0.0234)
(-1.6469)
(0.1096)
A1(-11.0842)
(3.2476)
(0.7377)
A2(-0.4357)
(8.0349)
(4.3287)
A3(-8.5090)
(-2.3703)
(-3.3662)
A4(-0.1197)
(9.1075)
(-4.2665)
G1(0.3602)
(-1.7507)
(2.7883)
G2(0.4204)
(0.1123)
(-0.6428)
G3(0.2182)
(0.1793)
(3.1171)
G4(0.1862)
(-1.1887)
(-0.0186)
A1(-10.7009)
(3.6740)
(1.5232)
A2(5.5881)
(7.0294)
(3.6583)
A3(-7.8338)
(-3.8978)
(-2.7438)
A4(-0.0144)
(9.0644)
(-4.9799)
G1(0.6369)
(0.3826)
(2.7750)
G2(0.1522)
(-0.6375)
(-0.8365)
G3(0.2990)
(2.6074)
(1.7358)
G4(0.2432)
(-0.4411)
(-0.3267)
A1(-9.6567)
(6.2941)
(3.5255)
A2(-1.2881)
(9.0692)
(1.4222)
A3(-11.1091)
(3.3998)
(-5.3822)
A4(0.1341)
(8.8633)
(-4.0893)
G1(0.5566)
(-1.1504)
(1.9135)
G2(0.2011)
(-0.6524)
(-0.6061)
G3(-0.7348)
(3.0410)
(1.0025)
G4(0.2219)
(0.2943)
(-0.4033)
A1(-8.0760)
(7.1898)
(3.3339)
A2(3.1939)
(8.7628)
(0.9433)
A3(-10.3908)
(3.5147)
(-6.5553)
A4(-0.5076)
(8.8202)
(-4.9321)
G1(0.7162)
(-1.2414)
(1.4665)
G2(0.1820)
(-0.1868)
(-0.4709)
G3(-0.4959)
(1.8869)
(0.8721)
G4(-0.2990)
(-0.7758)
(-0.1277)
A1(-7.7168)
(6.6534)
(1.9064)
A2(-0.4501)
(9.5241)
(1.9489)
A3(-7.4172)
(4.5394)
(-6.4548)
A4(0.2107)
(9.3087)
(-3.2848)
G1(1.0648)
(-1.5820)
(1.2845)
G2(0.2762)
(-0.3374)
(-0.3629)
G3(-1.1057)
(1.8182)
(1.3186)
G4(-0.2613)
(-0.6529)
(-0.0979)
A1(-7.3144)
(8.1862)
(1.8537)
A2(0.3639)
(8.9878)
(0.6656)
A3(-7.6423)
(5.9855)
(-7.3263)
A4(-0.7039)
(9.4571)
(-3.1843)
G1(1.0834)
(-1.1935)
(1.1212)
G2(0.6992)
(-1.3904)
(-0.5486)
G3(-1.2590)
(1.0291)
(1.9337)
G4(0.0878)
(-0.0399)
(-0.1761)
A1(-6.2175)
(9.2352)
(3.2812)
A2(-1.8771)
(9.6822)
(1.0918)
A3(-5.9137)
(5.7078)
(-6.9623)
A4(-0.4980)
(9.1459)
(-4.4676)
G1(0.8359)
(-0.3406)
(1.0642)
G2(0.3991)
(-0.9594)
(-0.3416)
G3(-1.0328)
(1.0211)
(1.6655)
G4(0.1527)
(-0.0442)
(-0.0612)
A1(-4.8188)
(8.1814)
(3.2620)
A2(-1.0199)
(9.4906)
(1.9201)
A3(-4.3000)
(7.4555)
(-5.9280)
A4(-0.6369)
(9.0980)
(-5.1763)
G1(1.3766)
(-0.4715)
(0.7215)
G2(-0.0357)
(0.5678)
(-0.1330)
G3(-1.2244)
(1.0632)
(1.0424)
G4(0.0410)
(-0.1213)
(0.0623)
A1(-4.3781)
(9.0340)
(3.0129)
A2(-0.7805)
(10.2951)
(0.7709)
A3(-5.3247)
(9.1267)
(-4.9177)
A4(-0.8906)
(9.2512)
(-4.8219)
G1(1.0142)
(-0.1027)
(0.5055)
G2(-0.0069)
(0.5066)
(-0.1926)
G3(-1.2579)
(0.5279)
(1.0115)
G4(0.0005)
(0.0154)
(0.1266)
A1(-3.1039)
(10.1453)
(1.9016)
A2(-0.6656)
(10.1323)
(0.9720)
A3(0.2538)
(10.2232)
(-3.8307)
A4(-0.0335)
(10.0030)
(-3.4093)
G1(0.6710)
(-0.4119)
(0.4757)
G2(0.1309)
(-0.9216)
(0.0229)
G3(-1.1829)
(0.4145)
(0.1383)
G4(-0.0612)
(-0.1463)
(0.2081)
