A1(-4.7613)
(7.8988)
(3.5877)
A2(1.0199)
(9.4523)
(1.8579)
A3(-1.7765)
(9.8497)
(-0.9720)
A4(0.4741)
(8.4036)
(-5.1236)
G1(-1.4160)
(-0.1820)
(0.3837)
G2(-0.2788)
(0.0883)
(-0.0250)
G3(0.5284)
(0.3177)
(-0.2112)
G4(0.4943)
(-0.0170)
(-0.2320)
A1(-7.1467)
(6.2606)
(5.3505)
A2(1.4461)
(7.8817)
(1.5754)
A3(-2.7725)
(10.2951)
(-1.3791)
A4(-0.4022)
(7.6088)
(-6.4165)
G1(-2.5823)
(1.2819)
(0.1958)
G2(-0.5353)
(-0.0952)
(0.0229)
G3(0.8397)
(0.2166)
(-0.0937)
G4(0.3868)
(0.1229)
(-0.2671)
A1(-11.5009)
(10.6435)
(2.0501)
A2(0.5650)
(8.4994)
(2.2793)
A3(-7.6423)
(13.2399)
(-4.1468)
A4(-1.9345)
(5.2241)
(-9.5672)
G1(-2.4860)
(1.1031)
(-1.3569)
G2(-0.6290)
(0.8652)
(0.3783)
G3(1.0461)
(0.2900)
(-0.4667)
G4(-0.0889)
(0.8072)
(-0.4704)
A1(-9.0915)
(9.7621)
(13.5750)
A2(0.3591)
(8.5138)
(1.1636)
A3(-13.0532)
(11.5161)
(-10.6303)
A4(-4.2329)
(9.5337)
(-10.5058)
G1(-3.5247)
(2.6201)
(-0.6449)
G2(-1.0094)
(0.2692)
(0.4640)
G3(0.4209)
(-0.3783)
(-0.7811)
G4(-0.5215)
(1.2276)
(-0.1740)
A1(-11.1847)
(9.3645)
(0.4455)
A2(-2.8395)
(11.2144)
(3.0023)
A3(-6.0238)
(9.9503)
(-13.4841)
A4(0.1341)
(4.5394)
(-9.3613)
G1(-1.4889)
(3.3103)
(-2.1444)
G2(-0.2224)
(1.1536)
(1.0520)
G3(3.0165)
(-1.2318)
(-0.1304)
G4(-1.0403)
(2.2375)
(-1.0903)
A1(-8.4927)
(9.4555)
(-0.5461)
A2(-2.4900)
(13.7571)
(4.8794)
A3(-13.0628)
(1.3647)
(-11.3389)
A4(-2.8778)
(5.8610)
(-9.0788)
G1(0.2602)
(3.5662)
(-2.7553)
G2(-0.0362)
(1.3367)
(1.6027)
G3(4.4650)
(-2.7707)
(-3.7833)
G4(-1.3633)
(1.5149)
(0.0410)
A1(-2.3806)
(9.4507)
(4.9769)
A2(1.5754)
(12.2487)
(2.3750)
A3(-4.3191)
(-16.9222)
(-4.4580)
A4(0.1963)
(14.4658)
(6.6511)
G1(4.6315)
(5.4414)
(-2.9995)
G2(0.6854)
(3.1932)
(0.8572)
G3(1.4601)
(-5.5233)
(-3.7945)
G4(-1.6602)
(0.3565)
(0.5007)
A1(-2.1172)
(3.9183)
(4.3877)
A2(1.4365)
(10.8457)
(7.2113)
A3(-5.8131)
(-9.9982)
(-4.3191)
A4(2.6719)
(11.1761)
(1.6376)
G1(6.4519)
(-0.0905)
(-1.5937)
G2(1.6240)
(0.7237)
(1.2420)
G3(-0.7710)
(-4.6831)
(-4.8694)
G4(-0.9647)
(0.5965)
(0.8274)
A1(-17.5363)
(1.8058)
(-3.9614)
A2(-7.6662)
(-0.9481)
(10.7835)
A3(-8.9783)
(13.8098)
(5.8419)
A4(15.3851)
(8.2265)
(-1.9537)
G1(0.7753)
(-4.3128)
(-0.2448)
G2(-4.3479)
(-0.1107)
(-1.6341)
G3(-0.9158)
(3.9685)
(-2.8005)
G4(-0.4821)
(-0.9291)
(0.2778)
A1(-11.4338)
(3.5782)
(1.5759)
A2(4.8794)
(4.7070)
(5.1667)
A3(-23.9899)
(19.2542)
(-1.4988)
A4(-2.3559)
(10.5297)
(1.0965)
G1(-0.8051)
(1.4559)
(0.3783)
G2(0.1783)
(-0.9461)
(-0.6125)
G3(0.4741)
(-5.2136)
(2.8404)
G4(0.2410)
(1.3271)
(-0.4087)
A1(-6.6055)
(-2.1747)
(3.0465)
A2(11.1330)
(12.3301)
(4.2282)
A3(-0.7135)
(-3.5099)
(-3.9552)
A4(-0.1197)
(9.7444)
(-3.0837)
G1(-0.8652)
(-3.1283)
(1.4750)
G2(-0.1511)
(-0.8551)
(0.1181)
G3(-1.3324)
(0.9535)
(-0.1128)
G4(0.0809)
(-0.7338)
(-0.2091)
A1(-4.1625)
(0.7425)
(1.6047)
A2(2.4038)
(4.4245)
(6.2153)
A3(-7.5369)
(-0.3256)
(3.1364)
A4(-0.1341)
(9.4427)
(-0.7757)
G1(-0.8493)
(-2.1758)
(2.1215)
G2(-0.0287)
(0.4885)
(-0.1048)
G3(-0.1128)
(-1.1297)
(1.6400)
G4(0.2538)
(0.6199)
(-0.3778)
A1(-9.3645)
(3.6788)
(-0.1868)
A2(-0.2298)
(11.1235)
(3.6105)
A3(-4.4005)
(1.8196)
(-2.9497)
A4(0.1293)
(8.9735)
(-2.3128)
G1(0.8679)
(-2.1561)
(3.0203)
G2(0.3219)
(-1.4686)
(-0.5316)
G3(-0.1463)
(-0.2650)
(4.7305)
G4(0.4347)
(-0.5827)
(-0.1628)
A1(-9.9345)
(3.9757)
(3.6261)
A2(-1.6376)
(6.6176)
(3.7541)
A3(-8.2217)
(-2.9018)
(-2.8108)
A4(-0.3543)
(8.8346)
(-4.2617)
G1(0.9466)
(0.0048)
(2.9777)
G2(0.4858)
(0.4693)
(-0.8184)
G3(0.9924)
(2.3482)
(3.2193)
G4(0.4879)
(-0.1000)
(-0.2192)
A1(-8.3395)
(6.2989)
(3.7554)
A2(0.5698)
(8.3366)
(3.0119)
A3(-11.9806)
(5.1092)
(-5.8466)
A4(0.7757)
(9.1028)
(-3.2465)
G1(1.0504)
(-0.6886)
(2.7829)
G2(0.1070)
(-1.1744)
(-0.4949)
G3(-0.9631)
(2.3961)
(2.1854)
G4(0.1676)
(-0.8977)
(0.0436)
A1(-9.1681)
(7.3431)
(2.3375)
A2(-1.2210)
(10.7212)
(1.4222)
A3(-6.9192)
(8.1786)
(-5.8371)
A4(1.3503)
(8.3653)
(-4.1611)
G1(1.3782)
(0.1075)
(1.9092)
G2(0.2421)
(-0.5816)
(-0.3895)
G3(-1.4026)
(3.1347)
(1.6538)
G4(0.2246)
(-0.2453)
(-0.1825)
A1(-5.9349)
(8.4784)
(3.7793)
A2(1.8340)
(8.1786)
(0.9529)
A3(-7.5800)
(8.3318)
(-6.7038)
A4(0.5986)
(9.2608)
(-4.6064)
G1(0.3986)
(0.5619)
(1.5399)
G2(0.0181)
(-0.4869)
(-0.4103)
G3(-1.3654)
(1.5942)
(1.9406)
G4(0.1107)
(-0.2027)
(-0.0048)
A1(-4.4787)
(9.1154)
(1.8729)
A2(-0.3879)
(10.7548)
(1.2402)
A3(-6.8474)
(10.4962)
(-5.0135)
A4(-0.2251)
(8.8298)
(-4.4005)
G1(1.2047)
(-0.7120)
(1.3095)
G2(0.2155)
(-0.4534)
(0.0229)
G3(-1.1776)
(1.9183)
(1.3340)
G4(0.0686)
(-0.2841)
(0.0431)
A1(-6.4713)
(9.7381)
(2.3806)
A2(0.9816)
(10.2185)
(1.0918)
A3(-5.1380)
(10.0556)
(-4.9799)
A4(-0.2729)
(9.3853)
(-4.2521)
G1(0.9956)
(-0.5656)
(0.9887)
G2(0.1144)
(-0.0250)
(-0.0436)
G3(-0.9381)
(0.6508)
(1.0664)
G4(0.0660)
(-0.1703)
(0.0713)
A1(-4.6368)
(8.3969)
(0.8287)
A2(0.7853)
(9.3709)
(2.2889)
A3(-3.9169)
(10.1658)
(-3.9840)
A4(0.1724)
(8.8155)
(-4.9464)
G1(1.5426)
(-0.5640)
(0.6859)
G2(0.2496)
(-0.9126)
(-0.0937)
G3(-0.7524)
(0.5156)
(0.5566)
G4(0.0096)
(-0.3959)
(0.1314)
