A1(2.2130)
(10.0208)
(-3.0034)
A2(0.9912)
(9.9647)
(-1.4078)
A3(2.2553)
(7.2353)
(-6.6224)
A4(7.3071)
(14.8441)
(3.0263)
G1(-0.2395)
(-1.6118)
(0.2698)
G2(0.0133)
(0.1064)
(0.1713)
G3(0.6870)
(-0.3512)
(0.3938)
G4(0.9333)
(1.1121)
(-0.6689)
A1(2.5100)
(10.8015)
(3.5111)
A2(4.3527)
(8.3462)
(2.0542)
A3(2.5809)
(9.4475)
(-3.9600)
A4(2.2745)
(12.8473)
(-3.0406)
G1(-0.8200)
(-2.3690)
(-0.6540)
G2(-1.0179)
(0.1086)
(0.0027)
G3(0.0628)
(0.7466)
(-0.2027)
G4(1.5123)
(-0.9786)
(0.3331)
A1(1.5424)
(10.5956)
(4.7900)
A2(5.9664)
(7.4747)
(5.9616)
A3(4.3096)
(8.1690)
(-3.4189)
A4(-4.2665)
(24.9715)
(-14.1785)
G1(-0.5066)
(-2.7516)
(-0.2607)
G2(-2.4270)
(0.1032)
(0.1197)
G3(-0.0096)
(-0.4901)
(0.0186)
G4(2.9798)
(-1.2574)
(2.2450)
A1(1.4035)
(10.9165)
(-1.2071)
A2(5.7174)
(8.8538)
(6.9815)
A3(6.2393)
(8.2073)
(-4.6687)
A4(3.6440)
(-0.7518)
(-12.1147)
G1(-0.5550)
(-1.6192)
(-0.7040)
G2(-4.3564)
(-2.6403)
(2.0891)
G3(-0.2783)
(-1.1893)
(0.0681)
G4(4.1941)
(2.6403)
(4.8593)
A1(-1.2023)
(6.7492)
(4.4404)
A2(11.4395)
(11.6693)
(5.4971)
A3(3.9600)
(6.9288)
(-7.7237)
A4(3.6200)
(-8.5952)
(2.3607)
G1(0.6114)
(-1.8911)
(-0.3485)
G2(-4.5352)
(-3.5513)
(3.0730)
G3(-1.0844)
(-1.9970)
(0.2070)
G4(0.7418)
(6.9228)
(3.5992)
A1(1.2263)
(6.7875)
(6.2893)
A2(8.6814)
(4.3479)
(5.5402)
A3(-0.7230)
(9.5433)
(2.2936)
A4(4.0223)
(-9.5002)
(-2.6624)
G1(-0.2112)
(-1.2425)
(-0.0841)
G2(-1.8938)
(-3.6434)
(2.0550)
G3(-1.5724)
(-2.1359)
(-0.1948)
G4(-1.8459)
(-0.8312)
(6.7658)
A1(-6.0019)
(8.9622)
(2.7447)
A2(2.6863)
(4.8650)
(0.7949)
A3(-3.0789)
(12.7036)
(4.2186)
A4(-2.5809)
(-13.9773)
(-12.9431)
G1(-0.2831)
(-0.9009)
(-0.3916)
G2(-0.0867)
(-4.3804)
(1.8299)
G3(-0.6662)
(-0.9046)
(-0.1799)
G4(-2.9405)
(-2.6089)
(4.5639)
A1(2.3423)
(11.0794)
(4.0907)
A2(7.5705)
(1.6089)
(2.1883)
A3(0.0239)
(8.0541)
(-0.9050)
A4(3.7876)
(-42.0757)
(-8.3031)
G1(0.1532)
(-0.6907)
(-0.1389)
G2(5.1626)
(-4.1414)
(0.8955)
G3(0.4432)
(-0.0926)
(-0.3102)
G4(-1.7331)
(-3.3353)
(-0.5018)
A1(-4.7900)
(9.4795)
(3.2524)
A2(30.4255)
(4.7980)
(5.6407)
A3(3.1939)
(9.1315)
(-1.7095)
A4(8.7484)
(4.8554)
(-0.7901)
G1(0.7923)
(1.1802)
(0.4097)
G2(-1.9885)
(-9.5408)
(0.5624)
G3(-0.0420)
(-0.7226)
(0.5130)
G4(0.1767)
(0.9961)
(-2.6957)
A1(0.8478)
(8.8137)
(2.1124)
A2(29.1279)
(5.7509)
(-4.8315)
A3(-0.4118)
(8.8346)
(-3.8930)
A4(11.1187)
(-5.4109)
(-5.5498)
G1(0.6061)
(0.3001)
(0.2357)
G2(-0.2512)
(-1.6453)
(0.0016)
G3(0.1527)
(1.0445)
(-0.0910)
G4(0.5933)
(-1.5985)
(-3.3715)
A1(-1.7675)
(10.4662)
(1.3987)
A2(-1.3838)
(-2.3272)
(4.1563)
A3(0.8571)
(9.5193)
(-1.3934)
A4(5.4492)
(-1.0774)
(-7.2975)
G1(0.5183)
(-0.0431)
(0.0867)
G2(-1.8672)
(-0.7540)
(-0.7205)
G3(0.2426)
(1.1919)
(-0.0357)
G4(-1.1047)
(-1.7065)
(-4.3984)
A1(0.5269)
(9.0675)
(2.1890)
A2(15.2271)
(5.7413)
(-1.5419)
A3(1.8531)
(9.1123)
(-2.1691)
A4(3.6392)
(1.1492)
(-8.3318)
G1(0.5710)
(1.2159)
(0.5486)
G2(-1.0775)
(3.9626)
(-2.3754)
G3(0.2458)
(0.6300)
(0.1107)
G4(-1.2962)
(-2.3519)
(-3.5332)
A1(-1.8873)
(8.8903)
(-2.7016)
A2(7.5896)
(3.3375)
(-0.0622)
A3(1.9585)
(8.5904)
(-6.5553)
A4(4.7453)
(6.3542)
(-10.0987)
G1(0.2261)
(2.5164)
(0.0596)
G2(-0.5545)
(0.1687)
(-2.3940)
G3(0.6119)
(1.8182)
(-0.2889)
G4(-1.0935)
(-1.5990)
(-1.7240)
A1(-1.9208)
(9.3741)
(0.0383)
A2(8.1307)
(6.3063)
(3.4812)
A3(2.1787)
(9.6822)
(-3.3854)
A4(4.6448)
(9.3230)
(-8.5425)
G1(-0.0223)
(0.7279)
(-0.1378)
G2(0.9807)
(2.5813)
(-2.6425)
G3(0.0277)
(1.3627)
(-0.0261)
G4(-1.2941)
(-1.3782)
(-0.4715)
A1(-1.2885)
(10.3369)
(0.4359)
A2(9.4188)
(7.3933)
(2.7869)
A3(3.3854)
(7.8051)
(-4.6448)
A4(4.1611)
(10.0940)
(-7.4268)
G1(0.4901)
(-0.6449)
(0.2166)
G2(1.2420)
(1.2020)
(-2.3700)
G3(-0.1128)
(0.8386)
(0.0351)
G4(-1.3047)
(-1.3133)
(-0.2288)
A1(2.6393)
(10.2842)
(9.6998)
A2(5.7509)
(9.2943)
(2.3990)
A3(1.9249)
(8.8873)
(-2.4948)
A4(1.5945)
(10.4148)
(-4.5107)
G1(1.2584)
(1.3218)
(-0.5039)
G2(1.1712)
(0.6151)
(-1.7320)
G3(-0.1426)
(0.7599)
(-0.1676)
G4(-1.4750)
(-0.6002)
(-0.1846)
A1(-2.8118)
(8.0521)
(-2.0118)
A2(5.3295)
(8.9735)
(2.7485)
A3(2.9401)
(9.4571)
(-2.6480)
A4(2.0016)
(10.5058)
(-3.5051)
G1(0.1660)
(1.4511)
(-0.0447)
G2(1.2063)
(0.3645)
(-1.0131)
G3(-0.2671)
(0.1932)
(-0.0952)
G4(-0.6231)
(0.1671)
(-0.4220)
A1(0.8718)
(11.5536)
(-0.3209)
A2(3.5674)
(8.2217)
(0.7949)
A3(3.6823)
(9.1794)
(-0.6273)
A4(2.2601)
(9.2273)
(-5.3439)
G1(0.5082)
(0.6018)
(-0.6965)
G2(0.7056)
(0.8205)
(-0.8242)
G3(0.0612)
(0.5135)
(-0.2112)
G4(-0.1336)
(0.0043)
(0.1713)
A1(-1.0778)
(7.5539)
(-0.3401)
A2(4.3574)
(9.4667)
(1.1875)
A3(-0.2251)
(10.2711)
(-3.1939)
A4(-0.3496)
(9.3901)
(-5.6072)
G1(-0.5486)
(0.7556)
(0.2543)
G2(0.6593)
(0.9802)
(-0.4475)
G3(-0.1112)
(-0.1793)
(-0.0947)
G4(-0.3363)
(-0.1469)
(-0.0575)
A1(-0.4311)
(8.7418)
(1.1352)
A2(4.0845)
(10.0796)
(0.6752)
A3(-0.0958)
(9.9742)
(-2.7294)
A4(2.2745)
(9.6630)
(-2.5139)
G1(0.8849)
(0.7838)
(-0.0245)
G2(0.3022)
(0.7114)
(0.1155)
G3(0.1075)
(-0.3288)
(-0.2134)
G4(-0.3661)
(0.0032)
(-0.2996)
