A1(-5.8199)
(6.3133)
(6.6294)
A2(0.7230)
(8.4755)
(0.3017)
A3(-1.8723)
(9.8067)
(-2.3176)
A4(-0.4022)
(6.7995)
(-10.2520)
G1(-3.3353)
(0.9019)
(0.0309)
G2(-0.9791)
(-0.1490)
(0.0958)
G3(0.6359)
(0.6258)
(-0.0341)
G4(0.3235)
(0.5247)
(-0.1330)
A1(-10.6818)
(9.5370)
(4.5841)
A2(-1.4365)
(9.1459)
(0.8523)
A3(-7.4220)
(15.8688)
(-5.0039)
A4(-4.3958)
(7.1539)
(-7.1730)
G1(-2.7069)
(0.9897)
(-0.4422)
G2(-1.0589)
(0.9333)
(0.4651)
G3(1.0174)
(-2.1215)
(0.8993)
G4(-0.0208)
(1.3031)
(-0.4177)
A1(-6.8450)
(10.9788)
(3.3147)
A2(-0.0431)
(10.6638)
(-3.6009)
A3(-10.2089)
(20.2741)
(-11.0229)
A4(-1.8292)
(8.7484)
(-6.3351)
G1(-1.5713)
(5.5627)
(-2.7452)
G2(-0.6290)
(1.8448)
(1.0248)
G3(2.1476)
(-0.5523)
(-2.9335)
G4(-0.4033)
(0.7221)
(0.1405)
A1(-9.3933)
(6.7875)
(-0.5988)
A2(-1.2067)
(10.4291)
(8.3653)
A3(-8.8873)
(-2.6576)
(-10.8888)
A4(-2.2793)
(8.2935)
(-8.0302)
G1(2.2897)
(3.2065)
(-2.8245)
G2(-1.0238)
(0.1953)
(0.5428)
G3(3.8599)
(-2.1529)
(-6.2981)
G4(-1.0461)
(1.1701)
(0.2251)
A1(-1.3077)
(8.1239)
(1.8585)
A2(6.1339)
(10.0126)
(1.1396)
A3(-10.3430)
(-6.3015)
(-7.2305)
A4(-1.2881)
(10.2472)
(1.3455)
G1(4.0451)
(4.8635)
(-2.8207)
G2(0.4193)
(3.5758)
(0.2852)
G3(1.7767)
(-2.3690)
(-4.8603)
G4(-1.1691)
(1.3792)
(0.3815)
A1(-2.3136)
(-0.8766)
(0.5700)
A2(0.8140)
(14.4706)
(5.0996)
A3(-4.3335)
(-7.9248)
(-8.0685)
A4(2.6959)
(10.9463)
(2.4660)
G1(5.5159)
(-1.5107)
(-2.1024)
G2(0.8418)
(-1.3266)
(0.9993)
G3(2.4461)
(-2.0736)
(-3.9834)
G4(-0.7386)
(1.3526)
(0.2528)
A1(3.2572)
(-4.5984)
(3.0034)
A2(-3.4572)
(1.7717)
(3.9600)
A3(-3.5291)
(10.1754)
(-3.4141)
A4(14.9398)
(7.9871)
(-2.6624)
G1(0.6598)
(-2.8606)
(0.6412)
G2(1.3840)
(0.0112)
(0.2293)
G3(-1.3622)
(1.1116)
(-2.2296)
G4(-0.2006)
(-0.9291)
(0.3597)
A1(-1.8106)
(-1.4514)
(4.5793)
A2(1.2210)
(3.5578)
(-0.8188)
A3(-31.2300)
(4.9608)
(-8.1020)
A4(2.7533)
(9.6247)
(0.2729)
G1(-0.9817)
(0.2756)
(0.4635)
G2(-2.8755)
(-0.1176)
(-1.8353)
G3(-1.6527)
(-2.2189)
(-1.8257)
G4(0.2724)
(-0.4321)
(-0.1538)
A1(-9.7669)
(2.8357)
(-1.1400)
A2(-0.2203)
(6.4835)
(4.7022)
A3(-5.3056)
(3.1316)
(0.9816)
A4(-0.0958)
(8.9016)
(-3.7302)
G1(-1.6815)
(-1.9869)
(1.6618)
G2(0.2730)
(0.5928)
(0.3767)
G3(-0.6502)
(-1.1999)
(0.7673)
G4(0.1926)
(-1.0419)
(-0.1469)
A1(-9.1729)
(5.5277)
(0.6898)
A2(2.2410)
(10.5201)
(3.5243)
A3(-5.9520)
(-0.5938)
(-3.1843)
A4(1.8962)
(9.3470)
(-2.3846)
G1(-0.3943)
(-2.6994)
(2.7734)
G2(-0.1852)
(-1.3963)
(-0.4895)
G3(2.1891)
(0.3879)
(2.7100)
G4(0.2224)
(-0.9780)
(-0.0772)
A1(-10.2603)
(5.3936)
(3.4967)
A2(4.9847)
(9.7731)
(3.2705)
A3(-6.9432)
(-5.9185)
(-6.9288)
A4(0.7422)
(9.1363)
(-4.2042)
G1(0.0825)
(-0.0367)
(3.0703)
G2(0.2778)
(-0.2485)
(-0.3640)
G3(0.3097)
(2.6866)
(2.5137)
G4(0.2001)
(-0.5672)
(-0.1862)
A1(-6.5480)
(8.1431)
(1.6765)
A2(-0.1101)
(9.7444)
(2.1261)
A3(-9.8354)
(0.5698)
(-8.6287)
A4(-0.6416)
(8.5712)
(-5.4875)
G1(0.9743)
(-1.3819)
(2.3690)
G2(0.1458)
(-0.7646)
(-0.3698)
G3(-2.5994)
(3.7429)
(2.2178)
G4(-0.1894)
(-0.8939)
(-0.0777)
A1(-6.6917)
(7.5156)
(4.0188)
A2(1.0295)
(9.8306)
(0.5650)
A3(-6.4117)
(10.0556)
(-8.0206)
A4(0.8475)
(9.3805)
(-2.9832)
G1(0.8328)
(-0.7865)
(1.6458)
G2(0.2187)
(-0.8173)
(-0.4369)
G3(-1.6852)
(1.9411)
(1.1137)
G4(-0.3528)
(-0.7125)
(-0.0623)
A1(-5.3744)
(8.8233)
(0.5365)
A2(1.3503)
(9.9072)
(0.6752)
A3(-6.4548)
(7.7812)
(-5.6312)
A4(-0.8811)
(9.4284)
(-3.6919)
G1(1.3234)
(-0.1666)
(1.2196)
G2(0.6965)
(-1.1648)
(-0.2794)
G3(-1.3085)
(0.7120)
(1.7464)
G4(-0.0729)
(-0.1086)
(-0.0106)
A1(-3.2524)
(8.9765)
(3.1471)
A2(-0.1915)
(9.9455)
(0.4645)
A3(-6.3686)
(8.8633)
(-5.7557)
A4(0.4741)
(9.8785)
(-3.2417)
G1(1.1536)
(-0.6470)
(0.4379)
G2(0.3049)
(-0.2219)
(-0.1564)
G3(-1.5442)
(0.8860)
(0.4198)
G4(0.0484)
(0.0144)
(0.0112)
A1(-1.2550)
(6.5528)
(2.1507)
A2(-0.9577)
(9.8306)
(1.2163)
A3(-2.8635)
(10.0652)
(-3.6344)
A4(-1.3072)
(9.6630)
(-3.9600)
G1(0.8003)
(-0.9775)
(0.3789)
G2(0.2453)
(-0.2900)
(-0.2410)
G3(-1.7177)
(1.0248)
(0.0314)
G4(0.0537)
(-0.2953)
(0.0484)
A1(-5.2834)
(10.2028)
(-2.1747)
A2(0.2634)
(9.5337)
(1.2210)
A3(-2.2458)
(12.3158)
(-0.5507)
A4(0.3352)
(9.4284)
(-2.9161)
G1(0.8333)
(-2.1024)
(-0.7306)
G2(0.0676)
(-0.3741)
(-0.1873)
G3(0.0734)
(-0.3837)
(0.4991)
G4(0.0878)
(-0.0085)
(0.0074)
A1(-0.7664)
(10.0830)
(0.9149)
A2(-0.9912)
(9.5672)
(0.9816)
A3(1.8531)
(8.5521)
(-1.9345)
A4(-0.0096)
(9.0022)
(-4.7357)
G1(-0.0112)
(1.5782)
(0.2309)
G2(0.7258)
(0.3038)
(-0.3570)
G3(0.1389)
(0.5486)
(-0.3773)
G4(0.0851)
(0.0607)
(0.1123)
A1(-1.6669)
(9.3070)
(0.4263)
A2(1.2641)
(8.9735)
(-1.3743)
A3(-1.8292)
(8.7245)
(-5.2529)
A4(0.3400)
(8.9639)
(-4.4867)
G1(0.1719)
(0.2219)
(0.1038)
G2(0.1117)
(-0.5039)
(0.2357)
G3(-0.0942)
(0.7056)
(-0.1761)
G4(-0.1011)
(0.2655)
(-0.0303)
A1(-2.6249)
(9.4028)
(0.7041)
A2(-0.6943)
(9.8545)
(-1.2546)
A3(-2.1835)
(9.4332)
(-2.3367)
A4(0.6129)
(9.4188)
(-3.0502)
G1(0.3129)
(0.6859)
(0.1149)
G2(0.1298)
(0.1011)
(0.0458)
G3(-0.1272)
(-0.0298)
(0.1133)
G4(-0.0846)
(0.2634)
(-0.0218)
