A1(-7.8413)
(8.0137)
(10.7728)
A2(-1.7957)
(9.6534)
(1.4078)
A3(-3.2848)
(15.4330)
(-1.8531)
A4(2.0734)
(8.8633)
(-6.3159)
G1(-4.0467)
(2.7420)
(-0.2607)
G2(-0.7524)
(0.9562)
(0.2299)
G3(1.6852)
(-0.7056)
(-0.5465)
G4(0.2708)
(0.6960)
(-0.3241)
A1(-14.2552)
(7.2330)
(6.1312)
A2(1.6807)
(8.3031)
(0.6560)
A3(-2.0590)
(11.3102)
(-13.0532)
A4(-3.9169)
(9.0884)
(-7.5561)
G1(-2.7920)
(1.0802)
(-1.0440)
G2(-0.8471)
(-0.9525)
(0.5502)
G3(2.0822)
(-1.5884)
(1.5809)
G4(-0.2198)
(1.4740)
(-0.3006)
A1(-9.9729)
(8.6412)
(4.4643)
A2(1.0439)
(8.4132)
(4.9273)
A3(-5.9185)
(4.9416)
(-9.9311)
A4(-2.1548)
(7.6327)
(-7.1443)
G1(-1.5836)
(3.4162)
(-1.8496)
G2(-0.9935)
(-1.9443)
(1.2372)
G3(4.4086)
(-1.2606)
(-1.9358)
G4(-0.2549)
(1.8869)
(-0.3480)
A1(-7.8365)
(5.6139)
(-3.7219)
A2(-1.9345)
(10.4914)
(2.6719)
A3(-8.3510)
(-5.0709)
(-4.6448)
A4(0.0527)
(7.6088)
(-8.2025)
G1(2.4190)
(4.4735)
(-1.6602)
G2(-0.0314)
(3.9020)
(0.9312)
G3(2.4802)
(-5.4653)
(-2.5579)
G4(-1.3218)
(0.6114)
(0.1953)
A1(-5.4894)
(5.6427)
(6.1073)
A2(3.8403)
(11.8178)
(4.1994)
A3(-7.9775)
(-8.1259)
(0.4262)
A4(-1.5083)
(9.6822)
(-2.2889)
G1(5.5569)
(2.5222)
(-2.0289)
G2(-0.5215)
(2.5877)
(0.8642)
G3(-2.1136)
(-6.2390)
(-2.8548)
G4(-1.4064)
(1.6724)
(0.0165)
A1(-5.2547)
(-0.9341)
(2.0741)
A2(5.2529)
(11.4299)
(3.5913)
A3(-7.9296)
(-5.1236)
(-11.4826)
A4(2.7246)
(9.7109)
(0.9625)
G1(4.6288)
(2.8271)
(-2.0337)
G2(1.3968)
(0.1671)
(0.4965)
G3(-2.8830)
(-1.4500)
(-4.3085)
G4(-0.6034)
(0.5869)
(0.5092)
A1(3.0560)
(4.4547)
(29.0707)
A2(1.1013)
(7.4843)
(9.7205)
A3(-21.0450)
(8.8921)
(-15.5767)
A4(6.3877)
(6.0190)
(-1.2833)
G1(0.1900)
(-2.1449)
(0.0436)
G2(1.6916)
(0.1415)
(0.0080)
G3(-0.6396)
(3.4263)
(-7.0127)
G4(-0.1756)
(-0.5076)
(0.0229)
A1(-5.0391)
(-0.3497)
(0.2395)
A2(5.3678)
(8.0493)
(2.8347)
A3(-54.6309)
(29.5923)
(4.0031)
A4(-4.3144)
(10.1706)
(-0.1532)
G1(-1.5570)
(3.7237)
(0.4720)
G2(0.6130)
(-0.6737)
(-0.3693)
G3(-0.5241)
(-10.6007)
(1.1345)
G4(0.4959)
(1.8422)
(-0.3964)
A1(0.0335)
(-2.7926)
(-1.2023)
A2(12.4307)
(1.7430)
(-2.6384)
A3(4.7309)
(-12.6127)
(-6.7421)
A4(7.6375)
(5.8466)
(-2.9784)
G1(-1.4878)
(-1.6464)
(0.7881)
G2(-0.1650)
(-1.7751)
(-0.6423)
G3(0.6359)
(0.5124)
(1.5043)
G4(0.0915)
(-1.7991)
(0.5044)
A1(-10.7153)
(3.9709)
(0.8478)
A2(1.0439)
(5.0374)
(3.9552)
A3(4.7980)
(3.8211)
(2.8252)
A4(3.3615)
(9.0309)
(-4.6543)
G1(-1.6666)
(-1.8416)
(2.2136)
G2(-0.6614)
(1.2654)
(-0.2863)
G3(0.5555)
(-0.9541)
(2.2391)
G4(0.0463)
(-1.4559)
(0.1352)
A1(-10.0543)
(5.0727)
(-2.5866)
A2(8.5042)
(7.8578)
(3.4237)
A3(-12.7611)
(6.3351)
(-3.3567)
A4(1.3791)
(9.7731)
(-3.6296)
G1(-0.9195)
(-0.5076)
(2.4493)
G2(-0.2703)
(-1.3606)
(-0.0016)
G3(1.8917)
(-1.6410)
(3.2741)
G4(0.0372)
(-1.6075)
(0.2421)
A1(-7.6305)
(5.0391)
(3.4776)
A2(4.5250)
(10.7069)
(2.0016)
A3(-12.4020)
(-3.7876)
(-5.7557)
A4(2.1213)
(8.5377)
(-4.5633)
G1(-0.0633)
(-2.1801)
(2.0843)
G2(0.1538)
(-0.5593)
(-0.3661)
G3(0.9913)
(3.4486)
(3.2172)
G4(0.0192)
(-0.7918)
(-0.0564)
A1(-8.8568)
(6.4091)
(5.2738)
A2(2.3176)
(8.7484)
(2.0111)
A3(-9.0836)
(-0.5842)
(-6.7995)
A4(-0.2729)
(9.5002)
(-3.9983)
G1(0.6470)
(-3.5503)
(2.2588)
G2(-0.1676)
(-1.8741)
(-0.4693)
G3(-0.2916)
(3.6870)
(3.1192)
G4(-0.0548)
(-0.3342)
(-0.1809)
A1(-8.4017)
(6.0163)
(6.0211)
A2(0.6225)
(9.7396)
(1.0774)
A3(-5.4636)
(0.8284)
(-7.2401)
A4(-0.7901)
(9.3326)
(-2.2075)
G1(2.0667)
(-1.2978)
(1.6182)
G2(0.2442)
(-1.7150)
(-0.5635)
G3(-1.3840)
(2.8245)
(3.4178)
G4(0.0830)
(-0.1394)
(-0.2368)
A1(-9.4220)
(9.3262)
(6.1265)
A2(-0.0910)
(9.5050)
(3.3567)
A3(-5.6599)
(3.6200)
(-7.6423)
A4(0.9242)
(8.9495)
(-3.3854)
G1(1.8369)
(0.0458)
(1.5671)
G2(0.2134)
(-1.0318)
(-0.3555)
G3(-2.0220)
(2.2727)
(1.7145)
G4(0.1809)
(0.1282)
(-0.2065)
A1(-5.9780)
(9.1107)
(7.0222)
A2(-1.3791)
(8.0541)
(3.2848)
A3(-4.7118)
(9.9886)
(-8.2552)
A4(-0.5650)
(9.4188)
(-2.0638)
G1(1.8353)
(-0.7418)
(0.9599)
G2(-0.0144)
(-0.6018)
(-0.2841)
G3(-2.4078)
(0.7168)
(1.3138)
G4(0.3464)
(-0.1181)
(0.0974)
A1(-4.6176)
(9.7669)
(4.5553)
A2(1.0965)
(10.6398)
(2.0207)
A3(-3.1939)
(11.7268)
(-4.0031)
A4(0.9673)
(9.4236)
(-3.8403)
G1(2.2966)
(-0.3278)
(1.0557)
G2(0.4422)
(-0.2597)
(-0.1522)
G3(-2.0284)
(1.2324)
(0.5736)
G4(0.3624)
(0.3070)
(0.0330)
A1(-6.2318)
(7.8509)
(2.3136)
A2(0.1245)
(9.3278)
(0.1915)
A3(-6.9288)
(20.5039)
(-4.9321)
A4(1.5562)
(8.4946)
(-5.1092)
G1(-0.2730)
(-1.7139)
(-0.0208)
G2(0.2416)
(0.1772)
(-0.0165)
G3(-0.4406)
(0.1836)
(0.6465)
G4(0.1724)
(0.5571)
(0.0096)
A1(-3.3961)
(9.4747)
(-0.2682)
A2(-0.5602)
(9.2847)
(1.3838)
A3(-6.3398)
(18.2630)
(2.6384)
A4(-0.0239)
(8.8873)
(-4.7166)
G1(1.0307)
(-1.4777)
(-0.0915)
G2(0.0463)
(-0.4629)
(-0.0005)
G3(-0.1974)
(0.6396)
(-0.5114)
G4(0.1059)
(0.6119)
(0.0548)
A1(-3.2237)
(10.6770)
(-0.8095)
A2(-0.0144)
(9.9120)
(-0.6081)
A3(1.1779)
(8.9543)
(-4.8459)
A4(1.1396)
(8.6574)
(-4.9943)
G1(0.1942)
(0.5859)
(0.1277)
G2(0.1671)
(0.6024)
(-0.1846)
G3(0.2453)
(0.2655)
(-0.1995)
G4(0.0043)
(0.3757)
(0.0995)
