A1(-1.0394)
(9.1969)
(1.3508)
A2(0.6943)
(8.7197)
(0.6416)
A3(-0.5076)
(9.5672)
(-3.3854)
A4(0.3783)
(9.2081)
(-4.5490)
G1(-0.2405)
(-0.0681)
(0.0138)
G2(-1.0557)
(0.5965)
(0.1639)
G3(0.0170)
(0.4209)
(-0.1458)
G4(-0.0974)
(0.0160)
(-0.1038)
A1(-2.7782)
(9.0244)
(1.9543)
A2(0.9290)
(10.6829)
(1.0582)
A3(-1.1061)
(9.1746)
(-2.4086)
A4(-0.0479)
(9.4667)
(-3.0454)
G1(-0.2341)
(0.2565)
(0.1240)
G2(0.1123)
(0.0665)
(-0.0149)
G3(0.1522)
(-0.1932)
(-0.0160)
G4(0.0937)
(0.1868)
(-0.1133)
A1(-7.1563)
(8.8041)
(3.9470)
A2(0.4741)
(9.5193)
(1.4988)
A3(-1.5083)
(8.8921)
(-2.7773)
A4(-0.4262)
(8.5856)
(-2.6145)
G1(-1.2196)
(3.0868)
(0.7907)
G2(0.2091)
(-0.1676)
(-0.1107)
G3(0.1165)
(0.0117)
(-0.0984)
G4(0.2559)
(0.4113)
(-0.2155)
A1(-1.1831)
(13.8432)
(7.2377)
A2(-1.0056)
(8.6957)
(1.0199)
A3(-4.3431)
(13.2687)
(0.0910)
A4(-3.2034)
(7.6136)
(-9.1028)
G1(-3.1730)
(2.0337)
(-0.3847)
G2(-0.3709)
(0.4443)
(0.0921)
G3(0.6252)
(4.0834)
(-1.1765)
G4(-0.1799)
(0.4874)
(-0.0628)
A1(-10.3513)
(12.1619)
(6.9503)
A2(0.4884)
(10.2328)
(0.8428)
A3(-4.9608)
(11.4395)
(-12.0811)
A4(-1.4892)
(9.0261)
(-4.2665)
G1(-1.3686)
(3.6460)
(-2.6701)
G2(-1.3489)
(1.0440)
(1.0616)
G3(3.4997)
(0.7162)
(-3.0921)
G4(-0.3315)
(0.8514)
(0.0138)
A1(-9.0628)
(13.3259)
(-0.9293)
A2(-1.6041)
(13.0149)
(0.5315)
A3(-5.4492)
(3.7972)
(-15.6054)
A4(0.5746)
(7.9344)
(-4.9081)
G1(1.3058)
(5.6085)
(-3.3491)
G2(-0.0553)
(1.1738)
(0.9929)
G3(1.0382)
(-0.6971)
(0.0021)
G4(-0.1117)
(1.5484)
(-0.2586)
A1(-2.1316)
(10.8111)
(0.3114)
A2(1.2210)
(10.4291)
(4.8459)
A3(-2.3703)
(-6.7277)
(-12.4020)
A4(2.7677)
(5.9424)
(-5.8227)
G1(5.7388)
(3.3523)
(-2.3493)
G2(-0.7333)
(0.0984)
(0.5619)
G3(6.3630)
(-4.0010)
(-5.9575)
G4(-0.8838)
(1.7932)
(-0.4762)
A1(3.3626)
(4.2871)
(15.0838)
A2(1.3791)
(11.0325)
(3.8259)
A3(-11.0421)
(-11.3437)
(-16.2949)
A4(-0.3496)
(10.1227)
(0.6991)
G1(5.9820)
(1.8911)
(-2.0662)
G2(-0.1916)
(3.3273)
(0.1857)
G3(1.9821)
(-3.3800)
(-4.7145)
G4(-0.8003)
(0.2496)
(0.5518)
A1(3.7171)
(-2.1220)
(16.7460)
A2(10.6111)
(10.4483)
(0.4836)
A3(-5.5019)
(-0.0862)
(-12.7802)
A4(4.7357)
(8.5186)
(1.3503)
G1(0.6715)
(-1.1387)
(-0.9179)
G2(1.5256)
(-0.4949)
(0.7939)
G3(0.2512)
(-0.6880)
(-2.2253)
G4(-0.3272)
(-0.3161)
(0.5247)
A1(-14.1881)
(6.3372)
(-3.8368)
A2(1.5371)
(11.0133)
(6.3398)
A3(-9.0453)
(32.6952)
(0.2107)
A4(-2.1021)
(9.2129)
(-2.1835)
G1(-1.7634)
(4.5022)
(0.1841)
G2(0.3991)
(-0.1857)
(-0.0266)
G3(2.3631)
(-6.0310)
(1.3292)
G4(0.2373)
(2.0476)
(-0.4975)
A1(-6.0642)
(1.7819)
(0.4455)
A2(4.7884)
(13.0963)
(4.8411)
A3(-5.6838)
(-6.8283)
(-1.1492)
A4(0.4310)
(7.9440)
(-1.2019)
G1(-2.3232)
(-2.2487)
(0.9626)
G2(-0.3076)
(-1.0786)
(0.0186)
G3(-0.4209)
(-0.0846)
(0.7971)
G4(-0.0559)
(-2.2546)
(0.1745)
A1(-7.3527)
(5.0152)
(-2.0932)
A2(5.2529)
(9.2225)
(4.6304)
A3(-5.3151)
(-0.5028)
(-2.2745)
A4(2.2362)
(9.9072)
(-2.7150)
G1(-0.3895)
(-1.9832)
(1.9438)
G2(0.1948)
(0.0718)
(-0.1293)
G3(-0.6311)
(-1.0126)
(4.3224)
G4(0.4864)
(0.2496)
(-0.1868)
A1(-8.1766)
(6.5001)
(-1.7244)
A2(1.6472)
(7.7428)
(4.1180)
A3(-10.1754)
(-6.9863)
(-2.8491)
A4(0.2298)
(9.2416)
(-1.8914)
G1(0.3299)
(-0.7838)
(2.7909)
G2(0.2198)
(-1.6118)
(-0.6550)
G3(1.9124)
(2.1817)
(2.5940)
G4(0.4736)
(-0.7881)
(-0.0947)
A1(-3.8225)
(6.3276)
(-1.0059)
A2(1.6185)
(8.1690)
(2.7054)
A3(-8.8825)
(0.9002)
(-5.3391)
A4(0.3065)
(9.0022)
(-4.2856)
G1(0.4869)
(-1.8821)
(2.7563)
G2(0.2517)
(-0.1155)
(-0.3006)
G3(-1.3713)
(2.8495)
(2.5398)
G4(0.2017)
(-0.8924)
(-0.0388)
A1(-6.7300)
(10.7632)
(4.6847)
A2(0.9242)
(10.0173)
(2.4086)
A3(-7.5369)
(6.9528)
(-8.4276)
A4(0.9960)
(9.2895)
(-3.3471)
G1(1.6762)
(-1.8805)
(1.6719)
G2(0.1235)
(-1.1111)
(-0.3549)
G3(-1.9475)
(2.1641)
(2.1503)
G4(0.0575)
(-0.7838)
(-0.0782)
A1(-6.9935)
(8.9382)
(1.1831)
A2(-0.6991)
(9.2943)
(1.4892)
A3(-7.9248)
(8.9399)
(-8.0637)
A4(-0.0431)
(9.2129)
(-3.8978)
G1(1.0217)
(-0.2182)
(1.9300)
G2(0.3161)
(-0.9301)
(-0.2985)
G3(-1.5559)
(2.3599)
(2.1093)
G4(0.0708)
(-0.8737)
(0.1644)
A1(-4.5026)
(9.3310)
(3.0081)
A2(2.2218)
(9.9503)
(0.2155)
A3(-4.3527)
(10.9894)
(-5.4492)
A4(-0.0622)
(8.6766)
(-6.2393)
G1(0.5672)
(-1.5309)
(1.3532)
G2(0.4741)
(-0.4129)
(-0.1596)
G3(-1.6224)
(0.0851)
(2.2705)
G4(0.2182)
(-0.2097)
(-0.1548)
A1(-4.7421)
(9.2544)
(0.3880)
A2(-0.7183)
(10.0940)
(0.6225)
A3(-4.2282)
(11.3389)
(-4.7309)
A4(-1.0391)
(9.4284)
(-4.5490)
G1(0.3688)
(-0.9493)
(0.4113)
G2(0.0670)
(-0.9482)
(0.0825)
G3(-0.9732)
(-0.1681)
(1.1749)
G4(0.0963)
(-0.1160)
(0.1245)
A1(-3.3195)
(10.4279)
(2.8692)
A2(-0.1580)
(9.8641)
(0.9960)
A3(-6.3446)
(10.8601)
(-3.3854)
A4(0.6800)
(9.1028)
(-3.6152)
G1(0.6550)
(-1.0674)
(0.4459)
G2(0.1692)
(0.0495)
(-0.1447)
G3(-0.4949)
(0.0921)
(0.6157)
G4(0.1181)
(-0.2059)
(-0.1282)
A1(-3.1997)
(9.4316)
(-0.6802)
A2(-0.0766)
(9.4284)
(0.1532)
A3(-4.4197)
(9.6295)
(-2.9018)
A4(0.8380)
(8.2791)
(-5.7844)
G1(1.1813)
(-0.9897)
(-0.1538)
G2(0.5220)
(-1.5644)
(-0.0474)
G3(-0.4001)
(0.7503)
(-0.0383)
G4(-0.1346)
(0.3884)
(-0.1187)
