A1(1.7005)
(7.7694)
(0.7664)
A2(2.4134)
(9.1554)
(-0.9290)
A3(1.4030)
(9.6199)
(-1.3886)
A4(1.3647)
(9.5098)
(-3.6823)
G1(-0.8711)
(-0.0654)
(-0.0937)
G2(-0.0122)
(0.1522)
(0.0218)
G3(0.2927)
(0.1862)
(0.0181)
G4(-0.0862)
(0.0564)
(-0.0479)
A1(-0.0431)
(10.0735)
(-2.3040)
A2(3.0646)
(9.3087)
(-0.5219)
A3(1.4748)
(8.7484)
(-3.7014)
A4(1.2115)
(12.0237)
(1.7669)
G1(-0.8189)
(-1.1424)
(0.0080)
G2(-0.0591)
(-0.1548)
(0.1043)
G3(0.3421)
(-0.3501)
(0.0718)
G4(0.3751)
(0.0197)
(-0.1894)
A1(-1.3221)
(12.5547)
(-0.9101)
A2(3.6392)
(9.0740)
(0.0910)
A3(2.4852)
(8.8107)
(-3.5865)
A4(15.6341)
(23.1376)
(-0.6321)
G1(-0.2746)
(-0.7093)
(-0.1820)
G2(0.0372)
(-0.4305)
(0.1139)
G3(0.3209)
(-0.3006)
(0.0287)
G4(1.9449)
(1.5426)
(-1.1744)
A1(7.7407)
(10.7920)
(7.2234)
A2(6.3351)
(10.6829)
(3.1268)
A3(-1.4653)
(7.6519)
(-3.2417)
A4(-5.0805)
(23.2812)
(-16.7881)
G1(-1.8076)
(0.6263)
(-0.8679)
G2(-2.4291)
(-0.2107)
(0.3501)
G3(-0.3512)
(-0.1006)
(0.0090)
G4(4.2846)
(0.2703)
(3.9483)
A1(6.4522)
(15.5341)
(6.1839)
A2(11.3916)
(6.1579)
(5.9137)
A3(3.5530)
(10.9894)
(0.9529)
A4(-0.9577)
(-7.4508)
(-15.0883)
G1(-0.9770)
(-3.6620)
(0.4401)
G2(-4.4905)
(-0.3560)
(1.7193)
G3(0.1352)
(-0.9174)
(0.1112)
G4(2.3110)
(2.0454)
(4.0382)
A1(5.3888)
(14.4468)
(17.4693)
A2(4.7645)
(10.1466)
(10.5584)
A3(2.6719)
(8.6622)
(-8.0780)
A4(4.1563)
(-4.9033)
(-6.6415)
G1(1.0360)
(1.6958)
(-1.5107)
G2(-5.3770)
(-1.5766)
(1.9646)
G3(-0.3586)
(-1.5421)
(0.0452)
G4(2.7888)
(4.7576)
(3.7929)
A1(-1.1352)
(7.0126)
(4.2823)
A2(11.2480)
(6.1100)
(4.5873)
A3(2.9880)
(10.7260)
(-0.6560)
A4(2.5618)
(-10.1897)
(-2.9113)
G1(0.1708)
(-0.9695)
(0.2118)
G2(-3.1607)
(-5.4228)
(2.7558)
G3(-1.0488)
(-1.2595)
(-0.2533)
G4(-2.4562)
(4.9609)
(3.7727)
A1(-15.6491)
(6.3229)
(5.1685)
A2(2.2170)
(2.9688)
(0.1437)
A3(-0.1245)
(9.3422)
(0.2298)
A4(3.0311)
(93.8527)
(-7.3885)
G1(-0.1336)
(0.8136)
(0.0080)
G2(0.7987)
(-2.3493)
(2.3860)
G3(-0.6550)
(-1.8081)
(-0.0921)
G4(1.6352)
(-3.5817)
(3.8578)
A1(-2.7686)
(7.8509)
(5.8726)
A2(6.3398)
(2.0446)
(0.8428)
A3(-10.2759)
(9.3182)
(-5.8897)
A4(7.7237)
(-3.0311)
(-6.1866)
G1(0.3374)
(-1.6224)
(0.1916)
G2(5.2573)
(-3.0022)
(1.0770)
G3(0.4092)
(2.3338)
(-0.3523)
G4(0.5119)
(-4.5357)
(0.1181)
A1(0.1437)
(8.1239)
(2.3232)
A2(3.4333)
(-6.9336)
(10.7069)
A3(-2.4708)
(11.4682)
(0.3017)
A4(9.1315)
(-2.2601)
(-0.0814)
G1(0.6577)
(0.6753)
(0.2001)
G2(-3.3332)
(8.5963)
(-2.2487)
G3(0.3363)
(0.4592)
(0.0516)
G4(-0.8397)
(-1.5915)
(0.4071)
A1(-1.0682)
(8.7514)
(2.0070)
A2(36.2434)
(15.0547)
(-28.4240)
A3(0.4884)
(8.7676)
(-2.7821)
A4(6.6559)
(2.8395)
(-3.4620)
G1(0.7088)
(-0.0090)
(0.1942)
G2(3.3012)
(-2.7952)
(0.1527)
G3(0.3374)
(1.0562)
(-0.0005)
G4(2.5073)
(-0.7966)
(-0.2943)
A1(-2.5100)
(8.8712)
(2.5052)
A2(-0.5219)
(-1.8723)
(5.4300)
A3(-0.9002)
(10.0030)
(-0.1724)
A4(15.5863)
(-5.3151)
(-6.2010)
G1(0.3006)
(1.6644)
(0.1889)
G2(0.3874)
(-0.6529)
(-0.9935)
G3(0.3576)
(1.8645)
(-0.2070)
G4(0.7811)
(-1.8996)
(-3.7120)
A1(-1.5903)
(10.0016)
(2.5962)
A2(9.8306)
(4.5777)
(-1.2737)
A3(0.9816)
(9.5289)
(-1.8483)
A4(7.1826)
(-4.5298)
(-8.2265)
G1(0.4826)
(0.0298)
(0.2091)
G2(-0.7370)
(2.1838)
(-1.7171)
G3(0.6274)
(2.1870)
(0.0043)
G4(-1.7698)
(-2.5946)
(-4.7198)
A1(-0.5700)
(9.3693)
(-1.6190)
A2(8.1977)
(5.4779)
(0.6943)
A3(1.5467)
(9.1985)
(-3.1795)
A4(5.1475)
(3.0311)
(-9.0118)
G1(0.4294)
(1.0227)
(0.2038)
G2(-0.3964)
(2.5398)
(-1.8480)
G3(0.3975)
(0.9030)
(0.2182)
G4(-1.8342)
(-0.9828)
(-2.6547)
A1(1.0394)
(8.6939)
(-0.6227)
A2(7.7812)
(7.2736)
(0.8045)
A3(1.3024)
(8.8442)
(-3.7062)
A4(5.6743)
(11.2336)
(-8.6239)
G1(0.2996)
(0.8977)
(0.1250)
G2(2.2689)
(2.6989)
(-2.3743)
G3(0.2331)
(1.4149)
(-0.1272)
G4(-2.0641)
(-1.6852)
(-0.9285)
A1(-1.9400)
(7.9515)
(-1.5184)
A2(9.8258)
(7.7668)
(2.5331)
A3(4.8028)
(8.9304)
(-2.0973)
A4(7.4699)
(13.7475)
(-2.7246)
G1(0.0287)
(1.5900)
(0.2065)
G2(2.6840)
(1.2531)
(-2.2727)
G3(0.0463)
(0.4757)
(-0.0218)
G4(-1.2792)
(-1.2808)
(-0.6731)
A1(-0.1677)
(10.5620)
(-1.3077)
A2(6.8714)
(8.7771)
(3.7972)
A3(1.0343)
(8.9352)
(-3.6009)
A4(2.6719)
(11.7076)
(-2.9688)
G1(0.0468)
(1.4048)
(0.0426)
G2(1.8959)
(0.7907)
(-2.5100)
G3(0.0803)
(0.1687)
(-0.0532)
G4(-0.9083)
(-1.4755)
(-0.1261)
A1(-0.1054)
(9.8387)
(-0.5556)
A2(5.8083)
(8.1594)
(2.3415)
A3(1.6616)
(8.9543)
(-3.2992)
A4(4.0989)
(13.4458)
(-1.2689)
G1(-0.0399)
(0.2724)
(-0.0186)
G2(1.3686)
(0.0208)
(-1.3425)
G3(0.0442)
(0.5795)
(-0.2506)
G4(-0.3209)
(0.9727)
(-0.3384)
A1(-0.1293)
(10.0543)
(-0.2347)
A2(3.8355)
(9.4284)
(1.9249)
A3(2.8539)
(9.0740)
(-2.9209)
A4(-1.4653)
(9.6151)
(-4.7645)
G1(0.4124)
(-0.1889)
(-0.3592)
G2(0.3831)
(0.9041)
(-0.9780)
G3(-0.0506)
(0.2943)
(-0.1873)
G4(-0.5193)
(-0.2836)
(-0.0830)
A1(-1.6909)
(8.4113)
(-0.1533)
A2(4.1180)
(10.4579)
(-0.1724)
A3(1.9680)
(9.2129)
(-2.5953)
A4(0.8859)
(10.4100)
(-1.8244)
G1(0.0506)
(0.2033)
(0.0628)
G2(0.0303)
(0.4188)
(-0.0628)
G3(-0.0468)
(-0.3501)
(-0.1666)
G4(-0.1990)
(-0.5273)
(-0.0553)
