A1(3.1471)
(7.0318)
(0.4215)
A2(1.6328)
(9.1411)
(-0.6656)
A3(1.2977)
(9.6965)
(-1.6041)
A4(0.7614)
(10.6638)
(-2.2745)
G1(-1.5766)
(-0.2081)
(0.1777)
G2(0.0112)
(0.3661)
(-0.0080)
G3(0.7263)
(-0.0596)
(0.1181)
G4(-0.0484)
(-0.0202)
(-0.1357)
A1(-1.1688)
(14.7916)
(-1.5903)
A2(3.2992)
(8.8825)
(-0.4549)
A3(2.5091)
(7.4986)
(-5.5162)
A4(7.3071)
(19.8767)
(-0.5555)
G1(-0.6635)
(-1.5181)
(-0.2139)
G2(0.1235)
(-0.2772)
(0.2352)
G3(0.8429)
(-0.4603)
(0.2836)
G4(1.3287)
(0.8540)
(-1.0456)
A1(-4.1625)
(12.2002)
(-2.6345)
A2(3.9887)
(9.3134)
(-1.0678)
A3(2.0877)
(6.6032)
(-7.7428)
A4(11.4682)
(25.3211)
(-3.0550)
G1(0.2921)
(0.3847)
(-0.3842)
G2(0.5215)
(-0.1809)
(0.3544)
G3(0.4842)
(-0.1697)
(-0.1963)
G4(2.1088)
(1.4266)
(-0.3437)
A1(7.7407)
(10.7967)
(5.5996)
A2(10.2999)
(10.0221)
(7.2592)
A3(-2.6049)
(8.3414)
(-5.4205)
A4(-4.6591)
(3.1699)
(-15.5527)
G1(-0.0410)
(-2.9883)
(-0.8104)
G2(-3.7110)
(-0.9711)
(0.2948)
G3(-0.7742)
(-0.3725)
(-0.0915)
G4(3.7418)
(1.1994)
(3.3284)
A1(-10.2890)
(12.1284)
(-5.4415)
A2(1.5131)
(11.7555)
(9.1171)
A3(2.1452)
(10.5249)
(-1.0008)
A4(1.7909)
(-6.6655)
(-5.8179)
G1(0.1543)
(-3.3704)
(-1.2079)
G2(-4.1611)
(-2.5052)
(3.0027)
G3(-0.5156)
(-1.8262)
(0.0282)
G4(3.7759)
(4.7518)
(5.2142)
A1(5.8103)
(7.7168)
(15.2515)
A2(14.7243)
(10.1083)
(6.9911)
A3(5.4923)
(8.5377)
(-3.9025)
A4(2.7725)
(-9.6486)
(-2.0925)
G1(-0.0830)
(0.7620)
(-0.2240)
G2(-4.1670)
(-3.0330)
(3.1677)
G3(-0.5726)
(-2.1912)
(0.2400)
G4(0.9349)
(6.6487)
(4.2372)
A1(-5.4223)
(9.6615)
(4.4356)
A2(10.7117)
(5.0326)
(1.8196)
A3(-8.8921)
(10.0126)
(-2.2027)
A4(0.5746)
(-10.3046)
(-9.8928)
G1(0.4284)
(-1.9550)
(-0.3081)
G2(-2.1109)
(-4.4240)
(2.1833)
G3(-1.3250)
(-3.0910)
(-0.0990)
G4(-1.6634)
(-1.1068)
(4.4208)
A1(-1.6526)
(12.4445)
(5.0870)
A2(4.1659)
(0.5986)
(1.7334)
A3(-1.7621)
(10.3286)
(1.3743)
A4(10.4052)
(-11.4060)
(9.2081)
G1(-0.4310)
(0.4597)
(-0.6939)
G2(4.1329)
(-3.0655)
(2.1311)
G3(-0.6130)
(-1.8576)
(-0.0942)
G4(0.0830)
(1.1307)
(-6.0054)
A1(1.4993)
(8.3395)
(4.5745)
A2(5.1619)
(3.1268)
(-1.8292)
A3(-13.6709)
(10.9223)
(-2.3511)
A4(28.5054)
(11.3485)
(-19.6564)
G1(0.0293)
(-1.0451)
(-0.1352)
G2(5.2706)
(-3.8860)
(0.5257)
G3(0.0798)
(1.0270)
(-0.4161)
G4(-0.7327)
(0.9488)
(0.9541)
A1(-2.6968)
(9.0292)
(2.3615)
A2(4.0414)
(2.4325)
(10.7308)
A3(1.8148)
(10.6829)
(1.0774)
A4(3.9887)
(-0.2107)
(-0.3208)
G1(0.3528)
(1.6064)
(0.1948)
G2(-1.9348)
(-0.4560)
(-0.9658)
G3(0.0724)
(-0.1618)
(0.1559)
G4(-1.1685)
(1.6964)
(-3.8530)
A1(-0.4359)
(9.8771)
(1.7819)
A2(6.7086)
(-3.2944)
(-0.6225)
A3(-0.1820)
(8.7197)
(-3.5003)
A4(10.7500)
(-1.3072)
(-6.6846)
G1(0.3235)
(0.5827)
(0.1900)
G2(-1.2558)
(-4.8034)
(-0.0750)
G3(0.1974)
(0.9706)
(0.0670)
G4(0.6045)
(-0.4991)
(-3.1602)
A1(-2.2992)
(9.7669)
(0.8287)
A2(5.2481)
(0.1532)
(0.6800)
A3(2.2170)
(8.8298)
(-2.2649)
A4(9.4954)
(-2.1404)
(-8.1930)
G1(0.5172)
(0.8844)
(0.2469)
G2(-2.7383)
(5.5414)
(-2.5962)
G3(0.4119)
(1.2968)
(0.0234)
G4(-1.0360)
(-2.0183)
(-3.5960)
A1(1.0011)
(10.1884)
(1.3556)
A2(15.4474)
(5.3247)
(-0.9864)
A3(2.3128)
(8.9399)
(-2.9161)
A4(5.8849)
(-1.0965)
(-9.3518)
G1(0.4810)
(0.6981)
(-0.0474)
G2(-1.1334)
(3.2342)
(-2.2774)
G3(0.4055)
(1.8475)
(-0.1995)
G4(-1.5862)
(-1.7783)
(-3.8791)
A1(-0.7951)
(9.3070)
(1.7915)
A2(7.5848)
(3.8595)
(1.2689)
A3(2.7054)
(9.3039)
(-2.0159)
A4(3.3471)
(5.9328)
(-9.2799)
G1(0.6896)
(0.0926)
(0.1830)
G2(-0.5832)
(0.5619)
(-2.1593)
G3(-0.0575)
(0.3709)
(0.0883)
G4(-1.4303)
(-1.2233)
(-2.7899)
A1(2.1603)
(10.2459)
(-0.2970)
A2(8.5329)
(6.2106)
(2.3511)
A3(-1.5467)
(9.3853)
(-3.2082)
A4(3.1364)
(8.6431)
(-8.4372)
G1(0.3805)
(1.9390)
(0.0234)
G2(1.1882)
(2.0263)
(-2.5132)
G3(0.0287)
(0.7556)
(-0.0644)
G4(-0.9711)
(-0.8141)
(-1.7533)
A1(0.3545)
(9.9393)
(-0.3688)
A2(8.4946)
(7.0964)
(1.3551)
A3(2.0303)
(9.0549)
(-2.2505)
A4(5.7796)
(9.3230)
(-7.7476)
G1(0.5497)
(0.5561)
(-0.6476)
G2(1.1451)
(0.7380)
(-2.0151)
G3(0.0266)
(1.5038)
(-0.1772)
G4(-1.0115)
(-0.5593)
(-1.1488)
A1(0.1964)
(10.0687)
(-1.6574)
A2(7.9535)
(9.0644)
(2.4756)
A3(4.4628)
(9.1171)
(-1.7478)
A4(3.0981)
(9.6295)
(-4.7309)
G1(0.5922)
(1.0483)
(-0.0186)
G2(1.0344)
(1.4314)
(-1.7129)
G3(-0.2017)
(0.9402)
(-0.1054)
G4(-0.9887)
(-0.3666)
(-0.4417)
A1(0.3353)
(8.8568)
(-1.7532)
A2(7.0150)
(9.1506)
(2.3703)
A3(2.6432)
(9.1123)
(-1.4365)
A4(1.0391)
(9.6103)
(-2.8347)
G1(0.1740)
(0.2927)
(-0.2320)
G2(1.3649)
(1.3835)
(-0.9945)
G3(-0.1676)
(0.3757)
(-0.0803)
G4(-0.8546)
(-0.2379)
(-0.1043)
A1(1.0921)
(9.3981)
(-2.3375)
A2(5.3199)
(8.4180)
(1.3312)
A3(2.3128)
(9.9455)
(-0.9960)
A4(1.8196)
(9.6534)
(-4.3479)
G1(-0.0404)
(-0.1788)
(-0.2756)
G2(1.3127)
(0.7263)
(-0.9264)
G3(-0.1107)
(0.1868)
(-0.1330)
G4(-0.6343)
(0.4736)
(-0.5789)
A1(-0.5125)
(9.0915)
(-1.9879)
A2(2.1500)
(8.5186)
(0.9912)
A3(3.6200)
(9.4140)
(-0.0575)
A4(1.8962)
(9.1363)
(-5.3630)
G1(0.2512)
(0.2597)
(-0.4491)
G2(0.8221)
(1.0759)
(-0.6822)
G3(0.0963)
(0.2081)
(-0.1953)
G4(-0.3539)
(0.2767)
(-0.0133)
