A1(-6.0738)
(13.3019)
(6.0354)
A2(-1.1013)
(8.0206)
(0.6800)
A3(-2.8443)
(12.4786)
(0.3687)
A4(1.8340)
(9.9695)
(-3.7876)
G1(-2.6058)
(3.2571)
(0.6987)
G2(-1.2489)
(0.5805)
(-0.0011)
G3(1.3622)
(-0.4762)
(-0.1719)
G4(0.5970)
(0.8030)
(-0.5316)
A1(-11.0075)
(13.2588)
(8.7658)
A2(0.2682)
(9.8210)
(-0.3208)
A3(-2.4421)
(13.5320)
(-9.0405)
A4(-3.2034)
(8.7436)
(-8.1690)
G1(-2.6909)
(2.1598)
(-2.7010)
G2(-1.2521)
(0.5715)
(0.7370)
G3(2.0955)
(1.0275)
(-0.0521)
G4(-0.1112)
(1.5022)
(-0.2985)
A1(-14.0827)
(12.5595)
(4.6415)
A2(-0.2777)
(7.8865)
(2.4660)
A3(-12.3445)
(11.2623)
(-12.0141)
A4(-2.2170)
(7.5705)
(-7.9631)
G1(-1.5745)
(0.7801)
(-2.4600)
G2(-0.7944)
(-0.3656)
(1.3782)
G3(1.4202)
(-1.6256)
(1.7193)
G4(-0.5741)
(1.1244)
(-0.1655)
A1(-7.1228)
(8.1000)
(-3.6021)
A2(3.1316)
(10.8074)
(2.1069)
A3(-7.5753)
(-1.4509)
(-12.5791)
A4(-1.2115)
(7.0868)
(-5.6024)
G1(4.1611)
(6.5365)
(-2.4419)
G2(-0.2224)
(3.0054)
(1.0211)
G3(5.3254)
(-4.9657)
(-4.8640)
G4(-1.3989)
(1.4399)
(-0.1687)
A1(-3.6404)
(8.3251)
(10.9069)
A2(0.2969)
(13.9486)
(5.4061)
A3(-4.8459)
(-9.2847)
(0.4693)
A4(-0.0144)
(9.8402)
(1.9776)
G1(6.3470)
(2.8096)
(-1.1595)
G2(0.6710)
(-0.3257)
(0.9887)
G3(-0.0506)
(-5.7894)
(-4.3873)
G4(-0.6455)
(0.4156)
(0.4762)
A1(-6.8402)
(-0.5461)
(4.2488)
A2(4.2569)
(8.0780)
(2.7821)
A3(-10.9607)
(-11.8609)
(-11.9997)
A4(-2.0925)
(8.7915)
(-3.6775)
G1(5.8767)
(0.8062)
(-0.6651)
G2(0.6407)
(1.2233)
(0.4667)
G3(-2.7388)
(-1.9603)
(-3.5157)
G4(-0.3682)
(0.6369)
(0.6715)
A1(-3.5829)
(0.4646)
(-0.1341)
A2(1.3695)
(5.8993)
(3.0550)
A3(-0.7422)
(19.5558)
(4.0318)
A4(15.4905)
(7.6423)
(-0.6129)
G1(-0.5539)
(-1.1089)
(0.7838)
G2(0.6572)
(-0.5640)
(0.4752)
G3(2.3743)
(6.3337)
(-1.7049)
G4(-0.4933)
(-0.1554)
(-0.1703)
A1(-0.6131)
(-3.4967)
(3.6261)
A2(8.2408)
(7.0533)
(-1.1205)
A3(-9.4810)
(-9.4044)
(-12.3254)
A4(1.5514)
(9.2656)
(-1.4892)
G1(-1.7868)
(0.0670)
(0.7476)
G2(0.2458)
(-0.8046)
(-0.6018)
G3(-0.1905)
(0.2921)
(-0.7748)
G4(0.2927)
(-0.0692)
(-0.1250)
A1(-3.4201)
(0.1198)
(-1.1257)
A2(8.8394)
(8.3462)
(5.1284)
A3(-4.1611)
(-2.9736)
(-2.7533)
A4(0.7326)
(8.7149)
(-0.4741)
G1(-1.7006)
(-3.2342)
(0.8705)
G2(0.2416)
(0.2746)
(-0.0436)
G3(-0.5949)
(0.4161)
(-0.0676)
G4(0.0931)
(-3.1288)
(0.3602)
A1(-7.8126)
(4.2392)
(-0.1533)
A2(5.7557)
(8.3845)
(2.2697)
A3(-2.4469)
(2.1165)
(-2.9832)
A4(0.7901)
(9.3661)
(-3.8882)
G1(-0.9514)
(-0.7748)
(2.0311)
G2(-0.0101)
(-0.0873)
(-0.6859)
G3(0.8759)
(-0.9168)
(2.4770)
G4(0.2049)
(-1.1531)
(0.0468)
A1(-8.2149)
(5.2690)
(1.6861)
A2(2.4708)
(11.5544)
(2.0973)
A3(-7.0006)
(-4.7405)
(-5.5498)
A4(1.4461)
(9.0597)
(-4.2282)
G1(-0.5263)
(-1.4324)
(2.4509)
G2(0.0383)
(-1.0967)
(-0.4342)
G3(1.0531)
(2.3322)
(2.3514)
G4(0.0708)
(-1.2435)
(-0.1314)
A1(-9.6950)
(8.3107)
(1.3460)
A2(1.8340)
(9.4810)
(1.4653)
A3(-8.2408)
(-1.6999)
(-6.8378)
A4(-0.0527)
(8.9974)
(-5.3774)
G1(-0.1660)
(-1.0334)
(1.4505)
G2(0.2144)
(-0.9562)
(-0.4315)
G3(-1.2499)
(2.6568)
(2.7420)
G4(-0.0670)
(-0.5124)
(-0.2506)
A1(-9.7046)
(8.3299)
(4.9194)
A2(2.0159)
(9.7109)
(1.7382)
A3(-8.1403)
(1.4509)
(-7.5848)
A4(0.5698)
(8.9687)
(-3.6871)
G1(0.4975)
(-1.3133)
(1.8544)
G2(0.0202)
(-1.5022)
(-0.3182)
G3(-1.3963)
(2.1689)
(2.4030)
G4(-0.0309)
(0.1532)
(-0.3347)
A1(-6.4761)
(10.0399)
(3.8704)
A2(0.3831)
(10.5058)
(1.4988)
A3(-5.8131)
(5.4636)
(-7.4268)
A4(0.4118)
(9.1602)
(-4.3048)
G1(1.3840)
(-1.3691)
(1.1015)
G2(0.4848)
(-0.3225)
(-0.4289)
G3(-2.0720)
(0.5678)
(2.1716)
G4(-0.1357)
(0.2719)
(-0.3890)
A1(-5.4127)
(8.7849)
(4.5601)
A2(-2.4325)
(10.0604)
(3.9504)
A3(-3.3232)
(8.3653)
(-6.3590)
A4(1.1253)
(9.7971)
(-2.1596)
G1(1.0089)
(-0.5773)
(0.4092)
G2(0.1995)
(-1.4165)
(-0.3629)
G3(-1.9108)
(1.4101)
(1.2340)
G4(-0.0442)
(-0.0213)
(-0.1288)
A1(-4.3446)
(9.3310)
(2.6489)
A2(-0.3400)
(10.8409)
(-0.9146)
A3(-5.9759)
(7.9200)
(-6.6511)
A4(-0.6321)
(8.9639)
(-3.9792)
G1(1.1616)
(-0.4693)
(0.5960)
G2(0.8014)
(0.5310)
(-0.4092)
G3(-1.4601)
(0.4784)
(0.9679)
G4(0.1123)
(-0.0952)
(-0.1054)
A1(-4.3015)
(9.4364)
(3.1518)
A2(-0.3831)
(9.8737)
(1.2163)
A3(-3.5721)
(9.3422)
(-5.6072)
A4(0.1245)
(8.4803)
(-4.3287)
G1(1.2765)
(-0.5167)
(0.3006)
G2(0.1958)
(-0.7471)
(-0.2251)
G3(-1.0062)
(0.6332)
(0.2022)
G4(0.1634)
(0.0277)
(-0.0415)
A1(-3.3578)
(9.9872)
(2.6872)
A2(-1.9058)
(10.8697)
(1.0965)
A3(-2.6432)
(8.9016)
(-5.0230)
A4(-0.4310)
(10.0940)
(-3.9073)
G1(0.3443)
(-0.4991)
(0.4124)
G2(-0.0527)
(-0.0181)
(-0.3560)
G3(-0.9589)
(0.0564)
(0.0149)
G4(0.0106)
(-0.0724)
(0.0713)
A1(-4.4787)
(9.8866)
(0.7281)
A2(0.1628)
(8.9735)
(-0.7853)
A3(-2.4708)
(12.5648)
(-0.3735)
A4(0.5794)
(8.3462)
(-4.7070)
G1(0.5821)
(-0.4523)
(0.0229)
G2(0.0649)
(0.2150)
(-0.0830)
G3(-0.4534)
(0.4299)
(-0.1394)
G4(0.0160)
(-0.1298)
(-0.0447)
A1(-2.8884)
(9.3741)
(0.2203)
A2(-1.6328)
(10.7356)
(1.7334)
A3(-3.0694)
(11.5879)
(-3.7158)
A4(0.1197)
(8.5042)
(-4.9895)
G1(0.3757)
(-0.0952)
(0.1208)
G2(0.1554)
(-0.4145)
(-0.0032)
G3(0.1937)
(0.4369)
(-0.2102)
G4(-0.1144)
(0.3406)
(-0.0048)
