A1(-0.8239)
(9.3789)
(-1.3795)
A2(1.7526)
(9.4332)
(-0.0192)
A3(2.0686)
(9.1650)
(-2.2027)
A4(0.1101)
(9.5816)
(-3.8499)
G1(-0.1117)
(0.1623)
(0.0894)
G2(-0.0059)
(0.1894)
(-0.0176)
G3(0.0213)
(0.2799)
(-0.0064)
G4(-0.0772)
(0.0580)
(0.0724)
A1(-0.5604)
(9.1873)
(-1.0490)
A2(1.8340)
(9.6438)
(0.0335)
A3(2.1979)
(9.1554)
(-1.7526)
A4(1.3264)
(10.7404)
(-0.9481)
G1(-0.4667)
(0.2102)
(0.1469)
G2(0.1378)
(0.0628)
(0.0521)
G3(0.0761)
(0.1878)
(0.0633)
G4(0.2826)
(-0.1011)
(-0.0724)
A1(0.9293)
(9.2256)
(-1.5137)
A2(2.3032)
(9.2225)
(-0.3926)
A3(1.7861)
(9.3613)
(-0.9433)
A4(2.5331)
(11.6693)
(-4.6304)
G1(-1.0456)
(-0.2767)
(0.3959)
G2(0.6066)
(0.0979)
(0.1894)
G3(0.3783)
(0.2767)
(-0.0144)
G4(0.9897)
(0.6646)
(-0.4417)
A1(-2.8022)
(9.4220)
(-1.9974)
A2(2.2745)
(8.0589)
(1.6137)
A3(3.3806)
(8.3701)
(-4.9752)
A4(6.2345)
(15.3899)
(-9.5816)
G1(0.0580)
(-0.2841)
(-0.2081)
G2(-1.3627)
(-0.0841)
(0.0351)
G3(0.5263)
(-0.4363)
(0.0357)
G4(0.3108)
(1.8970)
(-0.6609)
A1(4.9337)
(12.3727)
(3.1806)
A2(6.0573)
(8.3797)
(2.8299)
A3(2.5187)
(9.2320)
(-2.2697)
A4(0.3160)
(16.0651)
(-11.6646)
G1(-0.3677)
(0.4507)
(0.0942)
G2(-3.0027)
(-0.3421)
(0.7466)
G3(-0.0122)
(0.4459)
(-0.1586)
G4(2.0492)
(1.1909)
(0.7503)
A1(0.9772)
(8.4400)
(-0.3736)
A2(6.2489)
(7.7381)
(8.1068)
A3(5.7988)
(8.3606)
(-3.2944)
A4(-0.3879)
(6.9767)
(-10.6207)
G1(0.0883)
(-1.5038)
(0.0048)
G2(-4.2521)
(-0.3991)
(1.9869)
G3(0.0670)
(-0.0990)
(-0.1038)
G4(0.9408)
(0.9472)
(2.2572)
A1(0.1533)
(9.9585)
(2.5675)
A2(9.0070)
(6.7995)
(9.3422)
A3(3.7589)
(8.9399)
(-2.3990)
A4(1.4509)
(-0.4022)
(-8.3175)
G1(-0.1277)
(-2.0550)
(-0.7066)
G2(-3.3906)
(0.3134)
(1.5458)
G3(-0.0372)
(-0.4895)
(-0.2001)
G4(2.4557)
(2.3179)
(4.6815)
A1(-0.1485)
(11.4051)
(2.0789)
A2(8.6814)
(3.8211)
(7.4268)
A3(2.4708)
(9.3326)
(-3.7062)
A4(8.4515)
(-6.1627)
(-4.7357)
G1(-0.3581)
(-1.6634)
(-0.2602)
G2(-2.7904)
(-3.6859)
(1.7028)
G3(-0.2304)
(-1.3532)
(0.0484)
G4(1.3952)
(3.7828)
(4.6288)
A1(-4.3925)
(6.1648)
(2.1459)
A2(7.3550)
(4.2856)
(1.3551)
A3(2.2649)
(8.2408)
(-4.9560)
A4(2.8587)
(-4.9368)
(-5.5929)
G1(0.2714)
(-0.1293)
(0.0074)
G2(-0.8886)
(-3.2746)
(1.5947)
G3(-0.7620)
(-2.2902)
(0.2107)
G4(0.9291)
(1.8150)
(1.9630)
A1(-4.5649)
(8.1814)
(2.9411)
A2(8.8107)
(2.0303)
(2.1691)
A3(-2.6432)
(9.6582)
(-0.9864)
A4(-1.4174)
(-5.5067)
(-3.9265)
G1(-0.2623)
(0.1586)
(-0.0772)
G2(2.0880)
(-3.8397)
(1.8933)
G3(-0.8030)
(-1.5320)
(-0.2634)
G4(-2.9894)
(-0.0793)
(-0.3102)
A1(0.6610)
(11.8410)
(5.6427)
A2(6.0956)
(-0.3160)
(-0.5267)
A3(-5.7461)
(9.3230)
(0.9529)
A4(10.0556)
(-30.1909)
(-8.5569)
G1(0.2932)
(-0.3065)
(0.1974)
G2(3.1299)
(-0.1101)
(0.4502)
G3(0.1325)
(0.5353)
(-0.4321)
G4(-0.4369)
(-1.0185)
(0.4741)
A1(-1.6382)
(7.7263)
(1.5184)
A2(22.7593)
(3.3136)
(14.1018)
A3(1.9297)
(9.8737)
(-1.3264)
A4(9.6055)
(-0.3496)
(-0.3256)
G1(0.3331)
(1.2494)
(0.1799)
G2(-1.3409)
(-7.6741)
(1.8299)
G3(-0.4028)
(-1.1733)
(0.4044)
G4(-0.7120)
(0.4060)
(-1.2984)
A1(-0.3305)
(9.8244)
(2.3471)
A2(28.9267)
(0.2777)
(-9.7444)
A3(-1.4078)
(9.5672)
(-2.1596)
A4(-0.9960)
(-1.2163)
(-1.6520)
G1(-0.0697)
(1.0360)
(-0.1916)
G2(0.7322)
(-1.5437)
(0.4603)
G3(0.2187)
(1.0828)
(0.0692)
G4(-1.1786)
(0.1591)
(-3.2044)
A1(0.1629)
(10.0639)
(0.8047)
A2(2.9209)
(-3.8355)
(-2.2984)
A3(2.3798)
(9.4810)
(-1.9920)
A4(6.1531)
(-2.2410)
(-4.0318)
G1(0.0814)
(-0.1075)
(0.4693)
G2(-1.1648)
(5.1253)
(-0.9748)
G3(0.3656)
(0.3155)
(0.2464)
G4(0.8876)
(-1.1307)
(-1.2781)
A1(-0.9149)
(9.7094)
(1.6957)
A2(10.1179)
(-2.9640)
(0.8428)
A3(2.8443)
(8.6766)
(-3.3088)
A4(7.1156)
(1.1157)
(-4.6591)
G1(0.5342)
(0.2027)
(0.1155)
G2(-0.7790)
(0.0734)
(-0.7556)
G3(0.1346)
(0.0596)
(0.2017)
G4(0.7854)
(-1.1951)
(-2.8830)
A1(-0.7137)
(9.2112)
(0.6514)
A2(8.3653)
(-0.1867)
(1.7095)
A3(1.7430)
(9.2081)
(-3.7397)
A4(3.7924)
(2.4948)
(-4.6064)
G1(0.3746)
(0.2112)
(0.3469)
G2(-0.5821)
(0.2230)
(-1.0962)
G3(0.1990)
(0.6284)
(0.0724)
G4(0.2182)
(-1.2185)
(-3.1118)
A1(-0.5269)
(10.0064)
(0.6562)
A2(9.3230)
(0.9242)
(0.6129)
A3(1.5036)
(8.5329)
(-2.8347)
A4(1.8435)
(3.4668)
(-6.3829)
G1(0.4417)
(1.0738)
(0.1804)
G2(0.2240)
(1.4069)
(-1.2132)
G3(0.0702)
(0.3767)
(0.0154)
G4(-0.5013)
(-2.1322)
(-2.2897)
A1(0.5652)
(9.9681)
(0.5221)
A2(6.6176)
(3.5721)
(3.4189)
A3(-0.1580)
(8.9064)
(-3.4189)
A4(2.3367)
(7.0629)
(-9.3326)
G1(0.5486)
(0.8785)
(-0.1022)
G2(0.5726)
(1.5250)
(-1.9582)
G3(0.1091)
(0.7008)
(-0.2070)
G4(-1.1158)
(-1.8464)
(-1.0296)
A1(-1.0203)
(9.2160)
(-1.4658)
A2(10.1945)
(5.5881)
(3.9887)
A3(2.5714)
(9.0597)
(-3.4572)
A4(3.6919)
(9.9886)
(-10.4291)
G1(0.4076)
(0.5513)
(-0.0569)
G2(1.1824)
(1.6825)
(-2.8245)
G3(0.1538)
(0.7785)
(-0.1038)
G4(-1.3473)
(-1.3760)
(-0.3443)
A1(-0.7904)
(10.7249)
(0.3736)
A2(6.6415)
(8.4563)
(4.8028)
A3(0.7805)
(8.0541)
(-4.2282)
A4(3.1508)
(11.5544)
(-6.1770)
G1(1.3329)
(0.7077)
(-0.3512)
G2(1.1531)
(-0.8322)
(-2.6435)
G3(-0.1362)
(-0.0894)
(0.0160)
G4(-1.3446)
(-1.0935)
(-0.0420)
