A1(5.0679)
(9.3406)
(-1.6909)
A2(1.7909)
(9.5529)
(-0.4214)
A3(1.1157)
(9.5193)
(-1.4413)
A4(15.8113)
(17.9517)
(4.4101)
G1(-1.2249)
(-1.0930)
(-0.4028)
G2(0.6577)
(0.6449)
(0.2102)
G3(0.6423)
(-0.0186)
(0.2022)
G4(1.1036)
(1.9688)
(-1.6751)
A1(-0.9053)
(5.2403)
(2.9650)
A2(5.9711)
(7.5034)
(3.3136)
A3(5.3056)
(6.0669)
(-6.6415)
A4(-3.3806)
(24.4831)
(-9.6678)
G1(-1.4452)
(-1.4048)
(-1.0499)
G2(-1.6650)
(0.2549)
(0.0537)
G3(0.2336)
(-0.0851)
(0.0170)
G4(2.7723)
(0.7168)
(2.6845)
A1(3.5494)
(19.6248)
(6.6869)
A2(12.5121)
(5.6072)
(10.3094)
A3(1.2881)
(10.3525)
(-1.6951)
A4(-7.8243)
(6.9336)
(-16.7355)
G1(-0.4629)
(-2.7234)
(-0.4161)
G2(-4.0286)
(-0.0341)
(0.7333)
G3(0.1245)
(-0.6071)
(0.2277)
G4(3.9717)
(1.5798)
(3.2565)
A1(-2.8213)
(13.4696)
(2.6920)
A2(3.6009)
(12.3780)
(9.6295)
A3(4.0941)
(7.5753)
(-7.5178)
A4(1.7286)
(-4.1037)
(-3.1029)
G1(1.3090)
(-2.4738)
(-1.5878)
G2(-5.3339)
(-2.6430)
(2.5153)
G3(-0.0532)
(-0.8125)
(-0.4065)
G4(3.6817)
(4.6219)
(3.5034)
A1(-1.9064)
(6.1648)
(9.4795)
A2(9.4092)
(8.5617)
(7.8290)
A3(1.6855)
(6.5505)
(-4.3239)
A4(4.3239)
(-8.6670)
(-0.2538)
G1(0.6816)
(-0.5843)
(0.1256)
G2(-4.1265)
(-2.9532)
(2.8138)
G3(-1.8299)
(-2.3184)
(0.0782)
G4(-2.4616)
(4.6592)
(4.5735)
A1(-1.9160)
(8.4496)
(4.8236)
A2(8.9830)
(2.6001)
(3.2753)
A3(2.9592)
(8.1642)
(4.1755)
A4(0.9242)
(-10.5441)
(-7.7859)
G1(0.0239)
(-1.0041)
(-0.3001)
G2(-1.5506)
(-2.9170)
(1.8294)
G3(-1.7006)
(-2.0822)
(-0.2341)
G4(-0.8913)
(1.4367)
(4.4506)
A1(-6.7444)
(10.9404)
(6.5288)
A2(2.8826)
(1.2498)
(-2.0255)
A3(-1.2881)
(11.1570)
(1.7190)
A4(7.8913)
(29.4391)
(5.0805)
G1(-0.2043)
(2.2732)
(-0.2309)
G2(2.9256)
(-4.6070)
(1.7613)
G3(-0.3001)
(-1.4851)
(-0.0968)
G4(1.9571)
(-0.6806)
(-6.8632)
A1(2.5435)
(9.0340)
(3.7841)
A2(9.1554)
(2.7629)
(1.0391)
A3(-11.5353)
(7.9631)
(-3.3998)
A4(33.2986)
(-1.4557)
(-14.9733)
G1(-0.0287)
(-0.5114)
(-0.0910)
G2(4.7464)
(-2.9591)
(0.8806)
G3(0.2075)
(1.0445)
(-0.5880)
G4(-0.7939)
(-0.5885)
(1.7485)
A1(-1.8873)
(9.2975)
(1.9352)
A2(11.5161)
(11.9183)
(-2.6624)
A3(1.6664)
(9.5002)
(-1.0774)
A4(9.2273)
(-0.5028)
(-1.0295)
G1(0.5731)
(1.1754)
(0.3682)
G2(-1.8427)
(-4.2585)
(-0.6300)
G3(0.1538)
(-0.3730)
(0.5124)
G4(0.4129)
(0.6439)
(-1.8837)
A1(0.1437)
(9.5130)
(1.8058)
A2(15.6916)
(0.2490)
(-0.5698)
A3(0.6033)
(8.0062)
(-4.9464)
A4(16.0364)
(-3.1460)
(-3.2274)
G1(0.1240)
(0.5263)
(-0.3102)
G2(-1.1909)
(-6.3635)
(-0.2607)
G3(0.0537)
(0.5044)
(0.2027)
G4(1.1238)
(-0.9849)
(-2.6137)
A1(3.2429)
(9.7334)
(1.8921)
A2(-0.2203)
(-3.4668)
(7.4077)
A3(-1.0678)
(10.4435)
(-1.9968)
A4(7.4172)
(-0.7183)
(-3.5434)
G1(0.1453)
(-0.5598)
(-0.0048)
G2(-0.2490)
(2.2221)
(-0.2703)
G3(0.0788)
(0.6976)
(0.0788)
G4(-0.2192)
(-2.3030)
(-1.9060)
A1(-3.9422)
(9.4028)
(3.4776)
A2(17.6596)
(2.4995)
(-1.2450)
A3(9.5912)
(7.5130)
(-1.9872)
A4(5.6934)
(2.0925)
(-5.9328)
G1(0.6194)
(0.0782)
(0.4230)
G2(-0.5624)
(1.5261)
(-1.1281)
G3(0.1447)
(-1.2845)
(0.6572)
G4(-0.5880)
(-1.7118)
(-2.7095)
A1(2.3519)
(9.0580)
(1.5711)
A2(8.0876)
(2.2314)
(4.0175)
A3(-2.4229)
(10.4196)
(-3.8978)
A4(3.2657)
(3.4093)
(-7.9823)
G1(0.5193)
(0.2916)
(0.2581)
G2(-0.3938)
(-0.0841)
(-1.5862)
G3(0.5108)
(1.6139)
(-0.3209)
G4(-0.8849)
(-1.4309)
(-2.6925)
A1(-2.8022)
(9.6423)
(0.5365)
A2(6.2201)
(3.5865)
(1.5945)
A3(2.4517)
(8.2408)
(-2.4804)
A4(3.9121)
(6.0573)
(-8.5234)
G1(0.4651)
(-0.1421)
(0.1735)
G2(0.3645)
(3.3645)
(-1.8853)
G3(0.3246)
(0.9775)
(-0.1607)
G4(-0.8806)
(-1.3106)
(-2.1508)
A1(0.8622)
(9.6328)
(-1.8202)
A2(10.2855)
(5.3247)
(2.3224)
A3(-0.0431)
(9.2129)
(-3.7781)
A4(4.8937)
(8.1834)
(-9.7588)
G1(0.3523)
(1.7581)
(-0.2331)
G2(1.1728)
(0.9019)
(-1.9922)
G3(0.4017)
(1.8901)
(-0.4608)
G4(-1.1659)
(-1.5479)
(-0.8955)
A1(0.4551)
(10.5716)
(0.2874)
A2(6.5649)
(6.3590)
(3.8690)
A3(1.6903)
(8.2456)
(-4.0366)
A4(6.5027)
(11.2719)
(-7.9679)
G1(1.0105)
(0.1229)
(-0.9067)
G2(0.9307)
(0.4890)
(-2.3849)
G3(0.1655)
(1.0403)
(-0.2889)
G4(-0.8759)
(-1.8874)
(-0.5231)
A1(-2.7064)
(8.3682)
(-0.7185)
A2(9.7540)
(7.4460)
(1.8435)
A3(1.4844)
(8.7676)
(-4.7166)
A4(5.0326)
(9.5337)
(-6.3351)
G1(-0.1469)
(-0.4629)
(0.0782)
G2(1.5362)
(0.4411)
(-2.3142)
G3(-0.1511)
(0.2815)
(-0.1330)
G4(-0.4443)
(-1.2090)
(0.1873)
A1(-1.0107)
(9.5609)
(0.2443)
A2(5.2289)
(7.8003)
(1.8723)
A3(0.6177)
(9.3230)
(-2.3272)
A4(2.1787)
(9.1123)
(-3.7685)
G1(-0.1761)
(0.4406)
(0.0016)
G2(1.1717)
(-0.0708)
(-1.4011)
G3(0.0197)
(0.2283)
(-0.1378)
G4(-0.9440)
(0.2134)
(-0.3076)
A1(-0.9820)
(9.9777)
(0.6658)
A2(4.7980)
(8.2265)
(3.0885)
A3(1.9920)
(9.1554)
(-2.7677)
A4(0.6129)
(8.8442)
(-6.2010)
G1(0.2990)
(0.7652)
(0.1011)
G2(0.6093)
(0.2437)
(-1.1776)
G3(0.1474)
(0.8642)
(-0.2884)
G4(-0.1713)
(-0.0750)
(-0.2948)
A1(-1.2933)
(9.7717)
(-1.5903)
A2(3.2417)
(9.6391)
(1.4365)
A3(1.9249)
(8.7388)
(-3.7493)
A4(1.0918)
(8.7724)
(-5.5881)
G1(-0.4608)
(0.6816)
(-0.1671)
G2(1.0743)
(0.8056)
(-0.5917)
G3(0.0559)
(0.4784)
(-0.1634)
G4(-0.5566)
(0.1783)
(-0.2155)
