A1(-1.3221)
(6.2654)
(8.0425)
A2(-0.0479)
(8.0589)
(1.8818)
A3(-3.4907)
(10.6925)
(-0.3543)
A4(-1.2019)
(7.9631)
(-7.1060)
G1(-3.0469)
(2.6473)
(0.8024)
G2(-1.1435)
(-1.0680)
(0.2304)
G3(0.4081)
(1.0142)
(-0.1415)
G4(0.2256)
(0.1086)
(-0.0548)
A1(-2.9459)
(15.1701)
(1.3029)
A2(-1.1349)
(11.2049)
(0.7326)
A3(0.0575)
(18.3156)
(2.4277)
A4(-2.3894)
(8.2456)
(-5.8802)
G1(-3.4816)
(2.1178)
(0.6407)
G2(-0.8088)
(1.2542)
(0.4475)
G3(1.7815)
(1.3564)
(-0.6024)
G4(0.3528)
(0.6407)
(-0.1836)
A1(-7.9946)
(9.0675)
(10.4088)
A2(-0.1341)
(9.7588)
(0.0575)
A3(-2.7390)
(11.2192)
(-8.4994)
A4(-0.7805)
(8.4084)
(-7.2927)
G1(-2.7047)
(2.8809)
(-0.7987)
G2(-0.4092)
(0.8961)
(0.4496)
G3(0.8966)
(1.7661)
(-1.2239)
G4(-0.0117)
(0.8008)
(-0.2235)
A1(-9.8244)
(9.2065)
(5.6379)
A2(-2.1500)
(9.9264)
(3.2561)
A3(-4.6543)
(8.9783)
(-11.2097)
A4(0.6369)
(8.8250)
(-5.7509)
G1(-1.1361)
(1.9917)
(-1.7938)
G2(-0.1852)
(0.1203)
(1.0413)
G3(0.1277)
(0.4156)
(-0.2283)
G4(-0.4092)
(1.1260)
(-0.1192)
A1(-11.0985)
(10.0639)
(1.5663)
A2(-1.8866)
(12.1721)
(5.3870)
A3(-7.1012)
(3.4668)
(-12.4690)
A4(-1.6233)
(8.9591)
(-5.4396)
G1(0.5390)
(2.8926)
(-1.9018)
G2(-0.7944)
(1.7278)
(0.7082)
G3(2.1891)
(-0.6816)
(-3.1325)
G4(-0.6306)
(0.6375)
(0.1266)
A1(-7.6545)
(5.9875)
(-1.8394)
A2(3.9361)
(10.3430)
(3.1412)
A3(-8.6000)
(-5.1092)
(-9.7779)
A4(4.8315)
(7.7476)
(-2.6432)
G1(4.3756)
(4.0526)
(-2.9809)
G2(0.1990)
(0.9727)
(0.4906)
G3(5.6574)
(-4.2415)
(-4.8263)
G4(-1.2233)
(-0.6284)
(0.5539)
A1(-1.9591)
(7.2473)
(7.3335)
A2(-2.1404)
(10.3956)
(8.2600)
A3(-9.1028)
(-11.5496)
(-8.5569)
A4(0.0192)
(9.3470)
(-1.1684)
G1(5.1876)
(2.7803)
(-1.9662)
G2(0.4262)
(0.7551)
(0.4624)
G3(3.4614)
(-4.7145)
(-5.1077)
G4(-0.5875)
(1.0536)
(0.0495)
A1(-5.0439)
(2.8405)
(-4.4164)
A2(0.7949)
(8.8346)
(10.4387)
A3(-2.8539)
(-6.7804)
(-11.4778)
A4(1.3455)
(9.0261)
(-1.9632)
G1(4.7539)
(0.8732)
(-1.4862)
G2(0.3863)
(-2.2290)
(0.1421)
G3(1.1973)
(-2.3408)
(-1.3718)
G4(-0.2767)
(0.7375)
(0.1948)
A1(-3.0608)
(0.0527)
(18.5375)
A2(5.4684)
(10.0509)
(2.5187)
A3(-11.3629)
(4.1611)
(-9.6103)
A4(9.3230)
(7.3837)
(-2.0542)
G1(-0.7082)
(3.8993)
(0.1197)
G2(0.7583)
(1.4367)
(0.4071)
G3(-0.9461)
(1.5165)
(-1.1366)
G4(0.0766)
(-1.0871)
(0.0154)
A1(-17.1196)
(0.8862)
(-10.0591)
A2(4.0893)
(8.0685)
(2.4612)
A3(2.0159)
(15.9837)
(7.4555)
A4(-1.8148)
(11.0564)
(-2.9784)
G1(-0.0138)
(-4.6996)
(0.4560)
G2(0.3821)
(-1.3042)
(0.2783)
G3(-1.0451)
(-0.9147)
(2.0385)
G4(0.2001)
(0.0181)
(0.0410)
A1(-1.8681)
(-4.8763)
(6.2606)
A2(8.4515)
(6.9336)
(0.6560)
A3(-9.4810)
(-9.8833)
(-9.5337)
A4(3.5721)
(8.8346)
(-3.7014)
G1(-1.2457)
(0.8764)
(0.1889)
G2(-0.2597)
(-0.8429)
(0.1059)
G3(-0.1783)
(-0.4954)
(1.0174)
G4(0.1751)
(-0.5502)
(-0.1256)
A1(-5.4032)
(-0.0766)
(-2.5818)
A2(0.2825)
(12.1769)
(3.5434)
A3(-9.6965)
(0.2107)
(0.7183)
A4(0.0048)
(8.6910)
(-4.8602)
G1(-1.9906)
(-3.8775)
(0.8269)
G2(0.0074)
(0.2804)
(0.2570)
G3(-0.5869)
(-0.3560)
(0.6087)
G4(0.0793)
(-0.5167)
(-0.0766)
A1(-9.2591)
(2.0837)
(-3.3961)
A2(5.0326)
(7.9487)
(0.2346)
A3(-6.3590)
(0.2729)
(-0.1437)
A4(1.8052)
(10.0365)
(-3.3998)
G1(-1.1456)
(-0.0351)
(1.5825)
G2(-0.0607)
(-0.7019)
(-0.3006)
G3(1.2430)
(-1.0531)
(1.9018)
G4(-0.1213)
(0.0617)
(-0.3235)
A1(-8.7897)
(3.0992)
(1.9112)
A2(1.1923)
(8.7340)
(0.9194)
A3(-7.0964)
(-3.3854)
(-2.1787)
A4(0.4501)
(8.2791)
(-2.1644)
G1(-1.0541)
(-0.3858)
(2.1274)
G2(0.1048)
(0.3634)
(-0.7104)
G3(0.7215)
(2.4807)
(1.4601)
G4(-0.0974)
(0.0724)
(-0.3139)
A1(-5.3696)
(4.9960)
(0.9388)
A2(2.1691)
(10.5728)
(2.6624)
A3(-9.0118)
(0.5650)
(-3.5961)
A4(2.1404)
(9.9599)
(-1.5371)
G1(-0.3134)
(-1.3611)
(1.2356)
G2(0.2879)
(-0.1474)
(-0.5252)
G3(-1.0914)
(2.0742)
(1.9177)
G4(-0.1676)
(-1.5633)
(0.0149)
A1(-7.9419)
(5.7864)
(0.8335)
A2(1.0582)
(7.6710)
(1.3312)
A3(-6.0861)
(3.1412)
(-5.2481)
A4(-0.9673)
(9.6391)
(-2.9784)
G1(0.2772)
(-0.8205)
(2.2008)
G2(0.3060)
(0.0798)
(-0.2325)
G3(-0.7599)
(1.4080)
(2.4424)
G4(0.3352)
(-0.4326)
(-0.1548)
A1(-7.3000)
(6.2558)
(3.4584)
A2(1.2498)
(8.7245)
(2.1883)
A3(-7.2449)
(2.4134)
(-7.7428)
A4(0.2825)
(9.1602)
(-3.6440)
G1(-0.1846)
(0.4581)
(1.7671)
G2(0.1995)
(-0.7609)
(-0.5449)
G3(-0.9589)
(1.5027)
(2.4121)
G4(0.3789)
(-0.7705)
(-0.0676)
A1(-6.7061)
(8.9574)
(4.1721)
A2(-0.7709)
(10.7500)
(1.9680)
A3(-6.7612)
(5.9520)
(-6.7612)
A4(-0.2586)
(8.6622)
(-5.0039)
G1(0.3959)
(-1.2313)
(1.7065)
G2(-0.2410)
(-0.5805)
(0.0420)
G3(-0.4603)
(1.6086)
(2.0013)
G4(0.1474)
(-0.2767)
(-0.1155)
A1(-6.5767)
(7.4820)
(1.7340)
A2(1.2737)
(9.0261)
(-0.3160)
A3(-7.7764)
(6.7564)
(-7.6327)
A4(-0.2586)
(8.9926)
(-4.7214)
G1(1.3851)
(-2.0114)
(1.2840)
G2(-0.0325)
(-0.0766)
(-0.1096)
G3(-0.1096)
(1.1770)
(1.5825)
G4(0.0543)
(-0.1846)
(-0.1117)
A1(-5.8486)
(9.4364)
(0.5556)
A2(0.6033)
(9.3565)
(-0.4310)
A3(-5.3678)
(6.8235)
(-7.0581)
A4(-0.6512)
(9.6774)
(-3.8068)
G1(1.4617)
(-1.9044)
(0.9211)
G2(0.0958)
(-0.2634)
(-0.1841)
G3(-0.6822)
(1.1158)
(1.1478)
G4(-0.0670)
(-0.3028)
(0.0442)
