A1(-0.3736)
(9.0963)
(-1.4849)
A2(1.7717)
(9.6247)
(-0.4405)
A3(1.1540)
(8.8921)
(-3.4381)
A4(0.8571)
(9.2991)
(-3.7924)
G1(-0.4023)
(0.1086)
(0.2208)
G2(-0.0649)
(0.6135)
(-0.0080)
G3(0.1932)
(0.2448)
(-0.0138)
G4(-0.2198)
(-0.2277)
(0.1070)
A1(-1.1783)
(9.4460)
(-0.2826)
A2(2.4900)
(9.2560)
(0.4884)
A3(1.5706)
(8.7149)
(-3.5338)
A4(0.3543)
(9.6007)
(-2.5331)
G1(-0.3076)
(0.1623)
(0.0910)
G2(0.1894)
(-0.3209)
(0.1948)
G3(0.0968)
(-0.0543)
(0.0309)
G4(-0.0857)
(0.0176)
(0.1043)
A1(-0.6275)
(8.6364)
(0.0335)
A2(2.2075)
(9.2799)
(-0.4357)
A3(1.5562)
(9.3326)
(-2.5905)
A4(0.9960)
(10.4579)
(-1.0630)
G1(-0.4464)
(-0.1799)
(0.1224)
G2(0.1224)
(-0.2980)
(0.1070)
G3(0.2166)
(0.1580)
(0.1229)
G4(0.1937)
(0.2639)
(0.0011)
A1(0.9580)
(13.5414)
(-0.2970)
A2(2.9161)
(9.0357)
(-0.1772)
A3(2.9640)
(7.9344)
(-3.9600)
A4(9.8497)
(19.4361)
(-4.9416)
G1(-0.5906)
(-0.9392)
(-0.3033)
G2(-0.3214)
(0.0516)
(0.0777)
G3(0.5092)
(0.3672)
(0.1570)
G4(1.4899)
(1.6623)
(-0.8913)
A1(4.3015)
(12.9762)
(5.1349)
A2(10.9511)
(11.4634)
(6.0286)
A3(3.1268)
(9.3518)
(-3.1029)
A4(-1.0822)
(5.4684)
(-15.7347)
G1(-0.5497)
(-0.6449)
(0.0005)
G2(-3.6609)
(-0.7226)
(1.2223)
G3(-0.3789)
(-0.9253)
(0.3586)
G4(1.8571)
(1.7123)
(4.0244)
A1(-3.8991)
(7.7647)
(6.9695)
A2(12.2487)
(8.8298)
(6.3829)
A3(3.9983)
(8.5665)
(-6.5266)
A4(-0.1006)
(-8.4611)
(-0.3065)
G1(0.0506)
(-0.0575)
(-0.3959)
G2(-4.3521)
(-2.8197)
(3.1905)
G3(-0.8099)
(-1.3127)
(0.1357)
G4(0.5337)
(4.3601)
(4.2367)
A1(-6.4474)
(6.7731)
(5.3696)
A2(9.3518)
(3.9217)
(2.7916)
A3(1.4557)
(7.7955)
(-3.0023)
A4(6.3207)
(-5.7844)
(-8.6191)
G1(0.4874)
(-0.6811)
(0.0521)
G2(-1.7358)
(-2.8260)
(1.7155)
G3(-1.4287)
(-2.6260)
(-0.0426)
G4(-0.5385)
(-0.5119)
(3.4220)
A1(0.9005)
(9.5178)
(4.7182)
A2(4.5825)
(4.0127)
(-0.1532)
A3(-8.3031)
(9.5098)
(0.7230)
A4(0.5267)
(-13.2447)
(-2.5139)
G1(0.2937)
(-1.3957)
(-0.2591)
G2(3.4667)
(-2.8457)
(0.9136)
G3(-0.2150)
(0.9732)
(-0.5598)
G4(-0.7455)
(-2.1668)
(2.1125)
A1(1.6526)
(9.3645)
(2.2944)
A2(4.6064)
(-0.8954)
(-2.6145)
A3(-2.3655)
(9.5050)
(-1.5706)
A4(3.3902)
(3.8978)
(1.4509)
G1(0.4480)
(0.4390)
(0.4135)
G2(0.7386)
(10.8764)
(-1.9454)
G3(0.4012)
(1.6708)
(0.1144)
G4(0.6300)
(-0.0553)
(-1.9364)
A1(1.8490)
(9.2783)
(1.0107)
A2(3.6966)
(-3.9504)
(0.3352)
A3(-0.5698)
(9.2320)
(-2.6528)
A4(10.2376)
(0.4741)
(-6.1435)
G1(0.3688)
(-0.6034)
(0.3773)
G2(-1.7911)
(3.8573)
(-1.6213)
G3(0.3565)
(0.6886)
(0.2017)
G4(-0.1165)
(-1.2286)
(-2.6425)
A1(-1.9879)
(9.4507)
(-0.8383)
A2(12.4546)
(1.2115)
(1.4796)
A3(4.2665)
(9.2273)
(-2.5043)
A4(6.1100)
(3.8930)
(-7.1874)
G1(0.6917)
(0.3634)
(0.0718)
G2(-0.6896)
(0.7045)
(-2.2455)
G3(0.2522)
(-0.1857)
(0.2884)
G4(-0.8402)
(-1.1313)
(-2.9405)
A1(0.7904)
(8.3921)
(-2.6681)
A2(8.6670)
(5.6216)
(2.8970)
A3(0.0048)
(9.4332)
(-4.6974)
A4(3.7110)
(9.8067)
(-7.4124)
G1(0.0713)
(0.1591)
(0.1208)
G2(0.8908)
(2.2264)
(-1.7682)
G3(0.0170)
(0.4906)
(-0.0266)
G4(-1.0435)
(-1.2946)
(-1.5543)
A1(1.0203)
(11.1464)
(-0.2203)
A2(6.8905)
(6.9001)
(2.9688)
A3(0.6225)
(8.5186)
(-4.4388)
A4(2.8012)
(9.5241)
(-5.5354)
G1(0.9349)
(0.3581)
(-0.3890)
G2(1.1600)
(0.7982)
(-2.1716)
G3(0.1155)
(0.1793)
(-0.0521)
G4(-0.6763)
(-1.0573)
(-0.3081)
A1(-0.6658)
(9.3933)
(-1.8729)
A2(4.5107)
(8.7771)
(2.5809)
A3(2.5809)
(8.9639)
(-2.9018)
A4(1.5802)
(8.7484)
(-4.8123)
G1(-0.1623)
(0.3086)
(0.0686)
G2(1.1951)
(0.5342)
(-1.1217)
G3(0.0239)
(0.6790)
(-0.1985)
G4(0.0133)
(-0.0048)
(-0.1485)
A1(-0.4838)
(10.0303)
(-0.5940)
A2(3.9935)
(7.6710)
(1.1253)
A3(2.6480)
(8.8250)
(-3.9217)
A4(0.2059)
(8.0158)
(-6.5553)
G1(-0.1213)
(0.5497)
(-0.3948)
G2(0.6657)
(0.5875)
(-0.5938)
G3(-0.1277)
(0.1729)
(-0.1474)
G4(-0.1900)
(-0.4012)
(0.1431)
A1(-0.4934)
(9.6855)
(-0.4694)
A2(4.2521)
(10.1466)
(1.2498)
A3(2.7007)
(8.9495)
(-2.9066)
A4(3.7062)
(10.3382)
(-4.9416)
G1(0.1868)
(0.4821)
(-0.2139)
G2(0.3640)
(0.3251)
(-0.3954)
G3(0.0596)
(0.0580)
(-0.2810)
G4(-0.7748)
(-0.5507)
(0.0176)
A1(-1.5328)
(10.0974)
(-1.4705)
A2(2.6624)
(10.0173)
(0.5171)
A3(1.5036)
(9.0980)
(-2.8778)
A4(-0.6273)
(9.7827)
(-3.2034)
G1(1.5798)
(0.6737)
(-0.2469)
G2(1.2100)
(0.2182)
(-0.1187)
G3(0.0506)
(-0.3150)
(-0.2528)
G4(-0.1245)
(-0.1293)
(-0.1751)
A1(-2.4333)
(8.2868)
(-3.2141)
A2(2.2266)
(9.2991)
(0.8475)
A3(0.5363)
(8.9687)
(-3.4620)
A4(-1.3216)
(9.2033)
(-3.5386)
G1(-0.0623)
(0.2309)
(-0.2043)
G2(-0.5741)
(0.0910)
(-0.1373)
G3(0.0835)
(0.0506)
(-0.2570)
G4(-0.0708)
(-0.3459)
(-0.1165)
A1(-3.1423)
(12.9666)
(-3.6979)
A2(1.8100)
(9.7300)
(-2.0877)
A3(0.7087)
(8.9256)
(-3.5865)
A4(-0.8236)
(9.4188)
(-3.3136)
G1(-1.9135)
(-1.8369)
(0.1362)
G2(0.3092)
(-0.3129)
(-0.1564)
G3(0.1096)
(0.0383)
(-0.2043)
G4(-0.0314)
(-0.1336)
(-0.1320)
A1(-2.3998)
(8.8903)
(-0.1293)
A2(1.5754)
(9.5960)
(-0.9864)
A3(0.4310)
(8.8969)
(-3.6152)
A4(-1.0918)
(9.1746)
(-3.8020)
G1(0.4470)
(0.2820)
(0.0761)
G2(0.0261)
(-0.0910)
(-0.1501)
G3(0.0346)
(-0.0628)
(-0.1596)
G4(-0.0138)
(-0.0633)
(-0.1378)
