A1(-2.7016)
(7.3335)
(3.8416)
A2(0.6991)
(8.7340)
(0.4357)
A3(-0.4836)
(9.2177)
(-2.0782)
A4(0.5650)
(8.0014)
(-5.7030)
G1(-0.9823)
(1.1291)
(0.3980)
G2(-0.4539)
(-0.2458)
(0.1000)
G3(0.1729)
(0.3837)
(-0.2277)
G4(0.4491)
(0.5954)
(-0.3139)
A1(-7.2330)
(10.2219)
(8.8999)
A2(-0.8811)
(9.9264)
(-0.1628)
A3(-0.9768)
(13.4794)
(0.5267)
A4(-1.0487)
(8.2696)
(-7.8434)
G1(-4.0488)
(3.0373)
(0.5215)
G2(-1.1664)
(0.1133)
(0.1000)
G3(1.0233)
(0.6763)
(-0.3177)
G4(0.3906)
(1.2941)
(-0.2075)
A1(-6.5576)
(12.4828)
(6.3708)
A2(-1.2785)
(9.8737)
(-0.1149)
A3(-0.3017)
(17.8943)
(-1.1732)
A4(0.0048)
(8.2408)
(-5.3917)
G1(-3.3959)
(3.5795)
(-1.2265)
G2(-0.7125)
(0.4789)
(0.2794)
G3(1.2632)
(-0.7944)
(-0.2102)
G4(0.1559)
(0.0112)
(-0.3214)
A1(-8.9670)
(9.0580)
(8.0281)
A2(-0.2155)
(10.5824)
(1.5179)
A3(1.3551)
(14.6621)
(-11.1043)
A4(-0.8428)
(8.4372)
(-6.4260)
G1(-2.8010)
(1.2042)
(-1.6139)
G2(-0.5598)
(0.9440)
(0.7364)
G3(1.4915)
(0.4124)
(-2.0822)
G4(-0.1453)
(0.7625)
(-0.1815)
A1(-9.5130)
(10.4471)
(4.7182)
A2(-0.1484)
(10.5297)
(1.9249)
A3(-6.5936)
(2.9305)
(-9.8306)
A4(1.6712)
(9.4092)
(-6.6367)
G1(0.2368)
(4.0728)
(-2.3881)
G2(0.0287)
(0.8333)
(0.9706)
G3(4.0770)
(-1.3207)
(-2.7228)
G4(-0.4390)
(1.9273)
(-0.6034)
A1(-10.0974)
(7.2521)
(4.0236)
A2(0.5315)
(10.9702)
(5.8514)
A3(-8.8921)
(-5.7892)
(-7.0198)
A4(-3.3040)
(6.7852)
(-4.9464)
G1(2.9043)
(5.4887)
(-3.1474)
G2(-0.6369)
(1.0467)
(0.7577)
G3(5.7692)
(-4.0989)
(-2.4525)
G4(-0.7487)
(1.3095)
(-0.5864)
A1(-1.8490)
(3.1997)
(-1.7627)
A2(3.0885)
(10.6877)
(1.9776)
A3(-7.9871)
(-9.5672)
(-3.5530)
A4(3.1603)
(8.5569)
(-2.8443)
G1(5.2716)
(1.2457)
(-1.5841)
G2(0.1320)
(2.1641)
(0.7125)
G3(1.0211)
(-6.8089)
(-1.5080)
G4(-0.9158)
(0.5364)
(0.2448)
A1(-1.6957)
(1.9256)
(8.7706)
A2(6.0478)
(8.0828)
(2.6480)
A3(-12.5217)
(-8.7484)
(-11.1330)
A4(1.5371)
(10.0030)
(-0.9002)
G1(4.8715)
(3.7785)
(-0.0059)
G2(0.6662)
(1.9470)
(-0.0596)
G3(-3.2299)
(-2.8989)
(-5.0897)
G4(-0.4395)
(0.4374)
(0.4544)
A1(-16.7364)
(-0.4551)
(31.5185)
A2(5.2098)
(6.8905)
(4.0845)
A3(-5.8466)
(5.5210)
(-5.2289)
A4(9.4571)
(5.3822)
(-1.0870)
G1(-1.6022)
(4.8380)
(0.1958)
G2(0.6135)
(-0.6125)
(-0.2911)
G3(-2.3961)
(1.7911)
(-4.1430)
G4(-0.1591)
(-0.8242)
(0.1261)
A1(-10.5381)
(4.0188)
(-2.2801)
A2(3.1795)
(5.7892)
(1.9058)
A3(-27.7009)
(-3.9313)
(-5.0422)
A4(2.1021)
(11.0852)
(0.6560)
G1(-1.1967)
(4.2303)
(0.1836)
G2(0.1415)
(-0.5076)
(-0.6832)
G3(1.0557)
(-6.9701)
(2.4248)
G4(0.2198)
(0.9434)
(-0.2863)
A1(-3.2429)
(0.9436)
(2.8261)
A2(-3.4860)
(15.3325)
(5.1954)
A3(-5.2289)
(1.9489)
(5.4348)
A4(0.3208)
(8.8011)
(-3.9456)
G1(-1.5804)
(-4.8231)
(1.7251)
G2(0.1878)
(0.3464)
(0.5108)
G3(-1.4569)
(-0.3225)
(0.0995)
G4(0.3400)
(-1.2068)
(-0.0122)
A1(-7.9515)
(1.1209)
(-5.1828)
A2(6.1435)
(7.2305)
(2.3032)
A3(-9.3182)
(0.5938)
(-2.2553)
A4(0.3112)
(9.5864)
(-3.0311)
G1(-0.4044)
(-0.5130)
(1.9247)
G2(-0.2799)
(-1.1196)
(-0.1729)
G3(-0.1916)
(-0.6710)
(2.4355)
G4(0.0665)
(-0.4390)
(-0.1336)
A1(-10.2794)
(4.2871)
(-0.2012)
A2(-0.7422)
(9.7588)
(-0.7039)
A3(-13.8289)
(-2.3128)
(-4.6208)
A4(2.9784)
(9.9311)
(-1.6376)
G1(-0.7130)
(-1.8390)
(1.9177)
G2(-0.3198)
(-0.9993)
(-0.4486)
G3(2.1833)
(0.4124)
(1.6522)
G4(0.0511)
(-1.8400)
(0.1878)
A1(-6.9791)
(3.8751)
(1.3412)
A2(2.3128)
(9.7923)
(1.9632)
A3(-12.5217)
(-0.9768)
(-4.8028)
A4(-0.3112)
(8.9878)
(-4.4915)
G1(-0.0197)
(-1.0158)
(1.8741)
G2(0.4794)
(-0.0064)
(-0.3246)
G3(0.2905)
(1.6384)
(1.9598)
G4(-0.0122)
(-0.9333)
(-0.0506)
A1(-6.5959)
(6.9264)
(2.7686)
A2(0.2538)
(10.5393)
(0.0766)
A3(-7.8673)
(3.3040)
(-4.9416)
A4(0.1628)
(8.5473)
(-4.8890)
G1(0.3395)
(-1.0876)
(1.7294)
G2(0.1330)
(-1.0860)
(-0.0979)
G3(-0.5039)
(1.3239)
(2.2402)
G4(-0.0894)
(-0.4284)
(-0.1101)
A1(-7.9946)
(6.9695)
(2.2848)
A2(-0.9385)
(9.3182)
(1.2306)
A3(-6.8570)
(3.4141)
(-5.8993)
A4(-0.1628)
(9.0118)
(-4.5203)
G1(0.8445)
(-0.5938)
(2.1923)
G2(0.2091)
(-0.3581)
(-0.4858)
G3(-0.6715)
(1.4356)
(2.2572)
G4(-0.1985)
(-0.4629)
(-0.0575)
A1(-7.6689)
(9.9872)
(4.0524)
A2(1.6233)
(9.6869)
(0.0048)
A3(-5.8371)
(5.3917)
(-7.1539)
A4(-0.6129)
(9.8976)
(-2.4086)
G1(1.0089)
(-0.4576)
(1.8076)
G2(0.2618)
(-0.7998)
(-0.1320)
G3(-0.7604)
(2.2466)
(1.5250)
G4(-0.1745)
(-0.3959)
(0.0213)
A1(-5.2786)
(9.4316)
(3.2524)
A2(0.0192)
(9.9838)
(0.4357)
A3(-6.0669)
(7.9104)
(-7.7093)
A4(-0.6273)
(9.2847)
(-3.5865)
G1(1.5176)
(-0.8173)
(1.5745)
G2(0.2261)
(-0.5140)
(-0.1548)
G3(-0.8189)
(1.8246)
(1.4676)
G4(0.1490)
(-0.0085)
(0.0213)
A1(-4.3733)
(9.8819)
(2.9555)
A2(-0.8763)
(9.2991)
(1.7669)
A3(-4.7214)
(8.5952)
(-6.4979)
A4(-0.3112)
(9.1171)
(-3.4237)
G1(1.7719)
(-0.7162)
(0.6960)
G2(0.2506)
(-0.6790)
(-0.1229)
G3(-1.0898)
(1.2068)
(1.7831)
G4(0.1048)
(-0.0447)
(0.0569)
A1(-3.7746)
(9.6280)
(1.7100)
A2(1.2546)
(9.4523)
(0.8954)
A3(-2.9161)
(9.3518)
(-5.6024)
A4(-0.8523)
(9.3805)
(-4.0654)
G1(1.8007)
(-0.7066)
(0.3986)
G2(-0.0766)
(-0.2975)
(-0.1873)
G3(-1.1345)
(1.0690)
(0.7237)
G4(0.1522)
(-0.1235)
(0.0782)
