A1(-5.9971)
(13.9199)
(7.6641)
A2(-1.6951)
(8.4563)
(2.5762)
A3(-5.5689)
(13.8529)
(0.0479)
A4(-0.6752)
(8.1690)
(-5.0853)
G1(-3.2145)
(2.7484)
(-0.7460)
G2(-1.3425)
(-0.9158)
(0.3304)
G3(1.0089)
(-0.0447)
(0.0468)
G4(0.0213)
(-0.0591)
(-0.0479)
A1(-9.6040)
(9.2783)
(4.3733)
A2(-1.8052)
(13.9726)
(0.8380)
A3(-5.5545)
(11.8992)
(-7.1012)
A4(-2.9353)
(7.7189)
(-8.5042)
G1(-1.8725)
(3.7876)
(-1.5607)
G2(-1.4410)
(2.7675)
(0.9940)
G3(1.8331)
(0.6907)
(-1.9640)
G4(-0.1490)
(1.3255)
(-0.2075)
A1(-10.6530)
(9.2783)
(-1.8106)
A2(2.6288)
(9.9647)
(-2.0303)
A3(1.9968)
(9.9647)
(-14.1210)
A4(-0.3448)
(8.4994)
(-8.0637)
G1(0.4688)
(5.2849)
(-2.1657)
G2(-0.0271)
(0.6604)
(0.7029)
G3(3.1767)
(2.4419)
(-3.6327)
G4(-0.4762)
(1.9566)
(-0.4480)
A1(-10.5429)
(9.0723)
(-1.5807)
A2(-4.0031)
(13.2256)
(6.5314)
A3(-4.7836)
(-7.1299)
(-10.3621)
A4(-1.2546)
(9.7252)
(-4.4628)
G1(3.8637)
(2.2168)
(-3.3869)
G2(-0.3704)
(1.9268)
(0.6625)
G3(6.3965)
(-2.3902)
(-6.5870)
G4(-1.1004)
(0.4033)
(0.4262)
A1(1.5520)
(14.1162)
(10.1214)
A2(8.6718)
(11.6119)
(3.5291)
A3(-11.3437)
(-14.0157)
(-11.0181)
A4(0.0958)
(9.1267)
(-0.6273)
G1(6.4002)
(0.0639)
(-2.6627)
G2(0.9668)
(1.2137)
(0.9429)
G3(1.6778)
(-3.6514)
(-1.9332)
G4(-0.8046)
(2.3892)
(0.0623)
A1(-1.3460)
(-4.7661)
(-1.3843)
A2(-2.1356)
(8.6239)
(4.8267)
A3(-5.3343)
(-8.1642)
(-11.4108)
A4(3.5099)
(10.0844)
(1.2737)
G1(5.5015)
(2.5323)
(-3.2060)
G2(0.2059)
(-0.9333)
(0.1219)
G3(1.2813)
(-0.9791)
(-3.2246)
G4(-0.8195)
(1.3335)
(0.1857)
A1(-33.8129)
(8.7035)
(-3.5925)
A2(8.1930)
(8.0685)
(3.0789)
A3(-6.8714)
(40.2465)
(28.3090)
A4(-2.2218)
(13.6039)
(3.8882)
G1(-1.4255)
(-0.8785)
(0.4166)
G2(1.3260)
(0.2139)
(0.3166)
G3(-0.7157)
(2.0002)
(3.0144)
G4(0.0447)
(-0.0298)
(-0.0059)
A1(0.1533)
(-2.4765)
(0.1724)
A2(2.9640)
(5.1427)
(3.6727)
A3(-11.1330)
(-13.2974)
(2.5762)
A4(3.3615)
(10.3908)
(0.2729)
G1(-1.0169)
(0.9046)
(0.4778)
G2(0.0862)
(-0.6034)
(-0.2155)
G3(0.0910)
(-0.5992)
(1.1275)
G4(0.4938)
(-0.4257)
(-0.1038)
A1(-8.3826)
(1.3556)
(0.2826)
A2(1.0918)
(12.1099)
(4.9799)
A3(-4.8219)
(1.0008)
(-2.7964)
A4(-1.8531)
(9.5816)
(-3.8307)
G1(-1.5522)
(-1.9811)
(1.5011)
G2(0.4411)
(1.0344)
(0.4299)
G3(-0.8594)
(-1.6001)
(0.6050)
G4(0.3001)
(-1.4128)
(-0.1139)
A1(-9.9298)
(3.6931)
(0.2299)
A2(4.7597)
(8.7101)
(1.6376)
A3(-1.6807)
(-1.1684)
(-2.3655)
A4(-0.3591)
(9.0453)
(-3.4764)
G1(-0.7125)
(-2.3088)
(2.4956)
G2(-0.2134)
(-1.9736)
(-0.3416)
G3(1.2095)
(-0.5316)
(2.2987)
G4(0.1937)
(-0.5523)
(-0.1250)
A1(-11.8697)
(5.3936)
(-1.6334)
A2(-2.4756)
(9.9072)
(2.4804)
A3(-7.4316)
(-0.5076)
(-5.0996)
A4(1.9058)
(9.6007)
(-2.9161)
G1(-0.1075)
(-1.2111)
(2.5696)
G2(0.0096)
(-0.7982)
(-0.5779)
G3(-0.6944)
(-1.6437)
(3.5114)
G4(0.2512)
(-1.0137)
(-0.0154)
A1(-8.0760)
(6.6773)
(1.7196)
A2(2.6671)
(9.3518)
(2.0542)
A3(-10.1754)
(-1.9441)
(-6.1770)
A4(0.0287)
(8.4898)
(-4.1515)
G1(-0.0064)
(-1.3484)
(2.2524)
G2(0.3469)
(-0.8876)
(-0.4140)
G3(-0.8700)
(2.2008)
(2.6116)
G4(0.1634)
(-0.5279)
(-0.1495)
A1(-7.6832)
(6.8689)
(3.2860)
A2(0.2107)
(10.2185)
(1.6281)
A3(-7.0485)
(0.0670)
(-6.8139)
A4(-0.0383)
(8.3222)
(-5.0039)
G1(0.6268)
(-0.6683)
(1.7315)
G2(0.1027)
(-1.0962)
(-0.3432)
G3(-1.4915)
(1.9630)
(2.0912)
G4(-0.0229)
(-0.6513)
(-0.1330)
A1(-6.1025)
(5.4990)
(1.8394)
A2(0.5315)
(8.7293)
(0.5363)
A3(-7.8817)
(3.7445)
(-6.9192)
A4(0.7901)
(9.5624)
(-4.8937)
G1(-0.0931)
(-0.1963)
(0.8993)
G2(0.0628)
(-0.2948)
(-0.3033)
G3(-1.5777)
(2.0348)
(1.7129)
G4(0.0282)
(-0.4406)
(-0.0202)
A1(-5.7145)
(8.9143)
(3.7506)
A2(2.0494)
(9.2751)
(0.0383)
A3(-7.4220)
(6.0908)
(-7.5417)
A4(0.2777)
(9.2847)
(-3.9456)
G1(1.3941)
(-0.9030)
(1.2760)
G2(0.2293)
(-0.8077)
(-0.4342)
G3(-2.0646)
(0.7013)
(2.7436)
G4(0.0154)
(-0.4608)
(-0.0702)
A1(-6.3947)
(8.6173)
(2.2801)
A2(0.2203)
(10.2376)
(1.9393)
A3(-4.8794)
(8.7293)
(-7.2113)
A4(0.3926)
(9.1506)
(-4.5107)
G1(1.4660)
(-0.5864)
(1.0488)
G2(0.1916)
(-1.3287)
(-0.2219)
G3(-1.9220)
(0.7396)
(2.1540)
G4(0.0208)
(-0.2490)
(-0.0074)
A1(-5.2355)
(8.4975)
(2.2274)
A2(0.7949)
(9.4906)
(1.1157)
A3(-5.7269)
(10.0413)
(-4.9847)
A4(0.0718)
(9.1602)
(-4.0749)
G1(1.1494)
(-0.0915)
(0.6577)
G2(0.0160)
(-0.5316)
(-0.2043)
G3(-1.2680)
(0.6577)
(0.8429)
G4(-0.0479)
(-0.2373)
(-0.0069)
A1(-3.0417)
(8.7562)
(0.8478)
A2(-0.2107)
(9.4188)
(0.1867)
A3(-4.4293)
(9.7396)
(-2.4995)
A4(-0.5507)
(9.8402)
(-3.0789)
G1(1.1329)
(-0.9716)
(0.4049)
G2(0.0724)
(-0.5853)
(-0.2384)
G3(-0.6737)
(0.8785)
(-0.1075)
G4(0.0048)
(-0.1511)
(0.0899)
A1(-3.8368)
(10.2363)
(0.4119)
A2(-0.3352)
(9.9886)
(0.3591)
A3(-2.4469)
(9.8210)
(-3.0358)
A4(0.9098)
(9.3565)
(-3.9648)
G1(-0.0250)
(-0.6902)
(0.1421)
G2(0.1373)
(-0.4581)
(-0.1873)
G3(-0.7913)
(-0.0208)
(0.1517)
G4(0.0926)
(-0.0303)
(0.0569)
A1(-2.9842)
(9.4795)
(-1.6047)
A2(0.2921)
(9.5720)
(1.1109)
A3(-4.7214)
(10.3238)
(-4.8602)
A4(1.6472)
(8.0972)
(-5.1284)
G1(0.7024)
(-0.1117)
(-0.2671)
G2(0.3762)
(-0.3246)
(-0.0750)
G3(-0.0223)
(-0.6795)
(0.1006)
G4(0.1373)
(0.4853)
(-0.1086)
