A1(-2.9411)
(8.2772)
(2.2561)
A2(0.1006)
(9.2512)
(2.2984)
A3(-2.2649)
(9.0740)
(-4.0749)
A4(-0.1484)
(8.7149)
(-4.5538)
G1(-0.2810)
(0.5177)
(0.2272)
G2(-0.0532)
(0.0314)
(-0.1091)
G3(0.0777)
(0.2102)
(-0.0841)
G4(0.2011)
(-0.0809)
(-0.0564)
A1(-8.4975)
(10.4662)
(8.7131)
A2(0.7039)
(8.3414)
(2.0207)
A3(-1.0678)
(10.3334)
(-0.7135)
A4(-2.8252)
(7.2736)
(-7.5944)
G1(-2.2950)
(0.6508)
(-0.5098)
G2(-0.1905)
(-0.0101)
(0.0772)
G3(0.5726)
(0.6167)
(0.1006)
G4(-0.0628)
(-0.6710)
(0.3038)
A1(-8.1766)
(10.7488)
(9.4028)
A2(-0.7230)
(8.9112)
(1.8723)
A3(-12.5839)
(14.5663)
(-3.9409)
A4(-3.8499)
(9.2464)
(-7.1443)
G1(-3.0522)
(1.9608)
(-0.9019)
G2(-0.6215)
(0.3597)
(0.2373)
G3(0.8030)
(0.2320)
(-0.2490)
G4(-0.2863)
(1.2792)
(-0.2714)
A1(-11.7931)
(11.1943)
(1.8202)
A2(-0.1915)
(12.2296)
(0.3687)
A3(-6.5410)
(11.8274)
(-12.8952)
A4(-1.9393)
(9.2656)
(-5.7365)
G1(-1.7629)
(3.4598)
(-2.6366)
G2(-0.8508)
(1.2143)
(0.3762)
G3(2.9484)
(-1.1366)
(-0.7141)
G4(-0.5390)
(1.0169)
(-0.0654)
A1(-7.0509)
(8.9526)
(-1.7771)
A2(-1.8148)
(11.4443)
(1.3551)
A3(-11.7699)
(3.0789)
(-13.5703)
A4(-0.9481)
(8.8777)
(-6.0621)
G1(0.0197)
(4.4681)
(-2.8175)
G2(1.0621)
(0.9237)
(1.4245)
G3(3.7647)
(-2.9341)
(-2.7978)
G4(-0.5550)
(1.7682)
(-0.2395)
A1(-1.7484)
(8.3299)
(-0.7808)
A2(-3.3232)
(10.9990)
(4.3910)
A3(-4.0654)
(-9.0644)
(-4.1994)
A4(-3.7493)
(7.0581)
(-4.1276)
G1(3.8025)
(4.3319)
(-2.0055)
G2(-0.1889)
(1.6054)
(0.3975)
G3(2.8952)
(-5.0700)
(-5.2099)
G4(-1.4064)
(2.2711)
(-0.2996)
A1(-2.8788)
(2.2561)
(4.0907)
A2(3.8690)
(10.7883)
(1.0774)
A3(-4.9943)
(-11.9758)
(-6.8378)
A4(1.2498)
(10.6734)
(0.6033)
G1(4.5049)
(3.6785)
(-1.5495)
G2(0.9541)
(2.7590)
(0.8168)
G3(0.4496)
(-1.4346)
(-3.1570)
G4(-0.7641)
(0.7588)
(0.3927)
A1(-13.0576)
(-0.9580)
(-1.2167)
A2(-3.7493)
(5.4588)
(4.3718)
A3(1.4461)
(13.2543)
(-2.6001)
A4(8.3606)
(13.1250)
(0.0335)
G1(-0.8253)
(-4.1356)
(0.5071)
G2(0.4528)
(-0.3948)
(-0.4927)
G3(-1.5926)
(0.5438)
(0.8062)
G4(-0.0431)
(-0.3932)
(0.1043)
A1(-1.2215)
(-2.2561)
(0.9628)
A2(11.0852)
(2.5187)
(1.4222)
A3(-10.9415)
(7.9344)
(-4.4628)
A4(-0.4549)
(8.9687)
(-3.9792)
G1(-1.8874)
(-2.3887)
(0.5837)
G2(-0.0346)
(-0.6997)
(-0.5060)
G3(-0.0942)
(-0.5523)
(1.0786)
G4(0.2458)
(-0.2410)
(-0.0431)
A1(-16.7172)
(1.6526)
(-1.9016)
A2(0.0910)
(6.4404)
(4.2234)
A3(-1.4557)
(-5.1954)
(-2.7485)
A4(3.0789)
(10.1562)
(-1.3312)
G1(-0.9264)
(-1.6698)
(1.2574)
G2(0.0974)
(0.9631)
(0.4246)
G3(0.9828)
(0.3496)
(2.3285)
G4(0.3906)
(0.1075)
(-0.0782)
A1(-7.6210)
(0.4024)
(-0.2156)
A2(2.1021)
(9.8593)
(2.4229)
A3(-22.6252)
(-2.3128)
(-2.7246)
A4(-2.1021)
(9.8162)
(-2.5762)
G1(-0.8173)
(0.7247)
(1.0509)
G2(-0.0537)
(0.1671)
(-0.2006)
G3(0.1910)
(-2.5089)
(3.8286)
G4(0.6274)
(1.2132)
(-0.3640)
A1(-10.6674)
(3.6165)
(0.1437)
A2(1.6328)
(8.2169)
(2.7294)
A3(-9.4906)
(-2.2505)
(-3.4812)
A4(2.0734)
(8.0541)
(-4.4724)
G1(-0.1213)
(-1.7443)
(1.1068)
G2(0.0032)
(0.3262)
(0.2506)
G3(1.0435)
(0.2017)
(1.0749)
G4(0.1841)
(-1.3915)
(0.2347)
A1(-7.4006)
(6.6198)
(3.5111)
A2(1.9489)
(8.3366)
(2.3128)
A3(-7.8338)
(-2.8874)
(-3.2034)
A4(3.3040)
(9.5385)
(-4.4005)
G1(0.5247)
(-0.6327)
(1.1270)
G2(-0.1240)
(0.8791)
(-0.2639)
G3(-0.0750)
(1.6895)
(0.6204)
G4(-0.0202)
(-2.3535)
(0.6667)
A1(-6.6103)
(6.5719)
(2.7686)
A2(1.6807)
(8.8633)
(2.1883)
A3(-5.1475)
(0.0622)
(-4.4005)
A4(0.1867)
(8.6862)
(-4.9656)
G1(1.1414)
(-2.8042)
(1.6091)
G2(0.0984)
(-1.3595)
(-0.5614)
G3(-1.2755)
(2.5036)
(1.3425)
G4(-0.0431)
(-1.0296)
(0.1958)
A1(-7.2377)
(6.3085)
(3.8464)
A2(0.8140)
(11.1809)
(1.8579)
A3(-2.4995)
(3.6152)
(-7.6662)
A4(0.7614)
(8.5569)
(-4.8842)
G1(1.4904)
(-0.5992)
(2.1817)
G2(0.5268)
(-0.9727)
(-0.2325)
G3(-1.9630)
(2.3397)
(2.3493)
G4(-0.0596)
(-0.8019)
(0.1868)
A1(-5.5852)
(11.3093)
(2.8644)
A2(1.1827)
(10.0221)
(0.9864)
A3(-2.2170)
(6.7708)
(-9.4571)
A4(0.1101)
(9.0644)
(-4.4484)
G1(2.4429)
(-1.1840)
(1.4516)
G2(0.4480)
(-1.1190)
(-0.2033)
G3(-2.2891)
(2.0806)
(1.3122)
G4(0.0080)
(-0.4560)
(0.1213)
A1(-5.8870)
(9.7717)
(5.7433)
A2(2.3415)
(8.9256)
(1.0534)
A3(-6.3063)
(6.7229)
(-9.8928)
A4(0.0575)
(9.8114)
(-3.5051)
G1(2.2695)
(-0.9397)
(0.7088)
G2(0.2613)
(-1.0424)
(-0.0452)
G3(-2.1247)
(1.8693)
(1.6309)
G4(0.1921)
(-0.2692)
(0.0213)
A1(-5.2451)
(9.8244)
(3.6596)
A2(0.1676)
(10.2472)
(1.5036)
A3(-2.3367)
(11.2384)
(-2.6959)
A4(0.1915)
(9.1889)
(-4.7645)
G1(1.2590)
(0.1341)
(0.6412)
G2(-0.0798)
(-1.1217)
(-0.0984)
G3(-1.6543)
(0.2309)
(0.6279)
G4(0.1697)
(-0.0394)
(0.0149)
A1(-3.6931)
(9.6902)
(0.7089)
A2(-2.2649)
(10.1562)
(0.7230)
A3(-6.9192)
(8.7484)
(-4.7692)
A4(1.3168)
(8.7915)
(-5.7940)
G1(0.8934)
(-0.2001)
(-0.2629)
G2(-0.1889)
(-0.3821)
(-0.3267)
G3(-0.9929)
(0.1511)
(0.3251)
G4(-0.1926)
(0.0532)
(-0.0617)
A1(-3.0273)
(9.6807)
(0.7664)
A2(1.1827)
(10.6542)
(-0.0862)
A3(-1.1396)
(11.3150)
(-1.1396)
A4(0.3304)
(8.8777)
(-3.9504)
G1(0.5970)
(0.4544)
(0.1777)
G2(0.4741)
(-0.8210)
(-0.0314)
G3(-0.2283)
(0.8487)
(-0.4427)
G4(-0.1751)
(0.3283)
(0.0809)
