A1(-0.6467)
(9.3214)
(-0.4311)
A2(2.5618)
(9.5002)
(-0.5076)
A3(2.1261)
(9.1889)
(-2.2936)
A4(-0.0335)
(9.7731)
(-2.2314)
G1(-0.4800)
(0.0889)
(0.1804)
G2(0.0213)
(-0.1325)
(0.2363)
G3(0.1650)
(0.2421)
(0.0468)
G4(0.0298)
(0.3310)
(-0.0250)
A1(2.0214)
(10.7967)
(-1.0490)
A2(0.9816)
(9.6391)
(-0.3735)
A3(1.4844)
(9.2656)
(-2.0063)
A4(4.8842)
(13.6948)
(0.2011)
G1(-0.4624)
(-0.2426)
(-0.0037)
G2(0.0926)
(-0.2304)
(0.1080)
G3(0.2746)
(0.1772)
(0.1043)
G4(1.0445)
(0.2847)
(-0.3033)
A1(0.6850)
(10.0974)
(0.0575)
A2(3.0981)
(8.9974)
(-1.0343)
A3(2.4038)
(8.5281)
(-2.4086)
A4(6.2441)
(14.2551)
(-5.0996)
G1(-0.3166)
(-0.3890)
(0.1123)
G2(0.5635)
(0.0803)
(0.1447)
G3(0.3400)
(0.4209)
(0.0106)
G4(1.4527)
(0.6135)
(-0.8610)
A1(-0.5269)
(10.0256)
(-0.5221)
A2(5.5162)
(8.4372)
(2.7007)
A3(2.5426)
(8.0254)
(-5.1475)
A4(0.0096)
(12.2392)
(-7.9966)
G1(-0.0947)
(-1.6895)
(-0.4869)
G2(-2.1364)
(-0.4981)
(-0.0654)
G3(0.2198)
(-0.6715)
(-0.0825)
G4(0.7088)
(1.1765)
(0.4310)
A1(1.1879)
(11.2326)
(0.4072)
A2(6.2728)
(7.7237)
(5.1092)
A3(4.1468)
(8.5425)
(-3.3998)
A4(2.7150)
(4.2952)
(-12.4020)
G1(-0.3288)
(-1.6692)
(-0.0585)
G2(-4.5049)
(-2.5605)
(1.0568)
G3(-0.0559)
(-1.0924)
(-0.0511)
G4(1.6868)
(1.2558)
(2.4232)
A1(-2.2657)
(10.0399)
(0.2730)
A2(9.6582)
(8.1738)
(7.9200)
A3(2.9544)
(8.5186)
(-4.6112)
A4(4.8746)
(-1.8387)
(-8.4084)
G1(-0.2575)
(-1.0238)
(-0.5800)
G2(-3.6710)
(-1.7751)
(2.0401)
G3(-0.2118)
(-1.8768)
(0.1437)
G4(2.3142)
(3.7370)
(5.1572)
A1(-0.0575)
(10.7297)
(3.1854)
A2(10.5728)
(7.7764)
(5.6790)
A3(2.5043)
(8.7293)
(-3.7493)
A4(4.9033)
(-2.9784)
(-4.0366)
G1(-0.0506)
(-0.8950)
(-0.3400)
G2(-3.1469)
(-2.6292)
(2.4259)
G3(-0.3719)
(-1.7358)
(0.0202)
G4(1.4910)
(5.0460)
(4.5171)
A1(0.4072)
(8.3299)
(5.8965)
A2(8.9591)
(5.3103)
(3.0981)
A3(1.8723)
(7.8338)
(-3.9504)
A4(2.5809)
(-9.9072)
(-3.1556)
G1(0.5428)
(-0.6630)
(-0.1767)
G2(-1.5171)
(-3.5598)
(2.6584)
G3(-1.0722)
(-2.0422)
(0.0239)
G4(-0.1336)
(2.6105)
(3.5699)
A1(-5.9061)
(9.4986)
(4.8619)
A2(5.4971)
(1.7190)
(2.9928)
A3(-1.1349)
(10.2711)
(1.8771)
A4(8.1211)
(124.6613)
(-12.2009)
G1(-0.4922)
(0.2187)
(-0.2102)
G2(1.7661)
(-3.3438)
(2.1918)
G3(-0.7370)
(-1.9811)
(-0.1442)
G4(1.2744)
(-4.7715)
(3.2640)
A1(-3.4392)
(8.4065)
(4.1913)
A2(5.8179)
(2.7869)
(-5.2577)
A3(-0.2155)
(8.5521)
(-2.4565)
A4(-3.8834)
(-11.7460)
(0.1772)
G1(0.1517)
(0.0819)
(0.0963)
G2(5.1966)
(-1.1542)
(0.2975)
G3(0.3608)
(0.8391)
(0.0117)
G4(0.1809)
(-5.4616)
(-1.3984)
A1(-3.9230)
(9.2208)
(1.5711)
A2(28.0457)
(5.5785)
(15.1122)
A3(-0.3974)
(10.6446)
(-0.0144)
A4(6.1866)
(-2.4565)
(-8.4420)
G1(0.1075)
(0.5028)
(0.0628)
G2(-0.3581)
(-10.9376)
(2.3269)
G3(-0.0255)
(-0.8381)
(0.3060)
G4(-2.4036)
(2.2881)
(-0.2746)
A1(-2.1124)
(8.9861)
(1.1113)
A2(42.6647)
(28.9555)
(-30.8565)
A3(0.7518)
(7.9871)
(-5.3103)
A4(3.0694)
(-0.9577)
(-3.5099)
G1(0.4438)
(1.4553)
(0.3634)
G2(4.5975)
(-3.3055)
(1.4990)
G3(0.5688)
(1.6634)
(0.0521)
G4(1.4277)
(-0.8290)
(-1.4160)
A1(0.2874)
(9.5705)
(2.2465)
A2(1.0439)
(-1.2402)
(6.7038)
A3(-1.4605)
(9.3039)
(-2.7869)
A4(9.1746)
(-5.7269)
(-3.8930)
G1(0.1181)
(1.4415)
(0.4523)
G2(-0.0697)
(-0.0788)
(-0.5954)
G3(0.3762)
(2.5047)
(-0.2554)
G4(-0.5326)
(-4.0403)
(-4.2266)
A1(0.1293)
(10.3800)
(0.2443)
A2(10.2568)
(5.0709)
(1.6759)
A3(2.3703)
(8.8777)
(-2.9353)
A4(4.7214)
(3.8690)
(-6.8618)
G1(0.5071)
(1.1323)
(0.2831)
G2(-0.4661)
(3.1613)
(-1.6746)
G3(0.3315)
(1.3164)
(0.1511)
G4(-0.7375)
(-1.2494)
(-4.8114)
A1(-0.1533)
(9.1825)
(-0.0144)
A2(11.3868)
(1.3838)
(-1.3838)
A3(2.5379)
(8.4994)
(-3.6152)
A4(1.1396)
(10.7883)
(-7.3454)
G1(0.5736)
(1.7267)
(0.1070)
G2(-0.4741)
(0.1293)
(-1.7054)
G3(0.2751)
(1.1914)
(0.0803)
G4(-0.0873)
(-1.2909)
(-3.4550)
A1(-0.3832)
(9.7717)
(0.8335)
A2(4.6064)
(3.9648)
(4.3862)
A3(2.1021)
(9.5816)
(-2.3798)
A4(4.5155)
(9.4858)
(-10.7117)
G1(0.0351)
(0.9754)
(0.0128)
G2(1.6799)
(2.4083)
(-2.1971)
G3(0.1713)
(0.7061)
(0.0293)
G4(0.0591)
(-2.8596)
(-1.2595)
A1(-1.8729)
(10.0303)
(-2.0358)
A2(10.6734)
(7.2018)
(4.1515)
A3(1.8818)
(8.4036)
(-4.3191)
A4(4.4101)
(10.5393)
(-7.3789)
G1(-0.0133)
(1.0504)
(-0.0803)
G2(1.5474)
(1.0158)
(-3.1852)
G3(0.0553)
(0.3262)
(0.0474)
G4(-0.4853)
(-1.4064)
(-1.2723)
A1(0.3593)
(10.1405)
(-1.3460)
A2(4.7070)
(10.1370)
(2.8683)
A3(2.2745)
(7.6519)
(-4.5681)
A4(8.1642)
(12.8952)
(-7.9918)
G1(-0.2352)
(1.6655)
(0.0654)
G2(1.7794)
(0.0314)
(-2.2727)
G3(0.0490)
(0.5619)
(-0.1916)
G4(-1.2712)
(-0.2645)
(-0.0649)
A1(1.2646)
(9.9777)
(0.0479)
A2(3.9313)
(8.1355)
(2.6767)
A3(4.4724)
(8.5952)
(-2.5570)
A4(0.9433)
(13.4458)
(-5.1236)
G1(-0.1469)
(1.1557)
(0.1389)
G2(1.2904)
(1.5633)
(-1.9720)
G3(0.2943)
(1.0179)
(-0.2762)
G4(-0.7577)
(-1.0419)
(0.8998)
A1(-1.2598)
(8.9143)
(-0.2826)
A2(5.6407)
(10.4531)
(2.1213)
A3(3.0837)
(8.9974)
(-3.6105)
A4(-0.5986)
(8.7724)
(-5.0278)
G1(0.7040)
(-0.2022)
(-0.3379)
G2(1.2020)
(0.4395)
(-0.7998)
G3(0.2512)
(0.2794)
(-0.1761)
G4(-0.6960)
(0.4076)
(-0.2687)
