A1(-4.3541)
(7.3240)
(2.9123)
A2(0.4884)
(7.9775)
(1.1588)
A3(-1.8148)
(9.2943)
(-1.1540)
A4(0.5890)
(6.5936)
(-8.8633)
G1(-2.0130)
(0.5704)
(0.6024)
G2(-0.8546)
(-0.0202)
(0.2283)
G3(0.1900)
(0.9243)
(-0.1979)
G4(0.2538)
(0.7082)
(-0.4156)
A1(-6.9024)
(11.2087)
(6.5815)
A2(-0.9912)
(9.5385)
(-0.0239)
A3(-5.3726)
(15.5958)
(-0.1293)
A4(-1.5945)
(4.5107)
(-6.0813)
G1(-3.1240)
(4.3761)
(-0.5140)
G2(-0.8184)
(1.4420)
(0.2714)
G3(1.0658)
(0.0176)
(0.3028)
G4(-0.4725)
(0.2038)
(-0.2847)
A1(-8.5502)
(17.0525)
(3.7219)
A2(-0.0335)
(12.3541)
(-1.6424)
A3(-4.4341)
(10.8026)
(-7.6040)
A4(-2.3607)
(9.8881)
(-5.1811)
G1(-1.6708)
(4.0579)
(-2.8958)
G2(-0.5736)
(1.2084)
(1.0078)
G3(2.2168)
(3.1581)
(-3.4406)
G4(-0.4837)
(1.0536)
(-0.0857)
A1(-9.6902)
(9.0436)
(-3.3674)
A2(0.4645)
(7.4939)
(0.6464)
A3(-0.7278)
(11.4347)
(-16.8695)
A4(-0.3543)
(7.5992)
(-5.9137)
G1(0.2123)
(2.4062)
(-3.5556)
G2(-0.1729)
(-0.4470)
(1.3713)
G3(5.4510)
(0.8626)
(-2.7627)
G4(-0.4645)
(1.1520)
(0.1532)
A1(-8.7083)
(8.1287)
(-0.8718)
A2(-2.4134)
(8.5377)
(8.1499)
A3(-5.3917)
(-13.4841)
(-8.2073)
A4(-2.2553)
(8.7532)
(-5.2050)
G1(4.0770)
(5.6713)
(-3.4162)
G2(-0.1032)
(3.6056)
(0.5438)
G3(7.5986)
(-5.5207)
(-5.7473)
G4(-1.2973)
(0.8918)
(0.4699)
A1(-3.6117)
(4.4068)
(2.3184)
A2(1.0630)
(12.0285)
(9.0118)
A3(-5.1523)
(-10.4435)
(-6.4117)
A4(0.1293)
(9.9168)
(-0.0287)
G1(6.2890)
(0.0851)
(-1.3750)
G2(0.7843)
(-2.9319)
(0.9237)
G3(-0.3837)
(-3.8403)
(-2.6552)
G4(-0.7753)
(1.5011)
(0.3932)
A1(-16.2143)
(1.0203)
(-2.1651)
A2(3.1603)
(4.0701)
(5.8658)
A3(-6.4452)
(28.8501)
(12.7419)
A4(13.5751)
(8.3749)
(-0.4788)
G1(-1.6767)
(-4.5363)
(-1.0211)
G2(1.2962)
(1.3968)
(0.1719)
G3(-0.6146)
(2.6999)
(-1.6341)
G4(-0.6279)
(-0.1937)
(0.1841)
A1(-1.8346)
(-0.5269)
(2.8836)
A2(10.1227)
(5.3870)
(-1.5802)
A3(3.3088)
(-11.3485)
(-7.5274)
A4(7.6758)
(8.8729)
(0.9337)
G1(-1.8890)
(-0.4369)
(0.9355)
G2(0.0665)
(-1.0541)
(-0.7620)
G3(-0.4198)
(0.8056)
(-1.0270)
G4(0.3448)
(-0.9067)
(0.0410)
A1(-7.8030)
(-0.3257)
(-0.5317)
A2(6.0430)
(12.7515)
(5.2002)
A3(-0.6273)
(-2.6719)
(-1.7813)
A4(0.6321)
(9.7205)
(-2.6240)
G1(-1.7581)
(-1.9795)
(1.6331)
G2(-0.2634)
(-0.7838)
(0.3874)
G3(-0.6577)
(0.0261)
(1.6075)
G4(0.0623)
(-3.0112)
(0.0905)
A1(-0.7856)
(6.7204)
(2.2896)
A2(9.4619)
(7.2688)
(4.6256)
A3(-7.0102)
(3.2753)
(-2.3607)
A4(3.6823)
(9.1746)
(-3.3806)
G1(-1.1105)
(-2.5584)
(2.8846)
G2(-0.2863)
(0.0937)
(-0.4954)
G3(2.3211)
(2.2269)
(-0.4001)
G4(0.0740)
(-1.2164)
(-0.0261)
A1(-14.0157)
(4.9242)
(-2.5818)
A2(-0.7374)
(9.0884)
(1.7286)
A3(-9.3326)
(-8.2025)
(-9.2416)
A4(1.4365)
(9.2177)
(-2.9305)
G1(0.4864)
(-1.4026)
(3.6327)
G2(0.5156)
(0.1054)
(-0.5358)
G3(-0.1128)
(2.9101)
(2.4855)
G4(0.2341)
(-0.6183)
(-0.1666)
A1(-2.0166)
(8.8759)
(3.0081)
A2(1.9728)
(8.8681)
(2.4948)
A3(-3.3902)
(-5.7174)
(-11.0995)
A4(1.6520)
(8.8777)
(-5.0805)
G1(0.5114)
(-0.8556)
(2.0007)
G2(0.3975)
(-1.1988)
(-0.2336)
G3(-4.1441)
(3.7636)
(2.9016)
G4(-0.0154)
(-0.4182)
(-0.3863)
A1(-6.9120)
(11.2039)
(2.4860)
A2(1.2833)
(9.0261)
(1.4222)
A3(-5.3056)
(0.6847)
(-10.0317)
A4(0.9194)
(9.3853)
(-3.7397)
G1(1.8342)
(-4.1074)
(1.9912)
G2(0.3874)
(-0.6965)
(-0.3006)
G3(-3.9121)
(2.0359)
(2.1950)
G4(-0.1804)
(-1.0270)
(-0.0362)
A1(-4.3350)
(10.1788)
(4.7038)
A2(3.2801)
(9.5624)
(0.4166)
A3(-6.2680)
(8.7580)
(-9.5816)
A4(0.7805)
(9.8258)
(-3.4237)
G1(0.8929)
(-0.5071)
(0.9812)
G2(0.6715)
(-0.3182)
(-0.4182)
G3(-3.3491)
(-0.4220)
(2.9580)
G4(0.0819)
(0.0160)
(-0.3017)
A1(-5.9684)
(9.5322)
(2.7878)
A2(-5.3917)
(10.2855)
(2.5618)
A3(-6.8522)
(9.9695)
(-6.7947)
A4(-0.3735)
(9.5002)
(-3.2370)
G1(0.4060)
(0.5922)
(0.2501)
G2(-0.0426)
(-2.1960)
(-0.3517)
G3(-2.0869)
(0.0644)
(0.7290)
G4(0.1394)
(0.2166)
(-0.0532)
A1(-3.4009)
(8.9143)
(1.9352)
A2(-1.7190)
(9.6869)
(1.3408)
A3(-4.9704)
(10.0700)
(-2.8778)
A4(-0.0431)
(8.8155)
(-3.4141)
G1(0.2251)
(-0.9626)
(-0.2379)
G2(-0.1687)
(1.3744)
(-0.3118)
G3(-1.3420)
(0.4986)
(-0.4230)
G4(-0.1916)
(-0.4762)
(0.0383)
A1(-4.4020)
(7.6066)
(-7.7934)
A2(-0.5124)
(10.7883)
(1.5658)
A3(-3.9983)
(10.1131)
(-2.9018)
A4(0.8188)
(9.4140)
(-2.9161)
G1(1.0839)
(-0.0713)
(0.2677)
G2(0.3932)
(-0.7998)
(-0.0064)
G3(-0.1101)
(0.2990)
(-0.7120)
G4(-0.1320)
(0.0255)
(0.0170)
A1(-0.5940)
(10.2315)
(-2.1699)
A2(-0.9242)
(7.9918)
(-0.4932)
A3(1.6520)
(8.5617)
(-3.2944)
A4(0.8571)
(9.2799)
(-3.6392)
G1(0.3363)
(1.2584)
(0.4385)
G2(0.4539)
(0.2230)
(-0.3475)
G3(0.0223)
(0.1740)
(-0.2395)
G4(-0.0851)
(-0.1671)
(0.1272)
A1(-2.8788)
(10.1022)
(0.6706)
A2(1.5419)
(8.6814)
(-0.7374)
A3(-2.5139)
(9.2943)
(-3.8355)
A4(0.7757)
(9.1794)
(-3.5195)
G1(0.6252)
(-0.1692)
(-0.1644)
G2(0.3283)
(-0.0250)
(-0.0468)
G3(-0.2432)
(0.2421)
(0.2528)
G4(-0.0309)
(0.1767)
(-0.0090)
A1(-2.9746)
(8.1479)
(-0.2203)
A2(0.2729)
(9.7061)
(-0.6991)
A3(-1.2498)
(9.4906)
(-3.2130)
A4(1.0104)
(9.1315)
(-3.9265)
G1(0.3097)
(1.0844)
(0.0000)
G2(0.1916)
(-0.3044)
(-0.0452)
G3(-0.3283)
(-0.1192)
(0.0431)
G4(-0.0032)
(0.2783)
(0.0032)
