A1(1.4610)
(9.4076)
(-1.9448)
A2(2.0446)
(8.9064)
(-1.2115)
A3(1.8292)
(6.5936)
(-6.4739)
A4(2.7629)
(11.6789)
(1.8387)
G1(0.5529)
(-0.4023)
(-0.2144)
G2(-0.0074)
(0.3964)
(0.1080)
G3(0.5273)
(-0.4044)
(0.2645)
G4(0.7237)
(-0.0527)
(-0.0990)
A1(0.9245)
(9.5513)
(1.4274)
A2(4.2760)
(8.4228)
(0.0766)
A3(2.1739)
(9.0453)
(-2.3128)
A4(3.7493)
(14.5137)
(-4.7692)
G1(-1.2031)
(0.3129)
(-0.1176)
G2(-0.5736)
(-0.4816)
(0.2469)
G3(0.0490)
(0.7790)
(-0.1846)
G4(1.5846)
(0.4273)
(-0.4347)
A1(-0.4359)
(9.5992)
(1.7627)
A2(4.7692)
(8.7771)
(3.4237)
A3(3.7110)
(8.0732)
(-5.2289)
A4(-0.2298)
(15.0021)
(-7.0581)
G1(-0.3852)
(-1.8491)
(-0.2581)
G2(-2.6137)
(-0.4778)
(0.1937)
G3(-0.0064)
(-0.3033)
(0.1016)
G4(0.5912)
(1.0030)
(0.1368)
A1(2.4765)
(11.0506)
(1.9591)
A2(2.3846)
(9.9982)
(7.7141)
A3(3.4812)
(8.4946)
(-4.1803)
A4(3.8499)
(4.9799)
(-11.2097)
G1(-0.0825)
(-1.9805)
(-1.0057)
G2(-4.3862)
(-2.3711)
(1.0930)
G3(-0.0692)
(-0.4401)
(-0.0138)
G4(3.0463)
(1.0115)
(3.4582)
A1(-3.4440)
(9.6567)
(2.4477)
A2(11.2384)
(7.7955)
(7.1970)
A3(3.4907)
(8.3079)
(-4.9225)
A4(5.0470)
(-4.3335)
(-7.5322)
G1(0.3171)
(-1.7501)
(-0.6486)
G2(-3.5215)
(-3.0075)
(2.1013)
G3(-0.6029)
(-1.1627)
(0.1724)
G4(4.6315)
(4.0403)
(4.0036)
A1(-2.1699)
(7.4006)
(3.5686)
A2(7.8051)
(6.2584)
(5.8945)
A3(2.9497)
(8.4372)
(-1.8340)
A4(5.7892)
(-6.4643)
(-2.0590)
G1(0.0442)
(0.5146)
(-0.1080)
G2(-2.2636)
(-3.4178)
(1.5277)
G3(-1.2489)
(-1.5777)
(-0.0724)
G4(0.1628)
(4.8518)
(3.5870)
A1(-3.4632)
(7.7647)
(4.8715)
A2(8.2121)
(5.8179)
(0.3974)
A3(1.1875)
(9.9455)
(-1.2163)
A4(2.3511)
(-10.3525)
(-6.6846)
G1(0.3177)
(-1.2334)
(-0.0654)
G2(0.7162)
(-3.7253)
(1.8390)
G3(-0.6854)
(-0.8498)
(-0.3634)
G4(-1.3335)
(-0.7466)
(2.2051)
A1(-7.3958)
(9.0053)
(3.8799)
A2(8.1977)
(-0.7757)
(1.4988)
A3(-2.0494)
(10.7452)
(1.3216)
A4(15.7538)
(80.5074)
(-6.0334)
G1(-0.5417)
(1.5612)
(-0.2421)
G2(3.0761)
(-1.8358)
(1.3979)
G3(-0.3725)
(-0.8743)
(-0.2740)
G4(-1.8087)
(-3.0314)
(-4.5650)
A1(-5.3505)
(9.7334)
(4.6415)
A2(2.9784)
(3.9217)
(0.1628)
A3(-1.3408)
(8.4467)
(-4.9608)
A4(4.8985)
(-6.2872)
(-2.6863)
G1(0.3198)
(-0.9296)
(0.5028)
G2(4.0930)
(-2.9048)
(0.1240)
G3(0.1756)
(0.7524)
(0.3411)
G4(-0.8466)
(-0.8003)
(0.4736)
A1(-0.8909)
(8.9574)
(2.1747)
A2(3.7685)
(-3.8403)
(2.8491)
A3(-1.7621)
(9.7923)
(-1.2019)
A4(8.1930)
(3.6919)
(-2.5905)
G1(0.5167)
(1.4080)
(0.3650)
G2(-1.4628)
(8.6564)
(-2.8271)
G3(0.5390)
(1.3851)
(-0.0090)
G4(0.3922)
(1.4255)
(-2.3972)
A1(1.4897)
(10.1836)
(2.9411)
A2(28.5389)
(0.5698)
(-10.9080)
A3(-0.4788)
(8.3031)
(-4.0318)
A4(0.5986)
(-4.6639)
(-4.3766)
G1(0.3512)
(0.8626)
(-0.0968)
G2(1.9039)
(-2.2024)
(0.5938)
G3(0.3437)
(1.2015)
(0.0979)
G4(-0.9903)
(2.6095)
(-5.7537)
A1(-1.7484)
(9.5322)
(1.0155)
A2(-1.8627)
(-5.0087)
(1.7909)
A3(3.3615)
(9.5577)
(0.4310)
A4(6.6415)
(-1.2737)
(-3.7541)
G1(0.4736)
(0.7934)
(-0.0213)
G2(-1.6618)
(5.8878)
(-0.7503)
G3(0.3262)
(0.6391)
(0.1022)
G4(-0.1032)
(-1.7485)
(-1.5394)
A1(2.7207)
(9.5226)
(1.4897)
A2(6.9049)
(-1.4461)
(-3.7302)
A3(2.2170)
(8.3653)
(-4.4963)
A4(8.3318)
(2.4277)
(-4.9752)
G1(0.1948)
(-0.4560)
(0.1841)
G2(0.0330)
(0.4613)
(-1.0499)
G3(0.2464)
(1.1478)
(0.0261)
G4(-0.2677)
(-0.7428)
(-1.6501)
A1(-1.4993)
(10.0735)
(1.3077)
A2(8.0110)
(0.2729)
(-0.2729)
A3(5.3103)
(8.7245)
(-2.2553)
A4(4.6687)
(1.6328)
(-6.8139)
G1(0.5843)
(-0.2001)
(0.5114)
G2(0.3102)
(2.7712)
(-1.4899)
G3(-0.0085)
(-0.7849)
(0.4103)
G4(-0.5151)
(-0.7189)
(-1.9396)
A1(2.9459)
(10.0303)
(-0.9149)
A2(10.6829)
(2.0494)
(-0.8284)
A3(-1.8818)
(9.1650)
(-5.7126)
A4(2.6145)
(3.5817)
(-7.2592)
G1(0.5752)
(0.6832)
(0.2629)
G2(0.6529)
(-0.0942)
(-1.2020)
G3(0.2645)
(0.1080)
(0.1282)
G4(-0.7327)
(-0.4906)
(-2.1827)
A1(-2.9794)
(9.6950)
(-3.6835)
A2(5.2625)
(4.3670)
(2.2362)
A3(3.7014)
(9.1554)
(-3.5913)
A4(3.6536)
(7.1108)
(-7.6136)
G1(0.7125)
(0.5444)
(-0.2261)
G2(0.3570)
(2.3679)
(-1.8198)
G3(-0.0096)
(0.7013)
(-0.1548)
G4(-0.8748)
(-1.4857)
(-1.5373)
A1(-0.6323)
(8.6412)
(0.5269)
A2(9.2368)
(4.7932)
(2.3463)
A3(3.2848)
(9.7971)
(-1.0151)
A4(5.7126)
(8.8825)
(-7.8003)
G1(0.2011)
(1.1887)
(0.1543)
G2(1.0201)
(0.6891)
(-2.1285)
G3(-0.0952)
(1.0610)
(-0.0851)
G4(-0.9972)
(-1.9332)
(-0.4970)
A1(0.3353)
(10.0543)
(-0.3640)
A2(7.1970)
(8.3079)
(3.8834)
A3(2.4373)
(9.2177)
(-2.7629)
A4(4.1515)
(10.0700)
(-5.3965)
G1(0.1953)
(0.6540)
(-0.0788)
G2(1.0270)
(0.1080)
(-2.1199)
G3(0.1527)
(1.0392)
(-0.1123)
G4(-1.0749)
(-0.8189)
(-0.5502)
A1(0.3928)
(10.6818)
(-1.2694)
A2(5.8179)
(9.1554)
(2.2075)
A3(3.7397)
(8.6335)
(-3.9121)
A4(4.7262)
(10.5728)
(-4.0893)
G1(0.3837)
(-0.3501)
(-0.0388)
G2(1.0445)
(0.5960)
(-1.4936)
G3(-0.0282)
(0.3954)
(-0.0149)
G4(-0.7976)
(-0.2677)
(0.0287)
A1(-0.2922)
(9.7190)
(-0.0862)
A2(4.4772)
(8.6191)
(3.2082)
A3(2.9353)
(9.0261)
(-2.4995)
A4(3.2801)
(9.8402)
(-3.8020)
G1(0.6848)
(0.1027)
(-0.0979)
G2(0.8657)
(0.1266)
(-0.8876)
G3(-0.2155)
(0.1240)
(0.0090)
G4(-0.1181)
(0.0559)
(-0.0245)
