A1(-5.2499)
(6.4857)
(6.3468)
A2(-0.0862)
(7.9152)
(1.0918)
A3(-3.0071)
(11.0708)
(-0.3448)
A4(0.4166)
(6.6415)
(-12.1051)
G1(-3.7285)
(1.3776)
(0.2315)
G2(-1.2191)
(-0.2512)
(0.0942)
G3(0.6923)
(0.1575)
(-0.0043)
G4(0.2240)
(1.2042)
(-0.2347)
A1(-8.7466)
(8.3634)
(6.8019)
A2(-2.7007)
(8.3222)
(-0.1389)
A3(-7.1156)
(13.2974)
(-5.6982)
A4(-5.3678)
(7.1443)
(-8.7963)
G1(-2.5791)
(3.0256)
(-0.5310)
G2(-1.5809)
(1.0142)
(0.3528)
G3(1.3702)
(-0.5763)
(-0.7263)
G4(-0.0335)
(1.5000)
(-0.4523)
A1(-9.8292)
(11.2183)
(8.8807)
A2(0.8045)
(13.1154)
(-0.1580)
A3(-7.8147)
(7.3741)
(-8.7340)
A4(-0.5602)
(10.0652)
(-5.6120)
G1(-2.4525)
(6.0629)
(-2.0853)
G2(-1.0030)
(1.4016)
(0.7540)
G3(1.9949)
(-0.4848)
(-1.2494)
G4(-0.2799)
(0.2288)
(0.1559)
A1(-4.0572)
(8.8664)
(-1.0538)
A2(-1.0104)
(10.6829)
(5.4253)
A3(-13.7906)
(6.2632)
(-11.0085)
A4(1.2833)
(8.2456)
(-8.4851)
G1(1.1323)
(0.4321)
(-2.9836)
G2(-0.3773)
(-0.8583)
(1.1930)
G3(3.5556)
(-2.4770)
(-3.2336)
G4(-0.6662)
(1.3260)
(-0.3523)
A1(-16.0275)
(9.8387)
(2.7734)
A2(-0.6273)
(9.5098)
(3.7828)
A3(-6.7852)
(-13.6661)
(-5.1332)
A4(-2.7533)
(8.6526)
(-0.6464)
G1(4.6304)
(6.7850)
(-3.7674)
G2(-0.3145)
(2.6776)
(0.3714)
G3(3.1948)
(-5.1503)
(-4.7417)
G4(-0.5044)
(1.6256)
(0.0984)
A1(2.3088)
(9.5322)
(11.4242)
A2(2.6911)
(12.5504)
(1.4748)
A3(-14.1066)
(-16.1561)
(-11.7747)
A4(-2.8204)
(7.7955)
(-3.4285)
G1(5.6308)
(5.2402)
(-1.3367)
G2(0.2182)
(2.1449)
(0.7184)
G3(-0.0995)
(-3.0852)
(-3.9451)
G4(-0.5438)
(1.2159)
(0.4699)
A1(-25.7800)
(10.9309)
(27.9355)
A2(-4.0031)
(7.9200)
(3.7158)
A3(2.3463)
(8.3270)
(-11.3054)
A4(6.8474)
(6.5362)
(-0.7997)
G1(-1.7123)
(2.2056)
(0.4214)
G2(0.7934)
(1.1722)
(0.6433)
G3(-1.7161)
(0.8530)
(-1.6017)
G4(-0.6492)
(0.6758)
(0.3592)
A1(-19.2703)
(2.9602)
(-4.6942)
A2(3.1460)
(8.7245)
(2.1883)
A3(-23.5398)
(14.7339)
(-10.4579)
A4(0.6273)
(10.9942)
(1.4413)
G1(-0.9493)
(1.2952)
(0.5135)
G2(0.5396)
(-1.2622)
(-0.5550)
G3(2.2077)
(-4.1052)
(-0.9275)
G4(0.3586)
(2.0082)
(-0.3177)
A1(-1.5711)
(-2.8118)
(9.0963)
A2(9.2225)
(2.5091)
(-0.8045)
A3(4.9177)
(-9.2560)
(-10.1801)
A4(4.3622)
(8.5712)
(-2.3080)
G1(-0.6832)
(2.4882)
(0.6002)
G2(0.4448)
(-1.1722)
(-0.6151)
G3(-1.1446)
(0.1511)
(-1.6064)
G4(0.0905)
(-2.0673)
(0.3320)
A1(-13.0529)
(2.4429)
(-2.5339)
A2(0.1915)
(4.1180)
(4.9177)
A3(-4.4149)
(-0.0862)
(2.1165)
A4(-0.2729)
(9.4619)
(-1.8771)
G1(-0.7343)
(-3.1352)
(1.7150)
G2(-0.2591)
(0.6902)
(0.1990)
G3(0.0261)
(0.1932)
(0.7263)
G4(0.2134)
(0.2639)
(-0.2320)
A1(-10.9931)
(2.7303)
(0.5173)
A2(0.3304)
(11.8896)
(3.4955)
A3(-0.9337)
(-1.6520)
(-2.1500)
A4(2.2218)
(8.9783)
(-2.1787)
G1(-1.0515)
(1.2281)
(2.0518)
G2(0.2613)
(-1.2797)
(-0.2613)
G3(-0.4518)
(0.5151)
(2.7728)
G4(0.0766)
(-1.2866)
(0.0575)
A1(-7.4677)
(7.7215)
(-0.0144)
A2(4.9368)
(9.2416)
(2.2793)
A3(-10.0892)
(5.1954)
(-3.1891)
A4(0.4693)
(8.7388)
(-4.2329)
G1(-0.8402)
(-3.2544)
(2.2460)
G2(0.4417)
(0.0819)
(-0.3794)
G3(0.8775)
(1.8023)
(1.5373)
G4(0.0170)
(-1.2835)
(-0.0149)
A1(-8.1383)
(12.4397)
(-9.8292)
A2(2.1404)
(9.0980)
(2.1548)
A3(-6.4117)
(2.0590)
(-6.2824)
A4(0.4693)
(10.0509)
(-3.1364)
G1(3.1943)
(-3.7636)
(2.6818)
G2(0.1298)
(-1.7453)
(-0.3219)
G3(0.6444)
(1.0578)
(2.7164)
G4(0.0330)
(-1.1275)
(0.0122)
A1(-6.7300)
(8.6077)
(2.3615)
A2(2.0734)
(10.8888)
(1.2833)
A3(-7.1299)
(2.0830)
(-7.4412)
A4(-0.5411)
(9.4236)
(-5.0613)
G1(0.7327)
(-0.2799)
(2.6403)
G2(0.2607)
(-0.7061)
(-0.2772)
G3(-0.5444)
(2.5078)
(3.3821)
G4(0.0415)
(-0.1793)
(-0.1415)
A1(-7.9179)
(6.8258)
(3.2908)
A2(1.0391)
(9.0932)
(0.6800)
A3(-6.2106)
(5.9280)
(-7.9535)
A4(0.6177)
(9.1459)
(-4.6304)
G1(2.2567)
(-1.1531)
(1.9247)
G2(0.1399)
(-0.9312)
(-0.2735)
G3(-2.1258)
(3.0783)
(2.3993)
G4(-0.1681)
(-0.9211)
(0.0676)
A1(-6.2797)
(7.9323)
(3.8512)
A2(-0.5219)
(11.2815)
(2.7869)
A3(-7.0581)
(8.1020)
(-8.1068)
A4(-1.5275)
(9.5481)
(-3.6248)
G1(0.9078)
(-0.6476)
(1.0589)
G2(0.3044)
(-0.7700)
(-0.1128)
G3(-2.4509)
(2.3232)
(2.0470)
G4(-0.1437)
(0.1096)
(-0.0218)
A1(0.1964)
(6.0163)
(2.2609)
A2(-0.8045)
(10.2951)
(2.0016)
A3(-5.7317)
(11.0995)
(-3.0646)
A4(1.9585)
(9.1746)
(-3.1556)
G1(1.2888)
(-1.2547)
(0.6417)
G2(0.0128)
(-0.6316)
(-0.1761)
G3(-1.4213)
(0.6385)
(0.8439)
G4(0.0899)
(-0.0064)
(-0.1985)
A1(-5.4606)
(9.1107)
(0.8287)
A2(0.7566)
(9.1028)
(1.4988)
A3(-3.7158)
(11.2671)
(-6.3734)
A4(0.6704)
(8.9878)
(-4.3431)
G1(0.4262)
(-1.5000)
(-0.6971)
G2(0.3092)
(0.4406)
(-0.2261)
G3(0.4869)
(0.1852)
(0.5289)
G4(0.1841)
(0.7072)
(-0.2405)
A1(-3.5350)
(9.8004)
(0.0096)
A2(-0.0718)
(9.5098)
(1.5036)
A3(-5.2864)
(12.8233)
(-3.9313)
A4(1.2450)
(8.9112)
(-4.1037)
G1(-0.0117)
(-0.4273)
(0.0490)
G2(0.2517)
(0.5598)
(-0.4496)
G3(0.1548)
(0.4108)
(-0.2794)
G4(0.0309)
(-0.0777)
(-0.0027)
A1(-3.0081)
(8.4784)
(-1.4562)
A2(0.0527)
(9.4379)
(-0.3304)
A3(0.0479)
(9.4475)
(-4.2904)
A4(0.0239)
(8.8921)
(-4.2425)
G1(0.8732)
(0.1203)
(0.1219)
G2(0.2756)
(0.3038)
(-0.3906)
G3(-0.0021)
(0.2373)
(-0.0841)
G4(-0.1314)
(-0.0277)
(0.0090)
