A1(-0.5652)
(8.7993)
(2.4429)
A2(0.2011)
(9.6007)
(0.1772)
A3(-2.3080)
(8.8107)
(-3.4907)
A4(-0.1197)
(9.1123)
(-4.1899)
G1(-0.2304)
(0.1272)
(-0.4895)
G2(-0.1681)
(0.0521)
(-0.0186)
G3(0.0053)
(0.2357)
(-0.1469)
G4(-0.0708)
(0.0479)
(-0.0639)
A1(-2.1268)
(9.2975)
(2.0262)
A2(-0.0958)
(9.6822)
(0.1628)
A3(-1.8148)
(9.1602)
(-2.9161)
A4(-0.3879)
(9.2081)
(-3.6727)
G1(-0.1442)
(0.1655)
(-0.0628)
G2(-0.1474)
(-0.1628)
(-0.0532)
G3(0.0362)
(0.3586)
(-0.1266)
G4(-0.1032)
(0.0963)
(-0.0756)
A1(-2.9219)
(9.1921)
(3.2429)
A2(-0.0335)
(9.7540)
(0.0048)
A3(-1.7765)
(9.3613)
(-2.3176)
A4(0.0000)
(9.6486)
(-2.3942)
G1(-0.7497)
(1.4447)
(0.0654)
G2(-0.1304)
(0.1634)
(-0.0325)
G3(0.1719)
(0.3608)
(-0.1788)
G4(0.1155)
(0.2416)
(-0.0851)
A1(-3.3626)
(9.3070)
(4.0667)
A2(-0.2873)
(9.5672)
(0.9002)
A3(-2.2218)
(9.0692)
(-2.7725)
A4(0.9625)
(9.3470)
(-2.4181)
G1(-1.1185)
(2.1678)
(0.2421)
G2(-0.1777)
(0.3783)
(0.0229)
G3(0.3815)
(1.0967)
(-0.5704)
G4(0.4353)
(-0.2666)
(-0.0617)
A1(-7.6257)
(8.5646)
(3.5063)
A2(0.0239)
(8.4803)
(1.7957)
A3(-3.3950)
(10.7548)
(-3.2992)
A4(0.0766)
(7.2496)
(-8.7245)
G1(-2.1535)
(1.3670)
(-0.5805)
G2(-0.5997)
(0.0910)
(0.1447)
G3(0.6630)
(1.6538)
(-0.7231)
G4(1.0967)
(2.1513)
(-0.6875)
A1(-14.5138)
(14.8060)
(3.6644)
A2(-1.9441)
(10.8170)
(3.8164)
A3(-11.9902)
(10.9750)
(-12.2056)
A4(-1.7621)
(9.1171)
(-7.2640)
G1(-1.2313)
(3.4124)
(-3.3507)
G2(-0.9849)
(2.0263)
(1.2803)
G3(1.0126)
(-2.1433)
(-0.5656)
G4(-0.0532)
(1.4926)
(-0.2889)
A1(-2.9171)
(8.3011)
(2.4094)
A2(0.0335)
(10.9894)
(2.2793)
A3(-8.9783)
(-0.6895)
(-14.0683)
A4(7.6184)
(2.7342)
(-10.0748)
G1(2.1838)
(2.7569)
(-3.2927)
G2(-1.1760)
(0.3054)
(0.6321)
G3(2.4647)
(-2.9032)
(-3.8110)
G4(-0.4810)
(2.6595)
(-0.5204)
A1(-8.7275)
(7.3575)
(1.2646)
A2(-8.9208)
(12.3828)
(7.8099)
A3(-5.6264)
(-7.0629)
(-5.8514)
A4(-4.3958)
(8.1547)
(-1.5993)
G1(5.1083)
(0.7380)
(-2.9862)
G2(-0.0639)
(2.8069)
(1.1627)
G3(2.6270)
(-4.1265)
(-4.1180)
G4(-1.5346)
(3.0171)
(-0.3453)
A1(8.1718)
(9.9441)
(9.4891)
A2(1.9154)
(10.8984)
(5.6599)
A3(-3.8451)
(-0.8715)
(-10.7739)
A4(12.6414)
(3.0789)
(-3.3902)
G1(-1.8800)
(-3.7551)
(-0.1985)
G2(1.2026)
(-1.9135)
(1.6107)
G3(-0.7801)
(-0.3310)
(-3.8280)
G4(-0.9413)
(-0.8232)
(-0.1240)
A1(-4.9673)
(3.4345)
(-1.9879)
A2(1.4844)
(6.6032)
(5.8849)
A3(7.6806)
(-18.4162)
(2.4134)
A4(2.2314)
(13.9438)
(4.1851)
G1(-1.4771)
(5.9006)
(1.1073)
G2(0.4150)
(0.3986)
(-1.5852)
G3(0.0069)
(-1.5687)
(3.1985)
G4(0.2852)
(1.4724)
(0.0255)
A1(-6.3612)
(1.8106)
(5.1780)
A2(-0.2729)
(15.5767)
(8.4276)
A3(-2.1835)
(-0.1293)
(-0.5411)
A4(1.6520)
(8.4563)
(-4.5298)
G1(-2.3216)
(-3.8881)
(1.5112)
G2(0.2235)
(0.6747)
(0.4252)
G3(-1.3750)
(0.8971)
(0.2442)
G4(0.2533)
(-4.1090)
(0.5561)
A1(-7.2713)
(5.6139)
(-2.4525)
A2(4.8554)
(5.9903)
(5.0901)
A3(-8.8394)
(-0.4597)
(-3.9983)
A4(0.9481)
(8.4084)
(-6.1579)
G1(-0.4246)
(-3.0788)
(2.1561)
G2(-0.5002)
(-0.4603)
(-0.2512)
G3(0.9860)
(0.3006)
(3.0634)
G4(-0.1415)
(-0.8684)
(0.2373)
A1(-5.9780)
(5.6235)
(0.7856)
A2(-0.3448)
(11.6502)
(3.5865)
A3(-7.3837)
(-3.6344)
(-4.2808)
A4(1.2402)
(8.8633)
(-2.0351)
G1(-1.0280)
(-0.4778)
(2.2907)
G2(0.8147)
(-1.5575)
(-0.3847)
G3(0.6619)
(3.2720)
(3.1996)
G4(-0.2315)
(-1.0680)
(0.0431)
A1(-8.1143)
(8.0568)
(4.3637)
A2(5.6743)
(9.7061)
(2.3607)
A3(-4.6495)
(-2.8395)
(-5.8419)
A4(1.0151)
(8.4276)
(-4.5490)
G1(1.6607)
(-2.8495)
(1.7789)
G2(0.4895)
(-1.3212)
(-0.2182)
G3(-2.6728)
(4.2729)
(2.8803)
G4(0.0245)
(0.2405)
(-0.5598)
A1(-5.9828)
(10.3992)
(6.3229)
A2(-1.1827)
(8.3318)
(0.8619)
A3(-4.3239)
(3.7014)
(-9.9647)
A4(-0.7278)
(9.0549)
(-4.8602)
G1(1.6288)
(-0.8950)
(1.5282)
G2(0.1485)
(-0.0112)
(-0.2634)
G3(-4.3702)
(1.2696)
(1.8225)
G4(-0.1266)
(-0.2059)
(-0.0330)
A1(-2.5339)
(7.1803)
(4.8188)
A2(-2.0446)
(10.7404)
(0.5363)
A3(-4.9560)
(9.5337)
(-4.0749)
A4(0.6943)
(10.0269)
(-3.5243)
G1(0.7205)
(-1.2265)
(0.2677)
G2(0.2097)
(-0.2288)
(-0.2964)
G3(-1.7177)
(0.6263)
(0.5805)
G4(0.1815)
(0.1101)
(-0.0367)
A1(-3.5590)
(11.8362)
(1.4274)
A2(0.8284)
(9.2991)
(1.7334)
A3(-12.2009)
(14.3508)
(-0.3256)
A4(0.1389)
(8.8011)
(-4.1851)
G1(1.9465)
(-1.9805)
(-0.0319)
G2(0.0314)
(-0.4991)
(-0.2299)
G3(-0.0553)
(-2.3136)
(0.3262)
G4(0.0575)
(-0.1144)
(0.0628)
A1(-5.2882)
(9.4268)
(0.0814)
A2(-0.0718)
(9.8545)
(-0.9242)
A3(-0.3687)
(10.0796)
(-2.7438)
A4(-0.3400)
(9.1411)
(-3.7110)
G1(0.3155)
(0.6838)
(-0.3342)
G2(0.0346)
(0.1809)
(-0.4470)
G3(-0.2389)
(-0.2490)
(-0.0426)
G4(0.0319)
(0.0623)
(0.0889)
A1(-0.9484)
(8.8041)
(-0.9724)
A2(-1.9297)
(9.2129)
(0.3448)
A3(-3.1460)
(9.8593)
(-1.2737)
A4(0.4788)
(9.0022)
(-4.3096)
G1(0.3719)
(0.0096)
(0.2927)
G2(0.2075)
(-0.7061)
(0.0426)
G3(-0.1634)
(0.7109)
(-0.0952)
G4(-0.0037)
(0.2506)
(0.0362)
A1(-3.0321)
(8.8616)
(-0.2060)
A2(0.0670)
(9.8689)
(-0.9146)
A3(-1.5371)
(8.9352)
(-1.6185)
A4(0.7949)
(9.2320)
(-3.7733)
G1(0.5326)
(0.6167)
(0.0341)
G2(0.0362)
(0.3491)
(0.0357)
G3(-0.0048)
(-0.0654)
(0.0144)
G4(-0.0170)
(0.1469)
(0.0271)
