A1(-7.3431)
(9.1202)
(10.2172)
A2(-2.6911)
(8.9256)
(-0.7614)
A3(-6.8378)
(14.5903)
(-5.4061)
A4(-1.4461)
(8.8155)
(-5.4779)
G1(-4.8071)
(4.8869)
(-0.0654)
G2(-0.8934)
(1.0195)
(0.2272)
G3(1.7671)
(-0.2528)
(-1.1653)
G4(0.4071)
(0.9812)
(-0.0415)
A1(-6.9551)
(3.1614)
(2.9315)
A2(-0.6704)
(8.0062)
(0.1101)
A3(1.9680)
(9.8928)
(-16.3620)
A4(-1.2594)
(6.4260)
(-6.8091)
G1(-3.2789)
(2.0284)
(-0.5529)
G2(-0.5582)
(-0.5348)
(0.7891)
G3(3.3763)
(-0.5779)
(-0.8296)
G4(-0.2911)
(0.0314)
(0.2112)
A1(-11.5488)
(5.1349)
(-0.3018)
A2(-2.1979)
(8.1068)
(5.3103)
A3(-2.4995)
(1.5945)
(-11.6693)
A4(5.6886)
(7.4077)
(-7.3646)
G1(0.6753)
(2.8942)
(-1.5458)
G2(-1.1770)
(-0.6886)
(1.0914)
G3(5.4052)
(-0.4305)
(-4.3569)
G4(-0.5667)
(1.8267)
(-0.3767)
A1(-10.3273)
(5.1158)
(0.0575)
A2(7.2832)
(12.4403)
(0.8045)
A3(-6.0573)
(-5.3774)
(0.6895)
A4(-0.3831)
(7.2832)
(-3.2561)
G1(2.6648)
(5.3983)
(-1.4617)
G2(0.6103)
(3.5072)
(0.3496)
G3(5.5260)
(-5.3637)
(-2.0401)
G4(-0.9094)
(2.3035)
(-0.0857)
A1(-16.4490)
(5.8965)
(3.6404)
A2(-6.9863)
(8.4036)
(7.3885)
A3(-7.8961)
(-8.8633)
(1.9393)
A4(1.9345)
(11.3006)
(1.2402)
G1(5.4611)
(-1.8741)
(-1.9268)
G2(1.7906)
(3.7232)
(1.3159)
G3(-2.1859)
(-3.8844)
(-0.0947)
G4(-0.3586)
(1.2079)
(0.0426)
A1(0.7233)
(4.1099)
(6.8977)
A2(11.3437)
(9.5912)
(-0.4549)
A3(-18.1864)
(-28.4479)
(-13.1537)
A4(1.1827)
(8.5904)
(-2.9209)
G1(4.3287)
(4.3133)
(-1.0328)
G2(1.5841)
(1.5277)
(0.2538)
G3(-4.9593)
(-3.6466)
(0.3421)
G4(-0.1612)
(1.1265)
(0.0665)
A1(-11.0410)
(3.5638)
(0.6275)
A2(-1.9201)
(7.4795)
(4.9560)
A3(1.4317)
(-4.8123)
(-7.2592)
A4(8.0062)
(9.4954)
(-0.9577)
G1(3.3417)
(2.5020)
(-0.3794)
G2(0.2937)
(0.2698)
(0.1405)
G3(-2.7947)
(-1.8672)
(-0.6141)
G4(0.0516)
(-1.0733)
(0.5970)
A1(-7.8844)
(-5.6331)
(1.0107)
A2(11.0899)
(2.4421)
(-9.3709)
A3(9.2608)
(1.6903)
(7.9487)
A4(-2.9209)
(8.1977)
(-10.1035)
G1(-1.4660)
(-2.8032)
(0.4156)
G2(-3.3278)
(-0.5406)
(-2.0577)
G3(-4.4325)
(2.2721)
(2.2365)
G4(0.2203)
(-0.5082)
(0.1000)
A1(-11.7356)
(-1.8442)
(1.7292)
A2(5.9664)
(8.0780)
(1.8052)
A3(-21.8303)
(1.4700)
(7.1347)
A4(0.7805)
(9.6726)
(-4.2904)
G1(-2.1072)
(-0.2916)
(0.6178)
G2(-0.4363)
(-0.9190)
(-0.2996)
G3(0.0564)
(0.1378)
(-2.1354)
G4(-0.3544)
(1.7522)
(-0.6816)
A1(-7.1707)
(-0.6562)
(2.0118)
A2(-0.1580)
(16.6253)
(3.8164)
A3(-3.6440)
(2.6528)
(-0.6177)
A4(2.5522)
(11.0133)
(-0.1437)
G1(-1.2473)
(-2.6952)
(1.4330)
G2(-0.0410)
(0.3916)
(0.5646)
G3(1.5224)
(-0.3789)
(1.2286)
G4(0.1304)
(0.5465)
(-0.3187)
A1(-8.4496)
(0.7904)
(-0.3593)
A2(4.1037)
(7.2832)
(4.3239)
A3(-9.7683)
(0.2969)
(-3.3375)
A4(0.7422)
(9.0309)
(-3.5003)
G1(-0.7029)
(-1.1675)
(2.0561)
G2(0.2873)
(-0.4683)
(-0.2086)
G3(0.3735)
(-0.7050)
(2.6366)
G4(0.3890)
(-0.3528)
(-0.0883)
A1(-9.3118)
(3.6069)
(1.3268)
A2(0.7230)
(7.6614)
(3.9265)
A3(-8.1882)
(-1.2067)
(-4.4484)
A4(2.0399)
(8.1642)
(-5.4540)
G1(0.0202)
(-1.9060)
(2.1221)
G2(0.0255)
(0.5412)
(-0.1623)
G3(-0.1112)
(1.3830)
(2.2040)
G4(0.1660)
(-1.2175)
(0.1932)
A1(-8.6173)
(3.8943)
(1.3747)
A2(2.7821)
(9.9742)
(2.4565)
A3(-9.5385)
(1.5131)
(-3.2034)
A4(0.8811)
(9.3996)
(-3.8834)
G1(0.0665)
(-1.3436)
(2.1215)
G2(-0.1767)
(-0.0633)
(-0.1405)
G3(0.3006)
(1.6336)
(1.9805)
G4(0.0527)
(-1.3058)
(0.1921)
A1(-7.5970)
(5.9061)
(3.6788)
A2(2.0734)
(10.3908)
(0.4693)
A3(-6.8618)
(3.2417)
(-6.0382)
A4(1.2594)
(9.3613)
(-4.3622)
G1(1.1472)
(-1.5112)
(1.9635)
G2(0.1346)
(-0.5960)
(-0.3437)
G3(-0.4491)
(1.9481)
(2.2338)
G4(0.0420)
(-0.2490)
(-0.0825)
A1(-9.4220)
(10.3225)
(3.1327)
A2(-0.2538)
(9.9503)
(1.6089)
A3(-4.9177)
(4.9799)
(-6.5457)
A4(0.8092)
(9.1363)
(-4.2425)
G1(2.4765)
(-1.5298)
(1.7363)
G2(0.2975)
(-0.6870)
(-0.5044)
G3(-1.2803)
(2.4610)
(2.0284)
G4(0.0271)
(0.0537)
(-0.0926)
A1(-5.5373)
(7.1036)
(4.2536)
A2(1.3503)
(10.1035)
(2.2984)
A3(-7.0246)
(5.2481)
(-7.8003)
A4(1.0247)
(9.0597)
(-4.2569)
G1(0.8785)
(0.6226)
(1.8464)
G2(0.4113)
(-0.2799)
(-0.2155)
G3(-1.0520)
(2.7255)
(1.3425)
G4(-0.0378)
(-0.5848)
(0.1197)
A1(-2.5866)
(7.0797)
(6.8162)
A2(1.4748)
(9.9695)
(1.6951)
A3(-4.5538)
(9.0932)
(-7.6519)
A4(0.4980)
(8.9735)
(-4.6304)
G1(1.8800)
(-0.3586)
(1.0717)
G2(0.3650)
(-0.2969)
(-0.0197)
G3(-1.6096)
(0.9817)
(1.4766)
G4(-0.0011)
(-0.5013)
(0.0607)
A1(-3.3243)
(8.9143)
(1.3652)
A2(1.2450)
(10.3717)
(1.4892)
A3(-4.8076)
(9.4379)
(-5.5306)
A4(0.8332)
(8.6431)
(-4.4436)
G1(1.3143)
(-0.6689)
(0.6412)
G2(0.1208)
(-1.0653)
(-0.1788)
G3(-1.2196)
(0.8833)
(0.3038)
G4(-0.0128)
(-0.7535)
(0.0835)
A1(-2.7974)
(9.8531)
(2.4285)
A2(-0.3496)
(8.9495)
(0.7997)
A3(-3.0885)
(8.7915)
(-3.0885)
A4(-0.5219)
(9.6917)
(-4.8363)
G1(0.9131)
(-1.5910)
(0.0532)
G2(0.2033)
(-0.6492)
(-0.2251)
G3(-1.4266)
(-0.2581)
(0.2794)
G4(0.1112)
(-0.3916)
(0.1426)
A1(-5.1637)
(9.2927)
(0.8095)
A2(-0.3926)
(9.0309)
(-0.2538)
A3(-7.2305)
(11.4395)
(-4.3287)
A4(-0.4357)
(8.5090)
(-5.3199)
G1(0.6306)
(-0.8594)
(-0.5837)
G2(0.2645)
(-0.0867)
(-0.2820)
G3(-0.7843)
(-1.1595)
(0.1745)
G4(-0.0617)
(-0.0995)
(0.0894)
