A1(-0.2922)
(8.7275)
(-1.2885)
A2(2.1069)
(9.4188)
(0.0814)
A3(2.0494)
(9.3039)
(-1.8579)
A4(0.4501)
(9.3901)
(-3.2130)
G1(-0.5986)
(0.0223)
(0.4097)
G2(0.1559)
(0.1995)
(0.0218)
G3(0.1437)
(0.1974)
(0.0218)
G4(0.0096)
(0.2065)
(-0.0101)
A1(0.0335)
(9.3023)
(-1.1544)
A2(2.2841)
(9.2464)
(0.3400)
A3(1.9728)
(9.0692)
(-2.2410)
A4(1.8340)
(10.9319)
(-0.5507)
G1(-0.8141)
(-0.2272)
(0.0841)
G2(-0.0867)
(0.0697)
(0.0122)
G3(0.3033)
(-0.1022)
(0.0803)
G4(0.4097)
(-0.1479)
(-0.1591)
A1(1.7867)
(11.0842)
(-1.9304)
A2(2.7533)
(9.3996)
(-0.1053)
A3(2.5379)
(8.8202)
(-3.2465)
A4(8.1403)
(17.8991)
(-1.4222)
G1(-0.6912)
(-0.6162)
(0.0442)
G2(-0.2772)
(-0.0303)
(0.0750)
G3(0.4518)
(0.1639)
(0.0293)
G4(1.4713)
(0.8429)
(-0.9977)
A1(0.6754)
(8.2005)
(0.1198)
A2(4.3910)
(8.2791)
(5.4588)
A3(4.0606)
(6.5362)
(-6.8761)
A4(-4.2521)
(21.7394)
(-16.2183)
G1(0.0037)
(-1.6809)
(-0.9945)
G2(-2.1183)
(0.0431)
(0.1341)
G3(0.0532)
(-0.3257)
(-0.0090)
G4(3.1294)
(-1.6352)
(3.5918)
A1(4.5649)
(13.3355)
(4.2248)
A2(8.1211)
(9.6391)
(6.4643)
A3(1.5610)
(10.7308)
(-1.0870)
A4(-7.7237)
(4.5777)
(-13.8576)
G1(-0.8093)
(-1.3877)
(0.0990)
G2(-3.2704)
(-0.7545)
(0.6417)
G3(-0.0479)
(-0.3331)
(-0.0580)
G4(3.2581)
(2.1221)
(1.4638)
A1(-3.2716)
(11.2374)
(0.4072)
A2(4.7980)
(13.7810)
(10.2759)
A3(2.2793)
(8.4611)
(-5.2194)
A4(1.8771)
(-2.8539)
(-8.1259)
G1(-0.5231)
(-4.0350)
(-1.0568)
G2(-3.3347)
(-1.3830)
(1.7650)
G3(-0.1681)
(-1.4665)
(-0.0080)
G4(3.2347)
(3.4268)
(5.8405)
A1(-3.6021)
(8.4688)
(0.2395)
A2(10.8936)
(6.7086)
(5.7461)
A3(2.7581)
(8.4755)
(-3.9792)
A4(3.6152)
(-8.7436)
(-4.1420)
G1(0.6332)
(-0.8248)
(-0.7178)
G2(-3.3119)
(-3.4332)
(1.8874)
G3(-0.8072)
(-1.7320)
(0.1086)
G4(2.0486)
(3.3321)
(4.1648)
A1(-0.8957)
(8.7131)
(4.5122)
A2(6.6559)
(4.0654)
(3.8499)
A3(0.2873)
(7.1204)
(-0.9385)
A4(2.1691)
(-5.8658)
(-7.2305)
G1(-0.1719)
(0.0899)
(0.1123)
G2(0.3954)
(-4.1867)
(1.8651)
G3(-1.7113)
(-2.7239)
(0.0639)
G4(0.0490)
(0.7561)
(1.7448)
A1(-14.3270)
(8.0712)
(3.0273)
A2(4.0510)
(5.4013)
(0.0144)
A3(-1.6424)
(10.2376)
(1.3503)
A4(3.0789)
(52.6150)
(-5.8419)
G1(-0.8014)
(0.7120)
(0.2139)
G2(2.9761)
(-5.3206)
(1.0158)
G3(-0.2841)
(-1.1440)
(-0.1910)
G4(-0.0851)
(1.1472)
(-0.1985)
A1(-1.4514)
(9.7621)
(2.8022)
A2(3.9073)
(-1.8723)
(-5.9185)
A3(-6.6415)
(9.2608)
(-7.1108)
A4(5.4540)
(-7.7955)
(-7.9440)
G1(0.0208)
(0.8344)
(0.5869)
G2(3.0208)
(1.2792)
(0.2070)
G3(0.6641)
(2.5935)
(-0.4331)
G4(0.7551)
(0.3432)
(-2.3652)
A1(-2.1316)
(9.5465)
(2.4429)
A2(8.8202)
(-4.6831)
(4.3479)
A3(6.8091)
(8.8921)
(-1.8100)
A4(13.0005)
(8.0397)
(-2.7964)
G1(0.0133)
(0.7599)
(0.2480)
G2(0.9653)
(-4.6416)
(0.8274)
G3(-0.0032)
(0.0357)
(0.2708)
G4(-1.3659)
(2.2567)
(-2.6898)
A1(-2.6202)
(8.9047)
(2.7399)
A2(38.7573)
(2.5857)
(-11.1666)
A3(0.5938)
(8.4803)
(-3.8020)
A4(-3.2465)
(-2.6863)
(-2.7725)
G1(0.1995)
(0.7849)
(0.1187)
G2(1.5745)
(6.1326)
(0.6822)
G3(0.2857)
(1.7107)
(-0.1421)
G4(-1.2196)
(-0.9232)
(-3.1767)
A1(-1.0299)
(10.1214)
(1.8633)
A2(3.4046)
(-3.7397)
(-0.8092)
A3(0.5076)
(9.8019)
(-1.7286)
A4(2.1404)
(-2.5762)
(-4.4436)
G1(0.3624)
(1.5857)
(0.3437)
G2(-1.5825)
(4.1473)
(-0.5321)
G3(0.3246)
(1.8800)
(-0.1197)
G4(-0.5497)
(-2.5387)
(-2.4222)
A1(0.2299)
(10.0351)
(1.1017)
A2(11.2958)
(1.7478)
(-0.5028)
A3(3.1795)
(9.1267)
(-1.8244)
A4(4.2521)
(4.5777)
(-7.6471)
G1(0.3251)
(0.7386)
(-0.0910)
G2(-0.6582)
(0.6731)
(-1.3409)
G3(0.3432)
(1.5852)
(-0.0293)
G4(-0.8147)
(-1.9837)
(-2.9112)
A1(-0.6179)
(9.8292)
(1.1879)
A2(7.5848)
(2.4756)
(6.2010)
A3(2.0159)
(8.9591)
(-2.0830)
A4(1.9201)
(5.1715)
(-10.9032)
G1(0.5076)
(0.4049)
(0.1783)
G2(0.2985)
(2.2993)
(-2.4302)
G3(0.1405)
(1.0073)
(0.1373)
G4(-0.8657)
(-1.0233)
(-3.3715)
A1(1.0011)
(10.4423)
(-0.0144)
A2(8.3701)
(5.2146)
(2.1404)
A3(1.1875)
(8.5712)
(-4.1755)
A4(3.0598)
(6.2584)
(-10.8888)
G1(0.4486)
(1.3654)
(0.0378)
G2(0.7412)
(1.1850)
(-2.3615)
G3(0.1298)
(0.7114)
(-0.0394)
G4(-0.3384)
(-1.4596)
(-1.5293)
A1(-1.6430)
(9.5130)
(-0.4024)
A2(7.8195)
(6.3590)
(4.5921)
A3(2.7390)
(9.5720)
(-2.5809)
A4(3.3710)
(10.2999)
(-8.9208)
G1(0.1506)
(0.3406)
(0.2144)
G2(1.0179)
(1.7703)
(-2.2434)
G3(0.1532)
(0.7790)
(-0.0271)
G4(-0.8493)
(-1.2819)
(-1.1808)
A1(-0.6898)
(9.2352)
(-0.6514)
A2(10.6255)
(8.8298)
(4.7692)
A3(2.6193)
(9.0453)
(-3.0598)
A4(1.6328)
(10.0604)
(-7.6806)
G1(0.0458)
(1.1009)
(-0.1559)
G2(1.4074)
(1.5144)
(-2.3519)
G3(0.0841)
(0.3443)
(0.1426)
G4(-1.6272)
(-0.6838)
(-0.2128)
A1(-0.2874)
(9.6902)
(-1.1879)
A2(5.3247)
(9.3996)
(4.4580)
A3(2.7485)
(9.0597)
(-3.5195)
A4(-0.1628)
(8.8969)
(-5.8897)
G1(0.2687)
(0.5779)
(-0.1133)
G2(1.5522)
(0.1591)
(-1.7751)
G3(-0.0378)
(0.3225)
(-0.0564)
G4(-0.8546)
(-0.0106)
(-0.0128)
A1(-0.4072)
(9.2256)
(-0.0144)
A2(3.7733)
(9.0644)
(2.3415)
A3(3.5961)
(8.9352)
(-2.5331)
A4(-1.6137)
(10.2903)
(-4.5346)
G1(1.5085)
(-0.0266)
(-0.2107)
G2(1.7810)
(0.6981)
(-0.9993)
G3(-0.1426)
(0.4922)
(-0.2043)
G4(-0.6790)
(-0.3411)
(0.3102)
