A1(5.4702)
(5.7720)
(0.7856)
A2(2.7821)
(9.0788)
(-0.1867)
A3(-0.3926)
(11.0085)
(-0.0192)
A4(3.0406)
(10.7212)
(0.0622)
G1(-2.5148)
(-0.0053)
(-0.1713)
G2(0.1293)
(0.0569)
(0.0069)
G3(0.5582)
(0.0660)
(0.1596)
G4(0.0048)
(-0.9583)
(-0.1580)
A1(-2.9555)
(8.3490)
(-2.5675)
A2(3.1556)
(9.4044)
(-2.3224)
A3(4.0941)
(7.3885)
(-8.6718)
A4(1.9824)
(14.0252)
(-4.9273)
G1(0.2410)
(-2.9995)
(0.3171)
G2(0.2959)
(-0.3650)
(0.2735)
G3(0.7375)
(-0.9998)
(0.6109)
G4(1.6666)
(-0.2650)
(-0.3661)
A1(3.0513)
(8.7131)
(0.7808)
A2(2.8778)
(6.2632)
(4.7932)
A3(0.0048)
(12.2392)
(-4.0366)
A4(-2.5235)
(9.0549)
(-8.2121)
G1(-0.4475)
(-1.0382)
(0.0766)
G2(-2.3849)
(-1.2169)
(0.0367)
G3(0.0330)
(1.0264)
(-0.5630)
G4(-0.2246)
(2.1104)
(0.3895)
A1(0.7425)
(10.9836)
(3.5015)
A2(11.6885)
(12.5121)
(5.7892)
A3(3.6200)
(9.6534)
(-4.4628)
A4(3.0406)
(4.7884)
(-13.1059)
G1(-0.9897)
(-1.2920)
(0.2528)
G2(-4.0185)
(-0.3155)
(1.5171)
G3(-0.4113)
(-1.1244)
(0.1373)
G4(1.5735)
(2.2429)
(3.0320)
A1(-5.5660)
(10.0735)
(1.8058)
A2(5.8754)
(9.0118)
(7.2544)
A3(3.8211)
(9.1459)
(-3.1556)
A4(3.7637)
(-0.7566)
(-11.6310)
G1(-0.1032)
(-4.3133)
(-1.1329)
G2(-5.1732)
(-3.3752)
(2.4940)
G3(-0.2118)
(-0.9924)
(0.0537)
G4(3.4752)
(3.9366)
(6.6514)
A1(-5.8103)
(4.0045)
(2.2753)
A2(13.6086)
(8.6383)
(7.1299)
A3(2.0255)
(8.3558)
(-6.1627)
A4(1.3982)
(-7.9392)
(0.4932)
G1(0.6843)
(-1.7746)
(-0.3613)
G2(-4.4378)
(-2.1418)
(2.8782)
G3(-0.8253)
(-1.6501)
(0.4049)
G4(0.7317)
(5.5781)
(4.8183)
A1(-5.7385)
(8.2916)
(5.0248)
A2(8.7484)
(4.1515)
(3.7110)
A3(1.1253)
(10.7500)
(1.2450)
A4(2.2793)
(-11.7651)
(-11.6358)
G1(0.5018)
(0.4550)
(0.0926)
G2(-0.8104)
(-4.0600)
(2.2407)
G3(-1.6793)
(-2.5116)
(0.1431)
G4(-2.6600)
(-1.5085)
(4.3814)
A1(-0.2874)
(9.9729)
(1.5232)
A2(0.8571)
(1.7621)
(-0.9960)
A3(-4.1132)
(10.9080)
(1.6281)
A4(27.2460)
(-30.4686)
(-5.8131)
G1(-0.2794)
(-0.3368)
(-0.2230)
G2(4.3213)
(-3.6881)
(0.7630)
G3(-0.1288)
(-0.1469)
(-0.4331)
G4(-1.7145)
(1.5458)
(-6.5891)
A1(-2.9411)
(10.4088)
(3.6931)
A2(10.9511)
(-2.9832)
(-0.8284)
A3(2.5618)
(8.3941)
(-3.1939)
A4(2.5762)
(-0.4501)
(-2.0111)
G1(0.7199)
(0.2687)
(0.0798)
G2(4.9401)
(-5.0476)
(1.8576)
G3(-0.3549)
(-0.5805)
(0.5608)
G4(-0.4369)
(0.5316)
(-1.4074)
A1(4.8763)
(8.8903)
(1.9831)
A2(53.4290)
(4.4149)
(-16.1944)
A3(-0.7997)
(9.2273)
(-1.4365)
A4(18.4162)
(-5.1284)
(-3.9552)
G1(0.1974)
(0.5023)
(-0.2017)
G2(-0.6082)
(6.7259)
(1.2201)
G3(0.0660)
(0.8237)
(0.0277)
G4(1.0882)
(-1.2808)
(-2.4126)
A1(1.3556)
(10.9596)
(1.6909)
A2(-7.2640)
(-4.3670)
(3.1843)
A3(-1.1971)
(10.4914)
(0.1245)
A4(3.9169)
(-2.3655)
(-5.4300)
G1(0.4278)
(-1.1079)
(0.3283)
G2(-2.7345)
(-4.2867)
(-0.3895)
G3(0.1756)
(0.7652)
(0.1825)
G4(-0.5465)
(-1.3803)
(-2.4807)
A1(-1.2310)
(9.9393)
(1.3029)
A2(11.7076)
(-0.0910)
(2.3894)
A3(1.9872)
(9.2033)
(-1.8818)
A4(5.8419)
(0.8667)
(-7.0964)
G1(0.4289)
(1.7751)
(0.1075)
G2(-1.2122)
(4.3255)
(-1.9092)
G3(0.4039)
(0.3868)
(0.0835)
G4(-1.1057)
(-1.8762)
(-2.5052)
A1(-1.4897)
(9.8962)
(0.4742)
A2(7.8147)
(0.8428)
(0.4166)
A3(1.3934)
(8.4898)
(-3.8307)
A4(5.2050)
(4.9752)
(-8.8107)
G1(0.5890)
(0.8200)
(0.1830)
G2(-0.0937)
(-1.2930)
(-1.8289)
G3(0.4044)
(1.7294)
(-0.2810)
G4(-1.1132)
(-1.2595)
(-2.1109)
A1(1.1113)
(10.0782)
(-0.1150)
A2(9.2320)
(4.8746)
(2.2889)
A3(0.8667)
(8.1786)
(-4.0127)
A4(5.1140)
(7.3981)
(-9.3326)
G1(0.1655)
(0.5454)
(-0.1048)
G2(0.8881)
(3.1911)
(-2.2742)
G3(0.1383)
(1.3542)
(-0.2065)
G4(-0.6662)
(-1.6091)
(-1.2079)
A1(-0.4982)
(9.6711)
(-0.8478)
A2(5.8706)
(5.4396)
(4.1324)
A3(2.9784)
(8.6814)
(-4.0893)
A4(6.8714)
(9.2895)
(-8.2887)
G1(0.6082)
(-0.0708)
(-0.1176)
G2(0.7902)
(-1.1786)
(-2.1641)
G3(-0.1905)
(0.2873)
(0.0974)
G4(-0.7258)
(-1.8007)
(-0.4789)
A1(-1.5472)
(10.6674)
(-1.7005)
A2(7.0820)
(9.0884)
(3.3232)
A3(2.7102)
(8.6526)
(-2.7821)
A4(3.4716)
(9.7683)
(-6.3398)
G1(0.5890)
(-0.3310)
(-0.4374)
G2(1.0626)
(0.6188)
(-2.1854)
G3(-0.2097)
(-0.0952)
(-0.0011)
G4(-0.5890)
(-0.4821)
(-0.3954)
A1(-1.4610)
(8.8903)
(-1.3891)
A2(7.8434)
(8.5665)
(2.1452)
A3(1.8627)
(8.6000)
(-3.4716)
A4(2.4134)
(7.9200)
(-6.0956)
G1(0.1059)
(0.5396)
(-0.1096)
G2(1.4149)
(0.7742)
(-1.7991)
G3(-0.0463)
(0.3704)
(-0.0724)
G4(-0.9653)
(-0.0963)
(-0.2708)
A1(-1.5232)
(10.0447)
(-0.9293)
A2(4.0175)
(9.1171)
(1.6520)
A3(2.6336)
(9.3422)
(-2.4804)
A4(6.7325)
(10.0796)
(-7.1874)
G1(-0.3858)
(0.2214)
(-0.1963)
G2(1.1180)
(0.2905)
(-0.9083)
G3(0.0553)
(0.2506)
(-0.1538)
G4(0.2762)
(0.7891)
(-0.5779)
A1(-1.2358)
(9.8004)
(-0.1724)
A2(3.6344)
(9.1985)
(0.0814)
A3(0.7183)
(9.2560)
(-2.5905)
A4(-0.0670)
(9.1028)
(-4.7884)
G1(0.1080)
(0.8833)
(-0.1628)
G2(1.1009)
(1.1877)
(-0.7971)
G3(0.0027)
(0.3400)
(-0.2006)
G4(-0.4991)
(-0.1410)
(-0.0053)
A1(-2.0549)
(9.5944)
(-1.8873)
A2(4.3239)
(9.3470)
(-0.3926)
A3(1.4269)
(8.9112)
(-3.2896)
A4(1.4605)
(10.0126)
(-4.6112)
G1(0.5321)
(0.6843)
(-0.0521)
G2(0.6976)
(0.9259)
(-0.0921)
G3(0.0596)
(-0.2118)
(-0.1522)
G4(-0.6705)
(0.4539)
(-0.4895)
