A1(-4.6990)
(9.0436)
(2.8884)
A2(1.6568)
(8.8825)
(1.8340)
A3(-1.2498)
(9.7492)
(-1.1923)
A4(0.4310)
(7.6758)
(-6.6702)
G1(-1.0435)
(-0.1101)
(0.4315)
G2(-0.2847)
(0.0388)
(0.0910)
G3(0.4017)
(0.4156)
(-0.2256)
G4(-0.0819)
(-0.2639)
(-0.1314)
A1(-5.1924)
(8.3203)
(4.9481)
A2(1.7765)
(10.7978)
(1.3024)
A3(-2.5857)
(10.3142)
(-0.6033)
A4(-0.0862)
(8.0014)
(-5.9137)
G1(-2.5025)
(2.2327)
(0.4225)
G2(-0.2512)
(0.6055)
(0.0420)
G3(0.8849)
(0.3634)
(-0.2395)
G4(0.0261)
(-0.0367)
(-0.2341)
A1(-9.6807)
(10.3082)
(3.6356)
A2(0.4645)
(8.5665)
(2.1500)
A3(-3.8738)
(9.8881)
(-5.0135)
A4(-0.1197)
(7.4651)
(-7.6327)
G1(-2.1189)
(0.9711)
(-0.6561)
G2(-0.3778)
(0.0043)
(0.2916)
G3(1.1201)
(0.8732)
(-0.8482)
G4(-0.0043)
(0.8732)
(-0.6577)
A1(-13.6420)
(8.5454)
(5.0391)
A2(0.2586)
(9.9216)
(4.0654)
A3(-5.9616)
(13.3070)
(-11.3294)
A4(-1.6664)
(7.6471)
(-8.6143)
G1(-1.6171)
(3.5455)
(-2.5254)
G2(-0.5821)
(0.7721)
(0.8248)
G3(1.4042)
(-0.9264)
(0.1495)
G4(-0.5066)
(0.8248)
(0.1719)
A1(-7.6257)
(6.6677)
(0.6993)
A2(-0.0287)
(12.1051)
(3.6966)
A3(-7.9583)
(1.0918)
(-10.0987)
A4(0.3879)
(4.6400)
(-7.8195)
G1(1.1611)
(2.2695)
(-2.9921)
G2(-0.2469)
(1.2898)
(0.3634)
G3(3.6306)
(-2.6813)
(-4.1430)
G4(-1.2212)
(1.7778)
(-0.6204)
A1(-11.3668)
(10.0639)
(8.9717)
A2(0.1389)
(12.1242)
(2.7869)
A3(-7.5657)
(-9.5960)
(-4.8937)
A4(-0.5602)
(4.6160)
(-3.4141)
G1(3.2661)
(6.3401)
(-3.8147)
G2(1.0562)
(1.1217)
(0.8232)
G3(0.5992)
(-4.8805)
(-3.7386)
G4(-1.7022)
(1.2430)
(-0.0277)
A1(1.3843)
(1.2310)
(17.9674)
A2(6.2297)
(7.5561)
(-3.1843)
A3(-7.3694)
(9.1794)
(-7.2975)
A4(4.0223)
(8.1259)
(-0.7470)
G1(-0.5710)
(-0.3767)
(0.4427)
G2(1.6485)
(0.5060)
(0.4794)
G3(-0.0889)
(0.8077)
(-5.0556)
G4(-1.1121)
(1.2760)
(0.3613)
A1(-14.0779)
(2.3375)
(-6.5192)
A2(10.3094)
(8.5090)
(6.9145)
A3(-4.5107)
(17.7123)
(-2.2266)
A4(-1.0678)
(12.6653)
(3.7206)
G1(-0.2857)
(2.2716)
(0.1149)
G2(1.0908)
(-0.9418)
(-0.6619)
G3(1.0584)
(0.3076)
(1.0786)
G4(-0.1910)
(0.8125)
(-0.2581)
A1(-11.8649)
(-2.3136)
(3.4680)
A2(1.6472)
(8.2504)
(5.9376)
A3(-9.3326)
(-0.4453)
(-2.1596)
A4(0.8811)
(9.8402)
(-3.6727)
G1(-1.0068)
(-0.8482)
(0.2336)
G2(0.1240)
(0.3704)
(0.5225)
G3(-1.2712)
(-0.1027)
(0.5066)
G4(0.2666)
(0.0357)
(-0.4347)
A1(-1.3316)
(-0.5700)
(2.5339)
A2(3.9121)
(9.2751)
(2.0303)
A3(-8.1738)
(-0.4118)
(0.4932)
A4(0.9673)
(9.1889)
(-1.6568)
G1(-0.9690)
(-2.6419)
(1.4053)
G2(-0.1453)
(-1.3883)
(-0.5007)
G3(-0.4768)
(-1.7538)
(2.0242)
G4(0.1687)
(0.8093)
(-0.4624)
A1(-11.0889)
(3.7506)
(-1.6669)
A2(0.1389)
(10.2520)
(1.3551)
A3(-7.5705)
(2.6145)
(-2.3750)
A4(1.0056)
(9.9024)
(-1.0439)
G1(0.8349)
(-1.4649)
(2.6254)
G2(0.3288)
(0.8583)
(-0.4715)
G3(1.0546)
(-2.4371)
(3.7626)
G4(0.5651)
(-0.5241)
(0.0670)
A1(-9.4220)
(6.8785)
(4.1530)
A2(1.8675)
(8.1547)
(3.1220)
A3(-5.7269)
(-0.7949)
(-3.9840)
A4(0.2490)
(9.2225)
(-4.9416)
G1(1.2435)
(-0.3246)
(2.5265)
G2(-0.0394)
(-0.4699)
(-0.3241)
G3(0.6173)
(2.7760)
(2.3296)
G4(0.5561)
(-0.6917)
(0.0984)
A1(-7.9850)
(7.6353)
(5.3648)
A2(1.2258)
(10.0030)
(1.3838)
A3(-6.4212)
(6.5793)
(-5.7796)
A4(0.4884)
(9.7252)
(-4.9799)
G1(1.2004)
(-0.0138)
(1.4889)
G2(-0.0138)
(-0.3501)
(-0.2602)
G3(-1.4979)
(3.5593)
(2.1199)
G4(0.2480)
(-0.1543)
(0.0654)
A1(-5.1493)
(8.6125)
(3.8943)
A2(1.9201)
(10.7021)
(-0.1724)
A3(-4.5011)
(12.1817)
(-6.2153)
A4(1.7142)
(9.0740)
(-4.0510)
G1(0.9562)
(0.0208)
(1.5703)
G2(-0.0654)
(-0.5529)
(-0.0277)
G3(-2.3519)
(1.1494)
(1.8677)
G4(0.3044)
(-0.3932)
(0.2719)
A1(-5.7097)
(10.5908)
(3.7602)
A2(-0.8380)
(10.2376)
(2.4756)
A3(-4.7692)
(8.8633)
(-5.9328)
A4(1.2594)
(7.7859)
(-5.4300)
G1(0.7279)
(-0.6848)
(0.2810)
G2(-0.0287)
(-1.2744)
(0.0463)
G3(-1.1935)
(0.0532)
(0.8551)
G4(0.5076)
(-0.0101)
(0.1235)
A1(-2.8740)
(11.1177)
(-0.5604)
A2(2.0686)
(10.3046)
(0.7614)
A3(-7.8338)
(12.6797)
(-3.1029)
A4(3.8738)
(6.2441)
(-8.8633)
G1(-0.1548)
(-0.3022)
(0.2677)
G2(-0.1751)
(0.0878)
(0.0788)
G3(-0.4949)
(1.1648)
(-0.2448)
G4(0.4337)
(-0.9775)
(1.1158)
A1(-3.8751)
(8.7370)
(2.3232)
A2(2.2266)
(9.8689)
(0.8523)
A3(6.7086)
(9.8737)
(-4.8937)
A4(-2.1548)
(7.7093)
(-6.2489)
G1(0.5550)
(-0.4448)
(-0.2144)
G2(-0.4273)
(-0.3996)
(0.1527)
G3(-0.0032)
(-0.1293)
(0.0990)
G4(-0.5502)
(0.5263)
(0.0537)
A1(-3.2429)
(9.4172)
(1.6478)
A2(0.4166)
(9.1889)
(1.7813)
A3(-1.2258)
(9.1698)
(-4.3000)
A4(0.3400)
(8.1020)
(-4.7214)
G1(0.6455)
(-0.4001)
(-0.4821)
G2(0.3799)
(0.0905)
(-0.2368)
G3(-0.0851)
(0.0192)
(0.0181)
G4(-0.2810)
(0.4672)
(0.0713)
A1(-2.2609)
(9.6615)
(1.3795)
A2(5.0996)
(8.1451)
(0.7997)
A3(-0.7805)
(9.4044)
(-3.0933)
A4(2.1883)
(8.6910)
(-4.7118)
G1(0.7513)
(0.4667)
(0.0442)
G2(0.1368)
(0.2474)
(-0.0298)
G3(-0.1724)
(-0.0059)
(0.0458)
G4(-0.2804)
(0.1016)
(0.0367)
A1(-2.6681)
(9.7046)
(0.6083)
A2(1.5131)
(9.3853)
(1.4461)
A3(-0.7805)
(8.9687)
(-4.1180)
A4(2.0063)
(8.6335)
(-4.5681)
G1(0.1054)
(-0.6593)
(-0.0447)
G2(0.3092)
(-0.0436)
(-0.0463)
G3(-0.1697)
(0.1006)
(-0.0138)
G4(-0.3145)
(0.1703)
(-0.0255)
