A1(2.0693)
(10.7009)
(0.8718)
A2(1.8196)
(9.4475)
(-1.8483)
A3(0.7614)
(9.9886)
(-1.2594)
A4(1.2641)
(9.9647)
(-2.6767)
G1(-1.3851)
(0.4363)
(0.1623)
G2(0.1117)
(0.2208)
(0.1128)
G3(0.7029)
(0.3315)
(0.0718)
G4(-0.1213)
(0.3725)
(-0.0713)
A1(0.4646)
(11.3141)
(-1.0634)
A2(2.2314)
(8.5042)
(-0.3831)
A3(1.8483)
(6.9719)
(-5.0230)
A4(5.2050)
(14.5711)
(2.5043)
G1(-0.8535)
(-0.6465)
(-0.1511)
G2(-0.2065)
(0.2714)
(0.1080)
G3(0.5545)
(0.0676)
(0.2219)
G4(0.5151)
(1.0967)
(-0.6880)
A1(-2.2226)
(16.4107)
(1.9639)
A2(3.7254)
(9.3757)
(0.1006)
A3(2.3846)
(8.0302)
(-5.2337)
A4(16.8312)
(23.6260)
(0.4597)
G1(0.2155)
(-0.0543)
(-0.3528)
G2(-0.3922)
(0.3677)
(0.1548)
G3(0.4119)
(0.2990)
(-0.0718)
G4(1.6778)
(1.8315)
(-1.5085)
A1(5.3169)
(12.1044)
(6.9120)
A2(4.2090)
(8.1738)
(5.9185)
A3(2.1979)
(6.7995)
(-5.0996)
A4(-4.1180)
(22.0314)
(-16.3716)
G1(-1.0557)
(-0.6423)
(-1.4878)
G2(-2.8127)
(-0.3858)
(-0.0958)
G3(-0.4709)
(-0.1245)
(0.0798)
G4(2.7308)
(2.4179)
(2.8888)
A1(-7.1611)
(7.9563)
(-3.2381)
A2(8.8442)
(9.0836)
(11.1474)
A3(5.5545)
(8.1738)
(-2.7246)
A4(2.9353)
(-1.0391)
(-10.4339)
G1(-0.8274)
(-2.9080)
(-0.1442)
G2(-5.2567)
(-1.7618)
(3.2555)
G3(-0.4677)
(-1.3718)
(0.1213)
G4(2.5573)
(3.5630)
(5.3174)
A1(2.0980)
(10.4471)
(6.0977)
A2(9.8689)
(9.4284)
(11.4682)
A3(4.6064)
(8.7053)
(-4.5442)
A4(2.4181)
(-3.7110)
(-5.1619)
G1(0.2810)
(0.8562)
(-1.7767)
G2(-4.7390)
(-1.9832)
(2.7521)
G3(-0.6109)
(-1.5171)
(0.0181)
G4(2.1130)
(4.1797)
(4.3601)
A1(1.6047)
(6.7587)
(5.1158)
A2(9.6917)
(4.9177)
(4.7836)
A3(1.3551)
(8.5856)
(-4.2808)
A4(5.3917)
(-7.9823)
(-0.1915)
G1(0.1357)
(-0.9977)
(0.1096)
G2(-3.3736)
(-3.6503)
(2.8750)
G3(-0.8934)
(-1.1483)
(-0.3645)
G4(-0.5869)
(3.4539)
(4.0292)
A1(-18.0010)
(4.7230)
(-0.3497)
A2(3.4237)
(4.8554)
(2.4948)
A3(0.0096)
(9.3374)
(1.1109)
A4(3.2753)
(-1.0534)
(-2.5139)
G1(0.1894)
(1.0573)
(0.3842)
G2(0.7380)
(-3.9281)
(2.3982)
G3(-0.8950)
(-2.1529)
(-0.0277)
G4(-0.7189)
(-1.1089)
(1.5218)
A1(-0.4838)
(9.7573)
(2.5531)
A2(6.7516)
(-0.6895)
(2.6911)
A3(-2.6145)
(10.4339)
(0.5555)
A4(7.5465)
(5.4444)
(5.5929)
G1(-0.4608)
(0.3363)
(-0.5912)
G2(2.6089)
(-3.0511)
(1.7097)
G3(-0.4358)
(-0.9695)
(-0.1926)
G4(1.0429)
(2.2790)
(-7.6688)
A1(-2.1411)
(11.0746)
(4.2392)
A2(4.6064)
(-2.0734)
(-2.1787)
A3(4.1515)
(9.2033)
(-2.4565)
A4(5.4444)
(0.7135)
(-4.0749)
G1(0.2453)
(0.8152)
(-0.1149)
G2(3.5593)
(-2.1231)
(-0.1820)
G3(0.0952)
(0.3033)
(0.4603)
G4(-1.5963)
(0.9530)
(-1.7373)
A1(-1.0394)
(9.9010)
(1.4658)
A2(3.2609)
(0.2729)
(-7.1730)
A3(1.3503)
(9.3901)
(-0.7614)
A4(11.1953)
(-3.6727)
(-3.6488)
G1(0.3187)
(0.8296)
(0.1368)
G2(-1.1536)
(2.8101)
(-1.8741)
G3(0.3065)
(1.1031)
(0.1777)
G4(0.8849)
(-0.2107)
(-3.6998)
A1(-2.0645)
(9.2783)
(2.1890)
A2(2.5809)
(-1.1396)
(5.1236)
A3(2.9880)
(9.2656)
(-0.8092)
A4(7.8099)
(1.4748)
(-6.6032)
G1(0.5582)
(0.6556)
(0.6774)
G2(-0.1963)
(1.4213)
(-1.1228)
G3(0.4885)
(1.0397)
(0.1288)
G4(-0.6486)
(-1.9310)
(-3.7179)
A1(-4.3733)
(9.4268)
(0.3209)
A2(7.0916)
(-0.3591)
(0.8906)
A3(3.3184)
(9.0501)
(0.0766)
A4(4.0223)
(2.7390)
(-6.3494)
G1(0.2299)
(1.8353)
(0.0952)
G2(-1.1797)
(6.0533)
(-2.0540)
G3(0.7630)
(2.5376)
(-0.3501)
G4(-0.6715)
(-2.0077)
(-3.5870)
A1(-1.4562)
(10.4040)
(0.9628)
A2(8.5329)
(1.5802)
(-0.3831)
A3(2.7246)
(8.3558)
(-3.2417)
A4(6.9097)
(6.1196)
(-10.1514)
G1(0.4651)
(-0.3145)
(0.2336)
G2(1.0876)
(-1.1382)
(-2.0571)
G3(0.5981)
(2.0838)
(-0.1064)
G4(-0.6157)
(-1.4021)
(-2.1865)
A1(0.4694)
(9.4986)
(-0.9293)
A2(7.7668)
(7.5705)
(3.6105)
A3(2.7485)
(8.4180)
(-5.4923)
A4(5.2050)
(9.6295)
(-8.4755)
G1(0.7944)
(1.6618)
(-0.1735)
G2(1.5362)
(3.6157)
(-2.6669)
G3(0.1421)
(0.5380)
(0.0623)
G4(-0.7891)
(-1.6985)
(-0.9168)
A1(0.8191)
(9.8340)
(0.7089)
A2(11.9040)
(6.6224)
(1.2067)
A3(1.9154)
(8.7245)
(-5.1427)
A4(4.9943)
(9.7252)
(-7.6806)
G1(0.5784)
(1.2835)
(-0.1506)
G2(1.7703)
(2.8787)
(-2.5233)
G3(-0.1272)
(0.4108)
(0.0697)
G4(-1.3883)
(-1.2100)
(-0.5459)
A1(0.0383)
(9.1059)
(-2.2801)
A2(7.6758)
(8.7676)
(3.4381)
A3(1.9776)
(8.8585)
(-3.0502)
A4(4.0701)
(10.9942)
(-4.3335)
G1(0.8226)
(0.4395)
(0.3570)
G2(0.7907)
(-0.6641)
(-1.7373)
G3(-0.3432)
(0.2485)
(0.0255)
G4(-1.1818)
(-0.8359)
(-0.0176)
A1(0.1772)
(9.0053)
(-1.8106)
A2(6.0430)
(8.4180)
(3.0311)
A3(1.2306)
(9.3805)
(-2.8539)
A4(1.9776)
(9.8067)
(-3.2465)
G1(0.7152)
(0.1352)
(-0.4550)
G2(1.7789)
(1.8486)
(-1.3324)
G3(-0.5310)
(-0.2873)
(0.0378)
G4(-0.5795)
(-0.2575)
(-0.2623)
A1(0.1198)
(9.4220)
(-1.4131)
A2(6.2776)
(8.3989)
(1.3455)
A3(3.1556)
(9.2368)
(-2.2122)
A4(2.3463)
(9.2512)
(-4.7070)
G1(0.7540)
(0.5848)
(-0.2794)
G2(1.5447)
(0.6540)
(-0.9323)
G3(-0.4656)
(0.4768)
(-0.0383)
G4(-0.1586)
(0.0851)
(-0.1362)
A1(-0.2299)
(9.4076)
(-1.2023)
A2(3.6440)
(8.5904)
(1.8196)
A3(1.8531)
(9.2799)
(-0.3783)
A4(2.1979)
(9.5481)
(-4.3958)
G1(1.0914)
(0.3709)
(-0.2474)
G2(0.4071)
(0.2820)
(-0.4060)
G3(-0.3682)
(0.3187)
(-0.0835)
G4(-0.2645)
(-0.0452)
(0.0511)
