A1(-1.1879)
(9.3645)
(-1.1927)
A2(2.2314)
(9.3230)
(0.1724)
A3(2.1404)
(8.9256)
(-3.1460)
A4(0.5650)
(9.1698)
(-4.0031)
G1(-0.0873)
(0.0144)
(0.0287)
G2(0.0128)
(0.1501)
(-0.0213)
G3(0.0106)
(0.1187)
(-0.0399)
G4(-0.0654)
(0.0351)
(-0.0037)
A1(-1.7053)
(8.9813)
(-0.5748)
A2(2.0446)
(9.3757)
(0.2394)
A3(1.8292)
(9.2225)
(-2.2170)
A4(1.3120)
(8.7532)
(-5.8945)
G1(-0.3932)
(0.3395)
(0.0835)
G2(0.0144)
(-0.0021)
(-0.0005)
G3(-0.0112)
(0.1522)
(-0.0463)
G4(-0.1591)
(-0.1612)
(0.1043)
A1(-0.0144)
(8.0904)
(0.0910)
A2(2.1404)
(9.5050)
(0.0335)
A3(1.0534)
(9.9024)
(-0.4310)
A4(1.9872)
(10.8697)
(-0.3735)
G1(-1.6990)
(0.3294)
(0.2357)
G2(-0.0053)
(-0.0968)
(0.0080)
G3(0.3539)
(0.0947)
(0.0490)
G4(-0.1229)
(0.1165)
(-0.1282)
A1(0.7185)
(12.7655)
(-0.9724)
A2(1.8340)
(9.9120)
(-1.8962)
A3(1.5897)
(8.1738)
(-4.3191)
A4(6.6319)
(14.8871)
(-1.8196)
G1(-0.3203)
(-0.4278)
(0.0053)
G2(0.5491)
(-0.1655)
(0.2437)
G3(0.7609)
(-0.2496)
(0.2426)
G4(1.2446)
(0.6614)
(-0.6311)
A1(0.0096)
(8.6556)
(1.5089)
A2(3.5626)
(6.5505)
(2.3750)
A3(3.8786)
(7.4268)
(-6.4883)
A4(-1.3647)
(7.2832)
(-8.8777)
G1(-0.5848)
(-0.6284)
(-0.8535)
G2(-1.8619)
(0.2230)
(0.2437)
G3(-0.0915)
(0.2043)
(-0.2373)
G4(-0.0399)
(1.4580)
(0.0309)
A1(1.7436)
(9.7238)
(0.1198)
A2(7.5178)
(9.1650)
(4.0558)
A3(4.3670)
(8.4611)
(-3.7397)
A4(-0.1245)
(6.2632)
(-11.3916)
G1(-0.6870)
(-0.4385)
(0.1463)
G2(-4.4458)
(-1.0573)
(1.1818)
G3(-0.3783)
(-0.9450)
(0.0979)
G4(1.2611)
(0.7742)
(1.3856)
A1(0.6227)
(10.4902)
(1.7627)
A2(9.0022)
(5.6312)
(11.2144)
A3(3.2322)
(8.8538)
(-3.4716)
A4(1.6281)
(0.6416)
(-8.8298)
G1(-0.3911)
(-3.2198)
(-1.0914)
G2(-3.3135)
(-0.9323)
(2.4493)
G3(-0.2240)
(-1.0233)
(-0.0027)
G4(2.3871)
(3.5098)
(4.5629)
A1(0.2778)
(9.1298)
(6.6103)
A2(11.2863)
(2.8922)
(6.0430)
A3(3.7685)
(8.4036)
(-4.7549)
A4(4.4580)
(-6.0190)
(0.8859)
G1(0.1086)
(-0.8817)
(-0.4491)
G2(-3.1240)
(-2.7159)
(2.3062)
G3(-0.7104)
(-2.1136)
(0.4252)
G4(-0.8264)
(4.3942)
(4.5788)
A1(-2.5579)
(6.8162)
(5.2834)
A2(5.9951)
(4.8985)
(2.7533)
A3(3.6966)
(8.6335)
(-2.0111)
A4(3.1077)
(-8.5042)
(-7.1299)
G1(0.5672)
(-0.5007)
(-0.1485)
G2(-0.8498)
(-4.4394)
(2.1279)
G3(-1.0882)
(-1.6123)
(-0.0447)
G4(-0.9466)
(-0.3086)
(4.2941)
A1(-1.1448)
(9.1394)
(4.8379)
A2(4.1755)
(0.9385)
(2.2793)
A3(-3.7541)
(10.2472)
(0.3496)
A4(5.3486)
(-6.2153)
(-21.1983)
G1(-0.5279)
(-0.2677)
(-0.8077)
G2(3.4550)
(-2.8186)
(1.0488)
G3(-0.5890)
(-1.2952)
(-0.2017)
G4(0.5805)
(6.6424)
(-6.8291)
A1(-0.8430)
(8.0808)
(2.2034)
A2(5.9951)
(3.2944)
(8.8729)
A3(1.6137)
(10.0509)
(-0.5076)
A4(-0.8140)
(0.5124)
(-0.2538)
G1(0.5177)
(0.6737)
(0.3565)
G2(-2.7037)
(-1.6405)
(0.0654)
G3(0.2416)
(-0.3773)
(0.4028)
G4(-2.5036)
(0.3555)
(-3.5061)
A1(-0.0623)
(10.2794)
(2.7830)
A2(13.1585)
(-1.2306)
(1.3934)
A3(-1.3838)
(9.6678)
(-2.2266)
A4(4.4293)
(-0.4357)
(-5.2960)
G1(0.2384)
(-0.0186)
(0.0654)
G2(-1.6724)
(-5.1237)
(-0.3065)
G3(0.2980)
(0.6167)
(0.0250)
G4(1.1557)
(-1.2723)
(-3.3395)
A1(-1.6717)
(8.7993)
(1.1544)
A2(9.0022)
(-3.1460)
(-0.6991)
A3(1.8914)
(9.3661)
(-2.5187)
A4(4.0941)
(1.0774)
(-6.4404)
G1(0.6662)
(0.9775)
(0.3326)
G2(-2.2099)
(7.6124)
(-1.9188)
G3(0.4081)
(0.4518)
(0.0335)
G4(-0.1639)
(-2.4360)
(-3.5040)
A1(-0.8622)
(10.2028)
(1.8777)
A2(9.2847)
(1.2163)
(-0.7614)
A3(1.4748)
(9.5433)
(-0.5459)
A4(7.7285)
(6.6559)
(-8.6670)
G1(-0.5582)
(2.3764)
(0.4486)
G2(0.3730)
(-0.4454)
(-1.7757)
G3(0.4443)
(3.3763)
(-0.8274)
G4(-0.4108)
(-2.8356)
(-0.3884)
A1(1.7388)
(11.7116)
(0.0671)
A2(3.4141)
(6.2345)
(4.6017)
A3(2.9497)
(7.6998)
(-6.0861)
A4(6.6511)
(7.9727)
(-11.7172)
G1(0.5880)
(-1.1504)
(0.3299)
G2(0.4369)
(3.0948)
(-3.1943)
G3(0.4347)
(0.1655)
(0.2453)
G4(-1.1047)
(-1.8416)
(-1.0131)
A1(-0.6227)
(10.2076)
(-0.9915)
A2(13.4985)
(5.1188)
(-0.2011)
A3(0.9098)
(8.9783)
(-4.9416)
A4(1.7238)
(10.9271)
(-6.5601)
G1(0.5060)
(1.2276)
(0.2506)
G2(1.2616)
(-0.6396)
(-2.6079)
G3(-0.0910)
(0.0277)
(0.1655)
G4(-1.5171)
(0.3464)
(-1.1770)
A1(1.0251)
(9.9537)
(-3.2285)
A2(5.5402)
(8.0732)
(3.7254)
A3(1.0008)
(8.6287)
(-4.3335)
A4(2.7438)
(9.9168)
(-4.3718)
G1(0.5992)
(1.0440)
(0.1171)
G2(1.7948)
(2.4334)
(-1.8416)
G3(-0.1107)
(0.5853)
(0.0069)
G4(-0.6806)
(-0.0564)
(-0.2065)
A1(0.0096)
(10.4135)
(-0.0766)
A2(6.5266)
(8.8873)
(1.6041)
A3(2.0207)
(9.3948)
(-2.1261)
A4(2.1069)
(9.8928)
(-4.3096)
G1(0.6210)
(-0.0506)
(-0.3028)
G2(1.7884)
(1.3138)
(-0.5944)
G3(-0.1272)
(0.9142)
(-0.2049)
G4(-0.5055)
(-0.4209)
(0.0931)
A1(-0.1102)
(9.3310)
(-1.3939)
A2(3.7254)
(9.2177)
(1.6712)
A3(3.3615)
(8.5521)
(-3.3806)
A4(1.0774)
(9.1889)
(-6.0525)
G1(0.6976)
(0.2458)
(-0.3198)
G2(0.5140)
(0.6806)
(-0.2847)
G3(-0.3294)
(0.6917)
(-0.1586)
G4(-0.5481)
(1.0169)
(-0.4656)
A1(-0.6275)
(8.8424)
(-1.0538)
A2(2.4038)
(8.6957)
(1.4365)
A3(3.5051)
(9.4810)
(0.1101)
A4(0.4645)
(9.3278)
(-3.8834)
G1(0.6662)
(0.4746)
(-0.0484)
G2(0.6486)
(0.9195)
(-0.1591)
G3(-0.2469)
(0.2948)
(-0.1298)
G4(-0.3421)
(-0.2256)
(0.0564)
