A1(2.3136)
(5.1206)
(0.8957)
A2(0.9720)
(9.2225)
(0.9242)
A3(-0.2059)
(9.7540)
(-0.4836)
A4(4.8554)
(9.9120)
(-2.0686)
G1(-0.9551)
(0.4667)
(0.3177)
G2(-0.0319)
(0.5007)
(-0.0170)
G3(0.5146)
(0.2208)
(0.1070)
G4(0.4640)
(-0.4683)
(-0.1330)
A1(2.4908)
(9.6232)
(-1.9064)
A2(2.5570)
(9.4523)
(2.6432)
A3(-0.7374)
(9.0501)
(-0.9864)
A4(9.7683)
(15.7682)
(-2.8299)
G1(-1.3494)
(-1.6378)
(-0.2682)
G2(0.0192)
(0.4055)
(0.1064)
G3(1.2090)
(-0.5236)
(0.2751)
G4(1.2223)
(-0.3799)
(-0.4268)
A1(-1.0538)
(10.9069)
(2.1411)
A2(6.9671)
(6.7038)
(3.7972)
A3(1.6089)
(7.2832)
(-5.9376)
A4(4.0606)
(10.2807)
(-8.4228)
G1(-1.1648)
(-2.1189)
(-0.5257)
G2(-1.4112)
(-1.1542)
(0.2182)
G3(0.8328)
(-0.9865)
(0.2070)
G4(0.7870)
(-0.3177)
(1.6453)
A1(3.4153)
(14.1115)
(3.4919)
A2(5.2194)
(8.5760)
(7.6184)
A3(3.9025)
(8.2217)
(-6.2297)
A4(1.2929)
(4.6495)
(-13.9965)
G1(-0.8040)
(-1.6267)
(-1.5500)
G2(-4.8316)
(-3.3241)
(0.8934)
G3(-0.3161)
(-1.6480)
(0.5172)
G4(2.5435)
(1.5548)
(3.4476)
A1(-4.9769)
(13.6420)
(2.1411)
A2(2.1931)
(12.7036)
(8.7724)
A3(3.1029)
(8.1930)
(-5.5545)
A4(4.0893)
(-0.8475)
(-10.9271)
G1(0.1612)
(-1.8821)
(-0.4337)
G2(-3.7477)
(-2.4355)
(2.3088)
G3(-0.4821)
(-1.7177)
(0.4475)
G4(3.1336)
(2.5052)
(5.7857)
A1(-3.8847)
(4.7517)
(4.3973)
A2(11.1282)
(9.8785)
(5.7317)
A3(3.2753)
(5.4875)
(-3.4620)
A4(3.6057)
(-8.7915)
(-1.3120)
G1(0.9881)
(0.2714)
(0.2490)
G2(-3.0474)
(-3.3624)
(2.6744)
G3(-1.4575)
(-1.8784)
(-0.1511)
G4(3.5311)
(2.6446)
(5.5329)
A1(-1.3029)
(6.9982)
(4.8523)
A2(3.2513)
(5.3870)
(2.5714)
A3(-3.0263)
(9.5672)
(-1.1732)
A4(-1.1540)
(-7.8865)
(-9.1267)
G1(0.7189)
(-0.8567)
(-0.2043)
G2(-0.2618)
(-4.1760)
(1.3830)
G3(-0.9445)
(-0.7497)
(-0.6822)
G4(1.2223)
(1.0690)
(-0.6470)
A1(-9.4699)
(10.0112)
(4.0955)
A2(10.4435)
(0.0192)
(-0.9290)
A3(-1.5897)
(10.3430)
(1.6807)
A4(50.9630)
(93.5175)
(7.3694)
G1(-0.5247)
(1.6767)
(0.2272)
G2(3.2427)
(-3.4007)
(2.0497)
G3(-0.3719)
(-0.6545)
(-0.6119)
G4(-1.4213)
(0.5800)
(2.0566)
A1(-6.8833)
(9.0005)
(4.3925)
A2(1.8579)
(2.5331)
(-2.6097)
A3(-2.3080)
(6.2584)
(-7.5848)
A4(12.3780)
(1.7765)
(-5.9951)
G1(0.3570)
(-1.0557)
(0.1724)
G2(4.4910)
(0.6194)
(-0.3767)
G3(0.3443)
(1.6352)
(-0.1458)
G4(0.0452)
(-2.0843)
(0.3384)
A1(-0.2251)
(10.0926)
(1.9831)
A2(0.2442)
(-6.7325)
(9.4332)
A3(-6.2153)
(10.5776)
(0.3208)
A4(9.0644)
(-7.8721)
(-6.5266)
G1(0.2847)
(0.5949)
(0.1362)
G2(0.6321)
(12.3338)
(-2.8085)
G3(0.3171)
(1.0946)
(-0.1442)
G4(-0.9222)
(-0.1107)
(0.1862)
A1(-2.3184)
(9.8340)
(1.3221)
A2(32.6665)
(17.6788)
(-25.2684)
A3(-1.3838)
(7.3550)
(-4.4293)
A4(4.7740)
(0.3304)
(-0.2203)
G1(0.5981)
(-0.1724)
(0.2304)
G2(2.6127)
(-5.6824)
(0.9535)
G3(0.5130)
(1.3931)
(0.0527)
G4(-1.0658)
(-0.5720)
(-0.4725)
A1(-3.1183)
(7.1707)
(1.7627)
A2(1.6616)
(2.9544)
(5.5593)
A3(0.1341)
(9.1075)
(-3.1987)
A4(5.5641)
(7.3837)
(-9.2416)
G1(0.4667)
(1.6112)
(0.2794)
G2(0.9775)
(-0.5023)
(-0.3900)
G3(0.1288)
(1.4809)
(-0.0506)
G4(1.9113)
(2.6345)
(-5.2961)
A1(0.6514)
(8.7562)
(2.0789)
A2(6.4883)
(2.1165)
(1.3216)
A3(-2.6001)
(9.0309)
(-1.4605)
A4(7.2736)
(-6.2824)
(-5.9472)
G1(0.0793)
(-0.1666)
(0.1208)
G2(-1.0099)
(-2.6818)
(-0.8562)
G3(0.2969)
(3.1863)
(-0.2379)
G4(0.3278)
(-2.0231)
(-5.4605)
A1(-3.9901)
(9.7956)
(0.4598)
A2(11.8513)
(4.8794)
(3.4046)
A3(2.5953)
(9.4092)
(-1.4365)
A4(3.8259)
(2.0111)
(-8.0780)
G1(0.4784)
(0.9030)
(0.2277)
G2(-2.3354)
(7.7651)
(-1.2409)
G3(0.4507)
(1.1137)
(0.2480)
G4(-1.5139)
(-2.2631)
(-3.7376)
A1(4.1578)
(10.3704)
(1.0825)
A2(6.2441)
(3.4477)
(2.2984)
A3(1.7142)
(8.1403)
(-5.0182)
A4(3.7924)
(2.9257)
(-11.1426)
G1(0.7189)
(0.1469)
(0.2086)
G2(1.3069)
(-0.8961)
(-1.5804)
G3(0.1511)
(0.8955)
(0.0958)
G4(-1.3739)
(-1.3659)
(-1.3047)
A1(-0.1916)
(11.3332)
(-2.3327)
A2(6.4596)
(7.3310)
(6.1196)
A3(2.4612)
(8.4180)
(-4.1132)
A4(8.0254)
(9.6917)
(-9.5624)
G1(0.2070)
(0.7503)
(-0.0814)
G2(0.9509)
(3.3731)
(-2.9500)
G3(-0.1112)
(0.1932)
(0.0708)
G4(-1.9795)
(-2.2391)
(0.3310)
A1(-1.3508)
(9.3262)
(-0.5844)
A2(11.3772)
(8.3079)
(4.8315)
A3(1.3982)
(9.5002)
(-2.0686)
A4(5.3534)
(10.3190)
(-7.3789)
G1(0.0378)
(0.4417)
(-0.0005)
G2(1.7608)
(4.4330)
(-2.7824)
G3(-0.0835)
(0.3012)
(-0.0101)
G4(-1.7799)
(-1.3888)
(0.1591)
A1(0.8957)
(9.9585)
(-1.6574)
A2(6.1914)
(8.9256)
(5.5067)
A3(0.5076)
(9.1267)
(-2.9688)
A4(6.2249)
(10.1897)
(-5.3678)
G1(0.3182)
(0.5859)
(0.1485)
G2(1.7049)
(-2.0470)
(-1.7831)
G3(-0.0878)
(0.3608)
(-0.0681)
G4(-1.4798)
(-0.3682)
(0.1197)
A1(0.0287)
(9.8196)
(-0.7664)
A2(4.4772)
(7.9966)
(2.2697)
A3(2.9161)
(9.3278)
(-3.1077)
A4(5.6120)
(6.4165)
(-6.6559)
G1(0.6125)
(0.0644)
(-0.3480)
G2(1.6410)
(1.5947)
(-1.1675)
G3(-0.2538)
(0.1203)
(-0.1022)
G4(0.0000)
(0.1703)
(-0.0692)
A1(-0.9915)
(9.4220)
(-1.3173)
A2(4.0223)
(10.0126)
(2.0399)
A3(2.3080)
(8.8729)
(-2.9257)
A4(0.6033)
(9.1794)
(-4.5490)
G1(0.3267)
(-0.1022)
(-0.3597)
G2(0.5954)
(0.5577)
(-0.5380)
G3(-0.3374)
(-0.2011)
(-0.1751)
G4(-0.2948)
(0.0596)
(-0.0181)
