A1(0.6131)
(9.9058)
(2.0358)
A2(2.3032)
(9.3853)
(-0.0479)
A3(1.7286)
(9.0357)
(-2.8874)
A4(0.4118)
(9.1171)
(-4.1324)
G1(-0.3661)
(-0.4603)
(0.2841)
G2(-0.0186)
(0.1171)
(-0.0458)
G3(-0.0021)
(0.0617)
(-0.0357)
G4(-0.0777)
(0.0223)
(-0.0032)
A1(-1.1640)
(9.6232)
(-1.4131)
A2(2.3224)
(9.3757)
(-0.2155)
A3(0.7805)
(9.0788)
(-2.5139)
A4(0.0575)
(9.0597)
(-4.1228)
G1(-0.3709)
(0.0330)
(0.0266)
G2(-0.0298)
(-0.0543)
(0.0128)
G3(0.0357)
(-0.7380)
(0.0718)
G4(-0.1304)
(0.0293)
(0.0043)
A1(-0.5125)
(9.9537)
(-0.7281)
A2(1.9728)
(9.4332)
(-0.4022)
A3(1.8771)
(8.6335)
(-4.1324)
A4(0.5794)
(9.4236)
(-3.2609)
G1(-0.0846)
(0.3597)
(0.0479)
G2(0.0208)
(0.0772)
(0.0521)
G3(0.1751)
(0.4874)
(-0.0564)
G4(-0.0926)
(0.1171)
(0.0372)
A1(-0.1102)
(9.5561)
(-0.6610)
A2(2.1739)
(9.2656)
(-0.2442)
A3(1.8244)
(8.9256)
(-3.2753)
A4(0.5028)
(9.6295)
(-3.3279)
G1(-0.3544)
(-0.0080)
(0.1304)
G2(0.0362)
(0.2171)
(0.0378)
G3(0.1022)
(0.1884)
(0.0436)
G4(0.0463)
(0.1277)
(0.0245)
A1(0.6658)
(11.1177)
(-0.4311)
A2(2.3990)
(9.2847)
(-0.1149)
A3(2.2027)
(8.6526)
(-3.5147)
A4(6.0047)
(15.7682)
(-0.2298)
G1(-0.7221)
(-0.7923)
(-0.1868)
G2(-0.1852)
(-0.0899)
(0.0702)
G3(0.1756)
(0.2485)
(0.0330)
G4(1.2755)
(0.6300)
(-0.6364)
A1(-0.7137)
(9.6280)
(1.5472)
A2(4.7932)
(8.7005)
(0.2729)
A3(2.7821)
(8.0541)
(-5.2912)
A4(1.3982)
(11.4299)
(-3.8164)
G1(-0.4890)
(-0.5087)
(-0.3038)
G2(-1.0600)
(-0.7684)
(0.1192)
G3(-0.1607)
(-0.3528)
(0.0692)
G4(0.4385)
(-0.2043)
(0.6965)
A1(2.0645)
(11.3045)
(3.1471)
A2(2.0877)
(10.7308)
(4.9895)
A3(5.4684)
(8.8825)
(-2.0446)
A4(6.9719)
(1.5610)
(-11.9614)
G1(-0.5279)
(-1.9816)
(-0.8844)
G2(-2.9378)
(-0.5044)
(2.0055)
G3(-0.2948)
(-0.8328)
(0.0958)
G4(1.6841)
(1.7836)
(5.2269)
A1(-0.4646)
(10.0782)
(2.8980)
A2(11.3054)
(10.4866)
(3.6871)
A3(3.7350)
(8.6526)
(-4.2090)
A4(4.0031)
(-5.5593)
(-4.7549)
G1(0.3560)
(-0.1650)
(-0.9232)
G2(-2.9224)
(-2.8441)
(2.9240)
G3(-0.4496)
(-1.4740)
(0.1799)
G4(1.6123)
(4.2654)
(4.5794)
A1(-1.1257)
(6.9743)
(6.7875)
A2(10.0796)
(4.4149)
(3.6871)
A3(4.6543)
(8.6383)
(-2.3990)
A4(6.6942)
(-7.4843)
(-8.5521)
G1(0.4017)
(-0.5513)
(0.2230)
G2(-1.0690)
(-2.8005)
(2.7654)
G3(-1.1047)
(-1.9108)
(0.1575)
G4(0.5491)
(1.0733)
(5.0529)
A1(-1.7675)
(8.4065)
(4.5362)
A2(8.7676)
(1.0487)
(-2.4995)
A3(-3.1843)
(8.2600)
(0.5507)
A4(33.3656)
(-39.7773)
(-3.1077)
G1(-0.1128)
(-0.5438)
(-0.2841)
G2(3.7876)
(-3.7445)
(1.4692)
G3(-0.2033)
(-0.2160)
(-0.6444)
G4(-0.7577)
(4.8177)
(0.1777)
A1(-2.1028)
(10.3369)
(3.3674)
A2(25.7233)
(8.6718)
(9.1267)
A3(0.7997)
(9.5433)
(-1.2689)
A4(7.6614)
(-0.3304)
(-4.4915)
G1(0.3379)
(-0.0053)
(0.1703)
G2(-0.5672)
(-6.8994)
(1.7725)
G3(-0.1165)
(-0.7476)
(0.4422)
G4(-1.2930)
(1.3574)
(-2.5211)
A1(3.3003)
(9.7717)
(4.7709)
A2(-1.3264)
(-6.7038)
(6.9432)
A3(-1.8771)
(9.5289)
(-1.7334)
A4(-1.7142)
(-3.6871)
(-7.7333)
G1(0.2969)
(1.1206)
(0.1421)
G2(-2.6356)
(-4.6523)
(-0.2336)
G3(0.5071)
(2.5387)
(-0.2831)
G4(-1.6288)
(-1.8267)
(-5.0833)
A1(-2.4190)
(10.0591)
(1.8202)
A2(13.6086)
(5.9855)
(-0.3256)
A3(0.5171)
(9.6391)
(-0.3591)
A4(2.7054)
(10.3046)
(-9.4236)
G1(0.1596)
(0.4502)
(0.0059)
G2(-1.1148)
(6.5471)
(-2.5605)
G3(0.6689)
(1.4085)
(-0.0213)
G4(-1.6272)
(-1.6847)
(-3.3374)
A1(-2.3615)
(9.8723)
(0.8526)
A2(6.2537)
(4.9033)
(3.4333)
A3(4.4532)
(7.7907)
(-3.8547)
A4(5.1619)
(11.6550)
(-9.4667)
G1(0.4230)
(0.2405)
(0.3842)
G2(0.6178)
(-0.3602)
(-3.3943)
G3(0.6327)
(0.7098)
(0.1878)
G4(-0.3187)
(-1.4128)
(-2.2806)
A1(2.3136)
(10.6291)
(0.8909)
A2(6.5362)
(8.5952)
(3.5051)
A3(1.1301)
(8.7532)
(-4.2665)
A4(3.5243)
(8.1930)
(-7.4220)
G1(0.4890)
(1.6724)
(-0.0436)
G2(1.2116)
(1.1840)
(-2.6850)
G3(0.0218)
(1.0791)
(-0.2384)
G4(-1.2702)
(-0.1027)
(-0.9557)
A1(0.9053)
(11.6015)
(10.9788)
A2(4.8650)
(10.3094)
(2.8395)
A3(1.2354)
(9.4044)
(-4.3910)
A4(7.7812)
(10.4483)
(-5.5162)
G1(2.0540)
(-0.4103)
(-0.3762)
G2(1.3909)
(1.6118)
(-1.6597)
G3(-0.0676)
(0.5130)
(-0.1799)
G4(-0.3528)
(-0.0255)
(-0.0511)
A1(-0.5604)
(9.1586)
(-0.7472)
A2(5.1523)
(9.8833)
(2.1452)
A3(2.1404)
(8.8011)
(-2.7102)
A4(0.4884)
(8.8633)
(-3.7158)
G1(0.2001)
(0.5486)
(-0.1160)
G2(1.0115)
(0.5092)
(-0.6651)
G3(-0.1793)
(-0.5188)
(-0.0532)
G4(-0.5108)
(0.2815)
(-0.4464)
A1(-1.3987)
(9.1873)
(-1.0538)
A2(2.2553)
(9.7205)
(-0.5267)
A3(1.3886)
(8.6239)
(-3.5147)
A4(-0.0287)
(9.4188)
(-3.1556)
G1(0.2746)
(-0.0122)
(-0.2160)
G2(1.2691)
(0.6753)
(0.0559)
G3(-0.0490)
(-0.3076)
(-0.1676)
G4(-0.3294)
(-0.3187)
(-0.0681)
A1(-2.0597)
(8.8951)
(-1.6047)
A2(2.8347)
(8.8873)
(-1.2546)
A3(1.6616)
(9.4475)
(-3.4093)
A4(-0.0718)
(8.9783)
(-4.0031)
G1(0.2879)
(0.3187)
(-0.1942)
G2(0.8626)
(0.2921)
(-0.0335)
G3(0.0734)
(0.1671)
(-0.2139)
G4(-0.1426)
(-0.1495)
(-0.1586)
A1(-2.0310)
(9.5944)
(-1.4131)
A2(1.4940)
(9.3518)
(-1.0056)
A3(1.0391)
(8.5760)
(-3.8930)
A4(-0.6464)
(9.0836)
(-3.9840)
G1(0.4001)
(0.1197)
(-0.1639)
G2(-0.0532)
(0.0436)
(-0.1596)
G3(-0.1548)
(0.0293)
(-0.1655)
G4(-0.1724)
(-0.0399)
(-0.1086)
