A1(-1.1640)
(8.8807)
(-1.9400)
A2(1.7142)
(9.3518)
(-0.5602)
A3(2.0351)
(9.2177)
(-1.9968)
A4(0.1676)
(9.2464)
(-3.9169)
G1(-0.6758)
(0.6832)
(0.3959)
G2(-0.0138)
(0.2065)
(0.0037)
G3(0.0527)
(0.2735)
(0.0223)
G4(-0.0639)
(0.0378)
(0.0734)
A1(-0.3066)
(8.5885)
(0.7329)
A2(2.0830)
(9.2320)
(-0.8428)
A3(1.9441)
(9.7731)
(-0.2011)
A4(0.2346)
(9.5289)
(-3.1651)
G1(-1.3617)
(0.0628)
(0.4209)
G2(-0.0117)
(0.0154)
(0.0426)
G3(0.2884)
(0.0357)
(0.1963)
G4(0.0271)
(0.2714)
(0.0016)
A1(0.8239)
(9.2256)
(-0.0623)
A2(0.9816)
(9.5816)
(-0.9768)
A3(0.7757)
(9.8450)
(-0.5411)
A4(1.6855)
(10.7643)
(-0.9242)
G1(-1.1520)
(-0.5593)
(0.3517)
G2(0.1415)
(0.2480)
(0.1479)
G3(0.5587)
(-0.0495)
(0.2496)
G4(0.2857)
(0.1570)
(-0.0713)
A1(-0.5317)
(11.2518)
(-1.9016)
A2(3.0550)
(9.5481)
(-0.2203)
A3(2.0446)
(7.6231)
(-4.3335)
A4(8.9495)
(17.3005)
(-2.2553)
G1(-0.1623)
(-0.0234)
(-0.3299)
G2(0.3714)
(0.0564)
(0.1320)
G3(0.7716)
(-0.1362)
(0.1086)
G4(1.8592)
(0.9488)
(-1.1116)
A1(-0.0192)
(9.9441)
(-1.7532)
A2(4.2713)
(8.4276)
(0.3304)
A3(4.2808)
(7.0773)
(-6.6607)
A4(7.8578)
(19.8862)
(-7.8626)
G1(-0.1000)
(-1.4537)
(-0.5960)
G2(-0.0947)
(0.1272)
(0.0623)
G3(0.4890)
(0.3017)
(-0.1043)
G4(2.0747)
(0.9312)
(-0.2006)
A1(3.9709)
(12.8708)
(2.1172)
A2(7.4986)
(9.2177)
(7.6423)
A3(1.8483)
(9.1459)
(-2.8874)
A4(-1.3216)
(0.8140)
(-14.4945)
G1(-0.1719)
(-2.1604)
(-0.3528)
G2(-3.8073)
(-1.2074)
(0.4363)
G3(-0.2352)
(-0.4608)
(0.2320)
G4(2.1907)
(0.9951)
(1.9699)
A1(-0.8526)
(9.3549)
(1.1304)
A2(8.3941)
(9.1123)
(6.4117)
A3(6.6846)
(8.1163)
(-4.0845)
A4(9.2225)
(1.7430)
(-13.0628)
G1(0.1873)
(-2.4610)
(-0.1399)
G2(-4.9332)
(-1.6357)
(1.6059)
G3(-0.1857)
(-0.8844)
(0.1261)
G4(2.5919)
(2.5302)
(4.2622)
A1(-0.9341)
(10.7009)
(0.1054)
A2(11.0421)
(8.0493)
(6.6559)
A3(4.7597)
(7.8482)
(-4.1180)
A4(5.6695)
(-2.9544)
(-5.1763)
G1(-0.0772)
(-0.9509)
(-0.7599)
G2(-3.8195)
(-2.4775)
(2.4062)
G3(-0.3501)
(-1.0195)
(-0.1032)
G4(1.7719)
(4.8571)
(3.5965)
A1(0.7377)
(10.9979)
(5.5660)
A2(10.2903)
(9.2512)
(4.1803)
A3(1.6472)
(8.3606)
(-4.9321)
A4(4.9991)
(-6.8283)
(-3.6105)
G1(0.3565)
(-0.4624)
(-0.4927)
G2(-2.7521)
(-3.2549)
(2.3237)
G3(-0.7423)
(-1.6879)
(-0.1548)
G4(0.4273)
(5.0529)
(3.4327)
A1(-2.3950)
(7.5874)
(4.6607)
A2(8.7340)
(4.3431)
(3.7014)
A3(2.8252)
(7.9631)
(-1.4126)
A4(5.0709)
(-8.2839)
(-7.1395)
G1(-0.3054)
(-0.6492)
(-0.1346)
G2(-0.2692)
(-3.0400)
(2.5180)
G3(-1.3750)
(-2.4977)
(-0.0580)
G4(-1.3127)
(0.2820)
(4.0441)
A1(-13.8097)
(5.3122)
(1.3029)
A2(6.5027)
(3.7781)
(1.6568)
A3(-3.6248)
(9.8354)
(1.3503)
A4(6.0573)
(3.3567)
(3.8547)
G1(0.0372)
(-0.6364)
(0.0362)
G2(0.8780)
(-2.2961)
(1.9507)
G3(-1.0435)
(-2.1870)
(-0.2464)
G4(-1.0185)
(-3.2730)
(3.5630)
A1(-0.3114)
(9.8723)
(4.0141)
A2(8.2648)
(5.0661)
(1.4222)
A3(-12.7515)
(11.6789)
(-5.0996)
A4(22.9700)
(13.6805)
(-12.9287)
G1(0.3166)
(-0.1415)
(0.2134)
G2(4.8146)
(-4.1888)
(1.7320)
G3(0.1469)
(1.4090)
(-0.5587)
G4(0.5720)
(-3.6343)
(-0.5635)
A1(-2.7447)
(9.3837)
(2.7303)
A2(-2.4181)
(-1.8340)
(5.9280)
A3(0.6033)
(9.4044)
(-2.6240)
A4(2.0446)
(1.7573)
(-5.5881)
G1(0.4044)
(0.6949)
(0.3916)
G2(4.1792)
(-2.7627)
(0.4353)
G3(-0.1474)
(-0.7072)
(0.6039)
G4(-2.2476)
(-0.1857)
(-0.9418)
A1(-0.6323)
(8.7754)
(2.5579)
A2(15.6964)
(4.2521)
(-9.6343)
A3(1.1732)
(8.0685)
(-4.7836)
A4(-4.5490)
(-1.6712)
(-3.6631)
G1(0.5859)
(0.6470)
(0.1655)
G2(-2.1375)
(4.0669)
(-0.7976)
G3(0.2150)
(1.5011)
(-0.0149)
G4(-0.9892)
(-1.6437)
(-2.6888)
A1(-0.5030)
(9.1202)
(2.4094)
A2(7.1299)
(-5.3151)
(-2.1883)
A3(-0.0096)
(8.6957)
(-3.3950)
A4(15.4474)
(-1.4700)
(-5.7652)
G1(0.3868)
(0.1745)
(-0.1575)
G2(-0.8200)
(-4.7991)
(-0.3299)
G3(-0.0335)
(0.4337)
(0.2107)
G4(0.1538)
(0.0101)
(-4.5932)
A1(-0.8718)
(11.9847)
(-0.3161)
A2(8.8059)
(0.4022)
(-0.2586)
A3(2.1117)
(9.8976)
(-0.4405)
A4(9.1698)
(0.0814)
(-7.0725)
G1(0.1256)
(0.0654)
(0.2932)
G2(-1.5740)
(3.5614)
(-1.6942)
G3(0.3065)
(-1.8273)
(0.8902)
G4(-0.0468)
(-1.4660)
(-3.4108)
A1(-0.9053)
(9.8340)
(-0.1006)
A2(11.7364)
(1.0199)
(0.1484)
A3(2.1979)
(9.9359)
(-1.1588)
A4(7.1539)
(1.0726)
(-7.4555)
G1(0.4033)
(-0.1101)
(0.1197)
G2(-0.8328)
(2.4483)
(-1.6724)
G3(0.5859)
(-0.4613)
(0.2607)
G4(-0.3209)
(-1.6011)
(-2.4264)
A1(-2.5723)
(9.3645)
(0.3066)
A2(8.2935)
(4.0031)
(1.7238)
A3(1.3216)
(8.8777)
(-4.1755)
A4(3.0789)
(4.0223)
(-8.6143)
G1(0.2708)
(0.1825)
(0.0122)
G2(0.3022)
(2.3706)
(-1.6118)
G3(0.1857)
(0.4225)
(-0.0516)
G4(-1.5421)
(-1.2031)
(-1.8491)
A1(-1.4322)
(9.9489)
(-0.5988)
A2(9.7300)
(4.8890)
(1.4078)
A3(0.5794)
(8.8202)
(-3.1987)
A4(0.5650)
(4.3574)
(-8.4994)
G1(0.3879)
(0.7700)
(-0.0857)
G2(0.9232)
(1.8496)
(-1.8055)
G3(0.1985)
(0.3847)
(-0.1666)
G4(-1.5335)
(-2.0492)
(-0.9615)
A1(-3.7554)
(10.0782)
(1.1496)
A2(7.6471)
(5.2385)
(-0.1867)
A3(1.4365)
(8.6670)
(-2.8778)
A4(7.7045)
(11.9566)
(-9.4332)
G1(0.3267)
(1.4787)
(-0.3288)
G2(0.6731)
(0.6683)
(-2.4839)
G3(0.1570)
(1.3015)
(-0.4310)
G4(-2.1210)
(-2.1013)
(-0.8705)
