A1(1.5089)
(7.4868)
(4.6080)
A2(1.8148)
(9.3757)
(-0.6225)
A3(1.9489)
(9.6678)
(-0.8380)
A4(-0.3783)
(10.7164)
(0.2490)
G1(-1.7725)
(0.0793)
(0.1101)
G2(0.0654)
(0.4603)
(0.0452)
G3(0.3326)
(-0.3448)
(0.1900)
G4(0.1490)
(0.2368)
(-0.1644)
A1(-1.2454)
(10.3082)
(-1.6095)
A2(2.6288)
(9.1794)
(0.0670)
A3(1.5897)
(8.1116)
(-3.9696)
A4(2.6863)
(12.3301)
(-2.8108)
G1(-0.3709)
(-2.2359)
(-0.1112)
G2(0.0341)
(0.1777)
(0.0628)
G3(0.7056)
(-0.2485)
(0.3608)
G4(1.1073)
(-0.3469)
(-0.4672)
A1(1.7627)
(11.5057)
(-2.0549)
A2(3.5291)
(8.8442)
(-2.0446)
A3(1.9824)
(6.8618)
(-7.1060)
A4(10.7787)
(21.4473)
(-3.2274)
G1(-0.6188)
(-1.8720)
(-0.5614)
G2(0.2719)
(0.1809)
(0.1676)
G3(0.5007)
(-1.0467)
(0.3288)
G4(1.7528)
(0.7785)
(-1.1009)
A1(1.1927)
(9.5465)
(5.8630)
A2(6.3398)
(7.4795)
(4.1180)
A3(5.0709)
(6.7181)
(-5.9951)
A4(0.9673)
(17.0802)
(-13.2016)
G1(-0.3911)
(-2.4999)
(-0.9924)
G2(-3.0272)
(-0.4704)
(0.0027)
G3(-0.1011)
(-0.8381)
(-0.0580)
G4(0.8599)
(1.0009)
(1.6841)
A1(1.0921)
(11.6542)
(1.5759)
A2(10.0652)
(12.8569)
(5.1236)
A3(2.1739)
(9.9311)
(-4.3335)
A4(-2.1787)
(4.1707)
(-12.9047)
G1(-0.5662)
(-2.3945)
(-0.1958)
G2(-3.8296)
(-2.1130)
(0.5337)
G3(-0.2655)
(-1.3079)
(0.2559)
G4(1.3542)
(1.1983)
(1.7703)
A1(-0.5988)
(13.5175)
(5.4367)
A2(3.6344)
(13.8624)
(10.3956)
A3(2.4086)
(8.4707)
(-4.5203)
A4(-0.6177)
(-3.2992)
(-8.7293)
G1(0.5401)
(-1.3218)
(-1.4793)
G2(-3.8296)
(-1.6639)
(2.5132)
G3(-0.5263)
(-1.4543)
(0.0649)
G4(3.1469)
(3.4279)
(5.7500)
A1(-5.6906)
(2.8644)
(3.2955)
A2(13.7331)
(9.1171)
(7.7812)
A3(3.7828)
(7.0198)
(-5.9855)
A4(1.4892)
(-5.9664)
(-3.5626)
G1(0.2203)
(-1.3500)
(0.0931)
G2(-4.3506)
(-0.6486)
(2.9692)
G3(-1.1387)
(-1.1712)
(-0.0165)
G4(2.7845)
(5.2355)
(4.7587)
A1(4.2296)
(10.5381)
(4.3015)
A2(9.6582)
(4.6400)
(7.2018)
A3(-4.8842)
(9.4571)
(0.2538)
A4(4.5873)
(-11.2432)
(3.5386)
G1(0.2203)
(-0.0814)
(0.1123)
G2(-2.7420)
(-3.9786)
(1.8166)
G3(-0.9684)
(-1.4899)
(-0.4422)
G4(-0.7976)
(3.4428)
(3.2533)
A1(-17.3352)
(5.0056)
(-3.9901)
A2(5.3056)
(2.2984)
(-1.5897)
A3(1.4461)
(9.6486)
(0.2155)
A4(3.5530)
(9.9742)
(-15.6724)
G1(0.0681)
(2.1263)
(0.2097)
G2(2.0002)
(-3.4486)
(2.1173)
G3(-0.7609)
(-1.8172)
(-0.1889)
G4(0.2884)
(1.0397)
(-0.6332)
A1(13.6612)
(11.5200)
(5.0918)
A2(11.6789)
(0.3448)
(2.6911)
A3(-7.2544)
(10.5393)
(-0.4405)
A4(7.7907)
(-39.2410)
(-16.0220)
G1(0.1426)
(-0.8583)
(-0.3927)
G2(3.7157)
(-3.3598)
(0.8881)
G3(-0.0319)
(0.1884)
(-0.4055)
G4(0.6715)
(11.5740)
(-7.0255)
A1(-5.9540)
(11.1991)
(3.3770)
A2(5.3439)
(-3.2944)
(7.7285)
A3(4.0606)
(11.2527)
(2.0399)
A4(8.5329)
(2.0016)
(-4.9273)
G1(0.2011)
(2.2636)
(0.4661)
G2(3.0118)
(-0.9945)
(0.3129)
G3(-0.5577)
(-2.6180)
(0.9248)
G4(-2.7297)
(-1.9422)
(1.1770)
A1(2.6728)
(10.2603)
(1.1209)
A2(6.8714)
(-12.9143)
(2.0303)
A3(-5.1380)
(10.8888)
(0.3879)
A4(7.0916)
(2.4900)
(-1.5371)
G1(0.6997)
(0.7636)
(0.3246)
G2(-4.2771)
(8.5298)
(-1.4851)
G3(0.5821)
(1.3553)
(0.0681)
G4(-0.0740)
(-0.6359)
(-1.1020)
A1(-1.6717)
(9.6759)
(1.7963)
A2(6.9432)
(-0.8763)
(7.2736)
A3(1.5467)
(8.7436)
(-2.3128)
A4(13.8624)
(-1.7813)
(-3.4237)
G1(0.3182)
(1.4915)
(0.1655)
G2(0.0495)
(-6.1060)
(0.4544)
G3(-0.0074)
(0.8684)
(0.0633)
G4(1.7608)
(-1.8459)
(-2.7191)
A1(-1.9208)
(9.2304)
(0.7329)
A2(11.3342)
(0.9577)
(-1.7813)
A3(1.6089)
(8.8059)
(-2.6145)
A4(8.2265)
(0.5363)
(-6.6990)
G1(0.3608)
(-0.0921)
(0.1735)
G2(-0.9541)
(4.1851)
(-1.9284)
G3(0.2395)
(1.5282)
(-0.0021)
G4(0.2166)
(-2.5430)
(-3.3752)
A1(-1.5855)
(10.3944)
(1.7244)
A2(10.5010)
(1.3599)
(1.1875)
A3(2.0494)
(8.7915)
(-2.7773)
A4(3.7110)
(4.2329)
(-7.7381)
G1(0.2496)
(1.1244)
(0.1607)
G2(-0.2506)
(0.5827)
(-1.7405)
G3(0.1932)
(0.8886)
(0.1181)
G4(-0.4640)
(-2.3615)
(-3.2278)
A1(1.3460)
(9.9777)
(1.2933)
A2(7.5465)
(3.3040)
(1.3024)
A3(1.1253)
(9.0118)
(-2.9880)
A4(3.7254)
(8.4228)
(-9.2512)
G1(0.2054)
(0.7338)
(0.0415)
G2(0.1995)
(2.2998)
(-2.4999)
G3(0.0330)
(0.4140)
(0.0639)
G4(-0.7960)
(-1.9247)
(-1.9901)
A1(0.4598)
(9.2160)
(0.2826)
A2(6.9863)
(5.3151)
(4.1372)
A3(3.0358)
(8.7580)
(-2.5570)
A4(4.6208)
(7.1874)
(-8.7676)
G1(0.1799)
(0.0905)
(-0.3704)
G2(0.6848)
(3.0596)
(-2.6739)
G3(0.0229)
(0.5619)
(-0.0553)
G4(-0.9264)
(-2.0114)
(-1.1334)
A1(0.2539)
(10.6722)
(-0.5700)
A2(10.4100)
(6.0908)
(4.9225)
A3(2.4517)
(8.9304)
(-2.0063)
A4(5.7700)
(10.8218)
(-8.0924)
G1(-0.0740)
(0.1070)
(-0.0048)
G2(1.6208)
(0.6502)
(-2.3221)
G3(0.2081)
(0.3890)
(-0.0106)
G4(-0.6721)
(-1.6235)
(-0.0165)
A1(-0.4503)
(9.6184)
(0.0910)
A2(6.1004)
(8.4515)
(5.8706)
A3(1.4461)
(9.2751)
(-2.7007)
A4(2.6240)
(10.5058)
(-7.2688)
G1(0.4784)
(0.8179)
(-0.3209)
G2(1.3159)
(-0.1043)
(-2.3972)
G3(0.2160)
(0.3858)
(-0.1000)
G4(-1.0233)
(-1.5032)
(-0.1836)
A1(-0.9772)
(10.4423)
(-0.6562)
A2(7.7285)
(8.9352)
(3.1173)
A3(1.5467)
(9.3709)
(-3.0215)
A4(1.1013)
(8.8681)
(-5.3486)
G1(-0.4363)
(0.5869)
(0.0559)
G2(1.8395)
(0.5135)
(-1.7427)
G3(0.1538)
(0.5843)
(-0.2118)
G4(-1.2244)
(-0.7194)
(-0.4028)
