A1(-0.6131)
(8.0042)
(3.6931)
A2(-0.6943)
(9.5337)
(0.1676)
A3(-2.3463)
(9.8593)
(-2.1835)
A4(-0.0910)
(10.9080)
(1.6664)
G1(-0.8934)
(1.1978)
(0.3767)
G2(-0.0984)
(0.1485)
(0.0176)
G3(0.2464)
(0.6806)
(-0.3086)
G4(0.8200)
(-0.3719)
(0.1277)
A1(-5.3696)
(2.7543)
(3.5829)
A2(0.0335)
(9.0166)
(0.7709)
A3(-2.3990)
(10.1514)
(-3.5291)
A4(-1.1444)
(4.2617)
(-10.6734)
G1(-2.2806)
(3.8030)
(0.0218)
G2(0.0889)
(-0.5098)
(0.1368)
G3(0.6236)
(2.3865)
(-0.9982)
G4(1.3904)
(0.4012)
(-0.2464)
A1(-7.7886)
(10.5668)
(12.7223)
A2(-0.7422)
(8.1403)
(2.5762)
A3(-5.3199)
(9.5433)
(4.2952)
A4(4.7262)
(7.1970)
(-6.5027)
G1(-3.2464)
(2.9138)
(-0.7513)
G2(-0.8801)
(-0.7274)
(0.2836)
G3(1.3149)
(3.5540)
(-1.9273)
G4(1.0626)
(1.2510)
(-0.9333)
A1(-16.7747)
(15.6155)
(13.5654)
A2(-5.5306)
(7.2257)
(4.5059)
A3(-7.4460)
(11.9854)
(-9.5912)
A4(-6.6942)
(9.3948)
(-9.6917)
G1(-3.2991)
(1.7464)
(-3.0283)
G2(-1.6150)
(0.1304)
(1.2526)
G3(1.7895)
(2.0295)
(-1.2255)
G4(-0.5082)
(1.3324)
(-0.0543)
A1(-6.4953)
(10.6674)
(3.5542)
A2(-1.9441)
(13.4602)
(0.6608)
A3(-6.0094)
(4.1515)
(-18.8136)
A4(-16.0459)
(12.3780)
(-4.1899)
G1(-0.4491)
(6.4747)
(-1.6272)
G2(-0.8477)
(0.6635)
(1.6506)
G3(1.7677)
(-3.6306)
(-0.5805)
G4(-0.8210)
(2.9511)
(-1.6825)
A1(-5.1206)
(5.7097)
(-4.8236)
A2(-2.7294)
(12.1530)
(6.8331)
A3(-8.5712)
(-1.6472)
(-13.9965)
A4(-0.1628)
(-1.1684)
(-8.2265)
G1(4.8827)
(6.6200)
(-1.2494)
G2(-0.0889)
(1.6389)
(1.1983)
G3(4.1116)
(-2.6361)
(-7.2319)
G4(-1.8720)
(4.4000)
(-2.3083)
A1(-8.4640)
(13.4408)
(-2.2417)
A2(-2.2936)
(17.0228)
(5.1811)
A3(-9.4523)
(-17.1952)
(-3.2561)
A4(4.7214)
(18.8472)
(9.3087)
G1(6.5359)
(-1.9901)
(-1.6315)
G2(-1.0020)
(5.1407)
(1.3058)
G3(0.9099)
(-3.2688)
(-4.1813)
G4(-1.0695)
(2.7579)
(0.0782)
A1(15.2467)
(-3.1423)
(13.2157)
A2(4.8028)
(14.4466)
(11.7268)
A3(-7.5034)
(-9.9120)
(-16.9988)
A4(4.4628)
(8.5090)
(-1.0104)
G1(-10.6981)
(-4.6177)
(-5.5169)
G2(-0.0101)
(5.1030)
(0.6066)
G3(1.0419)
(-1.3537)
(-3.9020)
G4(-0.2927)
(-1.3548)
(1.0270)
A1(11.1368)
(5.7959)
(21.6893)
A2(3.4764)
(2.4038)
(5.9041)
A3(13.9055)
(-75.8387)
(-70.9737)
A4(-2.5570)
(9.9455)
(-2.4995)
G1(-2.8926)
(6.2858)
(2.6856)
G2(0.7008)
(0.4401)
(-0.5284)
G3(-6.3683)
(-6.0884)
(1.3015)
G4(0.3278)
(2.8670)
(-0.0261)
A1(-13.3163)
(11.2135)
(8.0137)
A2(-11.4826)
(16.2566)
(5.6743)
A3(-3.1173)
(0.8475)
(7.1730)
A4(-0.4262)
(9.0836)
(-2.5953)
G1(-3.7078)
(-5.7197)
(2.3317)
G2(0.1086)
(1.0871)
(1.2627)
G3(2.3158)
(1.8789)
(0.0474)
G4(0.3640)
(0.3730)
(0.2086)
A1(-8.2149)
(10.2698)
(-5.6954)
A2(7.1778)
(2.8156)
(0.3735)
A3(3.8738)
(-13.1298)
(-4.9752)
A4(-1.2306)
(8.7628)
(-3.3519)
G1(-2.2594)
(-1.1547)
(1.5022)
G2(-0.0096)
(2.2029)
(-0.0404)
G3(0.5518)
(1.9044)
(1.3266)
G4(0.4209)
(0.4581)
(0.3560)
A1(-9.3454)
(12.1092)
(8.7897)
A2(-6.8618)
(9.6582)
(4.7070)
A3(-6.2297)
(-5.9041)
(-2.3942)
A4(-0.2682)
(7.8003)
(-6.3782)
G1(0.6742)
(-7.1207)
(2.7255)
G2(0.3821)
(0.6710)
(0.4475)
G3(2.8436)
(5.4552)
(3.0437)
G4(-0.0452)
(-0.9897)
(0.6742)
A1(7.7886)
(4.8571)
(38.9047)
A2(2.3032)
(13.3884)
(4.8507)
A3(-5.3391)
(-11.9519)
(-3.6727)
A4(-0.2634)
(9.9647)
(-0.9290)
G1(5.3648)
(-0.7657)
(1.6464)
G2(0.3634)
(-2.5345)
(-0.3602)
G3(-8.5064)
(6.7616)
(-0.4677)
G4(0.2841)
(-0.2943)
(0.5193)
A1(-3.3051)
(8.7849)
(4.7469)
A2(-0.2634)
(8.5569)
(3.1939)
A3(11.2097)
(-12.0428)
(-4.9368)
A4(1.2594)
(10.6590)
(0.1963)
G1(5.3105)
(-4.5022)
(2.2258)
G2(0.8551)
(-1.6703)
(-0.5076)
G3(-7.3208)
(-0.3714)
(0.8418)
G4(0.8477)
(-0.5582)
(0.8062)
A1(-15.8838)
(25.4543)
(43.4983)
A2(-2.3703)
(4.8267)
(5.8275)
A3(-1.4030)
(29.1710)
(29.0417)
A4(5.2912)
(12.9191)
(-6.3973)
G1(3.6748)
(-3.5114)
(-0.8189)
G2(0.6417)
(-0.8998)
(0.0633)
G3(-1.8400)
(1.1595)
(0.0654)
G4(1.4766)
(-1.1706)
(1.4324)
A1(5.8917)
(18.7722)
(-2.8213)
A2(3.8211)
(7.4508)
(4.7357)
A3(-23.9133)
(21.5382)
(13.3118)
A4(3.0981)
(2.7054)
(-12.5073)
G1(0.2512)
(-2.5791)
(0.0803)
G2(0.4417)
(-1.3271)
(0.5188)
G3(-2.2386)
(-2.3754)
(0.1655)
G4(0.9860)
(-2.1513)
(2.7553)
A1(-5.3936)
(7.9323)
(-0.5365)
A2(3.1220)
(15.4905)
(-3.0454)
A3(7.5322)
(2.9305)
(-9.9886)
A4(5.1667)
(8.4372)
(-7.3358)
G1(0.4832)
(0.3597)
(0.2027)
G2(-1.4106)
(-0.6497)
(0.8673)
G3(-0.1697)
(-1.4793)
(0.1745)
G4(-1.6426)
(-0.2767)
(0.7960)
A1(-1.6334)
(9.9441)
(2.3375)
A2(-1.8579)
(9.7731)
(2.5618)
A3(-0.5219)
(8.6095)
(-2.2745)
A4(-11.7076)
(12.3924)
(-9.7205)
G1(0.4970)
(0.2927)
(-0.4651)
G2(1.0515)
(-2.9335)
(-0.4603)
G3(-0.3634)
(-1.0717)
(-0.0383)
G4(-0.9360)
(-0.4853)
(-0.3852)
A1(-3.0273)
(9.2017)
(-0.0527)
A2(6.4260)
(6.1818)
(0.0048)
A3(-1.1732)
(8.5569)
(-2.1452)
A4(7.4412)
(0.0239)
(-4.2569)
G1(0.4204)
(-0.4475)
(-0.3368)
G2(0.3645)
(-0.4220)
(-0.3943)
G3(-0.2575)
(-0.5550)
(0.0144)
G4(-1.0435)
(1.5437)
(-1.1302)
A1(-1.0394)
(8.7706)
(-0.6467)
A2(-3.3327)
(8.3270)
(1.0439)
A3(-1.3503)
(9.1842)
(-2.9305)
A4(4.2521)
(9.2943)
(-6.5122)
G1(0.3193)
(0.7588)
(-0.1016)
G2(0.0830)
(1.1265)
(-0.6268)
G3(-0.2203)
(0.4512)
(-0.2501)
G4(-0.8312)
(-0.0431)
(-0.5773)
