A1(-1.6142)
(12.6505)
(11.5967)
A2(-0.2203)
(7.6758)
(1.7861)
A3(-14.7770)
(16.4338)
(2.5091)
A4(-0.8188)
(9.9982)
(-8.3989)
G1(-3.5130)
(2.2764)
(-1.4255)
G2(-1.6006)
(-0.4970)
(0.3081)
G3(1.2707)
(1.8161)
(-1.4165)
G4(0.0154)
(0.6284)
(-0.0910)
A1(-14.2264)
(15.1365)
(3.0513)
A2(-2.5235)
(13.8145)
(-1.2929)
A3(-2.1261)
(20.7434)
(-15.3181)
A4(-2.8826)
(8.1594)
(-7.1682)
G1(-2.0226)
(6.0155)
(-3.6444)
G2(-1.7310)
(4.5171)
(1.3063)
G3(2.2695)
(-1.2441)
(-0.8753)
G4(-0.4486)
(0.8141)
(0.0926)
A1(-2.4190)
(11.2087)
(-1.1065)
A2(4.5107)
(9.3087)
(-2.0016)
A3(-17.6932)
(-0.3591)
(-14.9302)
A4(-4.0031)
(9.0932)
(-8.1307)
G1(1.5330)
(3.8115)
(-3.3241)
G2(0.6827)
(-0.5518)
(1.2223)
G3(2.7383)
(-3.0559)
(-0.8615)
G4(-0.6768)
(0.7524)
(0.3986)
A1(0.8909)
(11.9751)
(8.1766)
A2(-4.0414)
(12.9574)
(6.8570)
A3(0.4549)
(-13.3357)
(-3.6966)
A4(-0.9673)
(9.7588)
(-0.8188)
G1(4.9199)
(5.6675)
(-3.5141)
G2(-0.3799)
(2.0587)
(0.4204)
G3(3.4108)
(-5.1769)
(-3.5274)
G4(-0.9323)
(-0.5555)
(0.8051)
A1(-3.4201)
(2.7782)
(6.1887)
A2(-2.4995)
(10.9798)
(5.2050)
A3(-11.9902)
(-10.1849)
(-6.0669)
A4(1.9680)
(8.6718)
(-2.5953)
G1(4.3575)
(-1.7565)
(-1.5649)
G2(-0.1213)
(4.0728)
(0.1469)
G3(-1.6096)
(-4.9960)
(-2.3610)
G4(-0.7029)
(0.7588)
(0.4832)
A1(-9.0675)
(-4.4547)
(3.4967)
A2(-9.7300)
(5.0805)
(1.5419)
A3(5.4731)
(4.5777)
(-0.0910)
A4(5.8754)
(10.1418)
(-0.6608)
G1(-2.2801)
(-3.1586)
(1.2191)
G2(0.6550)
(-1.6655)
(0.3911)
G3(-0.0740)
(0.7231)
(-0.3863)
G4(-0.0325)
(-0.9988)
(0.1671)
A1(-8.6077)
(-0.5604)
(2.8165)
A2(4.0270)
(5.6503)
(1.9297)
A3(4.5011)
(1.9106)
(14.4083)
A4(-2.5570)
(9.1554)
(-3.9600)
G1(-0.8519)
(2.5307)
(0.7082)
G2(0.4124)
(0.4166)
(-0.8296)
G3(2.1684)
(1.6772)
(2.9761)
G4(0.0798)
(0.6231)
(-0.2900)
A1(-4.6032)
(1.7484)
(-3.3147)
A2(2.4756)
(9.8497)
(3.1268)
A3(-6.8378)
(-6.0717)
(0.1484)
A4(-1.0439)
(10.0030)
(-0.4501)
G1(-0.6141)
(-2.2971)
(1.7373)
G2(-0.3757)
(-0.8349)
(-0.1000)
G3(-1.7842)
(1.4537)
(0.0819)
G4(0.0580)
(0.0096)
(-0.2299)
A1(-11.1368)
(5.1062)
(0.0719)
A2(4.4053)
(11.4874)
(3.5530)
A3(0.3879)
(-1.4940)
(-0.2873)
A4(0.5842)
(9.2512)
(-4.0175)
G1(-0.2863)
(0.0426)
(2.1210)
G2(0.3368)
(0.3767)
(-0.2879)
G3(-0.0479)
(1.8188)
(2.9538)
G4(0.3097)
(-0.4534)
(-0.0511)
A1(-6.7971)
(4.3062)
(-1.2215)
A2(-0.4405)
(7.9344)
(3.9792)
A3(-12.6988)
(-1.6616)
(-4.4915)
A4(-0.2538)
(8.6670)
(-4.7262)
G1(-0.0591)
(0.3076)
(2.2987)
G2(0.3874)
(-0.1979)
(-0.3533)
G3(1.5144)
(1.6735)
(1.4293)
G4(0.1985)
(-0.2336)
(-0.1554)
A1(-6.4857)
(6.1696)
(4.1099)
A2(0.5076)
(9.2416)
(1.5131)
A3(-7.4077)
(-3.3471)
(-5.9664)
A4(1.9776)
(9.2560)
(-3.8211)
G1(0.4539)
(-1.0115)
(2.0550)
G2(0.2395)
(-0.6263)
(-0.2847)
G3(-0.8652)
(2.7313)
(1.6219)
G4(0.0569)
(-0.2570)
(-0.1916)
A1(-8.2676)
(7.6449)
(-0.4167)
A2(0.3926)
(10.5201)
(0.9625)
A3(-8.8155)
(0.4932)
(-4.9129)
A4(-0.3208)
(8.9735)
(-3.9552)
G1(0.6423)
(-1.2015)
(2.2817)
G2(0.3980)
(-0.2895)
(-0.2054)
G3(-1.8470)
(3.5582)
(1.3308)
G4(0.0559)
(-0.5491)
(-0.0223)
A1(-5.3409)
(9.7813)
(3.3291)
A2(1.7861)
(9.4571)
(0.8236)
A3(-5.7126)
(3.4668)
(-9.3470)
A4(1.4030)
(9.4140)
(-4.1563)
G1(2.1657)
(-0.8599)
(1.8273)
G2(0.3608)
(0.0223)
(-0.3714)
G3(-3.8887)
(2.5233)
(1.6964)
G4(-0.1128)
(-0.7790)
(-0.0330)
A1(-4.6894)
(9.9633)
(1.6765)
A2(-0.0766)
(10.3860)
(1.2881)
A3(-6.8666)
(10.7739)
(-6.5314)
A4(-1.3024)
(9.8067)
(-2.9018)
G1(0.9626)
(-0.7503)
(1.4319)
G2(0.4092)
(-0.6891)
(-0.1948)
G3(-3.0426)
(1.3367)
(1.6229)
G4(0.1027)
(0.1676)
(-0.1442)
A1(-5.6139)
(9.5705)
(3.6500)
A2(0.5267)
(8.7676)
(-0.2969)
A3(-3.8451)
(10.9894)
(-4.6735)
A4(-0.5986)
(9.2847)
(-3.7637)
G1(1.6070)
(-0.5667)
(1.1270)
G2(0.3895)
(-0.4284)
(-0.0559)
G3(-1.5442)
(0.6742)
(1.5048)
G4(0.2219)
(-0.0452)
(-0.0436)
A1(-5.4319)
(9.5274)
(1.1017)
A2(-0.7326)
(8.7293)
(1.7717)
A3(-6.8953)
(11.2527)
(-0.6752)
A4(0.2107)
(8.7867)
(-4.6256)
G1(0.1022)
(-1.0983)
(-0.1990)
G2(0.1836)
(0.2331)
(0.0032)
G3(-1.3191)
(1.0908)
(0.4358)
G4(0.0431)
(-0.3565)
(0.0873)
A1(-3.0800)
(9.5226)
(0.4263)
A2(-0.0287)
(9.8162)
(0.7805)
A3(-7.8099)
(9.3134)
(-1.0726)
A4(-1.8962)
(9.0166)
(-4.8028)
G1(-0.0101)
(-0.4310)
(-0.0889)
G2(-0.1048)
(0.8945)
(-0.1799)
G3(0.1485)
(0.3363)
(0.8040)
G4(0.0053)
(-0.1623)
(0.1288)
A1(-1.3604)
(9.5418)
(-0.0048)
A2(1.0391)
(9.2129)
(-0.6847)
A3(-1.5706)
(9.3039)
(-2.9401)
A4(-0.2729)
(8.9304)
(-4.4341)
G1(0.0090)
(-0.0250)
(0.4326)
G2(0.1713)
(-0.3475)
(-0.1783)
G3(0.2512)
(0.1990)
(-0.3837)
G4(-0.0974)
(0.1815)
(-0.0112)
A1(-1.9974)
(9.3885)
(0.0814)
A2(-2.2793)
(9.3996)
(-1.3838)
A3(0.6129)
(8.5808)
(-4.7166)
A4(-0.3112)
(9.2129)
(-4.1324)
G1(-0.3161)
(0.1942)
(0.2517)
G2(0.4480)
(-0.4794)
(-0.0782)
G3(0.1926)
(-0.3868)
(0.0192)
G4(-0.1213)
(-0.0527)
(0.0958)
A1(-1.2598)
(9.9585)
(0.8670)
A2(-0.5028)
(9.1889)
(-1.4461)
A3(-3.2753)
(9.0932)
(-3.5243)
A4(0.3160)
(9.4571)
(-4.3862)
G1(0.3906)
(-0.1873)
(-0.0394)
G2(0.2841)
(0.3661)
(-0.0617)
G3(-0.0277)
(-0.3677)
(0.2485)
G4(-0.2187)
(-0.3533)
(0.0372)
