A1(1.7915)
(9.4268)
(1.5472)
A2(4.0031)
(6.9959)
(3.1747)
A3(4.9752)
(7.1251)
(-6.6942)
A4(-2.4995)
(16.1561)
(-11.6310)
G1(-0.3863)
(-1.3931)
(-0.7769)
G2(-1.9853)
(-0.2682)
(0.1229)
G3(0.3938)
(0.0452)
(-0.1490)
G4(1.2185)
(0.4438)
(2.4286)
A1(6.2414)
(13.7666)
(3.8129)
A2(8.4707)
(9.8785)
(7.2736)
A3(1.2163)
(10.6350)
(-1.7047)
A4(-5.9616)
(5.3726)
(-12.4068)
G1(-0.6300)
(-1.6884)
(0.1830)
G2(-4.0222)
(-0.4289)
(0.9168)
G3(0.1580)
(-0.3959)
(-0.0442)
G4(3.0256)
(0.5816)
(2.1258)
A1(-3.6692)
(9.5753)
(0.7281)
A2(5.2194)
(14.7435)
(8.5617)
A3(3.3615)
(8.3893)
(-4.9943)
A4(1.2594)
(-2.1596)
(-8.3701)
G1(-0.0239)
(-3.8583)
(-0.9684)
G2(-3.5444)
(-2.0758)
(2.7372)
G3(-0.0287)
(-0.8727)
(-0.3501)
G4(2.9389)
(3.5886)
(5.4270)
A1(-0.8335)
(9.3118)
(2.1986)
A2(11.6981)
(7.7476)
(9.4092)
A3(3.3136)
(8.1116)
(-3.7493)
A4(3.2034)
(-4.4053)
(-3.9121)
G1(-0.3060)
(-0.3427)
(-0.8333)
G2(-4.5283)
(-2.8138)
(1.9018)
G3(-0.3342)
(-1.1015)
(-0.1666)
G4(1.8390)
(4.6379)
(4.0180)
A1(-1.0969)
(11.8410)
(2.0932)
A2(9.7636)
(6.5505)
(6.4117)
A3(0.4549)
(8.8155)
(-3.3806)
A4(6.5649)
(-6.0956)
(0.5267)
G1(0.0043)
(-1.3431)
(-0.4528)
G2(-3.2842)
(-3.7918)
(2.2870)
G3(-0.5811)
(-1.5288)
(-0.2315)
G4(0.5444)
(4.7161)
(4.0909)
A1(-1.7532)
(3.8225)
(4.4212)
A2(6.7612)
(6.1914)
(4.5346)
A3(2.4325)
(8.3558)
(-3.9887)
A4(1.1827)
(-10.6255)
(-1.5275)
G1(0.8062)
(-1.0770)
(-0.0894)
G2(-1.7773)
(-3.7769)
(2.0002)
G3(-0.7205)
(-1.5490)
(-0.1995)
G4(0.2474)
(2.3525)
(2.6946)
A1(-10.3465)
(10.3800)
(5.9636)
A2(9.6055)
(-0.1772)
(2.2075)
A3(-5.2194)
(10.8074)
(3.1029)
A4(-4.8794)
(119.6814)
(-12.9095)
G1(-1.2686)
(-0.3464)
(0.2416)
G2(1.5516)
(-3.9286)
(2.1567)
G3(-1.0855)
(-2.8489)
(-0.0511)
G4(4.9779)
(4.6288)
(4.2761)
A1(0.9867)
(11.6063)
(6.0977)
A2(2.8970)
(2.8443)
(1.9058)
A3(-4.8459)
(11.8992)
(5.5641)
A4(8.6910)
(-74.2825)
(-7.8243)
G1(0.5555)
(-1.7922)
(-0.2410)
G2(3.4353)
(-4.5118)
(1.3973)
G3(-0.1666)
(-1.8768)
(-0.0415)
G4(-1.3979)
(5.1381)
(2.7005)
A1(-8.2772)
(8.6269)
(3.3626)
A2(0.8763)
(3.7062)
(-1.9537)
A3(-3.5578)
(9.2751)
(-7.0677)
A4(7.1778)
(-1.8866)
(-10.1035)
G1(0.4129)
(-0.1543)
(-0.0612)
G2(5.0662)
(0.5039)
(0.1070)
G3(0.8242)
(1.1451)
(-0.0532)
G4(0.7093)
(-4.5677)
(-0.2070)
A1(-3.6931)
(7.8509)
(3.1758)
A2(31.6418)
(-1.5802)
(9.1698)
A3(2.6049)
(9.0644)
(-3.3471)
A4(-0.7422)
(-4.7980)
(-5.1858)
G1(-0.1394)
(0.7854)
(0.4401)
G2(2.1609)
(-11.4574)
(3.2869)
G3(-0.2304)
(-1.9076)
(0.5598)
G4(-2.0726)
(-0.8535)
(1.1478)
A1(-2.7878)
(10.0016)
(0.5940)
A2(30.0616)
(23.2285)
(-16.3572)
A3(1.5083)
(7.5800)
(-5.1427)
A4(8.2504)
(4.6878)
(-2.3942)
G1(0.5321)
(1.2292)
(0.2692)
G2(1.2771)
(-3.9994)
(0.1905)
G3(0.6726)
(1.8087)
(0.1022)
G4(-0.7955)
(-0.0575)
(-0.7279)
A1(-2.5483)
(8.4544)
(0.6802)
A2(13.2735)
(-9.6199)
(2.8587)
A3(0.2873)
(8.5569)
(-3.9504)
A4(0.3639)
(-2.1548)
(-2.2841)
G1(0.4363)
(1.5053)
(0.4752)
G2(-1.1073)
(-2.2881)
(-0.9578)
G3(0.3017)
(1.5016)
(0.0474)
G4(0.1644)
(-2.4147)
(-1.2819)
A1(0.8957)
(9.6663)
(1.5616)
A2(-1.5036)
(5.7317)
(9.3901)
A3(2.2697)
(8.2408)
(-3.4285)
A4(18.7562)
(-0.5076)
(-16.3428)
G1(0.0889)
(1.7629)
(0.2708)
G2(0.3358)
(-2.1072)
(-0.8556)
G3(0.1043)
(1.8289)
(-0.0431)
G4(-0.8572)
(4.7065)
(-4.9673)
A1(0.1724)
(9.1202)
(0.9867)
A2(8.0014)
(-3.9456)
(-5.7844)
A3(-0.3639)
(9.6103)
(-1.5610)
A4(7.2353)
(-3.6775)
(-4.6783)
G1(0.0740)
(0.6215)
(0.4965)
G2(-2.7345)
(3.9706)
(-1.7373)
G3(0.0958)
(1.8342)
(-0.0479)
G4(-0.7652)
(-5.2621)
(-4.3138)
A1(0.0958)
(10.9165)
(1.2981)
A2(7.0342)
(1.1636)
(0.7374)
A3(1.8100)
(8.8969)
(-3.6727)
A4(6.1148)
(3.7493)
(-8.7340)
G1(0.5310)
(0.8136)
(0.0495)
G2(-1.0903)
(0.8588)
(-2.0311)
G3(0.0239)
(0.3789)
(0.2921)
G4(-0.6369)
(-2.0140)
(-4.3804)
A1(-0.5461)
(9.1346)
(-0.3640)
A2(8.0541)
(5.3774)
(-3.0550)
A3(2.5570)
(8.4228)
(-3.1651)
A4(3.0358)
(7.6567)
(-9.3757)
G1(0.3762)
(1.2712)
(-0.0750)
G2(-2.0146)
(-1.3925)
(-2.0156)
G3(-0.0282)
(0.6768)
(0.1506)
G4(-0.8546)
(-1.0892)
(-3.4470)
A1(0.6850)
(9.7046)
(-1.0346)
A2(8.3797)
(6.3303)
(-0.2442)
A3(1.9010)
(8.7867)
(-3.6392)
A4(6.1627)
(7.4029)
(-9.5768)
G1(0.2666)
(1.4654)
(0.1469)
G2(0.0639)
(2.4137)
(-1.7363)
G3(-0.1330)
(0.4805)
(0.0452)
G4(-0.5720)
(-1.3580)
(-2.5376)
A1(0.3784)
(10.5908)
(-0.5748)
A2(8.0589)
(5.4253)
(4.5107)
A3(2.8395)
(9.5481)
(-1.3072)
A4(4.2713)
(10.1227)
(-8.9447)
G1(0.5401)
(1.0658)
(0.0117)
G2(0.4816)
(1.6331)
(-2.5201)
G3(0.0239)
(0.8551)
(-0.0873)
G4(-0.6167)
(-1.7874)
(-1.1196)
A1(-0.2874)
(10.3417)
(-1.9591)
A2(8.8729)
(7.1922)
(3.4285)
A3(2.5666)
(9.6343)
(-2.4948)
A4(6.1004)
(10.9271)
(-8.8633)
G1(0.2517)
(0.1932)
(0.0341)
G2(1.0424)
(1.2100)
(-2.3652)
G3(0.0250)
(0.5305)
(-0.0064)
G4(-1.0589)
(-1.4394)
(-0.1181)
A1(-0.0719)
(11.4242)
(2.9411)
A2(6.5793)
(8.2552)
(4.2808)
A3(2.2122)
(9.5624)
(-1.7717)
A4(1.6999)
(9.3230)
(-6.2106)
G1(1.5059)
(1.7443)
(-0.0537)
G2(1.5910)
(1.6980)
(-2.5153)
G3(0.0388)
(0.5715)
(-0.0341)
G4(-1.2366)
(-1.2404)
(0.2639)
