A1(1.3556)
(6.6629)
(-1.0921)
A2(1.0391)
(9.4667)
(1.1157)
A3(1.9010)
(9.3134)
(-2.0782)
A4(3.0789)
(8.7388)
(-4.1180)
G1(-0.1953)
(0.3272)
(0.0899)
G2(0.0000)
(0.3134)
(0.0037)
G3(0.1171)
(-0.0415)
(-0.0069)
G4(-0.2400)
(-0.1501)
(-0.0479)
A1(1.1831)
(8.9813)
(-0.7568)
A2(2.1787)
(9.7636)
(1.3455)
A3(1.1875)
(9.4044)
(-1.8387)
A4(2.6576)
(10.5536)
(0.3879)
G1(-0.9200)
(-0.5614)
(0.1602)
G2(0.1107)
(0.0106)
(0.0718)
G3(0.2187)
(-0.1346)
(0.0442)
G4(-0.0239)
(-0.5167)
(0.0192)
A1(2.1411)
(9.8627)
(-0.0144)
A2(2.4181)
(9.0118)
(0.7183)
A3(0.9577)
(9.6486)
(-1.4269)
A4(8.8298)
(13.7858)
(-4.0079)
G1(-1.4154)
(-0.7242)
(-0.0841)
G2(0.4943)
(-0.7306)
(0.2251)
G3(0.4784)
(-0.3395)
(0.0521)
G4(0.9817)
(-0.0223)
(-0.5438)
A1(-2.2992)
(7.2473)
(0.2491)
A2(3.1077)
(7.9152)
(2.4612)
A3(4.8507)
(8.0732)
(-6.8905)
A4(1.7813)
(10.4339)
(-9.4906)
G1(-1.1648)
(-2.6334)
(-0.2943)
G2(-1.3383)
(-0.7354)
(-0.1777)
G3(0.2746)
(-0.4097)
(-0.0383)
G4(0.9956)
(1.7373)
(1.1691)
A1(2.6537)
(9.9250)
(4.5984)
A2(7.3550)
(7.8913)
(4.1994)
A3(4.2856)
(10.1083)
(-3.6057)
A4(0.7470)
(0.7230)
(-12.2631)
G1(-0.1043)
(-1.6719)
(-0.9817)
G2(-3.7392)
(-3.0751)
(0.7237)
G3(-0.1474)
(-0.9855)
(-0.0559)
G4(1.5548)
(1.2909)
(2.4695)
A1(-0.8814)
(7.7647)
(3.0034)
A2(7.2784)
(7.6998)
(12.4451)
A3(1.5706)
(10.3142)
(-3.1125)
A4(2.1356)
(-1.5083)
(-7.2975)
G1(0.0708)
(-0.5454)
(-0.4848)
G2(-3.9185)
(-1.6932)
(2.1274)
G3(-0.4007)
(-1.6506)
(0.0846)
G4(2.9580)
(2.4456)
(5.4733)
A1(1.7292)
(9.7477)
(1.7340)
A2(8.1738)
(6.2441)
(6.3638)
A3(-0.0144)
(8.6000)
(-2.2266)
A4(3.1987)
(-6.2489)
(-4.6831)
G1(0.3081)
(-1.0424)
(0.2155)
G2(-1.5846)
(-4.5900)
(2.7760)
G3(-0.5060)
(-1.8102)
(-0.1788)
G4(1.6655)
(2.4775)
(3.9541)
A1(-4.0380)
(4.9098)
(5.8391)
A2(5.3391)
(3.1939)
(1.0965)
A3(3.5482)
(8.9256)
(-2.0734)
A4(-4.3622)
(-6.9719)
(-4.2282)
G1(0.6380)
(0.0670)
(-0.1873)
G2(0.9924)
(-2.2588)
(2.3509)
G3(-0.7173)
(-1.7842)
(-0.4619)
G4(-0.8748)
(-0.4220)
(1.9358)
A1(3.9135)
(10.3561)
(2.1795)
A2(6.7421)
(3.5817)
(5.5354)
A3(-4.9177)
(10.4100)
(4.9368)
A4(6.1244)
(-26.3027)
(2.7102)
G1(-0.0835)
(-0.9796)
(-0.5060)
G2(3.3103)
(-2.3908)
(1.1430)
G3(-0.2272)
(0.2235)
(-0.3347)
G4(-0.5741)
(-0.3592)
(-1.2451)
A1(-2.1890)
(8.6412)
(3.6883)
A2(5.0613)
(-5.7892)
(11.7651)
A3(2.7916)
(9.8497)
(-2.2745)
A4(8.1738)
(-5.3056)
(-9.1698)
G1(-0.0686)
(0.2097)
(0.2607)
G2(0.2325)
(-4.6485)
(-0.0064)
G3(-0.2602)
(-0.8913)
(0.1735)
G4(-0.5821)
(-0.3448)
(0.0947)
A1(0.5844)
(9.5322)
(2.2657)
A2(4.3287)
(-3.6488)
(8.7724)
A3(-3.0215)
(11.1761)
(1.5131)
A4(2.1835)
(-3.3040)
(-3.1603)
G1(0.1288)
(-0.2602)
(0.1836)
G2(-2.2131)
(6.8227)
(-0.9626)
G3(0.0293)
(0.2602)
(-0.0117)
G4(-0.7609)
(-0.9477)
(0.4597)
A1(-1.5520)
(7.4820)
(2.2657)
A2(9.2703)
(-1.9872)
(-0.8428)
A3(-0.6464)
(8.0780)
(-3.6344)
A4(2.4181)
(-0.8715)
(-2.1261)
G1(0.3613)
(0.9519)
(0.2442)
G2(0.2230)
(-3.8259)
(0.6141)
G3(0.1985)
(-0.0846)
(0.1878)
G4(-0.3597)
(-1.0158)
(-1.4388)
A1(-0.6706)
(9.4268)
(1.1975)
A2(7.7955)
(-0.6512)
(-3.6775)
A3(-3.0311)
(9.6103)
(-1.6759)
A4(5.3534)
(-3.0981)
(-5.0613)
G1(0.5028)
(1.1031)
(0.0686)
G2(-0.3102)
(2.0896)
(-1.1472)
G3(0.3991)
(1.9709)
(-0.0527)
G4(-0.2118)
(-1.9858)
(-1.1073)
A1(-1.3795)
(9.5609)
(0.0096)
A2(7.8626)
(-0.1389)
(7.3406)
A3(0.6416)
(8.5521)
(-2.5187)
A4(6.9240)
(-4.4436)
(-7.0294)
G1(0.6024)
(0.2480)
(0.0628)
G2(-0.4145)
(0.4784)
(-1.8166)
G3(0.0383)
(2.2099)
(-0.0431)
G4(-0.8817)
(-2.3275)
(-0.7109)
A1(0.8574)
(10.7105)
(-0.6514)
A2(8.2648)
(2.3703)
(-0.1197)
A3(-1.3120)
(8.8538)
(-1.6520)
A4(7.8530)
(1.5610)
(-8.6862)
G1(0.0394)
(0.6071)
(0.1963)
G2(-0.3507)
(1.8188)
(-1.7932)
G3(-0.1777)
(1.1190)
(0.0309)
G4(-1.5213)
(-1.5527)
(-1.1281)
A1(-5.0200)
(12.4685)
(-3.1279)
A2(9.4906)
(5.0901)
(-5.2098)
A3(-0.2586)
(9.3565)
(-0.9768)
A4(7.0390)
(-0.6512)
(-10.6207)
G1(1.4724)
(1.1350)
(-0.6944)
G2(0.1091)
(1.5564)
(-1.8842)
G3(0.0692)
(1.0126)
(0.1650)
G4(-1.3526)
(-0.1330)
(-2.4738)
A1(0.6371)
(10.2651)
(0.2682)
A2(7.0868)
(6.3255)
(1.3934)
A3(2.1356)
(9.3661)
(-3.2322)
A4(4.7166)
(0.9146)
(-10.6063)
G1(0.5316)
(0.4534)
(-0.1953)
G2(-0.6391)
(0.6694)
(-1.8496)
G3(0.0819)
(0.5188)
(0.1240)
G4(-2.1130)
(-0.4502)
(-2.3333)
A1(1.0490)
(9.5322)
(-1.0921)
A2(8.7197)
(8.4084)
(0.0192)
A3(1.0630)
(9.6965)
(-1.7573)
A4(4.8028)
(5.6934)
(-8.4898)
G1(0.3570)
(0.6162)
(0.0617)
G2(0.3922)
(2.2812)
(-1.5814)
G3(0.0708)
(0.1963)
(0.0958)
G4(-2.3381)
(-0.3390)
(-1.2957)
A1(0.0766)
(10.9931)
(-3.0129)
A2(5.1236)
(8.2648)
(1.6712)
A3(1.3360)
(9.2177)
(-3.7254)
A4(5.8945)
(9.2416)
(-5.9616)
G1(0.5933)
(0.2246)
(-0.3411)
G2(1.3452)
(1.6581)
(-1.5330)
G3(0.1219)
(0.2416)
(0.0511)
G4(-1.9986)
(-0.1458)
(-0.4071)
A1(0.4119)
(10.9309)
(-0.0862)
A2(5.1619)
(8.1738)
(0.7374)
A3(1.0630)
(9.1363)
(-2.0255)
A4(6.4452)
(9.3996)
(-3.6871)
G1(1.2840)
(0.8844)
(0.1974)
G2(1.2744)
(0.5066)
(-1.2494)
G3(-0.1900)
(0.2134)
(-0.0612)
G4(-1.0802)
(0.0974)
(-0.3241)
