A1(-2.0693)
(8.2868)
(2.3806)
A2(-0.1293)
(9.3422)
(0.7949)
A3(-2.5331)
(8.8969)
(-3.7014)
A4(0.1867)
(9.3661)
(-2.7054)
G1(-0.4858)
(0.3826)
(0.1086)
G2(-0.1522)
(0.0351)
(0.0144)
G3(0.0846)
(0.5827)
(-0.2001)
G4(0.3038)
(0.0766)
(-0.1064)
A1(-10.8494)
(8.3107)
(8.1766)
A2(-0.3160)
(9.4810)
(1.1444)
A3(-2.2027)
(9.7205)
(-1.8244)
A4(1.0343)
(6.9911)
(-7.9344)
G1(-2.6457)
(1.0844)
(0.1852)
G2(-0.3847)
(-0.1815)
(0.0857)
G3(0.4230)
(0.2751)
(-0.0702)
G4(0.3342)
(1.1776)
(-0.5598)
A1(-9.2735)
(13.5367)
(8.2772)
A2(-2.4086)
(7.1874)
(0.4118)
A3(-14.4370)
(12.7228)
(-6.2058)
A4(-4.5155)
(8.6048)
(-7.8434)
G1(-2.7526)
(2.6659)
(-1.1238)
G2(-1.1467)
(0.4773)
(0.5066)
G3(0.7662)
(-0.1873)
(0.9275)
G4(-0.6290)
(0.6337)
(0.0261)
A1(-11.0842)
(12.3344)
(4.3685)
A2(-4.8937)
(9.6917)
(-0.0239)
A3(-5.9424)
(14.0252)
(-8.8729)
A4(0.1389)
(8.3989)
(-5.5833)
G1(-1.6783)
(3.6216)
(-2.5073)
G2(-1.5825)
(2.2950)
(1.0749)
G3(1.6437)
(1.7597)
(-1.9763)
G4(-0.6103)
(0.4746)
(0.0851)
A1(-4.2009)
(12.0565)
(1.7005)
A2(8.1547)
(8.1786)
(2.9401)
A3(-18.6413)
(-5.7700)
(-12.0716)
A4(1.4844)
(10.7978)
(-7.5082)
G1(2.4759)
(4.7613)
(-3.1453)
G2(-0.3629)
(-0.8551)
(1.2638)
G3(3.2400)
(-2.2519)
(-3.0118)
G4(-0.8046)
(1.4069)
(-0.1016)
A1(-8.9143)
(11.2662)
(-1.2789)
A2(-3.5769)
(9.4858)
(8.0302)
A3(-4.7405)
(-10.2376)
(-3.0167)
A4(-1.2019)
(12.7180)
(1.3647)
G1(6.6221)
(1.2058)
(-2.3056)
G2(-0.2900)
(2.0492)
(0.7162)
G3(3.2831)
(-5.0247)
(-3.3491)
G4(-0.9456)
(0.3656)
(0.2975)
A1(7.5683)
(5.2690)
(32.2322)
A2(8.9591)
(10.6734)
(4.0127)
A3(-9.6486)
(-1.1205)
(-8.1642)
A4(5.9233)
(5.2768)
(-3.3662)
G1(-2.7388)
(-0.1187)
(-0.4720)
G2(1.1675)
(-1.3659)
(0.8179)
G3(-0.1815)
(0.8280)
(-4.3261)
G4(-0.4055)
(0.1634)
(0.2528)
A1(-8.5837)
(6.5576)
(-1.6574)
A2(4.2090)
(8.9112)
(4.8937)
A3(-8.8107)
(-5.6216)
(-6.1675)
A4(1.5036)
(11.0229)
(0.0814)
G1(-0.6832)
(6.9494)
(0.8620)
G2(0.1032)
(0.2075)
(-0.6071)
G3(1.9933)
(-3.7232)
(5.3105)
G4(0.1522)
(2.1098)
(-0.3225)
A1(-0.4598)
(-4.6847)
(5.9780)
A2(12.5839)
(4.0797)
(-5.1571)
A3(-4.7788)
(20.0251)
(0.2729)
A4(3.8403)
(7.8721)
(-3.7493)
G1(-1.3963)
(0.4390)
(0.8642)
G2(-0.1527)
(-0.8727)
(-0.7221)
G3(-1.8901)
(-0.0101)
(-0.9174)
G4(0.1506)
(-0.6353)
(-0.0617)
A1(-10.4519)
(6.1169)
(0.2730)
A2(-0.7805)
(3.8259)
(5.0661)
A3(-4.0941)
(-2.6863)
(-1.0487)
A4(0.0958)
(9.1028)
(-1.1684)
G1(-1.1174)
(-3.7775)
(2.2290)
G2(0.1564)
(1.2233)
(0.0154)
G3(0.0766)
(-2.1093)
(1.9491)
G4(0.3757)
(0.5582)
(-0.0878)
A1(-7.4964)
(7.6018)
(-2.1459)
A2(-1.5945)
(10.6303)
(3.5530)
A3(-8.1403)
(-0.5842)
(-4.6878)
A4(3.4955)
(9.5720)
(-4.0270)
G1(-1.2260)
(-0.3145)
(2.5504)
G2(0.0665)
(-0.9025)
(-0.2969)
G3(0.9674)
(0.2746)
(3.4587)
G4(0.0580)
(-2.8090)
(0.3932)
A1(-10.5477)
(9.8675)
(15.5389)
A2(5.0853)
(9.2416)
(3.6152)
A3(-6.6032)
(-5.4684)
(-6.6702)
A4(-0.5171)
(9.1889)
(-4.4436)
G1(3.5221)
(-1.7091)
(3.2076)
G2(-0.0351)
(-0.6412)
(-0.4464)
G3(-1.3776)
(2.8585)
(2.8165)
G4(0.3347)
(-0.4645)
(-0.1155)
A1(-3.3913)
(9.4460)
(2.1268)
A2(3.3232)
(9.5960)
(2.2793)
A3(-9.4188)
(0.4645)
(-6.4548)
A4(1.0726)
(8.8538)
(-3.9792)
G1(0.7205)
(-0.8237)
(2.4089)
G2(0.0250)
(-2.4004)
(-0.6476)
G3(-2.8532)
(3.9674)
(2.5935)
G4(0.2086)
(0.0740)
(-0.1431)
A1(-5.3648)
(7.9084)
(2.3375)
A2(-1.0534)
(10.4148)
(3.2801)
A3(-5.9472)
(10.4483)
(-6.5362)
A4(1.6376)
(8.6766)
(-5.9280)
G1(1.1494)
(-2.1008)
(1.7022)
G2(0.0984)
(-0.2363)
(-0.4725)
G3(-2.6425)
(2.5132)
(1.9720)
G4(-0.1038)
(-0.1485)
(-0.0553)
A1(-4.5505)
(8.5550)
(1.9495)
A2(0.8140)
(10.8266)
(2.0111)
A3(-7.5417)
(13.0340)
(-3.8690)
A4(0.6369)
(8.9016)
(-4.2521)
G1(1.1542)
(-0.8711)
(1.2717)
G2(0.2283)
(-0.9695)
(-0.1969)
G3(-1.9944)
(0.4704)
(2.0630)
G4(0.0005)
(0.2373)
(-0.2075)
A1(-2.8932)
(9.5753)
(2.1364)
A2(-2.7869)
(9.0932)
(1.6568)
A3(-5.7078)
(10.7548)
(-3.7541)
A4(1.0630)
(9.0692)
(-4.0414)
G1(0.8881)
(-0.7657)
(0.4401)
G2(0.4044)
(-1.7267)
(-0.3272)
G3(-0.5204)
(0.1219)
(0.7583)
G4(-0.1783)
(-0.1777)
(-0.0670)
A1(-5.0487)
(9.5082)
(0.4072)
A2(-0.0144)
(9.9551)
(1.3024)
A3(-1.8100)
(9.1411)
(-2.6576)
A4(-1.5706)
(9.2225)
(-3.6871)
G1(0.5715)
(-0.8280)
(0.1650)
G2(0.3480)
(0.3485)
(-0.3427)
G3(-0.2315)
(-0.5859)
(0.3267)
G4(-0.2309)
(-0.7285)
(0.0947)
A1(-2.5291)
(11.4195)
(0.1533)
A2(1.2594)
(9.4763)
(0.8619)
A3(-4.8842)
(13.0149)
(-1.4126)
A4(0.9290)
(9.1650)
(-3.6248)
G1(0.2315)
(-0.2959)
(-0.2937)
G2(0.4943)
(-0.1277)
(-0.4044)
G3(-0.7338)
(-1.6224)
(0.5236)
G4(-0.0330)
(0.6582)
(-0.1245)
A1(-1.3604)
(9.5034)
(-0.7089)
A2(-2.2601)
(9.4044)
(0.6656)
A3(-1.2306)
(11.6646)
(-3.2274)
A4(1.4413)
(9.0022)
(-3.9361)
G1(0.6311)
(0.9163)
(0.0798)
G2(0.6949)
(0.1575)
(-0.3203)
G3(-0.1767)
(-0.0798)
(0.0239)
G4(-0.0181)
(0.3783)
(-0.0420)
A1(-0.9676)
(9.6855)
(-0.1198)
A2(-0.0766)
(9.3709)
(-1.2450)
A3(-0.6225)
(9.3422)
(-2.4948)
A4(0.5219)
(8.9064)
(-3.9983)
G1(0.7487)
(0.1990)
(-0.0101)
G2(0.6550)
(0.1389)
(-0.0085)
G3(-0.0745)
(0.5827)
(-0.0708)
G4(-0.0899)
(0.1660)
(0.0069)
