A1(-2.3615)
(8.5790)
(3.4728)
A2(-0.5794)
(9.4906)
(-0.6033)
A3(-1.8292)
(9.1459)
(-2.3846)
A4(-0.2203)
(9.7013)
(-2.1500)
G1(-1.0403)
(1.1355)
(0.4119)
G2(-0.0202)
(-0.0431)
(-0.0096)
G3(0.3549)
(0.4241)
(-0.2155)
G4(0.2597)
(0.0835)
(-0.0452)
A1(-6.1648)
(10.8063)
(3.7123)
A2(-1.1684)
(9.1219)
(-0.6704)
A3(-1.8627)
(13.1873)
(-1.0391)
A4(2.1883)
(6.8283)
(-7.6184)
G1(-3.5306)
(1.6458)
(-0.7285)
G2(-0.6380)
(-0.0516)
(0.0372)
G3(0.8482)
(0.6689)
(-0.1096)
G4(0.7535)
(0.8216)
(-0.3017)
A1(-6.4905)
(10.6004)
(13.0193)
A2(-1.8962)
(8.9591)
(-0.5794)
A3(-10.6207)
(14.1689)
(-2.3607)
A4(-5.4109)
(7.1491)
(-8.9399)
G1(-2.8644)
(2.6350)
(-0.9993)
G2(-0.7364)
(0.1383)
(0.2315)
G3(0.9243)
(0.7944)
(-0.3081)
G4(-0.0245)
(1.4394)
(-0.1096)
A1(-10.6818)
(13.5941)
(3.0944)
A2(-2.6480)
(8.0732)
(-0.0910)
A3(-5.9185)
(9.4188)
(-12.4451)
A4(-3.5291)
(9.1794)
(-4.6783)
G1(-1.0084)
(5.6021)
(-3.3363)
G2(-2.0806)
(2.4254)
(1.1914)
G3(1.3867)
(-1.0573)
(-0.9280)
G4(-0.0287)
(1.0930)
(0.0793)
A1(-8.2197)
(7.7455)
(0.2635)
A2(3.0071)
(4.5873)
(5.8802)
A3(-6.0334)
(0.4357)
(-14.0635)
A4(-0.9816)
(8.4707)
(-6.8426)
G1(3.5710)
(2.2764)
(-2.8149)
G2(-0.9046)
(-0.3038)
(0.4848)
G3(4.0393)
(-2.7414)
(-5.3701)
G4(-0.4587)
(1.3473)
(-0.1437)
A1(-3.1566)
(8.1287)
(-2.2226)
A2(-5.3151)
(12.9191)
(5.5929)
A3(-6.7325)
(-6.7516)
(-6.0956)
A4(1.0678)
(7.8290)
(-3.3471)
G1(4.6193)
(3.4061)
(-3.6301)
G2(-0.8865)
(1.4101)
(0.2623)
G3(2.4488)
(-4.2399)
(-4.4852)
G4(-0.6290)
(1.5586)
(-0.0426)
A1(-32.3040)
(-9.6040)
(53.5287)
A2(4.1468)
(11.3629)
(-2.5139)
A3(-6.9432)
(-1.9201)
(-11.0756)
A4(1.6664)
(8.6622)
(-1.2833)
G1(3.6418)
(12.9378)
(-0.5917)
G2(0.7678)
(-0.2943)
(1.0084)
G3(-0.7040)
(-1.9582)
(-3.3810)
G4(-0.1325)
(0.5028)
(0.5922)
A1(-50.1852)
(26.7332)
(-18.0920)
A2(-5.0039)
(6.8139)
(5.2912)
A3(-3.9025)
(9.4667)
(23.2094)
A4(2.4660)
(10.5967)
(-0.3112)
G1(-0.4305)
(8.6415)
(0.2943)
G2(0.3863)
(0.2533)
(-0.0479)
G3(-0.7162)
(-2.7601)
(2.6132)
G4(0.3714)
(1.4367)
(-0.3124)
A1(13.6420)
(-4.2344)
(8.7706)
A2(12.8856)
(9.1028)
(-3.2130)
A3(-20.7577)
(9.5768)
(-14.7579)
A4(2.4517)
(8.0349)
(-3.0742)
G1(-2.8569)
(3.3997)
(1.6325)
G2(0.2810)
(-0.7396)
(-0.3054)
G3(0.4651)
(0.9626)
(2.6105)
G4(0.1713)
(-0.3725)
(0.0000)
A1(-27.6098)
(14.4228)
(-4.0572)
A2(-3.0933)
(7.6279)
(3.2657)
A3(-1.6855)
(-8.7628)
(-6.4452)
A4(1.4796)
(8.5808)
(-3.7876)
G1(-1.6213)
(-5.1588)
(2.8979)
G2(0.4773)
(2.0715)
(0.6401)
G3(0.3986)
(-0.1735)
(1.4250)
G4(-0.0415)
(-0.8136)
(0.2091)
A1(-3.8081)
(6.9935)
(0.5748)
A2(1.9872)
(9.2703)
(1.5323)
A3(-5.8706)
(-8.2408)
(-5.2433)
A4(2.3990)
(8.9735)
(-4.1276)
G1(-1.3345)
(-1.3117)
(1.5836)
G2(-0.1692)
(-2.6435)
(-0.9030)
G3(0.3177)
(2.8521)
(1.4734)
G4(0.0447)
(-0.4369)
(-0.0660)
A1(-8.7179)
(9.2208)
(3.6788)
A2(3.0311)
(9.3230)
(1.5850)
A3(-3.0694)
(-6.2776)
(-6.0621)
A4(0.7566)
(9.6391)
(-3.2226)
G1(1.8225)
(-4.4474)
(2.2093)
G2(0.2948)
(-0.1809)
(-0.4693)
G3(-3.9275)
(4.4133)
(2.7558)
G4(0.0729)
(-0.0378)
(-0.1517)
A1(-6.1696)
(9.7669)
(3.9949)
A2(3.2082)
(10.0700)
(3.0646)
A3(-3.6200)
(1.2450)
(-6.2249)
A4(1.4174)
(9.2512)
(-4.4101)
G1(2.3312)
(-2.1567)
(1.6730)
G2(0.1532)
(-1.0536)
(-0.3038)
G3(-4.5767)
(3.6716)
(3.0277)
G4(-0.0383)
(-0.1341)
(-0.0442)
A1(-5.5564)
(10.4471)
(4.4547)
A2(1.5706)
(9.5481)
(3.3423)
A3(-3.1508)
(9.7636)
(-9.6391)
A4(-1.8292)
(9.7827)
(-2.7725)
G1(1.6538)
(-1.2702)
(0.9466)
G2(0.4177)
(-0.7466)
(-0.1666)
G3(-3.1405)
(0.1421)
(1.8741)
G4(0.0000)
(-0.5539)
(0.1543)
A1(-4.6272)
(11.0027)
(5.7001)
A2(-0.3256)
(9.3661)
(0.9529)
A3(-3.5291)
(10.3430)
(-5.6360)
A4(0.9146)
(8.9687)
(-4.5633)
G1(1.4330)
(-1.4830)
(-0.0894)
G2(0.2480)
(-0.9328)
(-0.1096)
G3(-2.0242)
(-0.7354)
(1.1893)
G4(0.1948)
(-0.0106)
(-0.0788)
A1(-5.2355)
(9.1921)
(3.1423)
A2(-2.4756)
(9.5433)
(1.3264)
A3(-6.4260)
(19.0578)
(-3.6631)
A4(0.7757)
(9.0118)
(-3.6009)
G1(1.1281)
(-3.3449)
(-0.1059)
G2(0.4550)
(-1.1100)
(-0.1463)
G3(-0.1336)
(-0.9456)
(0.4853)
G4(0.1953)
(0.0766)
(0.0809)
A1(-1.8154)
(9.1825)
(-0.1964)
A2(0.7087)
(9.9407)
(0.8284)
A3(-3.4285)
(8.1594)
(-2.1117)
A4(1.0151)
(8.4324)
(-5.2098)
G1(0.3688)
(-0.1256)
(-0.0681)
G2(0.1921)
(0.5013)
(-0.4103)
G3(-0.9057)
(-1.0765)
(0.0442)
G4(0.1415)
(0.2134)
(0.0809)
A1(-1.9831)
(9.4603)
(-0.0719)
A2(0.6991)
(9.0453)
(-1.3838)
A3(-2.1644)
(8.9208)
(-4.2042)
A4(1.6616)
(8.7771)
(-4.8937)
G1(0.9057)
(-0.3416)
(-0.1080)
G2(0.0724)
(-0.2586)
(0.0718)
G3(-0.3113)
(-0.2341)
(0.1197)
G4(-0.1431)
(0.0069)
(0.0000)
A1(-2.6728)
(9.2017)
(-0.4694)
A2(-0.5267)
(9.6965)
(-0.7230)
A3(-2.1691)
(9.8593)
(-3.7206)
A4(1.1444)
(8.8250)
(-4.4963)
G1(0.4321)
(0.1054)
(-0.1357)
G2(0.0293)
(-1.0419)
(0.0250)
G3(-0.3448)
(0.0176)
(0.0532)
G4(-0.2075)
(0.0027)
(0.0101)
A1(-1.1544)
(9.4220)
(-1.0490)
A2(0.8619)
(9.6630)
(-1.4748)
A3(-2.1500)
(9.4715)
(-1.6759)
A4(0.7997)
(9.0692)
(-4.4580)
G1(0.0160)
(0.4284)
(0.0862)
G2(0.2011)
(-0.1171)
(-0.1405)
G3(-0.1979)
(0.2586)
(-0.1607)
G4(-0.2501)
(-0.1368)
(0.0032)
