A1(-1.7963)
(9.2065)
(1.8729)
A2(-0.4214)
(9.2751)
(1.2019)
A3(-2.5091)
(8.9878)
(-3.4764)
A4(0.4788)
(9.1315)
(-4.2377)
G1(0.0197)
(0.2363)
(-0.0170)
G2(0.1368)
(-0.0335)
(-0.0527)
G3(-0.0702)
(-0.1442)
(0.0096)
G4(-0.2799)
(-0.1687)
(0.0005)
A1(-1.8298)
(7.7455)
(2.1651)
A2(-0.6369)
(9.6007)
(0.6895)
A3(-1.8531)
(9.1842)
(-2.2218)
A4(0.1293)
(9.3230)
(-2.9305)
G1(-0.5747)
(1.1781)
(0.3006)
G2(0.2586)
(0.2895)
(-0.1666)
G3(0.1096)
(0.2357)
(-0.1463)
G4(0.2836)
(0.2320)
(-0.1032)
A1(-3.7937)
(5.3409)
(1.8490)
A2(-0.2011)
(7.8195)
(1.3072)
A3(0.4980)
(9.1219)
(-4.8602)
A4(-4.0797)
(7.7764)
(-8.9878)
G1(-1.0009)
(3.8270)
(0.6178)
G2(-0.1836)
(-0.0527)
(0.0484)
G3(0.6976)
(2.5914)
(-0.9402)
G4(1.1818)
(0.1064)
(-0.3672)
A1(-8.1670)
(10.5093)
(5.3217)
A2(1.1157)
(4.5681)
(4.0893)
A3(-1.9728)
(10.9319)
(-2.1883)
A4(-4.4341)
(3.5338)
(-9.6965)
G1(-2.9985)
(2.8878)
(-0.9833)
G2(-1.2553)
(-0.3278)
(0.7466)
G3(0.2144)
(3.8828)
(-1.3441)
G4(0.2134)
(-0.5050)
(0.1985)
A1(-20.6690)
(18.8153)
(8.9334)
A2(0.8140)
(7.0054)
(2.7102)
A3(-7.1874)
(19.7426)
(-12.1242)
A4(-4.4293)
(7.5609)
(-11.0852)
G1(-2.1354)
(1.2568)
(-4.2941)
G2(-1.4692)
(1.7650)
(0.8785)
G3(1.9619)
(-0.7380)
(-0.5023)
G4(-0.9578)
(0.8764)
(0.2895)
A1(-15.1078)
(18.9590)
(2.4238)
A2(-0.6991)
(14.5328)
(0.8188)
A3(-16.0412)
(11.0564)
(-19.2685)
A4(-5.6599)
(7.9631)
(-13.1011)
G1(-1.4601)
(4.4692)
(-3.7950)
G2(-0.1703)
(-0.5135)
(0.7482)
G3(1.7964)
(-3.1991)
(-1.3729)
G4(-1.6049)
(1.3473)
(0.5374)
A1(1.7436)
(5.2307)
(3.7602)
A2(-4.7070)
(17.4394)
(3.7302)
A3(-6.4165)
(-7.8817)
(-12.4020)
A4(-8.3749)
(1.2594)
(8.1977)
G1(6.9611)
(7.3006)
(-2.6217)
G2(0.2309)
(1.8592)
(1.2015)
G3(4.4650)
(-6.3955)
(-6.0528)
G4(-2.5360)
(10.7652)
(-5.0950)
A1(-18.3267)
(-26.1680)
(5.8582)
A2(0.8332)
(8.7245)
(2.7054)
A3(-4.0414)
(-7.1108)
(-8.7724)
A4(-28.5916)
(28.6490)
(11.9375)
G1(5.6580)
(-1.7661)
(1.6022)
G2(0.8982)
(0.2629)
(1.1504)
G3(-0.0926)
(-4.6400)
(-4.5277)
G4(2.8558)
(0.2740)
(1.6660)
A1(-22.3024)
(1.7436)
(-8.1479)
A2(14.3796)
(0.1437)
(10.0796)
A3(-40.6631)
(156.9016)
(-27.3657)
A4(-5.0949)
(15.7395)
(5.6120)
G1(-1.2787)
(-2.7771)
(-1.5351)
G2(1.8746)
(1.7884)
(0.1937)
G3(0.0096)
(-0.8806)
(-4.1553)
G4(0.0138)
(1.4963)
(0.9706)
A1(-1.8058)
(-3.1950)
(-0.5556)
A2(25.0434)
(0.7614)
(8.1882)
A3(-14.0204)
(-15.9214)
(8.2073)
A4(2.6432)
(11.4012)
(-2.7246)
G1(-2.0273)
(-1.5160)
(1.3707)
G2(-0.8977)
(1.1126)
(-0.6231)
G3(6.1651)
(-1.5889)
(-2.1524)
G4(0.2315)
(0.6162)
(0.0766)
A1(-10.8734)
(7.4054)
(-4.7996)
A2(3.8307)
(5.7700)
(3.8403)
A3(-2.7102)
(-6.3159)
(-2.8683)
A4(0.6464)
(9.3757)
(-2.8635)
G1(-1.5607)
(-0.1219)
(1.3138)
G2(-1.0578)
(1.9656)
(0.1639)
G3(-0.0325)
(0.9546)
(1.2388)
G4(0.6343)
(0.0952)
(0.1591)
A1(-3.4201)
(5.9684)
(2.7064)
A2(1.2450)
(5.7796)
(4.5107)
A3(-5.6216)
(-7.8147)
(-2.7102)
A4(1.5323)
(10.1131)
(-1.7286)
G1(-1.1648)
(-0.9567)
(2.8548)
G2(-0.1373)
(0.9972)
(0.3384)
G3(0.4672)
(1.5234)
(1.1142)
G4(0.3400)
(-0.0878)
(0.0176)
A1(-7.8748)
(11.9320)
(2.5291)
A2(-1.5802)
(11.9519)
(2.5522)
A3(-4.9656)
(-2.8874)
(-3.6823)
A4(-1.9106)
(9.0740)
(-4.2329)
G1(0.9621)
(-3.2049)
(2.8638)
G2(0.3459)
(0.2325)
(-0.0495)
G3(-3.4539)
(3.6061)
(2.3487)
G4(0.4943)
(-0.3315)
(0.2363)
A1(-2.3136)
(9.3885)
(2.4525)
A2(0.1532)
(8.6718)
(4.6112)
A3(-4.0893)
(-2.7964)
(-9.2464)
A4(-2.1117)
(8.7963)
(-4.0223)
G1(1.6038)
(-1.2122)
(1.8752)
G2(0.5821)
(-1.0142)
(-0.3475)
G3(-4.8880)
(3.5769)
(2.9522)
G4(0.4193)
(-0.7338)
(0.4693)
A1(-2.1603)
(11.2422)
(5.4223)
A2(1.7861)
(9.8928)
(3.1268)
A3(-2.6193)
(10.4962)
(-7.5705)
A4(-0.3304)
(9.8402)
(-1.9106)
G1(-0.2565)
(-1.3718)
(1.4096)
G2(0.6987)
(-1.6448)
(-0.1713)
G3(-3.4513)
(0.4358)
(3.0634)
G4(0.6657)
(-1.6575)
(0.8402)
A1(3.6500)
(24.5010)
(8.2149)
A2(-0.9385)
(7.8338)
(3.7637)
A3(-4.6783)
(11.9997)
(-3.0071)
A4(-0.9768)
(8.3031)
(-9.2033)
G1(7.7901)
(-8.3621)
(-1.1430)
G2(0.5619)
(-2.5765)
(-0.1245)
G3(-2.4089)
(-0.1426)
(2.5201)
G4(0.7375)
(-0.9509)
(0.6343)
A1(1.5568)
(7.0797)
(-1.8011)
A2(-3.0742)
(8.4803)
(0.2203)
A3(-28.6730)
(19.4122)
(3.9504)
A4(9.6678)
(9.3661)
(-12.4068)
G1(0.2458)
(-1.0248)
(-0.0803)
G2(-0.3294)
(-0.9493)
(-0.2788)
G3(-0.3815)
(-3.2650)
(0.3847)
G4(0.8838)
(-1.8698)
(2.4211)
A1(1.4131)
(10.1884)
(2.9363)
A2(-0.0335)
(13.6757)
(0.5890)
A3(4.7214)
(7.9871)
(-2.5187)
A4(-3.3423)
(4.9512)
(-6.3925)
G1(-0.8673)
(-0.4773)
(0.0032)
G2(0.4363)
(-0.7668)
(-0.0559)
G3(-0.0378)
(0.1293)
(-0.4879)
G4(-0.4150)
(-1.5830)
(1.8044)
A1(-2.2848)
(11.3476)
(2.4956)
A2(0.2059)
(12.9718)
(-3.2657)
A3(-1.8723)
(7.8099)
(-4.6304)
A4(12.6079)
(7.7955)
(-6.8235)
G1(0.0202)
(-0.2554)
(0.0186)
G2(0.9684)
(-1.9406)
(-0.3171)
G3(-0.0090)
(-0.1926)
(-0.0458)
G4(-0.3108)
(1.9337)
(0.0447)
A1(-0.9772)
(9.5657)
(2.6058)
A2(-0.6752)
(11.0229)
(2.7725)
A3(-2.2697)
(8.2935)
(-4.1803)
A4(2.7964)
(9.4906)
(-3.8259)
G1(0.2065)
(0.2086)
(0.1123)
G2(0.6008)
(0.2708)
(-0.6141)
G3(-0.3927)
(-0.5108)
(0.1346)
G4(-0.3741)
(0.1043)
(0.1745)
