A1(-0.1054)
(8.9095)
(2.3998)
A2(2.2889)
(9.3087)
(0.5507)
A3(1.7286)
(9.1315)
(-2.8204)
A4(0.5363)
(9.1554)
(-4.5921)
G1(-0.9525)
(0.1836)
(0.0032)
G2(0.0516)
(0.2453)
(-0.0213)
G3(0.0420)
(0.1064)
(-0.0367)
G4(-0.2224)
(0.0803)
(0.0543)
A1(-0.3736)
(8.7801)
(0.0335)
A2(2.8587)
(9.1219)
(0.4022)
A3(1.0343)
(9.2177)
(-2.3942)
A4(1.7190)
(9.6486)
(-2.2218)
G1(-0.8939)
(-0.3272)
(0.1575)
G2(0.0819)
(0.0037)
(0.0968)
G3(0.2128)
(0.0016)
(0.0654)
G4(-0.2671)
(-0.4746)
(0.0144)
A1(3.4392)
(10.8351)
(-1.7436)
A2(2.6671)
(9.2751)
(0.2155)
A3(0.3448)
(9.0357)
(-2.7198)
A4(9.5289)
(18.3013)
(1.5131)
G1(-1.5011)
(-0.4826)
(-0.1362)
G2(0.3858)
(-0.0830)
(0.2075)
G3(0.5135)
(0.0309)
(0.1559)
G4(0.9402)
(0.9557)
(-0.8567)
A1(0.2826)
(6.6917)
(0.4119)
A2(3.2465)
(7.2496)
(3.4093)
A3(8.0206)
(5.2241)
(-11.3533)
A4(-3.5195)
(16.4817)
(0.0287)
G1(-0.1873)
(-2.9170)
(-0.5486)
G2(-1.3521)
(-0.5108)
(0.0793)
G3(-0.0133)
(-1.1137)
(0.0926)
G4(1.2994)
(-1.2058)
(2.3450)
A1(-2.0980)
(11.0123)
(1.5232)
A2(2.5474)
(12.5696)
(8.0828)
A3(2.2170)
(8.4659)
(-5.3439)
A4(3.5434)
(-5.1044)
(-8.2983)
G1(0.0341)
(-2.2269)
(-0.8381)
G2(-4.6022)
(-2.9037)
(2.6866)
G3(-0.5071)
(-1.4229)
(-0.1878)
G4(4.0457)
(3.8834)
(6.0342)
A1(-0.2443)
(8.7658)
(5.9684)
A2(11.1905)
(8.0158)
(3.6009)
A3(5.2864)
(7.6519)
(-0.4214)
A4(2.4900)
(-8.6910)
(2.1548)
G1(0.2224)
(-0.2533)
(-0.1059)
G2(-3.7179)
(-2.5323)
(2.9452)
G3(-1.1414)
(-1.7879)
(-0.1144)
G4(-0.0303)
(5.3264)
(2.6723)
A1(-5.6714)
(8.5742)
(4.5936)
A2(4.6304)
(6.1914)
(1.7478)
A3(0.9912)
(9.7731)
(0.6321)
A4(-1.2163)
(-7.8290)
(-8.0780)
G1(0.0990)
(-0.1628)
(-0.1900)
G2(-0.3613)
(-3.7493)
(2.5866)
G3(-0.8508)
(-2.6260)
(0.0484)
G4(-2.0412)
(-2.4344)
(3.2752)
A1(5.0152)
(11.9368)
(3.3434)
A2(5.9376)
(2.2218)
(-0.3926)
A3(-5.0039)
(9.5193)
(3.4189)
A4(51.6717)
(-38.2593)
(-8.1211)
G1(0.2331)
(-0.7891)
(-0.6252)
G2(5.0173)
(-3.3241)
(1.4255)
G3(0.2480)
(0.1767)
(-0.4454)
G4(1.1579)
(2.3652)
(2.2109)
A1(-1.5472)
(8.0904)
(2.8405)
A2(27.7727)
(12.1051)
(10.7404)
A3(4.5059)
(10.8649)
(1.9680)
A4(9.0740)
(6.3255)
(14.5903)
G1(0.2166)
(1.7320)
(0.5348)
G2(-0.8663)
(-11.0153)
(1.0610)
G3(-0.2767)
(-1.1355)
(0.5449)
G4(-1.4330)
(-1.2106)
(-2.8537)
A1(-1.1257)
(10.0256)
(2.0262)
A2(41.3191)
(4.9752)
(-11.6741)
A3(0.3448)
(7.8434)
(-3.3902)
A4(12.2727)
(-1.1253)
(-9.2320)
G1(0.2682)
(0.5885)
(-0.0942)
G2(0.9770)
(-3.7498)
(0.4651)
G3(0.4150)
(1.4628)
(-0.0399)
G4(0.5864)
(1.0562)
(-3.5550)
A1(-1.9256)
(9.0053)
(0.5365)
A2(16.2710)
(3.1699)
(0.3639)
A3(4.3814)
(8.6670)
(-1.8579)
A4(4.6112)
(2.1787)
(-6.7469)
G1(0.5917)
(0.5438)
(0.1905)
G2(0.0463)
(3.0064)
(-1.9513)
G3(0.3783)
(1.0206)
(0.0830)
G4(-0.6141)
(-1.8922)
(-2.9718)
A1(-0.1006)
(9.1394)
(1.0921)
A2(7.7572)
(2.8539)
(0.7949)
A3(1.4844)
(8.8346)
(-5.0757)
A4(4.4867)
(6.3351)
(-9.5672)
G1(0.2065)
(0.7662)
(0.0660)
G2(0.2591)
(0.4651)
(-2.1524)
G3(0.2975)
(1.4000)
(-0.1878)
G4(-1.0392)
(-1.9683)
(-2.0162)
A1(-1.8011)
(11.1991)
(-1.2358)
A2(9.2416)
(5.9999)
(2.4517)
A3(1.6089)
(9.8497)
(-1.5514)
A4(4.7166)
(10.6686)
(-8.7771)
G1(0.2166)
(-0.0404)
(0.0452)
G2(1.0531)
(2.3722)
(-2.6696)
G3(0.4321)
(0.8705)
(-0.0607)
G4(-1.8369)
(-3.0682)
(0.0591)
A1(-0.6419)
(8.8951)
(-2.2034)
A2(6.6846)
(7.6567)
(4.6591)
A3(3.1987)
(8.2313)
(-5.5115)
A4(3.1412)
(10.8840)
(-3.9792)
G1(0.1139)
(0.7897)
(0.0990)
G2(1.0185)
(-1.5942)
(-3.0596)
G3(0.2309)
(0.3560)
(-0.0569)
G4(-1.5889)
(-0.1346)
(-0.6880)
A1(-1.3604)
(9.4507)
(0.2826)
A2(4.9177)
(8.5138)
(-1.3455)
A3(2.7821)
(8.8250)
(-3.1891)
A4(4.1899)
(9.8019)
(-2.7629)
G1(-0.1836)
(0.3395)
(0.1586)
G2(2.0981)
(-0.7247)
(-1.5921)
G3(0.0468)
(0.7721)
(-0.2496)
G4(-0.3416)
(1.1265)
(-0.9567)
A1(-0.2587)
(9.7765)
(-0.5892)
A2(4.7405)
(7.7859)
(1.0199)
A3(1.9297)
(9.6630)
(-2.8252)
A4(1.4700)
(11.1809)
(-4.5346)
G1(-0.1133)
(0.8636)
(-0.1501)
G2(0.6470)
(3.2789)
(-0.9237)
G3(0.0208)
(0.2331)
(-0.2001)
G4(-0.5199)
(1.0797)
(-0.6779)
A1(-1.8729)
(9.6232)
(-0.6323)
A2(2.2505)
(10.3094)
(1.3551)
A3(2.0925)
(9.0501)
(-2.5522)
A4(0.4501)
(9.5241)
(-3.6919)
G1(0.1692)
(0.2703)
(-0.1165)
G2(0.3033)
(0.5358)
(-0.5236)
G3(0.1719)
(0.1272)
(-0.2320)
G4(-0.4917)
(0.0341)
(-0.0942)
A1(-1.1544)
(9.7621)
(-0.5173)
A2(3.6200)
(8.9352)
(-0.7997)
A3(1.7286)
(9.3661)
(-2.4900)
A4(2.7629)
(11.4586)
(-2.7485)
G1(-0.1181)
(0.6641)
(-0.1192)
G2(0.8258)
(1.0424)
(-0.3124)
G3(0.1219)
(0.1681)
(-0.2794)
G4(-0.2794)
(-0.1474)
(-0.3602)
A1(-1.3700)
(10.0160)
(-0.8670)
A2(2.0925)
(8.9639)
(-0.3496)
A3(1.6281)
(8.5617)
(-3.8116)
A4(-1.6712)
(9.2991)
(-3.9600)
G1(-0.2006)
(0.1165)
(-0.2128)
G2(0.5130)
(0.4166)
(-0.4124)
G3(0.0553)
(0.0378)
(-0.3113)
G4(-0.1346)
(-0.3198)
(-0.1735)
A1(-2.3184)
(9.0196)
(1.4753)
A2(3.7397)
(8.4276)
(-0.2394)
A3(1.4317)
(8.7915)
(-3.8642)
A4(-0.5938)
(9.5912)
(-3.0598)
G1(0.4667)
(0.4055)
(-0.1926)
G2(-0.0330)
(0.0740)
(-0.0059)
G3(-0.0197)
(-0.1362)
(-0.2661)
G4(-0.1054)
(-0.5827)
(-0.0096)
