A1(-1.4322)
(9.0675)
(1.7340)
A2(1.0151)
(9.6007)
(-0.4980)
A3(-1.2594)
(9.3422)
(-2.1548)
A4(2.0830)
(9.5864)
(-1.2737)
G1(-0.4699)
(-0.0516)
(0.1266)
G2(-0.1921)
(-0.1054)
(-0.0186)
G3(0.0931)
(0.7471)
(-0.2565)
G4(0.6385)
(0.4033)
(-0.1836)
A1(-2.5866)
(7.7742)
(2.9411)
A2(0.4645)
(8.7676)
(0.2729)
A3(-0.8140)
(8.7915)
(-3.3136)
A4(0.9098)
(8.5617)
(-3.1316)
G1(-1.3361)
(0.5603)
(0.5545)
G2(-0.7205)
(-0.4464)
(0.0218)
G3(0.2762)
(0.2049)
(-0.1825)
G4(0.8806)
(0.0702)
(-0.1948)
A1(-8.6652)
(12.7080)
(6.1696)
A2(0.4214)
(9.2991)
(0.9673)
A3(-0.8619)
(11.6310)
(-0.8906)
A4(-0.3256)
(8.2408)
(-7.9918)
G1(-3.0192)
(3.6205)
(0.8040)
G2(-1.1185)
(0.5582)
(0.3586)
G3(1.0408)
(0.6710)
(-0.3640)
G4(0.3342)
(0.5651)
(-0.1554)
A1(-3.9853)
(10.3465)
(5.6522)
A2(-1.2546)
(10.4387)
(1.1588)
A3(-9.9934)
(11.2863)
(-8.6191)
A4(-0.7709)
(9.0597)
(-5.9424)
G1(-2.0960)
(3.2305)
(-1.5314)
G2(-0.9929)
(0.0245)
(0.6864)
G3(1.6549)
(2.0045)
(-1.0259)
G4(-0.1612)
(1.1020)
(-0.0915)
A1(-9.7717)
(10.7345)
(0.4263)
A2(-3.2896)
(11.3294)
(2.2266)
A3(-12.1530)
(2.1787)
(-12.7084)
A4(0.3974)
(8.9016)
(-6.1866)
G1(1.1643)
(1.1909)
(-3.3284)
G2(-0.1501)
(2.4371)
(1.2505)
G3(2.1508)
(-1.8624)
(1.7405)
G4(-0.8242)
(0.1767)
(0.0293)
A1(-8.2484)
(13.2205)
(2.9315)
A2(3.8355)
(8.1355)
(3.0502)
A3(-6.0286)
(-11.5784)
(-8.5712)
A4(-0.1628)
(9.9311)
(-1.9872)
G1(4.1223)
(4.7582)
(-3.8722)
G2(-0.4518)
(1.5719)
(0.2645)
G3(5.9964)
(-6.0874)
(-3.3401)
G4(-0.7992)
(1.4383)
(-0.1751)
A1(0.1868)
(4.3733)
(4.7805)
A2(3.5243)
(9.0740)
(4.4388)
A3(-12.7563)
(-15.1218)
(-14.1976)
A4(-5.3534)
(8.7676)
(-3.7062)
G1(5.5111)
(1.5197)
(-1.1935)
G2(0.9030)
(-0.0032)
(0.5859)
G3(-1.0020)
(-3.2938)
(-1.5346)
G4(-0.6481)
(2.3259)
(0.0271)
A1(2.8740)
(8.6508)
(25.6794)
A2(-0.6081)
(10.1993)
(5.2672)
A3(-0.1006)
(2.7869)
(-12.4403)
A4(10.2711)
(6.5745)
(0.8428)
G1(-0.6439)
(1.9060)
(1.8299)
G2(0.8583)
(2.4291)
(0.6657)
G3(-1.4096)
(3.8232)
(-4.4016)
G4(-0.3847)
(0.0591)
(0.0702)
A1(-5.9588)
(4.1051)
(1.6957)
A2(2.5762)
(6.1483)
(2.9305)
A3(-40.7445)
(15.2511)
(-2.8874)
A4(-6.8905)
(11.1522)
(-1.5227)
G1(-1.6953)
(3.8919)
(1.4580)
G2(0.4289)
(-1.1957)
(-0.4193)
G3(0.2730)
(-6.5902)
(0.9386)
G4(0.3895)
(0.9700)
(-0.2975)
A1(-6.5815)
(1.6478)
(2.4765)
A2(6.2776)
(17.0276)
(5.0709)
A3(-6.6702)
(2.1069)
(1.7286)
A4(1.6041)
(9.4092)
(-3.3136)
G1(-2.2891)
(-3.5247)
(1.8730)
G2(0.0101)
(-0.3054)
(0.0894)
G3(-0.3001)
(-1.2558)
(1.3287)
G4(0.1985)
(-1.1728)
(-0.0910)
A1(-12.5212)
(4.9912)
(2.5100)
A2(-6.0478)
(4.4867)
(5.0757)
A3(-0.8284)
(5.6455)
(-1.2881)
A4(-0.7757)
(9.7779)
(-3.0406)
G1(-1.7352)
(-2.1157)
(2.3322)
G2(-0.0341)
(0.9621)
(-0.0569)
G3(0.7636)
(-1.0073)
(1.9092)
G4(0.3469)
(0.0537)
(-0.1900)
A1(-8.0521)
(6.1073)
(2.1172)
A2(2.8635)
(13.0197)
(2.3942)
A3(-10.9463)
(-2.2601)
(-4.3383)
A4(1.6951)
(7.9248)
(-3.9265)
G1(-1.7267)
(-2.2343)
(2.1487)
G2(-0.0351)
(-2.4030)
(-0.1000)
G3(2.1125)
(2.0965)
(3.3752)
G4(-0.0388)
(-1.5612)
(0.1815)
A1(-7.8652)
(4.5314)
(3.9853)
A2(4.8554)
(10.8936)
(2.1452)
A3(-9.3805)
(-5.3103)
(-6.2345)
A4(-0.0335)
(8.9016)
(-3.1508)
G1(-0.8583)
(-1.3399)
(1.7757)
G2(0.2985)
(0.5603)
(-0.1825)
G3(1.4074)
(2.9729)
(2.0215)
G4(-0.0793)
(-1.4830)
(0.0676)
A1(-5.7145)
(7.8126)
(6.3037)
A2(-0.8619)
(10.0317)
(2.7246)
A3(-5.7748)
(-1.4222)
(-8.3893)
A4(-0.6033)
(9.0453)
(-4.9321)
G1(0.2815)
(-1.5878)
(1.6778)
G2(-0.3108)
(-2.3503)
(-0.6508)
G3(-1.6969)
(3.1698)
(2.0641)
G4(0.0947)
(-0.6306)
(-0.0410)
A1(-6.2271)
(6.1504)
(4.8379)
A2(0.3400)
(8.9160)
(1.7382)
A3(-4.2377)
(2.3272)
(-9.0788)
A4(0.3639)
(8.7963)
(-5.1140)
G1(1.3500)
(-1.3409)
(0.9770)
G2(-0.0144)
(-0.3379)
(-0.2969)
G3(-2.0609)
(3.5673)
(0.1905)
G4(-0.2144)
(-0.2054)
(-0.0639)
A1(-4.5026)
(8.9813)
(4.5601)
A2(1.3647)
(9.5433)
(0.3112)
A3(-5.2481)
(5.1284)
(-8.8107)
A4(-0.2490)
(9.3087)
(-3.2370)
G1(2.0901)
(-0.4214)
(0.3831)
G2(0.1474)
(-1.0153)
(-0.2001)
G3(-2.7744)
(0.5497)
(0.3001)
G4(-0.3592)
(-0.0011)
(-0.2128)
A1(-3.5542)
(9.0867)
(3.7554)
A2(-0.2107)
(9.6582)
(0.8428)
A3(-1.8148)
(9.8737)
(-7.5944)
A4(0.3591)
(9.5433)
(-2.8587)
G1(2.0673)
(-0.0670)
(0.3182)
G2(0.4017)
(-0.3805)
(-0.2448)
G3(-2.2673)
(0.2538)
(-0.0394)
G4(-0.1740)
(-0.0814)
(-0.0761)
A1(-2.7782)
(10.0064)
(4.2392)
A2(-0.3256)
(9.8019)
(0.7661)
A3(-1.1875)
(10.2759)
(-3.6823)
A4(0.9290)
(9.2320)
(-3.2370)
G1(1.1632)
(-0.1298)
(0.4672)
G2(0.4603)
(0.4017)
(-0.2400)
G3(-1.6224)
(0.1171)
(-0.2347)
G4(-0.0521)
(0.0271)
(-0.0591)
A1(-4.1099)
(10.2507)
(0.3114)
A2(0.1101)
(8.9735)
(-0.1676)
A3(-4.9560)
(9.3996)
(-1.3024)
A4(-0.3831)
(9.7348)
(-1.4605)
G1(0.5699)
(-0.1266)
(-0.2054)
G2(0.5023)
(0.1900)
(-0.1969)
G3(-1.1967)
(-0.8572)
(0.2097)
G4(0.0798)
(-0.0271)
(0.0415)
A1(-2.1268)
(9.2879)
(-0.3976)
A2(-0.4405)
(9.8162)
(-0.6991)
A3(-2.0111)
(10.1275)
(-3.1556)
A4(-0.0718)
(8.8681)
(-4.4197)
G1(0.5608)
(0.7721)
(0.0915)
G2(0.3783)
(0.1846)
(-0.1618)
G3(-0.1453)
(0.6731)
(-0.2038)
G4(0.1538)
(0.0761)
(0.0734)
