A1(-7.2856)
(10.3704)
(6.8210)
A2(0.6464)
(9.3901)
(-0.1437)
A3(-0.9673)
(12.9814)
(2.0638)
A4(1.3503)
(11.1905)
(-5.0853)
G1(-4.3325)
(1.3122)
(0.3294)
G2(-0.7636)
(0.3932)
(0.0654)
G3(0.9206)
(0.7583)
(-0.1437)
G4(0.4374)
(0.6306)
(-0.4949)
A1(-9.2304)
(11.3524)
(7.5922)
A2(-0.6800)
(7.9344)
(0.2777)
A3(-7.0390)
(13.5991)
(-8.0445)
A4(-1.7813)
(9.0788)
(-8.9735)
G1(-3.0533)
(2.2397)
(-1.2318)
G2(-1.0674)
(1.4245)
(0.5236)
G3(1.3702)
(-0.3235)
(-0.1990)
G4(-0.2453)
(1.5197)
(-0.5225)
A1(-10.4567)
(13.0529)
(3.9183)
A2(-0.4597)
(11.6454)
(0.0335)
A3(-11.6885)
(4.3622)
(-13.4123)
A4(-3.0789)
(8.8681)
(-7.3741)
G1(-1.2616)
(5.7617)
(-2.7569)
G2(-0.5422)
(0.6518)
(1.3111)
G3(2.6600)
(-0.5082)
(-2.1668)
G4(-0.8338)
(1.1126)
(0.0798)
A1(-1.5472)
(6.2797)
(-2.0645)
A2(-2.5331)
(11.3437)
(3.2082)
A3(-4.6543)
(-6.4404)
(-7.5944)
A4(3.4668)
(9.2464)
(-0.4357)
G1(4.6523)
(2.9612)
(-2.6643)
G2(-0.3108)
(1.7725)
(0.5055)
G3(4.3043)
(-5.4547)
(-5.2041)
G4(-1.4080)
(1.2574)
(0.2059)
A1(-9.3981)
(8.9238)
(0.7472)
A2(4.7357)
(9.8258)
(2.6432)
A3(-6.9049)
(-10.8697)
(-4.5442)
A4(1.7334)
(11.1905)
(2.1069)
G1(5.2897)
(1.5139)
(-0.9168)
G2(1.5155)
(-1.2893)
(0.8578)
G3(-1.2595)
(-4.3825)
(-3.7317)
G4(-0.2389)
(0.8700)
(0.3342)
A1(-0.3880)
(-5.9492)
(13.2157)
A2(0.0766)
(6.5218)
(8.4180)
A3(-9.2608)
(-9.0501)
(-15.6820)
A4(0.1580)
(9.3087)
(-0.7183)
G1(3.3332)
(1.5543)
(-1.8560)
G2(0.3320)
(-0.5380)
(-0.4816)
G3(-2.1279)
(-1.0658)
(-3.3821)
G4(0.0654)
(0.3533)
(0.4879)
A1(-25.2435)
(2.6968)
(-10.5237)
A2(6.0525)
(10.1418)
(4.0654)
A3(5.5450)
(36.4206)
(1.1971)
A4(-0.0575)
(10.5393)
(0.3208)
G1(-1.5053)
(-1.2185)
(0.2256)
G2(0.1751)
(0.1532)
(0.3342)
G3(1.4011)
(0.1644)
(0.1314)
G4(0.2959)
(1.1414)
(-0.5231)
A1(-2.5148)
(-0.4934)
(-0.5892)
A2(9.7875)
(10.1083)
(2.4181)
A3(-2.3798)
(-11.1043)
(-1.7813)
A4(2.5857)
(8.8298)
(-4.0414)
G1(-1.1706)
(-2.8266)
(0.5906)
G2(-0.1830)
(-0.5257)
(-0.1666)
G3(-0.7396)
(-1.0078)
(0.2708)
G4(0.1729)
(-1.1185)
(-0.2160)
A1(-9.0723)
(1.7196)
(0.9820)
A2(5.9041)
(8.3941)
(2.1548)
A3(0.9098)
(-0.3591)
(-2.3320)
A4(1.7717)
(8.9016)
(-2.9928)
G1(-1.0977)
(-0.6439)
(2.0061)
G2(0.0702)
(0.3118)
(-0.5832)
G3(0.7785)
(0.2107)
(2.3695)
G4(0.3006)
(-0.1282)
(-0.2522)
A1(-11.5967)
(4.7421)
(1.2789)
A2(-0.9529)
(7.6184)
(2.2218)
A3(-7.8099)
(-2.1261)
(-3.1316)
A4(1.2019)
(8.3414)
(-3.7062)
G1(-0.3539)
(-2.6632)
(2.0284)
G2(0.2756)
(-0.3890)
(-0.4071)
G3(1.7320)
(2.3456)
(2.1130)
G4(0.0963)
(-0.9865)
(-0.0208)
A1(-9.0436)
(4.9002)
(1.1065)
A2(1.5706)
(9.3422)
(1.9968)
A3(-11.7555)
(-0.7470)
(-5.2720)
A4(0.4118)
(9.0118)
(-3.4860)
G1(-0.3411)
(-0.5130)
(1.1499)
G2(0.0506)
(-0.7572)
(-0.3288)
G3(0.5108)
(2.1955)
(1.9725)
G4(-0.1660)
(-1.1749)
(-0.0154)
A1(-6.2414)
(5.1924)
(4.2775)
A2(1.4988)
(10.4627)
(1.4844)
A3(-8.5138)
(0.7039)
(-5.4300)
A4(0.0431)
(8.2408)
(-5.6503)
G1(0.4693)
(-0.7774)
(1.2622)
G2(0.1852)
(-0.6561)
(-0.4321)
G3(-0.9365)
(1.6639)
(1.8858)
G4(-0.2937)
(-0.6843)
(-0.0995)
A1(-7.3910)
(5.6187)
(4.0284)
A2(2.2745)
(10.3046)
(1.3168)
A3(-6.5314)
(2.9497)
(-6.8283)
A4(-0.2203)
(9.4140)
(-3.7062)
G1(0.9546)
(-0.6971)
(1.2345)
G2(0.2384)
(-1.1275)
(-0.4699)
G3(-1.3558)
(1.4154)
(1.0046)
G4(-0.4252)
(-0.0059)
(-0.2203)
A1(-6.6486)
(7.6401)
(5.2116)
A2(-3.3806)
(10.6207)
(0.5794)
A3(-4.8794)
(6.2010)
(-6.9145)
A4(-0.0048)
(10.0940)
(-0.7230)
G1(0.8929)
(-0.7710)
(0.8705)
G2(0.5236)
(-1.1387)
(-0.5161)
G3(-0.9413)
(1.3931)
(0.6513)
G4(-0.1314)
(0.1070)
(-0.0910)
A1(-5.4175)
(8.2341)
(4.2919)
A2(1.1971)
(9.3518)
(1.0774)
A3(-6.0813)
(8.3414)
(-6.3734)
A4(-0.8906)
(9.4188)
(-3.3136)
G1(0.8556)
(-1.0270)
(0.5832)
G2(0.5720)
(-0.0777)
(-0.2490)
G3(-0.9296)
(0.6034)
(0.6534)
G4(0.1336)
(0.2570)
(-0.0708)
A1(-3.9039)
(8.9622)
(4.9625)
A2(-0.6847)
(9.4523)
(0.9433)
A3(-4.8028)
(8.5234)
(-5.8131)
A4(0.2969)
(9.4236)
(-2.9784)
G1(1.1722)
(-1.0062)
(0.4305)
G2(0.1772)
(0.0575)
(-0.1777)
G3(-0.7428)
(0.6933)
(0.5683)
G4(0.1527)
(0.1123)
(-0.0027)
A1(-4.2727)
(8.0568)
(2.5004)
A2(0.1101)
(9.7348)
(-0.1772)
A3(-3.6248)
(8.0014)
(-4.9273)
A4(-0.6273)
(9.5002)
(-4.2808)
G1(0.9860)
(0.0894)
(0.4550)
G2(-0.0825)
(0.4087)
(-0.2410)
G3(-0.8312)
(0.2554)
(0.3799)
G4(0.0261)
(-0.0032)
(0.0144)
A1(-3.7746)
(7.7311)
(2.4477)
A2(-0.3496)
(9.2033)
(-0.1820)
A3(-2.7725)
(7.7237)
(-5.4300)
A4(-0.2634)
(9.3757)
(-2.8874)
G1(1.5202)
(0.6630)
(0.0979)
G2(-0.1469)
(-0.6316)
(-0.1282)
G3(-0.8870)
(0.9541)
(-0.1086)
G4(-0.0011)
(-0.2001)
(0.0192)
A1(-3.1183)
(9.9345)
(2.3567)
A2(-0.9673)
(9.2512)
(0.1676)
A3(0.8045)
(8.3797)
(-3.5482)
A4(-0.3400)
(9.6103)
(-3.2657)
G1(0.3310)
(0.6290)
(0.2267)
G2(-0.0846)
(-0.1426)
(-0.1405)
G3(-0.9371)
(1.3308)
(-0.6295)
G4(-0.0239)
(-0.1357)
(-0.0649)
A1(-4.0476)
(9.0867)
(-1.2071)
A2(0.2825)
(10.0317)
(0.0192)
A3(-0.5363)
(12.1530)
(-3.8211)
A4(-0.0575)
(9.0644)
(-4.0462)
G1(1.0717)
(-0.6274)
(-0.1485)
G2(0.1213)
(-0.2341)
(0.0404)
G3(-0.0585)
(-0.7678)
(0.4262)
G4(0.0101)
(-0.1059)
(0.0043)
