A1(-7.9754)
(8.0952)
(8.3921)
A2(-0.8763)
(9.2464)
(1.0774)
A3(-2.3703)
(12.2248)
(2.7485)
A4(-0.2155)
(8.2169)
(-8.6574)
G1(-4.0174)
(0.3358)
(0.1852)
G2(-0.5071)
(0.0873)
(0.1889)
G3(0.7327)
(0.2841)
(-0.0782)
G4(0.4464)
(0.8312)
(-0.2708)
A1(-6.0259)
(9.4651)
(14.5809)
A2(-0.6991)
(6.6607)
(0.5459)
A3(-11.4156)
(15.8352)
(-4.5777)
A4(-2.1308)
(9.6917)
(-5.1954)
G1(-3.9759)
(3.6865)
(-0.8663)
G2(-1.2813)
(0.5593)
(0.4337)
G3(1.5602)
(-0.5326)
(-0.4284)
G4(0.1086)
(1.5410)
(-0.2959)
A1(-7.3192)
(7.3623)
(4.6463)
A2(0.3735)
(12.9431)
(0.0000)
A3(-1.8004)
(18.4784)
(-15.0691)
A4(-1.4844)
(6.4787)
(-8.0397)
G1(-2.6638)
(3.6466)
(-1.8842)
G2(-0.4188)
(2.2189)
(1.0695)
G3(3.2587)
(-0.7285)
(-1.4335)
G4(-0.2772)
(1.0275)
(0.0889)
A1(-6.1265)
(4.6847)
(-4.1338)
A2(-3.1843)
(11.1857)
(7.1970)
A3(-6.6176)
(-6.4308)
(-6.0621)
A4(-3.9552)
(6.9097)
(-4.7453)
G1(2.2939)
(5.3456)
(-2.3099)
G2(-1.2733)
(0.4464)
(1.0355)
G3(5.4749)
(-4.2697)
(-6.2725)
G4(-1.3031)
(1.1260)
(0.2357)
A1(-5.1589)
(9.7238)
(4.2152)
A2(3.2753)
(13.4410)
(3.1316)
A3(-4.3431)
(-11.3820)
(4.0318)
A4(-0.5555)
(10.6111)
(1.1540)
G1(4.7768)
(3.2523)
(-1.2239)
G2(0.6870)
(3.1778)
(0.9067)
G3(-0.6588)
(-6.0836)
(-1.8608)
G4(-0.6188)
(1.0062)
(0.6024)
A1(-8.3011)
(8.6269)
(15.9269)
A2(1.1396)
(4.5250)
(6.9432)
A3(-7.3694)
(1.0151)
(-4.4532)
A4(16.3045)
(7.6279)
(-3.0550)
G1(-2.0465)
(-0.6960)
(0.6337)
G2(0.9621)
(-0.2070)
(-0.0160)
G3(-2.0039)
(1.1435)
(-4.1835)
G4(-0.5028)
(-1.1792)
(0.0777)
A1(-8.8759)
(0.4503)
(1.8058)
A2(27.0976)
(0.4166)
(-24.4879)
A3(-18.4018)
(-23.6930)
(-0.4549)
A4(2.6336)
(9.5098)
(-0.8428)
G1(-1.3771)
(1.3947)
(0.3315)
G2(-1.6150)
(0.3124)
(-1.5836)
G3(0.0516)
(1.8512)
(0.6050)
G4(0.3432)
(0.3507)
(-0.1793)
A1(-7.6545)
(-0.8239)
(-4.4499)
A2(-1.3647)
(8.3318)
(6.6032)
A3(-11.5831)
(4.0701)
(-2.3846)
A4(-0.9337)
(9.6438)
(-4.2186)
G1(-1.0009)
(-4.6022)
(0.2352)
G2(0.5295)
(1.1440)
(0.3672)
G3(-0.6705)
(0.0431)
(0.0894)
G4(0.1298)
(0.6598)
(-0.5076)
A1(-6.1504)
(-0.3593)
(1.1927)
A2(6.1196)
(10.4770)
(0.9194)
A3(-5.7604)
(0.7326)
(-1.8579)
A4(2.5905)
(9.2464)
(-1.6233)
G1(-0.6391)
(-0.4390)
(1.7150)
G2(0.0713)
(-1.1270)
(-0.5039)
G3(1.4936)
(-0.3257)
(2.0119)
G4(0.1548)
(-0.3645)
(-0.2224)
A1(-8.8089)
(2.0453)
(1.3125)
A2(4.5969)
(8.2169)
(2.6240)
A3(-12.5456)
(-0.1484)
(-3.3567)
A4(-0.1053)
(9.9311)
(-4.1324)
G1(0.3187)
(-1.7709)
(2.4770)
G2(0.6604)
(0.7492)
(-0.6263)
G3(1.2361)
(1.1909)
(1.6096)
G4(0.1995)
(-0.2458)
(-0.2586)
A1(-9.9968)
(4.8475)
(6.8114)
A2(-1.3551)
(9.7636)
(2.0063)
A3(-10.7835)
(0.9433)
(-4.0175)
A4(0.9385)
(8.2744)
(-4.0558)
G1(0.6306)
(-1.1116)
(1.4601)
G2(0.2900)
(-0.2182)
(-0.3565)
G3(-0.3842)
(1.8757)
(1.4282)
G4(0.0564)
(-1.0727)
(0.0293)
A1(-6.4713)
(5.3505)
(3.5973)
A2(2.8683)
(9.4092)
(1.1875)
A3(-8.2313)
(2.2936)
(-4.4293)
A4(0.1628)
(8.8681)
(-4.9943)
G1(0.6705)
(-0.7615)
(1.3670)
G2(0.0990)
(0.1059)
(-0.2586)
G3(-1.0834)
(1.8714)
(1.4165)
G4(-0.0011)
(-0.4699)
(-0.0192)
A1(-7.4150)
(6.2223)
(3.5063)
A2(1.2785)
(9.9742)
(0.4836)
A3(-7.9296)
(5.3439)
(-5.1811)
A4(0.6129)
(8.7484)
(-5.1523)
G1(0.8115)
(-0.7056)
(1.0296)
G2(0.2086)
(-0.9131)
(-0.2331)
G3(-1.0802)
(1.4846)
(1.2036)
G4(-0.1745)
(-0.3230)
(-0.0383)
A1(-5.6091)
(7.7359)
(4.4931)
A2(-0.7422)
(9.6295)
(0.2777)
A3(-5.5402)
(6.4165)
(-6.1244)
A4(0.8045)
(9.4427)
(-3.7733)
G1(0.9424)
(-0.8019)
(1.0318)
G2(0.4417)
(0.0458)
(-0.1772)
G3(-1.3851)
(0.7976)
(1.3973)
G4(-0.2559)
(-0.3166)
(-0.0096)
A1(-5.3169)
(7.9610)
(3.9757)
A2(0.1580)
(9.8354)
(0.3304)
A3(-4.6112)
(7.8290)
(-4.8937)
A4(0.3304)
(9.7348)
(-2.0303)
G1(1.1488)
(-0.8493)
(0.8290)
G2(0.4230)
(-1.0312)
(-0.2735)
G3(-0.8604)
(0.9849)
(1.1318)
G4(-0.1410)
(-0.5151)
(0.0958)
A1(-5.5852)
(8.3011)
(2.6920)
A2(-0.0383)
(9.5433)
(0.3496)
A3(-5.3486)
(8.5665)
(-5.2433)
A4(0.2682)
(9.2991)
(-3.4189)
G1(1.4271)
(-0.5284)
(0.4720)
G2(0.3693)
(-0.4060)
(-0.1974)
G3(-0.5864)
(0.8860)
(0.5651)
G4(-0.0112)
(-0.3682)
(0.1224)
A1(-4.6799)
(8.5167)
(2.3423)
A2(-0.9529)
(10.2711)
(0.8811)
A3(-3.4333)
(8.4611)
(-4.2808)
A4(0.3304)
(9.2991)
(-3.9648)
G1(1.2286)
(0.0452)
(0.2634)
G2(-0.0617)
(-0.7545)
(-0.0032)
G3(-0.7104)
(1.4388)
(-0.0319)
G4(-0.0357)
(-0.3581)
(0.1527)
A1(-3.8847)
(9.5322)
(2.1411)
A2(0.3831)
(9.6343)
(-0.1580)
A3(3.8834)
(11.5257)
(-3.1412)
A4(1.0199)
(9.5385)
(-2.6815)
G1(0.6566)
(-1.3782)
(-0.1362)
G2(0.0234)
(-0.4954)
(0.0447)
G3(-0.4805)
(0.5497)
(0.6944)
G4(-0.0223)
(-0.5672)
(0.2480)
A1(-3.4009)
(9.5274)
(0.4072)
A2(0.3831)
(8.9591)
(0.4501)
A3(-3.4381)
(10.3477)
(-2.7150)
A4(0.2729)
(8.9974)
(-3.9121)
G1(0.4571)
(-0.1171)
(0.2256)
G2(0.4230)
(-0.4507)
(-0.0484)
G3(-0.0553)
(-1.3686)
(0.2464)
G4(0.0995)
(-0.2980)
(0.2123)
A1(-3.8799)
(9.8435)
(1.6095)
A2(-0.3783)
(9.4427)
(-0.9002)
A3(-1.7909)
(9.3134)
(-2.9401)
A4(0.7566)
(8.9830)
(-4.2138)
G1(0.9647)
(0.6412)
(-0.0357)
G2(0.0452)
(-0.4103)
(0.1362)
G3(-0.0979)
(0.0452)
(0.1841)
G4(0.1229)
(-0.0074)
(0.1713)
