A1(0.4982)
(9.1681)
(-1.4370)
A2(1.6089)
(9.2464)
(-0.9720)
A3(1.6807)
(9.0118)
(-2.9066)
A4(0.0575)
(11.1618)
(0.8811)
G1(-0.4092)
(0.2948)
(0.1352)
G2(0.1421)
(0.4800)
(0.1485)
G3(0.1479)
(0.3948)
(0.1107)
G4(0.3342)
(0.4422)
(-0.0245)
A1(-1.0586)
(9.0196)
(-1.2694)
A2(2.7198)
(9.1602)
(-0.7805)
A3(2.7438)
(8.7484)
(-2.7964)
A4(5.4540)
(13.5751)
(-4.4005)
G1(-0.5263)
(-0.6098)
(-0.0287)
G2(0.2943)
(-0.1841)
(0.2884)
G3(0.0575)
(0.2586)
(0.0415)
G4(1.5394)
(0.7343)
(-0.9833)
A1(2.6920)
(11.1225)
(1.6909)
A2(2.5187)
(6.2297)
(3.9265)
A3(3.4477)
(9.0118)
(-1.2306)
A4(-0.5698)
(11.3725)
(-7.0437)
G1(-0.6625)
(-0.6502)
(-0.1048)
G2(-2.3482)
(0.1804)
(-0.3762)
G3(0.0357)
(0.2501)
(-0.0367)
G4(0.2708)
(0.6077)
(0.0564)
A1(-0.7185)
(9.7573)
(-0.3018)
A2(7.8051)
(10.6925)
(5.3008)
A3(4.5203)
(8.7388)
(-4.2713)
A4(1.6281)
(3.9552)
(-11.1809)
G1(-0.3762)
(-2.0859)
(-0.1990)
G2(-3.7525)
(-1.4963)
(0.8051)
G3(0.1884)
(-0.5332)
(-0.0490)
G4(1.6863)
(0.3613)
(1.6575)
A1(-0.0096)
(10.0687)
(2.3471)
A2(6.7708)
(6.4165)
(8.4946)
A3(2.6671)
(8.9974)
(-2.6911)
A4(4.6974)
(-0.4549)
(-9.6151)
G1(-0.1607)
(-3.1363)
(-0.5369)
G2(-3.4949)
(-2.2939)
(1.1584)
G3(-0.1426)
(-1.4974)
(0.0724)
G4(2.8229)
(2.7952)
(3.3938)
A1(-3.2812)
(8.4257)
(2.3759)
A2(9.7636)
(5.5785)
(6.7852)
A3(3.0885)
(8.7005)
(-3.9265)
A4(7.2113)
(-3.6057)
(-6.3303)
G1(0.0532)
(-1.8454)
(-0.6412)
G2(-2.3684)
(-1.7453)
(1.6096)
G3(-0.4097)
(-1.6458)
(0.0138)
G4(0.3576)
(4.2149)
(3.1145)
A1(-1.9591)
(6.8402)
(5.1541)
A2(11.0852)
(4.1994)
(2.0446)
A3(1.6281)
(7.5753)
(-4.4293)
A4(5.0470)
(-5.7126)
(-2.2314)
G1(-0.0154)
(-0.2017)
(0.0074)
G2(-0.7029)
(-3.7408)
(2.1093)
G3(-1.1451)
(-1.9896)
(-0.0681)
G4(-0.3592)
(2.8521)
(3.7285)
A1(-8.4496)
(6.0402)
(5.6091)
A2(4.5490)
(3.8882)
(2.5953)
A3(-1.9776)
(10.3142)
(1.4509)
A4(5.7413)
(5.2816)
(3.9169)
G1(0.7136)
(0.8775)
(-0.3661)
G2(1.9225)
(-3.6705)
(2.0710)
G3(-0.5502)
(-0.4092)
(-0.6534)
G4(-1.0163)
(-2.7303)
(2.8229)
A1(-1.3891)
(9.2783)
(4.7757)
A2(9.9455)
(2.1835)
(-3.8642)
A3(-12.0428)
(10.7787)
(-5.6647)
A4(23.7840)
(3.2130)
(-13.0963)
G1(0.3262)
(1.2898)
(0.4358)
G2(4.1398)
(0.0686)
(0.7306)
G3(-0.2416)
(0.8280)
(-0.2432)
G4(0.7992)
(-2.9788)
(-0.1086)
A1(-0.7520)
(7.8221)
(2.5675)
A2(1.7142)
(-4.3814)
(6.6894)
A3(-1.6999)
(10.4770)
(0.1772)
A4(10.6877)
(-5.1284)
(-2.2075)
G1(0.2708)
(0.1458)
(0.2618)
G2(-2.1582)
(1.9779)
(-0.5252)
G3(-0.2043)
(-0.4262)
(0.3368)
G4(0.5465)
(-0.7471)
(-1.7714)
A1(-1.6574)
(9.1729)
(2.2034)
A2(9.6199)
(8.6287)
(-9.9982)
A3(-0.1437)
(10.1418)
(-0.3543)
A4(-2.6240)
(5.6120)
(-4.4963)
G1(0.1804)
(0.8775)
(0.4805)
G2(-0.1165)
(7.0079)
(-0.7407)
G3(0.3001)
(0.7774)
(0.1612)
G4(-0.6870)
(1.2739)
(-3.8179)
A1(-0.9820)
(10.0064)
(2.1028)
A2(0.3974)
(1.0487)
(8.2408)
A3(0.0575)
(10.0509)
(-0.1389)
A4(5.7413)
(0.8475)
(-5.9185)
G1(0.0734)
(1.6852)
(0.2277)
G2(0.2277)
(0.5944)
(-0.3544)
G3(0.5358)
(2.3615)
(-0.1820)
G4(-0.4417)
(-1.5873)
(-3.8301)
A1(-1.0155)
(8.8041)
(1.3891)
A2(16.2231)
(6.3877)
(-1.2163)
A3(2.4086)
(8.7436)
(-3.1795)
A4(-0.2203)
(6.7373)
(-6.4931)
G1(0.1016)
(0.9285)
(0.1495)
G2(0.0607)
(2.1418)
(-1.7193)
G3(0.4741)
(1.7491)
(-0.0160)
G4(-0.5183)
(-1.5900)
(-2.7090)
A1(-0.5221)
(10.0782)
(1.1400)
A2(2.9161)
(2.4708)
(5.7126)
A3(2.0255)
(9.2895)
(-1.3312)
A4(5.4971)
(8.5665)
(-8.4372)
G1(0.3118)
(1.3431)
(0.3124)
G2(-1.1914)
(1.1616)
(-2.1391)
G3(0.3688)
(0.7865)
(0.1261)
G4(-0.5667)
(-2.1833)
(-1.5947)
A1(-1.6047)
(9.1969)
(0.6083)
A2(11.1426)
(7.1587)
(4.3191)
A3(0.9433)
(9.1506)
(-4.1515)
A4(3.8834)
(9.6391)
(-7.8434)
G1(0.4523)
(1.2111)
(-0.4071)
G2(-0.2272)
(1.7916)
(-2.8500)
G3(0.0894)
(0.8269)
(-0.0234)
G4(-1.0227)
(-0.6486)
(-2.0236)
A1(0.6658)
(9.8340)
(-0.3161)
A2(5.2098)
(8.2121)
(4.1707)
A3(1.4748)
(9.0836)
(-2.1931)
A4(3.8738)
(10.5728)
(-5.2433)
G1(0.2559)
(1.0536)
(0.4033)
G2(0.8381)
(-0.7625)
(-1.9986)
G3(0.0559)
(1.3409)
(-0.0995)
G4(-0.7386)
(-0.4081)
(-0.7114)
A1(-2.1411)
(8.3490)
(-0.4215)
A2(6.2776)
(8.1882)
(4.0845)
A3(2.7198)
(9.1075)
(-1.7047)
A4(1.5993)
(10.0604)
(-5.7988)
G1(-0.0527)
(-0.4347)
(-0.2123)
G2(1.3681)
(2.1593)
(-1.5788)
G3(0.0165)
(0.3480)
(-0.0335)
G4(-0.6279)
(-0.4097)
(-0.2421)
A1(-1.0634)
(8.7035)
(0.8095)
A2(4.9225)
(8.2600)
(3.2992)
A3(3.1891)
(9.7827)
(-0.6656)
A4(1.6520)
(9.9934)
(-3.2370)
G1(0.1852)
(-0.5523)
(-0.2246)
G2(1.1722)
(0.3586)
(-0.8610)
G3(0.1809)
(0.0176)
(0.0330)
G4(-1.2175)
(-0.3959)
(0.0894)
A1(-1.0011)
(9.9298)
(-2.2322)
A2(2.0303)
(8.4420)
(1.9489)
A3(3.3471)
(8.9926)
(-0.9481)
A4(1.9058)
(11.7124)
(-2.6671)
G1(0.6433)
(0.2267)
(-0.3459)
G2(1.1164)
(0.6385)
(-0.7343)
G3(0.3704)
(0.5811)
(-0.1064)
G4(-0.3507)
(0.1862)
(-0.1314)
A1(-0.4982)
(9.2639)
(-0.7520)
A2(2.8683)
(8.8538)
(0.5124)
A3(5.6407)
(9.0788)
(-3.3327)
A4(0.2155)
(9.3039)
(-2.4756)
G1(0.4805)
(-0.0213)
(-0.2985)
G2(0.8642)
(0.9679)
(-0.2389)
G3(0.1868)
(0.7870)
(-0.1479)
G4(-0.0085)
(-0.3006)
(-0.0926)
