A1(-9.9920)
(11.6350)
(8.7418)
A2(0.3639)
(8.3558)
(0.9385)
A3(-6.7469)
(15.3612)
(1.5658)
A4(0.9577)
(6.2489)
(-8.3079)
G1(-3.5380)
(2.2253)
(-0.7152)
G2(-0.9743)
(-0.1112)
(0.1298)
G3(1.1957)
(-0.3225)
(0.5146)
G4(0.7210)
(1.8427)
(-0.9003)
A1(-9.2065)
(12.7942)
(6.7444)
A2(-5.0135)
(9.8306)
(-0.2203)
A3(-2.7916)
(18.3013)
(-10.5105)
A4(-3.4812)
(9.4332)
(-7.3263)
G1(-3.3693)
(3.0336)
(-2.3381)
G2(-2.0992)
(2.3354)
(1.0999)
G3(1.8539)
(-0.7577)
(-0.5757)
G4(-0.0330)
(0.6827)
(-0.2533)
A1(-10.1693)
(7.8796)
(1.0011)
A2(-1.1540)
(10.8266)
(-1.1971)
A3(-6.4883)
(9.4954)
(-12.0620)
A4(-0.4022)
(7.1060)
(-7.5657)
G1(-1.4287)
(3.0288)
(-2.4754)
G2(-1.1355)
(3.5449)
(1.7065)
G3(3.3991)
(-0.5784)
(-0.1250)
G4(-0.3948)
(1.1398)
(-0.0841)
A1(-1.1161)
(7.5970)
(0.2826)
A2(-3.9456)
(13.2351)
(7.8578)
A3(-3.5817)
(-11.8082)
(-7.6231)
A4(1.2881)
(7.1587)
(-7.3694)
G1(2.4190)
(5.3924)
(-2.8803)
G2(-1.5250)
(-0.2613)
(0.4581)
G3(3.5114)
(-5.6505)
(-5.1812)
G4(-1.3276)
(2.0422)
(-0.8588)
A1(-9.8723)
(6.8833)
(-2.0693)
A2(1.4317)
(9.1219)
(4.7692)
A3(-7.5753)
(-5.9376)
(-0.2059)
A4(-3.1508)
(11.7507)
(0.7757)
G1(4.6948)
(0.2597)
(-2.2487)
G2(0.3549)
(3.1262)
(1.0286)
G3(1.4154)
(-5.3126)
(-4.8167)
G4(-1.2648)
(0.5268)
(0.4417)
A1(-4.6751)
(-3.9757)
(29.8180)
A2(9.5720)
(11.6550)
(2.2649)
A3(-4.9416)
(-10.6111)
(-7.2257)
A4(-1.6376)
(8.7628)
(-3.3902)
G1(2.4770)
(3.8158)
(-0.2054)
G2(1.9582)
(-1.1020)
(1.6932)
G3(-1.4298)
(-1.7405)
(-3.1033)
G4(-0.5699)
(0.7146)
(0.7998)
A1(5.7001)
(-0.3736)
(5.0966)
A2(-5.7461)
(0.3256)
(12.7802)
A3(-4.6017)
(-0.9864)
(-16.8839)
A4(21.0546)
(11.1953)
(-1.5371)
G1(0.8711)
(-4.0196)
(1.1084)
G2(-5.4424)
(0.5699)
(-1.7400)
G3(-3.4124)
(3.4279)
(-4.3521)
G4(-0.6470)
(-1.6767)
(0.2927)
A1(-0.9867)
(-4.8331)
(3.5782)
A2(4.4628)
(7.4412)
(0.5028)
A3(-28.1079)
(3.4620)
(-7.5226)
A4(-2.6624)
(8.7532)
(-3.2465)
G1(-1.0578)
(-0.2953)
(0.4353)
G2(0.5172)
(-1.0616)
(-0.5683)
G3(-1.3771)
(-4.1271)
(0.4092)
G4(0.2480)
(-0.1048)
(0.0319)
A1(-10.4519)
(4.2344)
(0.1629)
A2(-1.8148)
(10.1035)
(6.8331)
A3(-4.2856)
(6.5745)
(4.8171)
A4(-0.4022)
(9.6486)
(-2.4565)
G1(-1.0552)
(-2.8314)
(1.9635)
G2(0.4278)
(0.4480)
(0.5545)
G3(0.1517)
(-1.0366)
(1.4394)
G4(0.1389)
(0.1421)
(-0.3267)
A1(-6.1744)
(2.0022)
(0.9867)
A2(4.4197)
(7.0725)
(2.4612)
A3(-4.8171)
(0.9864)
(-2.7533)
A4(2.6815)
(9.4763)
(-2.0877)
G1(-0.7529)
(-1.9997)
(2.1630)
G2(-0.1447)
(0.5358)
(-1.0360)
G3(0.4704)
(-0.9525)
(2.2503)
G4(0.0756)
(-0.1639)
(-0.1330)
A1(-10.5141)
(5.6810)
(1.6047)
A2(-3.1029)
(8.3031)
(4.0845)
A3(-13.4363)
(-0.7949)
(-4.0462)
A4(-0.7374)
(9.5289)
(-3.0167)
G1(-0.2283)
(-0.8397)
(2.3136)
G2(0.6694)
(-0.5885)
(-0.4140)
G3(0.6534)
(1.0690)
(3.4225)
G4(0.3113)
(-0.3267)
(-0.0255)
A1(-9.0580)
(5.8774)
(1.9208)
A2(2.2170)
(8.2791)
(2.4565)
A3(-8.9591)
(-2.0686)
(-5.1715)
A4(0.6512)
(9.1459)
(-4.1946)
G1(0.2948)
(-1.7778)
(2.5680)
G2(0.5374)
(0.8562)
(-0.6236)
G3(0.1240)
(2.5600)
(2.3573)
G4(0.2453)
(-0.5007)
(-0.1548)
A1(-8.5071)
(6.5624)
(1.7100)
A2(-2.0063)
(9.2656)
(2.6097)
A3(-11.4347)
(0.2442)
(-6.4212)
A4(1.4605)
(8.7053)
(-3.0694)
G1(0.6141)
(-0.1772)
(1.9805)
G2(-0.0351)
(-0.9786)
(-0.2810)
G3(-0.7460)
(3.5620)
(0.7306)
G4(0.1575)
(-1.1664)
(0.1314)
A1(-5.4175)
(7.4964)
(2.5483)
A2(2.1548)
(9.0309)
(1.4078)
A3(-5.9233)
(1.8723)
(-8.4467)
A4(0.5363)
(8.5665)
(-5.6407)
G1(0.7322)
(-0.5997)
(1.1031)
G2(0.0553)
(-0.4789)
(-0.3448)
G3(-1.8363)
(2.2492)
(0.9796)
G4(0.1437)
(-0.1320)
(-0.1309)
A1(-4.3158)
(8.9670)
(3.1662)
A2(1.5610)
(8.6479)
(2.4517)
A3(-7.0102)
(4.4819)
(-9.0070)
A4(0.1772)
(8.7388)
(-5.4109)
G1(0.9136)
(-1.5649)
(0.8854)
G2(-0.2070)
(-0.9807)
(-0.3326)
G3(-1.8406)
(1.9268)
(0.7801)
G4(0.0569)
(-0.0442)
(-0.0170)
A1(-6.0738)
(7.5443)
(3.3674)
A2(0.9720)
(9.8928)
(0.8380)
A3(-4.4628)
(7.6471)
(-8.0493)
A4(-0.5363)
(9.2799)
(-4.1515)
G1(0.8221)
(-1.2180)
(0.5938)
G2(0.1719)
(0.0910)
(-0.1926)
G3(-2.0295)
(0.3017)
(1.4787)
G4(0.0059)
(-0.7460)
(0.1692)
A1(-6.0402)
(9.5944)
(3.0944)
A2(1.4222)
(10.1658)
(2.1404)
A3(-3.8020)
(8.1642)
(-6.8857)
A4(-0.0958)
(9.0022)
(-4.8937)
G1(1.2244)
(-0.4608)
(0.8493)
G2(0.3629)
(-0.7529)
(-0.3549)
G3(-1.8310)
(0.1288)
(1.2920)
G4(0.0234)
(-0.3677)
(0.0553)
A1(-3.1997)
(8.3634)
(2.8309)
A2(-0.7039)
(9.5816)
(1.9058)
A3(-4.5250)
(9.0261)
(-4.6974)
A4(-0.3017)
(8.9447)
(-4.9081)
G1(0.8524)
(-0.6119)
(0.2948)
G2(0.0335)
(-1.6607)
(-0.2027)
G3(-1.5437)
(0.0085)
(0.6002)
G4(-0.0154)
(0.1719)
(0.0527)
A1(-4.2679)
(9.0963)
(2.8980)
A2(-1.0726)
(9.7492)
(1.3934)
A3(-3.3758)
(9.6391)
(-3.9840)
A4(0.7087)
(8.9399)
(-4.6256)
G1(0.6843)
(-0.5555)
(0.4374)
G2(-0.0968)
(-0.7247)
(-0.1160)
G3(-1.1419)
(0.0772)
(0.0500)
G4(-0.0745)
(-0.1288)
(0.0623)
A1(-2.8405)
(10.9309)
(1.5663)
A2(0.7518)
(9.7492)
(0.6991)
A3(-1.3503)
(9.5912)
(-0.5507)
A4(1.4269)
(9.0166)
(-3.9983)
G1(0.9716)
(-0.2373)
(0.1591)
G2(0.1884)
(0.1054)
(-0.0830)
G3(-0.5204)
(-0.7700)
(0.4677)
G4(0.0553)
(-0.4289)
(0.1985)
