A1(-5.9205)
(15.5485)
(11.4003)
A2(-3.6583)
(7.6998)
(1.7621)
A3(-7.6471)
(14.0827)
(-0.8763)
A4(0.8667)
(8.9735)
(-4.1659)
G1(-3.6535)
(2.1455)
(-1.4090)
G2(-1.5953)
(-0.8413)
(0.4566)
G3(0.4007)
(0.1431)
(-0.2065)
G4(-0.2841)
(0.0410)
(0.0841)
A1(-11.1847)
(9.6519)
(5.9349)
A2(0.3304)
(12.8664)
(1.4988)
A3(-1.2785)
(18.6700)
(-4.1755)
A4(0.6369)
(8.1834)
(-8.0445)
G1(-2.0375)
(1.0323)
(-3.5614)
G2(-1.6267)
(3.8615)
(0.8599)
G3(1.5293)
(0.6577)
(-2.4248)
G4(-0.4475)
(-0.0335)
(-0.0239)
A1(-11.4147)
(9.1202)
(3.7171)
A2(7.6184)
(10.8409)
(-5.4300)
A3(-1.4892)
(9.2799)
(-14.1785)
A4(-2.1165)
(9.1506)
(-6.8618)
G1(-0.9998)
(4.2228)
(-2.8069)
G2(0.3294)
(1.1520)
(0.3219)
G3(2.9963)
(-0.8796)
(-1.1446)
G4(-0.5848)
(0.8019)
(0.0005)
A1(-1.5137)
(5.6522)
(3.8416)
A2(-5.4875)
(12.8760)
(7.6950)
A3(-6.4691)
(-1.1923)
(-9.4475)
A4(0.0096)
(9.5050)
(-0.6369)
G1(2.1098)
(3.8818)
(-2.4318)
G2(-0.5789)
(-0.1703)
(0.0500)
G3(4.4325)
(-4.2223)
(-5.0710)
G4(-0.5986)
(0.7524)
(0.3342)
A1(-10.8351)
(6.4282)
(-6.0450)
A2(6.5027)
(9.4140)
(8.7580)
A3(-3.3615)
(-7.8434)
(0.0000)
A4(0.8236)
(9.2751)
(-1.4365)
G1(4.6709)
(3.3225)
(-2.0997)
G2(0.8014)
(0.4417)
(0.4848)
G3(0.3102)
(-5.0599)
(-2.4169)
G4(-0.2203)
(1.6602)
(0.0766)
A1(-5.5996)
(3.9326)
(2.6968)
A2(1.3647)
(7.2401)
(0.2394)
A3(-7.6327)
(-10.1083)
(-3.5003)
A4(0.4262)
(8.9735)
(-3.0646)
G1(4.7826)
(3.3002)
(-0.9418)
G2(0.4417)
(-0.4124)
(0.5715)
G3(-1.2052)
(-3.3635)
(-2.9628)
G4(-0.2666)
(1.3473)
(0.1799)
A1(-9.5944)
(-3.9039)
(10.9883)
A2(3.4189)
(9.7875)
(2.4134)
A3(-3.8068)
(11.8705)
(-1.8483)
A4(3.4907)
(10.5584)
(0.3687)
G1(-3.0682)
(-6.5732)
(0.8312)
G2(0.4789)
(1.0775)
(0.3241)
G3(0.2554)
(2.8143)
(-2.0300)
G4(0.0346)
(0.4491)
(0.0096)
A1(-2.9076)
(-2.8549)
(3.7314)
A2(8.2600)
(6.2297)
(-0.9385)
A3(-17.3292)
(19.8192)
(-7.2305)
A4(4.5250)
(9.0405)
(-3.2561)
G1(-1.7948)
(0.8684)
(-0.2506)
G2(-0.0202)
(-0.8971)
(-0.1437)
G3(0.7615)
(0.3230)
(-0.9323)
G4(0.2155)
(-1.1382)
(-0.0835)
A1(-2.1076)
(-1.4131)
(0.9245)
A2(3.4477)
(10.7835)
(4.5059)
A3(-5.1763)
(-2.5474)
(-1.6951)
A4(0.4884)
(8.8633)
(-2.6193)
G1(-1.3760)
(-3.6386)
(0.6364)
G2(-0.1213)
(0.5789)
(0.4225)
G3(-1.4899)
(-0.0995)
(0.5183)
G4(0.1804)
(-1.0988)
(-0.0569)
A1(-7.4485)
(2.7016)
(1.1400)
A2(5.5881)
(9.2416)
(1.0582)
A3(-5.0182)
(1.7190)
(-1.1827)
A4(2.3224)
(9.3805)
(-3.4093)
G1(-0.7588)
(-1.1717)
(1.8991)
G2(0.1383)
(-0.4997)
(-0.3911)
G3(0.3672)
(0.1697)
(1.2936)
G4(0.0819)
(-1.5570)
(0.0399)
A1(-10.4279)
(3.7458)
(-1.2454)
A2(2.9880)
(9.1985)
(1.5610)
A3(-12.2823)
(-1.2594)
(-3.8690)
A4(0.8092)
(9.3039)
(-3.6488)
G1(0.5231)
(-2.3269)
(2.6265)
G2(0.0144)
(-0.5215)
(-0.7630)
G3(0.5028)
(1.2505)
(2.1370)
G4(-0.0170)
(-0.5938)
(-0.3097)
A1(-3.8129)
(9.4891)
(12.5643)
A2(0.1724)
(9.8976)
(0.9529)
A3(-7.3741)
(1.7047)
(-4.9129)
A4(-0.0527)
(9.4044)
(-3.3327)
G1(2.1056)
(-1.9986)
(1.7001)
G2(0.3001)
(-1.1185)
(-0.4997)
G3(-1.2286)
(2.5648)
(2.7505)
G4(0.0788)
(-0.3884)
(-0.3193)
A1(-7.7311)
(6.6390)
(3.3051)
A2(0.3735)
(9.6869)
(0.8763)
A3(-7.8865)
(2.7677)
(-5.7940)
A4(0.5602)
(8.9016)
(-5.3103)
G1(1.0238)
(-1.3909)
(2.2594)
G2(0.4629)
(-0.3948)
(-0.4374)
G3(-0.7875)
(2.1966)
(2.5882)
G4(0.0639)
(-0.2932)
(-0.3262)
A1(-9.6280)
(8.5742)
(4.7565)
A2(0.3831)
(9.6055)
(1.6759)
A3(-5.2002)
(4.6878)
(-6.8091)
A4(-0.4453)
(9.0597)
(-4.2282)
G1(1.1494)
(-1.7890)
(1.4271)
G2(0.3746)
(-0.4464)
(-0.2836)
G3(-0.6306)
(1.4090)
(2.4264)
G4(-0.1783)
(-0.4193)
(-0.2448)
A1(-6.0354)
(9.1107)
(4.8188)
A2(-0.0910)
(9.9216)
(0.3112)
A3(-7.3502)
(9.1123)
(-5.8754)
A4(-1.6568)
(9.0118)
(-3.5003)
G1(0.9136)
(-0.0984)
(1.0781)
G2(0.4438)
(-1.0515)
(-0.3831)
G3(-0.9663)
(1.2749)
(1.9145)
G4(0.0559)
(0.1394)
(-0.2613)
A1(-5.0918)
(8.8712)
(3.3482)
A2(-1.6855)
(9.2799)
(-1.3791)
A3(-6.8235)
(9.7492)
(-5.5450)
A4(-0.5938)
(9.5624)
(-3.8164)
G1(1.4718)
(-0.6316)
(0.9152)
G2(0.3134)
(-0.4337)
(-0.2831)
G3(-0.5177)
(1.1456)
(1.2212)
G4(0.0899)
(0.1293)
(-0.1527)
A1(-4.3637)
(8.8759)
(2.9411)
A2(-0.9002)
(9.9551)
(1.6951)
A3(-4.8076)
(9.1842)
(-5.4396)
A4(-0.6177)
(8.8394)
(-4.2138)
G1(0.7886)
(0.0931)
(0.5412)
G2(-0.1277)
(-0.0527)
(-0.2863)
G3(-0.7114)
(1.4750)
(0.2522)
G4(0.0266)
(0.1373)
(-0.0921)
A1(-3.3195)
(9.3406)
(2.2513)
A2(-0.4884)
(9.6007)
(-1.2115)
A3(-2.8826)
(9.0932)
(-4.6543)
A4(-1.2067)
(9.1746)
(-4.0558)
G1(0.8014)
(-0.1873)
(0.3842)
G2(0.0607)
(-0.5305)
(-0.0883)
G3(-0.5545)
(0.7971)
(-0.0670)
G4(-0.0032)
(0.4065)
(-0.0883)
A1(-3.9709)
(9.7286)
(2.0741)
A2(-0.5650)
(9.2847)
(0.2921)
A3(-3.1843)
(8.6479)
(-4.6974)
A4(-0.3160)
(9.2081)
(-3.5865)
G1(0.1165)
(-0.1415)
(0.2464)
G2(-0.0234)
(-0.6609)
(-0.0942)
G3(-1.0600)
(0.5811)
(-0.3241)
G4(-0.0633)
(0.0053)
(-0.0309)
A1(-2.4429)
(9.9537)
(1.0203)
A2(-1.1109)
(9.4427)
(-0.1915)
A3(-6.5314)
(9.2033)
(-4.8890)
A4(-1.0822)
(9.1315)
(-4.0893)
G1(0.5188)
(-0.1650)
(0.0399)
G2(0.1889)
(0.2719)
(-0.1868)
G3(-0.1447)
(0.2267)
(-0.1091)
G4(-0.0096)
(0.2128)
(0.0543)
