A1(-9.0101)
(8.5358)
(3.6835)
A2(1.4317)
(9.6247)
(2.8156)
A3(-6.5793)
(12.2439)
(-1.6807)
A4(0.6656)
(8.4707)
(-6.4739)
G1(-3.3055)
(1.4128)
(-1.1350)
G2(-0.1767)
(0.1671)
(0.1889)
G3(0.3028)
(-0.0048)
(-0.0415)
G4(-0.3166)
(0.7742)
(-0.2442)
A1(-12.8708)
(10.8015)
(6.8450)
A2(-1.9154)
(12.2823)
(2.0303)
A3(-2.8395)
(13.3596)
(-4.2042)
A4(-0.6177)
(8.0014)
(-7.8673)
G1(-2.8154)
(2.3269)
(-1.2765)
G2(-0.0059)
(1.2776)
(0.6630)
G3(2.0226)
(0.2629)
(-1.2409)
G4(-0.8524)
(0.8008)
(0.0426)
A1(-10.9069)
(9.2687)
(3.3482)
A2(1.4748)
(9.3087)
(-0.2059)
A3(-8.2265)
(19.1680)
(-15.8736)
A4(-1.5227)
(8.3989)
(-5.4540)
G1(-1.8097)
(4.3218)
(-1.9938)
G2(0.3666)
(1.8629)
(0.9392)
G3(3.6061)
(-1.8581)
(-1.3340)
G4(-0.8508)
(1.4920)
(-0.0484)
A1(-9.4795)
(5.7097)
(0.3688)
A2(-0.4357)
(11.4539)
(2.6911)
A3(-5.6503)
(-7.1826)
(-11.2049)
A4(0.0431)
(7.1395)
(-5.6503)
G1(2.0657)
(4.6283)
(-3.0192)
G2(-0.2017)
(0.7141)
(0.7024)
G3(5.3488)
(-2.8197)
(-6.6168)
G4(-1.3292)
(1.1222)
(0.0548)
A1(-4.1099)
(12.9618)
(4.7805)
A2(2.0494)
(9.5289)
(6.1100)
A3(-6.4883)
(-11.9375)
(-2.9449)
A4(1.4940)
(10.0987)
(2.9975)
G1(5.4318)
(3.5534)
(-1.8645)
G2(0.4225)
(2.7973)
(0.6726)
G3(0.6715)
(-4.7794)
(-1.9066)
G4(-0.5773)
(2.1136)
(0.2421)
A1(-3.6069)
(0.8909)
(3.7219)
A2(-1.6664)
(8.1882)
(8.0254)
A3(0.5315)
(-0.7326)
(-9.3853)
A4(17.4585)
(10.4818)
(-0.9002)
G1(0.3719)
(-3.9924)
(1.7762)
G2(1.0568)
(0.5130)
(0.5177)
G3(-2.8372)
(5.2823)
(-4.6884)
G4(-0.2309)
(-1.7533)
(0.2677)
A1(-21.6749)
(4.4499)
(-13.4025)
A2(2.3224)
(6.3351)
(6.7277)
A3(7.7476)
(23.0849)
(9.8450)
A4(-4.0462)
(11.1953)
(-0.0383)
G1(-2.7665)
(4.1308)
(0.1916)
G2(0.8998)
(0.4901)
(0.2788)
G3(1.6341)
(-0.1559)
(3.2326)
G4(0.5741)
(1.9369)
(-0.7295)
A1(-1.7915)
(-0.8622)
(4.5601)
A2(15.1361)
(13.0005)
(5.4253)
A3(-0.2729)
(-1.4413)
(-3.6727)
A4(3.5003)
(9.2416)
(-3.2609)
G1(-1.2733)
(-6.4125)
(0.5843)
G2(-0.5965)
(-0.3634)
(-0.1830)
G3(-0.6359)
(0.3480)
(1.2792)
G4(0.2134)
(-1.0030)
(-0.2857)
A1(-8.4784)
(1.0059)
(-2.1986)
A2(9.3613)
(9.6534)
(-0.4310)
A3(-10.7691)
(6.6367)
(-3.2896)
A4(-0.4549)
(9.0884)
(-3.7493)
G1(-0.4518)
(0.3113)
(1.3377)
G2(-0.0117)
(0.1751)
(-1.2632)
G3(0.3001)
(-4.3511)
(3.8035)
G4(0.3368)
(0.1495)
(0.1713)
A1(-10.0064)
(3.4297)
(2.6633)
A2(-2.7869)
(8.3749)
(2.9401)
A3(-10.9702)
(-2.3990)
(-3.8068)
A4(2.3224)
(8.2935)
(-3.7493)
G1(0.3182)
(-1.5974)
(1.3250)
G2(0.1836)
(-0.2506)
(-0.0958)
G3(-0.0931)
(0.4991)
(3.1272)
G4(0.1362)
(0.2629)
(-0.3006)
A1(-8.5742)
(3.3482)
(1.6621)
A2(1.5323)
(9.4619)
(1.1157)
A3(-11.8130)
(-2.0159)
(-3.9025)
A4(0.7039)
(8.9783)
(-2.8922)
G1(0.1224)
(-0.5656)
(1.1653)
G2(0.4486)
(0.6327)
(0.0873)
G3(0.6588)
(2.1338)
(1.2196)
G4(0.0708)
(0.1245)
(-0.3012)
A1(-5.9828)
(6.4666)
(3.9422)
A2(0.3112)
(8.6814)
(1.8723)
A3(-8.0589)
(0.5171)
(-5.5354)
A4(1.0918)
(9.2656)
(-2.5379)
G1(0.6795)
(-0.7354)
(1.6586)
G2(0.6917)
(-0.2155)
(-0.5295)
G3(-0.9849)
(1.1047)
(1.1999)
G4(0.1804)
(-0.3283)
(0.0415)
A1(-6.3947)
(6.1217)
(4.1051)
A2(-1.1779)
(8.9687)
(2.2458)
A3(-5.4109)
(2.8970)
(-6.1435)
A4(3.5386)
(9.7588)
(-4.0175)
G1(0.6242)
(-0.5832)
(1.3319)
G2(0.2320)
(-0.0926)
(-0.1836)
G3(-1.5011)
(2.1402)
(0.4193)
G4(-0.2373)
(-3.3103)
(0.5731)
A1(-5.8678)
(8.8233)
(4.3541)
A2(2.5379)
(8.0158)
(1.4700)
A3(-4.6735)
(5.5785)
(-8.2696)
A4(-1.0534)
(9.0214)
(-5.5258)
G1(1.3223)
(-1.1254)
(1.2670)
G2(-0.0410)
(-0.5374)
(-0.4124)
G3(-1.8358)
(1.0685)
(1.1621)
G4(0.1266)
(-0.9051)
(0.1676)
A1(-4.9577)
(7.0988)
(3.6117)
A2(2.0734)
(10.1370)
(1.8340)
A3(-2.9161)
(5.8323)
(-6.0669)
A4(1.4413)
(9.4284)
(-5.6599)
G1(1.8560)
(-1.7203)
(0.6332)
G2(0.0702)
(-1.8220)
(-0.4108)
G3(-2.7835)
(0.5976)
(1.8150)
G4(0.1016)
(-0.5640)
(-0.0479)
A1(-5.2738)
(8.7754)
(3.6500)
A2(-1.5323)
(9.9742)
(2.3415)
A3(-2.4134)
(10.2137)
(-4.3000)
A4(0.2921)
(8.9064)
(-4.9368)
G1(1.1675)
(-1.0137)
(0.4566)
G2(-0.0963)
(-1.3037)
(-0.2496)
G3(-1.8800)
(1.2558)
(1.2068)
G4(-0.0011)
(-0.3012)
(0.0128)
A1(-4.3877)
(8.7322)
(3.3434)
A2(-1.3503)
(8.8155)
(-0.1915)
A3(-5.0039)
(9.8306)
(-3.1508)
A4(-0.0814)
(8.9926)
(-4.4724)
G1(0.3283)
(-0.4294)
(0.5986)
G2(0.0192)
(-1.5373)
(-0.2682)
G3(-0.6630)
(0.3352)
(0.7391)
G4(-0.0788)
(0.1692)
(-0.0261)
A1(-4.0907)
(8.6125)
(1.9687)
A2(-0.1628)
(10.5728)
(0.8523)
A3(-3.2657)
(8.7628)
(-3.8547)
A4(-0.5842)
(9.1219)
(-4.5729)
G1(0.5273)
(-0.1703)
(-0.0059)
G2(0.3044)
(-0.3038)
(-0.1815)
G3(-0.3022)
(0.5295)
(0.0910)
G4(-0.3986)
(-0.6923)
(0.0617)
A1(-4.3925)
(8.9813)
(3.0704)
A2(-0.7805)
(9.4284)
(0.9481)
A3(-3.0694)
(9.8737)
(-3.3758)
A4(0.5986)
(9.0597)
(-4.7214)
G1(0.3416)
(-0.6002)
(-0.1900)
G2(-0.0027)
(-0.0607)
(-0.2214)
G3(-0.1336)
(0.2426)
(0.1415)
G4(-0.3517)
(-0.0394)
(0.0537)
A1(-2.4046)
(10.2842)
(0.0240)
A2(-0.0479)
(9.5624)
(1.0391)
A3(-2.6959)
(9.0214)
(-2.7054)
A4(0.0575)
(9.2751)
(-3.5913)
G1(0.4347)
(0.8077)
(0.3230)
G2(0.5928)
(-0.8386)
(-0.1352)
G3(0.0984)
(0.5007)
(-0.4550)
G4(-0.3533)
(-0.1298)
(0.0788)
