A1(1.5951)
(9.1011)
(-2.4717)
A2(1.3216)
(8.7771)
(-0.3735)
A3(1.1923)
(8.8442)
(-3.0885)
A4(2.1308)
(13.1585)
(1.6328)
G1(-1.0185)
(-0.0718)
(0.2182)
G2(-0.2655)
(0.4278)
(0.0239)
G3(0.3852)
(0.0569)
(0.1453)
G4(0.7833)
(0.6093)
(-0.2873)
A1(-2.0885)
(9.1250)
(-1.7579)
A2(5.0853)
(9.1985)
(-1.0343)
A3(4.1899)
(8.3079)
(-4.5011)
A4(6.5697)
(17.9757)
(-7.9104)
G1(-0.3789)
(-1.3297)
(-0.2985)
G2(-0.0654)
(-0.1501)
(0.0942)
G3(0.4076)
(0.0176)
(-0.0537)
G4(1.8720)
(1.4500)
(-0.0447)
A1(-0.2395)
(10.0543)
(1.0299)
A2(3.3854)
(7.6279)
(2.3942)
A3(1.7957)
(7.2832)
(-6.7995)
A4(-0.3687)
(16.4338)
(-6.0861)
G1(-0.0867)
(-0.8099)
(-0.9339)
G2(-1.9262)
(-0.4534)
(0.0809)
G3(-0.0287)
(-0.4560)
(0.0314)
G4(0.6747)
(0.1681)
(1.5373)
A1(0.7281)
(9.0436)
(1.3939)
A2(8.7149)
(8.1930)
(7.1970)
A3(5.7221)
(8.8346)
(-3.7781)
A4(2.6815)
(6.2010)
(-12.9861)
G1(-0.0133)
(-3.0549)
(-0.0559)
G2(-5.0668)
(-1.8778)
(2.2189)
G3(-0.1421)
(-1.1355)
(0.2043)
G4(1.6527)
(2.0880)
(3.6173)
A1(-3.0992)
(11.2183)
(-0.3209)
A2(3.6440)
(13.0963)
(6.9192)
A3(3.2944)
(8.6526)
(-4.1899)
A4(4.1515)
(0.0335)
(-10.9750)
G1(-0.4331)
(-4.2377)
(-1.0057)
G2(-3.3794)
(-1.8528)
(2.0231)
G3(-0.3001)
(-1.4883)
(0.1357)
G4(1.9066)
(2.4067)
(5.8570)
A1(-0.2970)
(8.0281)
(4.5266)
A2(9.5337)
(6.7708)
(2.9640)
A3(2.1356)
(8.6383)
(-3.1220)
A4(5.7748)
(-2.9975)
(-6.1100)
G1(-0.2847)
(-0.5619)
(-0.1953)
G2(-2.5658)
(-4.0786)
(2.3748)
G3(-0.8689)
(-1.4011)
(0.0537)
G4(1.2441)
(4.4517)
(4.2941)
A1(0.0958)
(8.5311)
(6.5288)
A2(8.6048)
(6.2537)
(5.6503)
A3(3.5291)
(7.9296)
(-2.1021)
A4(6.5553)
(-4.7022)
(-3.9265)
G1(-0.0053)
(-0.4523)
(0.2826)
G2(-1.4910)
(-3.8839)
(2.2492)
G3(-0.9307)
(-1.3202)
(-0.2400)
G4(0.5481)
(3.2608)
(3.8099)
A1(-4.8619)
(7.7838)
(4.7852)
A2(7.3741)
(3.3902)
(-0.4166)
A3(1.4796)
(9.8306)
(0.0910)
A4(-0.3400)
(-7.6184)
(-5.6982)
G1(-0.0410)
(-0.7561)
(-0.0649)
G2(0.1208)
(-3.2725)
(2.6999)
G3(-0.6247)
(-1.2058)
(-0.5279)
G4(-1.2952)
(-0.6343)
(1.8257)
A1(-13.3498)
(7.3479)
(2.4429)
A2(7.0725)
(1.5083)
(1.3024)
A3(-3.4189)
(10.4435)
(0.0335)
A4(-3.5051)
(16.0172)
(9.5529)
G1(-0.2155)
(0.4252)
(0.2559)
G2(1.5091)
(-2.5914)
(2.5834)
G3(-0.4954)
(-1.7762)
(-0.1681)
G4(-1.0030)
(-1.9018)
(1.4394)
A1(-1.2215)
(10.8399)
(3.3961)
A2(3.3184)
(1.1588)
(-3.1651)
A3(-9.4523)
(11.0756)
(-4.0606)
A4(7.0773)
(20.5710)
(-5.4875)
G1(0.1650)
(0.0537)
(0.0942)
G2(3.6083)
(0.5928)
(0.4124)
G3(0.7295)
(1.9906)
(-0.4289)
G4(-0.4039)
(-1.0030)
(1.1983)
A1(-0.5413)
(9.4460)
(4.7900)
A2(8.6574)
(-1.8627)
(-0.5698)
A3(5.3678)
(7.9679)
(-5.0470)
A4(7.9344)
(-8.6574)
(-2.1739)
G1(0.3821)
(0.0984)
(-0.0830)
G2(3.0549)
(-3.2209)
(0.2964)
G3(0.0729)
(0.1048)
(0.2921)
G4(-1.7193)
(-0.4544)
(0.2799)
A1(-0.1916)
(8.9717)
(1.8298)
A2(20.3220)
(1.4844)
(-5.5162)
A3(0.5842)
(9.2225)
(-2.5187)
A4(6.5027)
(2.5426)
(-2.7294)
G1(0.5960)
(0.3629)
(0.1181)
G2(-0.3634)
(1.0445)
(-0.9131)
G3(0.0591)
(0.5396)
(0.1511)
G4(1.4995)
(-1.5250)
(0.0708)
A1(-1.7915)
(9.0819)
(1.9639)
A2(12.7946)
(0.0431)
(0.3400)
A3(0.0096)
(9.6965)
(-1.6951)
A4(-9.2464)
(1.0487)
(-5.1523)
G1(0.5023)
(0.4938)
(0.0793)
G2(-0.3496)
(-0.8716)
(-1.4346)
G3(0.0873)
(0.7748)
(0.0192)
G4(-1.9124)
(1.1797)
(-3.6923)
A1(-2.0885)
(9.0915)
(1.2837)
A2(3.1891)
(-1.2354)
(1.6855)
A3(-0.7135)
(10.0748)
(-0.8284)
A4(0.0910)
(-0.5938)
(-5.0853)
G1(0.3868)
(0.6034)
(0.0192)
G2(-0.9083)
(1.7278)
(-1.0467)
G3(0.3884)
(1.9092)
(-0.1830)
G4(-0.3257)
(-1.8837)
(-2.8963)
A1(-2.8070)
(8.7993)
(-1.0586)
A2(6.5841)
(0.7757)
(2.0063)
A3(-0.2634)
(9.3326)
(-1.5275)
A4(9.6726)
(1.0774)
(-7.5705)
G1(0.3209)
(0.8594)
(0.3092)
G2(-0.9158)
(3.4114)
(-1.6793)
G3(0.3592)
(1.3329)
(0.0032)
G4(-0.2639)
(-1.8251)
(-3.4827)
A1(-0.9436)
(9.6376)
(-0.4503)
A2(8.9687)
(2.8108)
(-1.4988)
A3(1.7286)
(8.5904)
(-3.9456)
A4(6.5218)
(6.7756)
(-8.8155)
G1(0.5417)
(0.9817)
(0.4076)
G2(0.1554)
(0.2027)
(-2.1151)
G3(0.3597)
(1.4250)
(0.0548)
G4(-0.8391)
(-1.3063)
(-3.2044)
A1(-1.3700)
(9.9489)
(-0.4407)
A2(7.3981)
(3.9169)
(0.9673)
A3(3.6823)
(8.8585)
(-3.4572)
A4(4.2952)
(8.4372)
(-8.7771)
G1(0.2054)
(0.5582)
(-0.1479)
G2(0.2937)
(0.6470)
(-2.3780)
G3(0.1985)
(1.1057)
(0.0170)
G4(-0.5848)
(-1.3388)
(-2.6904)
A1(0.3545)
(10.4327)
(0.1437)
A2(9.5241)
(7.1922)
(1.9393)
A3(2.9928)
(8.7963)
(-3.4429)
A4(5.0566)
(7.9727)
(-8.7197)
G1(0.5481)
(0.3592)
(-0.1235)
G2(0.5146)
(1.8140)
(-2.6372)
G3(-0.0979)
(0.6077)
(0.0506)
G4(-0.3251)
(-0.9578)
(-1.7368)
A1(0.2299)
(9.6232)
(0.0671)
A2(9.1506)
(6.5649)
(3.1173)
A3(1.6903)
(9.2368)
(-3.5003)
A4(4.6160)
(6.9480)
(-8.5760)
G1(0.4890)
(0.7439)
(0.0506)
G2(0.6758)
(1.0142)
(-2.1412)
G3(-0.2469)
(0.0878)
(0.1282)
G4(-0.3576)
(-0.8093)
(-1.1834)
A1(-0.4694)
(8.7754)
(-0.9149)
A2(7.2592)
(8.4659)
(4.1803)
A3(2.5714)
(9.4092)
(-1.5275)
A4(3.1651)
(9.2273)
(-7.3789)
G1(0.2474)
(0.3464)
(0.0415)
G2(0.6561)
(0.8945)
(-1.6772)
G3(-0.1282)
(-0.0798)
(0.1086)
G4(-0.8631)
(-0.7412)
(-0.0357)
