A1(-3.3913)
(8.2341)
(3.1183)
A2(-0.1484)
(9.1746)
(-0.0192)
A3(-2.0016)
(9.5912)
(-2.1404)
A4(0.3065)
(7.2161)
(-7.6423)
G1(-1.7570)
(1.0520)
(0.3278)
G2(-0.2490)
(-0.0367)
(0.0043)
G3(0.1894)
(0.9748)
(-0.3241)
G4(0.5555)
(0.7806)
(-0.2730)
A1(-5.0391)
(13.9199)
(5.2738)
A2(-1.4557)
(7.4843)
(0.1580)
A3(-7.6184)
(13.1490)
(-1.8675)
A4(-2.1165)
(8.1834)
(-5.5929)
G1(-2.2562)
(1.7102)
(-1.2074)
G2(-1.4181)
(0.0937)
(0.1767)
G3(0.8306)
(0.3374)
(-0.3155)
G4(-0.0165)
(0.6502)
(-0.0905)
A1(-7.9036)
(8.9430)
(6.9072)
A2(-3.9025)
(9.6055)
(0.7949)
A3(-10.4052)
(13.0340)
(-5.6024)
A4(-0.8619)
(8.9112)
(-6.2776)
G1(-2.4898)
(1.8970)
(-0.5965)
G2(-1.3622)
(1.0568)
(0.5513)
G3(1.2164)
(0.3560)
(-0.6939)
G4(-0.1926)
(0.9903)
(-0.1208)
A1(-9.2879)
(12.9954)
(1.3795)
A2(0.8332)
(8.6431)
(-0.3400)
A3(-5.9089)
(9.6822)
(-11.7412)
A4(-0.2634)
(8.8059)
(-6.7756)
G1(-0.1873)
(4.4208)
(-3.2736)
G2(-0.0261)
(-1.7235)
(0.9237)
G3(1.7421)
(-0.9504)
(-0.4901)
G4(-0.5146)
(1.2755)
(-0.0128)
A1(-6.0929)
(7.8844)
(0.1293)
A2(-3.8211)
(10.2280)
(3.7397)
A3(-6.4835)
(-5.4731)
(-12.4690)
A4(0.6129)
(8.7436)
(-3.7541)
G1(3.2454)
(1.8810)
(-3.7386)
G2(-0.1501)
(2.4275)
(0.4299)
G3(5.1578)
(-3.5668)
(-5.2264)
G4(-0.8556)
(0.0543)
(0.4496)
A1(-3.2955)
(5.5900)
(4.1099)
A2(0.8092)
(10.0173)
(4.4819)
A3(-4.6543)
(-8.9256)
(-9.7588)
A4(-0.1820)
(10.0987)
(-0.8045)
G1(4.5985)
(2.3503)
(-2.3615)
G2(0.6492)
(-0.1447)
(0.3831)
G3(1.2558)
(-4.6948)
(-2.3025)
G4(-0.4039)
(1.0062)
(0.3193)
A1(-0.4407)
(-2.8788)
(14.4851)
A2(7.0773)
(7.3885)
(1.7573)
A3(-2.8778)
(-3.3998)
(-8.1403)
A4(2.3224)
(8.4036)
(-2.2458)
G1(2.2551)
(2.2375)
(0.0447)
G2(0.3219)
(-1.4085)
(0.1373)
G3(-0.9285)
(-2.3456)
(-1.9018)
G4(-0.0835)
(1.7522)
(0.1314)
A1(-27.2697)
(8.1095)
(-14.8348)
A2(4.5969)
(9.0692)
(2.2793)
A3(17.3628)
(33.5667)
(12.4834)
A4(-0.1437)
(10.4531)
(-0.1580)
G1(-1.1387)
(-2.1178)
(0.2325)
G2(-0.2506)
(0.0803)
(0.2395)
G3(0.9509)
(1.9018)
(-0.0729)
G4(0.0431)
(0.7742)
(-0.3406)
A1(-2.3280)
(-0.6658)
(2.7878)
A2(9.0884)
(11.3820)
(2.8060)
A3(-7.0581)
(-7.4124)
(-0.4214)
A4(-0.2059)
(9.0166)
(-4.0797)
G1(-0.8322)
(-2.1151)
(0.7567)
G2(-0.3533)
(-0.6460)
(0.0468)
G3(-0.6902)
(0.7971)
(0.4507)
G4(0.2458)
(0.5130)
(-0.2293)
A1(-13.0433)
(3.2093)
(-3.2572)
A2(3.8882)
(11.2719)
(3.1268)
A3(-0.3783)
(-3.0598)
(-0.9337)
A4(1.7573)
(9.7540)
(-1.9776)
G1(-0.1767)
(-1.5729)
(1.9289)
G2(0.0937)
(0.9770)
(-0.2884)
G3(0.0782)
(1.1052)
(1.7730)
G4(0.1852)
(1.0371)
(-0.3906)
A1(-9.5178)
(2.6154)
(-1.8825)
A2(0.9816)
(9.8114)
(2.2362)
A3(-13.1298)
(-2.5666)
(-4.1707)
A4(0.5219)
(9.2081)
(-3.0742)
G1(-0.8125)
(-0.0420)
(2.1545)
G2(0.1107)
(-0.2410)
(-0.2959)
G3(0.3948)
(-0.5007)
(1.5724)
G4(0.1948)
(0.7630)
(-0.2038)
A1(-6.7683)
(5.6187)
(1.0586)
A2(2.6049)
(9.4571)
(2.9688)
A3(-8.7197)
(-2.0016)
(-5.5593)
A4(1.3982)
(9.1459)
(-2.6384)
G1(0.3459)
(-1.5378)
(2.1082)
G2(0.2698)
(0.7136)
(-0.1676)
G3(-1.4958)
(2.1024)
(2.0359)
G4(-0.0298)
(-0.8147)
(0.1511)
A1(-8.6652)
(7.8078)
(4.2200)
A2(1.9585)
(9.3805)
(1.6233)
A3(-5.5354)
(1.6089)
(-5.9664)
A4(2.3703)
(8.1882)
(-2.9066)
G1(1.7134)
(-0.8264)
(1.8752)
G2(0.2272)
(-0.3288)
(-0.4502)
G3(-2.2695)
(1.6756)
(2.5025)
G4(-0.0335)
(-1.2627)
(0.2783)
A1(-7.3575)
(7.8700)
(4.1146)
A2(-0.2777)
(8.8346)
(2.8730)
A3(-4.5011)
(6.1196)
(-7.0246)
A4(1.8675)
(8.7867)
(-4.6112)
G1(0.4119)
(-0.0074)
(2.0806)
G2(0.1032)
(-1.8581)
(-0.6784)
G3(-1.5713)
(1.3500)
(2.1247)
G4(-0.0165)
(-1.1717)
(0.0718)
A1(-5.7385)
(11.0410)
(3.8272)
A2(2.6384)
(8.9783)
(0.6512)
A3(-8.2456)
(10.4052)
(-6.2345)
A4(-2.6288)
(9.1746)
(-4.4388)
G1(0.8753)
(0.1900)
(1.7709)
G2(0.4331)
(-1.1036)
(0.2575)
G3(-2.2503)
(2.4552)
(1.9108)
G4(0.0197)
(-1.0397)
(0.1511)
A1(-2.5675)
(9.4891)
(3.4345)
A2(-0.0766)
(8.9830)
(1.3982)
A3(-8.5329)
(10.5919)
(-4.3958)
A4(-1.1540)
(8.9878)
(-3.7350)
G1(0.8322)
(-1.1031)
(0.8104)
G2(-0.2645)
(-0.2501)
(0.0096)
G3(-1.1988)
(1.6607)
(1.2898)
G4(-0.0670)
(-0.3986)
(0.0250)
A1(-2.3327)
(9.0436)
(3.1614)
A2(-0.6800)
(9.8497)
(0.9816)
A3(-5.9041)
(9.9838)
(-3.5721)
A4(0.3926)
(9.3996)
(-2.5762)
G1(0.7247)
(-1.1824)
(0.5146)
G2(-0.1437)
(-0.2027)
(-0.0436)
G3(-0.6981)
(0.3762)
(0.4901)
G4(0.0362)
(-0.0234)
(-0.1128)
A1(-3.3147)
(9.7525)
(1.9783)
A2(-0.1867)
(9.4571)
(2.9736)
A3(-2.9880)
(9.4379)
(-0.5315)
A4(-1.2450)
(9.6438)
(-3.8834)
G1(0.2975)
(-0.9190)
(0.1772)
G2(0.2070)
(0.0809)
(-0.2703)
G3(-0.7694)
(-0.8716)
(0.3368)
G4(0.1447)
(-0.4299)
(0.0447)
A1(-3.0944)
(10.3513)
(0.4598)
A2(1.1061)
(9.2799)
(1.1349)
A3(-3.8738)
(9.1746)
(-2.1979)
A4(1.2881)
(8.8585)
(-4.2713)
G1(-0.1495)
(-1.0850)
(0.0623)
G2(0.3469)
(0.3017)
(-0.1139)
G3(-0.0447)
(0.8977)
(0.1724)
G4(0.1942)
(0.3304)
(-0.0431)
A1(-1.9543)
(9.8771)
(1.7292)
A2(-0.8619)
(10.1035)
(1.6328)
A3(-0.7901)
(9.1219)
(-2.1979)
A4(1.0822)
(8.7771)
(-4.8650)
G1(0.5406)
(-0.0612)
(-0.0117)
G2(-0.1213)
(0.0458)
(-0.2267)
G3(0.2325)
(-0.4401)
(0.0341)
G4(-0.1208)
(-0.1916)
(0.0447)
