A1(-5.1924)
(11.6494)
(5.7768)
A2(-0.3112)
(8.3270)
(0.6608)
A3(-2.7198)
(15.2989)
(-1.0870)
A4(-0.4980)
(7.9679)
(-6.4548)
G1(-3.5620)
(2.9548)
(-0.3421)
G2(-1.0397)
(0.1421)
(0.1751)
G3(1.3324)
(-1.1068)
(0.5013)
G4(0.2416)
(0.2804)
(-0.1671)
A1(-3.7602)
(9.6998)
(10.2172)
A2(-1.3216)
(7.7141)
(0.8859)
A3(-7.6423)
(12.0285)
(-5.9520)
A4(-1.8818)
(8.5329)
(-8.6957)
G1(-3.9153)
(3.7854)
(-0.2283)
G2(-1.4559)
(0.4342)
(0.3304)
G3(1.2670)
(0.0341)
(-0.3118)
G4(-0.0474)
(0.0873)
(0.0218)
A1(-12.3631)
(8.6939)
(2.6633)
A2(2.8347)
(9.8641)
(-0.1293)
A3(-4.6735)
(9.4523)
(-15.5719)
A4(-1.3743)
(8.4563)
(-6.8378)
G1(-1.7299)
(1.5032)
(-1.8124)
G2(-0.3464)
(0.7450)
(1.0052)
G3(3.6716)
(-0.2836)
(-1.4165)
G4(-0.2017)
(1.1398)
(-0.1176)
A1(-9.4076)
(12.0422)
(-0.8478)
A2(0.0383)
(12.1290)
(3.5386)
A3(-8.1451)
(4.4772)
(-10.5967)
A4(-1.6759)
(8.1355)
(-6.9623)
G1(1.1802)
(3.0389)
(-2.3823)
G2(-0.7301)
(-1.4473)
(0.7290)
G3(4.9657)
(-0.7189)
(-4.4192)
G4(-0.4342)
(1.3824)
(-0.0601)
A1(-10.5812)
(9.1729)
(5.3026)
A2(0.8236)
(11.6837)
(3.3806)
A3(-6.9863)
(-12.2344)
(-2.2936)
A4(0.5267)
(7.8147)
(-2.3463)
G1(5.1141)
(4.9540)
(-2.5148)
G2(-0.1756)
(3.0868)
(0.9142)
G3(4.6751)
(-5.8735)
(-1.8778)
G4(-1.2920)
(-0.3868)
(0.7168)
A1(-1.1783)
(10.3656)
(-0.3401)
A2(2.1548)
(13.4171)
(7.1539)
A3(-9.3613)
(-11.1139)
(-0.6225)
A4(1.7478)
(8.7484)
(-0.3112)
G1(6.0379)
(1.1419)
(-1.9236)
G2(0.7732)
(1.7560)
(0.6497)
G3(0.7625)
(-5.8910)
(-1.3707)
G4(-0.6960)
(-0.1937)
(0.5922)
A1(-7.4868)
(-1.4274)
(28.8744)
A2(0.1101)
(7.2401)
(10.0413)
A3(-8.3270)
(0.0814)
(-12.1721)
A4(6.3973)
(6.4787)
(-2.0590)
G1(-1.5628)
(7.3102)
(0.8668)
G2(1.0185)
(-1.8161)
(0.1075)
G3(-2.9202)
(-4.0526)
(-1.7570)
G4(-0.2692)
(-0.0819)
(0.5624)
A1(-6.1073)
(-6.5959)
(15.6922)
A2(1.9968)
(6.4356)
(2.0590)
A3(5.4923)
(17.0611)
(12.9047)
A4(7.7428)
(8.6814)
(-3.6823)
G1(-3.3092)
(-6.8797)
(1.8065)
G2(1.1089)
(-0.1176)
(0.0319)
G3(-1.1233)
(0.3831)
(0.2873)
G4(-0.3810)
(-0.6981)
(0.1586)
A1(-24.5921)
(4.3494)
(-9.5274)
A2(4.9943)
(11.4874)
(1.1349)
A3(3.7637)
(5.5785)
(2.5714)
A4(-1.2498)
(11.9471)
(2.2745)
G1(-0.8019)
(-0.7732)
(0.3310)
G2(0.0825)
(-1.7693)
(0.0378)
G3(1.7134)
(4.1127)
(0.4464)
G4(0.2873)
(1.3611)
(-0.2751)
A1(-1.4801)
(-2.6010)
(1.8394)
A2(6.6080)
(12.9143)
(4.9225)
A3(-10.8170)
(-3.3136)
(-1.6855)
A4(-0.1101)
(8.7149)
(-5.2625)
G1(-1.4644)
(-3.7083)
(0.6747)
G2(-0.2043)
(-0.1591)
(0.4528)
G3(-0.7455)
(0.1783)
(-0.2831)
G4(0.1602)
(-1.8837)
(-0.0404)
A1(-13.1582)
(2.7016)
(-4.9146)
A2(-1.4557)
(5.2481)
(4.3144)
A3(-5.5354)
(4.5203)
(0.6369)
A4(0.9337)
(9.2033)
(-4.0175)
G1(-0.5837)
(-3.7253)
(1.5022)
G2(-0.3203)
(1.3484)
(0.0500)
G3(-0.2160)
(-1.0121)
(0.4762)
G4(0.0601)
(-1.0828)
(0.0468)
A1(-7.6784)
(3.2093)
(0.4359)
A2(1.1923)
(8.9878)
(1.3024)
A3(-1.8340)
(-0.3400)
(-0.7566)
A4(-0.0718)
(8.7149)
(-4.0797)
G1(-0.7045)
(-0.2767)
(1.5053)
G2(-0.0883)
(-1.5618)
(-0.6077)
G3(0.1878)
(1.7017)
(1.9901)
G4(-0.0202)
(-1.0797)
(0.0202)
A1(-8.5454)
(4.2919)
(1.3795)
A2(0.8380)
(9.8737)
(1.6855)
A3(-11.6167)
(-1.2594)
(-3.5003)
A4(-0.4310)
(8.8585)
(-4.6974)
G1(0.4491)
(-2.7260)
(2.8298)
G2(-0.1298)
(-0.0202)
(-0.5938)
G3(0.8008)
(1.0988)
(2.3179)
G4(-0.0740)
(-0.7077)
(-0.1522)
A1(-6.4761)
(4.5074)
(1.8202)
A2(6.2010)
(9.5529)
(2.0590)
A3(-4.3910)
(-2.0255)
(-5.2433)
A4(1.0630)
(9.3757)
(-4.1899)
G1(0.6343)
(-1.5453)
(2.5494)
G2(-0.0271)
(-0.5034)
(-0.4789)
G3(-0.5486)
(2.0268)
(2.5196)
G4(-0.1000)
(-0.1985)
(-0.3395)
A1(-5.7720)
(7.0414)
(3.7602)
A2(-0.1915)
(9.5050)
(0.7853)
A3(-4.6112)
(5.2864)
(-5.0613)
A4(-0.9529)
(9.3470)
(-4.3048)
G1(0.6306)
(-2.4552)
(2.2200)
G2(0.2017)
(-0.6896)
(-0.5848)
G3(-0.7577)
(2.9287)
(2.2099)
G4(-0.0101)
(0.2512)
(-0.2395)
A1(-7.8796)
(8.2868)
(5.3265)
A2(1.9058)
(10.0556)
(2.7342)
A3(-7.5561)
(4.1324)
(-7.1778)
A4(1.3551)
(8.6048)
(-4.9656)
G1(1.6863)
(-0.9158)
(3.1389)
G2(0.2575)
(0.0074)
(-0.3757)
G3(-0.7338)
(1.7193)
(2.9862)
G4(-0.0788)
(-0.3693)
(-0.1687)
A1(-11.0889)
(12.5978)
(6.2510)
A2(-0.7087)
(11.0229)
(3.7733)
A3(-5.4157)
(6.0430)
(-7.1682)
A4(-1.1013)
(9.9551)
(-1.9297)
G1(1.4622)
(-0.2256)
(1.6522)
G2(0.3161)
(-0.4065)
(-0.2171)
G3(-1.7746)
(2.2407)
(2.7249)
G4(0.0857)
(-0.4246)
(0.0319)
A1(-5.3409)
(8.4017)
(2.6968)
A2(2.1117)
(9.0022)
(-0.3926)
A3(-6.9384)
(11.7747)
(-7.0533)
A4(-0.7470)
(9.8402)
(-3.1603)
G1(1.9837)
(-0.4555)
(1.6139)
G2(0.4938)
(0.0516)
(-0.2778)
G3(-1.1632)
(2.3259)
(1.6841)
G4(0.2203)
(-0.2682)
(0.0431)
A1(-5.3744)
(10.8255)
(1.0394)
A2(-1.1061)
(8.6766)
(0.8811)
A3(-6.5027)
(9.1794)
(-5.3630)
A4(-0.3256)
(8.1211)
(-5.5450)
G1(0.9530)
(-0.8482)
(-0.1112)
G2(0.0250)
(-1.3063)
(-0.1410)
G3(-1.6948)
(0.3751)
(0.5396)
G4(0.2661)
(0.1857)
(-0.0772)
A1(-4.5457)
(9.7621)
(2.3711)
A2(-0.8428)
(9.0884)
(1.4844)
A3(-8.3845)
(14.0061)
(-11.5640)
A4(-1.2546)
(8.3366)
(-7.1347)
G1(0.7215)
(-1.8629)
(-0.7705)
G2(-0.2570)
(-0.4220)
(-0.0745)
G3(0.8125)
(1.6293)
(-0.1373)
G4(-0.0122)
(0.0756)
(-0.0777)
