A1(2.3088)
(8.2197)
(-1.5568)
A2(1.5227)
(9.3182)
(0.2059)
A3(2.0782)
(9.6007)
(-1.6185)
A4(11.1953)
(12.3828)
(-2.5283)
G1(-1.1185)
(-0.8386)
(-0.1878)
G2(0.1091)
(0.4448)
(0.0452)
G3(0.3060)
(0.0154)
(0.0101)
G4(0.7029)
(-0.0894)
(-0.5257)
A1(-0.5940)
(8.8376)
(1.0682)
A2(5.6168)
(8.7676)
(1.6472)
A3(1.2115)
(9.1937)
(-2.2266)
A4(8.0828)
(13.1585)
(-5.6934)
G1(-1.6980)
(0.6401)
(-0.1894)
G2(-0.9610)
(-0.6705)
(-0.0234)
G3(0.4741)
(-0.3762)
(-0.1277)
G4(0.3187)
(-0.4055)
(0.3257)
A1(3.7314)
(12.9379)
(5.0343)
A2(13.0628)
(8.0685)
(2.1308)
A3(2.9784)
(8.9064)
(-4.3000)
A4(-2.1261)
(2.1739)
(-14.2216)
G1(-1.2010)
(-4.2367)
(-0.2022)
G2(-4.1116)
(-0.9716)
(0.9397)
G3(0.7205)
(-0.4512)
(-0.1836)
G4(3.4731)
(0.3986)
(2.9718)
A1(0.7568)
(10.9069)
(13.8624)
A2(1.8866)
(7.1060)
(11.6837)
A3(3.1077)
(8.3414)
(-7.9727)
A4(2.1739)
(-5.8131)
(-6.9671)
G1(0.1953)
(-1.7315)
(-0.5295)
G2(-4.3564)
(-2.8133)
(2.8995)
G3(-0.0857)
(-1.0445)
(-0.0835)
G4(4.3016)
(3.3124)
(4.6661)
A1(0.6993)
(11.0985)
(2.0310)
A2(7.3885)
(5.5976)
(3.6344)
A3(-3.9217)
(10.5297)
(0.8380)
A4(2.3463)
(-4.7932)
(-5.1715)
G1(0.0819)
(-0.6768)
(0.0239)
G2(-0.6987)
(-4.1632)
(2.2652)
G3(-0.5938)
(-0.9775)
(-0.2948)
G4(-1.0286)
(2.0460)
(2.6451)
A1(-14.5665)
(6.6725)
(3.0752)
A2(8.7005)
(2.7773)
(-3.8355)
A3(0.8428)
(8.4084)
(-3.8642)
A4(16.0028)
(34.3281)
(11.8082)
G1(0.1038)
(1.2430)
(0.2065)
G2(2.8143)
(-2.4232)
(2.5509)
G3(-0.3097)
(-1.5782)
(-0.4374)
G4(-1.5953)
(-3.1602)
(0.4784)
A1(-2.5291)
(9.2352)
(4.7421)
A2(-1.2115)
(-3.6823)
(1.3072)
A3(-12.5217)
(11.4970)
(-2.3559)
A4(8.3414)
(-10.7164)
(-6.6176)
G1(-0.0468)
(-0.9248)
(0.1772)
G2(3.6604)
(0.2022)
(0.0963)
G3(-0.0436)
(2.1205)
(-0.2416)
G4(-0.1426)
(-1.6969)
(1.2106)
A1(3.5063)
(9.3789)
(2.2609)
A2(2.7150)
(-6.6655)
(3.4285)
A3(-0.4788)
(10.4722)
(0.4884)
A4(1.6999)
(-0.0718)
(3.9265)
G1(0.1426)
(0.2331)
(0.2448)
G2(-1.5639)
(3.4752)
(-0.9328)
G3(-0.0314)
(0.0160)
(0.2857)
G4(-0.0697)
(0.8359)
(-1.3420)
A1(0.4551)
(8.8712)
(3.1231)
A2(5.6599)
(0.3591)
(5.9855)
A3(-0.3448)
(9.5529)
(-2.3128)
A4(6.9767)
(-0.5315)
(-3.8164)
G1(0.1474)
(1.1871)
(-0.3358)
G2(-0.1820)
(-2.1433)
(0.2836)
G3(0.0133)
(0.2102)
(0.2373)
G4(2.4525)
(0.0394)
(-2.3338)
A1(0.1724)
(10.1693)
(2.5291)
A2(8.3462)
(-1.1253)
(0.3112)
A3(0.1341)
(9.6630)
(-0.8571)
A4(9.8545)
(-3.8882)
(-4.6831)
G1(0.2692)
(-0.1117)
(0.1634)
G2(-1.1797)
(1.4074)
(-0.6534)
G3(0.2230)
(0.6556)
(0.1830)
G4(1.0610)
(-1.4404)
(-2.1407)
A1(-2.3088)
(9.2639)
(1.9639)
A2(10.7739)
(-0.4645)
(1.0008)
A3(3.9648)
(9.0405)
(-2.2362)
A4(3.9935)
(-0.3831)
(-5.4684)
G1(0.6635)
(0.0968)
(0.2522)
G2(-0.2251)
(1.5681)
(-1.2675)
G3(0.1485)
(0.2613)
(0.0968)
G4(-0.7343)
(-1.7884)
(-2.2067)
A1(-1.9208)
(8.5694)
(1.1975)
A2(10.9319)
(1.8723)
(0.2729)
A3(-0.3735)
(9.4236)
(-0.5028)
A4(0.2682)
(2.4565)
(-8.1403)
G1(0.4321)
(1.2861)
(0.2506)
G2(0.0261)
(1.2068)
(-1.5777)
G3(-0.0277)
(1.0158)
(-0.1479)
G4(-2.4743)
(-1.6256)
(-2.2131)
A1(-1.3268)
(9.3310)
(-0.6754)
A2(6.5314)
(3.9121)
(2.1931)
A3(0.3352)
(9.8881)
(-0.0958)
A4(4.8267)
(7.0437)
(-10.4291)
G1(-0.0410)
(-0.1219)
(-0.0841)
G2(0.8429)
(1.6150)
(-2.3535)
G3(0.0979)
(2.8404)
(-0.4374)
G4(-3.2544)
(-1.4479)
(-1.7522)
A1(-5.0056)
(9.9872)
(0.5365)
A2(7.5800)
(7.3023)
(4.3287)
A3(3.5769)
(9.5098)
(-2.5474)
A4(12.3158)
(14.5137)
(-3.0598)
G1(-0.1080)
(1.3867)
(0.1671)
G2(1.5527)
(2.0156)
(-2.7883)
G3(0.5789)
(1.2483)
(-0.1969)
G4(-2.8112)
(-1.5958)
(-0.5795)
A1(1.6909)
(9.8340)
(1.8346)
A2(6.4308)
(8.8490)
(4.8123)
A3(-1.3408)
(8.7532)
(-4.7597)
A4(3.8068)
(10.5297)
(-2.2649)
G1(0.6513)
(0.6832)
(-0.1192)
G2(1.7560)
(-0.2538)
(-2.8723)
G3(0.0553)
(1.1781)
(-0.0740)
G4(-0.9482)
(-0.1314)
(-0.1697)
A1(1.2215)
(9.3310)
(0.9580)
A2(4.6160)
(9.2273)
(3.8355)
A3(1.3072)
(9.1889)
(-2.9257)
A4(5.7796)
(11.7651)
(0.2298)
G1(0.6039)
(-0.5816)
(-0.5587)
G2(1.1286)
(0.6540)
(-1.3553)
G3(-0.1846)
(0.8924)
(-0.0990)
G4(-0.3022)
(1.4420)
(-0.0585)
A1(0.0958)
(10.7201)
(0.4407)
A2(3.8834)
(10.4962)
(0.7709)
A3(1.5131)
(8.9352)
(-3.7397)
A4(5.9855)
(10.6590)
(-5.1954)
G1(-0.0303)
(-0.1277)
(-0.1155)
G2(0.5640)
(1.3340)
(-0.1596)
G3(-0.0511)
(-0.3672)
(-0.0059)
G4(-0.2826)
(0.0761)
(-0.2166)
A1(-0.8766)
(9.9441)
(-0.1198)
A2(1.9297)
(10.6063)
(1.3599)
A3(1.3886)
(9.0836)
(-3.0550)
A4(1.7717)
(9.4858)
(-2.8299)
G1(0.1623)
(-0.0016)
(-0.2645)
G2(0.5183)
(0.3241)
(-0.2794)
G3(-0.0617)
(-0.2272)
(-0.1149)
G4(-0.2230)
(-0.3959)
(-0.0447)
A1(-0.4359)
(9.5561)
(0.7089)
A2(4.4101)
(8.2935)
(0.3065)
A3(1.1109)
(8.9830)
(-2.9209)
A4(2.3511)
(8.9208)
(-3.8690)
G1(0.1559)
(-0.1974)
(-0.0846)
G2(0.1378)
(-0.0537)
(0.0122)
G3(-0.1006)
(-0.3161)
(-0.1139)
G4(-0.1841)
(-0.2698)
(-0.0883)
A1(-0.8718)
(8.9861)
(0.2491)
A2(0.6608)
(9.3230)
(0.8380)
A3(1.1444)
(9.1794)
(-2.7198)
A4(2.2984)
(8.8538)
(-4.0989)
G1(0.8386)
(0.1937)
(-0.1011)
G2(-0.2336)
(-0.4683)
(-0.2331)
G3(-0.0910)
(-0.0974)
(-0.1410)
G4(-0.1511)
(-0.1511)
(-0.0734)
