A1(-3.4824)
(4.9673)
(3.8991)
A2(1.9297)
(9.9838)
(2.2793)
A3(-1.3551)
(9.3805)
(-0.7374)
A4(-0.2969)
(6.6750)
(-6.4787)
G1(-2.2024)
(1.6352)
(0.7386)
G2(-0.5928)
(0.4294)
(-0.0814)
G3(1.0536)
(0.8727)
(-0.3012)
G4(0.6540)
(0.6859)
(-0.7247)
A1(-9.6232)
(10.6914)
(8.8520)
A2(-0.8236)
(7.6662)
(2.7773)
A3(-3.4477)
(10.2951)
(-5.5450)
A4(-1.5227)
(4.8842)
(-11.6550)
G1(-3.2305)
(1.6272)
(-1.4511)
G2(-0.7955)
(-0.4938)
(0.5896)
G3(1.1627)
(1.0610)
(-0.5880)
G4(0.1979)
(0.4305)
(-0.4656)
A1(-13.8959)
(15.5916)
(11.4099)
A2(0.9816)
(9.2225)
(4.2425)
A3(-11.6933)
(11.7699)
(-14.2120)
A4(-4.4197)
(8.4036)
(-10.7164)
G1(-2.8686)
(3.7189)
(-2.4898)
G2(-0.7604)
(1.5788)
(0.8141)
G3(0.9243)
(-1.1472)
(-0.2900)
G4(-0.8876)
(0.8274)
(0.2767)
A1(-13.5558)
(11.9464)
(-0.6035)
A2(-0.2298)
(14.0061)
(1.9345)
A3(-5.5641)
(20.1448)
(-20.4800)
A4(-4.8219)
(10.5441)
(-10.7356)
G1(-1.5128)
(3.1123)
(-2.4153)
G2(-1.1068)
(2.1114)
(0.8179)
G3(3.0714)
(-1.3319)
(-1.6043)
G4(-1.1297)
(1.6942)
(0.2011)
A1(-3.3482)
(7.2569)
(3.3482)
A2(0.7997)
(12.7084)
(7.8817)
A3(-2.5091)
(-10.4483)
(-3.8642)
A4(2.9880)
(2.8204)
(-1.0008)
G1(5.7431)
(6.3667)
(-1.7799)
G2(0.1995)
(-0.7269)
(0.7513)
G3(5.1141)
(-4.8321)
(-4.5416)
G4(-2.3706)
(3.7828)
(-1.6203)
A1(-4.7661)
(-0.0192)
(8.9286)
A2(-0.5363)
(11.4778)
(7.1108)
A3(-11.8609)
(-24.8422)
(-13.8145)
A4(-5.7604)
(17.7841)
(4.9177)
G1(5.7771)
(2.5658)
(-0.7354)
G2(1.5516)
(2.8543)
(0.2916)
G3(-1.6043)
(-2.4264)
(-5.6441)
G4(-0.4459)
(0.8684)
(0.3038)
A1(-41.2231)
(-1.6095)
(-24.1178)
A2(-0.6321)
(-1.8196)
(8.4946)
A3(-8.0637)
(59.2756)
(11.5784)
A4(-3.6344)
(16.6589)
(4.0845)
G1(-0.1602)
(-3.3406)
(-1.8917)
G2(2.3631)
(-0.1793)
(-0.1995)
G3(1.3872)
(4.4830)
(-0.6369)
G4(-0.1000)
(-0.3709)
(1.0387)
A1(0.3784)
(-4.1865)
(0.9867)
A2(20.6284)
(1.6328)
(3.6871)
A3(-10.2041)
(-1.8387)
(-9.9647)
A4(4.9177)
(6.8953)
(-5.1140)
G1(-1.7240)
(-2.3466)
(1.1361)
G2(-0.0915)
(0.6470)
(-0.5161)
G3(2.0130)
(-2.3727)
(0.4619)
G4(0.1000)
(-2.1125)
(0.4278)
A1(-10.3848)
(3.6788)
(-0.0862)
A2(-9.5193)
(20.4752)
(12.5648)
A3(0.1676)
(-0.9960)
(-2.2266)
A4(-1.8244)
(9.1985)
(-1.6759)
G1(-1.9970)
(-2.2088)
(1.5649)
G2(-0.2405)
(1.8257)
(0.3320)
G3(-3.4715)
(1.5596)
(-0.1729)
G4(0.2730)
(-0.6173)
(-0.0484)
A1(-4.1530)
(8.0616)
(0.6275)
A2(6.5170)
(8.4803)
(3.8786)
A3(-4.1180)
(8.7867)
(-6.6319)
A4(1.1444)
(9.6582)
(-3.2465)
G1(-3.3347)
(-2.7186)
(3.0075)
G2(-0.1612)
(-1.1201)
(-0.2144)
G3(0.8407)
(0.3352)
(1.8023)
G4(0.1016)
(-0.3060)
(-0.0234)
A1(-18.2596)
(8.0329)
(-2.8836)
A2(4.0318)
(9.7971)
(1.8627)
A3(-4.4580)
(-7.0820)
(-5.3678)
A4(-0.3256)
(9.8737)
(-2.1835)
G1(0.6348)
(-5.6250)
(3.1687)
G2(0.2432)
(0.6566)
(-0.2299)
G3(1.1419)
(4.8252)
(0.8993)
G4(0.2214)
(-0.1958)
(0.1745)
A1(4.2679)
(9.3406)
(-3.0177)
A2(0.1867)
(8.9208)
(3.9025)
A3(-7.1443)
(-7.4077)
(-0.8811)
A4(2.6001)
(9.2560)
(-1.9824)
G1(2.1561)
(-0.0628)
(1.6570)
G2(0.2389)
(-1.5346)
(-0.2565)
G3(-5.8884)
(6.2874)
(2.5557)
G4(0.3948)
(-0.6337)
(0.2687)
A1(-3.9518)
(7.3958)
(12.7655)
A2(0.3448)
(8.9352)
(4.3718)
A3(0.0287)
(-8.0589)
(-7.1395)
A4(1.2594)
(11.2958)
(0.9481)
G1(3.4635)
(-4.0494)
(2.3312)
G2(0.3049)
(-0.8636)
(-0.2714)
G3(-8.0509)
(3.3592)
(2.8814)
G4(0.8067)
(-1.2829)
(0.5013)
A1(-8.1862)
(14.6815)
(10.0687)
A2(1.4796)
(7.3598)
(3.5578)
A3(-4.2713)
(14.4275)
(-2.6193)
A4(0.9194)
(8.5377)
(-11.8369)
G1(0.8274)
(-5.3850)
(-0.3714)
G2(0.8046)
(-2.0540)
(0.0559)
G3(-3.6684)
(-0.4427)
(1.2526)
G4(0.7939)
(-1.3553)
(0.9365)
A1(-4.1913)
(10.7536)
(-1.7196)
A2(0.1772)
(6.5218)
(1.0870)
A3(-5.9664)
(7.0964)
(-7.0437)
A4(-2.4086)
(5.2625)
(-10.5776)
G1(0.6779)
(-0.2826)
(0.1942)
G2(-0.9009)
(-0.3954)
(0.2309)
G3(0.5832)
(0.3970)
(-0.0255)
G4(-0.0681)
(-1.1297)
(1.5532)
A1(-1.4514)
(10.0351)
(0.7233)
A2(5.1188)
(12.3349)
(-4.2186)
A3(-2.1644)
(6.6367)
(-4.5250)
A4(1.1253)
(9.1171)
(-4.2186)
G1(-0.0468)
(0.2943)
(0.3076)
G2(0.0463)
(-0.3698)
(0.2927)
G3(0.0569)
(-1.2877)
(0.4225)
G4(-0.3294)
(0.1575)
(-0.0564)
A1(-3.6356)
(9.3597)
(0.6898)
A2(1.0487)
(9.1554)
(2.2362)
A3(-0.2394)
(8.5281)
(-4.8554)
A4(3.0502)
(7.0390)
(-5.9664)
G1(0.1926)
(0.8370)
(0.0048)
G2(1.2840)
(-1.8416)
(-0.3539)
G3(-0.0979)
(-0.0468)
(0.1580)
G4(-0.0628)
(1.4160)
(-0.2347)
A1(-1.6334)
(10.1501)
(1.4226)
A2(-0.4836)
(7.2736)
(0.2729)
A3(-0.2203)
(8.5138)
(-3.5865)
A4(3.6727)
(7.8865)
(-6.5410)
G1(-0.0495)
(1.2398)
(0.2448)
G2(0.3672)
(0.4257)
(-0.2964)
G3(-0.1623)
(0.2730)
(0.0724)
G4(-0.1000)
(0.6167)
(-0.2038)
A1(-1.3604)
(9.3262)
(0.0814)
A2(4.8459)
(9.6582)
(-0.5459)
A3(0.3974)
(8.8969)
(-4.6256)
A4(3.0742)
(8.6335)
(-5.5450)
G1(0.7716)
(-0.2639)
(-0.2192)
G2(0.1383)
(1.0312)
(0.4374)
G3(-0.1437)
(0.5704)
(-0.0968)
G4(-0.1713)
(0.1969)
(0.0995)
A1(-2.6920)
(9.3933)
(-0.3161)
A2(1.9776)
(9.6822)
(1.2354)
A3(0.3879)
(8.8538)
(-3.4093)
A4(2.2170)
(7.2496)
(-5.5258)
G1(0.3480)
(-0.0101)
(-0.0543)
G2(0.0027)
(-0.4379)
(-0.0229)
G3(-0.2182)
(-0.2661)
(0.0309)
G4(-0.0458)
(0.5385)
(-0.1070)
