A1(0.0527)
(8.8568)
(-1.2550)
A2(1.6568)
(9.5050)
(-0.5842)
A3(1.5419)
(8.8107)
(-3.1843)
A4(0.6800)
(9.8258)
(-2.2075)
G1(-0.4619)
(0.2187)
(0.2629)
G2(0.0968)
(0.2065)
(0.1506)
G3(0.3177)
(0.1378)
(0.0873)
G4(0.0484)
(0.0181)
(0.0388)
A1(-0.2587)
(10.2842)
(-1.3508)
A2(2.7964)
(9.2799)
(-0.3256)
A3(2.4325)
(8.5329)
(-3.5195)
A4(1.7095)
(10.7212)
(-1.5179)
G1(-0.0623)
(0.0404)
(0.0649)
G2(0.3086)
(0.0596)
(0.2017)
G3(0.3006)
(0.0660)
(0.0793)
G4(0.5225)
(0.2565)
(-0.1176)
A1(0.8622)
(9.4699)
(-2.2657)
A2(2.0399)
(8.6574)
(0.1532)
A3(2.2122)
(8.1930)
(-5.1523)
A4(3.4764)
(15.9119)
(-2.4421)
G1(-0.3044)
(-0.0074)
(-0.1932)
G2(-0.4587)
(0.0027)
(0.0681)
G3(-0.0788)
(0.4933)
(-0.1554)
G4(1.3643)
(0.5800)
(-0.5901)
A1(0.8670)
(10.4375)
(1.3556)
A2(5.4300)
(9.8114)
(1.8531)
A3(3.1268)
(8.8681)
(-2.6576)
A4(-1.5419)
(18.2582)
(-9.7588)
G1(0.0830)
(-1.1925)
(-0.2650)
G2(-2.1024)
(-0.8838)
(0.2128)
G3(-0.2150)
(-0.0670)
(-0.1958)
G4(1.8459)
(0.0351)
(1.2404)
A1(0.6898)
(9.9154)
(1.8298)
A2(7.6998)
(8.5856)
(2.7677)
A3(2.9113)
(8.6335)
(-3.4093)
A4(-0.5698)
(8.6431)
(-13.0580)
G1(-0.2187)
(-1.8182)
(-0.3650)
G2(-3.7173)
(-1.2116)
(0.3868)
G3(-0.2320)
(-0.3789)
(-0.0910)
G4(2.2897)
(1.2233)
(0.7955)
A1(0.2251)
(9.8866)
(1.5137)
A2(3.6727)
(9.8641)
(7.8721)
A3(2.7869)
(9.3757)
(-1.8004)
A4(3.4668)
(-1.3455)
(-8.1499)
G1(-0.3906)
(-1.9678)
(-0.3288)
G2(-3.4774)
(-1.0935)
(1.7581)
G3(-0.1687)
(-0.6412)
(-0.1346)
G4(3.5854)
(2.6377)
(4.7363)
A1(-0.9963)
(10.2028)
(1.1113)
A2(10.3765)
(5.9568)
(6.5074)
A3(1.9106)
(8.2121)
(-4.5873)
A4(5.8945)
(-5.8897)
(-4.5873)
G1(-0.5374)
(-2.0316)
(-0.1213)
G2(-3.0905)
(-2.3636)
(2.2136)
G3(-0.2474)
(-1.9124)
(0.1293)
G4(0.5098)
(4.3655)
(3.4731)
A1(-0.9820)
(7.2330)
(5.3409)
A2(8.0685)
(4.5729)
(3.2609)
A3(2.0973)
(8.4420)
(-4.7932)
A4(8.8011)
(-8.8490)
(-7.7955)
G1(0.7705)
(-0.7066)
(-0.1501)
G2(-0.7583)
(-3.6684)
(1.9310)
G3(-0.6854)
(-2.1567)
(0.1298)
G4(-0.3544)
(2.3881)
(2.8532)
A1(-12.3487)
(3.3195)
(-3.6452)
A2(8.3414)
(1.4461)
(2.7725)
A3(0.1437)
(9.9838)
(-0.2777)
A4(3.1699)
(14.0061)
(16.0028)
G1(-0.2325)
(0.7359)
(-0.2799)
G2(1.7363)
(-3.2837)
(1.6873)
G3(-0.7503)
(-0.5981)
(-0.5204)
G4(-0.0692)
(-1.8299)
(-0.3070)
A1(-4.4595)
(9.2304)
(4.2009)
A2(8.9304)
(1.5419)
(-4.5729)
A3(-7.4891)
(12.3301)
(-4.1994)
A4(19.0339)
(-1.5419)
(-2.5139)
G1(0.5252)
(-0.3384)
(-0.0628)
G2(4.2910)
(-0.3837)
(1.2271)
G3(0.1969)
(0.6971)
(-0.2799)
G4(-1.0488)
(1.2052)
(0.4544)
A1(-1.9016)
(8.5742)
(3.3578)
A2(0.0096)
(1.3695)
(3.7685)
A3(4.9752)
(8.9112)
(-2.9497)
A4(2.3415)
(-7.5274)
(-1.3982)
G1(0.1708)
(0.6758)
(-0.0271)
G2(3.4332)
(-1.4213)
(1.7794)
G3(-0.2948)
(-0.7764)
(0.1916)
G4(-0.4432)
(-2.7888)
(1.3266)
A1(-3.2860)
(9.5992)
(-0.3353)
A2(2.9449)
(1.2210)
(3.6727)
A3(-1.0726)
(10.8984)
(1.3599)
A4(8.3366)
(-1.0582)
(-3.2513)
G1(-0.0394)
(1.1547)
(0.2671)
G2(-2.3578)
(7.9865)
(-3.4305)
G3(0.6455)
(1.9890)
(-0.1117)
G4(-0.2235)
(-1.5085)
(0.4587)
A1(-1.6430)
(8.5981)
(1.6574)
A2(6.4883)
(3.4907)
(4.7118)
A3(1.9154)
(7.9200)
(-4.7309)
A4(7.6710)
(1.2115)
(-5.7461)
G1(-0.0474)
(1.8071)
(0.1522)
G2(0.7822)
(-4.3889)
(-0.1985)
G3(0.2857)
(1.6809)
(0.0069)
G4(1.0238)
(1.0296)
(-4.3325)
A1(-1.0059)
(9.2304)
(1.7388)
A2(13.1873)
(3.0071)
(-3.0933)
A3(0.4357)
(9.5241)
(-2.7246)
A4(5.4348)
(-2.2362)
(-5.9759)
G1(0.1926)
(0.9222)
(0.4326)
G2(-0.9546)
(1.5453)
(-0.8743)
G3(0.1474)
(1.6495)
(-0.0117)
G4(0.7045)
(-2.0752)
(-3.5093)
A1(-0.9245)
(8.8999)
(-0.1198)
A2(7.3215)
(3.7828)
(4.7453)
A3(1.8052)
(9.2129)
(-1.7238)
A4(4.7836)
(2.6911)
(-8.4420)
G1(0.3437)
(2.0055)
(-0.0394)
G2(-1.6554)
(2.9788)
(-1.5165)
G3(0.0458)
(1.2994)
(0.0452)
G4(-0.6923)
(-2.5169)
(-3.7897)
A1(-0.6179)
(8.9286)
(-0.3066)
A2(6.6224)
(3.5913)
(2.1644)
A3(2.7150)
(8.9447)
(-2.0734)
A4(1.5371)
(6.5888)
(-10.8936)
G1(0.1852)
(1.0733)
(-0.1681)
G2(0.7333)
(0.8242)
(-1.9507)
G3(-0.1490)
(1.3521)
(-0.0388)
G4(-1.2675)
(-0.9844)
(-3.5380)
A1(0.4167)
(9.4364)
(0.2874)
A2(5.0613)
(5.3917)
(4.7692)
A3(2.3032)
(9.6151)
(-1.8292)
A4(3.2753)
(10.2855)
(-9.8593)
G1(-0.0085)
(1.2515)
(-0.1410)
G2(1.0695)
(1.0898)
(-2.1114)
G3(-0.1240)
(0.6332)
(0.0202)
G4(-1.2909)
(-2.1146)
(-1.5213)
A1(-1.6861)
(9.1154)
(-0.2874)
A2(8.2887)
(8.5425)
(4.4484)
A3(3.6296)
(9.3853)
(-1.8771)
A4(3.5291)
(11.9423)
(-7.9535)
G1(0.0436)
(0.1160)
(0.0404)
G2(2.0710)
(3.3906)
(-2.8175)
G3(0.1490)
(0.4800)
(-0.1346)
G4(-1.6070)
(-1.6857)
(0.0495)
A1(-1.0490)
(9.9537)
(-0.0862)
A2(6.6894)
(8.9735)
(4.4628)
A3(2.3320)
(9.2847)
(-2.7342)
A4(1.2833)
(14.9494)
(-1.8962)
G1(-0.4172)
(0.6029)
(0.3187)
G2(1.5165)
(-0.7476)
(-2.3120)
G3(0.0346)
(-0.1229)
(0.0213)
G4(-1.1786)
(0.4864)
(0.3235)
A1(0.8526)
(9.7621)
(0.1916)
A2(2.3846)
(10.1275)
(3.5578)
A3(-0.1389)
(9.1411)
(-2.2984)
A4(-1.5802)
(10.2855)
(-1.4844)
G1(-0.3267)
(0.6098)
(-0.0474)
G2(2.5137)
(0.9865)
(-1.4186)
G3(0.3102)
(-0.1421)
(-0.0011)
G4(-0.4874)
(-0.0788)
(-0.0021)
