A1(4.8619)
(12.8229)
(-1.6190)
A2(2.3032)
(9.0118)
(-1.0487)
A3(0.8523)
(8.9208)
(-1.5131)
A4(9.9982)
(14.7531)
(-0.5507)
G1(-0.9365)
(0.1266)
(-0.4337)
G2(0.0830)
(0.1389)
(0.3443)
G3(1.0153)
(0.5177)
(0.1330)
G4(1.1084)
(0.7471)
(-0.7881)
A1(-0.1437)
(5.9971)
(-3.2668)
A2(5.1619)
(7.1682)
(3.1747)
A3(4.6639)
(5.8610)
(-9.6726)
A4(-0.4836)
(11.5879)
(-5.3103)
G1(-1.0786)
(-3.0373)
(-0.4124)
G2(-1.6198)
(-0.1171)
(0.1628)
G3(0.2506)
(-0.2751)
(-0.0229)
G4(0.9488)
(0.2512)
(0.8333)
A1(4.2967)
(16.2191)
(6.5480)
A2(7.4843)
(8.2217)
(5.8083)
A3(1.6328)
(8.5760)
(-3.9409)
A4(-0.7135)
(15.5049)
(-16.5248)
G1(-1.2813)
(-1.6490)
(-0.7024)
G2(-3.0171)
(0.3975)
(0.2618)
G3(-0.0921)
(0.1767)
(0.0112)
G4(3.2060)
(-0.5475)
(2.6909)
A1(-0.3736)
(10.8686)
(4.9481)
A2(8.0637)
(12.2248)
(9.6103)
A3(3.2465)
(9.2608)
(-3.8164)
A4(2.7629)
(-3.2753)
(-7.4316)
G1(-0.7529)
(-4.4942)
(-0.5965)
G2(-5.1184)
(-2.9165)
(2.2407)
G3(-0.3533)
(-1.1020)
(-0.0484)
G4(2.9538)
(2.2604)
(6.1491)
A1(-3.6644)
(9.5944)
(1.8825)
A2(6.4643)
(9.9407)
(13.1729)
A3(5.0518)
(7.1682)
(-5.7796)
A4(1.3120)
(-6.3446)
(-3.4237)
G1(0.3219)
(-1.2499)
(-1.3015)
G2(-5.2232)
(-2.4099)
(1.9018)
G3(-0.7402)
(-1.8118)
(0.1841)
G4(3.0293)
(3.7173)
(4.7278)
A1(3.2620)
(8.7562)
(3.8177)
A2(9.3374)
(4.6352)
(4.3479)
A3(3.1556)
(7.4268)
(-1.6376)
A4(3.9840)
(-11.8130)
(-4.8794)
G1(0.4225)
(-1.7693)
(-0.4331)
G2(-2.6664)
(-3.3571)
(1.6618)
G3(-1.5112)
(-2.1556)
(-0.1330)
G4(0.9504)
(2.1758)
(4.1680)
A1(-5.7193)
(8.4305)
(5.1828)
A2(5.3678)
(5.0326)
(2.8395)
A3(-0.0192)
(10.5680)
(-0.0718)
A4(-0.5650)
(-9.5624)
(-10.4052)
G1(0.2703)
(-1.3058)
(-0.0234)
G2(-0.7301)
(-4.4767)
(1.6203)
G3(-1.4122)
(-2.3253)
(-0.1719)
G4(-0.8301)
(-0.1543)
(1.8773)
A1(2.6968)
(15.2754)
(3.4488)
A2(9.6869)
(3.4429)
(0.1101)
A3(-2.9353)
(11.3054)
(1.3695)
A4(-2.2984)
(-31.5652)
(-22.3427)
G1(-0.5204)
(1.1089)
(-0.9589)
G2(4.2425)
(-4.2181)
(0.9482)
G3(-0.1272)
(-0.4342)
(-0.4917)
G4(0.5662)
(8.4468)
(-6.9946)
A1(-9.5130)
(11.1129)
(1.8106)
A2(-2.4229)
(-10.3477)
(3.7302)
A3(7.5561)
(8.9687)
(-0.5219)
A4(14.7722)
(3.9456)
(-1.8483)
G1(0.0846)
(0.9083)
(0.3847)
G2(2.6893)
(-1.6256)
(0.0612)
G3(-0.1713)
(-0.6300)
(0.6024)
G4(0.0654)
(1.5277)
(-1.5516)
A1(-0.2347)
(9.7956)
(0.7664)
A2(10.1035)
(5.5354)
(9.4619)
A3(0.1437)
(11.1570)
(1.9393)
A4(1.9010)
(5.2481)
(-1.9920)
G1(0.3592)
(2.6505)
(0.3789)
G2(-2.8856)
(4.6815)
(-0.9466)
G3(0.3581)
(0.6870)
(0.0777)
G4(-0.3549)
(-0.6263)
(-1.0834)
A1(-1.5041)
(9.2496)
(2.5052)
A2(3.8930)
(-6.3829)
(6.9001)
A3(-0.4214)
(9.2416)
(-1.8818)
A4(10.0221)
(-5.3774)
(-7.6040)
G1(-0.0383)
(1.0839)
(0.1293)
G2(-2.2508)
(-7.5901)
(0.3363)
G3(0.2820)
(2.1684)
(-0.2033)
G4(-0.1453)
(-2.9452)
(-5.3499)
A1(-1.1161)
(10.0160)
(1.8298)
A2(-6.2920)
(-2.4325)
(3.7062)
A3(-1.9106)
(9.7588)
(-2.2889)
A4(7.3023)
(-3.7685)
(-6.1435)
G1(0.1517)
(0.8647)
(0.3826)
G2(-1.8917)
(4.1553)
(-0.8503)
G3(0.2794)
(1.1079)
(0.1075)
G4(-0.8663)
(-2.5962)
(-6.5200)
A1(2.5100)
(10.3082)
(3.6692)
A2(8.9926)
(4.6256)
(0.9385)
A3(-1.0487)
(8.6862)
(-4.4341)
A4(2.9305)
(6.3638)
(-9.6438)
G1(0.6173)
(1.3122)
(0.2011)
G2(-1.9231)
(1.9326)
(-1.8741)
G3(0.1910)
(0.5374)
(0.0942)
G4(-1.4011)
(-1.7145)
(-3.6609)
A1(1.4466)
(10.8973)
(1.4131)
A2(5.1619)
(6.9671)
(5.5785)
A3(0.3831)
(8.7532)
(-3.0646)
A4(4.4580)
(9.1602)
(-10.9654)
G1(0.5231)
(0.2788)
(-0.3358)
G2(1.3665)
(3.0245)
(-2.4163)
G3(0.0394)
(0.1900)
(0.0059)
G4(-1.2180)
(-2.0667)
(-0.5747)
A1(-2.3854)
(8.6077)
(-2.4381)
A2(10.3238)
(6.7038)
(5.5019)
A3(4.5250)
(9.1075)
(-4.5586)
A4(4.4628)
(9.9359)
(-8.9783)
G1(1.1408)
(0.7333)
(-0.0176)
G2(1.6937)
(2.8660)
(-2.9144)
G3(-0.0170)
(0.1463)
(0.0351)
G4(-1.3058)
(-2.0529)
(0.1564)
A1(-1.0059)
(8.7131)
(-0.2826)
A2(8.6287)
(9.2799)
(3.6057)
A3(2.0207)
(8.4755)
(-2.9401)
A4(4.3718)
(11.2671)
(-6.2584)
G1(0.9541)
(0.9610)
(-0.1905)
G2(1.4676)
(-0.2996)
(-2.5297)
G3(-0.3858)
(0.4188)
(-0.0819)
G4(-2.1178)
(-0.8461)
(0.1788)
A1(-0.0527)
(10.2698)
(-2.5291)
A2(5.3151)
(9.4236)
(4.6831)
A3(0.7949)
(9.5289)
(-2.1213)
A4(-0.5076)
(14.3508)
(-1.8771)
G1(0.3257)
(1.8917)
(0.3150)
G2(1.8576)
(0.6093)
(-2.3594)
G3(-0.4209)
(0.7678)
(-0.1112)
G4(-0.3789)
(-0.9674)
(0.1660)
A1(-0.1150)
(9.3358)
(-2.0932)
A2(4.1611)
(9.7444)
(2.0734)
A3(1.5323)
(10.4244)
(-0.4597)
A4(3.3854)
(9.3853)
(-4.9368)
G1(-0.1543)
(0.2671)
(-0.3783)
G2(2.7989)
(1.7336)
(-1.3079)
G3(-0.1458)
(0.5672)
(-0.1155)
G4(-0.3310)
(0.5949)
(0.0697)
A1(0.7808)
(9.5992)
(-2.2896)
A2(5.0996)
(7.4555)
(1.1396)
A3(2.0159)
(9.5529)
(-0.4501)
A4(-0.4980)
(9.8833)
(-3.4237)
G1(-0.3453)
(0.0596)
(0.0676)
G2(1.5043)
(0.8163)
(-0.7657)
G3(0.1910)
(0.6928)
(-0.1282)
G4(-0.3028)
(-0.1511)
(0.0532)
A1(-1.3700)
(8.2820)
(-1.1304)
A2(4.5442)
(9.7540)
(1.0678)
A3(2.7102)
(8.9399)
(-2.3320)
A4(1.2163)
(9.9647)
(-4.8315)
G1(0.6545)
(0.1548)
(-0.4842)
G2(0.9493)
(1.9773)
(0.1618)
G3(0.2261)
(-0.1650)
(-0.1995)
G4(-0.2033)
(-0.1745)
(-0.2661)
