A1(-2.1076)
(7.9371)
(2.3998)
A2(-0.1963)
(8.6766)
(1.7909)
A3(-2.9305)
(9.4858)
(-1.0822)
A4(0.3735)
(7.7716)
(-6.0525)
G1(-1.3941)
(-0.1650)
(0.4677)
G2(-0.3278)
(-0.2692)
(0.0665)
G3(0.2054)
(1.3000)
(-0.2426)
G4(0.3746)
(0.3347)
(-0.3304)
A1(-10.9404)
(16.0131)
(9.8435)
A2(0.4693)
(9.0357)
(0.7422)
A3(-2.4660)
(11.4491)
(-0.9433)
A4(-2.4086)
(6.9288)
(-11.3868)
G1(-3.7514)
(1.0509)
(-1.0557)
G2(-0.7710)
(0.6518)
(0.1841)
G3(0.9700)
(0.3139)
(0.0851)
G4(-0.0559)
(0.0543)
(0.1181)
A1(-4.7565)
(9.9968)
(9.9633)
A2(-0.0862)
(8.8394)
(0.5507)
A3(-10.6255)
(15.7347)
(-5.0805)
A4(-0.7422)
(9.6774)
(-7.8338)
G1(-3.5636)
(1.1664)
(-0.5326)
G2(-0.7971)
(0.6274)
(0.4252)
G3(1.2430)
(-0.7152)
(0.9748)
G4(-0.4411)
(0.7716)
(-0.1048)
A1(-9.5370)
(13.1774)
(3.5063)
A2(-1.9249)
(15.2223)
(2.2218)
A3(-7.8003)
(22.0602)
(-15.5719)
A4(-0.9673)
(8.7819)
(-6.7995)
G1(-1.4053)
(5.3259)
(-2.8457)
G2(-0.6178)
(0.5933)
(0.7269)
G3(2.9612)
(-1.8592)
(-0.6566)
G4(-0.5651)
(1.5282)
(-0.1224)
A1(-8.2101)
(8.7562)
(-2.7543)
A2(-0.9481)
(10.4818)
(4.8842)
A3(-3.9983)
(-5.6934)
(-10.2089)
A4(-0.9337)
(7.1491)
(-3.5626)
G1(4.2441)
(4.2734)
(-3.2177)
G2(-0.3491)
(1.0413)
(0.9339)
G3(6.0975)
(-4.6789)
(-6.7041)
G4(-1.5330)
(0.7333)
(0.1974)
A1(-10.3034)
(11.9943)
(1.8873)
A2(-0.3448)
(11.3054)
(3.7254)
A3(-5.4013)
(-11.4156)
(-2.2410)
A4(1.6759)
(8.9112)
(-0.6081)
G1(5.6888)
(5.5483)
(-3.5391)
G2(0.1203)
(1.9076)
(0.7987)
G3(2.7154)
(-6.8052)
(-3.8983)
G4(-1.3915)
(1.3345)
(0.1618)
A1(3.0513)
(-0.8862)
(9.6376)
A2(11.0468)
(6.5793)
(-2.0590)
A3(-7.4220)
(-8.2265)
(-13.2591)
A4(4.7884)
(6.0047)
(-1.5850)
G1(0.9504)
(0.3672)
(-1.1180)
G2(1.6160)
(-0.3847)
(0.5342)
G3(-2.9820)
(-1.5016)
(-5.3408)
G4(-0.5901)
(0.2927)
(0.1203)
A1(-6.7731)
(-5.9971)
(7.5443)
A2(-1.4126)
(6.4691)
(6.0573)
A3(1.9249)
(16.8121)
(-8.3653)
A4(23.1184)
(13.0436)
(0.0335)
G1(-0.9679)
(-5.1445)
(-0.2070)
G2(0.8551)
(-0.4773)
(0.5060)
G3(-2.9905)
(2.5999)
(-2.6010)
G4(-0.4480)
(-2.0215)
(0.5789)
A1(0.4263)
(-3.3913)
(5.4559)
A2(11.8130)
(2.5091)
(-1.8627)
A3(-8.7580)
(-2.5379)
(2.8347)
A4(1.4174)
(8.1020)
(-4.9033)
G1(-2.4296)
(0.5880)
(0.7604)
G2(-0.1921)
(-1.5383)
(-0.9344)
G3(-0.9466)
(1.5000)
(0.7870)
G4(0.3831)
(0.5289)
(-0.5773)
A1(-10.8303)
(5.1253)
(3.0177)
A2(-5.2768)
(4.0845)
(1.6520)
A3(-3.4046)
(-4.4915)
(-2.9449)
A4(3.0406)
(9.6247)
(-0.6895)
G1(-1.5453)
(-3.8195)
(2.3503)
G2(0.3741)
(1.7815)
(0.5247)
G3(0.6513)
(-1.3622)
(2.5355)
G4(0.3108)
(0.7258)
(-0.4475)
A1(-11.9751)
(4.0907)
(-4.1961)
A2(7.3741)
(11.4012)
(2.1308)
A3(3.5099)
(-1.3024)
(-0.1963)
A4(0.6800)
(10.0652)
(-0.6752)
G1(0.9222)
(-0.5523)
(2.4360)
G2(0.3299)
(0.6183)
(-0.6375)
G3(-1.3154)
(0.6231)
(4.2952)
G4(0.4060)
(0.7386)
(-0.3097)
A1(-8.3442)
(5.4367)
(3.9470)
A2(-1.0726)
(7.4891)
(4.0749)
A3(-7.1682)
(-1.0487)
(-2.6815)
A4(0.9194)
(8.8202)
(-4.9991)
G1(-0.4326)
(-0.6029)
(2.6792)
G2(0.4411)
(0.5428)
(-0.2740)
G3(-0.6880)
(3.3880)
(2.4115)
G4(0.2559)
(-0.1602)
(-0.0559)
A1(-8.0952)
(6.0929)
(3.6356)
A2(2.5618)
(9.9168)
(2.6815)
A3(-8.7628)
(2.0159)
(-6.2728)
A4(1.9537)
(9.1506)
(-3.6966)
G1(0.3943)
(-2.0678)
(1.9215)
G2(0.1330)
(-0.1479)
(-0.1064)
G3(-1.1738)
(2.6350)
(1.8134)
G4(0.0021)
(-0.8844)
(-0.0282)
A1(-8.7849)
(9.1969)
(3.5494)
A2(0.6129)
(9.3805)
(0.6704)
A3(-9.7252)
(6.8043)
(-6.1627)
A4(0.1915)
(9.3182)
(-4.2808)
G1(0.5337)
(-0.3794)
(1.7283)
G2(0.0830)
(-0.1969)
(-0.3735)
G3(-1.2702)
(1.7868)
(1.7384)
G4(-0.0101)
(-0.7513)
(0.1213)
A1(-4.1194)
(8.2532)
(4.2775)
A2(2.4229)
(9.7205)
(0.1772)
A3(-6.4356)
(4.3191)
(-7.4124)
A4(0.4597)
(9.1267)
(-4.0989)
G1(0.9158)
(-0.5332)
(1.4042)
G2(0.1415)
(-0.4252)
(-0.2480)
G3(-0.5114)
(1.5575)
(1.3883)
G4(0.1266)
(-0.5853)
(0.0591)
A1(-6.8689)
(9.7046)
(2.7160)
A2(-0.1341)
(9.1219)
(3.6440)
A3(-5.4253)
(6.8714)
(-6.7612)
A4(1.0295)
(9.1411)
(-3.4093)
G1(1.8933)
(-1.5719)
(1.0387)
G2(0.3544)
(-1.1073)
(-0.2006)
G3(-1.3872)
(1.4218)
(1.5213)
G4(0.1910)
(-0.4395)
(0.0165)
A1(-3.1566)
(8.7322)
(3.6261)
A2(1.0104)
(9.1937)
(0.6081)
A3(-3.3950)
(8.8825)
(-6.0190)
A4(0.4932)
(9.5529)
(-4.2425)
G1(1.3069)
(-0.1809)
(0.5459)
G2(0.3464)
(-0.2027)
(-0.1080)
G3(-1.7533)
(1.6432)
(0.8721)
G4(0.1511)
(-0.6045)
(0.1713)
A1(-2.5339)
(7.8509)
(2.5435)
A2(0.7901)
(9.5193)
(1.1396)
A3(-2.4852)
(9.0884)
(-5.2050)
A4(1.1779)
(9.5289)
(-4.2904)
G1(0.9477)
(-1.2451)
(0.3017)
G2(0.0952)
(-0.8237)
(-0.0367)
G3(-1.3702)
(0.5507)
(0.4177)
G4(0.1203)
(-1.0429)
(0.3134)
A1(-7.2090)
(10.6195)
(0.9580)
A2(-0.2538)
(9.8689)
(1.0582)
A3(-1.8148)
(9.3470)
(-0.8092)
A4(1.0391)
(9.2320)
(-5.6312)
G1(0.9541)
(-1.2425)
(-0.4800)
G2(0.0628)
(-0.9222)
(-0.0591)
G3(-1.1776)
(-0.2166)
(0.4965)
G4(0.2272)
(-1.3079)
(0.4597)
A1(-1.1879)
(9.9202)
(0.3880)
A2(1.0822)
(10.1035)
(1.6041)
A3(-0.9098)
(10.9559)
(-4.2617)
A4(-1.1492)
(7.2018)
(-7.6902)
G1(0.2395)
(0.2794)
(0.3411)
G2(0.3304)
(-0.3911)
(0.0064)
G3(0.0112)
(0.2724)
(-0.1086)
G4(-0.1548)
(0.0772)
(0.1272)
