A1(4.6607)
(9.0340)
(-4.0955)
A2(1.4317)
(9.1842)
(-0.1006)
A3(-1.3024)
(9.6438)
(-1.0822)
A4(6.8331)
(10.8553)
(-0.5746)
G1(-1.1813)
(-0.5555)
(0.1612)
G2(-0.1889)
(0.3810)
(-0.0293)
G3(0.5848)
(-0.4315)
(0.1075)
G4(0.5896)
(-0.5507)
(-0.3352)
A1(-0.5221)
(13.1870)
(1.2310)
A2(4.1611)
(8.8346)
(0.3496)
A3(1.5275)
(8.4180)
(-4.2760)
A4(6.9863)
(14.7148)
(-7.5274)
G1(-1.1430)
(-1.4181)
(-0.7290)
G2(-0.6848)
(-0.6902)
(0.0192)
G3(0.5678)
(-0.2118)
(0.0463)
G4(1.2723)
(1.3202)
(-0.9791)
A1(3.8272)
(12.0469)
(3.4776)
A2(9.5768)
(9.7923)
(5.9999)
A3(0.6464)
(9.2943)
(-5.5210)
A4(2.9832)
(10.4962)
(-14.1210)
G1(-0.7710)
(-0.7934)
(-0.6486)
G2(-3.3938)
(-2.4647)
(0.3475)
G3(-0.1511)
(-0.8684)
(0.0112)
G4(2.4929)
(-0.7152)
(1.9720)
A1(-4.0763)
(11.9895)
(2.5627)
A2(0.5411)
(10.4244)
(9.3182)
A3(2.2505)
(9.3134)
(-3.1795)
A4(1.8962)
(-2.6288)
(-8.8298)
G1(0.0319)
(-1.9113)
(-0.3267)
G2(-3.2688)
(-1.7049)
(2.7617)
G3(-0.5539)
(-0.5486)
(-0.3453)
G4(3.3332)
(2.2333)
(5.4281)
A1(-1.6526)
(7.7838)
(4.8188)
A2(12.4403)
(6.4452)
(5.4013)
A3(1.0774)
(7.8051)
(-2.1021)
A4(2.4756)
(-9.4140)
(-3.8211)
G1(0.3704)
(-0.1958)
(-0.1383)
G2(-2.9761)
(-2.4796)
(2.5307)
G3(-0.9200)
(-2.3003)
(-0.1336)
G4(2.1758)
(5.4462)
(2.1136)
A1(-0.5892)
(7.3335)
(2.8980)
A2(4.7884)
(4.2138)
(2.8491)
A3(-2.2793)
(9.9216)
(0.7135)
A4(3.5003)
(-7.2688)
(-8.3462)
G1(0.1607)
(-0.3560)
(0.0372)
G2(0.0612)
(-3.8184)
(2.0646)
G3(-0.6476)
(-1.3074)
(-0.2277)
G4(-0.6619)
(0.9998)
(2.9341)
A1(5.8151)
(11.7356)
(4.1769)
A2(7.6950)
(2.0016)
(-2.5235)
A3(-3.6152)
(9.9455)
(0.1197)
A4(-10.3956)
(-6.4691)
(-18.4497)
G1(-0.2315)
(0.7354)
(-0.7795)
G2(4.0004)
(-2.8920)
(1.7496)
G3(-0.1756)
(-0.3326)
(-0.4752)
G4(0.7737)
(10.4826)
(-6.4742)
A1(-6.2941)
(10.0064)
(3.0944)
A2(0.2490)
(-5.6407)
(2.2745)
A3(6.2393)
(9.7588)
(-1.8052)
A4(9.5912)
(-3.3279)
(-6.2441)
G1(-0.0921)
(0.3017)
(0.1405)
G2(3.5492)
(-2.5903)
(1.1765)
G3(-0.4087)
(-1.0014)
(0.3038)
G4(-0.7497)
(0.1208)
(0.7003)
A1(-2.0406)
(10.2603)
(2.2178)
A2(22.3044)
(7.1443)
(-13.9103)
A3(-2.4948)
(9.5672)
(-1.7861)
A4(5.3582)
(2.0494)
(-0.1532)
G1(0.3469)
(-0.3539)
(0.0612)
G2(1.9183)
(-1.0860)
(-0.1309)
G3(0.2921)
(1.0791)
(0.0479)
G4(-0.9418)
(0.8088)
(-0.9344)
A1(-3.5734)
(8.8664)
(2.9028)
A2(2.3750)
(0.6081)
(8.7101)
A3(-0.6608)
(9.5289)
(-1.1684)
A4(0.6704)
(-3.5147)
(-0.1580)
G1(0.2123)
(0.3496)
(0.1192)
G2(0.9690)
(-0.1772)
(0.2921)
G3(0.1282)
(0.2022)
(0.2410)
G4(-1.6724)
(-3.9962)
(-1.4112)
A1(0.6035)
(10.2794)
(1.5089)
A2(3.2992)
(0.7518)
(1.4940)
A3(0.3543)
(9.1698)
(-1.4557)
A4(6.8618)
(-2.5474)
(-8.1451)
G1(0.3257)
(0.1250)
(0.1346)
G2(-0.7396)
(-0.8620)
(-1.4298)
G3(0.1591)
(1.5085)
(0.0708)
G4(-2.2359)
(-1.3548)
(-2.5919)
A1(-1.6526)
(9.0963)
(1.3508)
A2(11.8082)
(6.3542)
(-0.5171)
A3(2.6863)
(9.1075)
(-2.5666)
A4(5.6647)
(2.5091)
(-8.4324)
G1(0.5013)
(0.8445)
(0.0447)
G2(-1.1691)
(2.3945)
(-2.1694)
G3(0.0362)
(0.5060)
(0.2054)
G4(-2.6829)
(-1.3622)
(-3.8025)
A1(0.5461)
(9.9681)
(0.6754)
A2(8.9304)
(5.7748)
(2.4852)
A3(0.2251)
(10.0796)
(-1.3838)
A4(5.4348)
(7.6471)
(-8.3797)
G1(0.6295)
(-0.2325)
(0.0708)
G2(0.1368)
(-0.0479)
(-1.9039)
G3(-0.0165)
(0.5699)
(0.0660)
G4(-0.8077)
(-0.1868)
(-2.2045)
A1(-1.2885)
(9.6759)
(-0.9676)
A2(6.9911)
(6.4117)
(4.5969)
A3(1.3120)
(10.3477)
(0.5411)
A4(6.0142)
(6.8426)
(-10.0221)
G1(0.2703)
(0.7764)
(-0.0117)
G2(0.7567)
(2.6797)
(-1.9529)
G3(-0.1591)
(1.2521)
(-0.2246)
G4(-0.4762)
(-0.5380)
(-0.8902)
A1(-1.1736)
(8.4832)
(-0.3161)
A2(7.9535)
(7.9679)
(3.5721)
A3(2.4852)
(10.0030)
(-1.6951)
A4(1.8196)
(8.9926)
(-6.6367)
G1(0.1607)
(0.4720)
(0.1644)
G2(1.3819)
(0.7769)
(-1.6634)
G3(0.4204)
(0.7152)
(-0.0325)
G4(-1.6027)
(0.3767)
(-0.5316)
A1(-1.1017)
(9.9872)
(-0.5413)
A2(5.6934)
(8.8921)
(1.9345)
A3(3.2609)
(9.5050)
(-2.6049)
A4(3.5913)
(11.9327)
(-3.6966)
G1(0.2166)
(1.0695)
(-0.2623)
G2(2.3035)
(1.4857)
(-1.2483)
G3(0.4108)
(0.2889)
(-0.2017)
G4(-0.9429)
(0.7077)
(-0.2799)
A1(1.8969)
(10.6099)
(-0.9676)
A2(3.2561)
(9.3757)
(2.7390)
A3(2.1308)
(9.1937)
(-2.8874)
A4(2.3846)
(11.5640)
(-4.8507)
G1(0.0766)
(0.6710)
(-0.2027)
G2(2.0593)
(1.3947)
(-0.9073)
G3(0.2485)
(0.6641)
(-0.2081)
G4(-1.1680)
(0.1485)
(-0.3187)
A1(-0.2251)
(9.6136)
(-1.1113)
A2(2.8060)
(8.8585)
(0.4310)
A3(2.9018)
(9.3470)
(-1.8818)
A4(2.0446)
(10.9319)
(0.2825)
G1(-0.3310)
(0.5731)
(-0.2474)
G2(1.2015)
(2.1088)
(-0.0192)
G3(0.1639)
(0.1224)
(-0.1884)
G4(-0.3108)
(-0.5204)
(-0.0734)
A1(-1.8058)
(9.8340)
(0.5652)
A2(4.3479)
(7.8338)
(-1.4413)
A3(1.1205)
(8.9830)
(-2.7581)
A4(0.7470)
(8.2791)
(-3.9696)
G1(0.1133)
(-0.2384)
(-0.0814)
G2(1.5202)
(0.1804)
(-0.3757)
G3(0.2836)
(-0.0223)
(-0.1618)
G4(-0.0974)
(-0.2123)
(-0.2128)
A1(-1.8011)
(9.4507)
(0.2922)
A2(0.4070)
(9.2656)
(1.0965)
A3(0.0766)
(9.1506)
(-3.4093)
A4(2.7964)
(9.4236)
(-2.6719)
G1(0.3570)
(0.6870)
(-0.3523)
G2(-0.3943)
(0.3900)
(0.0005)
G3(0.1165)
(-0.0649)
(-0.1501)
G4(-0.2112)
(-0.0607)
(-0.2091)
