A1(-7.6593)
(14.1785)
(4.9290)
A2(-1.1971)
(8.6000)
(0.5650)
A3(-8.4851)
(17.7841)
(0.1293)
A4(1.2210)
(8.2696)
(-4.7022)
G1(-3.1847)
(0.1368)
(-1.1142)
G2(-1.2180)
(0.9184)
(0.5773)
G3(1.2866)
(-1.3452)
(0.7492)
G4(-0.2320)
(0.5199)
(-0.3810)
A1(-8.5406)
(11.6302)
(5.6522)
A2(4.7357)
(10.5919)
(-1.6616)
A3(-6.4596)
(19.1057)
(-7.0198)
A4(-0.5076)
(10.1418)
(-5.7509)
G1(-2.4642)
(5.6345)
(-2.7579)
G2(-0.4986)
(2.0869)
(0.3719)
G3(1.2803)
(0.4363)
(-2.2317)
G4(-0.5747)
(0.5906)
(-0.1378)
A1(-8.3969)
(8.7227)
(-1.4514)
A2(-0.0718)
(7.8673)
(-0.3974)
A3(-5.8466)
(7.3933)
(-14.1689)
A4(-2.4421)
(8.7053)
(-5.9376)
G1(-0.4108)
(2.5871)
(-2.3674)
G2(-0.7152)
(-1.7342)
(0.8604)
G3(2.7218)
(-0.1362)
(-1.8571)
G4(-0.3507)
(2.0646)
(-0.2943)
A1(-7.6162)
(7.4868)
(3.2716)
A2(-7.6375)
(9.6726)
(7.5274)
A3(-6.1100)
(-9.5672)
(-4.9129)
A4(-1.9010)
(10.1035)
(-0.5794)
G1(4.5320)
(6.9563)
(-2.0284)
G2(-0.7386)
(3.2789)
(0.0383)
G3(3.3938)
(-4.6453)
(-6.2550)
G4(-0.5640)
(2.2093)
(0.0415)
A1(-9.0867)
(10.3130)
(1.0921)
A2(2.7581)
(9.5960)
(1.4365)
A3(-5.1954)
(-14.0683)
(0.2490)
A4(2.6240)
(11.2144)
(0.7326)
G1(7.0931)
(-0.0654)
(-1.7682)
G2(0.6625)
(5.8490)
(1.1174)
G3(1.3393)
(-4.7810)
(-6.8355)
G4(-0.3938)
(1.7634)
(0.2570)
A1(3.6500)
(2.2609)
(10.2842)
A2(-2.5618)
(8.3749)
(6.4452)
A3(-19.5175)
(9.0549)
(-17.9469)
A4(19.6037)
(7.4077)
(1.1061)
G1(-1.9257)
(-2.2806)
(0.7082)
G2(0.1761)
(0.4816)
(0.4901)
G3(-3.4752)
(3.1943)
(-5.7724)
G4(-0.7811)
(-1.6251)
(-0.6433)
A1(-28.0074)
(3.3818)
(-7.6066)
A2(2.4421)
(3.7685)
(6.5745)
A3(2.7294)
(26.3937)
(25.9819)
A4(1.3838)
(13.5320)
(6.3303)
G1(-2.4983)
(-1.4734)
(0.9142)
G2(0.4007)
(0.5348)
(0.0809)
G3(-2.8383)
(-2.7771)
(2.8319)
G4(0.1107)
(1.1978)
(-0.3539)
A1(5.4846)
(-0.2491)
(8.3634)
A2(14.9877)
(0.1245)
(5.5354)
A3(-0.3400)
(-4.6687)
(-4.3239)
A4(4.9943)
(6.2776)
(-3.4620)
G1(-3.0857)
(-0.4693)
(2.3780)
G2(0.0809)
(-0.3741)
(-0.7950)
G3(1.2457)
(0.2831)
(0.8035)
G4(0.4720)
(-2.2950)
(0.0803)
A1(-19.1266)
(13.3019)
(-1.4226)
A2(4.5538)
(6.5362)
(4.1228)
A3(-0.8954)
(-2.4565)
(-7.2496)
A4(2.9066)
(7.5705)
(-6.1675)
G1(-0.4800)
(-2.6377)
(3.2017)
G2(-0.7742)
(1.2031)
(-0.2607)
G3(1.6570)
(1.0669)
(1.6043)
G4(0.9557)
(-0.7721)
(0.0011)
A1(-15.2084)
(4.4835)
(-2.3327)
A2(6.5888)
(6.1100)
(3.2034)
A3(-6.9097)
(-6.3877)
(-9.0740)
A4(-1.1971)
(8.5808)
(-4.4005)
G1(-0.9190)
(-2.7659)
(3.5215)
G2(-0.7976)
(-0.7274)
(0.3272)
G3(1.2957)
(1.4261)
(0.9621)
G4(0.7237)
(-0.7487)
(0.0798)
A1(-4.8188)
(8.7035)
(6.9216)
A2(5.4109)
(10.3382)
(4.1372)
A3(-7.5465)
(-10.6398)
(-7.6567)
A4(1.3838)
(8.1116)
(-7.6758)
G1(-0.3645)
(0.3794)
(2.1034)
G2(-0.3315)
(0.1426)
(0.0112)
G3(-2.9484)
(3.6423)
(2.3940)
G4(0.3379)
(-0.3938)
(0.0362)
A1(-4.2679)
(9.8723)
(2.0453)
A2(2.7294)
(9.2991)
(4.8602)
A3(-9.3901)
(-6.3255)
(-7.2113)
A4(-0.4645)
(7.9823)
(-6.9959)
G1(1.3585)
(-3.6200)
(1.8172)
G2(0.2256)
(-0.9924)
(-0.1937)
G3(-5.0375)
(3.7588)
(3.1538)
G4(0.1016)
(0.2219)
(0.2182)
A1(-4.7134)
(8.5646)
(3.0081)
A2(3.1029)
(10.7356)
(3.1603)
A3(-2.0830)
(4.3670)
(-10.2951)
A4(2.1979)
(8.6287)
(-5.1092)
G1(2.0683)
(-0.9562)
(0.8865)
G2(0.6337)
(-0.4635)
(-0.4693)
G3(-3.2736)
(0.7657)
(1.8746)
G4(-0.0702)
(-0.1160)
(0.1458)
A1(-5.2738)
(9.0436)
(2.5675)
A2(2.9832)
(9.3853)
(2.8539)
A3(-4.3048)
(7.9152)
(-7.2784)
A4(1.1013)
(9.0214)
(-4.4149)
G1(1.4830)
(-1.0626)
(1.1563)
G2(0.7333)
(-0.5310)
(-0.2943)
G3(-2.4083)
(0.3155)
(1.8166)
G4(0.0096)
(-0.8455)
(0.3858)
A1(-3.6596)
(12.8948)
(0.1820)
A2(3.3710)
(8.2791)
(2.0446)
A3(-2.4565)
(8.8155)
(-5.0374)
A4(0.2394)
(8.2073)
(-6.4260)
G1(1.7666)
(-3.0022)
(-0.2629)
G2(0.6236)
(-0.8828)
(-0.3384)
G3(-2.2205)
(-0.3060)
(1.6160)
G4(0.0388)
(-0.2112)
(0.2948)
A1(-5.4175)
(12.8996)
(1.5280)
A2(-1.6616)
(8.7388)
(1.4940)
A3(-16.1561)
(15.8736)
(-1.2306)
A4(1.0918)
(7.2305)
(-7.5753)
G1(0.2453)
(0.9663)
(-0.0138)
G2(-0.0165)
(-1.4112)
(-0.1309)
G3(-0.7019)
(-2.5153)
(0.6987)
G4(-0.1075)
(0.3640)
(0.1458)
A1(-1.9016)
(9.5513)
(0.0814)
A2(-0.6512)
(10.4196)
(0.5986)
A3(-1.8148)
(10.8984)
(-3.8690)
A4(2.5618)
(7.6040)
(-6.6702)
G1(0.5513)
(0.6045)
(0.5640)
G2(0.1240)
(-0.2208)
(-0.0729)
G3(-0.5103)
(0.7838)
(-0.4730)
G4(-0.3166)
(0.2219)
(0.2357)
A1(-7.0030)
(7.9898)
(1.0730)
A2(2.3750)
(9.7827)
(-0.3735)
A3(-1.2354)
(10.0461)
(-3.0646)
A4(2.1835)
(8.1451)
(-5.7126)
G1(-0.2347)
(-0.2799)
(0.0277)
G2(0.1900)
(1.1036)
(0.0633)
G3(-0.3315)
(-0.2070)
(0.3927)
G4(-0.5050)
(0.2325)
(0.2022)
A1(-1.9016)
(9.8340)
(-1.4562)
A2(2.6863)
(9.6965)
(-1.8675)
A3(-2.1165)
(9.0980)
(-3.7733)
A4(1.3072)
(8.1547)
(-4.3479)
G1(0.7136)
(0.6667)
(0.3837)
G2(0.2975)
(-0.9067)
(0.1181)
G3(-0.1650)
(0.0021)
(0.2810)
G4(-0.4049)
(0.4704)
(0.2059)
A1(-2.5723)
(9.5657)
(-0.4072)
A2(0.7661)
(8.9064)
(0.7853)
A3(-1.3599)
(7.9775)
(-5.7652)
A4(3.7062)
(8.6574)
(-3.8595)
G1(0.2804)
(0.0160)
(0.0192)
G2(0.4119)
(-0.1671)
(0.2442)
G3(-0.3762)
(0.5752)
(0.1325)
G4(-0.3272)
(0.5396)
(0.0952)
