A1(1.7627)
(9.9537)
(-4.0715)
A2(1.6472)
(8.3222)
(1.2354)
A3(1.6712)
(8.8394)
(-2.4612)
A4(8.2935)
(18.2199)
(-4.2808)
G1(-1.2978)
(-1.1925)
(0.0926)
G2(-0.3501)
(0.6274)
(0.0420)
G3(0.5864)
(0.1713)
(0.0245)
G4(1.1446)
(0.8966)
(-0.9333)
A1(0.1581)
(7.5778)
(1.5663)
A2(5.1475)
(9.5337)
(3.5674)
A3(3.7685)
(6.7708)
(-7.8051)
A4(-3.6679)
(21.7394)
(-6.9097)
G1(-0.9440)
(-2.8495)
(-0.4603)
G2(-2.1242)
(-0.0426)
(0.2900)
G3(0.1596)
(-0.1910)
(-0.0298)
G4(1.9396)
(-0.2565)
(2.3929)
A1(0.1629)
(11.3811)
(0.5413)
A2(7.6375)
(7.8290)
(9.6199)
A3(5.1811)
(8.7771)
(-2.5283)
A4(3.2370)
(-0.0239)
(-11.8800)
G1(-0.3044)
(-2.7989)
(-0.5726)
G2(-4.4660)
(-2.0013)
(1.7485)
G3(0.1607)
(-1.2292)
(0.0404)
G4(3.8525)
(1.4479)
(5.9586)
A1(-1.3843)
(14.4228)
(-0.2682)
A2(2.5091)
(10.6877)
(8.9639)
A3(2.9401)
(8.5712)
(-4.3048)
A4(2.9018)
(-6.0286)
(-6.1292)
G1(-0.9392)
(-3.5189)
(-1.0068)
G2(-3.7588)
(-2.0683)
(1.6160)
G3(0.0468)
(-1.1973)
(-0.0532)
G4(4.3154)
(3.2869)
(5.4025)
A1(2.5675)
(7.2330)
(5.1780)
A2(9.4475)
(8.2744)
(7.8530)
A3(4.5921)
(6.8187)
(-5.2050)
A4(6.4835)
(-10.5249)
(4.1180)
G1(0.5385)
(0.8870)
(-0.1336)
G2(-4.6964)
(-4.5474)
(1.7661)
G3(-0.9216)
(-1.8358)
(-0.0724)
G4(0.8631)
(4.9758)
(3.1341)
A1(-5.7720)
(7.6449)
(5.8438)
A2(7.1347)
(6.5122)
(-0.8667)
A3(0.4788)
(9.2081)
(0.7470)
A4(-0.7135)
(-8.4324)
(-5.6551)
G1(-0.0628)
(-0.6593)
(-0.2230)
G2(-0.4922)
(-4.6331)
(1.5394)
G3(-1.1057)
(-1.9603)
(-0.2911)
G4(-0.0942)
(-0.5545)
(1.7358)
A1(-1.3939)
(12.9523)
(7.3719)
A2(3.6919)
(2.1021)
(0.4645)
A3(-2.9497)
(10.5632)
(-0.3639)
A4(22.7784)
(47.0844)
(18.7945)
G1(-0.6109)
(1.2185)
(-0.5385)
G2(3.4885)
(-3.7578)
(1.3968)
G3(-0.0841)
(-0.5241)
(-0.2373)
G4(-0.7189)
(-1.1174)
(-5.5733)
A1(-5.4080)
(9.8292)
(4.2200)
A2(9.0932)
(4.4388)
(-1.8004)
A3(2.1979)
(7.7141)
(-8.0828)
A4(4.4532)
(-0.4262)
(-3.5147)
G1(0.5082)
(-0.5859)
(0.4145)
G2(4.5155)
(0.9014)
(-0.2586)
G3(0.0122)
(0.4284)
(0.5635)
G4(-1.6511)
(0.2804)
(0.1479)
A1(-4.2248)
(9.1154)
(1.5472)
A2(9.1650)
(12.3397)
(24.8997)
A3(3.6631)
(10.1466)
(1.8004)
A4(6.5888)
(4.0606)
(-1.8627)
G1(0.3959)
(1.2425)
(0.3629)
G2(-4.9375)
(-8.1951)
(0.5869)
G3(-0.2208)
(-1.3154)
(0.5417)
G4(-0.7338)
(-0.0234)
(-0.4768)
A1(-1.5855)
(9.2065)
(2.1220)
A2(33.0735)
(2.4181)
(-6.3973)
A3(0.8763)
(8.4994)
(-3.3232)
A4(-1.4557)
(1.2881)
(-4.7740)
G1(0.3794)
(0.5465)
(0.1304)
G2(1.5373)
(-2.6223)
(0.2118)
G3(0.4379)
(1.8667)
(-0.1548)
G4(-0.8620)
(-0.2480)
(-4.2165)
A1(-2.5004)
(8.9813)
(1.5089)
A2(-4.1611)
(-3.9025)
(0.8236)
A3(1.5371)
(9.2703)
(-2.3942)
A4(5.4157)
(-3.7158)
(-6.6894)
G1(0.3139)
(0.6455)
(0.1591)
G2(-1.6714)
(5.7681)
(-1.1994)
G3(0.3501)
(1.4729)
(-0.0506)
G4(-0.2703)
(-2.5382)
(-4.9029)
A1(-0.2251)
(10.4758)
(1.0825)
A2(9.9311)
(3.0119)
(-2.0207)
A3(1.4796)
(9.1746)
(-2.9736)
A4(2.6288)
(3.1508)
(-8.2361)
G1(0.6955)
(0.4672)
(0.2038)
G2(-0.7338)
(1.3638)
(-1.7953)
G3(0.2799)
(0.8626)
(0.1250)
G4(-1.7299)
(-2.2359)
(-3.7881)
A1(-1.6286)
(9.6376)
(0.5030)
A2(7.3741)
(2.6767)
(-2.2889)
A3(2.0303)
(8.7245)
(-3.7685)
A4(2.2984)
(6.3877)
(-8.8585)
G1(0.7157)
(1.4484)
(0.1602)
G2(-0.7162)
(0.8306)
(-1.7650)
G3(0.1203)
(0.1415)
(0.2022)
G4(-1.3564)
(-1.3441)
(-2.5403)
A1(1.3412)
(9.3597)
(-0.7999)
A2(7.5034)
(6.4691)
(4.9033)
A3(1.0008)
(9.1219)
(-3.4381)
A4(4.9416)
(10.3190)
(-9.2464)
G1(0.3118)
(0.2320)
(-0.0979)
G2(1.2888)
(2.4967)
(-2.1838)
G3(-0.2788)
(1.0898)
(-0.0569)
G4(-1.8214)
(-2.0188)
(-0.3719)
A1(-3.5973)
(7.9946)
(-1.9879)
A2(10.2232)
(7.9966)
(4.3718)
A3(2.8443)
(9.0453)
(-1.9010)
A4(3.0119)
(10.4866)
(-6.7086)
G1(0.3485)
(-0.3884)
(-0.2059)
G2(1.6857)
(1.3351)
(-2.6340)
G3(-0.2591)
(0.3358)
(0.0133)
G4(-0.9679)
(-1.2435)
(-0.1155)
A1(-0.9101)
(9.0771)
(-0.5556)
A2(6.5218)
(8.7101)
(3.4716)
A3(1.7142)
(10.2328)
(-2.2266)
A4(2.9832)
(10.1370)
(-4.8746)
G1(0.1032)
(0.5204)
(-0.1570)
G2(1.4346)
(-0.2224)
(-1.7038)
G3(-0.2474)
(0.4028)
(-0.0718)
G4(-0.5257)
(-0.4092)
(-0.2559)
A1(-1.1257)
(8.9047)
(-1.0299)
A2(4.0606)
(8.7867)
(1.6664)
A3(2.1117)
(9.1363)
(-1.2019)
A4(4.2521)
(10.1897)
(-5.3486)
G1(-0.0133)
(-0.2139)
(-0.0192)
G2(1.0940)
(1.1302)
(-1.1419)
G3(0.0474)
(0.6396)
(-0.2150)
G4(-0.6204)
(-0.9557)
(0.3155)
A1(0.5700)
(9.9968)
(-1.0251)
A2(3.4524)
(9.8067)
(1.0918)
A3(2.6240)
(8.7484)
(-3.5626)
A4(-2.3703)
(10.4291)
(-4.1611)
G1(-0.0452)
(-0.3661)
(-0.0500)
G2(0.9924)
(0.7801)
(-0.9099)
G3(-0.2198)
(-0.5853)
(-0.0027)
G4(-0.5757)
(-1.1563)
(0.2975)
A1(-2.4190)
(9.7142)
(-0.0287)
A2(5.5737)
(10.8218)
(0.4501)
A3(2.3990)
(9.0884)
(-2.3320)
A4(0.8523)
(9.8833)
(-2.7869)
G1(0.1197)
(-0.9126)
(-0.2863)
G2(0.9961)
(0.1650)
(-0.0612)
G3(-0.1910)
(-0.7370)
(-0.1804)
G4(-0.1878)
(-0.4119)
(-0.0713)
A1(-1.9112)
(9.0963)
(0.7951)
A2(0.3352)
(7.8578)
(0.8619)
A3(2.0973)
(8.9974)
(-1.8196)
A4(-0.0575)
(9.2656)
(-3.7110)
G1(0.3597)
(0.1522)
(-0.1511)
G2(0.5135)
(-0.5662)
(-0.4055)
G3(-0.0857)
(-0.5316)
(-0.1841)
G4(0.0341)
(-0.3735)
(-0.1655)
