A1(2.4429)
(10.1405)
(-2.1651)
A2(1.7765)
(9.4715)
(-0.9242)
A3(0.2442)
(9.3374)
(-2.4229)
A4(0.1820)
(10.8888)
(0.3496)
G1(-0.8274)
(-1.0440)
(0.1506)
G2(0.3198)
(-0.0979)
(0.3677)
G3(0.6822)
(-0.4321)
(0.3453)
G4(0.3145)
(0.5614)
(-0.1756)
A1(-2.5914)
(11.8793)
(-1.3364)
A2(2.6480)
(9.1171)
(-0.8523)
A3(3.4524)
(5.9185)
(-5.9328)
A4(12.6749)
(22.3666)
(-2.7294)
G1(-0.3315)
(-0.9472)
(-0.8493)
G2(0.0649)
(-0.4661)
(0.2634)
G3(0.6258)
(0.2916)
(-0.0192)
G4(2.1109)
(1.7139)
(-1.5974)
A1(0.2539)
(8.0904)
(-2.4094)
A2(4.3287)
(7.7428)
(-0.3352)
A3(3.7350)
(8.9495)
(-6.0813)
A4(3.9887)
(10.7404)
(-9.4475)
G1(-0.6417)
(-1.0062)
(0.0032)
G2(-0.7913)
(0.5571)
(-0.0500)
G3(0.0846)
(-0.0734)
(-0.1054)
G4(0.7109)
(0.7412)
(-0.0208)
A1(5.1685)
(11.8649)
(4.5362)
A2(13.6613)
(9.6534)
(6.2106)
A3(1.5754)
(10.2807)
(-4.2617)
A4(2.3559)
(1.4222)
(-16.3189)
G1(-1.1217)
(-3.4018)
(-0.3374)
G2(-4.8859)
(-0.2692)
(0.7418)
G3(-0.3922)
(-1.5080)
(0.2623)
G4(2.8558)
(2.7808)
(3.2847)
A1(-3.7793)
(9.5897)
(4.2727)
A2(6.7612)
(8.3845)
(13.4410)
A3(4.4053)
(8.2265)
(-5.2960)
A4(2.9592)
(-4.6448)
(-5.4731)
G1(0.8072)
(-1.2941)
(-0.8828)
G2(-4.8742)
(-0.5954)
(3.1347)
G3(-0.5768)
(-1.8369)
(0.2847)
G4(2.7457)
(5.5233)
(3.7094)
A1(-2.9171)
(2.4429)
(3.2524)
A2(14.7818)
(11.0133)
(8.2313)
A3(4.1515)
(6.2872)
(-5.9472)
A4(2.1165)
(-8.7771)
(0.5411)
G1(0.2943)
(-0.4651)
(-0.0048)
G2(-4.9055)
(-2.2524)
(2.5313)
G3(-1.2217)
(-1.9145)
(0.3363)
G4(-0.7902)
(6.7573)
(4.0898)
A1(-1.7053)
(7.7407)
(5.6427)
A2(7.0246)
(5.9328)
(5.8849)
A3(-0.9960)
(9.7827)
(2.0830)
A4(-0.3352)
(-14.1880)
(-8.0637)
G1(0.6721)
(0.2267)
(-0.1080)
G2(-1.6996)
(-4.9731)
(2.3514)
G3(-1.2632)
(-1.3564)
(-0.5747)
G4(-0.4156)
(1.3947)
(4.2037)
A1(0.4407)
(10.2698)
(1.9783)
A2(4.0318)
(0.3974)
(0.6369)
A3(-3.3471)
(12.0524)
(3.4237)
A4(-20.9684)
(-105.7279)
(-12.2248)
G1(-0.0112)
(-0.9663)
(-0.5933)
G2(3.6790)
(-2.8660)
(1.2255)
G3(-0.2192)
(-0.7492)
(-0.2629)
G4(4.5879)
(1.3675)
(-5.1285)
A1(-3.2045)
(7.5156)
(4.9433)
A2(8.3941)
(2.3128)
(1.6472)
A3(-12.1817)
(9.0644)
(-6.7133)
A4(31.1821)
(5.3343)
(-17.8176)
G1(0.0968)
(-1.4186)
(0.1048)
G2(5.2094)
(-3.0570)
(0.2661)
G3(0.5603)
(1.3798)
(-0.2591)
G4(1.3548)
(-2.6015)
(-0.6987)
A1(-1.3077)
(9.3358)
(0.6035)
A2(-1.4700)
(-2.3415)
(10.1658)
A3(0.6321)
(9.2033)
(-2.3607)
A4(7.0390)
(-1.4174)
(-0.7326)
G1(0.8354)
(0.7886)
(0.2198)
G2(-1.4904)
(11.4745)
(-2.7196)
G3(0.8077)
(0.9690)
(-0.0016)
G4(0.4459)
(-0.4693)
(-1.4080)
A1(-2.1459)
(9.6759)
(2.5914)
A2(1.4509)
(-4.7549)
(2.9880)
A3(-0.3160)
(9.1698)
(-2.0830)
A4(12.0237)
(-2.8156)
(-6.8761)
G1(0.3874)
(2.1540)
(0.3453)
G2(-0.7865)
(-5.1226)
(-0.2586)
G3(0.1346)
(1.5538)
(-0.1522)
G4(0.5981)
(-0.7428)
(-3.9706)
A1(-1.8873)
(10.8446)
(0.8383)
A2(7.2832)
(1.5371)
(-2.4373)
A3(1.5179)
(9.1123)
(-3.1651)
A4(10.1993)
(-5.8131)
(-8.6000)
G1(0.8812)
(0.2916)
(0.3432)
G2(-2.8260)
(3.2996)
(-2.6175)
G3(0.5284)
(2.6877)
(-0.1777)
G4(-0.9599)
(-2.3072)
(-5.9836)
A1(-2.6345)
(9.3885)
(0.9628)
A2(9.2273)
(1.6759)
(-15.6868)
A3(3.1316)
(8.4515)
(-4.1084)
A4(3.2609)
(3.2178)
(-6.4691)
G1(1.2467)
(0.6715)
(0.0559)
G2(2.6952)
(3.2512)
(-2.8872)
G3(0.2921)
(1.6394)
(-0.0085)
G4(-1.1499)
(-1.9236)
(-5.6500)
A1(-1.6238)
(9.3741)
(-2.2944)
A2(6.9719)
(6.1244)
(-1.1540)
A3(0.2873)
(8.8969)
(-4.0654)
A4(2.5809)
(7.3167)
(-9.9216)
G1(0.5646)
(1.2153)
(-0.2565)
G2(0.5986)
(2.8080)
(-1.9145)
G3(-0.4949)
(0.9626)
(-0.0431)
G4(-0.3395)
(-1.0419)
(-1.6224)
A1(-0.4407)
(11.5679)
(-2.0693)
A2(6.5074)
(7.7381)
(7.6136)
A3(5.1715)
(9.1842)
(-0.7709)
A4(4.8794)
(11.7124)
(-9.1075)
G1(0.6050)
(0.9307)
(0.0788)
G2(1.4303)
(2.4844)
(-2.0971)
G3(-0.0271)
(0.5475)
(0.2097)
G4(-1.2292)
(-1.7757)
(-0.4470)
A1(-2.2944)
(7.0414)
(-4.5362)
A2(11.6598)
(6.0238)
(3.0454)
A3(3.2465)
(9.6103)
(-1.9968)
A4(5.3726)
(12.6893)
(-6.3877)
G1(0.0702)
(0.7487)
(-0.2650)
G2(2.2333)
(0.9637)
(-2.3865)
G3(0.1250)
(0.3342)
(0.1357)
G4(-0.9094)
(-1.2957)
(-0.3246)
A1(0.1485)
(10.0543)
(-2.0022)
A2(5.6168)
(8.9878)
(3.5961)
A3(3.3806)
(9.1123)
(-2.8730)
A4(1.8771)
(10.3430)
(-4.0989)
G1(0.3677)
(0.7333)
(-0.2006)
G2(2.3977)
(0.0788)
(-2.2636)
G3(-0.0245)
(0.5342)
(-0.0346)
G4(-0.9259)
(-0.1793)
(-0.1884)
A1(2.0406)
(9.1107)
(-2.8070)
A2(4.6543)
(9.5912)
(1.9297)
A3(3.1077)
(9.0549)
(-2.5762)
A4(1.2067)
(8.9974)
(-4.6064)
G1(-0.2235)
(0.1681)
(-0.1932)
G2(1.8182)
(0.9738)
(-1.0296)
G3(-0.0814)
(-0.0112)
(-0.0591)
G4(-0.4890)
(-1.1616)
(0.7737)
A1(-0.2539)
(10.5716)
(-2.2944)
A2(4.2234)
(8.1834)
(1.7765)
A3(2.6576)
(9.2081)
(-0.8523)
A4(-0.1053)
(8.7915)
(-5.5354)
G1(0.1447)
(0.0106)
(-0.3629)
G2(1.0898)
(1.1802)
(-0.8131)
G3(-0.0032)
(0.4065)
(-0.1921)
G4(-0.2650)
(-0.2980)
(0.3400)
A1(-0.5844)
(9.1442)
(-1.0251)
A2(5.0566)
(8.6000)
(0.6273)
A3(3.6105)
(8.5808)
(-2.7342)
A4(-0.9194)
(8.2791)
(-4.4532)
G1(1.3303)
(0.2469)
(-0.4597)
G2(0.2735)
(0.4826)
(0.1160)
G3(0.0117)
(0.0154)
(-0.1676)
G4(-0.4895)
(0.7551)
(-0.7104)
