A1(0.3880)
(8.3107)
(-3.1471)
A2(2.2505)
(8.8250)
(-0.9050)
A3(1.5371)
(7.7955)
(-5.2577)
A4(7.7285)
(12.1194)
(-2.1787)
G1(-0.9658)
(-0.9392)
(-0.3932)
G2(-0.2522)
(-0.0559)
(0.1453)
G3(0.7753)
(-0.2027)
(0.1969)
G4(1.0057)
(-0.3406)
(-0.5358)
A1(-1.1209)
(11.0410)
(3.3818)
A2(5.6934)
(6.9767)
(1.6472)
A3(2.1213)
(9.3709)
(-4.0701)
A4(5.9472)
(9.6726)
(-8.4372)
G1(-1.2558)
(0.4603)
(-0.0500)
G2(-1.4963)
(-0.5241)
(0.0479)
G3(0.2464)
(-0.3272)
(-0.0537)
G4(0.3352)
(0.3874)
(0.3241)
A1(3.0752)
(11.4099)
(3.4392)
A2(8.9447)
(10.0030)
(3.9552)
A3(0.0096)
(9.4379)
(-5.4300)
A4(0.7326)
(3.5003)
(-13.5225)
G1(-0.8721)
(-1.3473)
(-0.2724)
G2(-4.4181)
(-1.7693)
(0.5646)
G3(-0.1628)
(-0.3618)
(-0.1336)
G4(2.4429)
(0.1985)
(1.5937)
A1(-1.7196)
(10.5860)
(5.2978)
A2(5.1332)
(7.8673)
(10.1897)
A3(2.3080)
(9.1746)
(-4.2808)
A4(2.3367)
(-3.7110)
(-7.0054)
G1(-0.0436)
(-1.4011)
(-0.5161)
G2(-3.4103)
(-0.9908)
(3.1017)
G3(-0.2932)
(-0.2522)
(-0.2309)
G4(3.9036)
(2.3695)
(4.8837)
A1(0.0814)
(8.2341)
(4.4883)
A2(9.9072)
(3.9935)
(5.3151)
A3(0.4836)
(8.4276)
(-3.6488)
A4(4.4867)
(-15.6820)
(-5.3917)
G1(-0.0016)
(-0.4890)
(-0.2724)
G2(-2.6728)
(-1.9241)
(2.2679)
G3(-0.6455)
(-1.4947)
(-0.1916)
G4(0.6870)
(4.0228)
(3.9243)
A1(-0.9053)
(8.6604)
(3.7410)
A2(3.9983)
(3.5769)
(2.2889)
A3(0.4262)
(9.9886)
(-1.9968)
A4(3.4572)
(-8.3606)
(-7.8530)
G1(0.5614)
(-0.4103)
(-0.0867)
G2(0.3704)
(-3.6769)
(1.8251)
G3(-0.4997)
(-1.7831)
(0.0521)
G4(0.1447)
(0.5433)
(2.6733)
A1(-8.0281)
(10.9117)
(2.5723)
A2(10.7691)
(2.9544)
(3.3806)
A3(-1.0630)
(9.5864)
(0.3831)
A4(25.2301)
(59.8838)
(5.7126)
G1(-0.2900)
(0.7928)
(-0.1740)
G2(2.9500)
(-3.9430)
(1.1722)
G3(-0.5034)
(-0.9243)
(-0.5028)
G4(-1.3005)
(-0.7982)
(-1.4309)
A1(-2.7495)
(8.2724)
(6.2079)
A2(5.4109)
(-0.9098)
(-3.8978)
A3(-4.1372)
(8.2169)
(-6.6176)
A4(2.1165)
(0.8906)
(-4.3000)
G1(0.0607)
(-1.1988)
(-0.0053)
G2(3.6077)
(-1.1025)
(0.2240)
G3(-0.1426)
(1.0312)
(0.0223)
G4(0.0176)
(0.5789)
(-0.6082)
A1(-1.9639)
(8.6077)
(4.3158)
A2(4.2090)
(-4.8219)
(8.5090)
A3(-0.9816)
(10.1562)
(1.9920)
A4(2.1165)
(-2.8012)
(-3.1987)
G1(0.4954)
(-0.3900)
(0.1564)
G2(-2.8372)
(6.3768)
(-1.7629)
G3(0.1772)
(0.6683)
(-0.0740)
G4(-0.9062)
(-0.7019)
(0.4906)
A1(0.3114)
(9.3454)
(2.6010)
A2(10.0365)
(-0.3065)
(4.9129)
A3(-2.2122)
(9.2799)
(-3.5434)
A4(9.3134)
(-2.2889)
(-6.1435)
G1(0.6353)
(0.4470)
(0.1245)
G2(-0.1623)
(-3.7530)
(-0.0548)
G3(0.2559)
(0.5704)
(0.0963)
G4(0.4262)
(1.5075)
(-1.6080)
A1(-2.1986)
(9.4986)
(1.7532)
A2(3.9361)
(1.7765)
(1.8196)
A3(-1.7047)
(9.4858)
(-1.7717)
A4(-1.5036)
(-0.4980)
(-0.4214)
G1(0.8014)
(-0.0032)
(0.3805)
G2(1.0073)
(1.3446)
(-0.5736)
G3(0.2565)
(0.7599)
(0.1554)
G4(-1.8847)
(-2.9883)
(-2.7718)
A1(-0.1964)
(8.8280)
(2.4573)
A2(9.4332)
(0.9529)
(0.7278)
A3(-1.6616)
(9.3805)
(-1.7478)
A4(3.4764)
(-5.4013)
(-4.8028)
G1(0.2943)
(1.1637)
(0.2272)
G2(-2.1849)
(1.3138)
(-1.0653)
G3(0.0968)
(2.0838)
(-0.3182)
G4(-2.3706)
(-4.7012)
(-4.6539)
A1(-0.3736)
(10.3800)
(1.3077)
A2(5.4588)
(2.7198)
(2.6911)
A3(-1.0295)
(10.0173)
(-2.2075)
A4(5.9855)
(3.0454)
(-8.0493)
G1(0.5619)
(-0.0931)
(0.3368)
G2(-2.5611)
(2.7766)
(-1.7554)
G3(0.3368)
(1.4702)
(0.0740)
G4(-2.1923)
(-2.6872)
(-3.5545)
A1(-1.1879)
(9.8627)
(-1.3125)
A2(5.7269)
(4.2760)
(1.3312)
A3(0.8667)
(8.7771)
(-4.1707)
A4(6.9001)
(4.4436)
(-10.4627)
G1(0.4065)
(0.5438)
(-0.0591)
G2(0.0963)
(1.1680)
(-2.6031)
G3(0.3464)
(0.4028)
(0.1383)
G4(-1.1701)
(-1.6325)
(-1.2627)
A1(0.3976)
(9.9824)
(0.6850)
A2(8.4420)
(7.4795)
(3.9169)
A3(1.3886)
(9.0405)
(-3.5578)
A4(8.2648)
(5.9089)
(-9.8114)
G1(0.4252)
(0.5193)
(0.1437)
G2(0.5428)
(2.0194)
(-2.6808)
G3(-0.0202)
(0.2304)
(0.2198)
G4(-1.2744)
(-0.5497)
(-0.4230)
A1(0.4215)
(9.1729)
(-2.4908)
A2(6.5170)
(9.8067)
(4.2042)
A3(-0.1820)
(9.0214)
(-4.0079)
A4(4.7788)
(8.1690)
(-6.5074)
G1(0.1676)
(0.1027)
(0.1623)
G2(1.5618)
(0.9610)
(-2.0885)
G3(-0.2746)
(0.5028)
(0.0202)
G4(-1.4606)
(0.1128)
(0.0106)
A1(-2.0837)
(8.9095)
(-0.6179)
A2(3.5099)
(10.1610)
(3.2513)
A3(0.8859)
(8.9783)
(-3.0263)
A4(6.9480)
(5.2912)
(-4.4436)
G1(0.3730)
(0.2368)
(0.1740)
G2(2.1843)
(1.0733)
(-0.9589)
G3(-0.1586)
(0.1548)
(0.0830)
G4(-0.6854)
(1.0248)
(0.0559)
A1(-0.0048)
(9.7190)
(-1.0299)
A2(4.5777)
(9.5529)
(1.6424)
A3(-1.9441)
(10.0461)
(-2.6145)
A4(4.3718)
(8.6766)
(-4.5825)
G1(0.0915)
(0.8684)
(-0.0133)
G2(1.7847)
(1.3196)
(-0.6055)
G3(-0.0490)
(0.0612)
(-0.1187)
G4(-0.3257)
(0.8168)
(-0.1559)
A1(0.3688)
(9.6807)
(-0.2874)
A2(3.7206)
(9.3087)
(0.8906)
A3(-0.5219)
(9.7061)
(-3.4285)
A4(2.8204)
(9.3470)
(-4.1659)
G1(-0.1820)
(0.4124)
(-0.1203)
G2(0.6002)
(1.2851)
(-0.0495)
G3(-0.0250)
(0.2102)
(-0.2261)
G4(-0.6907)
(0.0623)
(-0.2889)
A1(-1.4131)
(7.8652)
(-0.2156)
A2(2.6863)
(11.2192)
(-0.8140)
A3(0.2203)
(9.3470)
(-3.1173)
A4(1.4988)
(10.1945)
(-1.3503)
G1(2.0603)
(0.8258)
(0.0282)
G2(0.8344)
(0.4071)
(-0.0734)
G3(0.0591)
(-0.2826)
(-0.1788)
G4(-0.3049)
(-0.1932)
(-0.0963)
