A1(0.0623)
(7.5731)
(-0.8478)
A2(1.8675)
(9.2177)
(-0.5555)
A3(1.6951)
(10.0556)
(-1.3791)
A4(0.8284)
(10.6446)
(-1.4030)
G1(-1.4979)
(0.8184)
(0.3209)
G2(-0.0080)
(0.2086)
(0.0351)
G3(0.2299)
(0.1453)
(0.0357)
G4(-0.0772)
(0.1974)
(-0.2224)
A1(1.3029)
(11.8985)
(-0.6419)
A2(2.3942)
(9.3948)
(0.3208)
A3(0.6369)
(8.8394)
(-0.5650)
A4(5.1188)
(13.2160)
(-0.8475)
G1(-0.9339)
(-1.5032)
(-0.0218)
G2(0.0436)
(0.4097)
(0.1671)
G3(1.0584)
(0.2458)
(0.1767)
G4(0.6188)
(1.0892)
(-0.6859)
A1(-1.8921)
(6.5959)
(-3.0752)
A2(4.2569)
(7.8913)
(2.5091)
A3(4.4772)
(6.7181)
(-8.6048)
A4(2.9113)
(15.2989)
(-9.4379)
G1(0.1261)
(-0.6039)
(-0.2139)
G2(-0.9647)
(0.5837)
(0.0750)
G3(0.3751)
(-0.0431)
(0.0670)
G4(1.2239)
(1.7049)
(0.6018)
A1(6.5719)
(11.4290)
(4.8715)
A2(9.6869)
(9.5002)
(7.5753)
A3(2.9113)
(9.9886)
(-2.8970)
A4(-1.7717)
(0.8906)
(-15.1122)
G1(-0.3922)
(-2.8356)
(0.3794)
G2(-3.5066)
(-0.7886)
(1.2169)
G3(-0.2458)
(-0.8620)
(0.0266)
G4(2.4541)
(1.8214)
(2.3924)
A1(-3.0225)
(8.6556)
(-3.1902)
A2(8.3222)
(8.6670)
(10.6015)
A3(5.1092)
(8.4898)
(-4.3239)
A4(6.4500)
(-1.1588)
(-13.4458)
G1(-0.9009)
(-2.5025)
(-0.6753)
G2(-4.5682)
(-1.9262)
(2.4860)
G3(-0.2490)
(-0.8695)
(0.0399)
G4(3.7535)
(2.9522)
(6.0209)
A1(-1.2263)
(6.3516)
(9.5034)
A2(14.7291)
(9.9407)
(6.8139)
A3(4.6926)
(7.5561)
(-4.2760)
A4(1.3695)
(-7.7524)
(-4.4915)
G1(-0.2246)
(-0.8514)
(-0.2458)
G2(-3.9483)
(-2.1939)
(2.4903)
G3(-0.7317)
(-2.1306)
(0.2703)
G4(0.8349)
(5.5345)
(3.2624)
A1(-6.4713)
(7.6497)
(5.8726)
A2(10.3717)
(5.9807)
(4.8985)
A3(2.6288)
(9.3709)
(-0.4453)
A4(-0.9337)
(-9.2799)
(-3.4812)
G1(0.4044)
(-1.3122)
(-0.0713)
G2(-1.7709)
(-3.5050)
(2.3275)
G3(-1.0775)
(-1.5729)
(-0.2980)
G4(0.2176)
(0.4252)
(4.5794)
A1(-3.9949)
(9.4268)
(5.0008)
A2(4.8459)
(-0.5171)
(0.5363)
A3(-3.3423)
(10.7452)
(1.2929)
A4(3.6248)
(6.1196)
(16.3811)
G1(-0.5114)
(-0.6534)
(-0.8349)
G2(2.7313)
(-3.4550)
(1.9991)
G3(-0.4879)
(-1.1887)
(-0.2442)
G4(1.6889)
(2.2508)
(-8.5963)
A1(-2.7112)
(8.9430)
(2.2944)
A2(0.3256)
(-4.4005)
(2.3463)
A3(1.8292)
(9.6007)
(-4.2856)
A4(0.1484)
(-2.4469)
(-3.6631)
G1(0.2198)
(-0.3730)
(0.0921)
G2(4.1201)
(-0.3560)
(0.0580)
G3(0.0335)
(-0.5816)
(0.7136)
G4(-3.9036)
(-1.4053)
(1.9262)
A1(-0.7329)
(9.1729)
(1.5759)
A2(9.0501)
(-2.4900)
(2.9257)
A3(0.8523)
(8.9543)
(-3.0167)
A4(-12.1386)
(5.0326)
(-2.3224)
G1(0.4273)
(0.7226)
(0.1522)
G2(-3.4939)
(5.7660)
(-2.6936)
G3(0.6508)
(1.7538)
(-0.0793)
G4(-3.1325)
(-0.8668)
(-3.5620)
A1(0.8095)
(9.5034)
(3.1758)
A2(15.5096)
(-1.9824)
(-4.8554)
A3(1.4509)
(7.9104)
(-5.6934)
A4(14.7722)
(-6.7804)
(-6.5122)
G1(0.3145)
(0.3570)
(0.2480)
G2(-0.3650)
(-3.3592)
(-1.3372)
G3(0.3108)
(1.3766)
(-0.0372)
G4(-0.7327)
(-2.0172)
(-4.4506)
A1(-0.1102)
(9.9010)
(1.9591)
A2(2.6432)
(-0.1867)
(2.6193)
A3(0.7997)
(9.5002)
(-3.3615)
A4(5.6934)
(-0.7709)
(-10.4291)
G1(0.2341)
(0.8913)
(0.1080)
G2(-2.0859)
(4.2399)
(-2.1125)
G3(0.1490)
(-0.0160)
(0.3528)
G4(-2.2407)
(-2.4802)
(-5.5090)
A1(-0.5652)
(10.8782)
(2.7974)
A2(12.8617)
(5.3103)
(-3.7493)
A3(2.8970)
(7.9009)
(-2.7485)
A4(4.4005)
(6.9288)
(-10.8649)
G1(0.2740)
(1.9704)
(-0.0702)
G2(0.3986)
(2.0470)
(-2.9053)
G3(0.4566)
(0.6630)
(0.0575)
G4(-1.5756)
(-1.7060)
(-2.7218)
A1(0.0000)
(10.1693)
(0.6754)
A2(5.6120)
(9.8641)
(4.6831)
A3(2.9928)
(7.6279)
(-5.4588)
A4(4.8842)
(11.4634)
(-8.5569)
G1(0.9067)
(1.1733)
(0.4049)
G2(0.7535)
(1.1408)
(-2.4818)
G3(0.3315)
(0.9168)
(-0.4166)
G4(-0.9716)
(-0.8232)
(-1.0690)
A1(-1.0203)
(9.1586)
(-0.2635)
A2(6.8043)
(9.1889)
(3.4620)
A3(2.7102)
(8.3270)
(-3.9983)
A4(0.6512)
(13.3692)
(-3.1651)
G1(0.7636)
(1.3489)
(-0.2554)
G2(1.4559)
(1.4867)
(-2.2647)
G3(-0.0750)
(0.9083)
(-0.4028)
G4(-0.3299)
(0.9269)
(-0.8333)
A1(0.0766)
(10.1549)
(-0.7568)
A2(3.9648)
(9.3134)
(2.0686)
A3(1.6855)
(8.1499)
(-3.9504)
A4(3.3279)
(10.5010)
(-5.5450)
G1(-0.2432)
(0.6002)
(-0.2208)
G2(1.4979)
(1.6772)
(-1.4692)
G3(0.0133)
(0.7391)
(-0.2889)
G4(-0.8141)
(-0.0506)
(0.3124)
A1(-0.3497)
(8.9286)
(-1.4562)
A2(3.6536)
(8.9016)
(2.0925)
A3(0.7470)
(9.2656)
(-2.6240)
A4(-2.6001)
(10.2328)
(-3.5578)
G1(-0.3517)
(0.5518)
(-0.0979)
G2(2.1178)
(1.9326)
(-1.0962)
G3(0.0702)
(0.7354)
(-0.3310)
G4(-0.9562)
(0.2320)
(0.0027)
A1(-4.7326)
(9.6423)
(0.9149)
A2(5.0709)
(10.1083)
(0.8380)
A3(1.9393)
(8.5281)
(-4.0462)
A4(1.2833)
(10.1801)
(-1.4413)
G1(0.2432)
(0.0341)
(-0.5656)
G2(1.2020)
(1.8363)
(-0.0245)
G3(0.1501)
(0.2645)
(-0.3145)
G4(-0.3831)
(-0.2480)
(-0.1511)
A1(-2.9650)
(9.5465)
(0.3784)
A2(1.5514)
(9.7157)
(-0.0670)
A3(0.5938)
(8.8107)
(-4.0845)
A4(-0.6991)
(9.6151)
(-3.0598)
G1(0.1623)
(0.3533)
(0.2783)
G2(0.8120)
(0.5795)
(-0.4299)
G3(-0.1187)
(0.0255)
(-0.3012)
G4(-0.1437)
(-0.2033)
(-0.2368)
A1(-1.9304)
(8.9430)
(0.9053)
A2(2.5139)
(9.3278)
(0.4262)
A3(0.9337)
(8.9687)
(-3.2992)
A4(-0.6943)
(9.1650)
(-3.8738)
G1(0.1368)
(-0.0889)
(-0.1266)
G2(-0.0255)
(-0.4991)
(-0.0793)
G3(-0.1532)
(-0.1469)
(-0.2432)
G4(-0.1000)
(-0.2022)
(-0.1064)
