A1(-10.8303)
(12.1571)
(8.2389)
A2(-0.4310)
(8.3845)
(0.8906)
A3(-3.9504)
(14.0683)
(0.8667)
A4(2.6288)
(12.6366)
(-2.0782)
G1(-3.6519)
(0.4810)
(-1.4202)
G2(-0.9434)
(0.2485)
(0.0835)
G3(0.9748)
(0.3927)
(0.2932)
G4(0.2767)
(0.6034)
(-0.5215)
A1(-6.8066)
(12.2769)
(9.3406)
A2(-1.1349)
(7.9248)
(0.1149)
A3(-10.8170)
(18.3156)
(-3.1987)
A4(-5.3534)
(7.1539)
(-8.6095)
G1(-3.5109)
(2.4498)
(-1.0781)
G2(-1.3276)
(0.6582)
(0.4390)
G3(1.4090)
(-2.0210)
(0.7215)
G4(0.0490)
(1.4883)
(-0.2240)
A1(-6.0881)
(12.2817)
(0.9197)
A2(-0.1389)
(9.6917)
(-1.2833)
A3(-6.9767)
(22.7306)
(-14.6717)
A4(-1.5467)
(8.7101)
(-8.5952)
G1(-1.3984)
(5.0716)
(-2.6185)
G2(-0.1719)
(2.0135)
(1.0967)
G3(3.8051)
(-1.1526)
(-3.8999)
G4(-0.4778)
(1.8251)
(-0.1564)
A1(-5.7385)
(9.3645)
(0.6706)
A2(-0.3352)
(8.3222)
(2.4325)
A3(-3.8595)
(-3.8211)
(-9.8689)
A4(-2.7438)
(7.5609)
(-8.3414)
G1(1.0084)
(2.6228)
(-2.8276)
G2(-0.9104)
(-1.0334)
(1.5878)
G3(3.8073)
(-3.4800)
(-2.2801)
G4(-0.9929)
(1.1451)
(-0.3347)
A1(-15.0695)
(11.8218)
(9.7477)
A2(0.5938)
(12.0333)
(4.7022)
A3(-3.2130)
(-10.5919)
(-1.8483)
A4(-1.6520)
(9.6391)
(1.4317)
G1(4.6539)
(4.8135)
(-3.5412)
G2(0.1149)
(4.3154)
(0.9275)
G3(1.3212)
(-5.5872)
(-3.6604)
G4(-1.2334)
(1.2616)
(0.2794)
A1(6.3085)
(4.3541)
(8.9574)
A2(7.4843)
(13.1968)
(1.7621)
A3(-13.9055)
(-18.1289)
(-10.2999)
A4(-0.4310)
(10.8601)
(3.2657)
G1(7.4719)
(1.5405)
(-0.5928)
G2(1.3446)
(1.6852)
(0.6694)
G3(-2.9197)
(-4.9311)
(-5.2152)
G4(-0.6077)
(1.7533)
(0.3698)
A1(-6.8066)
(-7.4150)
(1.2215)
A2(-3.6057)
(5.0566)
(7.8290)
A3(7.3310)
(24.9428)
(-7.5465)
A4(17.9565)
(9.8641)
(-0.9816)
G1(-0.6316)
(-4.9790)
(-0.0543)
G2(1.6213)
(-0.0883)
(-0.2017)
G3(-2.7239)
(2.6520)
(-0.6173)
G4(-0.0309)
(-2.4296)
(0.5130)
A1(-10.6195)
(4.7900)
(-2.9794)
A2(5.8035)
(5.2625)
(4.7357)
A3(8.2025)
(11.8130)
(10.3956)
A4(-4.6208)
(9.6295)
(-3.0837)
G1(-2.5063)
(3.3395)
(0.9982)
G2(0.3368)
(0.1325)
(-0.5624)
G3(-2.1386)
(-2.4520)
(-0.0218)
G4(0.4209)
(1.4766)
(-0.7279)
A1(-4.9721)
(2.1316)
(2.8980)
A2(9.7971)
(15.3995)
(0.2729)
A3(-5.5593)
(2.2362)
(1.6472)
A4(0.4836)
(8.7628)
(-3.2370)
G1(-1.6788)
(-3.7865)
(1.6155)
G2(-0.8812)
(-0.6971)
(0.1612)
G3(-0.1740)
(-1.1057)
(1.0110)
G4(0.0346)
(-0.4816)
(-0.2331)
A1(-15.8167)
(3.3818)
(0.6658)
A2(-2.7725)
(5.2625)
(4.8123)
A3(3.4572)
(-1.7286)
(-1.4030)
A4(3.3806)
(10.6925)
(-0.7805)
G1(-0.7162)
(-3.2714)
(2.0556)
G2(0.0016)
(1.1957)
(0.2799)
G3(1.8794)
(0.2214)
(2.6999)
G4(0.1373)
(0.1282)
(-0.2261)
A1(-7.5395)
(5.2355)
(3.3626)
A2(2.4469)
(12.2152)
(2.7198)
A3(-12.8042)
(-1.0056)
(-1.5131)
A4(-2.8299)
(8.6670)
(-5.7413)
G1(-0.5502)
(1.3175)
(1.7767)
G2(0.3294)
(-1.3601)
(-0.6508)
G3(2.5047)
(3.6971)
(2.0492)
G4(0.2336)
(1.2334)
(-0.3459)
A1(-8.0904)
(5.6618)
(3.9230)
A2(-0.3879)
(8.3653)
(3.0598)
A3(-6.4739)
(-1.5036)
(-5.2385)
A4(1.3408)
(9.9982)
(-6.2584)
G1(0.6949)
(-3.1687)
(1.8640)
G2(0.1948)
(-0.1224)
(-0.0474)
G3(-0.1740)
(1.9172)
(2.5706)
G4(-0.2629)
(0.2219)
(-0.1389)
A1(-9.7860)
(5.2978)
(0.9053)
A2(-0.0814)
(10.2807)
(2.2075)
A3(-7.9583)
(3.6440)
(-3.6057)
A4(3.1412)
(9.3757)
(-0.3926)
G1(0.8838)
(-0.3198)
(1.9880)
G2(0.6822)
(0.9371)
(-0.3113)
G3(0.2735)
(1.6506)
(1.2547)
G4(0.1362)
(-0.2522)
(0.0309)
A1(-6.5624)
(6.2127)
(2.9842)
A2(2.2553)
(10.7643)
(-0.6369)
A3(-5.9376)
(3.1795)
(-5.7030)
A4(-2.2362)
(8.8538)
(-3.0550)
G1(0.1772)
(0.6609)
(1.4787)
G2(0.9998)
(-0.1123)
(-0.7056)
G3(-0.4385)
(1.1494)
(1.4000)
G4(0.2533)
(-0.8344)
(0.2368)
A1(-4.3637)
(8.5981)
(-0.1054)
A2(-0.6129)
(8.6191)
(2.4660)
A3(-3.9696)
(3.8499)
(-5.9664)
A4(-0.3160)
(8.3653)
(-4.9129)
G1(1.4426)
(-1.2680)
(2.0720)
G2(0.4369)
(-0.1846)
(-0.0947)
G3(-0.6949)
(2.0689)
(0.9248)
G4(-0.0309)
(-1.5410)
(0.0670)
A1(-8.6269)
(7.9610)
(2.5435)
A2(0.4980)
(8.4228)
(-0.3926)
A3(-5.2672)
(5.0087)
(-7.3502)
A4(1.5802)
(8.1930)
(-2.3128)
G1(1.4293)
(-1.1887)
(1.1414)
G2(0.3586)
(0.7891)
(-0.2176)
G3(-0.7290)
(1.8773)
(0.5715)
G4(0.1426)
(-1.0914)
(0.0335)
A1(-5.9732)
(10.6195)
(3.5590)
A2(1.1636)
(8.4946)
(-1.2498)
A3(-3.6152)
(7.3694)
(-6.7852)
A4(-1.1109)
(9.0022)
(-3.0358)
G1(1.1781)
(0.2166)
(0.7199)
G2(-0.0926)
(-1.7198)
(-0.1974)
G3(-2.1082)
(1.3862)
(1.0456)
G4(0.0702)
(-1.1526)
(0.1399)
A1(-3.4871)
(9.4795)
(2.6202)
A2(-0.6033)
(8.5281)
(0.1724)
A3(-4.9129)
(10.1179)
(-6.3303)
A4(-1.3264)
(9.1171)
(-4.4245)
G1(1.0578)
(0.0612)
(1.0318)
G2(0.1304)
(-0.5811)
(-0.3464)
G3(-1.8230)
(1.3867)
(0.8024)
G4(0.0968)
(-0.4917)
(0.1272)
A1(-4.2200)
(8.9286)
(1.9783)
A2(-1.0726)
(7.7333)
(-0.6656)
A3(-3.3279)
(10.0700)
(-4.8746)
A4(-0.8380)
(9.6343)
(-3.6631)
G1(0.5156)
(-0.2097)
(0.3437)
G2(0.1852)
(-1.5059)
(-0.1229)
G3(-1.0541)
(0.5023)
(0.2288)
G4(-0.0436)
(-0.0282)
(0.0559)
A1(-3.7650)
(8.9574)
(0.4024)
A2(-2.4565)
(10.4914)
(0.7853)
A3(-6.0047)
(10.0748)
(-3.5961)
A4(0.2155)
(8.5904)
(-4.1707)
G1(0.7540)
(-0.2815)
(0.2879)
G2(-0.2985)
(-1.0807)
(0.0027)
G3(-0.9844)
(0.8828)
(0.1192)
G4(-0.0059)
(0.0979)
(-0.0149)
