A1(-1.2646)
(8.7849)
(-1.4897)
A2(2.4134)
(9.2703)
(-0.5315)
A3(1.4748)
(9.2320)
(-2.2314)
A4(0.4118)
(9.1554)
(-3.9983)
G1(-0.5465)
(0.2086)
(0.3624)
G2(-0.0681)
(0.0654)
(-0.0208)
G3(0.1341)
(0.0548)
(-0.0234)
G4(-0.0867)
(0.0218)
(0.0548)
A1(-1.0730)
(9.0388)
(0.0671)
A2(2.6049)
(9.2608)
(-0.8284)
A3(1.5754)
(9.1219)
(-2.4852)
A4(0.7230)
(9.4619)
(-3.2609)
G1(-0.6731)
(0.2070)
(0.1011)
G2(-0.1288)
(-0.1809)
(0.0495)
G3(0.1011)
(-0.0090)
(0.0096)
G4(-0.0766)
(0.0910)
(0.0250)
A1(-0.6227)
(9.0532)
(0.1677)
A2(2.6145)
(9.2081)
(-0.4262)
A3(1.1540)
(9.4858)
(-1.8340)
A4(0.7374)
(9.4619)
(-3.2417)
G1(-0.8822)
(-0.0005)
(0.1979)
G2(-0.0261)
(-0.2054)
(0.0351)
G3(0.2442)
(0.0367)
(0.0697)
G4(-0.0420)
(0.0740)
(0.0261)
A1(-1.0299)
(9.6807)
(-1.1879)
A2(2.7916)
(9.2416)
(-0.3352)
A3(1.3455)
(9.1219)
(-3.8451)
A4(1.6137)
(11.1378)
(1.2641)
G1(-0.2533)
(-0.2128)
(-0.1373)
G2(-0.0537)
(-0.1692)
(0.0905)
G3(0.4629)
(-0.1160)
(0.1905)
G4(0.3331)
(-0.4305)
(0.0250)
A1(1.1304)
(10.7297)
(-2.0406)
A2(2.5905)
(9.1746)
(0.2155)
A3(2.8683)
(8.6622)
(-3.6536)
A4(9.2847)
(20.6141)
(-3.0071)
G1(-0.8248)
(-0.2975)
(0.0250)
G2(0.0234)
(-0.4161)
(0.1783)
G3(0.3028)
(0.6502)
(-0.0623)
G4(1.8523)
(0.9562)
(-0.9259)
A1(0.9772)
(7.6066)
(3.5446)
A2(3.3423)
(6.9384)
(3.6392)
A3(4.8554)
(6.5170)
(-6.0094)
A4(-4.2904)
(21.6053)
(-13.8912)
G1(-0.7226)
(-1.1228)
(-1.3697)
G2(-2.9660)
(0.1330)
(-0.1820)
G3(-0.1830)
(0.0202)
(0.0255)
G4(1.7890)
(0.9621)
(2.6648)
A1(6.9456)
(13.7857)
(6.8114)
A2(11.3725)
(10.8840)
(6.8761)
A3(0.2394)
(11.9327)
(-1.1732)
A4(3.0837)
(1.3024)
(-15.4043)
G1(-1.3707)
(-2.6701)
(-0.1900)
G2(-4.0903)
(-0.5954)
(1.0797)
G3(-0.1181)
(-1.0781)
(0.1447)
G4(0.5954)
(2.3056)
(1.6905)
A1(-4.4787)
(15.1796)
(0.0719)
A2(5.6216)
(12.4882)
(8.7628)
A3(1.6616)
(6.9336)
(-8.9591)
A4(-0.2107)
(-2.7581)
(-6.4212)
G1(0.0521)
(-1.3180)
(-1.2207)
G2(-4.2856)
(-2.7303)
(2.0635)
G3(-0.2831)
(-2.6425)
(0.3310)
G4(1.5176)
(3.7828)
(5.7138)
A1(3.6740)
(6.8498)
(9.7190)
A2(12.5935)
(6.8043)
(5.8706)
A3(4.6304)
(6.0621)
(-3.4764)
A4(4.9799)
(-10.6638)
(1.7861)
G1(0.5965)
(-0.3624)
(0.2128)
G2(-3.8195)
(-3.7817)
(3.3268)
G3(-1.5043)
(-1.7453)
(-0.3336)
G4(-0.1756)
(3.6838)
(4.7699)
A1(-14.1450)
(8.2197)
(7.3815)
A2(1.8100)
(4.4819)
(1.5754)
A3(-2.4038)
(11.4491)
(3.6200)
A4(40.5003)
(100.5373)
(-53.8264)
G1(-0.9019)
(1.6597)
(-0.0506)
G2(0.3523)
(-4.1201)
(2.1093)
G3(-0.9567)
(-2.0880)
(-0.1091)
G4(-0.2198)
(3.5758)
(5.0412)
A1(7.7120)
(14.0444)
(4.5553)
A2(3.1029)
(-0.1867)
(1.6951)
A3(-5.0470)
(11.3006)
(1.6759)
A4(-46.3613)
(-112.4078)
(-33.1166)
G1(0.0788)
(0.1969)
(-0.4268)
G2(3.2049)
(-2.8686)
(1.7342)
G3(-0.2341)
(-1.3143)
(-0.0713)
G4(-5.1695)
(8.3472)
(5.6122)
A1(-5.1206)
(8.2580)
(4.0141)
A2(32.9538)
(9.5912)
(10.1323)
A3(3.1891)
(9.4188)
(-1.0343)
A4(4.5107)
(-0.2394)
(-7.8961)
G1(0.2421)
(1.7352)
(0.7077)
G2(0.5534)
(-8.6309)
(2.7840)
G3(-0.4491)
(-1.4495)
(0.6619)
G4(-3.1639)
(-0.5007)
(0.4454)
A1(-1.7148)
(8.6460)
(2.2657)
A2(62.3067)
(10.9080)
(-45.2265)
A3(-0.6369)
(8.1834)
(-4.9847)
A4(5.0135)
(6.4117)
(-3.6440)
G1(0.2692)
(1.2829)
(0.2033)
G2(2.9873)
(-5.0859)
(1.1291)
G3(0.3560)
(1.9140)
(-0.1165)
G4(1.0844)
(0.5901)
(-3.7439)
A1(0.2156)
(9.6232)
(2.5627)
A2(0.2394)
(-7.7524)
(1.2306)
A3(-0.0048)
(9.8354)
(-0.8332)
A4(9.3422)
(-1.4030)
(-6.2680)
G1(0.3464)
(1.1446)
(0.5231)
G2(-2.5956)
(2.7505)
(-1.5926)
G3(0.3081)
(1.9459)
(-0.0899)
G4(-0.4991)
(-1.1291)
(-4.0606)
A1(-1.0346)
(9.4603)
(1.6813)
A2(10.9559)
(5.4348)
(-0.1772)
A3(2.7533)
(8.7580)
(-2.7198)
A4(4.9943)
(1.7382)
(-5.7509)
G1(0.5454)
(0.5906)
(0.1713)
G2(-0.2943)
(5.1652)
(-2.0422)
G3(0.2522)
(1.9028)
(-0.0064)
G4(-0.8445)
(-0.5023)
(-5.3110)
A1(-5.4367)
(6.2366)
(-5.5948)
A2(9.4044)
(2.7629)
(1.0726)
A3(2.4660)
(8.9926)
(-0.0192)
A4(6.7133)
(6.7038)
(-7.1778)
G1(1.1036)
(0.0979)
(-1.6559)
G2(-0.0623)
(-2.4036)
(-1.4213)
G3(-0.0553)
(1.4777)
(-0.0537)
G4(0.8721)
(-0.4970)
(-3.8073)
A1(-0.4886)
(10.5189)
(-0.7568)
A2(3.8930)
(5.6072)
(5.0613)
A3(2.7198)
(9.4092)
(-0.7757)
A4(4.4053)
(8.1882)
(-8.7628)
G1(0.7210)
(0.5209)
(0.1479)
G2(1.2010)
(4.3383)
(-2.3110)
G3(0.1580)
(0.7540)
(0.0926)
G4(0.0027)
(-1.9018)
(-1.0382)
A1(1.8777)
(10.0256)
(-1.8298)
A2(8.5425)
(6.3111)
(3.4716)
A3(3.3184)
(8.7436)
(-3.4572)
A4(5.1811)
(12.0668)
(-7.3933)
G1(-0.1325)
(-0.8471)
(-0.2778)
G2(1.7485)
(-0.2639)
(-2.3855)
G3(0.2692)
(0.1857)
(0.0208)
G4(-0.9025)
(-0.7120)
(-0.8088)
A1(-2.0358)
(10.4040)
(0.3018)
A2(5.6695)
(8.2313)
(5.7365)
A3(3.7110)
(8.4994)
(-2.9832)
A4(3.0837)
(11.1666)
(-4.4819)
G1(0.9014)
(-0.3347)
(-0.3719)
G2(1.4889)
(0.1155)
(-2.7558)
G3(0.1559)
(-0.0798)
(-0.0697)
G4(-0.9961)
(-0.8540)
(-0.3092)
A1(0.8335)
(11.3620)
(1.1209)
A2(7.7859)
(8.6670)
(1.8771)
A3(2.1596)
(8.9639)
(-2.3511)
A4(5.9328)
(9.9216)
(-4.3862)
G1(1.2792)
(0.6103)
(-0.2921)
G2(2.1402)
(1.4692)
(-1.9278)
G3(0.0016)
(0.3336)
(-0.1272)
G4(-1.0078)
(-1.1286)
(0.1266)
