A1(-0.2635)
(9.8579)
(3.5829)
A2(2.4948)
(9.1842)
(-1.0199)
A3(0.8571)
(9.3661)
(-2.4421)
A4(1.0965)
(9.1698)
(-3.6009)
G1(-1.4372)
(0.3954)
(0.3022)
G2(-0.1075)
(0.3911)
(-0.0027)
G3(0.1346)
(-0.0639)
(-0.0069)
G4(-0.1681)
(0.1352)
(0.0420)
A1(0.0240)
(8.7035)
(-0.3449)
A2(2.3750)
(9.2703)
(-1.1684)
A3(1.2546)
(8.9591)
(-2.9018)
A4(1.8292)
(10.0413)
(-1.3838)
G1(-0.7694)
(-0.0878)
(0.0122)
G2(-0.0857)
(-0.2011)
(0.1399)
G3(0.0740)
(0.0633)
(0.0442)
G4(0.1309)
(0.0724)
(-0.0266)
A1(0.9005)
(15.1269)
(1.6238)
A2(3.1508)
(8.8155)
(1.3455)
A3(-0.2059)
(11.5209)
(1.6999)
A4(8.8155)
(17.9038)
(-0.3304)
G1(-1.1898)
(-0.3368)
(-0.1634)
G2(-0.2469)
(-0.2240)
(0.0511)
G3(0.9163)
(0.2219)
(0.1133)
G4(1.7491)
(-1.0371)
(0.0947)
A1(-1.1209)
(8.5933)
(0.4311)
A2(9.3565)
(8.6574)
(4.2808)
A3(1.2019)
(6.7564)
(-9.2751)
A4(-1.7382)
(16.3141)
(-7.4077)
G1(-0.5481)
(0.2368)
(-0.7907)
G2(-2.4898)
(-0.9844)
(0.1607)
G3(0.0101)
(-0.5561)
(-0.0596)
G4(0.6486)
(1.1478)
(1.2483)
A1(0.8957)
(9.8962)
(0.5125)
A2(2.2649)
(10.8745)
(8.0254)
A3(5.0374)
(8.6431)
(-2.8970)
A4(2.2984)
(2.7773)
(-13.3740)
G1(-0.4081)
(-1.5474)
(-0.5103)
G2(-4.4458)
(-2.2604)
(2.2673)
G3(-0.2426)
(-0.2400)
(-0.2054)
G4(2.7819)
(1.1148)
(5.1109)
A1(-1.8202)
(6.1312)
(4.9002)
A2(10.7595)
(7.5417)
(4.8267)
A3(0.8332)
(7.8769)
(-4.4963)
A4(3.2561)
(-9.1602)
(-1.7142)
G1(0.1431)
(0.4991)
(0.1458)
G2(-3.8679)
(-3.1059)
(2.2684)
G3(-1.2084)
(-1.8651)
(-0.1213)
G4(1.1265)
(5.2493)
(2.0289)
A1(-2.7399)
(7.8988)
(3.6069)
A2(5.7365)
(5.9472)
(1.4844)
A3(-1.4413)
(9.9599)
(-0.8284)
A4(0.8954)
(-8.3079)
(-6.6032)
G1(0.4539)
(-0.5305)
(0.3326)
G2(-0.0782)
(-3.0176)
(1.8251)
G3(-0.6433)
(-1.0456)
(-0.4241)
G4(-0.5098)
(2.2450)
(-0.0878)
A1(-16.5640)
(6.6438)
(-3.4201)
A2(9.5433)
(2.1500)
(1.3360)
A3(-1.7669)
(10.2759)
(-0.0814)
A4(3.0742)
(44.5848)
(0.2969)
G1(-0.3890)
(1.4048)
(0.1107)
G2(3.2932)
(-3.2746)
(1.8055)
G3(-0.4257)
(-0.8333)
(-0.2756)
G4(-2.0327)
(-1.2813)
(0.5103)
A1(-2.7160)
(9.3597)
(3.6308)
A2(11.7507)
(-0.9050)
(6.8043)
A3(6.0094)
(9.4954)
(-2.1500)
A4(10.6781)
(1.7430)
(-3.6392)
G1(0.1958)
(0.8226)
(0.4055)
G2(3.2140)
(-4.3404)
(0.8030)
G3(-0.6401)
(-2.1689)
(0.6800)
G4(-0.7519)
(-0.9833)
(0.8141)
A1(-0.3257)
(9.7094)
(1.0969)
A2(24.6603)
(7.1443)
(-19.7330)
A3(-2.3032)
(9.8306)
(-1.7765)
A4(6.9001)
(1.2977)
(-0.7757)
G1(0.3602)
(-0.1160)
(0.0846)
G2(2.3072)
(-2.5536)
(-0.6806)
G3(0.4789)
(1.0531)
(0.1346)
G4(1.6964)
(0.7944)
(-2.1258)
A1(-0.6227)
(9.7573)
(1.7915)
A2(-2.6145)
(0.7709)
(5.6168)
A3(2.2075)
(9.5002)
(-0.4549)
A4(11.3533)
(-4.9704)
(-3.4812)
G1(0.1671)
(0.3331)
(0.1495)
G2(-0.6215)
(-3.1107)
(0.1229)
G3(0.1054)
(-0.0325)
(0.2469)
G4(0.9211)
(-2.8856)
(-1.2904)
A1(-2.7351)
(9.2879)
(0.8957)
A2(13.7858)
(1.6903)
(-1.7765)
A3(2.3080)
(8.7101)
(-2.6767)
A4(5.9807)
(-1.4126)
(-4.5394)
G1(0.5380)
(0.2065)
(0.2171)
G2(-0.9259)
(2.5552)
(-0.9530)
G3(0.2879)
(0.6497)
(0.1203)
G4(-0.3416)
(-2.1343)
(-2.9548)
A1(0.9915)
(8.8855)
(1.0251)
A2(7.0533)
(2.1069)
(1.2306)
A3(0.4932)
(11.3437)
(0.5076)
A4(-0.2155)
(2.4181)
(-9.1698)
G1(0.2490)
(0.6726)
(0.0580)
G2(0.3150)
(3.7823)
(-1.9614)
G3(0.6268)
(2.6850)
(-0.4209)
G4(-1.2217)
(-1.7416)
(-2.0481)
A1(-1.6957)
(9.7381)
(0.6131)
A2(9.7300)
(4.8937)
(2.9066)
A3(2.9066)
(8.3606)
(-1.7047)
A4(6.6224)
(6.5457)
(-12.0716)
G1(0.2879)
(1.0775)
(-0.1197)
G2(1.2616)
(0.9445)
(-2.2625)
G3(0.5438)
(1.1148)
(-0.0452)
G4(-1.7224)
(-2.4110)
(-0.3698)
A1(1.9831)
(11.5919)
(-1.0394)
A2(2.5762)
(8.1594)
(6.5266)
A3(2.5283)
(8.6910)
(-3.9552)
A4(6.2393)
(10.8840)
(-6.8570)
G1(0.7497)
(0.5896)
(0.0027)
G2(0.4927)
(0.6380)
(-3.5737)
G3(0.3517)
(0.6034)
(0.0309)
G4(-1.5117)
(-0.9408)
(-0.8168)
A1(0.8862)
(9.8627)
(-0.0335)
A2(3.5003)
(8.4851)
(3.7110)
A3(2.0351)
(8.9687)
(-2.6863)
A4(4.4676)
(9.0166)
(-3.1412)
G1(-0.1564)
(0.5092)
(-0.2671)
G2(1.4452)
(0.8870)
(-1.6331)
G3(0.1336)
(0.7561)
(-0.2155)
G4(-0.8668)
(-0.3384)
(-0.0420)
A1(-1.5616)
(9.1681)
(-0.8430)
A2(4.7597)
(7.9200)
(1.1827)
A3(3.9552)
(8.3222)
(-3.1987)
A4(1.8292)
(10.0030)
(-4.4724)
G1(0.1479)
(-0.0096)
(-0.0474)
G2(1.4585)
(1.5697)
(-0.9062)
G3(0.1570)
(0.3517)
(-0.1596)
G4(-0.5736)
(0.3863)
(-0.1080)
A1(-0.9388)
(9.1777)
(-0.0287)
A2(2.8443)
(9.1746)
(0.4357)
A3(2.0399)
(8.9783)
(-2.5809)
A4(2.4229)
(9.7875)
(-2.5331)
G1(0.0506)
(0.0277)
(-0.2469)
G2(0.6800)
(0.3070)
(-0.3331)
G3(0.0053)
(0.3884)
(-0.2091)
G4(-0.4113)
(-0.1511)
(-0.2629)
A1(-1.6334)
(8.4017)
(-0.0335)
A2(1.8962)
(9.2560)
(-0.9673)
A3(2.0255)
(8.8394)
(-3.3519)
A4(0.6081)
(9.2560)
(-3.6727)
G1(-0.0442)
(-0.0617)
(-0.0708)
G2(0.6412)
(0.1522)
(-0.2565)
G3(-0.0644)
(-0.3118)
(-0.1511)
G4(-0.1378)
(-0.2655)
(-0.2203)
A1(-0.9293)
(9.1154)
(1.2406)
A2(1.9345)
(8.9208)
(-0.4310)
A3(1.2785)
(9.0405)
(-3.4333)
A4(-0.2729)
(9.1842)
(-4.0079)
G1(0.5715)
(0.6593)
(-0.0255)
G2(-0.1272)
(0.0947)
(-0.1293)
G3(-0.0867)
(-0.1277)
(-0.1815)
G4(-0.1772)
(-0.1320)
(-0.1522)
