A1(0.0623)
(16.6214)
(-1.5232)
A2(1.9201)
(9.1889)
(0.4118)
A3(0.5938)
(8.0349)
(-4.1851)
A4(12.6127)
(21.1073)
(-2.5043)
G1(-0.3890)
(-1.7203)
(-0.0644)
G2(0.1011)
(0.8881)
(0.0250)
G3(0.9115)
(-0.6726)
(0.3400)
G4(1.5069)
(0.5534)
(-1.2159)
A1(0.7856)
(9.0388)
(2.3519)
A2(8.2983)
(6.7612)
(5.3056)
A3(5.3534)
(6.5601)
(-6.9049)
A4(-3.9887)
(25.4695)
(-15.9167)
G1(-1.2201)
(-2.0082)
(-0.6444)
G2(-2.4062)
(-0.6029)
(0.0724)
G3(-0.2288)
(0.2458)
(-0.2692)
G4(3.4694)
(0.3033)
(4.8853)
A1(8.8472)
(15.4814)
(5.5229)
A2(8.8825)
(11.4778)
(6.9719)
A3(-0.6704)
(12.7084)
(-2.2745)
A4(-6.5362)
(0.1915)
(-14.4610)
G1(-0.4443)
(-2.6941)
(-0.2331)
G2(-3.7647)
(-2.0082)
(1.0030)
G3(-0.4688)
(-0.6178)
(0.0580)
G4(3.0458)
(1.8044)
(3.6982)
A1(-5.7289)
(10.9836)
(5.9875)
A2(5.1763)
(10.0365)
(12.6893)
A3(1.9106)
(8.2169)
(-7.1251)
A4(1.5036)
(-4.9225)
(-6.7038)
G1(0.7428)
(-1.2765)
(-1.3372)
G2(-4.4011)
(-1.3388)
(2.1976)
G3(-0.7567)
(-2.1327)
(0.1043)
G4(2.8197)
(3.8951)
(5.5244)
A1(3.7746)
(8.7227)
(5.0918)
A2(11.2144)
(4.4101)
(4.0893)
A3(-0.5650)
(8.4515)
(-2.2745)
A4(1.7861)
(-6.4165)
(0.3208)
G1(-0.0314)
(0.1979)
(0.3379)
G2(-3.4933)
(-4.9167)
(2.0231)
G3(-1.4851)
(-1.2749)
(-0.4214)
G4(0.2730)
(3.5401)
(2.7015)
A1(-3.9230)
(8.7466)
(4.6799)
A2(7.4699)
(7.1204)
(1.7430)
A3(0.4645)
(9.3901)
(2.5331)
A4(3.4189)
(-11.9279)
(-3.0981)
G1(0.0984)
(-0.4762)
(-0.1096)
G2(-0.9546)
(-4.4096)
(2.0396)
G3(-0.8290)
(-0.3182)
(-0.7093)
G4(0.7923)
(1.6224)
(1.7932)
A1(-8.4065)
(10.8973)
(6.0690)
A2(5.6264)
(0.2969)
(1.3551)
A3(-0.8715)
(9.4667)
(-1.4365)
A4(29.1566)
(110.2913)
(6.3063)
G1(-0.7849)
(1.8842)
(-0.2533)
G2(2.2711)
(-1.9784)
(1.8927)
G3(-0.3400)
(-1.0227)
(-0.2501)
G4(-3.0336)
(-4.3160)
(-5.7878)
A1(6.1648)
(11.4482)
(4.5122)
A2(6.2058)
(0.7997)
(0.0814)
A3(-7.4029)
(9.4810)
(1.5131)
A4(11.2719)
(-41.1372)
(2.2266)
G1(0.2442)
(-1.0493)
(-0.3507)
G2(3.5375)
(-1.6660)
(0.9301)
G3(-0.0452)
(0.3155)
(-0.3278)
G4(0.4661)
(-1.0860)
(1.6916)
A1(-1.0538)
(8.2341)
(2.1028)
A2(19.1536)
(15.1074)
(25.6275)
A3(2.7629)
(10.4914)
(0.4310)
A4(12.7802)
(1.3408)
(-1.7813)
G1(0.2698)
(1.6320)
(0.1575)
G2(-4.2383)
(-8.9682)
(1.0749)
G3(-0.5241)
(-1.2483)
(0.4911)
G4(-0.3911)
(0.3012)
(-0.9748)
A1(-1.1496)
(9.7813)
(1.6765)
A2(30.4303)
(4.1899)
(-7.3502)
A3(1.0199)
(9.2656)
(-2.4229)
A4(5.1380)
(3.6440)
(-6.8474)
G1(0.4762)
(0.5146)
(0.0798)
G2(0.2543)
(-2.8612)
(-0.5023)
G3(0.2645)
(1.1350)
(0.1346)
G4(0.6391)
(0.9998)
(-4.8587)
A1(0.3784)
(9.5034)
(1.8729)
A2(-1.2306)
(-1.7669)
(14.4083)
A3(1.4317)
(9.5960)
(-1.8196)
A4(7.6327)
(-1.9872)
(-5.2050)
G1(0.4305)
(0.5044)
(0.2144)
G2(0.0968)
(-2.0167)
(0.0059)
G3(0.1745)
(0.3485)
(0.2192)
G4(0.7881)
(-3.0352)
(-4.0254)
A1(0.1629)
(9.8866)
(1.4945)
A2(14.6381)
(3.3184)
(2.6240)
A3(1.2163)
(9.3757)
(-1.3216)
A4(4.6926)
(2.0973)
(-9.0022)
G1(0.1623)
(0.9333)
(-0.0995)
G2(-0.5672)
(3.7237)
(-2.0646)
G3(0.2522)
(1.0440)
(-0.0564)
G4(-0.2607)
(-2.5041)
(-3.8956)
A1(-0.8957)
(10.1070)
(1.5472)
A2(5.7940)
(2.4900)
(-1.1253)
A3(1.4222)
(9.5433)
(-0.4741)
A4(5.4540)
(6.1866)
(-10.3573)
G1(0.3592)
(0.1783)
(0.0559)
G2(0.5502)
(1.1951)
(-2.4498)
G3(0.4603)
(0.7205)
(0.1532)
G4(-1.0025)
(-2.0236)
(-1.4399)
A1(-3.3434)
(10.0399)
(-0.1389)
A2(7.0006)
(5.2625)
(5.6743)
A3(3.5674)
(9.1123)
(-2.0925)
A4(5.6695)
(9.1171)
(-9.4715)
G1(0.3938)
(0.9700)
(0.1064)
G2(1.0105)
(1.5900)
(-2.5392)
G3(0.3980)
(0.7327)
(0.1016)
G4(-1.5186)
(-2.1838)
(-0.3698)
A1(-0.7664)
(8.7418)
(0.2970)
A2(10.6542)
(7.6088)
(3.3423)
A3(2.2793)
(8.4515)
(-4.0270)
A4(3.0550)
(12.7419)
(-6.0382)
G1(0.5252)
(-0.0410)
(0.0516)
G2(1.2233)
(1.6432)
(-2.9325)
G3(0.1538)
(0.6683)
(0.0255)
G4(-1.8273)
(-1.1930)
(-0.3022)
A1(-0.4407)
(10.4088)
(-1.1544)
A2(7.6471)
(7.7285)
(3.2370)
A3(2.1261)
(8.9639)
(-3.3136)
A4(3.9840)
(11.2288)
(-3.8930)
G1(0.8083)
(0.8274)
(-0.3033)
G2(1.5155)
(-0.3108)
(-2.5201)
G3(-0.0947)
(0.4246)
(0.0165)
G4(-1.2531)
(-1.0360)
(0.1501)
A1(-0.4263)
(9.4076)
(-0.3114)
A2(4.9321)
(8.5808)
(2.6193)
A3(2.9880)
(9.4667)
(-1.5371)
A4(4.8219)
(11.0804)
(-2.0590)
G1(-0.0490)
(0.5859)
(-0.1979)
G2(1.8528)
(0.5917)
(-1.5628)
G3(-0.0266)
(1.1754)
(-0.1389)
G4(-0.2283)
(0.2198)
(-0.4289)
A1(0.3784)
(9.4986)
(-0.8957)
A2(5.8035)
(8.7724)
(1.0104)
A3(2.4804)
(9.2368)
(-2.4325)
A4(3.5386)
(10.7404)
(-3.2370)
G1(0.2730)
(0.5289)
(-0.3203)
G2(0.8562)
(1.1105)
(-0.8759)
G3(-0.2767)
(0.5310)
(-0.0910)
G4(-0.3443)
(0.7785)
(-0.0756)
A1(-1.2742)
(8.7945)
(-1.8777)
A2(3.3375)
(8.0876)
(1.9154)
A3(3.0454)
(8.7293)
(-2.8874)
A4(-0.1149)
(8.3749)
(-5.9472)
G1(0.6119)
(0.3288)
(-0.4060)
G2(0.5066)
(0.3501)
(-0.5784)
G3(-0.2357)
(0.5539)
(-0.0862)
G4(0.0101)
(-0.0654)
(-0.1091)
A1(-1.2215)
(9.4555)
(-0.4263)
A2(3.3758)
(10.1323)
(0.1963)
A3(3.9504)
(9.1028)
(-1.5562)
A4(1.7190)
(9.0405)
(-6.3159)
G1(1.1350)
(-0.1346)
(-0.3751)
G2(0.4688)
(1.1994)
(-0.2309)
G3(-0.0426)
(0.1415)
(-0.1655)
G4(-0.7152)
(-0.2022)
(-0.0857)
