A1(-3.6021)
(11.3907)
(7.3527)
A2(-1.4269)
(7.4412)
(0.8667)
A3(-4.3766)
(14.0204)
(-0.8332)
A4(1.0199)
(8.3127)
(-6.9432)
G1(-3.2885)
(1.1158)
(-1.4282)
G2(-1.5218)
(-0.2086)
(0.1634)
G3(0.8966)
(0.0463)
(0.2788)
G4(0.3092)
(0.8163)
(-0.4518)
A1(-10.9740)
(15.6730)
(8.2676)
A2(1.2737)
(11.5831)
(-0.2682)
A3(-6.5505)
(13.0580)
(-7.3741)
A4(-3.9265)
(10.5728)
(-5.2481)
G1(-3.1421)
(5.0934)
(-3.2922)
G2(-1.0376)
(2.1146)
(0.8461)
G3(1.7794)
(-1.0903)
(-1.1797)
G4(-0.1458)
(-0.0069)
(0.1772)
A1(-6.9982)
(10.3944)
(-0.4311)
A2(3.0742)
(10.1658)
(-2.0590)
A3(-5.7365)
(16.7881)
(-16.9270)
A4(-0.1341)
(7.1587)
(-9.2177)
G1(-1.0435)
(3.7572)
(-3.1283)
G2(-0.2379)
(0.9371)
(1.0217)
G3(3.8647)
(-1.2702)
(-3.1411)
G4(-0.3847)
(1.0722)
(0.0330)
A1(-9.8483)
(7.1372)
(-4.6128)
A2(-4.4676)
(11.1713)
(8.5425)
A3(-2.7964)
(-9.8976)
(-8.2456)
A4(0.6800)
(9.4619)
(-2.7821)
G1(3.6620)
(3.2555)
(-3.1703)
G2(-0.9982)
(0.6726)
(0.2613)
G3(5.0418)
(-5.0082)
(-6.3667)
G4(-0.9557)
(1.1584)
(0.2187)
A1(-9.7286)
(4.7852)
(6.3229)
A2(-0.5938)
(12.7659)
(4.6687)
A3(-3.5338)
(-11.0564)
(-1.2019)
A4(0.1724)
(8.6574)
(0.1245)
G1(4.0579)
(6.9324)
(-3.3241)
G2(-0.2315)
(4.9284)
(0.2464)
G3(1.6272)
(-5.6367)
(-3.2576)
G4(-0.5571)
(1.6831)
(0.2528)
A1(-13.1439)
(-0.8287)
(-7.5970)
A2(4.5681)
(8.4036)
(7.3358)
A3(-4.9608)
(-1.8387)
(-7.4412)
A4(5.8466)
(10.5105)
(-1.0104)
G1(2.9841)
(-2.5270)
(-2.4977)
G2(0.6561)
(-0.7599)
(0.8333)
G3(1.1451)
(0.3762)
(-4.8023)
G4(-0.6018)
(0.9440)
(0.1873)
A1(-1.1975)
(2.9411)
(23.8975)
A2(-3.6536)
(9.9072)
(7.2640)
A3(-0.1149)
(-3.0023)
(-10.7212)
A4(16.7020)
(7.8147)
(-0.0431)
G1(0.0239)
(3.5992)
(0.4087)
G2(1.4942)
(0.4097)
(0.4640)
G3(-3.1709)
(0.7673)
(-0.7955)
G4(-0.3235)
(-0.9935)
(-0.8030)
A1(-9.9106)
(1.1257)
(4.0188)
A2(4.2090)
(8.6000)
(0.5842)
A3(-20.0969)
(2.4277)
(7.1874)
A4(0.0862)
(10.0030)
(-1.1396)
G1(-1.8810)
(0.0074)
(0.9147)
G2(0.3086)
(-1.3984)
(0.0867)
G3(0.9147)
(1.2388)
(-1.9688)
G4(0.3528)
(0.5816)
(-0.2506)
A1(-2.8644)
(-1.9974)
(2.2992)
A2(0.7278)
(11.8561)
(6.3303)
A3(-7.0773)
(0.2682)
(-3.4572)
A4(-0.9481)
(9.7061)
(-2.4181)
G1(-1.0855)
(-2.0327)
(2.1955)
G2(0.2884)
(0.4204)
(0.5087)
G3(-0.2400)
(-1.0030)
(1.3223)
G4(0.1224)
(-1.4692)
(-0.1038)
A1(-4.0045)
(4.6894)
(1.7579)
A2(2.8060)
(7.4220)
(3.1987)
A3(-3.0502)
(-1.5562)
(1.5850)
A4(3.7158)
(8.5808)
(-2.8970)
G1(-1.4569)
(-2.4754)
(2.4142)
G2(-0.3166)
(0.6082)
(-0.4560)
G3(0.3336)
(0.1990)
(2.3801)
G4(0.2719)
(-1.4974)
(0.0223)
A1(-11.3620)
(4.9385)
(0.6179)
A2(-1.9585)
(8.9399)
(3.0933)
A3(-11.4539)
(-6.1244)
(-4.9081)
A4(-0.6273)
(8.8346)
(-4.3479)
G1(0.5268)
(-2.0449)
(3.3550)
G2(0.3288)
(-0.5960)
(-0.7907)
G3(1.9193)
(1.9768)
(2.9511)
G4(0.2267)
(-1.1861)
(-0.0149)
A1(-11.2901)
(5.4846)
(3.0225)
A2(4.8746)
(8.4707)
(2.0207)
A3(-5.1092)
(-3.4955)
(-6.2728)
A4(1.0534)
(8.8442)
(-4.7262)
G1(0.7753)
(0.2708)
(2.8532)
G2(0.4071)
(-0.2549)
(-0.5768)
G3(-0.3081)
(2.9213)
(2.2562)
G4(0.0883)
(-0.5976)
(-0.2320)
A1(-8.7275)
(8.5406)
(3.1135)
A2(-0.6273)
(9.4332)
(0.6895)
A3(-8.8298)
(2.4756)
(-7.9104)
A4(-0.1101)
(8.7197)
(-5.6120)
G1(0.8077)
(-1.2590)
(2.5297)
G2(0.2379)
(-0.7556)
(-0.5199)
G3(-1.7001)
(3.5524)
(1.3164)
G4(-0.3214)
(-0.3427)
(-0.2645)
A1(-6.7731)
(8.1670)
(2.3806)
A2(1.0056)
(10.7643)
(-0.0575)
A3(-7.4651)
(5.7796)
(-10.2185)
A4(-1.1875)
(9.7923)
(-2.1644)
G1(1.2845)
(-0.3523)
(1.6511)
G2(0.2975)
(-0.3826)
(-0.4268)
G3(-1.7677)
(2.2024)
(1.0541)
G4(-0.1463)
(-0.2666)
(-0.0362)
A1(-5.3792)
(10.6051)
(3.1566)
A2(-0.0239)
(9.4523)
(0.5459)
A3(-4.7022)
(5.5354)
(-10.0365)
A4(-1.5658)
(9.7444)
(-3.2417)
G1(1.2898)
(-0.4789)
(1.4239)
G2(0.5763)
(-0.3890)
(-0.4129)
G3(-2.5563)
(1.6820)
(1.6953)
G4(-0.0351)
(0.0947)
(-0.0319)
A1(-4.1913)
(8.1095)
(5.2116)
A2(-1.4700)
(8.8298)
(2.7821)
A3(-4.5107)
(8.2791)
(-7.2113)
A4(-0.8619)
(9.6534)
(-3.4141)
G1(1.6756)
(-0.6832)
(0.6886)
G2(0.0415)
(-0.8961)
(-0.1112)
G3(-1.7576)
(0.5241)
(1.6666)
G4(-0.0255)
(-0.1011)
(0.1362)
A1(-5.3792)
(8.6556)
(1.4849)
A2(-1.8675)
(10.7595)
(0.5507)
A3(-5.7174)
(8.3318)
(-7.6471)
A4(-0.1532)
(9.0357)
(-3.7733)
G1(1.0461)
(0.1607)
(0.5704)
G2(0.2826)
(0.4039)
(-0.1857)
G3(-2.1551)
(0.1681)
(0.9445)
G4(-0.0250)
(-0.2086)
(0.0548)
A1(-4.2536)
(7.3383)
(-1.4705)
A2(1.7430)
(9.5672)
(-1.0678)
A3(-3.6296)
(11.0421)
(-0.5363)
A4(-0.6895)
(8.9974)
(-4.2329)
G1(-0.1399)
(-0.1405)
(-0.2214)
G2(0.1219)
(-0.8737)
(0.0346)
G3(-1.3047)
(-0.1197)
(0.1969)
G4(0.0112)
(-0.0761)
(0.1197)
A1(-3.2524)
(9.2831)
(-0.6275)
A2(-0.3687)
(9.5385)
(0.9481)
A3(-7.7285)
(9.4715)
(-7.2496)
A4(-0.1532)
(9.2703)
(-4.6591)
G1(0.4970)
(-0.3437)
(-0.1272)
G2(0.1421)
(-0.3129)
(-0.1389)
G3(-0.2788)
(0.5209)
(0.1203)
G4(-0.0974)
(0.1261)
(0.1596)
A1(-2.0932)
(9.4412)
(-0.7904)
A2(0.7039)
(8.7340)
(-1.2019)
A3(-0.2394)
(9.2464)
(-2.7629)
A4(0.9098)
(8.9639)
(-4.0941)
G1(0.5310)
(0.0090)
(0.3267)
G2(0.1474)
(0.6274)
(-0.0777)
G3(0.0112)
(0.3656)
(-0.1298)
G4(-0.2868)
(0.5087)
(0.0447)
