A1(-0.2826)
(8.7658)
(-0.1533)
A2(1.9920)
(9.7588)
(0.8475)
A3(1.8148)
(9.4140)
(-1.4174)
A4(0.1389)
(8.7676)
(-4.8507)
G1(-0.9530)
(-0.0309)
(0.2437)
G2(0.0734)
(0.2756)
(0.0106)
G3(0.2836)
(0.0958)
(-0.0112)
G4(-0.3507)
(0.1437)
(-0.0117)
A1(0.0575)
(8.2820)
(-0.1868)
A2(2.6863)
(9.6007)
(0.1389)
A3(1.6328)
(8.7676)
(-3.2226)
A4(0.0910)
(10.9702)
(-1.8196)
G1(-1.1419)
(-0.2171)
(-0.0468)
G2(0.2639)
(-0.0202)
(0.0899)
G3(0.2826)
(-0.4358)
(0.0952)
G4(-0.1171)
(0.6141)
(-0.3863)
A1(0.9005)
(13.7953)
(-1.3125)
A2(0.5555)
(9.2368)
(-0.5363)
A3(0.9385)
(8.2408)
(-4.1372)
A4(7.3646)
(20.6141)
(0.9385)
G1(-0.4821)
(-0.9355)
(-0.2581)
G2(0.6673)
(0.3980)
(0.5593)
G3(0.5209)
(-0.0835)
(0.1304)
G4(1.2558)
(0.6002)
(-0.7779)
A1(-2.8644)
(9.7381)
(-2.8692)
A2(4.8459)
(8.6000)
(0.6033)
A3(3.9073)
(7.5561)
(-6.6894)
A4(11.3677)
(22.4863)
(-6.8474)
G1(0.1815)
(-0.5821)
(-0.0261)
G2(1.1345)
(0.3155)
(0.2841)
G3(0.3879)
(-0.1187)
(0.1240)
G4(1.3814)
(2.2567)
(-0.6439)
A1(7.5731)
(12.3870)
(6.1983)
A2(8.7915)
(11.4970)
(6.2297)
A3(-3.2753)
(9.5193)
(-2.4565)
A4(-1.8914)
(7.4986)
(-13.4602)
G1(-0.0335)
(-2.1700)
(0.0298)
G2(-3.8764)
(-1.7794)
(0.2959)
G3(-0.4677)
(-0.3081)
(0.0713)
G4(1.8241)
(1.2111)
(1.0802)
A1(1.2167)
(8.4688)
(-0.1006)
A2(4.6974)
(7.3358)
(7.9727)
A3(8.2217)
(7.9727)
(-3.7062)
A4(5.5162)
(2.3320)
(-13.6805)
G1(-0.1288)
(-1.8768)
(-0.4683)
G2(-5.5286)
(-1.9837)
(2.0869)
G3(-0.4230)
(-0.8450)
(0.1586)
G4(2.6526)
(2.6531)
(5.8133)
A1(-0.9436)
(10.3848)
(8.2532)
A2(13.6182)
(8.0302)
(8.8155)
A3(6.0382)
(8.6862)
(-2.9736)
A4(3.5769)
(-3.1939)
(-3.9552)
G1(0.2820)
(0.1245)
(-1.4809)
G2(-4.5687)
(-1.9454)
(2.6414)
G3(-0.6598)
(-1.8278)
(0.3006)
G4(0.9046)
(4.1883)
(4.8268)
A1(-0.8622)
(4.1769)
(0.1868)
A2(9.6774)
(7.3119)
(4.5059)
A3(1.7478)
(6.5410)
(-5.8179)
A4(3.3040)
(-7.8338)
(-0.6752)
G1(0.9802)
(-1.1983)
(-0.1070)
G2(-3.4257)
(-3.2927)
(2.6989)
G3(-1.3186)
(-1.9204)
(0.2783)
G4(0.0479)
(4.1212)
(3.2948)
A1(0.9436)
(7.7407)
(5.9061)
A2(10.1275)
(4.3144)
(4.9321)
A3(4.8363)
(8.4803)
(-1.7765)
A4(0.9673)
(-12.3493)
(-3.7350)
G1(0.7077)
(-0.9344)
(-0.0830)
G2(-1.9720)
(-4.4820)
(2.4887)
G3(-1.3952)
(-1.9332)
(-0.0500)
G4(-0.2038)
(2.7579)
(4.5905)
A1(-7.9994)
(9.2639)
(6.1169)
A2(0.3591)
(1.8292)
(2.2218)
A3(-1.7621)
(11.2192)
(4.5203)
A4(17.1377)
(102.2899)
(4.0318)
G1(-0.8642)
(-0.5369)
(-0.3171)
G2(2.4818)
(-3.0181)
(1.5341)
G3(-0.6625)
(-1.3361)
(-0.2953)
G4(-1.2622)
(-5.1461)
(6.2736)
A1(-3.4392)
(10.1980)
(2.5435)
A2(6.3159)
(1.6855)
(-2.0734)
A3(-5.2194)
(8.7532)
(2.5570)
A4(44.4603)
(-25.2971)
(-11.3437)
G1(-0.1517)
(-0.4369)
(0.2820)
G2(4.3798)
(-1.6660)
(-0.1564)
G3(0.3906)
(-0.0160)
(-0.4156)
G4(-0.1405)
(4.2377)
(-3.1517)
A1(-0.8574)
(8.5263)
(2.4812)
A2(25.3690)
(6.3255)
(12.8521)
A3(1.2689)
(9.6438)
(-2.5379)
A4(2.9640)
(-1.5419)
(-0.1532)
G1(0.3911)
(0.3421)
(0.2187)
G2(0.9743)
(-12.0135)
(0.7141)
G3(0.2810)
(-0.0995)
(0.4347)
G4(-0.8535)
(0.4954)
(-3.6663)
A1(-2.3232)
(8.5694)
(2.4525)
A2(-16.7020)
(-10.2999)
(14.8871)
A3(3.9552)
(8.7532)
(-1.0774)
A4(10.2807)
(1.3120)
(-5.6599)
G1(0.3267)
(0.7540)
(-0.0612)
G2(-3.9946)
(8.8208)
(-3.6354)
G3(0.4103)
(1.4862)
(-0.1235)
G4(1.1015)
(1.4633)
(-3.9797)
A1(-0.8239)
(10.0399)
(1.4274)
A2(40.5243)
(12.5552)
(-6.2249)
A3(-1.1492)
(8.9208)
(-3.4955)
A4(0.7470)
(-2.4421)
(-4.1899)
G1(0.2666)
(0.8631)
(0.0005)
G2(0.3496)
(-2.3243)
(-0.5167)
G3(0.3544)
(1.8145)
(-0.2389)
G4(0.0341)
(-1.6229)
(-3.5194)
A1(-0.0527)
(9.6567)
(1.7675)
A2(3.7350)
(-0.2586)
(1.4892)
A3(1.4892)
(8.9256)
(-3.0694)
A4(6.1100)
(1.2402)
(-7.2305)
G1(0.4619)
(1.1111)
(0.4252)
G2(-2.0545)
(5.8133)
(-1.7890)
G3(0.2496)
(0.9067)
(0.0287)
G4(-0.6444)
(-2.6244)
(-3.3406)
A1(0.8095)
(8.9095)
(-0.3305)
A2(16.2806)
(6.3925)
(-0.9290)
A3(2.6384)
(9.3422)
(-2.0255)
A4(4.3718)
(3.9025)
(-9.0405)
G1(0.3214)
(1.1802)
(0.3709)
G2(-0.6460)
(3.4470)
(-2.3120)
G3(0.3890)
(1.6575)
(-0.1724)
G4(-1.0557)
(-2.2429)
(-3.4470)
A1(-1.3939)
(9.3070)
(1.3556)
A2(7.4316)
(2.3272)
(3.6440)
A3(2.7198)
(9.4427)
(-1.7621)
A4(2.9066)
(9.1506)
(-9.5672)
G1(-0.1916)
(0.7875)
(-0.2421)
G2(-0.5316)
(-1.1302)
(-2.4099)
G3(0.2756)
(0.7019)
(0.0037)
G4(-0.7460)
(-2.1146)
(-1.9842)
A1(-1.7148)
(10.4758)
(0.5173)
A2(4.9704)
(6.9767)
(4.6735)
A3(1.6185)
(9.0453)
(-2.9497)
A4(6.4356)
(10.1610)
(-8.7149)
G1(-0.1394)
(0.0415)
(-0.3118)
G2(0.7024)
(2.8580)
(-2.7760)
G3(0.4693)
(0.9131)
(-0.1368)
G4(-0.1027)
(-2.0151)
(-1.1041)
A1(0.4551)
(10.5333)
(-0.4551)
A2(8.4803)
(7.0773)
(3.8307)
A3(2.9161)
(8.2265)
(-5.7365)
A4(4.8842)
(8.8202)
(-8.9639)
G1(0.3453)
(0.0335)
(0.0979)
G2(1.5011)
(0.6077)
(-2.8489)
G3(0.2363)
(0.2474)
(-0.0910)
G4(-0.3187)
(-1.3138)
(0.3288)
A1(-0.8862)
(9.5753)
(0.0575)
A2(7.0054)
(7.4986)
(4.3383)
A3(3.1460)
(8.6191)
(-4.1707)
A4(2.4756)
(9.2416)
(-7.0294)
G1(0.6098)
(1.0355)
(-0.0064)
G2(0.5209)
(-2.0396)
(-2.1944)
G3(-0.0064)
(0.3863)
(-0.0830)
G4(-1.1871)
(-1.0270)
(0.3193)
