A1(2.6058)
(6.8114)
(2.2848)
A2(2.5474)
(9.3709)
(0.2921)
A3(1.2210)
(9.7109)
(-1.3743)
A4(3.2370)
(11.1091)
(0.5459)
G1(-1.3995)
(0.5305)
(0.2017)
G2(0.0176)
(0.3688)
(-0.0122)
G3(0.4768)
(-0.0814)
(0.1554)
G4(0.2464)
(-0.8328)
(-0.0628)
A1(0.5509)
(7.7599)
(-0.1820)
A2(4.4245)
(8.7053)
(0.2298)
A3(2.1979)
(7.9200)
(-5.3247)
A4(3.6823)
(18.2438)
(-2.5522)
G1(-1.0962)
(-2.5472)
(-0.2325)
G2(0.4911)
(-0.2543)
(0.3022)
G3(0.6087)
(-0.2474)
(0.3437)
G4(2.0784)
(-0.8769)
(0.1006)
A1(-1.9256)
(7.8557)
(2.4285)
A2(4.5011)
(5.0039)
(6.5793)
A3(5.5689)
(7.6327)
(-5.4779)
A4(-1.1540)
(10.1514)
(-10.2376)
G1(0.3033)
(-1.4069)
(-0.3549)
G2(-2.3950)
(-1.0552)
(0.1660)
G3(0.5119)
(-0.7237)
(0.3118)
G4(0.6715)
(-0.2373)
(2.0768)
A1(2.1843)
(14.1306)
(3.7650)
A2(7.5800)
(9.7492)
(7.2065)
A3(4.5681)
(7.8051)
(-4.0318)
A4(5.3870)
(5.0087)
(-14.2503)
G1(0.1362)
(0.1059)
(0.1059)
G2(-5.0923)
(-2.8260)
(0.8205)
G3(-0.0463)
(0.1501)
(-0.0016)
G4(0.8322)
(2.3259)
(1.5820)
A1(1.2071)
(14.3078)
(-2.2609)
A2(12.0189)
(7.4603)
(8.5090)
A3(5.1523)
(9.3182)
(-6.7852)
A4(1.6807)
(-3.8403)
(-5.5929)
G1(-1.2765)
(-1.0504)
(-1.2233)
G2(-3.7972)
(-1.4053)
(2.3482)
G3(-0.7641)
(-0.5518)
(-0.5683)
G4(1.3244)
(2.7792)
(3.5428)
A1(-2.5770)
(8.1047)
(4.2057)
A2(13.2591)
(4.6448)
(0.8045)
A3(6.3925)
(-6.8331)
(5.0901)
A4(2.4565)
(-10.0940)
(-7.0294)
G1(0.9104)
(-0.8455)
(-0.6625)
G2(-1.2526)
(-2.3301)
(0.9413)
G3(-2.6542)
(-5.8038)
(3.0309)
G4(0.7838)
(1.3404)
(3.7956)
A1(-10.3082)
(11.7500)
(1.5711)
A2(-5.1763)
(1.1875)
(6.7373)
A3(2.4325)
(17.7698)
(6.9384)
A4(9.0357)
(-0.4884)
(-9.4092)
G1(-0.1123)
(-0.8200)
(-0.8732)
G2(3.1730)
(-5.0535)
(1.3585)
G3(-0.0724)
(-1.1573)
(0.3485)
G4(-2.6047)
(-0.8743)
(0.6747)
A1(1.5999)
(6.0833)
(5.5277)
A2(16.4434)
(-1.9249)
(-2.9544)
A3(7.7620)
(5.9185)
(-3.8116)
A4(2.4708)
(-8.5425)
(-15.3708)
G1(-0.0921)
(-1.6900)
(-0.7737)
G2(5.3052)
(-0.3267)
(0.7098)
G3(-0.5912)
(-0.6667)
(-0.5710)
G4(-1.2691)
(3.8802)
(1.8235)
A1(-5.4463)
(6.7492)
(4.4020)
A2(18.4497)
(0.0096)
(18.7274)
A3(1.9297)
(11.7412)
(5.4971)
A4(3.8690)
(-6.6511)
(-6.9528)
G1(0.3001)
(0.9152)
(0.5279)
G2(-2.1508)
(-7.2921)
(-0.0181)
G3(-0.4970)
(-1.9773)
(0.4108)
G4(-0.5401)
(-0.9791)
(0.4108)
A1(-2.3423)
(9.3166)
(1.2263)
A2(23.2908)
(-1.7573)
(-11.6933)
A3(-0.4884)
(9.7109)
(-1.4365)
A4(1.6281)
(9.5529)
(-0.4022)
G1(0.1634)
(1.4048)
(0.6008)
G2(0.2059)
(-4.9018)
(0.6848)
G3(0.6300)
(3.0847)
(-0.6151)
G4(0.8493)
(-0.7418)
(-0.7779)
A1(1.0011)
(9.1873)
(3.9183)
A2(9.1267)
(-2.0877)
(-8.6143)
A3(-0.9385)
(9.1889)
(-3.6296)
A4(7.0629)
(-7.7572)
(-8.6383)
G1(-0.1309)
(1.8581)
(0.2629)
G2(-0.7152)
(0.9647)
(-0.0378)
G3(0.3491)
(2.0422)
(-0.2996)
G4(1.3319)
(-0.6912)
(-3.3018)
A1(-1.0203)
(10.3034)
(4.2679)
A2(-0.9768)
(1.0247)
(4.4772)
A3(2.7390)
(9.7779)
(-1.5036)
A4(4.6304)
(-6.7900)
(-6.1818)
G1(0.1900)
(0.7482)
(0.4693)
G2(-3.4577)
(4.1404)
(-1.4777)
G3(0.4448)
(0.9615)
(0.1197)
G4(-3.1038)
(-4.0414)
(-4.0121)
A1(1.4322)
(9.8052)
(2.1459)
A2(12.8856)
(4.9225)
(-3.6009)
A3(2.4086)
(8.5952)
(-3.8403)
A4(0.4022)
(1.3216)
(-10.1275)
G1(0.4172)
(0.4954)
(0.1979)
G2(-1.9007)
(3.6796)
(-2.0348)
G3(0.4826)
(0.3485)
(0.0963)
G4(-3.8046)
(-1.0376)
(-4.4309)
A1(0.0431)
(9.9202)
(1.7963)
A2(8.6910)
(5.0182)
(4.9464)
A3(1.1827)
(8.7053)
(-4.0749)
A4(0.7901)
(11.4874)
(-9.9072)
G1(0.9546)
(0.7274)
(-0.0814)
G2(0.9690)
(1.0254)
(-2.1274)
G3(0.1825)
(0.0639)
(0.0447)
G4(-2.5776)
(-0.7662)
(-1.0318)
A1(-0.9388)
(7.7647)
(-0.2443)
A2(8.0637)
(8.2217)
(4.9895)
A3(1.7142)
(9.2177)
(-2.7294)
A4(3.6583)
(12.5408)
(-5.4013)
G1(-0.2182)
(-0.0064)
(-0.1410)
G2(2.2679)
(2.8064)
(-2.5834)
G3(0.0772)
(0.5257)
(-0.1878)
G4(-0.5922)
(-0.8024)
(-0.2639)
A1(-1.1544)
(9.7477)
(0.0527)
A2(4.9799)
(7.4891)
(3.5674)
A3(1.0439)
(8.5090)
(-4.5969)
A4(4.1084)
(9.2991)
(-5.1523)
G1(0.3155)
(0.1453)
(-0.1527)
G2(1.5516)
(0.9073)
(-1.6958)
G3(0.2251)
(-0.3762)
(-0.0032)
G4(-0.7593)
(0.0074)
(0.0144)
A1(-0.5461)
(9.2400)
(-0.5700)
A2(4.6208)
(11.1187)
(-0.5219)
A3(1.4365)
(8.3749)
(-4.8123)
A4(-0.0910)
(9.7205)
(-3.4046)
G1(0.4741)
(0.1272)
(-0.1894)
G2(1.3441)
(0.9115)
(-0.8413)
G3(0.0777)
(0.0420)
(-0.2389)
G4(-0.3741)
(-0.3406)
(0.2081)
A1(-1.1065)
(9.5609)
(0.4024)
A2(3.1987)
(9.4523)
(0.7374)
A3(1.3982)
(8.6239)
(-3.8930)
A4(1.0534)
(8.7676)
(-5.3822)
G1(-0.1410)
(-0.4012)
(-0.3400)
G2(0.8897)
(0.8429)
(-0.0564)
G3(-0.1123)
(-0.1612)
(-0.2256)
G4(-0.4363)
(-0.2134)
(-0.3682)
A1(-1.5616)
(9.7717)
(-0.3880)
A2(2.6576)
(9.1267)
(-0.9768)
A3(0.9864)
(8.6191)
(-4.0127)
A4(0.3065)
(10.4196)
(-1.8148)
G1(0.0591)
(-0.1463)
(-0.2921)
G2(0.3555)
(0.1458)
(-0.3294)
G3(-0.0825)
(-0.1043)
(-0.2804)
G4(-0.0851)
(-0.6598)
(-0.0468)
A1(-2.1028)
(9.1681)
(0.3784)
A2(3.0694)
(9.3326)
(-2.0159)
A3(0.9768)
(8.8538)
(-3.9121)
A4(-1.3216)
(8.7197)
(-4.6064)
G1(0.2293)
(-0.2277)
(-0.1532)
G2(0.7897)
(-0.3448)
(0.0702)
G3(-0.1288)
(-0.1032)
(-0.2506)
G4(-0.0122)
(-0.4613)
(-0.0490)
