A1(1.2310)
(8.6939)
(-0.6323)
A2(2.3415)
(9.1459)
(-1.9968)
A3(2.9018)
(9.1411)
(-2.4756)
A4(0.9290)
(10.7212)
(-0.8188)
G1(-0.8003)
(0.5752)
(0.0873)
G2(0.1314)
(0.5981)
(0.1559)
G3(0.8056)
(0.0819)
(0.0841)
G4(-0.1767)
(0.4709)
(-0.1208)
A1(3.7746)
(13.7522)
(-2.2896)
A2(3.5769)
(8.3989)
(-0.1532)
A3(0.0718)
(9.0980)
(-2.6097)
A4(11.6550)
(18.1385)
(1.7190)
G1(-1.7634)
(-1.3228)
(-0.4454)
G2(0.1479)
(0.2671)
(0.1634)
G3(0.6540)
(0.2815)
(0.1022)
G4(0.8179)
(1.5479)
(-1.1025)
A1(-3.5207)
(11.9320)
(1.3939)
A2(4.3574)
(9.1411)
(-0.2155)
A3(4.6352)
(7.8673)
(-5.9951)
A4(13.9103)
(27.1455)
(1.1588)
G1(0.2512)
(-1.9358)
(-0.1479)
G2(0.0346)
(0.5736)
(0.1490)
G3(0.6141)
(0.4241)
(-0.1415)
G4(2.1865)
(0.1458)
(0.1192)
A1(9.0819)
(17.3783)
(7.9658)
A2(14.3269)
(10.7739)
(8.2408)
A3(-0.6033)
(10.4914)
(-0.1628)
A4(-9.3757)
(5.1332)
(-14.6908)
G1(-1.0307)
(-2.3471)
(-0.8971)
G2(-3.7386)
(-0.1591)
(0.4119)
G3(-0.4933)
(0.4922)
(-0.0420)
G4(3.9249)
(1.5245)
(2.9958)
A1(-6.5145)
(14.6000)
(1.6142)
A2(2.7294)
(14.6573)
(9.3134)
A3(5.7030)
(9.1219)
(-4.8076)
A4(1.3312)
(-6.7133)
(-7.7237)
G1(0.8881)
(-1.7608)
(-0.8359)
G2(-4.7571)
(-2.5903)
(3.3906)
G3(-0.6024)
(-1.4351)
(-0.1091)
G4(3.9132)
(3.9781)
(5.5781)
A1(5.8486)
(8.7035)
(8.2532)
A2(12.4498)
(5.6886)
(5.1332)
A3(1.3264)
(7.3741)
(-3.3854)
A4(3.8355)
(-10.0365)
(4.7788)
G1(0.2607)
(-0.4337)
(-0.0841)
G2(-4.1994)
(-2.6622)
(2.0215)
G3(-1.4415)
(-1.5511)
(-0.4752)
G4(-1.6783)
(5.8985)
(1.3963)
A1(-5.4175)
(7.8940)
(5.4846)
A2(9.7013)
(6.0142)
(3.0263)
A3(1.0247)
(9.6917)
(2.1117)
A4(4.5538)
(-11.0947)
(0.0383)
G1(0.2112)
(-1.3686)
(-0.1532)
G2(-2.2492)
(-4.4884)
(2.0098)
G3(-1.1467)
(-1.2531)
(-0.4480)
G4(-1.4170)
(1.7107)
(2.2077)
A1(-9.5849)
(9.5274)
(4.7757)
A2(8.0349)
(-1.5131)
(-1.0918)
A3(-2.4469)
(10.6015)
(0.9050)
A4(40.2082)
(122.1570)
(-1.6855)
G1(-0.7865)
(2.0736)
(-0.1309)
G2(2.8707)
(-2.3998)
(2.2865)
G3(-0.3932)
(-1.2574)
(-0.2134)
G4(-2.5829)
(-9.2907)
(-3.0346)
A1(-5.2643)
(9.4364)
(4.8619)
A2(4.2329)
(2.6719)
(0.1772)
A3(-2.0016)
(6.9623)
(-6.8091)
A4(10.7787)
(3.0502)
(4.7214)
G1(0.2176)
(-0.4672)
(0.2884)
G2(5.6308)
(1.7900)
(-0.2283)
G3(0.5167)
(2.0093)
(0.0596)
G4(0.6838)
(0.5656)
(-0.4177)
A1(-0.8478)
(8.4113)
(3.1806)
A2(-0.4357)
(-5.6360)
(12.2679)
A3(2.0207)
(9.7109)
(-1.2546)
A4(0.7661)
(5.3056)
(-5.7652)
G1(0.3512)
(0.8152)
(0.3102)
G2(-4.6842)
(12.7053)
(-3.1634)
G3(0.5108)
(0.8163)
(0.1394)
G4(-1.0642)
(0.5593)
(-4.6459)
A1(-0.6035)
(8.8520)
(2.9411)
A2(37.3687)
(-1.0534)
(-5.2672)
A3(2.5139)
(8.3558)
(-2.6863)
A4(8.6670)
(-3.3040)
(-4.1324)
G1(0.2288)
(0.4427)
(0.0905)
G2(0.6572)
(-2.1641)
(0.0516)
G3(0.5156)
(1.3713)
(-0.0330)
G4(0.3991)
(-0.9876)
(-4.5889)
A1(-1.6238)
(8.7658)
(2.7878)
A2(-0.2969)
(-1.5323)
(3.0885)
A3(1.0295)
(9.7109)
(-0.7805)
A4(5.5258)
(1.9201)
(-6.8426)
G1(0.3719)
(0.2804)
(0.4119)
G2(-2.3104)
(6.2161)
(-1.5335)
G3(0.2932)
(0.4193)
(0.1341)
G4(-0.4081)
(-2.1646)
(-4.5368)
A1(-1.2119)
(9.1059)
(1.6286)
A2(8.1738)
(2.8922)
(-2.2697)
A3(-0.1053)
(9.3182)
(-2.9832)
A4(2.2553)
(6.7612)
(-10.2568)
G1(0.2586)
(0.3868)
(0.2357)
G2(1.3601)
(1.5330)
(-1.8746)
G3(0.2714)
(0.8370)
(-0.0841)
G4(-0.6891)
(-1.3287)
(-1.6543)
A1(-1.2071)
(9.9777)
(1.4658)
A2(4.7022)
(6.4165)
(6.7325)
A3(1.5658)
(9.0214)
(-2.5091)
A4(5.6599)
(12.4690)
(-10.2807)
G1(0.1165)
(1.0669)
(0.1399)
G2(0.9280)
(1.4931)
(-2.9649)
G3(0.4693)
(1.0552)
(-0.1442)
G4(-0.9924)
(-2.5440)
(-0.1836)
A1(0.0383)
(10.0639)
(0.4359)
A2(7.8530)
(6.7852)
(5.8658)
A3(1.9201)
(8.8633)
(-4.0031)
A4(4.1851)
(12.4546)
(-6.8857)
G1(0.2379)
(1.0318)
(-0.1836)
G2(0.9206)
(2.9277)
(-3.3076)
G3(0.4603)
(1.2920)
(-0.1681)
G4(-1.3047)
(-1.7224)
(-1.3877)
A1(-0.2874)
(11.5296)
(0.7951)
A2(9.3326)
(8.9974)
(3.2082)
A3(1.8387)
(8.9016)
(-3.4046)
A4(2.4612)
(9.1937)
(-7.0820)
G1(0.1298)
(0.9935)
(0.2442)
G2(1.5405)
(-0.7205)
(-2.4067)
G3(0.2996)
(0.6896)
(0.0633)
G4(-0.6162)
(0.3746)
(-0.7678)
A1(0.0910)
(10.0735)
(0.1772)
A2(1.1349)
(9.3326)
(4.5155)
A3(2.3990)
(8.8346)
(-3.8164)
A4(5.1427)
(9.3374)
(-6.6415)
G1(0.4911)
(0.7928)
(-0.2448)
G2(0.9019)
(0.4959)
(-1.8177)
G3(0.1213)
(0.5757)
(-0.1096)
G4(-0.8913)
(-0.4470)
(0.6066)
A1(-1.4179)
(9.3070)
(-0.0431)
A2(7.3981)
(9.2656)
(-0.3160)
A3(1.5897)
(8.8538)
(-4.0414)
A4(-1.0870)
(9.5481)
(-1.6807)
G1(0.1932)
(0.1681)
(0.1043)
G2(1.0291)
(1.7086)
(-0.6683)
G3(-0.1804)
(-0.3704)
(-0.0676)
G4(-0.7742)
(-0.0575)
(-0.3586)
A1(-1.5376)
(9.6471)
(-0.3497)
A2(5.6360)
(11.1043)
(-0.1006)
A3(4.6687)
(8.4659)
(-3.4477)
A4(1.8627)
(10.2951)
(-1.9537)
G1(-0.0708)
(0.1187)
(-0.1495)
G2(1.3760)
(0.1974)
(0.0096)
G3(-0.0756)
(0.3092)
(-0.1905)
G4(-0.4810)
(0.5119)
(-0.2948)
A1(-1.2263)
(8.6269)
(0.1389)
A2(0.2107)
(8.6526)
(-0.6129)
A3(1.9249)
(9.1889)
(-2.6288)
A4(0.2011)
(9.4188)
(-3.5482)
G1(0.2038)
(0.5534)
(-0.1948)
G2(1.3154)
(0.4965)
(-0.3400)
G3(-0.0122)
(0.5459)
(-0.3475)
G4(-0.0585)
(-0.4432)
(-0.1841)
