A1(-10.1549)
(9.6998)
(10.4135)
A2(0.8763)
(6.9719)
(1.9297)
A3(-0.0622)
(13.1490)
(-0.3017)
A4(2.8683)
(8.0493)
(-7.6375)
G1(-4.2425)
(-0.5624)
(-0.9748)
G2(-1.3196)
(1.0781)
(0.7482)
G3(0.8828)
(0.2506)
(0.1171)
G4(-0.5784)
(-0.6625)
(0.1846)
A1(-7.3192)
(8.4305)
(11.3141)
A2(0.8332)
(12.9047)
(-1.2977)
A3(-9.4427)
(13.6805)
(-6.9049)
A4(-2.3846)
(7.6758)
(-7.0485)
G1(-3.9121)
(2.0731)
(-1.7794)
G2(-0.5310)
(2.1870)
(0.0777)
G3(1.4042)
(-1.0025)
(-0.0431)
G4(-0.2022)
(1.1126)
(-0.4087)
A1(-8.9334)
(9.4603)
(3.1806)
A2(-0.6129)
(8.8298)
(1.8196)
A3(-5.2337)
(11.8657)
(-14.8776)
A4(0.1197)
(8.5042)
(-6.2010)
G1(-2.1620)
(1.6362)
(-2.0295)
G2(-0.6018)
(-3.5370)
(0.5396)
G3(3.6359)
(-2.5557)
(0.5922)
G4(-0.4156)
(1.3622)
(-0.2517)
A1(-6.8881)
(7.6401)
(3.8225)
A2(-4.0031)
(10.9271)
(8.6957)
A3(-6.7133)
(4.3910)
(-9.3901)
A4(0.7518)
(7.5705)
(-7.6423)
G1(1.1930)
(5.1493)
(-2.5307)
G2(0.8753)
(-0.0271)
(1.4564)
G3(6.3438)
(-2.7074)
(-4.4575)
G4(-0.7019)
(1.5484)
(-0.2027)
A1(-8.4544)
(7.8461)
(-2.5579)
A2(7.0342)
(10.9415)
(1.2067)
A3(-5.8993)
(-11.0421)
(1.2641)
A4(2.9592)
(8.2361)
(-0.9720)
G1(6.0533)
(5.8421)
(-1.8459)
G2(0.2799)
(4.7848)
(0.3751)
G3(2.2562)
(-7.0845)
(-1.9103)
G4(-1.3340)
(1.4862)
(-0.2123)
A1(-10.8111)
(-4.2488)
(-4.2679)
A2(6.2968)
(7.1108)
(1.2641)
A3(-8.5760)
(-10.7691)
(-7.9344)
A4(1.5802)
(9.7396)
(-0.6752)
G1(5.8633)
(4.1978)
(-1.1047)
G2(-0.0660)
(0.7306)
(-0.5662)
G3(-3.4811)
(-1.1073)
(-3.4513)
G4(-0.2948)
(0.5055)
(0.3922)
A1(-27.7200)
(0.9484)
(-3.5446)
A2(2.1117)
(5.2385)
(4.2042)
A3(-20.5997)
(43.0477)
(22.5199)
A4(2.6480)
(11.6933)
(0.6512)
G1(-0.3001)
(-7.6220)
(-0.5571)
G2(0.4566)
(-0.0937)
(0.0596)
G3(3.3363)
(-0.2565)
(1.5405)
G4(0.0484)
(0.5225)
(-0.0527)
A1(3.0513)
(-3.8991)
(2.6537)
A2(9.5433)
(7.8243)
(0.3160)
A3(-10.3430)
(0.3831)
(-5.9424)
A4(5.0182)
(8.6000)
(-0.5124)
G1(-0.9200)
(-1.1222)
(0.5209)
G2(0.0074)
(0.0931)
(-0.4661)
G3(0.1751)
(-2.0327)
(0.6939)
G4(0.2160)
(-1.9076)
(0.2735)
A1(-11.2183)
(2.7064)
(0.7185)
A2(1.1349)
(12.4977)
(3.5769)
A3(-1.9249)
(2.2697)
(0.7853)
A4(1.4844)
(7.7381)
(-3.1843)
G1(-1.6559)
(-3.1304)
(1.4596)
G2(-0.0692)
(0.4140)
(-0.1474)
G3(0.2836)
(0.3475)
(0.8434)
G4(0.5295)
(-0.4480)
(-0.1219)
A1(-6.6725)
(1.3652)
(2.4860)
A2(6.4069)
(6.9767)
(5.4013)
A3(-12.9335)
(1.7095)
(-3.8355)
A4(-0.2921)
(9.2512)
(-4.1084)
G1(-1.8007)
(-0.3980)
(1.9071)
G2(-0.4225)
(0.1431)
(-0.2421)
G3(1.5085)
(-0.1373)
(1.6533)
G4(0.4337)
(0.1846)
(-0.1830)
A1(-12.0422)
(6.5384)
(0.8814)
A2(-0.1915)
(8.6574)
(2.2410)
A3(-12.6366)
(-0.4453)
(-4.6352)
A4(-0.5794)
(9.0166)
(-5.1571)
G1(-0.1921)
(-2.5935)
(1.5362)
G2(0.0463)
(0.1203)
(0.0410)
G3(1.8363)
(1.5894)
(2.3195)
G4(0.1745)
(-0.2554)
(-0.0266)
A1(-11.4530)
(3.2189)
(2.9890)
A2(3.2034)
(9.2416)
(1.4413)
A3(-9.8258)
(-3.0454)
(-4.8554)
A4(0.3591)
(7.7620)
(-4.7884)
G1(-0.8886)
(0.8929)
(1.5229)
G2(-0.0223)
(-0.8088)
(-0.2889)
G3(0.8966)
(2.2572)
(1.9108)
G4(0.0415)
(-0.0511)
(-0.1655)
A1(-8.3874)
(5.3840)
(2.9123)
A2(-1.6185)
(10.6063)
(3.0215)
A3(-9.6917)
(0.2251)
(-4.8315)
A4(0.8188)
(8.5042)
(-4.9368)
G1(-0.4236)
(1.3702)
(1.7544)
G2(0.1724)
(-0.9168)
(-0.1783)
G3(-1.3553)
(2.6877)
(2.7026)
G4(-0.1123)
(-0.3257)
(-0.0282)
A1(-7.7072)
(6.6055)
(3.3578)
A2(2.6193)
(9.1411)
(1.3934)
A3(-6.4452)
(3.8307)
(-6.9384)
A4(0.1053)
(9.1028)
(-4.5442)
G1(1.5580)
(-2.4445)
(1.1483)
G2(0.5082)
(-0.0298)
(-0.3672)
G3(-2.2923)
(1.8278)
(1.5469)
G4(-0.2304)
(-0.5369)
(0.0708)
A1(-6.1935)
(7.9036)
(5.0822)
A2(1.0008)
(9.4523)
(1.4222)
A3(-4.5442)
(8.4515)
(-6.3398)
A4(0.2729)
(9.5577)
(-3.0789)
G1(1.2568)
(0.0154)
(0.9243)
G2(0.4720)
(-1.0546)
(-0.4236)
G3(-1.6559)
(0.9014)
(0.2517)
G4(-0.1729)
(-0.5848)
(0.0388)
A1(-4.5936)
(9.2735)
(3.7219)
A2(-0.3112)
(9.0022)
(0.9242)
A3(-4.6591)
(8.7101)
(-6.8666)
A4(-0.2777)
(10.0556)
(-3.8116)
G1(1.1015)
(-0.0883)
(1.0813)
G2(0.5656)
(-0.7157)
(-0.2975)
G3(-1.5149)
(1.5437)
(0.2054)
G4(-0.0952)
(-0.4693)
(0.0766)
A1(-3.6548)
(9.2639)
(3.2237)
A2(-0.9002)
(9.0261)
(0.0910)
A3(-4.2617)
(9.0836)
(-4.7692)
A4(0.4980)
(9.4475)
(-2.8683)
G1(0.8429)
(-0.0543)
(0.5880)
G2(0.1910)
(-0.6242)
(-0.1282)
G3(-1.4005)
(0.9631)
(0.1650)
G4(-0.0399)
(-0.2198)
(0.1208)
A1(-4.5649)
(8.3634)
(2.9602)
A2(-0.9146)
(10.3573)
(0.7709)
A3(-3.2178)
(10.6255)
(-3.2322)
A4(-0.1724)
(9.0118)
(-4.5059)
G1(0.7114)
(-0.1463)
(0.3858)
G2(0.0686)
(-0.4310)
(-0.0766)
G3(-1.4761)
(0.8711)
(0.3421)
G4(-0.0846)
(-0.3411)
(0.1219)
A1(-4.1386)
(8.6987)
(0.5940)
A2(0.1820)
(9.4571)
(-0.6847)
A3(-0.3065)
(10.8170)
(-0.8380)
A4(0.2586)
(9.1842)
(-2.9975)
G1(0.8977)
(-1.0690)
(-0.1458)
G2(-0.0053)
(-0.6981)
(0.0122)
G3(0.3852)
(0.5438)
(-0.3677)
G4(-0.1272)
(-0.3852)
(0.1623)
A1(-2.5627)
(9.7860)
(1.6574)
A2(0.0814)
(9.6630)
(0.1676)
A3(-1.6616)
(9.5577)
(-2.1117)
A4(0.0335)
(9.3134)
(-3.3998)
G1(0.6965)
(-0.4145)
(0.1921)
G2(0.2081)
(-0.1107)
(-0.0681)
G3(0.0612)
(0.5220)
(-0.4608)
G4(-0.0825)
(-0.1979)
(0.2027)
