A1(-7.3958)
(12.7319)
(8.5358)
A2(1.0774)
(8.6287)
(-0.3783)
A3(-1.1013)
(11.6741)
(0.8954)
A4(0.1484)
(8.6814)
(-8.5425)
G1(-3.9829)
(1.4628)
(0.4177)
G2(-1.2680)
(0.2134)
(0.1495)
G3(0.9626)
(0.5188)
(-0.0341)
G4(0.2166)
(1.1648)
(-0.5161)
A1(-6.1744)
(14.2216)
(12.9666)
A2(-1.4269)
(9.3470)
(-0.5171)
A3(-9.9551)
(16.9318)
(-4.9608)
A4(-2.3846)
(9.5672)
(-6.2393)
G1(-3.9132)
(1.9922)
(-1.4851)
G2(-0.4624)
(1.3196)
(0.6513)
G3(1.2446)
(-0.3118)
(-0.1368)
G4(-0.3927)
(0.7678)
(-0.1383)
A1(-9.3693)
(6.1935)
(4.0428)
A2(1.7047)
(10.2999)
(-1.3408)
A3(-3.3232)
(18.9142)
(-15.2319)
A4(0.0383)
(8.3510)
(-7.0246)
G1(-1.8682)
(1.9827)
(-1.9656)
G2(-0.5875)
(0.9195)
(0.4911)
G3(2.3434)
(0.3938)
(-0.3416)
G4(-0.7301)
(0.9621)
(-0.1155)
A1(-5.3888)
(7.5012)
(-2.7639)
A2(-0.8475)
(10.4962)
(9.0405)
A3(-5.5162)
(-6.9623)
(-5.5881)
A4(-1.0678)
(9.1028)
(-3.8259)
G1(4.3319)
(6.0996)
(-3.0836)
G2(-0.7141)
(0.8908)
(0.4156)
G3(7.2383)
(-4.7017)
(-5.1987)
G4(-1.1398)
(0.7370)
(0.0931)
A1(-7.3335)
(14.3653)
(-4.9481)
A2(2.6432)
(10.7835)
(6.9815)
A3(-5.0518)
(-11.5879)
(2.1500)
A4(0.9242)
(9.3134)
(0.4501)
G1(7.3735)
(2.7484)
(-0.6779)
G2(1.4479)
(0.6806)
(0.9700)
G3(1.1973)
(-6.9744)
(-3.4726)
G4(-0.5917)
(0.9073)
(0.3044)
A1(-11.7931)
(5.1301)
(7.3815)
A2(4.4197)
(9.5481)
(3.0742)
A3(-6.0669)
(-15.4618)
(-8.3222)
A4(-0.3256)
(10.9415)
(0.0287)
G1(6.0922)
(3.1581)
(-1.1361)
G2(1.0078)
(1.0850)
(0.4007)
G3(-1.2866)
(-4.1217)
(-2.6632)
G4(-0.3134)
(-0.0527)
(0.4204)
A1(-13.6229)
(0.5030)
(7.8557)
A2(5.6216)
(6.9815)
(6.5888)
A3(-5.1715)
(17.4681)
(-8.8825)
A4(13.6661)
(7.2161)
(0.0096)
G1(-1.0935)
(-3.2507)
(-0.6337)
G2(0.8418)
(0.1203)
(-0.1266)
G3(-2.6207)
(3.2858)
(0.0261)
G4(-0.1203)
(-1.3702)
(0.2836)
A1(-6.7587)
(-3.1997)
(4.0572)
A2(4.4101)
(5.3917)
(-0.6369)
A3(6.2632)
(-9.7683)
(6.0861)
A4(2.3224)
(8.4515)
(-3.7876)
G1(-2.1226)
(0.4193)
(0.8945)
G2(-0.0580)
(-0.7577)
(-0.6327)
G3(-0.2059)
(5.4536)
(-1.8262)
G4(0.1878)
(0.0442)
(-0.0782)
A1(-7.8509)
(-0.1868)
(2.5052)
A2(-0.9146)
(8.8442)
(3.0406)
A3(-7.1395)
(1.8962)
(-1.0247)
A4(0.2634)
(9.5002)
(-2.0638)
G1(-1.7326)
(-2.8532)
(1.9709)
G2(-0.0096)
(0.3948)
(0.3666)
G3(0.4534)
(-0.7976)
(1.7507)
G4(0.1570)
(0.0138)
(-0.2192)
A1(-9.2927)
(2.6106)
(-1.2502)
A2(2.3176)
(8.8202)
(3.8690)
A3(-15.4426)
(2.8299)
(-5.0470)
A4(0.2873)
(9.4332)
(-3.2178)
G1(-0.6098)
(-1.4580)
(2.2141)
G2(-0.1564)
(-1.0722)
(-0.1799)
G3(0.5773)
(-0.8780)
(2.8399)
G4(0.2778)
(-0.3230)
(-0.0724)
A1(-7.1563)
(3.1806)
(2.1507)
A2(2.9497)
(9.9647)
(4.4436)
A3(-10.6446)
(0.2634)
(-4.1324)
A4(0.7901)
(8.9735)
(-3.3327)
G1(-0.4342)
(-0.9222)
(1.7751)
G2(0.2708)
(-0.1054)
(-0.3868)
G3(-0.3932)
(1.9337)
(2.1306)
G4(0.1969)
(0.2325)
(-0.2474)
A1(-8.2628)
(5.4032)
(1.2119)
A2(0.0670)
(9.9264)
(2.8060)
A3(-8.6862)
(1.5083)
(-5.7078)
A4(1.4030)
(9.5864)
(-3.8068)
G1(0.2810)
(-2.1939)
(1.3202)
G2(0.3586)
(-0.4597)
(-0.4848)
G3(0.0341)
(1.2542)
(1.8347)
G4(0.1607)
(0.1229)
(-0.2714)
A1(-7.5778)
(6.1744)
(1.4993)
A2(-0.8284)
(9.4284)
(3.2274)
A3(-6.4596)
(1.2306)
(-5.7700)
A4(0.4788)
(9.1746)
(-3.3040)
G1(0.6008)
(-1.5112)
(1.2898)
G2(0.4081)
(-0.3847)
(-0.3762)
G3(0.2597)
(1.1196)
(1.7757)
G4(0.0452)
(-0.0926)
(-0.1357)
A1(-6.0067)
(8.7754)
(3.5207)
A2(0.0239)
(9.0644)
(1.3599)
A3(-4.7836)
(2.0782)
(-7.0677)
A4(-0.0479)
(9.4044)
(-4.3000)
G1(1.2978)
(-1.0115)
(1.5586)
G2(0.3688)
(-0.1495)
(-0.2597)
G3(-1.0350)
(1.8858)
(1.5564)
G4(-0.1389)
(-0.3528)
(-0.0633)
A1(-5.3122)
(9.9154)
(3.1950)
A2(0.6177)
(8.3749)
(0.6800)
A3(-3.1843)
(8.5952)
(-7.5992)
A4(-0.4645)
(9.9742)
(-3.4046)
G1(1.6730)
(-1.0270)
(1.3399)
G2(0.2937)
(-0.6572)
(-0.2985)
G3(-2.1636)
(1.9236)
(1.1675)
G4(-0.2123)
(-0.3001)
(0.0702)
A1(-5.2164)
(8.2053)
(5.5421)
A2(-1.5897)
(11.4443)
(0.5267)
A3(-5.7078)
(6.4117)
(-7.6854)
A4(1.0295)
(9.2991)
(-3.1939)
G1(0.9817)
(0.2432)
(1.0493)
G2(0.3900)
(-0.5651)
(-0.2501)
G3(-2.0252)
(1.5836)
(1.3446)
G4(-0.1383)
(-0.3437)
(-0.0218)
A1(-3.6308)
(8.7754)
(2.9842)
A2(0.2346)
(10.9319)
(1.8387)
A3(-1.2977)
(10.0940)
(-4.0749)
A4(0.3687)
(9.2847)
(-3.1125)
G1(0.6029)
(-0.6689)
(0.5044)
G2(0.2735)
(-1.0946)
(0.0069)
G3(-1.5405)
(0.8317)
(0.5827)
G4(-0.0702)
(0.0043)
(-0.0548)
A1(-2.1411)
(9.2256)
(3.0704)
A2(-0.9481)
(10.2041)
(0.3974)
A3(-4.1228)
(10.8793)
(-4.2521)
A4(0.1963)
(9.5960)
(-3.8116)
G1(0.2767)
(-0.1378)
(0.3432)
G2(0.0974)
(-0.3246)
(-0.1373)
G3(-0.7960)
(1.0653)
(-0.3884)
G4(-0.0708)
(0.1208)
(-0.0617)
A1(-2.9171)
(9.2065)
(1.5232)
A2(-0.4405)
(9.9168)
(0.2155)
A3(-2.1691)
(9.4332)
(-3.4716)
A4(0.5650)
(9.3518)
(-2.8395)
G1(0.6300)
(-0.6816)
(-0.1687)
G2(0.1894)
(-0.0511)
(-0.0830)
G3(-0.2203)
(-0.1538)
(0.1075)
G4(-0.0016)
(-0.0362)
(0.0947)
A1(-1.9400)
(9.6807)
(1.7100)
A2(-0.1580)
(9.3182)
(-0.2011)
A3(-1.5323)
(8.9064)
(-3.2370)
A4(-0.0335)
(9.2656)
(-3.4285)
G1(0.9115)
(-0.1394)
(0.0372)
G2(0.2826)
(0.1564)
(-0.1474)
G3(-0.0341)
(0.1139)
(-0.2517)
G4(0.0144)
(-0.1219)
(0.1554)
