A1(3.7123)
(9.5418)
(-1.7005)
A2(1.2833)
(9.1554)
(-0.7422)
A3(0.9960)
(9.7875)
(-1.0343)
A4(5.6982)
(10.5058)
(0.4597)
G1(-1.3505)
(-0.8796)
(0.0979)
G2(0.0878)
(0.0021)
(0.1474)
G3(0.5438)
(-0.1884)
(0.1995)
G4(0.8200)
(0.0894)
(-0.1383)
A1(-0.5844)
(10.9404)
(-0.0527)
A2(2.7581)
(8.9639)
(-0.3879)
A3(1.5419)
(8.7245)
(-4.5155)
A4(13.8912)
(15.4857)
(-2.1787)
G1(-0.7950)
(-1.4362)
(-0.3480)
G2(0.2916)
(-0.2751)
(0.3879)
G3(0.6960)
(-0.7928)
(0.3645)
G4(1.6559)
(0.2331)
(-0.4353)
A1(1.5568)
(9.5657)
(2.0118)
A2(6.0813)
(8.8394)
(4.3335)
A3(1.9201)
(7.8147)
(-4.4628)
A4(6.4117)
(14.7818)
(-12.0476)
G1(-0.5295)
(-1.1653)
(-0.3193)
G2(-2.8617)
(-0.6071)
(-0.1277)
G3(0.1666)
(0.1282)
(-0.1602)
G4(1.4420)
(0.1745)
(3.0682)
A1(0.5173)
(10.4519)
(1.6861)
A2(3.7828)
(10.1897)
(8.6095)
A3(4.9225)
(8.6479)
(-4.4245)
A4(7.3885)
(-0.5890)
(-10.7643)
G1(-0.6066)
(-2.1854)
(-0.6646)
G2(-4.1468)
(-2.6425)
(1.8273)
G3(0.0298)
(-0.1554)
(0.0074)
G4(3.6322)
(1.6660)
(5.0939)
A1(2.4717)
(9.6280)
(9.5034)
A2(11.3533)
(9.5098)
(5.7509)
A3(3.3710)
(9.1028)
(-5.2816)
A4(4.5155)
(-6.2776)
(-3.8068)
G1(-0.1548)
(1.6086)
(-0.6258)
G2(-3.3731)
(-2.1167)
(2.5446)
G3(-0.5539)
(-1.4266)
(0.2320)
G4(2.9011)
(3.5258)
(3.2964)
A1(-1.9927)
(5.9109)
(1.1113)
A2(11.0516)
(7.0581)
(5.1236)
A3(1.3791)
(8.3031)
(-2.1165)
A4(5.4971)
(-10.8026)
(-4.6304)
G1(0.7013)
(-0.5279)
(0.1554)
G2(-2.4866)
(-3.6019)
(2.3950)
G3(-0.9003)
(-0.8296)
(-0.2086)
G4(1.6357)
(2.4860)
(4.0520)
A1(-0.7951)
(9.8483)
(1.6142)
A2(5.4109)
(5.0230)
(3.6057)
A3(2.5474)
(10.4914)
(2.3511)
A4(2.1979)
(-5.2098)
(-5.0949)
G1(-0.6806)
(-0.1383)
(-0.1692)
G2(0.6944)
(-3.8520)
(2.2556)
G3(-0.6518)
(-0.9094)
(-0.8615)
G4(0.4826)
(0.3485)
(1.8076)
A1(-13.1774)
(4.7086)
(-1.7915)
A2(5.1427)
(5.8514)
(3.1173)
A3(-16.3668)
(12.7563)
(-10.8553)
A4(14.3173)
(14.1210)
(18.5742)
G1(0.4214)
(0.9567)
(-0.1953)
G2(3.6141)
(-3.5737)
(1.7618)
G3(-0.7801)
(-2.5408)
(-0.4491)
G4(-0.4534)
(-3.0016)
(-0.2192)
A1(-1.0346)
(7.6210)
(4.9385)
A2(5.2385)
(-1.2977)
(-7.7045)
A3(-7.4268)
(7.7045)
(-5.4253)
A4(6.1675)
(-13.0436)
(-8.3414)
G1(0.1857)
(-0.2160)
(-0.0314)
G2(3.1767)
(0.4108)
(0.1352)
G3(-0.3326)
(1.7719)
(-0.1692)
G4(0.8966)
(0.0942)
(-0.3283)
A1(-2.3615)
(7.7503)
(2.5483)
A2(-2.5426)
(-3.1316)
(16.1321)
A3(-1.2450)
(11.3964)
(3.2034)
A4(5.2577)
(-3.8116)
(-4.9368)
G1(-0.1479)
(0.6784)
(0.1868)
G2(-2.6771)
(1.5884)
(-0.6987)
G3(-0.0968)
(0.2522)
(0.0346)
G4(-0.5789)
(0.0724)
(-0.2810)
A1(0.8430)
(13.6133)
(-0.3736)
A2(7.7764)
(-3.0167)
(1.9824)
A3(-1.0487)
(8.2887)
(-1.5754)
A4(9.3278)
(5.9903)
(-0.1963)
G1(0.7088)
(0.3379)
(0.4097)
G2(0.0681)
(-4.1962)
(0.5486)
G3(0.5571)
(1.8182)
(0.0585)
G4(0.8035)
(-1.5351)
(-0.5034)
A1(-2.7399)
(8.9574)
(2.0837)
A2(9.3853)
(0.1676)
(-5.2002)
A3(1.4413)
(7.3119)
(-5.5545)
A4(12.4211)
(-8.6335)
(-7.8147)
G1(0.2794)
(1.8001)
(0.1681)
G2(-1.1637)
(3.1118)
(-1.2813)
G3(-0.1320)
(0.5757)
(0.1235)
G4(2.3429)
(-1.2595)
(-3.3369)
A1(0.1677)
(11.5296)
(0.0144)
A2(-2.4900)
(-1.7765)
(2.3128)
A3(-2.2984)
(9.8785)
(-0.2298)
A4(9.6151)
(-6.9336)
(-10.6207)
G1(0.4587)
(-0.0788)
(0.6002)
G2(-2.6451)
(-0.9599)
(-2.8085)
G3(0.1575)
(0.9418)
(0.3672)
G4(-2.7542)
(-2.3519)
(-5.0152)
A1(3.7698)
(9.3118)
(-1.2742)
A2(14.7387)
(11.5353)
(-1.6281)
A3(1.8196)
(8.6910)
(-5.8945)
A4(2.1117)
(7.8147)
(-9.5529)
G1(0.8088)
(1.0871)
(-0.0474)
G2(-1.4708)
(3.9956)
(-2.7170)
G3(0.0846)
(0.2565)
(0.2735)
G4(-3.0644)
(-0.6540)
(-2.6967)
A1(-1.3364)
(9.9441)
(1.2694)
A2(7.0342)
(6.3351)
(3.3854)
A3(3.8642)
(9.5864)
(0.9577)
A4(9.8689)
(9.8497)
(-8.2265)
G1(-0.0229)
(-0.6103)
(0.1266)
G2(1.1712)
(-0.8301)
(-2.1418)
G3(-0.0069)
(-0.0607)
(0.1868)
G4(-2.4280)
(-1.6549)
(-0.2921)
A1(-3.0369)
(9.6950)
(-1.6813)
A2(6.2920)
(8.6095)
(7.1443)
A3(0.2346)
(8.2696)
(-2.6624)
A4(6.6702)
(9.3470)
(-7.2592)
G1(0.3741)
(-0.5007)
(0.2107)
G2(1.1137)
(1.1105)
(-2.9639)
G3(-0.0873)
(-0.6529)
(0.3326)
G4(-1.4585)
(-0.9621)
(-0.2246)
A1(0.1677)
(9.1921)
(-0.0096)
A2(8.2935)
(7.3406)
(1.3168)
A3(-0.0287)
(10.6207)
(-2.2027)
A4(4.9991)
(9.1028)
(-6.3973)
G1(-0.1501)
(1.1366)
(-0.2352)
G2(1.7501)
(-0.0931)
(-1.8970)
G3(0.1011)
(0.1506)
(0.0532)
G4(-1.3995)
(0.4560)
(-0.2123)
A1(0.0862)
(9.6423)
(-1.0299)
A2(4.6831)
(7.2257)
(0.0287)
A3(3.2705)
(9.4332)
(-2.1117)
A4(3.2992)
(11.7364)
(-3.2896)
G1(-0.0878)
(0.4395)
(0.2347)
G2(1.1041)
(1.8970)
(-1.1435)
G3(0.0569)
(0.6093)
(-0.0979)
G4(-0.3789)
(0.4502)
(-0.1570)
A1(-0.0048)
(9.9106)
(-0.8670)
A2(2.0399)
(9.4715)
(-0.6369)
A3(4.0606)
(8.9878)
(-2.7869)
A4(4.6543)
(8.0254)
(-5.3726)
G1(0.4081)
(-0.5459)
(-0.5518)
G2(0.5401)
(1.2020)
(-0.7694)
G3(-0.1256)
(0.1772)
(-0.1016)
G4(-0.1932)
(0.0702)
(-0.0798)
A1(-0.7999)
(9.8819)
(-1.6621)
A2(2.2458)
(10.8745)
(1.2354)
A3(4.1084)
(8.5617)
(-2.0590)
A4(1.5802)
(9.4858)
(-2.6384)
G1(0.5757)
(0.2884)
(-0.0585)
G2(-0.1676)
(0.1612)
(-0.4198)
G3(0.0154)
(0.3262)
(-0.1352)
G4(-0.4092)
(-0.0931)
(-0.1517)
