A1(-6.3037)
(10.8303)
(6.2079)
A2(-1.2641)
(7.9248)
(0.2682)
A3(0.7853)
(12.6845)
(-1.8818)
A4(0.5267)
(8.3366)
(-7.3885)
G1(-3.1517)
(3.8780)
(0.6886)
G2(-1.0115)
(0.5220)
(0.1320)
G3(0.8753)
(1.2047)
(-0.8759)
G4(0.5694)
(1.1142)
(-0.2751)
A1(-9.4555)
(9.4076)
(6.3516)
A2(0.5650)
(8.3414)
(2.3846)
A3(-3.6919)
(11.3677)
(-8.9639)
A4(-3.1699)
(7.7572)
(-8.9016)
G1(-1.9396)
(0.8109)
(-0.8775)
G2(-1.8283)
(1.0307)
(0.8120)
G3(0.9222)
(0.7865)
(-0.3251)
G4(-0.1187)
(1.1957)
(-0.2054)
A1(-11.1895)
(8.8903)
(6.2462)
A2(0.8428)
(11.7220)
(0.1963)
A3(-6.1962)
(7.2832)
(-11.3006)
A4(1.0487)
(9.6151)
(-5.7557)
G1(-1.5027)
(3.4257)
(-1.5341)
G2(-0.7556)
(1.7262)
(1.1840)
G3(0.8939)
(0.3512)
(-0.0266)
G4(-0.2442)
(1.5735)
(-0.4182)
A1(-7.0893)
(10.2172)
(1.0730)
A2(-1.6664)
(13.1202)
(3.9840)
A3(-6.2872)
(2.8395)
(-13.3740)
A4(-1.6712)
(9.0836)
(-5.4444)
G1(1.6990)
(4.4325)
(-2.1551)
G2(-0.8535)
(0.9743)
(0.9200)
G3(4.4948)
(-1.7538)
(-5.6234)
G4(-0.8791)
(0.2927)
(0.0777)
A1(-11.6781)
(10.1549)
(1.7484)
A2(0.9433)
(11.4634)
(6.8378)
A3(-5.2194)
(-10.3717)
(-2.3032)
A4(1.7861)
(10.7739)
(0.2155)
G1(6.2779)
(2.9085)
(-2.3264)
G2(0.1799)
(2.4121)
(0.8620)
G3(4.4990)
(-5.1296)
(-4.0967)
G4(-0.7843)
(0.5316)
(0.2613)
A1(0.0766)
(-1.4370)
(4.5362)
A2(7.0054)
(8.6431)
(5.6551)
A3(-14.4370)
(-9.6486)
(-15.2463)
A4(-2.6049)
(8.2265)
(-3.8355)
G1(5.4978)
(0.7668)
(-1.4809)
G2(0.9168)
(-1.2334)
(0.3783)
G3(-1.7017)
(-1.0344)
(-2.6499)
G4(-0.2905)
(2.1125)
(0.1586)
A1(6.0546)
(11.0937)
(10.0160)
A2(1.1492)
(5.4157)
(5.5210)
A3(-9.5720)
(-1.4365)
(-14.1354)
A4(11.0852)
(3.4189)
(-2.9975)
G1(-6.9616)
(-0.4991)
(-0.2049)
G2(0.6332)
(0.5875)
(-0.1644)
G3(-1.8725)
(1.9332)
(-3.4396)
G4(-0.5859)
(-0.9514)
(0.5305)
A1(-1.8921)
(9.1202)
(3.4009)
A2(2.9975)
(8.2456)
(3.1364)
A3(-8.0924)
(-17.8607)
(-4.6974)
A4(1.8148)
(12.0907)
(3.0406)
G1(-1.0589)
(8.5894)
(0.6917)
G2(-0.1932)
(-0.1149)
(-0.0059)
G3(-0.4661)
(-1.6006)
(3.5194)
G4(0.5385)
(2.2530)
(-0.5390)
A1(-7.9323)
(0.4742)
(2.2322)
A2(-3.5721)
(15.2032)
(8.4994)
A3(-9.2416)
(1.4844)
(-3.3184)
A4(0.9290)
(10.4483)
(-7.2592)
G1(-2.4914)
(-5.4015)
(1.3862)
G2(0.3581)
(0.0591)
(0.6290)
G3(-2.5643)
(0.2341)
(-0.7125)
G4(-0.0878)
(-3.4454)
(0.4353)
A1(-2.6058)
(5.8678)
(0.2299)
A2(6.0669)
(7.9248)
(3.8355)
A3(-6.3590)
(8.8585)
(-5.4971)
A4(1.9920)
(10.1035)
(-2.2266)
G1(-3.1320)
(-1.7501)
(2.0327)
G2(-0.3437)
(-1.3803)
(-0.7439)
G3(1.9795)
(-0.4954)
(2.5366)
G4(-0.3235)
(-1.5229)
(0.4268)
A1(-8.4592)
(10.1261)
(2.9267)
A2(2.3032)
(14.4610)
(1.9537)
A3(-5.7844)
(-5.6120)
(-8.9256)
A4(2.9113)
(9.1459)
(-3.5817)
G1(-1.7193)
(-3.7094)
(1.8406)
G2(-0.1203)
(-2.1316)
(-0.8104)
G3(1.6868)
(0.0415)
(3.8669)
G4(-0.2661)
(-1.5186)
(0.2602)
A1(-12.0948)
(7.1563)
(1.1592)
A2(3.7876)
(9.3757)
(3.6823)
A3(-9.5864)
(-10.0173)
(-2.9592)
A4(1.3551)
(9.5193)
(-2.1691)
G1(1.5586)
(-3.9004)
(2.8585)
G2(0.3459)
(-1.7400)
(-0.4773)
G3(-1.5915)
(6.4928)
(2.2562)
G4(0.1639)
(0.2017)
(-0.1016)
A1(-2.3854)
(12.9571)
(-0.5988)
A2(1.0582)
(9.4092)
(3.0742)
A3(2.7390)
(-4.6926)
(-9.9407)
A4(1.4365)
(9.6055)
(-1.9249)
G1(3.5769)
(-2.8207)
(2.4956)
G2(0.5960)
(-0.8317)
(-0.2788)
G3(-6.9223)
(4.1968)
(3.4215)
G4(0.5864)
(0.3485)
(0.0351)
A1(-5.9875)
(9.6280)
(6.1073)
A2(0.3496)
(9.2751)
(3.5913)
A3(-0.1197)
(12.9718)
(-8.5281)
A4(-1.2881)
(9.1219)
(-3.8355)
G1(0.8540)
(-0.7998)
(0.7806)
G2(0.4135)
(-0.3746)
(-0.0793)
G3(-3.7211)
(-0.8572)
(2.2141)
G4(0.8328)
(-0.4688)
(0.2868)
A1(-8.7035)
(7.2761)
(7.8078)
A2(2.9305)
(8.2887)
(3.9169)
A3(0.1341)
(25.4168)
(6.8426)
A4(2.2553)
(9.1842)
(-3.8355)
G1(-0.0362)
(-3.7753)
(-2.2445)
G2(0.4156)
(-0.8838)
(-0.0495)
G3(-1.2398)
(-0.4230)
(1.1557)
G4(1.0126)
(-0.0942)
(-0.0426)
A1(-2.5818)
(8.7083)
(3.1950)
A2(-4.1180)
(9.0070)
(1.7573)
A3(-3.6392)
(6.0525)
(-1.8387)
A4(2.0063)
(6.9192)
(-7.9248)
G1(-0.0106)
(1.7778)
(0.6673)
G2(-0.1559)
(0.3315)
(-0.2395)
G3(-0.8806)
(0.1128)
(-0.9456)
G4(0.4661)
(-0.2868)
(0.3762)
A1(-1.2215)
(8.9813)
(0.5892)
A2(3.3040)
(10.7308)
(-1.6759)
A3(0.7422)
(9.2081)
(-2.2984)
A4(0.5986)
(5.9711)
(-8.0014)
G1(0.5768)
(-0.8897)
(-0.0772)
G2(-0.3182)
(0.5773)
(0.4736)
G3(-0.1320)
(0.7460)
(-0.2176)
G4(-0.2219)
(-1.0759)
(0.7721)
A1(-3.3866)
(9.0388)
(0.7089)
A2(3.4860)
(6.9528)
(0.7422)
A3(0.4741)
(9.0788)
(-2.0063)
A4(2.5283)
(7.6184)
(-7.1251)
G1(-0.2405)
(-0.1639)
(0.0889)
G2(0.0043)
(-1.2489)
(-0.2144)
G3(-0.2155)
(-0.1453)
(0.0223)
G4(-0.8088)
(1.1355)
(-0.5151)
A1(-2.3471)
(9.9537)
(0.4311)
A2(0.4022)
(10.1418)
(-0.1389)
A3(-0.5794)
(9.7588)
(-1.2833)
A4(3.2657)
(8.9399)
(-4.8794)
G1(-0.1383)
(-0.0266)
(-0.1038)
G2(0.4491)
(-0.3225)
(-0.3682)
G3(-0.0330)
(0.0740)
(-0.0825)
G4(-0.7668)
(0.7455)
(-0.5039)
A1(-2.8836)
(9.4316)
(-0.6706)
A2(0.9481)
(9.3039)
(-0.3208)
A3(0.9577)
(9.3278)
(-3.2082)
A4(0.3256)
(9.4571)
(-2.7773)
G1(0.4337)
(-0.1532)
(-0.0436)
G2(0.7934)
(0.2810)
(-0.4347)
G3(-0.0208)
(0.1410)
(-0.1059)
G4(-0.5252)
(-0.1421)
(-0.0415)
