A1(-5.8391)
(12.2050)
(8.6652)
A2(-1.0965)
(8.5856)
(1.2785)
A3(-8.2121)
(11.2527)
(-8.7484)
A4(-1.9776)
(8.0206)
(-7.2496)
G1(-2.8734)
(0.9429)
(-0.1059)
G2(-1.0073)
(0.2767)
(0.4938)
G3(0.0910)
(0.2384)
(-0.3150)
G4(0.0803)
(1.1648)
(-0.3725)
A1(-8.2868)
(8.8759)
(2.5675)
A2(0.0575)
(10.0604)
(-0.3974)
A3(-6.1292)
(9.7252)
(-12.4738)
A4(-0.8475)
(6.8331)
(-6.6798)
G1(-1.2185)
(4.9226)
(-3.0974)
G2(-0.7370)
(2.0492)
(1.0195)
G3(2.0401)
(-0.7732)
(-0.8801)
G4(-0.0937)
(0.9961)
(-0.0862)
A1(-9.1777)
(11.8889)
(0.6562)
A2(1.4700)
(10.1179)
(2.9975)
A3(-13.2639)
(1.6616)
(-9.8450)
A4(0.2251)
(9.8928)
(-8.5042)
G1(1.0419)
(3.3241)
(-3.0309)
G2(-0.0186)
(0.3688)
(1.4058)
G3(3.5992)
(-2.2322)
(-2.8468)
G4(-0.2714)
(1.4676)
(-0.2070)
A1(-12.7702)
(8.7849)
(-1.2550)
A2(-1.6089)
(9.0692)
(4.4101)
A3(-5.2289)
(-9.5241)
(-6.3542)
A4(-1.8004)
(7.0246)
(-5.5115)
G1(4.7778)
(2.6861)
(-2.5286)
G2(-0.5944)
(1.9523)
(0.5992)
G3(3.3491)
(-4.6576)
(-3.8919)
G4(-1.2776)
(1.0382)
(0.1139)
A1(-0.9101)
(9.4028)
(7.1036)
A2(-0.1532)
(14.3748)
(5.7844)
A3(-9.3087)
(-9.3757)
(-5.5450)
A4(-0.5459)
(9.5912)
(0.3543)
G1(5.2653)
(3.7429)
(-2.8851)
G2(0.1075)
(3.0596)
(0.5843)
G3(0.9722)
(-3.7088)
(-3.0799)
G4(-0.9786)
(1.4101)
(0.2267)
A1(1.3460)
(1.6717)
(9.5418)
A2(-0.8763)
(10.4435)
(7.2209)
A3(-7.6184)
(-2.2170)
(-12.8952)
A4(4.2904)
(8.3989)
(-1.4700)
G1(0.6369)
(-0.2091)
(-1.3500)
G2(1.3606)
(-0.1272)
(0.7279)
G3(-1.3798)
(2.2210)
(-3.6806)
G4(-0.8014)
(0.2230)
(0.5018)
A1(-4.3829)
(0.6514)
(7.4629)
A2(1.9201)
(5.0901)
(5.2098)
A3(5.4492)
(16.2087)
(4.2952)
A4(15.5432)
(8.1642)
(0.5986)
G1(-1.4569)
(-1.5926)
(1.6666)
G2(1.2835)
(0.2267)
(0.2703)
G3(-0.8721)
(1.0552)
(0.3235)
G4(-0.6784)
(-1.2281)
(0.0319)
A1(-3.4488)
(-1.2454)
(2.3854)
A2(8.8202)
(4.3191)
(0.1532)
A3(-15.5671)
(2.8778)
(-7.0820)
A4(-0.8667)
(9.1554)
(-1.9154)
G1(-2.3078)
(1.6256)
(0.8030)
G2(0.4129)
(-1.2595)
(-0.8647)
G3(1.0084)
(-0.7327)
(-0.9365)
G4(0.3890)
(0.1532)
(-0.1671)
A1(0.7856)
(0.7281)
(0.8622)
A2(12.5504)
(9.5337)
(5.1427)
A3(-6.1818)
(3.2082)
(-4.4628)
A4(2.9736)
(9.8641)
(-1.6089)
G1(-1.2749)
(-3.3720)
(1.3707)
G2(0.1203)
(-1.2036)
(-0.2001)
G3(-0.0857)
(-1.1440)
(0.9674)
G4(0.1511)
(-2.7489)
(0.3299)
A1(-14.3462)
(5.2786)
(-2.9842)
A2(1.5275)
(8.6957)
(4.3191)
A3(2.3607)
(-0.5698)
(-2.4804)
A4(1.7286)
(9.2512)
(-3.4141)
G1(0.2309)
(-1.7028)
(2.3450)
G2(0.1171)
(0.8322)
(-0.5082)
G3(-1.0738)
(0.5646)
(3.4704)
G4(0.3576)
(-0.4789)
(-0.1713)
A1(-8.5981)
(3.1806)
(0.7951)
A2(5.1284)
(8.3606)
(3.3950)
A3(-13.2782)
(-4.2856)
(-4.6208)
A4(1.0056)
(9.0261)
(-3.7254)
G1(-0.4342)
(0.7418)
(2.5472)
G2(-0.1282)
(-1.4537)
(-0.7492)
G3(1.4591)
(2.0332)
(1.4803)
G4(0.5380)
(0.2400)
(-0.3108)
A1(-8.3969)
(6.7540)
(1.4562)
A2(-0.9098)
(7.9631)
(1.3695)
A3(-8.8873)
(-0.0958)
(-5.9999)
A4(0.1293)
(9.0884)
(-5.0566)
G1(0.4709)
(-1.5947)
(2.1625)
G2(0.4906)
(0.3129)
(-0.3315)
G3(-1.2584)
(2.5302)
(2.8697)
G4(0.0740)
(0.0085)
(-0.2730)
A1(-9.3214)
(7.4150)
(2.6824)
A2(3.4093)
(10.4962)
(1.6616)
A3(-7.6902)
(0.6369)
(-7.7333)
A4(0.1867)
(9.3278)
(-5.2433)
G1(0.6588)
(-1.5128)
(1.9353)
G2(0.3826)
(0.4374)
(-0.1697)
G3(-1.0701)
(2.0901)
(1.8454)
G4(-0.0516)
(-0.0053)
(-0.3730)
A1(-6.5097)
(8.1958)
(2.4190)
A2(-0.7326)
(10.2711)
(1.6281)
A3(-8.1738)
(5.5019)
(-7.4651)
A4(0.1245)
(9.1171)
(-3.2944)
G1(1.0546)
(-0.5747)
(1.4452)
G2(0.4715)
(-0.4236)
(-0.3427)
G3(-1.2866)
(2.2056)
(1.3196)
G4(0.0037)
(-0.4193)
(-0.1426)
A1(-7.3910)
(7.8796)
(1.3939)
A2(1.6185)
(10.5536)
(0.6321)
A3(-5.1044)
(4.8267)
(-7.1251)
A4(-0.4549)
(9.3422)
(-3.1891)
G1(1.0908)
(-0.9488)
(0.9104)
G2(0.5523)
(-0.4757)
(-0.3139)
G3(-1.4857)
(1.2090)
(1.7028)
G4(0.0750)
(-0.0601)
(-0.1517)
A1(-4.0715)
(8.0568)
(3.4057)
A2(-0.5555)
(9.1794)
(1.8914)
A3(-4.8507)
(7.4172)
(-6.8714)
A4(-0.1963)
(9.3565)
(-4.1420)
G1(0.7205)
(-0.6109)
(0.6604)
G2(0.1660)
(-0.8583)
(-0.2442)
G3(-1.6543)
(1.2882)
(1.1829)
G4(-0.0133)
(-0.2352)
(-0.0474)
A1(-4.6415)
(8.4209)
(2.9411)
A2(-0.9242)
(9.4763)
(0.6081)
A3(-5.2050)
(7.6614)
(-6.6272)
A4(0.5746)
(9.3087)
(-3.9169)
G1(1.0110)
(-1.1840)
(0.4693)
G2(0.2602)
(-0.4033)
(-0.0314)
G3(-1.2201)
(0.5805)
(0.9945)
G4(-0.0607)
(-0.4299)
(0.0788)
A1(-4.8906)
(9.1250)
(2.6585)
A2(1.0774)
(9.3709)
(0.0670)
A3(-4.9991)
(9.2560)
(-4.5538)
A4(-0.2825)
(9.3518)
(-3.5386)
G1(0.6423)
(-0.7556)
(0.2857)
G2(0.3044)
(-0.2118)
(-0.2107)
G3(-1.0099)
(0.0777)
(0.4049)
G4(0.0346)
(-0.2746)
(0.0160)
A1(-3.6931)
(9.2160)
(2.9890)
A2(1.5993)
(9.4236)
(0.5076)
A3(-2.8012)
(9.9311)
(-3.9409)
A4(-0.9146)
(8.9639)
(-4.2952)
G1(0.4406)
(0.1591)
(0.2480)
G2(-0.0591)
(-1.1446)
(-0.0819)
G3(-0.8003)
(0.3900)
(0.1320)
G4(0.0846)
(-0.0926)
(0.0117)
A1(-4.1338)
(8.9478)
(0.7664)
A2(-1.9345)
(9.3901)
(0.5650)
A3(-1.6759)
(10.3765)
(-1.9249)
A4(0.0239)
(9.3948)
(-4.3096)
G1(1.0509)
(-0.5023)
(0.1836)
G2(-0.0857)
(-0.0559)
(-0.1586)
G3(-0.3288)
(0.3884)
(0.0341)
G4(-0.1011)
(-0.0410)
(-0.0261)
