A1(-4.3589)
(9.3358)
(6.1983)
A2(-0.4166)
(8.7053)
(-0.4166)
A3(0.6943)
(12.2439)
(-0.1437)
A4(-0.0048)
(8.3653)
(-5.9233)
G1(-3.4178)
(3.8248)
(0.9679)
G2(-0.7088)
(0.2421)
(0.0442)
G3(0.9929)
(0.6242)
(-0.3491)
G4(0.3613)
(0.1836)
(-0.0841)
A1(-2.9507)
(10.4614)
(8.0904)
A2(-0.0335)
(7.8817)
(2.1691)
A3(-2.0494)
(12.2439)
(-7.7812)
A4(-1.4413)
(8.8442)
(-8.0780)
G1(-2.9192)
(3.1943)
(-0.4379)
G2(-1.3787)
(0.5875)
(0.4949)
G3(0.2267)
(2.3104)
(-1.1792)
G4(0.2038)
(1.4255)
(-0.2235)
A1(-8.2293)
(10.5620)
(2.8980)
A2(-0.4166)
(7.8386)
(2.0925)
A3(-2.1021)
(4.3622)
(-12.9670)
A4(0.5267)
(8.5425)
(-5.8802)
G1(-1.5671)
(2.8633)
(-1.7038)
G2(-0.7019)
(0.6476)
(0.9003)
G3(1.6245)
(1.5149)
(-1.6735)
G4(-0.1059)
(1.1877)
(-0.1282)
A1(-8.8999)
(8.7706)
(2.1316)
A2(-0.7614)
(12.2966)
(3.4285)
A3(-7.3981)
(3.2178)
(-12.6701)
A4(0.2251)
(7.7668)
(-7.6423)
G1(0.6109)
(3.7823)
(-1.4069)
G2(-0.4284)
(1.4936)
(1.2393)
G3(3.2092)
(-0.0011)
(-3.6476)
G4(-0.4119)
(1.0642)
(-0.1224)
A1(-8.3299)
(10.0687)
(-3.5925)
A2(1.9632)
(9.6534)
(1.8818)
A3(-3.3567)
(-9.0980)
(-4.4436)
A4(-2.1835)
(8.4659)
(-3.3519)
G1(6.2241)
(3.8961)
(-1.2505)
G2(-0.3432)
(0.9360)
(0.8711)
G3(9.0848)
(-4.5421)
(-4.6310)
G4(-1.1786)
(0.9349)
(0.0154)
A1(-3.2237)
(12.6936)
(4.4164)
A2(2.2170)
(10.8649)
(3.6871)
A3(-8.1882)
(-17.4872)
(-0.9146)
A4(-1.0151)
(9.6822)
(-1.5850)
G1(5.6643)
(1.1542)
(-1.4021)
G2(0.0633)
(0.6550)
(0.7849)
G3(2.2487)
(-3.5577)
(-1.6730)
G4(-0.4810)
(2.0002)
(0.0133)
A1(-4.6128)
(-2.2801)
(-3.1375)
A2(4.6352)
(6.4404)
(5.1188)
A3(-3.1843)
(-1.8531)
(-11.8321)
A4(3.0646)
(9.3422)
(0.3017)
G1(4.6044)
(-0.9344)
(-2.4749)
G2(0.5587)
(1.0036)
(0.0915)
G3(-1.2116)
(2.0901)
(-0.1006)
G4(-0.6380)
(0.5981)
(0.0761)
A1(-8.7993)
(-0.8718)
(-0.8143)
A2(4.9273)
(7.9296)
(2.2362)
A3(1.4844)
(15.0547)
(1.2594)
A4(6.5362)
(10.0317)
(-2.0638)
G1(-0.8035)
(-0.6540)
(0.5598)
G2(0.4746)
(-0.5316)
(-0.3539)
G3(-0.4150)
(-2.0178)
(3.3784)
G4(-0.1176)
(-0.5172)
(0.0325)
A1(-11.5967)
(1.1544)
(-1.0107)
A2(2.4804)
(7.4747)
(3.4620)
A3(-35.6161)
(14.0875)
(-0.2729)
A4(-2.0925)
(9.2991)
(-2.4517)
G1(-1.8342)
(-0.4204)
(0.8711)
G2(0.3432)
(-0.9025)
(-0.4385)
G3(0.8849)
(-0.6082)
(0.2107)
G4(0.0266)
(0.9786)
(-0.2921)
A1(-4.6559)
(-0.8430)
(-2.8022)
A2(3.6200)
(10.8888)
(2.5666)
A3(-7.0294)
(-3.3854)
(-5.2912)
A4(0.7614)
(10.0269)
(-0.6704)
G1(-1.3388)
(-1.6362)
(1.2345)
G2(0.0186)
(0.0559)
(0.1793)
G3(0.0458)
(-0.8354)
(1.1568)
G4(0.2586)
(-0.4001)
(-0.1224)
A1(-11.6302)
(4.2152)
(-3.4584)
A2(3.9313)
(9.0597)
(3.6727)
A3(-0.6081)
(-2.6336)
(-2.0063)
A4(1.9585)
(9.5768)
(-2.8060)
G1(-1.1669)
(-2.2168)
(1.6059)
G2(0.2421)
(0.2160)
(-0.3762)
G3(-0.2150)
(1.1488)
(1.4042)
G4(0.3358)
(-0.1884)
(-0.1799)
A1(-8.7514)
(4.1913)
(1.5951)
A2(1.1923)
(8.9735)
(2.5283)
A3(-6.2153)
(-4.7980)
(-3.9744)
A4(0.5124)
(7.7859)
(-2.9305)
G1(-0.8115)
(-0.7529)
(2.0188)
G2(0.0218)
(0.2203)
(-0.4097)
G3(-0.0819)
(2.0082)
(1.8486)
G4(0.1628)
(-0.8817)
(-0.0500)
A1(-7.5778)
(5.3361)
(0.9867)
A2(2.5426)
(10.1083)
(1.6999)
A3(-8.6718)
(-1.5131)
(-6.1770)
A4(-0.0670)
(9.4188)
(-1.4269)
G1(-0.2464)
(-0.4720)
(1.6506)
G2(0.2001)
(-0.1016)
(-0.1990)
G3(-2.0524)
(1.9188)
(2.5616)
G4(0.1458)
(-1.6501)
(-0.0277)
A1(-8.2580)
(6.7444)
(1.4753)
A2(1.3408)
(8.3606)
(1.2881)
A3(-6.6176)
(1.5850)
(-6.3734)
A4(-1.6951)
(7.5369)
(-4.3431)
G1(0.3496)
(-2.2913)
(1.7400)
G2(0.4315)
(-0.7402)
(-0.3166)
G3(-1.5703)
(1.4814)
(2.2498)
G4(0.3581)
(-0.2203)
(-0.0442)
A1(-8.2580)
(6.9695)
(3.0560)
A2(1.6281)
(10.0317)
(2.0830)
A3(-5.7317)
(4.1515)
(-7.2353)
A4(1.7142)
(9.0597)
(-4.6783)
G1(0.6263)
(-1.2052)
(1.5069)
G2(0.0388)
(-1.4553)
(-0.4688)
G3(-1.0073)
(1.4058)
(1.7980)
G4(0.0788)
(-0.7923)
(-0.1197)
A1(-5.8870)
(7.9563)
(4.3110)
A2(-1.3072)
(10.1179)
(1.2354)
A3(-7.6184)
(6.9528)
(-6.8187)
A4(-0.1484)
(9.4523)
(-3.7828)
G1(0.6635)
(-1.0759)
(1.0876)
G2(0.2682)
(-0.5124)
(-0.4901)
G3(-0.7290)
(0.9658)
(1.6559)
G4(-0.0181)
(-0.1713)
(-0.1165)
A1(-5.1493)
(9.6471)
(4.3350)
A2(-2.1452)
(9.2512)
(-0.1341)
A3(-6.2058)
(8.2504)
(-5.0230)
A4(0.0000)
(9.2320)
(-2.3272)
G1(0.8626)
(-1.0387)
(0.5928)
G2(0.4486)
(-1.5559)
(-0.1490)
G3(-0.7827)
(0.9163)
(1.3595)
G4(0.0059)
(-0.4156)
(0.0255)
A1(-5.2978)
(8.5454)
(1.9687)
A2(0.0622)
(8.9783)
(1.5562)
A3(-5.1763)
(8.2265)
(-5.3965)
A4(-0.3256)
(9.5864)
(-4.1180)
G1(0.7199)
(-0.6103)
(0.6114)
G2(0.0239)
(-0.8030)
(0.0851)
G3(-0.5640)
(0.9456)
(0.8402)
G4(0.0293)
(-0.2948)
(-0.0160)
A1(-2.7686)
(9.5370)
(6.0786)
A2(0.2490)
(8.6191)
(-1.2546)
A3(-3.5961)
(9.0214)
(-5.6599)
A4(-1.1492)
(8.8969)
(-4.1420)
G1(1.3824)
(0.5406)
(0.3496)
G2(0.0420)
(-0.2735)
(-0.2160)
G3(-0.9078)
(0.7008)
(0.2559)
G4(-0.0654)
(-0.2975)
(0.0170)
A1(-3.2381)
(10.0399)
(2.0262)
A2(-1.3838)
(10.1754)
(0.5267)
A3(-2.8347)
(10.0365)
(-1.7238)
A4(-1.6712)
(9.2320)
(-4.5346)
G1(0.6492)
(0.2091)
(0.2953)
G2(0.0388)
(-0.2261)
(-0.2708)
G3(-1.2074)
(0.3570)
(0.0734)
G4(-0.2469)
(-0.3028)
(0.0490)
