A1(-5.1445)
(7.6497)
(3.0177)
A2(0.1197)
(9.3134)
(0.7757)
A3(-2.4804)
(8.4228)
(-2.7390)
A4(-1.1013)
(8.7245)
(-4.9368)
G1(-1.0350)
(0.9227)
(0.4321)
G2(-0.4315)
(-0.0404)
(-0.0064)
G3(0.1149)
(0.3427)
(-0.3028)
G4(0.3863)
(0.2661)
(-0.3267)
A1(-8.4975)
(12.1619)
(7.3335)
A2(-1.4748)
(8.3797)
(0.5555)
A3(-5.9903)
(12.0668)
(1.3695)
A4(1.5993)
(8.0062)
(-10.0844)
G1(-3.3906)
(2.6776)
(-1.5006)
G2(-0.7955)
(-0.1266)
(0.2538)
G3(0.9504)
(0.7971)
(-0.1953)
G4(0.0138)
(1.3824)
(-0.7529)
A1(-5.8678)
(12.9523)
(5.5038)
A2(-2.6240)
(9.2656)
(1.6520)
A3(-10.6590)
(16.8791)
(-0.2921)
A4(-3.2370)
(10.9654)
(-3.7972)
G1(-2.9383)
(2.1423)
(-1.0573)
G2(-0.7338)
(0.6114)
(0.5518)
G3(1.5671)
(0.3884)
(-0.1527)
G4(-0.3799)
(1.5974)
(-0.6939)
A1(-10.8063)
(13.7043)
(-2.1651)
A2(-4.6448)
(10.6638)
(1.5227)
A3(-5.6264)
(15.6581)
(-13.7714)
A4(-2.5426)
(11.2958)
(-6.3494)
G1(-0.5358)
(5.9150)
(-2.9442)
G2(-0.9599)
(2.7723)
(1.3021)
G3(3.4518)
(0.3336)
(-2.0093)
G4(-0.6944)
(0.8487)
(0.0138)
A1(-5.7864)
(10.4998)
(-0.5700)
A2(0.6943)
(11.0421)
(2.0782)
A3(-19.8192)
(-3.6392)
(-13.0484)
A4(-3.9361)
(9.0166)
(-6.9432)
G1(2.5494)
(4.1622)
(-2.7569)
G2(0.6423)
(2.4286)
(2.0050)
G3(1.9608)
(-3.4284)
(-2.0124)
G4(-0.9525)
(1.5197)
(-0.3182)
A1(-2.9315)
(7.6928)
(-2.6154)
A2(0.1772)
(11.7603)
(4.3144)
A3(-4.9225)
(-12.7755)
(-8.9735)
A4(4.6064)
(5.9807)
(-4.0175)
G1(6.4716)
(1.8757)
(-3.0974)
G2(-0.8546)
(1.1084)
(0.3065)
G3(1.8379)
(-3.8546)
(-4.1499)
G4(-1.3840)
(2.5275)
(-0.0096)
A1(0.4598)
(6.1983)
(20.8510)
A2(-0.9194)
(10.6542)
(5.7844)
A3(-8.8059)
(-9.3661)
(-8.3797)
A4(-6.3734)
(10.5201)
(2.8060)
G1(5.0631)
(2.8814)
(-1.9278)
G2(0.3778)
(3.0208)
(0.2895)
G3(1.6070)
(-3.8546)
(-3.9243)
G4(-1.0919)
(1.4745)
(0.5034)
A1(-68.2724)
(16.2287)
(-19.4859)
A2(9.0166)
(7.8578)
(8.8921)
A3(-21.0881)
(156.9016)
(-14.6190)
A4(-4.4819)
(17.1952)
(6.5218)
G1(0.0074)
(5.6952)
(-0.0947)
G2(0.6753)
(-0.9174)
(0.2235)
G3(1.7272)
(-7.2857)
(-2.2977)
G4(-0.1501)
(0.1580)
(-0.2543)
A1(2.5723)
(-7.8940)
(1.5376)
A2(22.9748)
(6.4931)
(12.1865)
A3(-9.9886)
(2.4900)
(10.0940)
A4(5.1475)
(10.8218)
(-2.9832)
G1(-2.2546)
(-6.8717)
(0.4236)
G2(0.2767)
(1.5330)
(-1.3601)
G3(2.9814)
(2.7877)
(-4.0137)
G4(0.2740)
(-1.9614)
(0.3672)
A1(-22.6665)
(17.0813)
(3.9709)
A2(-7.0390)
(17.6309)
(8.8202)
A3(5.4205)
(13.4794)
(-4.4628)
A4(-2.7725)
(9.5720)
(-3.9744)
G1(-2.8931)
(-5.2823)
(2.9873)
G2(0.2325)
(1.9608)
(1.0456)
G3(0.2256)
(0.0846)
(2.6233)
G4(0.0974)
(-2.1710)
(0.2144)
A1(-7.4629)
(7.6305)
(-5.4559)
A2(12.1003)
(10.8074)
(4.3479)
A3(-4.9177)
(-6.6224)
(-5.9041)
A4(2.0446)
(9.5050)
(-2.5666)
G1(-1.0408)
(-1.5123)
(1.0855)
G2(-0.2847)
(-3.3199)
(-0.2889)
G3(1.3617)
(1.9928)
(2.0422)
G4(0.0096)
(-0.7077)
(0.1117)
A1(-6.5336)
(6.7971)
(3.3722)
A2(-9.0597)
(9.6534)
(3.0550)
A3(-10.0413)
(-9.4188)
(-5.5785)
A4(1.3120)
(9.8737)
(-3.1891)
G1(-1.5346)
(-3.9009)
(1.8704)
G2(-0.1250)
(-2.0492)
(-0.3517)
G3(2.1875)
(0.4353)
(2.3668)
G4(0.0410)
(-0.9732)
(0.0676)
A1(-8.4448)
(6.5959)
(-0.9245)
A2(6.3542)
(9.2368)
(2.5618)
A3(-7.6231)
(-6.8091)
(-5.8610)
A4(1.5467)
(9.1746)
(-3.0837)
G1(0.1330)
(-1.0195)
(1.8571)
G2(0.2677)
(-1.6134)
(-0.4007)
G3(-2.4153)
(3.1767)
(2.1567)
G4(0.1235)
(0.0399)
(-0.2666)
A1(-4.3494)
(10.2411)
(2.3088)
A2(-0.7518)
(9.3613)
(3.2322)
A3(-0.2490)
(-2.5570)
(-7.2736)
A4(0.8523)
(9.0166)
(-4.0031)
G1(2.2226)
(-2.1359)
(1.5931)
G2(0.3294)
(-0.5603)
(-0.4683)
G3(-4.4160)
(1.2377)
(2.0470)
G4(-0.0090)
(-0.6987)
(0.0271)
A1(-6.1121)
(8.5837)
(4.4356)
A2(1.8148)
(9.3613)
(1.3168)
A3(-4.8842)
(3.9648)
(-8.6191)
A4(-0.2107)
(9.9551)
(-2.8587)
G1(2.2226)
(-3.2555)
(0.2724)
G2(0.6423)
(0.0772)
(-0.4273)
G3(-4.3585)
(0.0569)
(2.3434)
G4(-0.1272)
(-0.8535)
(-0.0069)
A1(-5.5517)
(9.3358)
(2.7782)
A2(-0.8140)
(8.7388)
(1.3647)
A3(-3.9792)
(12.5743)
(-5.0087)
A4(0.2346)
(9.4188)
(-2.6432)
G1(1.3595)
(-1.2255)
(1.2856)
G2(0.4784)
(-1.3798)
(-0.4044)
G3(-3.0304)
(-0.2751)
(2.0119)
G4(0.1357)
(-0.2006)
(-0.0479)
A1(-4.6032)
(7.3671)
(2.9076)
A2(-1.2306)
(10.2185)
(1.1636)
A3(-5.5881)
(10.2185)
(-3.6871)
A4(-0.8811)
(9.5577)
(-3.8595)
G1(1.3500)
(-0.7891)
(1.8949)
G2(0.4725)
(-1.3095)
(-0.2426)
G3(-2.4695)
(-0.2128)
(1.1462)
G4(0.1517)
(-0.5167)
(0.1197)
A1(-5.6954)
(9.8435)
(3.2189)
A2(-0.8284)
(9.0884)
(1.7334)
A3(-2.9353)
(7.5657)
(-2.3224)
A4(-1.4365)
(9.2416)
(-4.7309)
G1(0.0239)
(-2.3062)
(-0.1469)
G2(-0.0724)
(0.4390)
(-0.2033)
G3(-0.2011)
(1.1334)
(1.0855)
G4(0.0968)
(0.2634)
(-0.0032)
A1(-5.2307)
(10.0399)
(0.6754)
A2(-0.5315)
(10.0987)
(0.0479)
A3(-6.4308)
(11.3485)
(2.4948)
A4(1.2689)
(9.2081)
(-3.5721)
G1(0.5417)
(-0.8652)
(-0.4794)
G2(0.0947)
(-0.3517)
(-0.0596)
G3(-0.4055)
(-2.5802)
(0.8147)
G4(0.0346)
(0.0096)
(-0.0596)
A1(-2.1316)
(9.9872)
(1.3604)
A2(-0.9768)
(10.0269)
(-0.3543)
A3(-1.3312)
(9.2273)
(-3.9313)
A4(-0.2298)
(9.0309)
(-3.9696)
G1(0.6247)
(0.9328)
(0.4555)
G2(0.5752)
(-0.7279)
(-0.1793)
G3(0.0234)
(0.8466)
(-0.3911)
G4(0.0511)
(0.1421)
(0.0442)
