A1(0.2156)
(9.4460)
(-0.8957)
A2(3.6105)
(8.9830)
(-0.5315)
A3(3.6009)
(8.8490)
(-3.2753)
A4(4.4628)
(16.6732)
(-5.5593)
G1(-0.5640)
(-0.5678)
(0.0085)
G2(0.0101)
(0.5007)
(0.0889)
G3(0.1825)
(0.3608)
(-0.0431)
G4(1.6107)
(0.8445)
(-0.7040)
A1(0.4215)
(9.9633)
(0.7808)
A2(3.3471)
(8.0493)
(1.6807)
A3(1.6855)
(8.8059)
(-3.9025)
A4(1.7382)
(12.5504)
(-4.9895)
G1(-0.6343)
(-1.1909)
(-0.0915)
G2(-1.0664)
(-0.2751)
(0.0261)
G3(0.0341)
(0.2533)
(-0.0436)
G4(1.2771)
(0.1767)
(0.1501)
A1(-0.5509)
(10.8686)
(-0.1772)
A2(7.9248)
(10.2520)
(4.2856)
A3(2.8299)
(9.2943)
(-3.1125)
A4(-0.7374)
(8.4276)
(-12.3541)
G1(-0.0234)
(-1.6421)
(0.0399)
G2(-4.0196)
(-0.0798)
(1.2584)
G3(0.0223)
(-0.7354)
(0.0963)
G4(2.4211)
(1.5862)
(0.4528)
A1(0.1629)
(9.0436)
(0.0958)
A2(3.3471)
(10.0030)
(6.5122)
A3(3.9504)
(8.1499)
(-5.0039)
A4(6.0238)
(2.6145)
(-10.0796)
G1(-0.3576)
(-1.6208)
(-0.4406)
G2(-3.5646)
(-2.3658)
(1.6421)
G3(-0.0830)
(-0.6215)
(-0.0106)
G4(3.3598)
(1.8438)
(3.5082)
A1(-1.6286)
(10.0591)
(0.8143)
A2(9.4092)
(8.6670)
(6.9145)
A3(2.6959)
(8.8585)
(-3.0358)
A4(3.4333)
(-2.8922)
(-8.0924)
G1(-0.6114)
(-2.1391)
(-0.2852)
G2(-3.5997)
(-2.8042)
(2.0151)
G3(-0.3970)
(-1.5766)
(0.0724)
G4(1.3111)
(4.7395)
(3.0134)
A1(-2.7734)
(8.8807)
(3.2812)
A2(11.0133)
(5.9568)
(6.4260)
A3(1.5131)
(9.3374)
(-3.0263)
A4(6.4069)
(-4.5825)
(-3.5291)
G1(0.2363)
(-1.1515)
(-0.3757)
G2(-3.0240)
(-3.2086)
(2.1231)
G3(-0.4645)
(-1.6692)
(0.1634)
G4(-0.4363)
(5.1535)
(3.2273)
A1(0.3593)
(8.1479)
(4.8715)
A2(6.9097)
(5.6647)
(2.3703)
A3(0.7087)
(8.9591)
(-3.3471)
A4(10.6015)
(-10.9894)
(-5.7317)
G1(0.3411)
(-0.2410)
(0.2150)
G2(-0.9099)
(-3.1975)
(2.4621)
G3(-0.9030)
(-1.7358)
(0.1203)
G4(-0.3608)
(3.9360)
(3.9084)
A1(-1.5328)
(9.4555)
(2.6058)
A2(9.2416)
(2.5139)
(1.1301)
A3(2.2793)
(9.4858)
(0.1245)
A4(7.6136)
(-0.0575)
(-5.7365)
G1(0.1830)
(-0.8280)
(-0.0559)
G2(0.2645)
(-3.5726)
(1.9784)
G3(-0.6247)
(-0.9690)
(-0.1751)
G4(-1.5745)
(-0.3757)
(4.4554)
A1(-5.6666)
(9.3981)
(4.1673)
A2(6.5457)
(0.8571)
(0.0670)
A3(-0.8188)
(9.8114)
(-0.3065)
A4(3.3998)
(11.5305)
(-3.6583)
G1(-0.1336)
(-0.3938)
(-0.2618)
G2(3.1751)
(-2.8521)
(1.4207)
G3(-0.2714)
(-1.2084)
(-0.1719)
G4(-0.3682)
(3.7572)
(-4.4708)
A1(-2.3950)
(9.8100)
(2.6872)
A2(8.6431)
(1.2785)
(1.5850)
A3(-9.0453)
(11.2049)
(-1.9728)
A4(29.4487)
(4.4676)
(-9.0501)
G1(0.2921)
(0.2522)
(0.0383)
G2(4.6948)
(-1.8890)
(0.5124)
G3(0.2139)
(0.6433)
(-0.3214)
G4(-0.1953)
(-1.9768)
(1.1664)
A1(0.5030)
(8.8616)
(1.4466)
A2(6.9576)
(1.3599)
(11.1761)
A3(0.4118)
(9.5002)
(-2.0063)
A4(4.7022)
(-0.3783)
(-0.0287)
G1(0.4656)
(0.7513)
(0.1612)
G2(-0.8604)
(-1.6613)
(-0.2432)
G3(0.0506)
(-0.2895)
(0.4810)
G4(0.2730)
(-1.6905)
(-1.2670)
A1(-1.4131)
(8.6939)
(1.6478)
A2(2.2841)
(-3.4955)
(3.0215)
A3(1.6759)
(8.8921)
(-2.4229)
A4(5.0087)
(4.1276)
(-7.6375)
G1(0.2517)
(0.0862)
(0.1075)
G2(-4.5453)
(5.0056)
(-2.4860)
G3(0.2421)
(0.6061)
(0.2128)
G4(0.3618)
(3.3108)
(-3.6184)
A1(1.8681)
(11.3668)
(2.9890)
A2(-1.8675)
(-1.1779)
(11.8800)
A3(-0.1628)
(9.2129)
(-2.3272)
A4(12.7946)
(3.2753)
(-6.0573)
G1(0.0420)
(0.4246)
(0.0133)
G2(-1.6160)
(-2.5270)
(-0.2884)
G3(0.3225)
(0.3049)
(0.2565)
G4(0.4709)
(-0.2650)
(-2.5643)
A1(-1.7963)
(8.2580)
(1.0730)
A2(-10.5153)
(2.4325)
(-1.1157)
A3(2.7390)
(9.5193)
(-1.7813)
A4(11.2863)
(-3.6919)
(-4.0654)
G1(0.3012)
(0.4911)
(0.3187)
G2(-2.5898)
(6.1140)
(-0.7630)
G3(0.3975)
(0.2325)
(0.2575)
G4(1.0946)
(-1.5751)
(-0.8429)
A1(-0.7520)
(9.6040)
(-0.3593)
A2(9.7923)
(-0.2107)
(-2.8347)
A3(0.6991)
(8.4372)
(-3.7110)
A4(12.3349)
(1.9920)
(-5.4540)
G1(-0.0096)
(-0.1671)
(-0.0931)
G2(0.1415)
(-0.2703)
(-1.2148)
G3(0.5901)
(0.5018)
(0.0857)
G4(0.7726)
(-0.1916)
(-0.3714)
A1(0.0048)
(11.7500)
(-0.9101)
A2(9.6486)
(0.8954)
(3.5530)
A3(2.1883)
(8.2744)
(-4.3191)
A4(11.7603)
(1.1827)
(-5.6838)
G1(0.3677)
(-0.1006)
(-0.0521)
G2(-0.1229)
(-1.4862)
(-0.9456)
G3(0.3964)
(0.7178)
(-0.0074)
G4(0.3363)
(-0.1846)
(-0.4299)
A1(-1.9687)
(9.2591)
(1.6909)
A2(14.7531)
(1.5036)
(-2.4948)
A3(5.4444)
(7.4364)
(-4.9656)
A4(7.2688)
(0.4693)
(-4.8794)
G1(0.3805)
(-0.3076)
(0.0756)
G2(-0.5002)
(0.8594)
(-0.3688)
G3(-0.0229)
(-0.0947)
(0.0037)
G4(0.2565)
(0.2751)
(-0.0553)
A1(-1.6430)
(9.6280)
(1.3652)
A2(12.3445)
(1.8723)
(0.0622)
A3(2.4229)
(8.3318)
(-4.3527)
A4(5.7557)
(0.7949)
(-4.4867)
G1(0.3698)
(-0.6811)
(-0.3267)
G2(-0.1543)
(-0.6843)
(0.2586)
G3(-0.1213)
(-0.3890)
(0.1415)
G4(0.0341)
(0.2788)
(-0.3549)
A1(-1.2119)
(9.6759)
(0.5509)
A2(7.4124)
(2.6576)
(2.9832)
A3(2.9401)
(8.7053)
(-3.4860)
A4(4.0175)
(-0.9098)
(-5.0949)
G1(0.4597)
(-0.2799)
(0.0080)
G2(-0.3326)
(1.4223)
(0.2102)
G3(-0.1644)
(-0.2304)
(0.0223)
G4(-0.8115)
(-0.6662)
(-1.2712)
A1(-1.1975)
(9.9058)
(1.2502)
A2(9.1459)
(1.6855)
(0.4166)
A3(0.6321)
(9.5481)
(-3.2465)
A4(3.1508)
(-0.3112)
(-5.1140)
G1(0.7955)
(-0.1112)
(-0.0947)
G2(0.0559)
(-0.2453)
(0.0782)
G3(-0.2820)
(-0.5146)
(-0.0644)
G4(-1.2547)
(-1.0525)
(-1.4942)
