A1(-4.1578)
(5.6043)
(6.4426)
A2(1.3503)
(8.9256)
(1.5658)
A3(-3.2705)
(10.1466)
(-0.0479)
A4(-0.0958)
(4.5777)
(-10.2903)
G1(-2.5158)
(1.3601)
(0.4502)
G2(-0.6662)
(-0.5853)
(0.1086)
G3(0.5752)
(0.7535)
(-0.1027)
G4(0.7960)
(1.1446)
(-0.5252)
A1(-11.8697)
(12.9187)
(2.8884)
A2(-0.2825)
(7.0390)
(0.1724)
A3(-6.7564)
(15.7682)
(-0.9912)
A4(-2.3367)
(4.8842)
(-9.8306)
G1(-2.7308)
(0.9339)
(-1.5431)
G2(-1.7810)
(0.6923)
(0.5662)
G3(1.2728)
(-0.4762)
(0.1096)
G4(0.0713)
(0.7918)
(-0.7412)
A1(-4.5697)
(9.5753)
(15.0503)
A2(-4.9799)
(11.3246)
(1.0534)
A3(-13.5799)
(14.7914)
(-8.8538)
A4(-3.0071)
(9.5864)
(-7.7572)
G1(-3.3135)
(3.8866)
(-1.4367)
G2(-0.9621)
(1.9741)
(0.9764)
G3(0.9195)
(-1.0445)
(0.2490)
G4(-0.2086)
(1.3659)
(-0.1846)
A1(-7.9515)
(9.5322)
(0.0000)
A2(-0.3160)
(12.0955)
(1.5131)
A3(-6.8378)
(16.0268)
(-14.7674)
A4(-1.2354)
(7.8626)
(-8.0589)
G1(-0.3640)
(4.9518)
(-2.5345)
G2(-0.5763)
(-0.1963)
(1.4426)
G3(3.3268)
(-1.0546)
(-1.4851)
G4(-0.4736)
(1.4649)
(-0.1256)
A1(-9.7621)
(6.5959)
(-5.4032)
A2(-5.2002)
(10.5153)
(8.0110)
A3(-3.9983)
(-7.3263)
(-8.2169)
A4(0.4022)
(8.6048)
(-5.1140)
G1(4.2814)
(4.2755)
(-2.8543)
G2(-0.8657)
(1.7645)
(0.3118)
G3(4.8060)
(-4.9103)
(-6.9803)
G4(-1.4660)
(1.1632)
(0.2123)
A1(-5.3648)
(11.7595)
(4.1290)
A2(0.9816)
(12.2296)
(3.4477)
A3(-5.9424)
(-11.2527)
(-1.6472)
A4(0.4118)
(10.4004)
(3.5817)
G1(6.2630)
(3.7721)
(-2.2354)
G2(0.0612)
(4.3889)
(0.4055)
G3(1.7634)
(-5.3206)
(-3.9419)
G4(-1.0855)
(1.7389)
(0.1815)
A1(6.2989)
(6.9839)
(18.5710)
A2(6.1004)
(7.7668)
(7.6471)
A3(-10.2903)
(-11.3054)
(-17.1377)
A4(8.2887)
(4.4532)
(-4.8411)
G1(-4.6501)
(2.1072)
(1.0270)
G2(1.0020)
(0.2496)
(0.2623)
G3(-1.1084)
(1.7922)
(-5.6170)
G4(-0.5518)
(-0.6268)
(0.5470)
A1(-31.4322)
(-1.4322)
(8.1287)
A2(-2.7102)
(4.0558)
(7.6471)
A3(-8.9160)
(47.2903)
(22.9987)
A4(5.9280)
(11.0852)
(0.9194)
G1(-1.7342)
(-9.3364)
(-0.7966)
G2(1.3425)
(1.2537)
(0.2192)
G3(2.7750)
(6.3135)
(-0.3012)
G4(-0.3358)
(-0.4081)
(-0.0495)
A1(0.8909)
(-3.4153)
(-2.1986)
A2(14.6956)
(5.5402)
(-2.0063)
A3(-13.5751)
(9.8928)
(-8.1403)
A4(3.2705)
(8.2169)
(-3.0646)
G1(-1.7826)
(-1.4426)
(0.6768)
G2(-0.1091)
(-1.3223)
(-0.8705)
G3(1.3095)
(-1.4032)
(1.0078)
G4(-0.1043)
(-2.0055)
(0.3076)
A1(-11.5775)
(2.3040)
(-1.3843)
A2(0.0335)
(3.8164)
(4.0414)
A3(-1.9776)
(-1.3647)
(-2.4325)
A4(3.1460)
(9.1123)
(-3.0167)
G1(-0.7333)
(-1.1531)
(1.6974)
G2(0.1133)
(0.8131)
(-0.0905)
G3(-0.1628)
(-1.8172)
(2.6685)
G4(0.3565)
(0.7476)
(-0.2804)
A1(-8.2437)
(1.3987)
(-0.2922)
A2(6.5218)
(9.4571)
(4.6687)
A3(-10.6303)
(0.1580)
(-3.5099)
A4(-1.7909)
(9.7444)
(-3.0263)
G1(-0.5215)
(-1.0355)
(1.7767)
G2(-0.0623)
(-0.4273)
(-0.5853)
G3(-0.1117)
(0.5459)
(3.0426)
G4(0.5784)
(1.2797)
(-0.2480)
A1(-6.7683)
(3.9757)
(1.4274)
A2(1.3024)
(9.0261)
(2.3846)
A3(-12.2727)
(-1.0870)
(-4.7118)
A4(1.2641)
(9.6534)
(-3.4812)
G1(0.2480)
(-2.1173)
(2.0869)
G2(0.2081)
(0.6396)
(0.0899)
G3(-0.2304)
(1.3212)
(2.7712)
G4(0.2081)
(0.3570)
(-0.1857)
A1(-7.7934)
(5.7528)
(1.5472)
A2(-0.2729)
(10.4483)
(1.8435)
A3(-7.3263)
(0.8811)
(-5.5833)
A4(2.2314)
(8.6143)
(-2.4038)
G1(0.3049)
(0.4491)
(2.2764)
G2(0.2980)
(0.7295)
(-0.0357)
G3(-0.5055)
(1.6229)
(2.0779)
G4(-0.4949)
(-2.6898)
(0.7758)
A1(-7.3096)
(9.6376)
(2.0645)
A2(2.7964)
(8.9399)
(2.7821)
A3(-6.9528)
(2.7629)
(-6.0908)
A4(1.2881)
(10.9894)
(-3.3279)
G1(0.2522)
(-1.3681)
(2.4514)
G2(0.4879)
(0.1873)
(-0.2948)
G3(-0.6838)
(2.2083)
(1.9752)
G4(-0.2288)
(-2.8021)
(0.4230)
A1(-4.2344)
(10.1884)
(1.5424)
A2(1.6712)
(8.3941)
(2.8874)
A3(-5.5258)
(3.6919)
(-7.4364)
A4(0.5411)
(8.5808)
(-5.3056)
G1(2.3030)
(-1.1403)
(1.8257)
G2(0.2496)
(-2.0614)
(-0.5167)
G3(-1.4399)
(3.0996)
(1.4394)
G4(-0.1016)
(-0.5997)
(0.2873)
A1(-5.0822)
(9.3070)
(5.1445)
A2(1.0391)
(11.9758)
(2.3607)
A3(-2.8587)
(3.7972)
(-8.4228)
A4(3.1651)
(9.4188)
(-2.5905)
G1(2.2705)
(-1.5181)
(1.4346)
G2(-0.2011)
(-1.5043)
(-0.2006)
G3(-2.8112)
(2.5110)
(2.0960)
G4(0.0660)
(-1.0951)
(0.2331)
A1(-3.1997)
(8.9957)
(3.4776)
A2(2.5235)
(10.4196)
(3.4237)
A3(-3.8978)
(13.1250)
(-4.6687)
A4(-0.4214)
(8.8873)
(-7.0964)
G1(1.4223)
(-1.2962)
(0.6013)
G2(0.1862)
(-0.6880)
(0.0692)
G3(-2.0279)
(0.5667)
(1.3590)
G4(0.2336)
(-0.1708)
(0.0378)
A1(-4.3398)
(10.0303)
(0.9245)
A2(-2.5666)
(7.8290)
(0.1389)
A3(-2.6097)
(11.3916)
(-0.0527)
A4(-1.1013)
(8.7580)
(-5.2768)
G1(0.7317)
(-1.9635)
(0.1697)
G2(-0.3272)
(-1.6229)
(0.0261)
G3(-1.1664)
(-0.0873)
(0.4374)
G4(0.0202)
(-0.7162)
(0.2778)
A1(-7.2425)
(12.6026)
(1.5137)
A2(0.5986)
(13.0532)
(1.5036)
A3(-3.8020)
(9.7875)
(-5.2577)
A4(1.9824)
(8.4420)
(-5.1811)
G1(0.1554)
(-0.3746)
(-0.9222)
G2(-0.1357)
(-0.1889)
(0.1022)
G3(-0.3624)
(0.8695)
(0.6678)
G4(-0.0287)
(0.1772)
(0.0043)
A1(-0.0144)
(9.6902)
(-0.0575)
A2(-2.0446)
(11.0229)
(-0.3639)
A3(0.7709)
(10.6542)
(-2.9449)
A4(1.3791)
(8.2265)
(-5.0422)
G1(0.2953)
(2.4834)
(0.5656)
G2(0.0772)
(-1.0142)
(-0.1245)
G3(0.0357)
(0.4097)
(-0.3406)
G4(-0.2219)
(0.2187)
(0.1000)
