A1(-8.2149)
(10.3944)
(8.2149)
A2(-0.0910)
(9.8928)
(1.0487)
A3(-0.5602)
(14.3173)
(1.8004)
A4(0.2682)
(7.9296)
(-5.8275)
G1(-4.1212)
(1.9337)
(1.0217)
G2(-0.7955)
(0.4193)
(0.2214)
G3(1.2435)
(0.3618)
(-0.0521)
G4(-0.0447)
(0.5890)
(-0.4065)
A1(-5.0583)
(9.7765)
(8.2628)
A2(-0.9002)
(9.7109)
(-1.9776)
A3(-6.0669)
(13.7140)
(-9.3326)
A4(-1.0343)
(9.3278)
(-6.6319)
G1(-4.0446)
(3.1416)
(-1.9145)
G2(-0.4693)
(0.6987)
(0.2602)
G3(1.4851)
(1.2920)
(-0.9413)
G4(-0.2687)
(1.3585)
(-0.3954)
A1(-11.7931)
(8.4161)
(8.5646)
A2(-2.2075)
(9.6391)
(0.5746)
A3(-2.7916)
(12.9000)
(-15.3373)
A4(-0.4501)
(8.2504)
(-6.5122)
G1(-2.8803)
(0.8413)
(-2.0625)
G2(-0.5018)
(0.0670)
(0.8631)
G3(1.5240)
(-0.8753)
(1.0052)
G4(-0.5199)
(1.1260)
(-0.2496)
A1(-7.4916)
(9.4460)
(2.0597)
A2(0.2107)
(10.8170)
(4.5059)
A3(-10.2232)
(-0.4932)
(-11.4060)
A4(-5.2098)
(8.2313)
(-7.5753)
G1(1.6410)
(6.9494)
(-2.8601)
G2(-0.4193)
(2.5408)
(0.7024)
G3(4.3681)
(-3.2054)
(-4.6092)
G4(-0.9174)
(1.5830)
(0.0474)
A1(-3.8129)
(8.6891)
(0.6514)
A2(0.9673)
(11.4634)
(4.6639)
A3(-4.9033)
(-7.0390)
(0.6081)
A4(0.1245)
(9.8450)
(1.3743)
G1(6.2225)
(2.2423)
(-1.3053)
G2(0.7774)
(1.4122)
(1.0403)
G3(3.2172)
(-6.7115)
(-4.6565)
G4(-1.1749)
(1.1408)
(0.2543)
A1(-11.8314)
(9.5849)
(3.6261)
A2(-1.6855)
(12.1434)
(8.3079)
A3(-2.3703)
(-16.0220)
(-1.4365)
A4(4.6448)
(9.9886)
(0.9050)
G1(6.9058)
(2.7351)
(-0.8562)
G2(0.6077)
(2.1950)
(0.5757)
G3(0.2166)
(-4.4304)
(-3.5556)
G4(-0.9003)
(0.8508)
(0.2852)
A1(6.9456)
(-3.0417)
(18.3171)
A2(-1.1779)
(2.3415)
(5.5785)
A3(-14.8776)
(2.4086)
(-11.3006)
A4(8.0685)
(8.5042)
(0.5602)
G1(0.6337)
(-3.0889)
(-0.3001)
G2(0.2841)
(0.9216)
(-0.3012)
G3(-2.0007)
(1.4883)
(-4.7629)
G4(-0.0745)
(-0.5465)
(-0.2171)
A1(-1.4801)
(-2.7686)
(-2.3806)
A2(1.4222)
(7.2736)
(1.5610)
A3(-46.0549)
(16.8839)
(9.3757)
A4(-2.9736)
(9.0070)
(-2.4134)
G1(-2.1497)
(1.0664)
(0.4523)
G2(0.1224)
(-1.3015)
(0.5108)
G3(-2.0715)
(-9.0757)
(5.4589)
G4(0.0841)
(0.4374)
(-0.2990)
A1(-5.6858)
(-1.8777)
(0.7951)
A2(7.4651)
(4.0175)
(1.3408)
A3(-9.4044)
(-4.0414)
(-3.2178)
A4(4.8602)
(8.8107)
(-1.8100)
G1(-2.5685)
(-0.7551)
(0.9727)
G2(-1.7193)
(-1.5607)
(-1.3585)
G3(0.3549)
(-1.0690)
(-0.9275)
G4(0.1080)
(-0.2070)
(-0.1995)
A1(-7.1419)
(1.0682)
(2.4285)
A2(-0.4980)
(5.7940)
(4.7357)
A3(-1.9728)
(-3.6392)
(-2.5714)
A4(1.0247)
(9.1554)
(-1.7573)
G1(-1.7453)
(-2.2099)
(1.9470)
G2(0.2975)
(1.0605)
(0.0138)
G3(0.4523)
(-0.7487)
(2.0774)
G4(0.4150)
(-0.5507)
(0.0021)
A1(-8.5981)
(4.5649)
(0.4982)
A2(0.4645)
(9.0884)
(4.1611)
A3(-12.1386)
(-1.9824)
(-3.0646)
A4(-0.4741)
(8.0349)
(-2.9832)
G1(-0.7375)
(-1.5059)
(1.9800)
G2(-0.1729)
(-1.1382)
(-0.1320)
G3(0.9796)
(1.0158)
(3.2757)
G4(0.1783)
(-1.5931)
(0.2139)
A1(-8.4065)
(4.5410)
(0.7185)
A2(2.8252)
(9.2320)
(2.6432)
A3(-9.4284)
(-1.8483)
(-5.5593)
A4(0.3400)
(9.2177)
(-4.1659)
G1(0.3070)
(-1.5160)
(1.8416)
G2(-0.0149)
(-0.3411)
(-0.3214)
G3(0.1405)
(1.9177)
(2.0758)
G4(0.2677)
(-0.7944)
(-0.0372)
A1(-8.2053)
(6.1504)
(3.2908)
A2(0.7709)
(8.5665)
(2.9353)
A3(-11.1857)
(-0.3591)
(-5.2960)
A4(1.1253)
(8.9352)
(-3.7924)
G1(0.3868)
(-1.6426)
(2.1066)
G2(0.1224)
(-1.3920)
(-0.3789)
G3(-0.1463)
(1.9582)
(2.0630)
G4(0.1905)
(-1.0914)
(0.0298)
A1(-6.5959)
(7.1994)
(5.3936)
A2(-0.0718)
(9.3374)
(2.3415)
A3(-9.3374)
(1.0870)
(-6.4404)
A4(-0.0383)
(9.0118)
(-4.5442)
G1(0.3124)
(-1.1275)
(1.8454)
G2(0.2464)
(-0.6588)
(-0.3815)
G3(-0.7572)
(2.0007)
(1.7469)
G4(0.0968)
(-0.8413)
(-0.0819)
A1(-5.7193)
(8.1958)
(3.4345)
A2(3.6296)
(10.2999)
(2.2027)
A3(-6.1052)
(3.7302)
(-8.2600)
A4(-0.1676)
(8.9016)
(-5.3486)
G1(0.9041)
(-1.0983)
(0.8716)
G2(0.1101)
(-0.7556)
(-0.1724)
G3(-1.2345)
(1.1898)
(1.1031)
G4(-0.1756)
(-0.6391)
(-0.0436)
A1(-9.8627)
(12.1284)
(9.7621)
A2(-0.2155)
(9.0501)
(1.0822)
A3(-5.6360)
(5.7509)
(-7.0773)
A4(-0.1053)
(8.9495)
(-4.5011)
G1(1.3729)
(-0.6518)
(1.4271)
G2(-0.0069)
(-0.9088)
(-0.3586)
G3(-1.4952)
(1.5985)
(0.9158)
G4(-0.2256)
(-0.4560)
(0.0101)
A1(-6.2414)
(7.6593)
(5.0008)
A2(0.9002)
(9.7205)
(0.5315)
A3(-4.5681)
(7.7476)
(-6.5027)
A4(-0.0718)
(9.4619)
(-3.2896)
G1(0.9035)
(-0.1421)
(0.7242)
G2(0.3001)
(-1.0041)
(-0.3214)
G3(-1.6421)
(0.5768)
(1.4697)
G4(-0.0255)
(0.0372)
(-0.1139)
A1(-4.0572)
(9.2448)
(3.3339)
A2(-1.1779)
(9.7588)
(1.5850)
A3(-4.5538)
(8.0732)
(-4.6064)
A4(-0.4453)
(9.7109)
(-3.5051)
G1(0.6066)
(-0.7854)
(0.7492)
G2(0.3171)
(-0.9232)
(-0.1873)
G3(-0.9461)
(0.8540)
(0.3826)
G4(0.0591)
(0.0585)
(0.0463)
A1(-5.1493)
(8.2772)
(2.8932)
A2(-0.8045)
(9.0261)
(2.1069)
A3(-2.8730)
(9.4427)
(-5.0661)
A4(0.2729)
(9.0788)
(-3.6009)
G1(0.7928)
(-0.4879)
(0.3150)
G2(0.0468)
(0.0681)
(-0.2501)
G3(-0.7790)
(0.2799)
(0.3799)
G4(0.1378)
(-0.0053)
(0.0208)
A1(-2.7639)
(9.0196)
(2.4477)
A2(0.2729)
(9.8354)
(1.3216)
A3(-3.8595)
(10.0461)
(-4.3335)
A4(0.2777)
(9.5098)
(-3.6248)
G1(1.1126)
(0.1032)
(0.4459)
G2(0.3097)
(-0.4161)
(-0.1309)
G3(-0.3331)
(0.6513)
(0.0777)
G4(0.1357)
(-0.0325)
(0.0766)
