A1(2.6202)
(10.5429)
(1.8154)
A2(1.7765)
(9.3948)
(0.3208)
A3(0.5842)
(9.9264)
(-0.4597)
A4(1.0965)
(9.8114)
(-2.6097)
G1(-1.0211)
(0.8503)
(0.0495)
G2(0.0420)
(0.7849)
(-0.0202)
G3(0.6311)
(0.2708)
(0.0335)
G4(-0.1266)
(-0.2879)
(-0.0133)
A1(-1.7532)
(10.4135)
(-1.8921)
A2(3.5386)
(9.3853)
(-0.5507)
A3(2.2218)
(8.1259)
(-4.9656)
A4(4.2617)
(13.5320)
(2.1213)
G1(-0.7263)
(0.0681)
(-0.1788)
G2(0.1469)
(-0.0420)
(0.2171)
G3(0.6556)
(-0.2847)
(0.2980)
G4(1.1009)
(0.6651)
(-0.5513)
A1(-1.1783)
(12.9044)
(-1.4514)
A2(3.6152)
(9.1219)
(-0.7805)
A3(2.0877)
(6.9623)
(-5.6886)
A4(11.7938)
(19.5175)
(-5.3103)
G1(-0.1985)
(0.3166)
(-0.0952)
G2(0.4284)
(-0.1485)
(0.2692)
G3(0.5369)
(0.2059)
(0.0181)
G4(1.5878)
(1.9598)
(-1.6639)
A1(5.3553)
(10.6626)
(3.2572)
A2(3.4141)
(6.6415)
(4.5059)
A3(2.1596)
(6.5457)
(-7.1970)
A4(0.8954)
(24.1910)
(-14.5807)
G1(-0.3906)
(-1.8182)
(-1.5516)
G2(-2.5893)
(1.0504)
(0.0665)
G3(-0.2325)
(0.2868)
(-0.1799)
G4(3.2076)
(0.2107)
(3.2352)
A1(-4.0332)
(8.3395)
(0.1485)
A2(10.1754)
(8.5473)
(10.3765)
A3(6.0190)
(7.6136)
(-3.9744)
A4(4.0797)
(-1.1636)
(-11.2911)
G1(-1.4963)
(-3.1017)
(-0.5619)
G2(-4.7236)
(-1.7985)
(2.3658)
G3(-0.3251)
(-1.5304)
(0.2687)
G4(3.1560)
(2.2742)
(6.1651)
A1(4.6942)
(4.4116)
(12.0422)
A2(13.1777)
(8.9639)
(7.3215)
A3(0.8859)
(8.6622)
(-6.1531)
A4(1.7909)
(-6.9767)
(-1.8244)
G1(-0.0883)
(-0.5369)
(-0.0825)
G2(-4.2840)
(-3.5252)
(2.2349)
G3(-1.0935)
(-2.9974)
(0.5220)
G4(2.2147)
(5.1030)
(5.4446)
A1(-3.5015)
(9.3454)
(9.4603)
A2(9.7588)
(7.2161)
(4.6687)
A3(7.0581)
(6.4069)
(-3.8690)
A4(-0.1676)
(-9.5481)
(0.2873)
G1(0.5050)
(-0.5199)
(-0.4209)
G2(-3.5311)
(-4.0653)
(2.0912)
G3(-1.3207)
(-2.2333)
(0.6875)
G4(0.0005)
(4.3309)
(5.0178)
A1(-7.7120)
(5.1685)
(2.0022)
A2(1.6520)
(5.1475)
(1.6616)
A3(-0.4214)
(10.7069)
(-0.6225)
A4(-5.4540)
(-4.7932)
(-4.9608)
G1(0.3235)
(-0.1086)
(-0.1282)
G2(0.5699)
(-4.5176)
(2.1582)
G3(-1.1531)
(-1.1291)
(0.0686)
G4(-3.7748)
(-0.8115)
(1.6820)
A1(0.1389)
(9.1107)
(4.5793)
A2(9.1794)
(0.4645)
(-3.4237)
A3(-10.3573)
(11.1378)
(-0.6321)
A4(40.7972)
(27.8446)
(-25.6323)
G1(-0.0016)
(-0.7407)
(-0.4214)
G2(4.4112)
(-2.6893)
(0.7338)
G3(-0.3012)
(0.9067)
(-0.8546)
G4(-0.1671)
(-1.8565)
(5.1003)
A1(-4.7182)
(9.8962)
(2.8549)
A2(-5.9568)
(10.7452)
(22.2757)
A3(1.0630)
(10.8409)
(2.6528)
A4(8.3031)
(0.0718)
(4.3862)
G1(0.3656)
(1.1430)
(0.6103)
G2(-4.1180)
(-6.2497)
(-0.2873)
G3(0.1128)
(-0.9786)
(0.3938)
G4(-0.2293)
(1.8283)
(-2.6909)
A1(-1.3316)
(8.9717)
(1.9735)
A2(5.5019)
(-6.2824)
(6.5218)
A3(0.9912)
(8.3701)
(-0.9194)
A4(-0.3112)
(3.8068)
(-3.7924)
G1(0.4081)
(2.0646)
(0.5869)
G2(-2.6260)
(9.9723)
(-4.0084)
G3(0.8099)
(2.1801)
(-0.3597)
G4(-0.5252)
(-0.3267)
(-3.1469)
A1(-0.4119)
(9.4747)
(3.8177)
A2(-2.5618)
(-2.3559)
(6.0382)
A3(-0.7039)
(9.5146)
(-2.2745)
A4(6.2776)
(-5.7940)
(-5.9041)
G1(0.1399)
(1.1893)
(0.2139)
G2(-0.7263)
(-4.4676)
(-0.3070)
G3(0.5651)
(2.3056)
(-0.4145)
G4(0.0665)
(-3.6535)
(-5.4297)
A1(1.2550)
(10.4614)
(1.8394)
A2(18.2534)
(6.0573)
(0.3448)
A3(1.4892)
(8.9878)
(-2.4660)
A4(1.7478)
(1.9537)
(-7.0485)
G1(0.4145)
(0.9679)
(0.3453)
G2(-1.2153)
(5.7692)
(-1.9763)
G3(0.5976)
(1.5687)
(-0.1751)
G4(-1.5878)
(-3.1022)
(-4.9513)
A1(-2.4333)
(9.5897)
(0.7329)
A2(6.8761)
(6.0047)
(0.5842)
A3(3.3758)
(8.1738)
(-4.2617)
A4(2.8922)
(8.8825)
(-11.0373)
G1(0.4491)
(0.9945)
(0.0777)
G2(0.7035)
(2.4216)
(-1.7773)
G3(0.4752)
(0.4544)
(-0.0490)
G4(-1.8124)
(-1.3510)
(-0.9360)
A1(-1.6286)
(8.9574)
(0.5700)
A2(7.4651)
(7.4508)
(6.3255)
A3(2.4612)
(8.4420)
(-4.4388)
A4(4.5969)
(14.7387)
(-9.9407)
G1(0.3475)
(1.4048)
(-0.2097)
G2(2.6052)
(3.2214)
(-2.7271)
G3(0.3645)
(0.4017)
(-0.1458)
G4(-1.7038)
(-2.3519)
(0.1868)
A1(-0.8430)
(10.5477)
(0.1916)
A2(10.0269)
(7.8434)
(3.1077)
A3(0.3639)
(8.8155)
(-3.9792)
A4(3.4907)
(17.3915)
(-7.5609)
G1(-0.1868)
(0.5263)
(0.0915)
G2(2.6265)
(0.8322)
(-3.1799)
G3(0.2528)
(0.7050)
(-0.2198)
G4(-0.7583)
(-0.6492)
(-0.0330)
A1(-0.3018)
(8.5981)
(-0.7520)
A2(3.2226)
(10.7308)
(2.3798)
A3(3.0167)
(7.4508)
(-5.9711)
A4(3.9361)
(10.6925)
(-5.0566)
G1(0.3081)
(0.4401)
(-0.6066)
G2(2.3184)
(0.5912)
(-2.0093)
G3(0.2118)
(0.4331)
(-0.1666)
G4(-1.3308)
(1.2153)
(0.2006)
A1(-0.5556)
(9.5944)
(-0.0431)
A2(2.8395)
(10.1131)
(0.2873)
A3(2.2170)
(8.9591)
(-4.5825)
A4(1.6903)
(11.6885)
(2.4134)
G1(-0.1070)
(0.6577)
(0.0271)
G2(1.0637)
(1.8805)
(-0.7897)
G3(-0.0372)
(-0.0053)
(-0.0404)
G4(-0.3347)
(-0.5827)
(-0.1437)
A1(-1.7532)
(10.1645)
(1.0634)
A2(6.8857)
(11.2336)
(-1.6041)
A3(1.7382)
(8.5234)
(-4.6974)
A4(-1.7382)
(9.8354)
(-4.2042)
G1(-0.2049)
(0.0889)
(-0.0686)
G2(1.6911)
(1.8400)
(0.2075)
G3(-0.0341)
(0.1830)
(-0.2230)
G4(-0.1586)
(-0.1878)
(-0.1756)
A1(-2.0597)
(8.9238)
(1.2789)
A2(-0.2586)
(8.7628)
(0.9625)
A3(0.4932)
(8.2265)
(-5.1188)
A4(-0.9960)
(8.8394)
(-4.8411)
G1(0.5305)
(0.4012)
(-0.2309)
G2(-0.2432)
(-1.2042)
(-0.1554)
G3(0.0005)
(0.1437)
(-0.5901)
G4(-0.2112)
(0.1250)
(-0.1352)
