A1(0.5365)
(8.5263)
(-0.8526)
A2(1.6903)
(9.5002)
(-1.1157)
A3(1.3982)
(8.8633)
(-3.4524)
A4(0.6847)
(9.5624)
(-2.1500)
G1(-0.4656)
(0.7705)
(0.0910)
G2(-0.0484)
(0.1926)
(0.1389)
G3(0.2373)
(0.2293)
(0.0639)
G4(-0.0793)
(0.1043)
(-0.0154)
A1(0.8909)
(8.7466)
(-0.4311)
A2(3.1173)
(8.8538)
(0.5124)
A3(1.0582)
(9.5816)
(-1.4605)
A4(4.9033)
(12.1242)
(0.9673)
G1(-1.0962)
(-0.3006)
(0.0878)
G2(0.2033)
(0.2490)
(0.2341)
G3(0.2916)
(0.1149)
(0.1203)
G4(0.6987)
(0.3735)
(-0.3927)
A1(-0.4503)
(15.6682)
(0.5173)
A2(3.2082)
(8.0014)
(1.8340)
A3(1.8196)
(9.1650)
(-2.4229)
A4(11.5688)
(23.7313)
(-2.2362)
G1(-0.1288)
(-1.5570)
(0.0777)
G2(-0.4752)
(-0.1325)
(0.1176)
G3(0.6944)
(-0.1969)
(0.1628)
G4(1.8805)
(1.2893)
(-0.3225)
A1(4.3015)
(13.3115)
(5.4654)
A2(12.3445)
(13.1442)
(6.3590)
A3(-1.8004)
(8.8825)
(-3.1699)
A4(0.5650)
(8.3318)
(-13.3309)
G1(-0.7295)
(-0.8450)
(-0.2277)
G2(-2.5776)
(0.5060)
(0.8008)
G3(-0.2246)
(-0.3347)
(0.0378)
G4(3.6035)
(1.0440)
(1.7320)
A1(2.0453)
(8.1910)
(2.1699)
A2(9.1363)
(5.2912)
(9.6247)
A3(8.5329)
(8.4467)
(-2.7773)
A4(4.4915)
(3.0311)
(-13.0771)
G1(0.5342)
(-2.6052)
(-0.4991)
G2(-5.1258)
(-1.4755)
(1.9624)
G3(-0.2613)
(-0.4166)
(-0.0713)
G4(2.5951)
(2.6265)
(4.0707)
A1(-1.3939)
(8.7179)
(2.9986)
A2(13.3644)
(8.6048)
(7.6902)
A3(3.2274)
(8.9543)
(-3.3710)
A4(5.5737)
(-2.9880)
(-5.4588)
G1(-0.3586)
(-0.2490)
(-1.0291)
G2(-4.4415)
(-2.7446)
(2.2019)
G3(-0.6018)
(-1.5389)
(0.0899)
G4(1.3888)
(4.5011)
(4.7087)
A1(-0.6706)
(8.0473)
(4.2248)
A2(8.3606)
(5.9233)
(3.6536)
A3(0.8954)
(7.9727)
(-3.5386)
A4(0.1101)
(-5.2720)
(-2.5522)
G1(0.8147)
(-0.6864)
(-0.0197)
G2(-1.5900)
(-4.0813)
(2.6159)
G3(-0.8514)
(-1.2994)
(-0.2980)
G4(1.0823)
(2.6622)
(4.8795)
A1(-14.6767)
(4.7900)
(-3.0321)
A2(3.6631)
(2.5618)
(-1.4557)
A3(-3.3854)
(11.0133)
(2.9736)
A4(0.6656)
(6.1244)
(15.0452)
G1(-0.3161)
(0.3076)
(0.2996)
G2(2.1045)
(-2.8803)
(2.7244)
G3(-0.9280)
(-1.9396)
(0.0005)
G4(-1.0296)
(-1.1206)
(0.3916)
A1(-1.1065)
(8.6891)
(4.0093)
A2(0.9385)
(2.4804)
(-2.1835)
A3(-11.5927)
(12.0907)
(-6.9576)
A4(18.1097)
(10.0892)
(-13.6278)
G1(0.4417)
(-0.1963)
(-0.0133)
G2(3.8142)
(-1.8938)
(0.4651)
G3(0.3432)
(1.5628)
(-0.3810)
G4(0.4975)
(-0.4778)
(1.1967)
A1(-0.6467)
(7.5108)
(1.8777)
A2(-3.4333)
(0.4645)
(14.3987)
A3(-2.0111)
(11.6693)
(3.4860)
A4(1.1684)
(1.6424)
(-0.9385)
G1(0.0186)
(0.5486)
(0.4049)
G2(-3.6992)
(0.8131)
(-1.0360)
G3(-0.2150)
(0.2416)
(0.1059)
G4(-1.0690)
(-0.6226)
(-3.3640)
A1(-2.6154)
(10.5908)
(2.4094)
A2(24.1719)
(1.2881)
(-20.4992)
A3(-1.5897)
(9.5912)
(0.3400)
A4(5.2529)
(0.1676)
(-5.4779)
G1(0.2538)
(1.5383)
(0.4986)
G2(0.3858)
(3.2837)
(-0.3911)
G3(0.5130)
(1.6543)
(-0.0463)
G4(0.9376)
(-1.3776)
(-2.6771)
A1(2.8932)
(10.7297)
(1.3221)
A2(-2.8012)
(-2.7246)
(6.2776)
A3(-0.4884)
(8.6862)
(-3.9840)
A4(5.9951)
(-2.1069)
(-8.3941)
G1(0.4033)
(1.4958)
(0.3826)
G2(-2.0705)
(2.5552)
(-1.5915)
G3(0.6689)
(2.3509)
(-0.0708)
G4(-0.6497)
(-2.7319)
(-3.7200)
A1(-0.9580)
(8.8280)
(-0.1820)
A2(14.2024)
(4.6208)
(-2.4852)
A3(1.8627)
(8.8777)
(-2.6576)
A4(3.0502)
(8.1690)
(-9.2895)
G1(0.2405)
(1.2723)
(0.2144)
G2(-0.6550)
(1.5937)
(-2.7819)
G3(0.0037)
(0.9562)
(0.0575)
G4(-1.7985)
(-1.4963)
(-3.9648)
A1(-0.6706)
(9.3549)
(-0.2251)
A2(7.8482)
(5.2002)
(2.5426)
A3(1.4557)
(9.2895)
(-2.3846)
A4(4.5777)
(9.0118)
(-9.5241)
G1(0.2740)
(1.0004)
(-0.1932)
G2(0.5704)
(2.6834)
(-2.4600)
G3(0.0772)
(1.0898)
(-0.0521)
G4(-1.2733)
(-1.0339)
(-2.1306)
A1(-0.6658)
(10.6004)
(-1.5232)
A2(10.6111)
(8.9112)
(4.8315)
A3(2.8635)
(8.7963)
(-2.6528)
A4(3.4955)
(12.2583)
(-6.7373)
G1(0.3113)
(0.3092)
(-0.2160)
G2(1.3409)
(1.9475)
(-2.3706)
G3(-0.0090)
(0.6258)
(-0.0165)
G4(-1.0866)
(-0.5954)
(-0.5933)
A1(-0.5269)
(9.4986)
(-0.9197)
A2(6.1387)
(8.8729)
(5.4396)
A3(2.1644)
(8.7245)
(-2.5187)
A4(2.7054)
(9.2799)
(-2.8970)
G1(0.2485)
(0.4390)
(0.0670)
G2(1.4112)
(0.9057)
(-2.0556)
G3(0.0777)
(0.2889)
(-0.0889)
G4(-0.6380)
(-0.7013)
(0.0995)
A1(-1.0394)
(10.1309)
(-0.7616)
A2(4.9225)
(8.4659)
(3.7350)
A3(2.3846)
(8.8969)
(-3.1268)
A4(2.0686)
(11.0277)
(-3.0598)
G1(0.7285)
(0.4970)
(-0.1591)
G2(1.8214)
(1.4670)
(-1.6378)
G3(0.0580)
(0.4108)
(-0.2155)
G4(-1.1824)
(-0.2160)
(-0.2522)
A1(-0.4598)
(9.6902)
(-1.5041)
A2(3.2274)
(8.1403)
(2.0686)
A3(2.7869)
(9.1171)
(-1.6520)
A4(-1.7765)
(11.7316)
(-5.0853)
G1(0.4720)
(0.5172)
(0.0724)
G2(1.1871)
(0.6864)
(-0.8924)
G3(-0.1532)
(0.3395)
(-0.3065)
G4(-0.8147)
(-0.2911)
(0.2363)
A1(-1.3987)
(8.1287)
(-0.3401)
A2(2.7725)
(9.8450)
(0.2682)
A3(1.3791)
(10.1466)
(0.3831)
A4(0.9768)
(10.9798)
(1.8292)
G1(-0.5279)
(0.2160)
(-0.0851)
G2(0.8908)
(1.7368)
(-0.5305)
G3(0.1873)
(0.0484)
(-0.2549)
G4(-0.2123)
(-0.9339)
(-0.0506)
A1(-2.6010)
(9.5897)
(-0.3640)
A2(3.2417)
(8.1116)
(-0.3735)
A3(0.7422)
(9.2943)
(-2.6911)
A4(-0.6416)
(9.4858)
(-3.2417)
G1(0.4672)
(0.5672)
(-0.0463)
G2(1.2255)
(0.4810)
(-0.2841)
G3(0.4374)
(-0.0506)
(-0.2155)
G4(-0.0330)
(-0.2650)
(-0.2788)
