A1(-5.2547)
(12.0326)
(4.5314)
A2(-0.7326)
(7.3502)
(0.4788)
A3(-8.8155)
(14.3030)
(-0.1724)
A4(-0.2538)
(9.7013)
(-3.8451)
G1(-3.0479)
(1.5900)
(-0.9041)
G2(-1.6027)
(0.5805)
(0.3225)
G3(0.9211)
(0.5800)
(-0.1410)
G4(0.0442)
(0.8391)
(-0.5199)
A1(-10.2411)
(11.5871)
(5.0248)
A2(-0.1867)
(13.7331)
(-2.1069)
A3(-5.3917)
(20.6237)
(-6.8714)
A4(-1.8340)
(10.0269)
(-5.1380)
G1(-2.1311)
(4.0004)
(-2.2876)
G2(-0.6194)
(2.2578)
(0.7338)
G3(1.9082)
(0.5300)
(-1.9608)
G4(-0.2762)
(0.7407)
(-0.0803)
A1(-18.5039)
(7.9515)
(1.7723)
A2(0.5890)
(13.0292)
(5.1715)
A3(-9.7109)
(-4.8842)
(-11.1474)
A4(0.2969)
(8.8777)
(-5.9376)
G1(2.1141)
(2.5180)
(-3.3667)
G2(-0.4065)
(-0.1618)
(1.0632)
G3(5.4148)
(-1.8044)
(-5.7654)
G4(-0.3932)
(1.2622)
(-0.2421)
A1(-0.3161)
(8.0329)
(-2.9076)
A2(-1.5658)
(10.0556)
(4.2713)
A3(-8.4036)
(-10.2041)
(-5.0709)
A4(-1.8340)
(8.5760)
(-0.9194)
G1(6.0118)
(-2.0295)
(-2.0715)
G2(-0.3134)
(3.4816)
(0.5550)
G3(2.6632)
(-4.6645)
(-3.8940)
G4(-1.0850)
(1.5213)
(0.1107)
A1(4.5793)
(0.6419)
(15.0551)
A2(-1.7190)
(13.7236)
(7.0677)
A3(-9.0932)
(-7.5369)
(-10.7356)
A4(-0.3065)
(5.0853)
(-3.1651)
G1(0.5561)
(1.1233)
(0.1165)
G2(1.1212)
(0.5651)
(1.0440)
G3(-1.0254)
(-0.5938)
(-4.0063)
G4(-0.7790)
(0.5518)
(0.2895)
A1(-20.9037)
(2.3471)
(-3.2045)
A2(-3.9648)
(8.1307)
(2.2362)
A3(-11.9614)
(22.6922)
(-0.4405)
A4(1.9728)
(10.4148)
(1.2929)
G1(-2.2237)
(2.0508)
(0.7849)
G2(-0.4087)
(-1.2904)
(-0.7146)
G3(0.3852)
(-2.7420)
(2.0678)
G4(0.2570)
(1.7107)
(-0.4406)
A1(-1.1161)
(-0.1772)
(5.9349)
A2(11.4203)
(10.8888)
(6.0908)
A3(-4.6112)
(-2.2170)
(-1.8244)
A4(2.7150)
(7.4364)
(-3.8259)
G1(-2.7707)
(-2.4355)
(1.6570)
G2(-0.0309)
(-0.3108)
(-0.4672)
G3(0.0314)
(-0.1139)
(1.2813)
G4(-0.0979)
(-1.8800)
(0.1788)
A1(-15.9269)
(5.9828)
(-2.5675)
A2(5.2098)
(10.6159)
(1.7190)
A3(-8.0637)
(-3.5626)
(-3.5243)
A4(0.1484)
(9.9120)
(-1.1013)
G1(-0.6183)
(-0.9190)
(2.2162)
G2(-0.2421)
(1.6751)
(-0.2107)
G3(0.5300)
(-0.4076)
(2.9027)
G4(0.2379)
(-0.6492)
(0.0745)
A1(-6.2462)
(6.0833)
(3.1758)
A2(0.7230)
(12.0524)
(3.0550)
A3(-8.8538)
(-6.3063)
(-6.2297)
A4(-1.9154)
(9.5577)
(-4.4436)
G1(-0.6939)
(0.6721)
(1.0882)
G2(-0.1458)
(-0.8562)
(0.1948)
G3(-0.8429)
(2.5823)
(2.2232)
G4(0.1729)
(-0.2650)
(-0.0670)
A1(-9.1059)
(6.3851)
(3.8033)
A2(6.5314)
(10.9990)
(1.9249)
A3(-9.6055)
(-1.9106)
(-5.1858)
A4(0.3304)
(9.2751)
(-3.7733)
G1(0.0681)
(-1.5559)
(1.4298)
G2(0.0623)
(-0.6002)
(-0.1229)
G3(-1.4170)
(2.3663)
(1.8108)
G4(-0.0910)
(0.1250)
(-0.1086)
A1(-7.3431)
(7.6641)
(2.1651)
A2(0.6464)
(8.8059)
(1.4222)
A3(-7.4364)
(2.3320)
(-7.6806)
A4(1.1636)
(8.8250)
(-4.3958)
G1(0.4943)
(-0.5683)
(1.2143)
G2(0.5683)
(-0.2602)
(-0.1224)
G3(-1.7618)
(1.2659)
(1.2792)
G4(0.0803)
(0.0500)
(-0.1075)
A1(-4.5457)
(6.6486)
(1.1304)
A2(1.1109)
(8.9016)
(0.7566)
A3(-3.6679)
(4.4245)
(-8.1977)
A4(1.2306)
(9.4571)
(-3.0167)
G1(2.0167)
(-0.1389)
(1.1685)
G2(-0.1618)
(-0.1958)
(-0.3400)
G3(-1.6501)
(1.3899)
(0.7003)
G4(-0.3778)
(-1.4378)
(0.2054)
A1(-3.0944)
(8.9765)
(1.9495)
A2(-1.3551)
(10.6686)
(2.7246)
A3(-2.5187)
(5.6647)
(-7.3646)
A4(-0.7374)
(9.3278)
(-3.8403)
G1(1.6618)
(-0.8258)
(0.9445)
G2(0.1517)
(0.3288)
(-0.2128)
G3(-2.2423)
(0.6625)
(1.0844)
G4(-0.0074)
(-0.7806)
(0.1724)
A1(-2.2034)
(5.5325)
(1.5951)
A2(3.3998)
(10.1131)
(1.4509)
A3(-2.3703)
(10.0317)
(-3.8834)
A4(0.3926)
(9.3613)
(-3.8642)
G1(1.0860)
(-1.3963)
(0.5108)
G2(0.1937)
(-1.3947)
(0.0814)
G3(-1.9326)
(0.7513)
(0.5837)
G4(0.1330)
(-0.7391)
(0.0772)
A1(-3.8033)
(9.3885)
(2.1459)
A2(1.6999)
(9.8402)
(0.8188)
A3(-4.1659)
(9.4332)
(-2.2889)
A4(0.6752)
(8.5665)
(-4.9129)
G1(-0.4693)
(-0.8301)
(0.3741)
G2(0.1820)
(-0.0639)
(-0.0910)
G3(-1.7836)
(-0.3656)
(0.3065)
G4(-0.0883)
(-0.5433)
(0.0208)
A1(-3.9566)
(9.7621)
(1.6142)
A2(-0.3352)
(9.5720)
(-1.0008)
A3(-5.0087)
(8.7724)
(-3.5721)
A4(-0.1724)
(9.3326)
(-4.0558)
G1(-0.0011)
(-0.6061)
(-0.0910)
G2(-0.2033)
(-1.1015)
(-0.2645)
G3(-0.0958)
(-0.4965)
(-0.0564)
G4(-0.2384)
(0.0213)
(-0.0303)
A1(-2.7112)
(9.8004)
(0.0671)
A2(-1.7909)
(10.0604)
(1.0056)
A3(-2.3176)
(9.7157)
(-2.7438)
A4(0.5028)
(9.4284)
(-2.8060)
G1(0.3762)
(0.1016)
(0.2884)
G2(0.3171)
(-0.3884)
(-0.2272)
G3(-0.0053)
(0.0543)
(-0.1591)
G4(-0.2873)
(-0.3544)
(0.0372)
A1(-2.9890)
(8.8041)
(1.3795)
A2(0.1532)
(9.2512)
(0.1676)
A3(-4.2473)
(10.0700)
(-2.5283)
A4(0.3687)
(9.4810)
(-2.9880)
G1(0.0851)
(0.2698)
(0.2006)
G2(0.4874)
(0.0889)
(-0.1160)
G3(-0.0623)
(0.3512)
(0.0474)
G4(-0.0564)
(0.0718)
(0.0282)
A1(-2.8932)
(9.2927)
(0.4694)
A2(0.0958)
(9.5385)
(0.1580)
A3(-1.7478)
(9.1411)
(-2.7629)
A4(0.0766)
(9.3134)
(-3.7733)
G1(0.1511)
(0.1532)
(0.1373)
G2(0.1240)
(-0.1437)
(-0.0255)
G3(0.0607)
(0.1187)
(0.0090)
G4(-0.0213)
(0.1048)
(0.0346)
A1(-2.5339)
(9.8962)
(0.6275)
A2(0.1580)
(9.6534)
(-0.4070)
A3(-1.8244)
(8.7724)
(-3.7924)
A4(0.5219)
(9.3709)
(-3.4572)
G1(0.3677)
(0.0660)
(0.0298)
G2(0.0527)
(0.1873)
(0.0559)
G3(0.0851)
(0.3054)
(-0.0170)
G4(-0.0772)
(0.0819)
(0.0367)
