A1(-1.0634)
(10.6004)
(5.9205)
A2(1.9297)
(9.4858)
(-0.5650)
A3(2.0494)
(9.3422)
(-1.8914)
A4(0.9050)
(9.2608)
(-3.7206)
G1(-1.4372)
(0.4917)
(0.4677)
G2(-0.0383)
(0.5055)
(0.0202)
G3(0.2634)
(0.1112)
(-0.0101)
G4(-0.1878)
(-0.0298)
(0.0271)
A1(0.2156)
(9.6232)
(-0.6419)
A2(3.6488)
(8.9830)
(-0.2777)
A3(1.7765)
(9.1075)
(-2.4421)
A4(1.1061)
(10.0844)
(-1.6376)
G1(-1.0350)
(-0.6135)
(0.1852)
G2(0.0835)
(0.1187)
(0.1075)
G3(0.3879)
(-0.2214)
(0.0984)
G4(0.0261)
(0.1501)
(-0.1139)
A1(-0.7856)
(9.1394)
(1.1352)
A2(3.0885)
(8.4276)
(-0.2059)
A3(2.7869)
(8.7867)
(-3.3423)
A4(3.5721)
(11.7938)
(-2.1691)
G1(-0.7599)
(-0.3884)
(-0.2448)
G2(0.0511)
(0.0399)
(0.1091)
G3(0.5247)
(0.1979)
(0.0756)
G4(0.7806)
(-0.0255)
(-0.1809)
A1(-0.7616)
(11.5536)
(0.5796)
A2(4.5921)
(8.0110)
(1.5658)
A3(2.7342)
(8.1355)
(-5.2098)
A4(9.8114)
(21.2701)
(-3.2226)
G1(-0.2751)
(-1.8810)
(-0.0548)
G2(-0.7913)
(-0.6795)
(0.1320)
G3(0.2192)
(-0.2442)
(0.0702)
G4(1.4830)
(0.7343)
(-0.6263)
A1(6.6725)
(13.9725)
(5.4750)
A2(6.8761)
(11.9519)
(3.1364)
A3(1.4461)
(8.4084)
(-4.3096)
A4(1.8483)
(13.1537)
(-15.3037)
G1(0.0490)
(0.5326)
(-1.0632)
G2(-2.6563)
(-1.4202)
(0.6923)
G3(-0.4305)
(-0.5417)
(0.1256)
G4(2.6164)
(0.5619)
(0.9131)
A1(-2.4908)
(9.6998)
(0.6754)
A2(5.5833)
(12.4642)
(9.9551)
A3(4.2713)
(8.8298)
(-3.4237)
A4(3.0550)
(-1.0247)
(-9.3134)
G1(0.6098)
(-3.3135)
(-0.8237)
G2(-3.9142)
(0.1607)
(2.9958)
G3(-0.5486)
(-0.6886)
(-0.3076)
G4(3.0400)
(2.6004)
(5.7979)
A1(-1.6142)
(8.7514)
(2.1411)
A2(9.2847)
(3.4141)
(7.0677)
A3(1.0199)
(8.0780)
(-0.4453)
A4(3.9792)
(-8.6287)
(-2.2314)
G1(0.1203)
(-1.1871)
(-0.2778)
G2(-4.2973)
(-3.6567)
(2.2498)
G3(-1.1754)
(-1.8533)
(-0.1756)
G4(1.8102)
(5.3855)
(4.7076)
A1(-4.4068)
(6.5624)
(5.6187)
A2(5.0135)
(5.7557)
(3.4285)
A3(0.5507)
(9.4906)
(-1.3503)
A4(-0.9002)
(-6.3925)
(-6.9959)
G1(0.0090)
(-0.5066)
(0.0154)
G2(-1.0807)
(-4.5996)
(2.0832)
G3(-0.9003)
(-1.9348)
(-0.1554)
G4(-0.5199)
(-0.1383)
(4.7970)
A1(-13.5941)
(10.9740)
(2.9794)
A2(5.7174)
(0.5124)
(-1.0822)
A3(-4.4245)
(10.6829)
(2.0494)
A4(18.7993)
(54.9757)
(-7.9487)
G1(-0.7620)
(1.9683)
(-0.0074)
G2(3.3794)
(-2.7904)
(1.2670)
G3(-0.3826)
(-0.5358)
(-0.2666)
G4(-0.2150)
(0.7556)
(-3.1304)
A1(-6.6677)
(8.6364)
(5.0200)
A2(2.4181)
(-0.6895)
(-4.0989)
A3(-3.3710)
(6.6511)
(-9.7205)
A4(7.2640)
(-9.5864)
(0.0814)
G1(0.1862)
(-0.0729)
(0.4720)
G2(3.4646)
(1.0589)
(-0.0303)
G3(0.6848)
(2.5589)
(-0.3948)
G4(-0.1761)
(2.1439)
(-1.8140)
A1(0.3066)
(9.2017)
(3.3866)
A2(1.8962)
(-10.8793)
(-9.9455)
A3(-1.6759)
(10.8074)
(1.0056)
A4(7.2449)
(-1.9489)
(1.0582)
G1(0.4268)
(0.0958)
(0.4001)
G2(-0.1208)
(7.1872)
(-1.1887)
G3(0.2235)
(1.2435)
(0.0330)
G4(-0.3730)
(0.8551)
(-1.4814)
A1(-0.3114)
(9.1586)
(1.9831)
A2(8.1307)
(-2.3032)
(3.4237)
A3(0.2059)
(9.3661)
(-1.9489)
A4(9.9838)
(-2.8539)
(-3.6152)
G1(0.1559)
(0.8711)
(-0.0410)
G2(-0.7928)
(-1.8597)
(-0.0968)
G3(0.2001)
(0.4699)
(0.1309)
G4(1.3643)
(-2.1694)
(-0.7125)
A1(-0.3497)
(10.3130)
(1.7244)
A2(4.3096)
(0.1724)
(0.2298)
A3(2.4948)
(8.6718)
(-2.5714)
A4(10.6686)
(-1.4222)
(-6.2632)
G1(0.4103)
(0.0298)
(0.4720)
G2(-0.4581)
(0.6337)
(-1.2952)
G3(0.3682)
(0.6348)
(0.2081)
G4(0.0830)
(-2.2226)
(-1.5038)
A1(0.0862)
(9.2160)
(2.5914)
A2(12.3972)
(2.9209)
(-3.0071)
A3(3.2513)
(8.3797)
(-4.2473)
A4(5.0518)
(-0.3591)
(-6.6080)
G1(0.2549)
(1.2574)
(0.2650)
G2(-0.2389)
(0.2277)
(-1.9002)
G3(0.2581)
(1.1605)
(-0.1394)
G4(-1.2994)
(-1.7980)
(-3.8509)
A1(3.4440)
(10.4614)
(2.2417)
A2(8.7963)
(3.0837)
(0.1245)
A3(-0.2969)
(9.3039)
(-3.2322)
A4(-1.1540)
(-0.4118)
(-11.5113)
G1(0.1213)
(-0.3996)
(0.1192)
G2(-0.3852)
(0.6609)
(-1.7187)
G3(0.1884)
(0.2240)
(0.1091)
G4(-1.0839)
(-1.0467)
(-2.2663)
A1(-2.2465)
(9.8675)
(0.5461)
A2(7.8099)
(4.7214)
(2.0830)
A3(3.8786)
(8.4036)
(-2.1021)
A4(4.6112)
(11.4108)
(-10.2951)
G1(0.2969)
(1.5777)
(-0.3783)
G2(0.3874)
(3.2225)
(-2.2141)
G3(0.4145)
(0.3964)
(-0.0085)
G4(-2.2913)
(-1.2957)
(-1.3606)
A1(-0.4790)
(9.7573)
(1.2933)
A2(8.9878)
(7.1395)
(2.6145)
A3(2.6480)
(8.3653)
(-4.1803)
A4(3.7541)
(10.8122)
(-6.1244)
G1(0.3863)
(0.4826)
(0.0101)
G2(1.5937)
(0.2155)
(-2.6611)
G3(0.1639)
(0.8695)
(-0.2112)
G4(-0.8551)
(-0.8961)
(-1.1557)
A1(-0.6371)
(9.9777)
(1.2885)
A2(3.4285)
(8.1547)
(4.5825)
A3(1.0870)
(8.9495)
(-3.5482)
A4(5.8610)
(10.2424)
(-5.2194)
G1(0.7109)
(0.3469)
(-0.3618)
G2(0.9445)
(-0.9222)
(-2.0380)
G3(-0.0686)
(0.3092)
(-0.1405)
G4(-1.0323)
(0.0415)
(-0.5087)
A1(-1.0634)
(10.2842)
(0.1006)
A2(2.7725)
(9.3996)
(3.8451)
A3(1.9010)
(9.5960)
(-1.8148)
A4(1.9968)
(10.0796)
(-3.8307)
G1(0.0889)
(0.6848)
(0.0261)
G2(1.0594)
(2.5893)
(-1.5623)
G3(0.1144)
(0.5763)
(-0.2277)
G4(-0.6880)
(0.2677)
(-0.3773)
A1(-0.7425)
(10.3225)
(0.1006)
A2(5.3678)
(9.7396)
(0.6321)
A3(1.9728)
(8.5377)
(-3.6679)
A4(0.2729)
(9.9216)
(-3.4333)
G1(0.3805)
(0.2341)
(-0.1756)
G2(1.3101)
(-0.3406)
(-0.6705)
G3(0.1868)
(0.1969)
(-0.1969)
G4(-0.3996)
(0.1681)
(-0.0772)
