A1(5.5229)
(10.2172)
(-3.0081)
A2(2.4373)
(9.2033)
(0.1724)
A3(0.0527)
(9.9695)
(-0.9290)
A4(9.3134)
(16.5727)
(-4.5298)
G1(-1.7166)
(-1.6213)
(-0.1495)
G2(-0.0213)
(0.1772)
(0.0889)
G3(0.5140)
(-0.0138)
(0.1548)
G4(1.0770)
(-0.3310)
(-0.4156)
A1(-5.8247)
(7.2665)
(2.5100)
A2(4.6735)
(6.3494)
(-0.7039)
A3(4.7262)
(8.0014)
(-7.5369)
A4(-1.2929)
(12.7180)
(-6.2920)
G1(-1.3739)
(-0.2203)
(0.3767)
G2(-1.5649)
(-0.9530)
(0.2198)
G3(0.1692)
(-0.8721)
(0.1171)
G4(1.0680)
(0.5624)
(0.9695)
A1(7.3719)
(11.0410)
(2.5435)
A2(6.1579)
(4.1324)
(5.1188)
A3(-0.4214)
(8.2073)
(-8.1355)
A4(0.3160)
(-0.9481)
(-13.4937)
G1(-0.2416)
(-1.0908)
(-1.0972)
G2(-6.2055)
(-3.3081)
(1.1861)
G3(-0.3326)
(-1.3196)
(-0.0192)
G4(3.4257)
(1.3154)
(3.5540)
A1(-0.9915)
(6.0450)
(8.2101)
A2(9.4619)
(4.4867)
(8.2744)
A3(2.7533)
(9.6486)
(-5.7940)
A4(1.4653)
(-6.0765)
(-3.9073)
G1(0.5555)
(-0.8902)
(-0.4699)
G2(-4.3676)
(-0.8413)
(3.1980)
G3(-0.8008)
(-1.8214)
(0.0293)
G4(4.3521)
(3.5753)
(3.6514)
A1(0.9628)
(10.8063)
(1.5616)
A2(3.5195)
(4.6064)
(3.8978)
A3(-1.5850)
(11.0660)
(2.1356)
A4(-1.2354)
(-9.3996)
(-7.1970)
G1(0.3193)
(-0.6726)
(-0.0883)
G2(-0.1325)
(-5.0652)
(2.0641)
G3(-0.1948)
(-0.4150)
(-0.3432)
G4(1.1733)
(1.5570)
(4.3165)
A1(-9.7573)
(6.2989)
(2.7734)
A2(8.0541)
(0.5602)
(-3.7972)
A3(-0.4693)
(7.9918)
(-3.1747)
A4(7.3741)
(17.3867)
(4.9368)
G1(-0.4246)
(1.3558)
(0.0942)
G2(4.0467)
(-1.9513)
(1.0658)
G3(-0.2043)
(-1.9874)
(-0.0309)
G4(-3.5162)
(-3.9057)
(0.1767)
A1(-0.6946)
(9.1633)
(3.8751)
A2(2.1787)
(0.6752)
(1.9393)
A3(-9.6343)
(10.0413)
(-1.3934)
A4(-9.5193)
(-2.3272)
(-3.4333)
G1(0.1820)
(-1.4910)
(0.0410)
G2(4.1095)
(-0.9748)
(-1.9002)
G3(0.5688)
(0.9871)
(0.0021)
G4(-1.0472)
(-1.8182)
(-0.2905)
A1(-1.6957)
(8.1479)
(2.5052)
A2(16.9605)
(-1.0487)
(13.9534)
A3(1.0918)
(10.0030)
(-2.5091)
A4(2.2745)
(0.1197)
(-3.4189)
G1(0.6667)
(1.0914)
(0.3432)
G2(-1.6692)
(0.9573)
(-0.7066)
G3(-0.0740)
(-0.7077)
(0.1979)
G4(-0.7311)
(0.5997)
(-0.6550)
A1(-3.2668)
(9.5609)
(1.8825)
A2(3.8211)
(-3.9648)
(3.8786)
A3(-2.1644)
(10.5489)
(-2.1404)
A4(-0.0287)
(-2.4134)
(-0.9720)
G1(0.3374)
(-0.3251)
(0.1006)
G2(-0.9014)
(-4.5118)
(0.9637)
G3(-0.1681)
(0.6157)
(-0.0202)
G4(-0.9296)
(-2.3365)
(-2.1002)
A1(-1.2358)
(8.9813)
(1.8298)
A2(9.9024)
(-0.5890)
(-1.4557)
A3(-1.7238)
(9.2512)
(-1.7717)
A4(2.0925)
(-5.7078)
(-4.0510)
G1(0.2751)
(0.5050)
(0.2682)
G2(-1.2446)
(2.2530)
(-1.1983)
G3(0.0543)
(0.6391)
(0.1197)
G4(-1.2228)
(-2.9527)
(-2.7606)
A1(-2.0453)
(9.7573)
(0.4024)
A2(12.0859)
(4.6591)
(-1.0965)
A3(0.1676)
(9.0070)
(-2.2505)
A4(0.9433)
(0.8380)
(-7.4316)
G1(0.4012)
(1.4452)
(0.3288)
G2(-0.7646)
(2.4014)
(-1.7395)
G3(0.2166)
(1.5213)
(-0.1133)
G4(-2.3567)
(-1.4452)
(-3.2496)
A1(-0.8287)
(8.9765)
(1.3221)
A2(7.0054)
(4.6400)
(0.4166)
A3(0.6033)
(10.0317)
(-3.6727)
A4(6.2537)
(3.1556)
(-10.8170)
G1(-0.1011)
(0.4906)
(-0.0527)
G2(-0.3991)
(-0.1043)
(-1.9853)
G3(0.1793)
(2.0364)
(-0.3980)
G4(-2.5078)
(-1.6378)
(-1.4473)
A1(-1.3029)
(10.6195)
(0.8239)
A2(7.0677)
(8.5617)
(4.9704)
A3(0.3304)
(8.6670)
(-3.7397)
A4(7.4651)
(8.4946)
(-9.7492)
G1(0.2762)
(-0.1016)
(0.3507)
G2(-0.1793)
(2.2758)
(-3.1214)
G3(0.0777)
(0.7732)
(0.1341)
G4(-2.6584)
(-1.2733)
(-0.7136)
A1(-0.1293)
(9.1059)
(0.5221)
A2(7.4029)
(9.3470)
(2.3415)
A3(2.1931)
(8.0397)
(-4.9129)
A4(4.9991)
(11.5544)
(-3.3375)
G1(0.2522)
(1.6315)
(-0.0878)
G2(1.1957)
(-0.3586)
(-2.2945)
G3(-0.0639)
(0.4571)
(0.0761)
G4(-1.8044)
(0.7726)
(-0.3996)
A1(-0.1054)
(10.2938)
(0.0048)
A2(3.5961)
(9.5720)
(3.1699)
A3(0.9625)
(9.3661)
(-2.4900)
A4(5.2241)
(9.8881)
(-1.9920)
G1(0.3310)
(0.1751)
(0.3847)
G2(1.7358)
(1.7916)
(-1.1770)
G3(-0.1437)
(0.6087)
(-0.0958)
G4(0.4188)
(0.5507)
(-0.5199)
A1(-1.0251)
(9.8292)
(-0.5221)
A2(4.0366)
(8.8633)
(1.8579)
A3(2.1404)
(8.7580)
(-3.1795)
A4(2.1931)
(5.9376)
(-3.5578)
G1(0.8498)
(0.7029)
(-0.4480)
G2(0.5390)
(1.8986)
(-0.5890)
G3(-0.0692)
(-0.0277)
(-0.0223)
G4(-0.9179)
(-0.2256)
(0.1192)
A1(-0.5221)
(9.3933)
(-1.9543)
A2(1.8004)
(10.1323)
(-0.4597)
A3(1.0343)
(9.3661)
(-2.6432)
A4(3.4046)
(10.5105)
(-1.9585)
G1(0.6465)
(0.6423)
(-0.2224)
G2(1.5123)
(1.4612)
(-0.3368)
G3(-0.2671)
(0.4172)
(-0.0740)
G4(-0.3241)
(0.0862)
(-0.2336)
A1(-0.0671)
(9.1586)
(-1.5472)
A2(2.1739)
(9.1363)
(1.0439)
A3(1.3120)
(9.5577)
(-2.1931)
A4(2.2170)
(9.0884)
(-3.9361)
G1(0.0447)
(0.2155)
(-0.0314)
G2(0.5678)
(0.8003)
(0.0431)
G3(-0.4284)
(0.1245)
(-0.1687)
G4(-0.1288)
(-0.0809)
(-0.0734)
A1(-1.2215)
(9.9393)
(-1.4418)
A2(2.9784)
(9.2273)
(-0.8667)
A3(1.3791)
(9.5768)
(-0.9625)
A4(2.3798)
(9.0549)
(-3.3232)
G1(0.1022)
(0.0170)
(-0.0548)
G2(-0.3198)
(-0.5635)
(-0.0351)
G3(0.0378)
(-0.1447)
(-0.1575)
G4(-0.0750)
(-0.0027)
(-0.1240)
A1(-1.1448)
(9.3549)
(-1.4993)
A2(1.8004)
(9.4092)
(-0.2011)
A3(0.5794)
(9.3374)
(-2.4373)
A4(2.5714)
(8.9447)
(-3.3567)
G1(0.2224)
(-0.0681)
(-0.1463)
G2(0.0814)
(0.1639)
(-0.1655)
G3(0.0639)
(-0.0160)
(-0.1479)
G4(-0.0697)
(-0.0053)
(-0.1394)
