A1(-1.9735)
(9.0723)
(2.4238)
A2(0.4501)
(9.5577)
(1.2067)
A3(-2.0111)
(8.7963)
(-3.6966)
A4(0.3735)
(9.3134)
(-3.8547)
G1(-0.6779)
(-0.2474)
(-0.3331)
G2(-0.0112)
(0.0404)
(-0.0048)
G3(-0.0628)
(0.0942)
(-0.0346)
G4(-0.0500)
(-0.1368)
(0.0128)
A1(-2.1268)
(9.3885)
(1.6430)
A2(0.4884)
(9.7588)
(1.2498)
A3(-1.5562)
(9.0166)
(-3.1460)
A4(0.4884)
(9.4236)
(-2.9592)
G1(0.0410)
(-0.0681)
(-0.1070)
G2(0.0080)
(-0.2474)
(-0.0506)
G3(-0.0309)
(-0.0708)
(0.0074)
G4(0.2091)
(0.1027)
(-0.0713)
A1(-1.7532)
(9.0532)
(2.8549)
A2(0.2394)
(9.1889)
(1.0630)
A3(-2.7150)
(9.5720)
(-1.7047)
A4(0.5363)
(8.7819)
(-3.7924)
G1(-0.9222)
(0.5124)
(0.3166)
G2(-0.1256)
(-0.2256)
(-0.0447)
G3(0.2006)
(0.4161)
(-0.0596)
G4(0.5310)
(0.4933)
(-0.1639)
A1(-3.4297)
(9.4028)
(3.2812)
A2(0.0814)
(9.0166)
(1.2546)
A3(-2.4277)
(10.0652)
(-1.2594)
A4(0.8475)
(8.5760)
(-4.6687)
G1(-1.6772)
(1.0030)
(0.3704)
G2(-0.3097)
(-0.0660)
(0.0596)
G3(0.3938)
(0.6050)
(0.0245)
G4(0.6018)
(0.3150)
(-0.1655)
A1(-3.1327)
(14.4899)
(4.1338)
A2(-0.1676)
(8.5712)
(1.3072)
A3(-6.5410)
(15.0260)
(-1.4653)
A4(0.2203)
(9.3661)
(-6.1387)
G1(-2.6542)
(1.9348)
(-1.8619)
G2(-0.8359)
(0.2815)
(0.4358)
G3(0.9094)
(0.1293)
(0.2735)
G4(0.3970)
(0.7886)
(-0.4986)
A1(-10.0782)
(13.9486)
(7.6976)
A2(-0.7566)
(10.8122)
(0.1915)
A3(-4.3191)
(14.2742)
(-7.1443)
A4(-2.1117)
(8.8825)
(-6.0765)
G1(-1.6889)
(4.3394)
(-2.9335)
G2(-1.0791)
(1.3255)
(0.7870)
G3(1.5692)
(0.1101)
(-1.3266)
G4(-0.2756)
(0.4385)
(0.0452)
A1(-9.1011)
(9.6759)
(-3.4919)
A2(2.0782)
(10.9319)
(5.2960)
A3(-8.0397)
(-2.6145)
(-13.2160)
A4(0.7566)
(6.8666)
(-8.9878)
G1(3.0522)
(3.4816)
(-3.2762)
G2(0.0543)
(-0.7737)
(1.3989)
G3(5.7713)
(-4.6320)
(-4.6645)
G4(-1.2042)
(-0.5422)
(0.3730)
A1(-0.6227)
(12.6744)
(3.4584)
A2(-1.3886)
(11.0038)
(5.9999)
A3(-5.6551)
(-11.7843)
(0.6464)
A4(-4.2186)
(11.1474)
(2.9784)
G1(6.2576)
(1.6080)
(-2.0657)
G2(0.0553)
(2.8505)
(0.3299)
G3(1.3867)
(-6.3407)
(-4.4969)
G4(-0.6566)
(1.6703)
(0.6838)
A1(-2.6585)
(-4.1913)
(3.8943)
A2(4.4484)
(12.2200)
(1.4461)
A3(-7.5226)
(-11.9710)
(-9.7683)
A4(1.0439)
(9.1650)
(-3.8116)
G1(5.9102)
(2.5190)
(-0.5736)
G2(0.9019)
(1.2074)
(0.1485)
G3(-1.4569)
(-2.8404)
(-4.0600)
G4(-0.5678)
(0.9136)
(0.6827)
A1(-24.5394)
(5.3169)
(-1.7771)
A2(-3.2801)
(3.4764)
(4.2856)
A3(0.0575)
(42.9951)
(5.8131)
A4(8.9399)
(12.0572)
(0.5459)
G1(-1.3984)
(-3.5620)
(-0.0686)
G2(1.0765)
(1.1749)
(-0.0245)
G3(1.4755)
(3.1538)
(0.7428)
G4(-0.6822)
(0.0005)
(-0.0697)
A1(-2.5339)
(-1.8106)
(-1.8825)
A2(12.1578)
(3.3950)
(-2.8539)
A3(-12.1961)
(1.9585)
(-8.9830)
A4(5.5737)
(8.2313)
(-2.2697)
G1(-2.3934)
(-0.7939)
(0.9339)
G2(0.2283)
(-1.4144)
(-0.8684)
G3(0.4246)
(-0.9222)
(-0.3209)
G4(0.1453)
(-0.8918)
(0.0037)
A1(-9.7573)
(6.2702)
(-1.6238)
A2(-2.3128)
(3.3471)
(4.1276)
A3(-1.1061)
(1.0439)
(-3.5530)
A4(2.5426)
(8.8681)
(-3.6248)
G1(-1.5602)
(-2.9351)
(2.3839)
G2(0.3374)
(1.3462)
(0.0798)
G3(-0.7178)
(-1.1595)
(2.1050)
G4(0.2150)
(-0.8945)
(-0.1043)
A1(-10.0974)
(7.7599)
(-1.8729)
A2(7.2113)
(10.4483)
(2.6240)
A3(-6.2537)
(-2.0830)
(-3.8020)
A4(0.4549)
(9.9407)
(-2.2314)
G1(-0.9291)
(-1.2159)
(2.2748)
G2(0.1139)
(-0.0500)
(-0.4135)
G3(-0.3251)
(0.6226)
(3.1043)
G4(0.3124)
(-0.2932)
(-0.1245)
A1(-6.8689)
(7.4485)
(0.2203)
A2(0.5842)
(10.1610)
(2.8730)
A3(-6.5697)
(-4.4149)
(-6.4931)
A4(0.9816)
(8.8011)
(-4.6112)
G1(0.1671)
(-0.8423)
(2.3796)
G2(-0.0357)
(-0.6662)
(-0.1421)
G3(-1.8597)
(2.2758)
(2.9841)
G4(0.2357)
(-0.2591)
(-0.2070)
A1(-5.6810)
(9.5753)
(3.2381)
A2(2.6719)
(10.1131)
(1.5419)
A3(-5.6360)
(-0.7661)
(-7.6040)
A4(1.8483)
(9.1459)
(-4.5011)
G1(0.9679)
(-2.6611)
(2.1002)
G2(0.1591)
(-0.5380)
(-0.3693)
G3(-3.2464)
(2.9431)
(2.6015)
G4(-0.0388)
(0.4321)
(-0.3262)
A1(-6.8977)
(6.9264)
(4.1099)
A2(-1.0822)
(9.8162)
(2.0207)
A3(-5.2481)
(6.6894)
(-9.6247)
A4(-0.4788)
(9.8402)
(-2.5570)
G1(2.2072)
(-1.0259)
(1.3925)
G2(0.4491)
(-0.2634)
(-0.2341)
G3(-2.2439)
(1.7177)
(1.8672)
G4(-0.0612)
(-0.3586)
(0.0239)
A1(-3.1662)
(8.1622)
(4.6224)
A2(1.6472)
(9.4188)
(-0.0287)
A3(-6.0908)
(10.2999)
(-7.0485)
A4(-0.5028)
(9.7540)
(-2.9305)
G1(0.7694)
(-0.2267)
(1.2446)
G2(0.6811)
(-0.7146)
(-0.1086)
G3(-2.7627)
(1.7671)
(1.0664)
G4(0.4007)
(0.1261)
(0.1091)
A1(0.2299)
(9.8148)
(2.1124)
A2(-1.5131)
(9.1315)
(2.8108)
A3(-2.7533)
(12.0237)
(-2.9161)
A4(0.1724)
(9.7971)
(-3.5865)
G1(0.5561)
(-1.1424)
(1.1627)
G2(0.1229)
(-1.0275)
(-0.1501)
G3(-2.0774)
(1.1228)
(0.6369)
G4(0.4741)
(0.0341)
(0.1799)
A1(-2.8836)
(9.9824)
(-0.9724)
A2(-1.9297)
(9.5050)
(2.8874)
A3(-18.2725)
(8.2361)
(-6.5314)
A4(1.6376)
(8.1977)
(-5.5210)
G1(0.7625)
(-0.1889)
(-0.7545)
G2(0.0452)
(0.5720)
(-0.0686)
G3(-0.1022)
(-2.3966)
(-0.5545)
G4(0.1570)
(0.2591)
(0.1006)
A1(-1.4993)
(10.8063)
(2.2609)
A2(1.9154)
(10.5632)
(-1.4461)
A3(1.5131)
(9.3374)
(-3.5530)
A4(1.7430)
(8.4132)
(-5.6072)
G1(1.4591)
(0.0623)
(-0.0021)
G2(0.0495)
(0.1916)
(-0.0979)
G3(-0.1676)
(0.2038)
(-0.0963)
G4(-0.1389)
(0.2134)
(0.0963)
