A1(1.3460)
(12.3775)
(1.8346)
A2(1.5179)
(9.3757)
(-1.1732)
A3(1.3743)
(9.2799)
(-2.5235)
A4(0.7757)
(10.2855)
(-1.5467)
G1(-0.7125)
(0.4305)
(-0.1320)
G2(-0.0016)
(0.4454)
(0.0708)
G3(0.4853)
(-0.2075)
(0.1096)
G4(0.0851)
(0.3948)
(-0.0506)
A1(-0.6083)
(10.6674)
(-1.7579)
A2(3.1699)
(9.3853)
(-0.6800)
A3(1.4413)
(8.1834)
(-4.6017)
A4(10.0652)
(16.3859)
(2.6432)
G1(-0.3805)
(-0.5816)
(-0.1117)
G2(0.0532)
(-0.0064)
(0.1921)
G3(0.3682)
(0.2123)
(0.0372)
G4(1.4612)
(1.6160)
(-0.9663)
A1(2.8022)
(7.8844)
(2.5818)
A2(3.0406)
(7.7572)
(2.8922)
A3(3.2082)
(8.4324)
(-4.9991)
A4(-1.1636)
(11.9519)
(-3.7445)
G1(-0.7221)
(-0.6279)
(-0.7024)
G2(-1.4426)
(0.2943)
(-0.0772)
G3(-0.2575)
(-0.0905)
(-0.0734)
G4(1.2904)
(-1.0616)
(1.3026)
A1(-0.9293)
(11.6733)
(2.3902)
A2(11.0516)
(8.8873)
(7.8578)
A3(4.5729)
(8.6718)
(-4.1946)
A4(5.2960)
(1.9728)
(-14.0683)
G1(-0.6279)
(-3.5769)
(0.2331)
G2(-4.5964)
(-1.0318)
(1.8188)
G3(-0.0788)
(-1.1605)
(-0.0011)
G4(2.1998)
(2.8942)
(3.3225)
A1(-5.9349)
(12.0901)
(-2.1938)
A2(3.9552)
(12.6366)
(6.7900)
A3(3.9552)
(9.1315)
(-3.8738)
A4(3.7206)
(-1.2785)
(-10.9750)
G1(-0.5481)
(-2.0124)
(-1.1680)
G2(-3.7493)
(-2.2668)
(2.2854)
G3(-0.1091)
(-1.3207)
(0.0335)
G4(2.9963)
(3.3768)
(5.3924)
A1(-3.7171)
(5.1924)
(1.3556)
A2(8.9016)
(10.1227)
(3.9121)
A3(2.7246)
(6.7325)
(-5.2816)
A4(6.0286)
(-8.3031)
(-0.8428)
G1(0.9179)
(-0.4411)
(-0.0718)
G2(-4.3474)
(-3.7078)
(2.6999)
G3(-1.0323)
(-1.1973)
(-0.0197)
G4(0.0952)
(5.7112)
(3.4768)
A1(-0.3257)
(7.5252)
(5.7576)
A2(6.9623)
(5.7940)
(1.7861)
A3(-2.0255)
(10.0126)
(0.2298)
A4(1.2689)
(-18.1193)
(-11.9902)
G1(0.3751)
(-0.2985)
(0.0575)
G2(-0.7327)
(-2.7888)
(2.4115)
G3(-1.0876)
(-1.4591)
(-0.4028)
G4(-1.7102)
(-0.0277)
(2.7085)
A1(8.4975)
(12.1044)
(1.8633)
A2(3.2178)
(3.1843)
(5.9137)
A3(-3.1364)
(8.9543)
(3.4764)
A4(26.1830)
(-69.4175)
(10.9942)
G1(-0.0176)
(-1.4633)
(-0.3778)
G2(4.1813)
(-3.5412)
(1.8901)
G3(0.1389)
(-0.7088)
(-0.5050)
G4(-0.4560)
(7.3495)
(5.4467)
A1(-3.6740)
(11.1560)
(2.0693)
A2(27.9212)
(15.5096)
(15.6629)
A3(4.6064)
(9.0788)
(-0.6177)
A4(16.3763)
(-9.3230)
(-18.0188)
G1(0.4422)
(2.0316)
(0.3592)
G2(-1.0110)
(-12.6073)
(2.5520)
G3(-0.1953)
(-1.3611)
(0.5768)
G4(-2.0146)
(-1.7091)
(-1.6213)
A1(-1.0394)
(9.0532)
(2.3184)
A2(52.8065)
(12.7467)
(-22.9269)
A3(1.9441)
(7.9727)
(-5.3774)
A4(9.3901)
(0.0814)
(-4.1851)
G1(0.4736)
(1.0791)
(0.2698)
G2(2.0071)
(-2.8590)
(-0.2166)
G3(0.5236)
(2.1785)
(-0.2708)
G4(0.9237)
(0.8801)
(-4.6086)
A1(-1.5137)
(10.0112)
(3.3387)
A2(-3.2705)
(-4.9799)
(5.8466)
A3(0.0910)
(9.2273)
(-1.3982)
A4(3.0311)
(-0.6800)
(-6.9336)
G1(0.3996)
(1.1808)
(0.3129)
G2(-1.8640)
(-6.6301)
(-0.3288)
G3(0.2698)
(2.0859)
(-0.2490)
G4(-0.2389)
(-2.9857)
(-4.4048)
A1(-1.4945)
(8.8233)
(0.7568)
A2(10.4387)
(3.9265)
(0.5555)
A3(0.2586)
(9.3039)
(-2.2745)
A4(1.9106)
(0.5076)
(-9.8928)
G1(0.7503)
(-0.2128)
(0.3475)
G2(-1.6373)
(6.3976)
(-2.6739)
G3(0.5156)
(1.9715)
(-0.0223)
G4(-0.8285)
(-1.9864)
(-5.1498)
A1(0.2874)
(8.1383)
(-2.8836)
A2(5.7509)
(2.7677)
(2.3224)
A3(2.4277)
(8.1786)
(-4.8076)
A4(1.9537)
(10.3765)
(-11.1809)
G1(0.3714)
(2.3344)
(-0.1548)
G2(0.5332)
(-0.9919)
(-2.2785)
G3(0.4629)
(0.5710)
(-0.0149)
G4(-0.6114)
(-1.8395)
(-1.2159)
A1(0.1772)
(9.7477)
(-0.1102)
A2(4.7070)
(7.1587)
(6.0669)
A3(2.6624)
(8.6191)
(-2.8443)
A4(4.1228)
(11.8178)
(-7.5944)
G1(0.1431)
(0.4049)
(-0.0074)
G2(2.6302)
(4.7629)
(-3.2533)
G3(0.1963)
(0.9594)
(-0.0575)
G4(-1.2196)
(-1.9795)
(-0.6779)
A1(-1.3460)
(10.1118)
(-0.9772)
A2(8.6862)
(7.2975)
(1.2546)
A3(2.3511)
(9.3661)
(-2.4995)
A4(1.4030)
(15.0739)
(-4.7788)
G1(-0.3528)
(1.2420)
(0.0750)
G2(1.9667)
(-1.5953)
(-2.1716)
G3(0.0968)
(0.4619)
(-0.0410)
G4(-1.0280)
(-1.0536)
(-0.2868)
A1(0.5509)
(9.4603)
(-4.5793)
A2(4.1468)
(7.8530)
(1.8962)
A3(3.1125)
(8.7053)
(-3.6009)
A4(-1.2881)
(10.2376)
(-5.6886)
G1(0.7333)
(0.1612)
(-0.2033)
G2(1.7288)
(1.5532)
(-1.7602)
G3(0.0357)
(0.0580)
(-0.0692)
G4(-0.8594)
(-1.0988)
(0.7700)
A1(-0.1916)
(9.3597)
(-1.7532)
A2(4.7214)
(10.6398)
(2.0638)
A3(2.2362)
(8.3079)
(-4.6687)
A4(-2.8970)
(8.8585)
(-2.9401)
G1(0.3390)
(0.3980)
(-0.2969)
G2(1.1111)
(1.1898)
(-1.1653)
G3(-0.1330)
(-0.2123)
(-0.0138)
G4(-0.5901)
(-0.4087)
(-0.3672)
A1(-1.4801)
(10.9548)
(0.2108)
A2(5.0230)
(10.1658)
(0.3543)
A3(2.4948)
(8.3606)
(-3.9217)
A4(-1.0008)
(9.8833)
(-3.7350)
G1(0.1235)
(-0.4699)
(-0.2586)
G2(1.4473)
(0.7077)
(0.6976)
G3(-0.1032)
(-0.5459)
(-0.1410)
G4(-0.1761)
(-0.3054)
(-0.1032)
A1(-1.5520)
(9.2304)
(-0.6514)
A2(0.2107)
(8.4084)
(-0.5555)
A3(1.4413)
(8.5281)
(-3.7733)
A4(-2.3607)
(8.6622)
(-4.7836)
G1(-0.2708)
(-0.0096)
(-0.0436)
G2(-0.1815)
(-0.5715)
(-0.3576)
G3(-0.1298)
(-0.1006)
(-0.1543)
G4(-0.1655)
(-0.2629)
(-0.0410)
A1(-1.9735)
(9.5465)
(-0.0335)
A2(0.7326)
(9.5002)
(-1.6233)
A3(1.3695)
(8.8346)
(-3.2801)
A4(-0.9433)
(9.5481)
(-3.6727)
G1(0.1905)
(0.0761)
(-0.1059)
G2(0.1447)
(0.1926)
(-0.0841)
G3(-0.1219)
(-0.0676)
(-0.1767)
G4(-0.1266)
(-0.2528)
(-0.0644)
