A1(-8.8137)
(11.1943)
(9.3070)
A2(0.7805)
(8.0062)
(1.3216)
A3(-0.9673)
(10.7164)
(-0.4788)
A4(4.4101)
(7.2065)
(-6.6032)
G1(-4.0621)
(0.1905)
(-0.1006)
G2(-1.1685)
(-0.2442)
(0.1165)
G3(0.6284)
(-0.0372)
(0.0101)
G4(0.0261)
(0.3954)
(-0.3097)
A1(-9.1777)
(12.4302)
(10.7536)
A2(-1.6137)
(10.6973)
(-0.4022)
A3(-13.1633)
(15.9645)
(-4.2186)
A4(-4.9321)
(9.4188)
(-8.0014)
G1(-3.2443)
(2.3599)
(-1.4367)
G2(-0.7386)
(1.7725)
(0.2975)
G3(1.4250)
(-2.5121)
(0.5614)
G4(-0.4214)
(1.1616)
(-0.4879)
A1(-9.7813)
(12.4254)
(6.0594)
A2(2.2075)
(9.4906)
(-1.5371)
A3(-4.6639)
(13.6853)
(-8.2313)
A4(-1.7334)
(10.6159)
(-3.9313)
G1(-2.2620)
(4.3846)
(-3.2576)
G2(-1.3473)
(1.8087)
(0.6779)
G3(1.0499)
(-0.7561)
(-0.5225)
G4(-0.5880)
(0.3257)
(0.0410)
A1(-6.7348)
(10.7249)
(1.7292)
A2(2.4373)
(10.2137)
(8.3031)
A3(-9.3039)
(-1.7047)
(-10.4914)
A4(0.1676)
(6.7612)
(-4.4053)
G1(1.3830)
(4.4384)
(-2.9766)
G2(0.0623)
(-1.1845)
(1.1015)
G3(3.8791)
(-2.3993)
(-5.3940)
G4(-1.1408)
(0.9206)
(0.0692)
A1(-13.0433)
(4.9242)
(-7.6593)
A2(1.4700)
(11.6167)
(0.5698)
A3(-5.2481)
(-8.8490)
(-4.2234)
A4(3.1747)
(10.8793)
(2.5474)
G1(5.7410)
(1.9486)
(-2.7393)
G2(0.5763)
(4.9433)
(0.5092)
G3(1.5527)
(-5.5728)
(-4.2766)
G4(-0.3294)
(1.4505)
(0.0835)
A1(5.8343)
(-7.8173)
(18.5854)
A2(2.8012)
(7.4124)
(2.6193)
A3(-18.1528)
(0.0862)
(-11.7938)
A4(1.4078)
(8.2552)
(-3.6536)
G1(1.7565)
(1.0504)
(-0.6768)
G2(0.2458)
(-0.7306)
(0.2522)
G3(-0.6082)
(0.9977)
(-5.2567)
G4(-0.4150)
(0.6029)
(0.5098)
A1(-1.6574)
(1.5137)
(4.2152)
A2(-2.0303)
(5.3486)
(7.8243)
A3(0.4932)
(10.5201)
(-4.9512)
A4(17.0036)
(12.3828)
(0.8859)
G1(-1.3877)
(-6.6067)
(0.5390)
G2(0.1639)
(2.0960)
(0.0165)
G3(-2.6079)
(2.1433)
(-1.8640)
G4(-0.2347)
(0.1799)
(-0.2150)
A1(1.5089)
(-8.1670)
(7.3575)
A2(-0.1245)
(7.8721)
(7.4364)
A3(-9.4619)
(-2.9832)
(-5.5354)
A4(2.7294)
(9.2273)
(-1.6855)
G1(-1.5612)
(0.7162)
(0.8423)
G2(-0.5635)
(-0.8897)
(-0.7482)
G3(-1.1206)
(-0.8429)
(-0.4480)
G4(0.3214)
(-1.5213)
(0.2703)
A1(-11.9464)
(5.8391)
(1.2167)
A2(0.6800)
(4.9033)
(4.5921)
A3(-4.2665)
(5.3439)
(-3.3854)
A4(0.4932)
(8.6287)
(-0.9433)
G1(-1.6346)
(-3.5529)
(2.4690)
G2(0.0325)
(0.7971)
(0.1538)
G3(1.4681)
(-1.3478)
(2.3993)
G4(-0.0452)
(-1.8166)
(0.1921)
A1(-9.3549)
(3.3961)
(0.2922)
A2(1.3886)
(12.3110)
(1.4269)
A3(-12.8952)
(-2.2410)
(-3.4046)
A4(0.2682)
(10.3238)
(-3.3184)
G1(-0.7072)
(0.4188)
(2.7611)
G2(-0.0117)
(-0.5917)
(-0.2437)
G3(2.5877)
(1.9342)
(1.8007)
G4(0.0862)
(-1.2249)
(0.0633)
A1(-7.4437)
(6.2941)
(3.9087)
A2(0.4549)
(6.0430)
(2.4565)
A3(-6.3925)
(-4.9560)
(-4.4101)
A4(1.5897)
(9.0501)
(-3.8595)
G1(0.0841)
(-1.2856)
(2.6914)
G2(0.2347)
(-0.7742)
(-0.4816)
G3(0.1639)
(2.5994)
(2.2051)
G4(0.1304)
(-0.8344)
(-0.0474)
A1(-9.9202)
(6.2462)
(2.0741)
A2(-0.4741)
(8.5665)
(1.6712)
A3(-9.0501)
(0.7614)
(-5.9664)
A4(0.9098)
(8.3941)
(-3.6057)
G1(0.1442)
(-1.4596)
(1.9603)
G2(0.0761)
(-1.2765)
(-0.3980)
G3(-0.9849)
(2.7361)
(1.8651)
G4(0.1235)
(-0.5816)
(-0.0756)
A1(-7.1611)
(8.1000)
(1.3508)
A2(0.7757)
(9.9407)
(1.6376)
A3(-7.1299)
(4.5921)
(-7.6519)
A4(0.3543)
(9.0597)
(-5.1523)
G1(0.7460)
(-1.2914)
(1.5655)
G2(0.2261)
(-0.5757)
(-0.3070)
G3(-1.2116)
(1.4261)
(1.5703)
G4(-0.0718)
(-0.3746)
(0.0032)
A1(-6.2079)
(6.9408)
(-0.6562)
A2(-0.6033)
(10.6781)
(1.1013)
A3(-5.1858)
(6.8426)
(-6.4739)
A4(0.3687)
(9.2081)
(-3.4572)
G1(1.3266)
(-1.7086)
(0.9413)
G2(0.0447)
(-0.6981)
(-0.1336)
G3(-1.1813)
(1.7842)
(1.4755)
G4(-0.0474)
(-0.1543)
(-0.0043)
A1(-4.2967)
(8.7179)
(2.8788)
A2(0.2729)
(10.0126)
(1.4317)
A3(-5.2960)
(5.8323)
(-7.7045)
A4(0.5363)
(8.9687)
(-4.4101)
G1(1.1366)
(-0.8109)
(1.0174)
G2(0.2176)
(-0.6880)
(-0.2575)
G3(-1.2654)
(1.1744)
(1.4356)
G4(0.0080)
(-0.1825)
(-0.0234)
A1(-4.0188)
(8.4832)
(3.4201)
A2(0.5267)
(9.0932)
(2.3128)
A3(-3.6200)
(8.2504)
(-6.3829)
A4(0.6943)
(9.3565)
(-3.6775)
G1(1.0525)
(-0.2724)
(0.7343)
G2(0.2714)
(-0.5130)
(-0.0968)
G3(-1.3404)
(0.8902)
(0.9088)
G4(0.0521)
(-0.0133)
(0.1075)
A1(-3.6308)
(8.9478)
(3.0704)
A2(0.0239)
(9.7731)
(0.9337)
A3(-1.8004)
(9.6822)
(-5.0039)
A4(0.3304)
(9.2560)
(-5.0996)
G1(1.0504)
(-0.5385)
(0.4757)
G2(0.2347)
(-0.3725)
(-0.1096)
G3(-1.2244)
(-0.0426)
(0.5273)
G4(-0.0239)
(-0.2985)
(0.1277)
A1(-5.6283)
(9.0628)
(0.6419)
A2(0.4310)
(9.6965)
(0.7183)
A3(-4.4005)
(9.3518)
(-1.8579)
A4(-0.1245)
(8.6670)
(-5.5019)
G1(0.3124)
(-0.9014)
(-0.0383)
G2(0.1783)
(-0.5422)
(-0.1155)
G3(-0.3847)
(-0.2097)
(0.5555)
G4(-0.0841)
(0.0803)
(0.1681)
A1(-2.5914)
(9.7860)
(0.3305)
A2(0.0287)
(10.1466)
(1.6089)
A3(-2.8347)
(10.2424)
(-3.1220)
A4(0.9290)
(8.5281)
(-5.0374)
G1(0.3092)
(-0.1112)
(0.0724)
G2(0.3315)
(-0.2549)
(-0.0351)
G3(-0.2517)
(0.4379)
(-0.3060)
G4(-0.1916)
(0.2671)
(0.0404)
A1(-2.1028)
(10.2363)
(0.3209)
A2(0.9002)
(10.1754)
(-0.9002)
A3(0.2059)
(9.0501)
(-3.7493)
A4(1.1779)
(9.0501)
(-4.3718)
G1(0.5475)
(0.6109)
(0.2182)
G2(0.4970)
(0.4528)
(-0.0857)
G3(0.0133)
(0.4257)
(-0.0053)
G4(-0.2304)
(0.5199)
(0.0383)
