A1(1.6430)
(13.5654)
(2.4525)
A2(2.3128)
(9.5529)
(-0.2538)
A3(2.5235)
(9.1602)
(-2.0494)
A4(1.8723)
(10.9271)
(-0.0766)
G1(-1.0318)
(0.4145)
(0.0553)
G2(-0.0239)
(0.1208)
(0.2171)
G3(0.6694)
(0.0144)
(0.2107)
G4(0.2107)
(0.0548)
(-0.0245)
A1(-1.1017)
(10.8494)
(-2.7830)
A2(1.9632)
(9.0501)
(0.3065)
A3(2.6480)
(6.3398)
(-6.6798)
A4(6.7325)
(17.3867)
(-2.6767)
G1(-0.7045)
(-0.4848)
(-0.3203)
G2(0.0239)
(0.0245)
(0.1538)
G3(0.4257)
(-0.3602)
(0.2065)
G4(1.5602)
(-0.0782)
(-0.4762)
A1(3.5973)
(7.4581)
(2.4717)
A2(3.6631)
(6.9623)
(4.7118)
A3(6.2872)
(6.3494)
(-8.0876)
A4(-1.8579)
(21.5334)
(-11.0373)
G1(-0.1612)
(-1.9156)
(-0.9961)
G2(-2.0949)
(-0.2724)
(-0.0990)
G3(-0.1953)
(0.2187)
(-0.2410)
G4(1.7985)
(-1.0147)
(3.2948)
A1(0.7904)
(11.5919)
(1.4418)
A2(11.2815)
(8.5234)
(10.7212)
A3(6.4691)
(8.6814)
(-2.2793)
A4(5.7030)
(0.0144)
(-12.6174)
G1(-0.3581)
(-2.7744)
(-0.4566)
G2(-5.2461)
(-2.4318)
(1.5240)
G3(-0.3544)
(-1.2164)
(0.0633)
G4(4.7965)
(2.7010)
(4.8656)
A1(1.9783)
(10.5093)
(19.8835)
A2(11.2623)
(9.8833)
(6.1627)
A3(4.4436)
(8.0206)
(-6.2872)
A4(2.8778)
(-7.7955)
(0.6464)
G1(0.4363)
(0.5997)
(-0.6109)
G2(-4.8944)
(-3.6636)
(2.2003)
G3(-0.8290)
(-2.1104)
(0.0213)
G4(4.8571)
(5.7133)
(2.2264)
A1(-1.7484)
(7.5012)
(4.9912)
A2(9.8114)
(5.7940)
(4.1180)
A3(2.9066)
(8.8155)
(2.3320)
A4(2.7342)
(-11.4586)
(-0.6177)
G1(-0.0011)
(-2.2971)
(-0.1634)
G2(-1.8198)
(-4.1084)
(1.4388)
G3(-1.3713)
(-2.0077)
(-0.3586)
G4(-2.4318)
(2.0449)
(4.4612)
A1(-15.8263)
(7.5635)
(-2.5627)
A2(1.5131)
(1.9537)
(-0.4693)
A3(-6.0669)
(12.3876)
(4.4149)
A4(-6.2249)
(2.9305)
(5.1236)
G1(-0.3406)
(1.6650)
(0.0277)
G2(3.7972)
(-1.9678)
(1.6213)
G3(-0.5055)
(-2.3179)
(0.1000)
G4(-3.2501)
(0.3932)
(-0.1149)
A1(-1.5616)
(7.3383)
(5.3217)
A2(-0.8332)
(5.5929)
(3.7062)
A3(-10.6829)
(8.8633)
(-8.3941)
A4(10.7021)
(16.9988)
(-28.6107)
G1(-0.0819)
(-1.4223)
(0.0819)
G2(5.4877)
(-1.0376)
(-0.3629)
G3(0.3507)
(1.7762)
(-0.5273)
G4(-0.3464)
(-2.5541)
(2.8553)
A1(-0.1581)
(10.5093)
(2.4094)
A2(16.7355)
(6.0765)
(11.3820)
A3(-0.4980)
(10.6255)
(1.6664)
A4(6.8235)
(-1.5850)
(-3.0311)
G1(0.5789)
(1.1057)
(0.2996)
G2(-3.2203)
(-0.2618)
(-1.1919)
G3(0.0724)
(0.2533)
(0.3086)
G4(0.7061)
(0.8141)
(-1.8714)
A1(0.4119)
(9.7573)
(2.0214)
A2(3.4955)
(-4.0606)
(3.7206)
A3(-0.6225)
(9.4140)
(-2.5666)
A4(14.8345)
(-7.6231)
(-5.5162)
G1(0.2911)
(0.2426)
(0.0325)
G2(-2.1173)
(-3.7652)
(0.1527)
G3(0.0080)
(0.7503)
(0.0931)
G4(0.2985)
(-2.7606)
(-2.6223)
A1(-1.9831)
(9.6711)
(1.5711)
A2(0.3017)
(-1.3647)
(7.9200)
A3(0.9864)
(10.0509)
(-0.5602)
A4(4.1755)
(-2.2745)
(-6.4691)
G1(0.3906)
(0.4443)
(0.3932)
G2(-2.6297)
(2.4765)
(-1.1941)
G3(0.2762)
(0.7120)
(0.1522)
G4(-1.1515)
(-2.2897)
(-4.1787)
A1(-0.8718)
(10.3034)
(2.9459)
A2(11.9662)
(5.0278)
(0.0048)
A3(1.8244)
(9.2416)
(-0.8619)
A4(4.0797)
(1.0630)
(-7.5178)
G1(0.2634)
(2.3828)
(0.2836)
G2(-1.1254)
(2.7925)
(-2.1535)
G3(0.5550)
(2.0428)
(-0.2756)
G4(-2.1279)
(-2.6723)
(-3.7354)
A1(0.6946)
(9.8292)
(3.1423)
A2(6.1339)
(4.9608)
(-0.1197)
A3(1.6520)
(8.5186)
(-3.9792)
A4(5.2241)
(5.3678)
(-11.0564)
G1(0.5172)
(0.0474)
(0.1165)
G2(-0.7263)
(1.1903)
(-2.4940)
G3(0.5034)
(1.8071)
(-0.1756)
G4(-1.5208)
(-1.1988)
(-2.1056)
A1(0.9005)
(10.0256)
(-2.3519)
A2(7.7045)
(6.3303)
(4.0366)
A3(1.6855)
(8.7484)
(-4.6926)
A4(4.1420)
(9.6822)
(-8.7484)
G1(0.5417)
(1.6809)
(0.1027)
G2(0.9168)
(2.2695)
(-2.4195)
G3(0.1043)
(0.0915)
(0.1713)
G4(-1.2185)
(-0.8961)
(-0.9291)
A1(1.7292)
(9.9441)
(0.7425)
A2(5.5641)
(9.7923)
(5.3343)
A3(3.5626)
(9.0788)
(-2.3367)
A4(4.4388)
(10.6781)
(-6.2872)
G1(-0.0995)
(-0.3709)
(0.0809)
G2(1.7155)
(0.8354)
(-1.8949)
G3(0.0346)
(0.7865)
(-0.1415)
G4(-1.0429)
(-1.0099)
(0.0537)
A1(-1.9543)
(8.7466)
(-2.4717)
A2(6.4308)
(8.4946)
(2.1787)
A3(4.0462)
(8.2648)
(-3.3854)
A4(0.8811)
(8.0541)
(-5.0518)
G1(0.2091)
(0.0372)
(-0.0846)
G2(1.7001)
(0.9631)
(-1.4702)
G3(-0.0766)
(-0.1458)
(0.0234)
G4(-0.9530)
(-0.1325)
(-0.2810)
A1(0.4646)
(10.4135)
(0.0479)
A2(3.3950)
(9.1842)
(1.9201)
A3(2.8443)
(8.5952)
(-3.5530)
A4(1.9249)
(9.5481)
(-3.1556)
G1(0.2959)
(-0.4135)
(-0.4076)
G2(1.1728)
(0.1740)
(-0.7439)
G3(-0.1932)
(0.3730)
(-0.1942)
G4(-0.3081)
(0.7540)
(-0.2373)
A1(-1.1352)
(10.5429)
(-0.2730)
A2(4.0175)
(9.2368)
(1.1013)
A3(3.1029)
(8.9926)
(-2.3367)
A4(-0.5459)
(9.0932)
(-4.7549)
G1(-0.0623)
(0.3001)
(-0.1921)
G2(0.5906)
(0.9285)
(-0.3400)
G3(-0.0319)
(0.2719)
(-0.1511)
G4(-0.3352)
(-0.1171)
(-0.2107)
A1(-1.0394)
(9.9298)
(0.0096)
A2(2.8060)
(9.9264)
(-0.0335)
A3(2.0303)
(8.7005)
(-3.1891)
A4(0.4357)
(9.2464)
(-4.4245)
G1(0.5417)
(0.2655)
(-0.1985)
G2(0.5050)
(0.0255)
(-0.0633)
G3(-0.0074)
(-0.0309)
(-0.1990)
G4(-0.3922)
(-0.3060)
(-0.1383)
A1(-1.0490)
(8.3586)
(-0.0910)
A2(2.2314)
(9.4715)
(-0.2298)
A3(2.4181)
(8.6670)
(-3.3184)
A4(-0.3783)
(9.8689)
(-2.3990)
G1(0.5598)
(0.2224)
(-0.0564)
G2(0.5044)
(0.2049)
(-0.2022)
G3(0.1086)
(-0.5060)
(-0.1357)
G4(-0.1783)
(0.0670)
(-0.2102)
