A1(-7.6928)
(5.0487)
(4.6176)
A2(1.2163)
(9.2751)
(2.8252)
A3(-3.0742)
(9.3278)
(-3.0167)
A4(0.9481)
(7.5130)
(-5.9807)
G1(-1.9795)
(1.1840)
(-0.0053)
G2(-0.1953)
(0.1245)
(0.0905)
G3(0.4784)
(0.4885)
(-0.0740)
G4(0.1900)
(0.1304)
(-0.3251)
A1(-10.1214)
(11.1847)
(7.8461)
A2(0.4118)
(9.1123)
(2.7438)
A3(-9.4379)
(11.5736)
(-3.2848)
A4(-4.4484)
(5.9328)
(-9.3422)
G1(-2.5914)
(-0.3400)
(-0.7109)
G2(-0.2416)
(0.2868)
(0.2331)
G3(0.8902)
(-0.6550)
(0.3124)
G4(-0.1176)
(0.6875)
(-0.3108)
A1(-13.2588)
(10.4279)
(8.8999)
A2(0.2059)
(7.9440)
(3.1316)
A3(-9.1698)
(11.5113)
(-6.7086)
A4(-1.5706)
(9.4188)
(-8.2983)
G1(-2.8596)
(3.1948)
(-1.2840)
G2(-0.3831)
(0.6061)
(0.4981)
G3(1.3223)
(-0.4315)
(-0.6678)
G4(-0.4619)
(0.5885)
(0.0846)
A1(-8.8041)
(11.9943)
(-0.7185)
A2(-1.2210)
(10.9463)
(3.1316)
A3(-17.9709)
(10.3813)
(-13.3261)
A4(-0.8619)
(8.2552)
(-9.0070)
G1(-0.1123)
(3.8631)
(-3.2911)
G2(0.0819)
(0.1133)
(1.1084)
G3(2.1939)
(-2.5222)
(-1.7427)
G4(-0.6848)
(2.7606)
(-0.6449)
A1(-7.3623)
(4.8619)
(-0.7185)
A2(-1.8866)
(10.4339)
(5.2912)
A3(-6.6080)
(-9.9742)
(-7.8051)
A4(3.9935)
(5.9089)
(-8.2744)
G1(5.1003)
(6.5088)
(-3.4210)
G2(-0.5204)
(3.8046)
(0.7934)
G3(3.5247)
(-5.0136)
(-5.3403)
G4(-1.3947)
(3.5300)
(-1.3303)
A1(-9.4268)
(9.1346)
(-0.7137)
A2(3.0885)
(11.7938)
(3.8930)
A3(-5.7078)
(-12.2631)
(-5.9424)
A4(-7.6902)
(11.9375)
(0.7135)
G1(3.9509)
(-0.3560)
(-1.9470)
G2(0.6832)
(3.2815)
(1.7789)
G3(1.6985)
(-4.5708)
(-3.4901)
G4(-1.8725)
(0.7455)
(0.4619)
A1(12.9954)
(1.4418)
(21.1432)
A2(6.3734)
(10.0365)
(1.9345)
A3(-0.1820)
(-7.4316)
(-7.8338)
A4(20.6763)
(8.6095)
(0.0144)
G1(-0.9631)
(-2.2641)
(1.9896)
G2(2.2753)
(-1.4468)
(1.9034)
G3(-2.2322)
(1.0307)
(-2.1966)
G4(-1.3723)
(-2.1513)
(0.2352)
A1(-2.6537)
(-0.2587)
(2.6106)
A2(4.2713)
(3.4285)
(6.3542)
A3(-27.4806)
(-9.5481)
(-2.7438)
A4(-3.0598)
(10.8314)
(2.3703)
G1(-2.7611)
(3.3938)
(0.7583)
G2(0.2352)
(-0.4294)
(-1.3952)
G3(-0.9158)
(-2.5616)
(2.9836)
G4(0.4337)
(-0.1990)
(-0.0490)
A1(-1.2598)
(-1.7053)
(-0.7089)
A2(20.4752)
(-0.6512)
(3.9169)
A3(-7.1108)
(-9.4188)
(-6.6894)
A4(3.0646)
(8.1451)
(-5.5545)
G1(-1.1983)
(-2.6260)
(0.5715)
G2(0.7231)
(-1.5069)
(-1.2510)
G3(0.4810)
(-0.7694)
(0.4065)
G4(-0.1054)
(-3.2895)
(0.6481)
A1(-10.4902)
(2.8118)
(1.0155)
A2(1.5467)
(6.7421)
(5.5354)
A3(-2.7533)
(-1.3791)
(-1.1349)
A4(3.1795)
(8.6143)
(-3.0837)
G1(-0.4762)
(-1.7815)
(2.0098)
G2(-0.4257)
(0.7737)
(-0.3416)
G3(-0.1809)
(-0.0740)
(2.2503)
G4(0.4624)
(0.3288)
(-0.4438)
A1(-6.6965)
(6.2558)
(3.3722)
A2(-0.4884)
(11.0804)
(3.9840)
A3(-6.6942)
(-2.5283)
(-3.1364)
A4(1.8052)
(9.2847)
(-3.9983)
G1(-0.2512)
(-1.9662)
(2.2886)
G2(0.5396)
(-1.3058)
(-0.6614)
G3(0.6886)
(2.5185)
(2.1481)
G4(0.1485)
(-0.9865)
(-0.0117)
A1(-10.8494)
(5.0056)
(1.6813)
A2(1.9776)
(9.0980)
(2.7294)
A3(-10.1706)
(0.9673)
(-5.4396)
A4(0.8332)
(8.6766)
(-5.1092)
G1(0.2895)
(-1.1988)
(2.0449)
G2(0.2884)
(-0.4347)
(-0.4315)
G3(-0.3964)
(2.3291)
(1.3611)
G4(0.1309)
(-0.0192)
(-0.2448)
A1(-7.6497)
(6.6055)
(4.3781)
A2(1.0534)
(8.9447)
(3.1268)
A3(-8.2313)
(0.8523)
(-6.2920)
A4(-0.1006)
(8.9639)
(-4.1515)
G1(0.1623)
(0.2112)
(1.5958)
G2(-0.0074)
(-0.6848)
(-0.4997)
G3(-0.9392)
(1.6341)
(1.6320)
G4(-0.0623)
(-0.5784)
(-0.0899)
A1(-7.7742)
(6.4282)
(3.3961)
A2(1.6664)
(10.3094)
(1.3886)
A3(-7.1682)
(4.1420)
(-6.4260)
A4(-0.5794)
(9.1459)
(-3.3854)
G1(0.8312)
(-1.9917)
(1.2952)
G2(0.4560)
(-0.6215)
(-0.2501)
G3(-1.0004)
(1.4037)
(1.4032)
G4(-0.0702)
(-0.6859)
(-0.0782)
A1(-5.8151)
(9.5130)
(3.9949)
A2(0.2155)
(9.4523)
(1.0726)
A3(-8.3701)
(5.7509)
(-7.5753)
A4(0.2490)
(9.3757)
(-4.4915)
G1(0.7386)
(-0.2937)
(0.8759)
G2(0.4816)
(-0.5992)
(-0.2900)
G3(-1.3505)
(1.2020)
(1.2483)
G4(0.1203)
(0.1538)
(-0.1250)
A1(-5.3217)
(8.2389)
(4.6224)
A2(-0.7614)
(9.1985)
(1.0534)
A3(-5.0518)
(7.3215)
(-6.6942)
A4(-0.1053)
(8.7963)
(-3.8690)
G1(0.5039)
(-0.3092)
(0.8354)
G2(0.1591)
(-0.7982)
(-0.3368)
G3(-0.9339)
(1.0988)
(0.8588)
G4(0.2107)
(0.1086)
(-0.0335)
A1(-4.0715)
(8.4017)
(4.0045)
A2(0.1293)
(9.8785)
(1.3072)
A3(-4.9368)
(7.8051)
(-6.3638)
A4(-0.3352)
(9.0884)
(-5.4109)
G1(0.5513)
(-1.1084)
(0.4741)
G2(0.0543)
(0.6401)
(-0.1474)
G3(-0.6593)
(0.6252)
(0.9365)
G4(0.0921)
(-0.1910)
(0.0793)
A1(-4.6942)
(9.2927)
(3.5159)
A2(0.7230)
(9.2464)
(0.5315)
A3(-3.7493)
(8.7149)
(-5.2146)
A4(0.4501)
(9.3709)
(-3.8116)
G1(1.1025)
(-0.7306)
(0.1261)
G2(-0.0149)
(-0.6353)
(-0.0277)
G3(-0.5060)
(0.8599)
(0.3336)
G4(0.1517)
(0.3171)
(0.0585)
A1(-3.9087)
(8.7514)
(3.6979)
A2(-0.3926)
(10.0700)
(1.4126)
A3(-3.0502)
(8.2504)
(-5.2194)
A4(-0.4501)
(8.9926)
(-4.8650)
G1(0.9094)
(-0.3672)
(0.4406)
G2(-0.0287)
(-0.6705)
(-0.1038)
G3(-0.5608)
(0.3257)
(0.4683)
G4(0.1032)
(-0.1346)
(0.1123)
A1(-2.7016)
(11.1512)
(4.5218)
A2(-0.0958)
(9.2751)
(0.9625)
A3(-3.4620)
(8.7676)
(-4.6208)
A4(-0.2346)
(9.0597)
(-5.0087)
G1(0.5028)
(0.9253)
(0.4055)
G2(-0.0670)
(0.0649)
(0.0968)
G3(-0.6263)
(0.5390)
(0.1878)
G4(0.1623)
(0.1878)
(0.2134)
