A1(-6.0881)
(10.5956)
(11.0506)
A2(0.1963)
(8.1690)
(-0.3639)
A3(-3.2082)
(12.3541)
(-0.4262)
A4(0.1245)
(6.7900)
(-10.8697)
G1(-4.3468)
(1.0993)
(-0.4475)
G2(-1.3329)
(0.5050)
(0.2246)
G3(0.6582)
(0.2740)
(0.1985)
G4(-0.2315)
(0.2203)
(-0.2703)
A1(-7.2521)
(7.8796)
(11.8985)
A2(-1.6281)
(12.0764)
(2.1117)
A3(-7.5561)
(15.5671)
(-7.4029)
A4(-2.4325)
(10.3334)
(-4.1372)
G1(-3.5300)
(3.8190)
(-0.8290)
G2(-0.9823)
(0.8924)
(0.7524)
G3(1.3047)
(-1.4718)
(-0.5827)
G4(-0.3762)
(1.4835)
(-0.0772)
A1(-9.5801)
(11.3476)
(7.2090)
A2(3.6105)
(15.5336)
(-3.7350)
A3(-7.3023)
(18.3204)
(-6.2632)
A4(0.6321)
(8.7532)
(-4.1372)
G1(-2.7936)
(4.5240)
(-2.5440)
G2(-0.3017)
(2.0109)
(0.4310)
G3(1.5043)
(-0.1086)
(-1.6527)
G4(-0.3336)
(1.1488)
(-0.0745)
A1(-8.4784)
(8.0856)
(-4.0907)
A2(-2.8108)
(9.4619)
(8.3318)
A3(-9.0501)
(-6.4739)
(-10.3477)
A4(0.3831)
(7.7237)
(-6.4212)
G1(2.7819)
(3.1629)
(-3.3640)
G2(-0.4821)
(-0.5098)
(0.8051)
G3(6.5008)
(-3.2001)
(-5.7915)
G4(-0.7535)
(0.1937)
(0.4103)
A1(-9.7765)
(8.0185)
(-0.7233)
A2(-2.5809)
(8.1068)
(5.2529)
A3(-5.5306)
(-13.7762)
(-5.6216)
A4(3.1891)
(9.7444)
(-2.1739)
G1(5.0806)
(5.6979)
(-3.4603)
G2(-0.6194)
(4.0350)
(0.4544)
G3(6.0938)
(-6.0948)
(-5.5446)
G4(-0.5231)
(0.5087)
(0.3060)
A1(-1.0203)
(3.3674)
(8.2484)
A2(2.6576)
(10.4531)
(9.3518)
A3(-16.9749)
(-21.6053)
(-13.1202)
A4(-3.3806)
(8.6718)
(-4.1803)
G1(7.0888)
(-0.1298)
(-1.3005)
G2(0.3767)
(-2.8378)
(0.8466)
G3(-2.8149)
(-5.0391)
(-3.5907)
G4(-0.0287)
(1.6203)
(0.3719)
A1(-27.7583)
(1.2742)
(27.3128)
A2(0.4741)
(7.7764)
(4.6017)
A3(-5.9233)
(-3.8068)
(-12.3637)
A4(6.8139)
(5.0613)
(-2.5570)
G1(-3.5737)
(4.3149)
(1.8310)
G2(0.7375)
(-0.1958)
(0.4794)
G3(-2.0619)
(0.2341)
(-3.6710)
G4(-0.4581)
(-1.1861)
(0.6540)
A1(-11.3428)
(4.4452)
(0.4742)
A2(5.9999)
(9.9168)
(1.4892)
A3(-22.2804)
(-2.1069)
(-9.3518)
A4(-3.5961)
(10.6207)
(0.7709)
G1(-1.5820)
(2.7734)
(0.8530)
G2(-0.2554)
(-0.3555)
(-0.2474)
G3(-0.4858)
(-6.3678)
(0.3257)
G4(0.1442)
(2.0151)
(-0.3783)
A1(2.9602)
(-3.4249)
(0.1389)
A2(12.5456)
(4.1420)
(-6.9623)
A3(3.9025)
(9.6630)
(-6.5170)
A4(7.1012)
(6.6750)
(-2.0159)
G1(-2.0231)
(-0.6758)
(0.5417)
G2(-0.0325)
(-2.6148)
(-0.7040)
G3(-0.0601)
(0.5997)
(-0.1830)
G4(-0.0170)
(-1.6219)
(0.2086)
A1(-13.0002)
(7.5587)
(2.5914)
A2(1.0343)
(4.6208)
(5.3439)
A3(-2.6911)
(0.9290)
(-1.3312)
A4(1.6664)
(8.3175)
(-4.8507)
G1(-1.3595)
(-1.2914)
(2.0752)
G2(-0.0633)
(1.1504)
(-0.2884)
G3(3.0006)
(-1.6219)
(2.4929)
G4(0.2570)
(-1.0993)
(0.0197)
A1(-9.2496)
(4.4931)
(-4.4835)
A2(9.5624)
(7.4747)
(2.8108)
A3(-10.7260)
(10.2185)
(-6.1387)
A4(0.6656)
(9.3805)
(-4.6208)
G1(0.0213)
(-1.1510)
(2.6435)
G2(-0.1330)
(-0.5374)
(-0.3108)
G3(0.3251)
(-1.9853)
(3.9291)
G4(0.1149)
(-0.8961)
(-0.0431)
A1(-6.3755)
(6.2462)
(4.0188)
A2(1.4748)
(9.2512)
(1.4700)
A3(-7.4508)
(-1.9680)
(-6.0190)
A4(0.4070)
(9.0453)
(-4.4676)
G1(0.6524)
(-1.8065)
(3.1049)
G2(0.2006)
(-0.0841)
(-0.5417)
G3(-0.7567)
(2.9639)
(3.3874)
G4(0.0686)
(-0.1676)
(-0.1958)
A1(-7.1755)
(8.4257)
(1.3652)
A2(3.0263)
(11.2719)
(2.2075)
A3(-8.1355)
(0.6129)
(-6.5888)
A4(0.2873)
(9.2320)
(-3.4764)
G1(1.5240)
(-2.8346)
(2.8617)
G2(0.2448)
(-1.0429)
(-0.4959)
G3(-1.2909)
(3.7599)
(3.0213)
G4(0.0676)
(0.2182)
(-0.3076)
A1(-7.6689)
(9.5130)
(4.8810)
A2(-0.1772)
(10.1179)
(1.5227)
A3(-5.6216)
(6.7564)
(-8.7819)
A4(1.1444)
(9.5624)
(-4.1803)
G1(1.5804)
(-0.2097)
(1.8863)
G2(0.3033)
(-0.5890)
(-0.3810)
G3(-2.8750)
(3.6391)
(2.1348)
G4(0.0740)
(-0.3805)
(0.1261)
A1(0.1485)
(9.0628)
(7.4437)
A2(0.2442)
(9.1123)
(2.1069)
A3(-6.3111)
(9.5050)
(-9.1315)
A4(-0.0479)
(9.1028)
(-4.1515)
G1(1.5085)
(-0.6311)
(1.0887)
G2(0.4252)
(0.2522)
(-0.1735)
G3(-2.8383)
(1.8060)
(2.2615)
G4(0.0782)
(-0.5236)
(0.0968)
A1(-3.5686)
(7.1372)
(1.3029)
A2(0.3112)
(9.3853)
(1.7334)
A3(-6.1962)
(11.6933)
(-5.2050)
A4(1.6951)
(9.0070)
(-4.9704)
G1(1.2957)
(-1.5947)
(1.2835)
G2(0.3746)
(-1.2249)
(-0.1288)
G3(-1.4564)
(0.6353)
(0.9147)
G4(0.3916)
(0.0750)
(0.0415)
A1(-4.0620)
(11.8218)
(0.4263)
A2(-1.8387)
(9.4523)
(-0.0335)
A3(-1.9632)
(7.3789)
(-4.5969)
A4(0.4788)
(8.1451)
(-6.7708)
G1(1.4388)
(-2.4264)
(-0.2331)
G2(0.0277)
(-0.0979)
(-0.1916)
G3(-1.7613)
(0.5566)
(0.4571)
G4(0.2293)
(-0.0479)
(0.0559)
A1(-2.3471)
(9.1202)
(-0.1150)
A2(0.7135)
(8.9974)
(1.7047)
A3(-4.8650)
(19.2254)
(-3.7445)
A4(0.8667)
(7.9248)
(-6.3494)
G1(0.8083)
(-0.2618)
(-0.1027)
G2(-0.0878)
(0.9424)
(-0.0452)
G3(0.1607)
(0.5880)
(-0.2426)
G4(-0.0718)
(-0.0144)
(0.1341)
A1(-1.5759)
(10.5860)
(-0.0623)
A2(1.1540)
(11.0708)
(-1.3072)
A3(-0.5746)
(10.3956)
(-4.9273)
A4(-2.0638)
(7.1778)
(-6.4452)
G1(0.9690)
(0.7881)
(0.1910)
G2(0.1926)
(1.6187)
(-0.2038)
G3(-0.0213)
(-0.0495)
(-0.2512)
G4(-0.2246)
(0.4879)
(0.1517)
A1(-3.4776)
(9.4172)
(0.4598)
A2(-0.5555)
(9.8928)
(0.3112)
A3(-1.5179)
(9.1506)
(-3.9887)
A4(4.8076)
(9.4523)
(-3.3902)
G1(0.5848)
(0.0234)
(-0.0915)
G2(-0.1575)
(-1.0983)
(0.2187)
G3(-0.2118)
(0.1884)
(0.1107)
G4(-0.2996)
(0.8503)
(-0.1304)
