A1(1.6095)
(7.1324)
(-1.7148)
A2(2.2027)
(9.3709)
(-0.3974)
A3(-0.1341)
(9.5193)
(-2.3272)
A4(3.9217)
(14.5567)
(2.4612)
G1(-1.0797)
(-0.1224)
(-0.2112)
G2(0.0383)
(0.3613)
(0.0548)
G3(0.4092)
(-0.4049)
(0.1304)
G4(0.3523)
(0.7003)
(-0.4379)
A1(-4.0476)
(7.8317)
(-2.2992)
A2(4.6112)
(8.8155)
(-2.1356)
A3(3.1747)
(7.9296)
(-5.0278)
A4(5.5306)
(20.1257)
(-6.2441)
G1(-0.5236)
(-1.8746)
(0.2868)
G2(0.2272)
(-0.0830)
(0.2772)
G3(0.4991)
(-0.1261)
(0.0814)
G4(1.7528)
(0.0633)
(1.2366)
A1(-0.6610)
(6.6150)
(-0.2778)
A2(5.7988)
(8.4084)
(2.8299)
A3(4.9895)
(6.4691)
(-9.2225)
A4(-5.9711)
(22.4432)
(-15.4713)
G1(-0.6784)
(-0.1788)
(-1.1797)
G2(-1.7666)
(0.2969)
(0.0426)
G3(-0.0756)
(-0.2293)
(-0.0048)
G4(4.1377)
(-0.4172)
(3.0847)
A1(0.0575)
(9.0388)
(-0.2060)
A2(9.5193)
(5.5881)
(7.6327)
A3(6.6319)
(8.4898)
(-3.7350)
A4(0.1820)
(-1.5419)
(-12.4594)
G1(-0.5204)
(-1.9529)
(-0.3310)
G2(-6.0906)
(-2.0348)
(2.7255)
G3(-0.1219)
(-1.1196)
(0.2214)
G4(2.2546)
(3.1485)
(5.9096)
A1(3.0992)
(11.1129)
(8.9957)
A2(12.9478)
(12.3541)
(7.2832)
A3(4.5346)
(8.3414)
(-5.1715)
A4(5.6455)
(-8.4324)
(-1.6137)
G1(0.3922)
(0.4459)
(-1.1893)
G2(-4.8497)
(-2.5371)
(2.7883)
G3(-0.6689)
(-1.7927)
(0.0867)
G4(-0.1000)
(5.7894)
(2.7420)
A1(-0.2299)
(2.7447)
(3.0417)
A2(10.8553)
(4.3431)
(4.1037)
A3(1.7909)
(6.5218)
(-6.4500)
A4(0.2777)
(-11.0038)
(-0.9290)
G1(0.5098)
(-1.7028)
(-0.1618)
G2(-3.5050)
(-2.8878)
(2.9282)
G3(-1.3665)
(-2.1934)
(0.0383)
G4(-1.0195)
(3.8344)
(2.6547)
A1(-16.0993)
(6.4474)
(2.6441)
A2(3.6919)
(1.5802)
(2.7725)
A3(-0.2298)
(9.9407)
(6.2010)
A4(11.1618)
(9.7875)
(17.7602)
G1(-0.0112)
(1.4527)
(0.0511)
G2(0.7189)
(-4.1446)
(2.6297)
G3(-1.1632)
(-1.6400)
(-0.3650)
G4(2.4185)
(-2.9569)
(3.5199)
A1(2.7112)
(8.6796)
(3.3482)
A2(1.3408)
(4.3239)
(-0.1532)
A3(-5.9807)
(10.3956)
(-0.1293)
A4(8.5377)
(-26.5852)
(-14.7579)
G1(-0.2203)
(-0.4927)
(-0.1735)
G2(3.0682)
(-2.7606)
(1.6405)
G3(-0.3613)
(0.1985)
(-0.5837)
G4(-1.3569)
(5.7920)
(-7.5065)
A1(-4.1961)
(10.0495)
(3.6021)
A2(7.1970)
(-6.5553)
(0.7997)
A3(3.4141)
(8.8202)
(-2.0111)
A4(5.5833)
(3.1699)
(-2.4565)
G1(0.2607)
(0.1634)
(0.3118)
G2(3.9121)
(-4.3479)
(0.9147)
G3(-0.4491)
(-0.5593)
(0.4832)
G4(-1.1616)
(0.6566)
(-0.6348)
A1(-3.2237)
(8.6316)
(3.0848)
A2(29.2859)
(8.9830)
(-16.4482)
A3(-0.9577)
(9.0597)
(-3.0071)
A4(-4.4819)
(-4.1946)
(-1.6903)
G1(0.4220)
(0.1187)
(0.0873)
G2(0.7120)
(-4.6586)
(0.3837)
G3(0.1591)
(0.9770)
(0.1735)
G4(-2.0417)
(-0.6119)
(-4.9582)
A1(-0.3257)
(9.4028)
(2.7112)
A2(7.7812)
(-5.2625)
(3.4381)
A3(2.4038)
(9.3374)
(-0.4310)
A4(19.8671)
(-3.1603)
(-4.2282)
G1(0.2474)
(0.5646)
(-0.0218)
G2(-1.3324)
(-2.9330)
(-1.4298)
G3(0.0351)
(0.2629)
(0.2597)
G4(1.5186)
(0.6886)
(-4.1366)
A1(-1.0825)
(8.9334)
(1.9495)
A2(3.9217)
(-0.2538)
(1.3024)
A3(0.9864)
(9.9982)
(0.4022)
A4(9.0453)
(0.2729)
(-6.4260)
G1(0.4193)
(-0.7769)
(0.4645)
G2(-2.0433)
(6.5860)
(-1.3909)
G3(0.4874)
(0.3065)
(0.3081)
G4(-0.9594)
(-1.1605)
(-3.3065)
A1(-0.8622)
(10.1309)
(0.9915)
A2(8.9735)
(1.2737)
(0.2298)
A3(2.3463)
(9.0405)
(-2.1691)
A4(4.8937)
(4.7501)
(-6.9001)
G1(0.7380)
(0.3523)
(0.0926)
G2(0.5981)
(-1.9949)
(-1.5479)
G3(0.6651)
(0.8977)
(0.1548)
G4(-0.9259)
(-0.5412)
(-2.3674)
A1(1.3604)
(9.0867)
(-2.2513)
A2(6.5553)
(2.9497)
(3.0933)
A3(1.5610)
(8.3270)
(-4.0845)
A4(6.8235)
(6.9767)
(-6.4356)
G1(0.7678)
(0.1979)
(-0.1830)
G2(0.1995)
(1.0408)
(-1.6613)
G3(0.6327)
(0.3682)
(-0.0633)
G4(-0.8615)
(-1.0195)
(-1.6171)
A1(0.7089)
(9.9393)
(0.0335)
A2(11.7268)
(3.8307)
(0.9290)
A3(2.9640)
(9.1075)
(-3.0454)
A4(7.8530)
(8.0828)
(-7.3885)
G1(0.2251)
(-0.0952)
(0.1889)
G2(1.3595)
(2.1700)
(-1.8060)
G3(0.1862)
(0.3214)
(0.0277)
G4(-0.7306)
(-1.4984)
(-0.3858)
A1(-2.4956)
(8.6508)
(-0.3257)
A2(10.4483)
(4.1420)
(3.7924)
A3(2.5570)
(9.5720)
(-2.6911)
A4(4.7932)
(9.6391)
(-7.9104)
G1(0.3491)
(-1.1925)
(-0.1522)
G2(1.4399)
(0.5199)
(-1.7097)
G3(0.0660)
(-0.6066)
(0.2363)
G4(-0.6087)
(-2.1311)
(0.1250)
A1(-1.5376)
(9.1729)
(-0.9532)
A2(7.2592)
(6.5170)
(3.1891)
A3(0.6943)
(8.6670)
(-3.4429)
A4(3.2609)
(10.1035)
(-4.8554)
G1(0.4901)
(0.4534)
(-0.1740)
G2(1.7331)
(1.0552)
(-2.1870)
G3(-0.0351)
(-0.4640)
(0.1485)
G4(-0.4826)
(-1.4793)
(-0.3081)
A1(-1.1209)
(10.2507)
(-1.6717)
A2(6.4308)
(7.3837)
(0.4597)
A3(1.2498)
(8.2217)
(-5.4971)
A4(3.5338)
(9.1602)
(-5.2960)
G1(0.2203)
(0.8019)
(-0.1825)
G2(1.8363)
(-0.6763)
(-1.3313)
G3(-0.0138)
(0.6859)
(-0.1772)
G4(-0.3512)
(0.2363)
(-0.6396)
A1(-0.2874)
(9.4124)
(-0.2108)
A2(4.8219)
(7.8051)
(1.1349)
A3(2.1979)
(8.7293)
(-3.6631)
A4(3.1364)
(8.2504)
(-5.0470)
G1(0.3363)
(0.7971)
(-0.2932)
G2(0.9211)
(-0.4411)
(-1.0653)
G3(0.0064)
(0.9892)
(-0.2559)
G4(-0.3608)
(0.3070)
(-0.8413)
A1(-0.5652)
(9.9010)
(-0.3880)
A2(5.3486)
(8.3318)
(0.3735)
A3(2.5666)
(9.0022)
(-4.1611)
A4(1.3408)
(10.2472)
(-4.3479)
G1(1.4755)
(0.9647)
(-0.2836)
G2(0.1963)
(1.2600)
(-0.8290)
G3(-0.2198)
(0.4842)
(-0.2395)
G4(0.2618)
(-0.3884)
(-0.0926)
