A1(-13.7522)
(12.8134)
(7.4437)
A2(1.2019)
(9.5816)
(0.7230)
A3(-2.1548)
(12.1530)
(0.1724)
A4(0.9098)
(11.4108)
(-6.7995)
G1(-3.7610)
(0.8977)
(-0.3406)
G2(-0.8892)
(0.4427)
(0.1751)
G3(1.0557)
(0.7684)
(-0.0825)
G4(0.6423)
(1.0318)
(-0.4198)
A1(-6.7635)
(9.3454)
(13.5558)
A2(-2.4229)
(8.8202)
(-0.3639)
A3(-13.0053)
(18.5694)
(-7.3454)
A4(-3.0215)
(10.0221)
(-5.5210)
G1(-4.4878)
(4.6757)
(-1.4261)
G2(-0.9158)
(0.7497)
(0.6130)
G3(1.5006)
(0.0096)
(-0.7599)
G4(0.0479)
(0.7056)
(0.0282)
A1(-10.2315)
(13.0050)
(3.6452)
A2(-1.1253)
(10.7978)
(-1.0534)
A3(-3.9025)
(18.6987)
(-10.5441)
A4(0.3496)
(8.9591)
(-6.8426)
G1(-2.0422)
(3.3369)
(-3.7817)
G2(-0.8929)
(1.4074)
(1.1680)
G3(1.7783)
(-0.2160)
(-1.4122)
G4(-0.0399)
(0.7231)
(-0.0654)
A1(-10.2411)
(5.7337)
(-2.8788)
A2(1.3791)
(8.8442)
(6.9863)
A3(-8.2552)
(-2.0494)
(-10.5632)
A4(-3.5291)
(5.0470)
(-6.7900)
G1(2.4312)
(6.0198)
(-3.1969)
G2(-0.8849)
(-0.1229)
(1.0669)
G3(6.6700)
(-5.5686)
(-7.4038)
G4(-1.1222)
(0.7998)
(0.0325)
A1(-0.8574)
(8.2484)
(7.2952)
A2(3.8068)
(13.7475)
(3.8547)
A3(-9.5864)
(-13.9295)
(-0.0096)
A4(1.6041)
(10.1610)
(0.9050)
G1(5.8777)
(1.8134)
(-1.2446)
G2(0.8184)
(4.0180)
(0.9546)
G3(-0.4949)
(-6.0586)
(-4.1143)
G4(-0.7721)
(1.9821)
(0.2166)
A1(-0.0527)
(-7.9131)
(-1.0346)
A2(8.0732)
(11.3102)
(0.9385)
A3(-8.4084)
(-2.4469)
(-9.0261)
A4(0.7230)
(8.5712)
(-3.0071)
G1(4.4932)
(-1.3441)
(-1.4532)
G2(1.4553)
(-0.7944)
(1.3771)
G3(-0.8775)
(-1.4351)
(-3.7828)
G4(-0.7152)
(0.7434)
(0.3006)
A1(-18.7722)
(3.2429)
(-24.1705)
A2(7.0485)
(1.1157)
(3.6919)
A3(-9.5193)
(42.0853)
(0.8045)
A4(1.5179)
(10.4004)
(0.3879)
G1(1.1712)
(-1.1446)
(-0.5076)
G2(1.2068)
(-0.0734)
(-0.3299)
G3(0.4065)
(0.1016)
(3.5540)
G4(-0.4411)
(0.5076)
(-0.4230)
A1(-3.1614)
(-3.6500)
(6.9408)
A2(17.4298)
(3.5626)
(3.7014)
A3(-2.5091)
(-17.1473)
(-5.7940)
A4(4.3958)
(7.6710)
(-5.6072)
G1(-0.7524)
(0.7322)
(0.5050)
G2(0.3991)
(-0.2261)
(-0.8093)
G3(0.5316)
(-1.3127)
(0.5859)
G4(-0.1368)
(-2.1183)
(0.0383)
A1(-9.1346)
(-3.5350)
(0.6946)
A2(0.8811)
(8.9591)
(7.6423)
A3(-12.6462)
(1.4030)
(-4.2090)
A4(-0.8667)
(9.2847)
(-4.1659)
G1(-1.4692)
(-2.0965)
(1.1238)
G2(0.6183)
(0.0101)
(0.5231)
G3(-1.4819)
(-0.1086)
(0.2591)
G4(-0.0069)
(-0.4033)
(-0.4193)
A1(-4.1673)
(5.1685)
(1.0586)
A2(5.8514)
(9.0884)
(2.7054)
A3(-5.3151)
(11.0038)
(0.7661)
A4(4.0845)
(8.5760)
(-2.2984)
G1(-0.7700)
(-3.9350)
(2.1082)
G2(0.0527)
(-1.1808)
(-0.6960)
G3(0.7013)
(-0.8727)
(2.7734)
G4(0.0527)
(-1.1744)
(-0.0862)
A1(-11.1560)
(3.2429)
(1.3077)
A2(3.2465)
(8.0302)
(2.0399)
A3(-10.4818)
(-4.9368)
(-3.4046)
A4(-0.9960)
(8.1307)
(-4.7645)
G1(0.4039)
(-0.2687)
(3.1911)
G2(0.5428)
(0.2474)
(-0.8482)
G3(2.8835)
(2.0550)
(2.4291)
G4(0.3922)
(-0.1378)
(-0.3640)
A1(-7.8126)
(7.9371)
(3.3961)
A2(0.7661)
(6.9671)
(3.1460)
A3(-10.3477)
(-1.7382)
(-5.8945)
A4(0.9337)
(8.6622)
(-5.0470)
G1(1.0169)
(-1.6011)
(2.6196)
G2(0.1016)
(-1.5112)
(-0.5475)
G3(-0.8099)
(3.3677)
(2.0651)
G4(-0.0048)
(-0.3842)
(-0.2208)
A1(-10.6339)
(7.0318)
(3.4776)
A2(-0.2729)
(11.4730)
(1.5467)
A3(-10.0365)
(1.8244)
(-7.7333)
A4(0.1149)
(9.1554)
(-4.0127)
G1(1.0797)
(-2.3301)
(1.7464)
G2(0.0841)
(-0.0330)
(-0.3789)
G3(-1.5085)
(3.3768)
(0.9243)
G4(-0.0968)
(-0.2873)
(-0.1825)
A1(-6.8450)
(8.5119)
(3.3482)
A2(1.9728)
(9.8833)
(0.8380)
A3(-8.5377)
(5.7557)
(-9.0980)
A4(0.1676)
(9.3470)
(-3.0071)
G1(1.2712)
(-1.4191)
(1.0626)
G2(0.4970)
(-0.7742)
(-0.4778)
G3(-1.7799)
(1.6495)
(0.9716)
G4(0.0399)
(-0.2070)
(-0.1607)
A1(-5.4846)
(9.2017)
(4.5074)
A2(-0.7901)
(9.0405)
(1.7047)
A3(-5.6886)
(8.8681)
(-7.2592)
A4(-0.5555)
(9.5816)
(-4.7501)
G1(0.7386)
(-1.4197)
(0.7093)
G2(0.3006)
(-0.5566)
(-0.3347)
G3(-1.4021)
(0.5885)
(1.3851)
G4(0.1958)
(-0.3416)
(0.0479)
A1(-5.4798)
(8.1239)
(3.9997)
A2(-0.4741)
(9.1794)
(2.1787)
A3(-5.2912)
(8.4755)
(-6.4548)
A4(0.1867)
(8.4515)
(-5.2337)
G1(0.8737)
(-0.7460)
(0.7338)
G2(0.2927)
(-0.1266)
(-0.2783)
G3(-1.8475)
(-0.1054)
(1.8470)
G4(0.2203)
(-0.1447)
(0.0931)
A1(-5.8726)
(9.5226)
(3.4345)
A2(-0.8619)
(10.6159)
(2.4948)
A3(-4.1180)
(7.9200)
(-5.8179)
A4(0.2155)
(8.8825)
(-4.9943)
G1(1.1829)
(-0.4039)
(0.2453)
G2(-0.1485)
(-0.6295)
(-0.2841)
G3(-1.0786)
(0.5055)
(0.7923)
G4(0.0585)
(-0.2501)
(0.1266)
A1(-2.2130)
(10.5237)
(4.3589)
A2(-0.6560)
(10.2328)
(0.6560)
A3(-3.3998)
(7.9392)
(-4.3814)
A4(-0.3735)
(8.4467)
(-5.4061)
G1(0.3022)
(0.7960)
(0.2102)
G2(0.1756)
(-0.9881)
(-0.0229)
G3(-1.7879)
(1.2717)
(-0.3379)
G4(0.0580)
(-0.0090)
(0.1048)
A1(-4.5026)
(8.9478)
(0.2826)
A2(-0.7518)
(9.4810)
(1.7621)
A3(5.6790)
(13.8864)
(-4.0941)
A4(0.2011)
(8.9256)
(-4.9033)
G1(0.9998)
(-0.8955)
(0.1548)
G2(0.0644)
(-0.6066)
(-0.0277)
G3(-0.1373)
(0.2953)
(0.2964)
G4(0.0431)
(-0.0059)
(0.2937)
A1(-2.0501)
(10.0639)
(-1.1640)
A2(0.3017)
(9.8641)
(0.3112)
A3(-2.0877)
(7.7237)
(-3.7206)
A4(0.3879)
(8.5281)
(-5.3630)
G1(0.8934)
(0.1458)
(0.1591)
G2(0.0697)
(0.3943)
(-0.1256)
G3(-0.2794)
(-0.5688)
(0.3533)
G4(-0.1101)
(0.1958)
(0.2224)
