A1(-11.4051)
(10.9740)
(11.9511)
A2(0.3879)
(7.2113)
(0.4980)
A3(-2.5474)
(11.1809)
(-0.4214)
A4(-1.0439)
(6.2776)
(-14.1066)
G1(-4.5395)
(0.5949)
(-0.4443)
G2(-1.3697)
(-0.1942)
(0.1852)
G3(0.6385)
(0.5688)
(0.0383)
G4(-0.0803)
(0.4454)
(-0.1426)
A1(-7.7647)
(8.6077)
(11.1129)
A2(-1.1971)
(10.3382)
(-1.2785)
A3(-12.2009)
(15.2894)
(-9.7157)
A4(-3.8068)
(8.7484)
(-6.7038)
G1(-3.3300)
(3.0400)
(-1.6873)
G2(-1.4410)
(1.5974)
(0.6066)
G3(0.8721)
(-2.1002)
(0.1543)
G4(-0.3592)
(1.4149)
(-0.5917)
A1(-11.6254)
(13.7714)
(7.2425)
A2(0.9337)
(15.4139)
(-1.3934)
A3(-5.9185)
(16.8935)
(-8.3031)
A4(-2.8922)
(10.4052)
(-5.3870)
G1(-2.2844)
(5.1647)
(-3.0314)
G2(-0.7854)
(1.7916)
(0.5710)
G3(1.4660)
(-2.0130)
(-0.9615)
G4(-0.6747)
(0.8402)
(0.0937)
A1(-4.3925)
(8.9957)
(2.0310)
A2(0.8906)
(12.0093)
(9.1602)
A3(-7.4939)
(0.4501)
(-11.5113)
A4(2.6336)
(7.3119)
(-3.3471)
G1(1.0568)
(2.6989)
(-2.6882)
G2(-0.0788)
(-1.2526)
(1.1685)
G3(4.8603)
(-3.7796)
(-5.2083)
G4(-1.2329)
(0.7471)
(0.0617)
A1(-2.0501)
(5.2259)
(-2.3232)
A2(-7.9679)
(11.1474)
(7.2544)
A3(-2.0925)
(-6.3542)
(-5.8419)
A4(0.8236)
(8.6335)
(1.2354)
G1(4.3628)
(4.0478)
(-3.0006)
G2(-0.5630)
(3.7455)
(-0.3145)
G3(3.4257)
(-4.7087)
(-5.2759)
G4(-0.9323)
(0.5981)
(0.3597)
A1(0.1437)
(10.8973)
(9.8340)
A2(6.4883)
(6.9623)
(10.9415)
A3(-12.8425)
(-16.5152)
(-12.8760)
A4(-1.8483)
(8.9160)
(-3.9887)
G1(5.4845)
(5.5989)
(-0.9057)
G2(1.0094)
(-2.0720)
(0.8727)
G3(-3.1070)
(-4.8587)
(-4.9774)
G4(-0.2293)
(1.3399)
(0.3044)
A1(1.3652)
(-5.8295)
(17.4789)
A2(3.6152)
(3.0023)
(-1.9585)
A3(-7.4077)
(1.6951)
(-9.2703)
A4(5.6934)
(7.9344)
(-1.0534)
G1(0.0490)
(-0.8860)
(-0.6843)
G2(0.2772)
(-0.6838)
(-0.5444)
G3(-2.9538)
(1.8784)
(-5.5590)
G4(-0.2331)
(0.6247)
(-0.2144)
A1(-18.0872)
(2.5291)
(-7.0893)
A2(5.2529)
(9.8641)
(-0.7901)
A3(1.9968)
(25.1870)
(12.5408)
A4(-7.1635)
(10.8314)
(0.4310)
G1(-2.8495)
(0.5848)
(1.3734)
G2(0.3448)
(0.4832)
(0.0330)
G3(-0.1235)
(-0.6433)
(0.8375)
G4(0.1474)
(1.2989)
(-0.4363)
A1(-2.8980)
(1.3125)
(3.3147)
A2(3.6440)
(15.5049)
(2.9544)
A3(-4.4628)
(3.7493)
(2.9688)
A4(1.4653)
(9.7492)
(-1.3408)
G1(-1.8784)
(-4.0036)
(1.6538)
G2(-0.0277)
(-0.2246)
(-0.0665)
G3(-1.0131)
(-1.2249)
(2.3296)
G4(0.4464)
(-1.0408)
(-0.1394)
A1(-18.3075)
(9.5178)
(-2.2657)
A2(-3.8595)
(4.4149)
(3.5051)
A3(3.8595)
(-3.3088)
(-2.1548)
A4(-0.7470)
(7.9775)
(-2.2889)
G1(-0.7758)
(-3.4880)
(2.6574)
G2(0.2943)
(0.9477)
(-0.0229)
G3(-0.1591)
(0.7285)
(2.7239)
G4(0.3741)
(-1.1009)
(0.1447)
A1(-8.7658)
(5.0200)
(2.6106)
A2(-0.1963)
(10.3669)
(2.0782)
A3(-5.3199)
(-3.8451)
(-4.1420)
A4(2.3607)
(9.2847)
(-3.5530)
G1(-0.7822)
(-0.1128)
(2.3855)
G2(-0.1155)
(-0.9190)
(-0.3038)
G3(0.4268)
(3.3167)
(2.3067)
G4(0.0005)
(-0.7471)
(-0.1405)
A1(-7.8030)
(6.6342)
(1.7244)
A2(-1.0870)
(7.3454)
(2.0207)
A3(-11.6981)
(1.3120)
(-6.1052)
A4(0.7470)
(9.3709)
(-3.4285)
G1(0.2198)
(-1.6198)
(1.8954)
G2(-0.0314)
(0.0314)
(-0.1160)
G3(-0.9674)
(1.8273)
(3.3278)
G4(-0.0032)
(-0.3480)
(-0.1320)
A1(-9.2831)
(7.5108)
(2.6249)
A2(1.8100)
(9.1123)
(0.9146)
A3(-8.5712)
(3.8499)
(-6.0047)
A4(1.2881)
(9.4236)
(-4.3191)
G1(0.6093)
(-1.5272)
(1.4697)
G2(0.1447)
(-1.0828)
(-0.3496)
G3(-0.8620)
(2.1423)
(1.9156)
G4(0.1250)
(-0.3097)
(-0.1426)
A1(-5.3026)
(8.1143)
(4.8571)
A2(0.9912)
(9.1602)
(1.0918)
A3(-8.4707)
(6.0861)
(-7.5226)
A4(0.3352)
(8.8250)
(-3.7302)
G1(1.1148)
(-1.1701)
(1.5038)
G2(0.3102)
(-0.4454)
(-0.1325)
G3(-0.6625)
(1.2632)
(1.6639)
G4(0.0165)
(-0.0580)
(-0.0841)
A1(-6.5336)
(6.5336)
(0.8670)
A2(0.4022)
(10.0604)
(1.0487)
A3(-4.0366)
(6.0717)
(-6.0861)
A4(0.5076)
(9.5720)
(-3.5243)
G1(2.1359)
(-0.7572)
(2.0023)
G2(0.4113)
(-0.7966)
(-0.2208)
G3(-1.0121)
(1.4388)
(1.7411)
G4(-0.0527)
(-0.3203)
(-0.0181)
A1(-4.5170)
(8.7610)
(2.7160)
A2(-0.6033)
(8.9112)
(0.2346)
A3(-4.3383)
(8.4994)
(-6.2345)
A4(0.1580)
(9.5768)
(-3.2226)
G1(0.7253)
(-0.0474)
(0.8413)
G2(0.4491)
(0.0037)
(-0.1857)
G3(-1.0674)
(1.3015)
(1.4245)
G4(-0.0080)
(-0.5215)
(0.0857)
A1(-3.4584)
(9.5178)
(4.1290)
A2(1.2785)
(9.8785)
(-1.1444)
A3(-4.4149)
(8.5712)
(-6.3255)
A4(0.0192)
(9.0549)
(-3.9456)
G1(0.9833)
(-0.6274)
(0.6933)
G2(0.5146)
(-0.4491)
(-0.1187)
G3(-0.9945)
(1.0850)
(1.0951)
G4(-0.0176)
(-0.5353)
(0.0926)
A1(-4.3733)
(8.5358)
(2.7351)
A2(-0.4884)
(10.0126)
(0.8475)
A3(-3.1220)
(9.1267)
(-5.1667)
A4(-0.2203)
(9.1028)
(-5.2672)
G1(0.9865)
(-0.2730)
(0.1149)
G2(-0.2799)
(-0.8349)
(0.0399)
G3(-1.2010)
(0.9115)
(0.1304)
G4(-0.1857)
(-0.1059)
(0.0255)
A1(-4.1242)
(9.2927)
(2.8549)
A2(-0.4597)
(9.1411)
(-1.4030)
A3(-4.8937)
(9.2799)
(-3.8164)
A4(-0.2011)
(9.0453)
(-3.5865)
G1(0.5513)
(0.0756)
(0.3001)
G2(-0.1745)
(-0.3826)
(-0.1043)
G3(-1.4873)
(0.5156)
(-0.1607)
G4(-0.2166)
(-0.3384)
(0.1394)
A1(-1.6669)
(9.3597)
(1.3125)
A2(-1.2354)
(10.1754)
(-0.9385)
A3(-6.8426)
(8.8250)
(-2.4373)
A4(0.0431)
(9.8019)
(-1.8052)
G1(0.8386)
(0.0846)
(0.1490)
G2(-0.0521)
(-0.2480)
(-0.0229)
G3(-0.4454)
(0.5316)
(-0.1681)
G4(-0.1080)
(-0.2235)
(0.2277)
