A1(-2.2753)
(9.2208)
(2.1747)
A2(0.4645)
(9.3278)
(2.4948)
A3(-2.2697)
(8.4180)
(-4.5442)
A4(-0.2921)
(8.2169)
(-5.9472)
G1(-0.1559)
(0.1575)
(-0.0085)
G2(-0.0474)
(0.0591)
(-0.0069)
G3(-0.0074)
(0.1479)
(-0.0644)
G4(-0.0293)
(0.0319)
(-0.0303)
A1(-2.7399)
(9.1825)
(1.7915)
A2(0.1963)
(9.3182)
(2.4948)
A3(-2.3511)
(8.2265)
(-4.4580)
A4(-0.1053)
(8.2025)
(-5.6790)
G1(-0.0873)
(0.2421)
(0.0591)
G2(-0.0069)
(-0.0341)
(-0.0197)
G3(-0.0335)
(0.0915)
(-0.0495)
G4(0.0266)
(0.0383)
(-0.0223)
A1(-2.0693)
(8.5502)
(2.9028)
A2(0.1724)
(9.1889)
(2.6288)
A3(-2.2505)
(8.2983)
(-4.3191)
A4(0.0479)
(8.0062)
(-6.2489)
G1(-0.1479)
(0.1713)
(0.0793)
G2(-0.0074)
(0.1357)
(0.0277)
G3(0.0053)
(0.2841)
(-0.1197)
G4(0.0208)
(-0.0601)
(-0.0431)
A1(-3.8895)
(8.7418)
(3.1327)
A2(0.3831)
(9.4667)
(2.5139)
A3(-2.4995)
(8.5904)
(-3.2944)
A4(0.1197)
(8.2121)
(-5.3391)
G1(-0.4347)
(0.6258)
(0.2277)
G2(-0.0442)
(-0.0484)
(0.0309)
G3(0.1612)
(0.4550)
(-0.2565)
G4(0.0729)
(0.0910)
(-0.1165)
A1(-8.9143)
(8.1862)
(5.7912)
A2(0.1867)
(8.5712)
(2.6288)
A3(-3.7541)
(10.1514)
(-3.8068)
A4(-0.0096)
(5.4348)
(-9.9216)
G1(-2.0848)
(2.8213)
(-0.3810)
G2(-0.1176)
(0.2192)
(0.1809)
G3(0.8508)
(1.0711)
(-0.4709)
G4(0.0064)
(0.8977)
(-0.5848)
A1(-13.1582)
(14.2264)
(11.4386)
A2(-0.5986)
(8.5138)
(1.8818)
A3(-9.0405)
(15.2894)
(-9.1075)
A4(-4.1803)
(6.1100)
(-7.3215)
G1(-2.8351)
(1.2728)
(-2.8622)
G2(-0.4007)
(0.8450)
(0.4683)
G3(1.5053)
(0.4587)
(-0.1729)
G4(-0.6130)
(0.4613)
(0.1266)
A1(-3.2189)
(8.7754)
(2.2944)
A2(1.8292)
(14.3556)
(5.5019)
A3(-7.3310)
(-7.0916)
(-12.9478)
A4(-4.1324)
(4.4101)
(-8.4276)
G1(4.5379)
(4.1877)
(-3.2235)
G2(-0.5337)
(0.0160)
(0.2794)
G3(4.3170)
(-4.7512)
(-4.9731)
G4(-1.2388)
(4.4155)
(-2.0625)
A1(2.5579)
(-2.2226)
(-2.0741)
A2(-0.2538)
(10.1658)
(3.0406)
A3(-4.4915)
(-12.5217)
(-4.5969)
A4(-4.0558)
(19.2590)
(4.7214)
G1(4.5049)
(0.4991)
(-2.2945)
G2(0.2565)
(1.7597)
(1.2036)
G3(0.2150)
(-4.3362)
(-2.7383)
G4(-1.1547)
(1.3968)
(0.4214)
A1(-21.8761)
(1.1831)
(-5.3313)
A2(-2.5570)
(2.8204)
(3.0167)
A3(-10.7069)
(33.9594)
(13.7427)
A4(-1.4892)
(17.0754)
(5.6264)
G1(-2.4036)
(-0.3799)
(1.2302)
G2(0.5795)
(-0.7540)
(-0.0032)
G3(-0.8418)
(0.6263)
(2.4828)
G4(0.0952)
(0.1953)
(0.2990)
A1(-2.6249)
(-0.2012)
(0.1006)
A2(13.9295)
(2.3176)
(2.8156)
A3(0.7422)
(-3.6009)
(-3.3758)
A4(0.3687)
(6.1435)
(-4.5921)
G1(-1.8422)
(-1.9007)
(1.7996)
G2(0.6753)
(-0.8924)
(-0.7274)
G3(0.5624)
(0.8040)
(0.0553)
G4(0.2097)
(-1.6192)
(0.4257)
A1(-7.4485)
(5.4319)
(-0.7089)
A2(2.5809)
(9.7636)
(3.9792)
A3(-11.2049)
(0.0622)
(-5.9664)
A4(1.5658)
(9.2608)
(-5.4109)
G1(-1.1169)
(-4.1728)
(3.0059)
G2(0.0112)
(-1.2462)
(-0.2948)
G3(1.1052)
(3.2922)
(0.2703)
G4(0.5449)
(-0.1761)
(0.0591)
A1(-7.3335)
(7.2042)
(-1.0107)
A2(1.0534)
(8.7245)
(0.6273)
A3(-3.6105)
(-5.4923)
(-4.8363)
A4(0.8715)
(8.7388)
(-2.5283)
G1(2.5504)
(-1.6299)
(2.2902)
G2(-0.0729)
(-0.5193)
(-0.1602)
G3(-4.8401)
(5.1764)
(1.9539)
G4(0.1942)
(-0.6630)
(0.0905)
A1(-4.7565)
(7.4150)
(3.9278)
A2(1.1684)
(8.7580)
(3.8211)
A3(-6.6846)
(14.4945)
(-5.5450)
A4(1.9441)
(9.0740)
(-2.7007)
G1(2.2141)
(-2.3887)
(2.0135)
G2(0.5257)
(-1.3367)
(0.0032)
G3(-3.4486)
(-0.6896)
(2.7175)
G4(0.8093)
(-1.2015)
(0.3911)
A1(-16.3292)
(6.4378)
(5.6810)
A2(0.7901)
(7.7045)
(2.7964)
A3(-3.3423)
(20.3890)
(-4.8842)
A4(4.8459)
(6.1435)
(-8.8202)
G1(-0.6093)
(-1.4920)
(-0.0282)
G2(0.4635)
(-1.0632)
(0.0420)
G3(-0.3092)
(3.1937)
(0.8924)
G4(0.5757)
(-0.8290)
(1.3542)
A1(-4.4547)
(9.4268)
(0.5892)
A2(0.6847)
(10.4914)
(-2.6240)
A3(5.2002)
(10.2807)
(-6.6463)
A4(11.3677)
(7.3646)
(-6.5936)
G1(0.4592)
(-0.1596)
(-0.2538)
G2(0.1181)
(1.1621)
(-0.1490)
G3(-0.0192)
(-0.3086)
(-0.2650)
G4(-0.2448)
(-0.1038)
(0.0591)
A1(-0.3976)
(9.5226)
(1.9495)
A2(-1.5227)
(13.7475)
(1.3120)
A3(-0.7230)
(9.4188)
(-2.2745)
A4(-0.1532)
(9.4284)
(-4.4532)
G1(-0.3719)
(0.3544)
(0.0181)
G2(0.8349)
(-3.4555)
(-0.3842)
G3(-0.3858)
(-0.1532)
(0.0899)
G4(-0.2373)
(1.0009)
(-0.0915)
A1(-0.5748)
(9.0388)
(9.9633)
A2(2.0399)
(11.4634)
(-0.3208)
A3(-1.3168)
(9.5577)
(-1.4844)
A4(1.2977)
(8.6239)
(-4.4772)
G1(1.4021)
(0.6002)
(-0.0665)
G2(0.2879)
(-0.2831)
(-0.0357)
G3(-0.0878)
(0.1873)
(-0.1043)
G4(-0.0660)
(0.3124)
(-0.0229)
A1(-3.2476)
(9.1729)
(0.6179)
A2(-0.2251)
(10.3956)
(-0.1293)
A3(-0.6847)
(9.1602)
(-2.5139)
A4(1.3695)
(8.2169)
(-6.2153)
G1(0.2921)
(0.2692)
(0.0202)
G2(0.3033)
(-0.0740)
(-0.1495)
G3(0.0202)
(0.1447)
(-0.0905)
G4(-0.0388)
(0.0287)
(-0.0160)
A1(-2.4333)
(8.1910)
(-1.0442)
A2(1.0008)
(10.1610)
(-0.6608)
A3(-1.3743)
(9.2177)
(-2.7533)
A4(1.1636)
(8.2887)
(-5.1092)
G1(-0.8077)
(0.3789)
(0.4028)
G2(0.2368)
(0.1628)
(-0.1144)
G3(0.0878)
(0.1735)
(-0.1197)
G4(-0.0835)
(0.0575)
(-0.0825)
A1(-1.0586)
(8.5263)
(0.2778)
A2(0.3735)
(9.7109)
(-0.1820)
A3(-1.6855)
(8.9830)
(-2.7725)
A4(1.1444)
(8.4611)
(-5.1092)
G1(0.9402)
(0.5486)
(0.0644)
G2(0.2075)
(-0.0724)
(-0.1266)
G3(0.0718)
(0.3145)
(-0.0819)
G4(-0.0388)
(0.0894)
(-0.0564)
