A1(-6.2941)
(13.3882)
(6.9408)
A2(0.3735)
(8.4803)
(0.3160)
A3(-6.5457)
(14.3604)
(1.2115)
A4(-1.5514)
(8.4132)
(-6.2153)
G1(-3.0565)
(1.7038)
(-0.5678)
G2(-0.7588)
(0.0325)
(0.0708)
G3(0.8785)
(-0.3863)
(0.2309)
G4(0.2357)
(1.7278)
(-0.4337)
A1(-8.1814)
(14.5857)
(7.5299)
A2(-4.6591)
(10.8218)
(-0.8140)
A3(-7.9631)
(9.3470)
(-7.0916)
A4(-2.9832)
(8.9639)
(-6.9767)
G1(-2.7771)
(5.3195)
(-2.2758)
G2(-1.6575)
(1.0818)
(0.7891)
G3(2.2780)
(1.3590)
(-2.5909)
G4(-0.1245)
(1.4223)
(-0.2368)
A1(-11.1033)
(10.2794)
(0.5652)
A2(0.4022)
(11.4730)
(-1.8579)
A3(-2.2841)
(12.2392)
(-16.1034)
A4(0.1006)
(8.0110)
(-6.9001)
G1(-0.5385)
(3.8557)
(-2.7925)
G2(-0.2746)
(2.5722)
(1.3042)
G3(3.5870)
(0.6311)
(-2.5456)
G4(-0.3326)
(1.7086)
(-0.1921)
A1(-11.9176)
(7.2473)
(-3.3147)
A2(-4.5394)
(15.3468)
(4.9129)
A3(-2.7533)
(-4.3574)
(-12.2727)
A4(-4.1228)
(7.3933)
(-3.7733)
G1(3.6083)
(3.9148)
(-3.3135)
G2(-0.6917)
(0.9126)
(1.0445)
G3(5.3073)
(-3.0181)
(-6.5429)
G4(-1.1903)
(2.1056)
(-0.1399)
A1(-5.0295)
(9.7908)
(0.5748)
A2(1.5467)
(8.9016)
(3.2370)
A3(-5.9807)
(-10.2185)
(-5.8562)
A4(2.9161)
(9.8402)
(-0.1293)
G1(4.5336)
(6.6243)
(-3.8280)
G2(-0.2581)
(3.5157)
(0.6258)
G3(3.3975)
(-5.1046)
(-3.5322)
G4(-1.3888)
(0.7939)
(0.4129)
A1(-0.4407)
(-4.1051)
(12.3679)
A2(11.5975)
(5.7700)
(-1.9585)
A3(-7.7045)
(-6.6176)
(-6.9528)
A4(3.5386)
(11.1905)
(2.7150)
G1(2.3844)
(-1.9188)
(-1.6644)
G2(1.0509)
(-0.9184)
(0.2969)
G3(-0.2437)
(-2.4041)
(-3.5167)
G4(-0.2437)
(0.7348)
(0.2240)
A1(-6.2223)
(-1.9927)
(1.6957)
A2(-1.4988)
(4.3814)
(4.5969)
A3(5.9328)
(0.8475)
(-11.0564)
A4(21.5670)
(8.5329)
(-1.3168)
G1(0.1878)
(-3.5566)
(0.4342)
G2(1.1472)
(-0.9073)
(0.0255)
G3(-3.1937)
(0.4092)
(-0.8849)
G4(-0.2006)
(-2.1865)
(0.6540)
A1(-0.1868)
(-2.8405)
(0.9724)
A2(4.5203)
(5.3870)
(0.5459)
A3(-10.6446)
(6.8761)
(-8.0349)
A4(5.3103)
(9.0932)
(0.4980)
G1(-1.1573)
(-0.6295)
(0.3517)
G2(-0.2277)
(-1.2648)
(-0.1054)
G3(-0.6784)
(0.1575)
(-0.8125)
G4(0.3533)
(0.1070)
(-0.4369)
A1(-2.9028)
(-0.8526)
(0.9101)
A2(15.3325)
(7.0820)
(0.6800)
A3(-2.4229)
(-4.2952)
(-5.2672)
A4(1.7765)
(8.2265)
(-3.0598)
G1(-1.2526)
(-2.5866)
(1.4830)
G2(-0.5928)
(-1.0217)
(0.1022)
G3(-0.9461)
(0.1767)
(0.9621)
G4(0.2336)
(-2.1806)
(-0.0090)
A1(-10.0926)
(4.3254)
(-3.1997)
A2(6.6415)
(7.0246)
(2.4565)
A3(-0.4070)
(3.5434)
(-0.5698)
A4(0.8380)
(9.0357)
(-4.0223)
G1(-0.0367)
(-0.7061)
(2.2210)
G2(-0.1389)
(0.6013)
(-0.8072)
G3(-0.7444)
(-0.4550)
(3.6455)
G4(0.2400)
(0.0176)
(-0.2932)
A1(-9.7094)
(3.3051)
(1.6238)
A2(3.0119)
(8.6718)
(1.9872)
A3(-13.5703)
(-2.1356)
(-4.0462)
A4(0.6464)
(10.0078)
(-3.3710)
G1(-0.0777)
(-2.0289)
(2.8080)
G2(-0.3560)
(-2.0848)
(-0.4284)
G3(2.2753)
(1.2973)
(2.1189)
G4(0.1878)
(-0.2714)
(-0.1735)
A1(-9.0053)
(4.5697)
(2.8980)
A2(2.1069)
(9.2847)
(0.7470)
A3(-12.8808)
(1.4413)
(-5.4157)
A4(-0.4501)
(9.3374)
(-3.7637)
G1(0.2666)
(-0.9573)
(1.9922)
G2(0.5034)
(0.4097)
(-0.5662)
G3(-0.0415)
(2.0593)
(2.7457)
G4(0.1362)
(-0.1745)
(-0.2373)
A1(-8.7801)
(8.7035)
(3.5542)
A2(1.7669)
(9.9982)
(2.1404)
A3(-9.8306)
(2.0351)
(-4.7597)
A4(-0.9050)
(10.0030)
(-3.7302)
G1(0.9541)
(-1.0121)
(1.9497)
G2(0.1431)
(-0.5752)
(-0.3310)
G3(-0.0921)
(2.4413)
(1.9225)
G4(0.1522)
(0.3230)
(-0.2661)
A1(-7.3240)
(6.6486)
(4.6176)
A2(-1.2546)
(9.9742)
(1.5179)
A3(-9.4715)
(2.9975)
(-5.9903)
A4(0.9385)
(8.5760)
(-3.9169)
G1(1.3159)
(-0.2740)
(1.6123)
G2(0.3437)
(-0.3187)
(-0.3086)
G3(-1.1712)
(1.3601)
(1.9411)
G4(0.0857)
(-0.7391)
(0.0138)
A1(-6.3372)
(6.6198)
(0.8430)
A2(-0.5794)
(10.6015)
(2.6145)
A3(-7.2688)
(7.1539)
(-5.4779)
A4(0.3783)
(8.4851)
(-5.2960)
G1(1.6597)
(-0.5837)
(1.4101)
G2(0.4879)
(0.3028)
(-0.3166)
G3(-0.8913)
(1.8246)
(1.1408)
G4(0.0436)
(-0.3225)
(0.0490)
A1(-6.5671)
(7.9898)
(3.4871)
A2(2.4612)
(9.2225)
(-0.4214)
A3(-3.8164)
(10.4148)
(-4.5825)
A4(0.5267)
(9.6774)
(-4.3191)
G1(1.3276)
(-0.7343)
(1.3888)
G2(0.1485)
(-0.4097)
(-0.2767)
G3(-1.3117)
(1.4096)
(1.5511)
G4(-0.1852)
(-0.7173)
(0.1389)
A1(-5.5708)
(9.4699)
(2.7974)
A2(-0.8475)
(9.6486)
(1.4269)
A3(-4.9847)
(9.3087)
(-5.4540)
A4(1.2306)
(9.3565)
(-3.7541)
G1(1.5554)
(-0.6870)
(1.1494)
G2(0.4081)
(-0.7556)
(-0.1309)
G3(-1.5798)
(1.4505)
(1.0099)
G4(-0.1644)
(-0.5545)
(0.1219)
A1(-3.6644)
(8.8712)
(2.3375)
A2(-0.6704)
(11.2288)
(0.8188)
A3(-4.5107)
(10.5010)
(-3.7397)
A4(0.2107)
(9.6103)
(-3.8403)
G1(0.5598)
(-0.5497)
(0.6604)
G2(0.3235)
(-0.8205)
(-0.2293)
G3(-1.0983)
(0.7391)
(0.6933)
G4(-0.0782)
(-0.4821)
(0.1006)
A1(-3.3674)
(9.9106)
(1.8106)
A2(1.1205)
(9.1889)
(-1.0726)
A3(-3.1220)
(10.0556)
(-3.7302)
A4(-0.0575)
(9.0740)
(-4.0175)
G1(0.5385)
(-0.5912)
(0.6886)
G2(0.0474)
(-1.0930)
(-0.0750)
G3(-1.0791)
(0.5800)
(0.5369)
G4(-0.0777)
(-0.4459)
(0.1091)
A1(-3.5494)
(10.5381)
(1.5807)
A2(-0.5459)
(9.9455)
(1.6185)
A3(-2.1883)
(9.3134)
(-5.0661)
A4(-0.7230)
(8.7963)
(-5.6407)
G1(0.5598)
(-0.1048)
(-0.1240)
G2(-0.1006)
(-0.3485)
(-0.1144)
G3(0.0772)
(0.4358)
(0.5161)
G4(-0.1623)
(-0.0665)
(0.0947)
