A1(0.8670)
(8.0233)
(0.6371)
A2(2.2936)
(9.1411)
(-0.9625)
A3(1.7142)
(9.5433)
(-2.1835)
A4(1.4748)
(10.1275)
(-1.4509)
G1(-0.9738)
(0.4060)
(-0.1277)
G2(0.0607)
(0.2650)
(0.0532)
G3(0.3602)
(-0.0255)
(0.0702)
G4(-0.1117)
(-0.2123)
(-0.0399)
A1(0.8814)
(11.6877)
(-2.3471)
A2(2.9018)
(9.2751)
(-0.5028)
A3(0.4501)
(8.8011)
(-3.1268)
A4(7.2784)
(16.3668)
(2.3320)
G1(-1.0451)
(-2.4014)
(0.1799)
G2(0.0607)
(0.0128)
(0.1165)
G3(0.5188)
(-0.5098)
(0.3491)
G4(1.1946)
(0.2043)
(-0.5912)
A1(-0.6323)
(14.5809)
(-1.6574)
A2(4.4963)
(9.3039)
(-0.5746)
A3(1.6424)
(7.7476)
(-4.7788)
A4(19.4936)
(26.7528)
(-2.8730)
G1(-0.3501)
(-1.1084)
(-0.1373)
G2(0.5034)
(-0.3198)
(0.2272)
G3(0.4017)
(-0.4640)
(0.2384)
G4(2.2418)
(1.5351)
(-1.8065)
A1(12.3918)
(13.8528)
(10.4423)
A2(4.1515)
(6.2680)
(4.7980)
A3(3.2417)
(6.3063)
(-5.1284)
A4(-5.8562)
(21.8543)
(-19.1728)
G1(-1.0078)
(-1.0818)
(-1.5564)
G2(-3.3055)
(0.2751)
(-0.0952)
G3(-0.5555)
(0.1463)
(-0.1729)
G4(3.7716)
(-0.3459)
(4.7762)
A1(-10.5716)
(11.9943)
(-0.6802)
A2(8.1834)
(10.1562)
(12.0189)
A3(6.2393)
(7.6854)
(-3.5338)
A4(3.3758)
(-3.3423)
(-7.3406)
G1(0.5028)
(-5.1950)
(-1.0493)
G2(-6.3742)
(-3.5838)
(3.6636)
G3(-0.3368)
(-1.3335)
(-0.1213)
G4(2.7670)
(3.8748)
(6.0017)
A1(3.3387)
(1.6478)
(9.6615)
A2(7.5705)
(11.8274)
(13.1729)
A3(4.9608)
(8.5090)
(-5.6407)
A4(1.3934)
(-6.7277)
(-5.3726)
G1(-0.4677)
(-0.2192)
(-0.2517)
G2(-5.6239)
(-1.7804)
(2.3147)
G3(-0.7588)
(-2.2439)
(0.0410)
G4(2.2732)
(4.6273)
(5.2147)
A1(-3.2381)
(7.1372)
(4.1961)
A2(7.9727)
(3.0742)
(3.7206)
A3(2.6863)
(8.4755)
(2.6240)
A4(0.9529)
(-6.3207)
(-0.7087)
G1(0.1862)
(-1.5825)
(0.2107)
G2(-3.2746)
(-5.6878)
(2.0779)
G3(-1.0546)
(-1.5979)
(-0.4124)
G4(0.1740)
(2.2790)
(4.0967)
A1(-12.8613)
(6.8593)
(5.2978)
A2(7.3215)
(0.7997)
(-3.1843)
A3(-1.4892)
(9.3422)
(-0.2729)
A4(20.3699)
(75.4892)
(-13.9103)
G1(-0.5044)
(1.6655)
(-0.1554)
G2(1.6538)
(-3.1299)
(2.6494)
G3(-0.6689)
(-1.9869)
(-0.0474)
G4(0.1596)
(-4.1138)
(-0.7982)
A1(8.1958)
(12.7798)
(6.1265)
A2(4.4532)
(0.9481)
(3.3662)
A3(-4.8363)
(9.8354)
(1.2258)
A4(14.2838)
(-73.9760)
(-4.6783)
G1(0.1415)
(-1.0222)
(-0.4326)
G2(3.1203)
(-1.9475)
(1.4803)
G3(0.1612)
(0.5114)
(-0.4044)
G4(-2.3998)
(1.9960)
(3.1283)
A1(-1.1975)
(8.5406)
(3.6931)
A2(18.3827)
(7.9871)
(11.8226)
A3(5.1188)
(8.9543)
(-1.5610)
A4(16.4290)
(1.3599)
(-2.1069)
G1(0.3986)
(1.6682)
(0.4587)
G2(-1.9784)
(-5.5840)
(0.3613)
G3(-0.2618)
(-2.1300)
(0.9977)
G4(0.7013)
(0.5076)
(-1.9763)
A1(2.0837)
(9.3741)
(2.9602)
A2(39.8491)
(4.4676)
(-6.8905)
A3(-0.7757)
(9.7827)
(-2.3655)
A4(11.5209)
(1.0343)
(-3.6966)
G1(0.2985)
(0.3288)
(0.0782)
G2(0.9871)
(-1.7852)
(-0.8093)
G3(0.7503)
(2.2221)
(-0.2363)
G4(1.0871)
(1.0419)
(-5.3818)
A1(-2.5052)
(9.4747)
(1.4226)
A2(0.9912)
(-3.3806)
(2.4181)
A3(2.6001)
(9.4379)
(-0.8523)
A4(4.0845)
(0.2251)
(-5.8419)
G1(0.5092)
(0.9152)
(0.3868)
G2(-1.2936)
(4.8944)
(-1.4638)
G3(0.4837)
(0.2432)
(0.1995)
G4(-0.5039)
(-1.7421)
(-4.1946)
A1(-0.2922)
(8.5119)
(1.2981)
A2(15.6246)
(1.3024)
(2.1548)
A3(1.6520)
(8.9208)
(-2.6193)
A4(2.5666)
(4.9321)
(-8.3175)
G1(0.3565)
(1.1824)
(0.3310)
G2(0.0218)
(5.0652)
(-1.8475)
G3(0.4065)
(1.1691)
(-0.0543)
G4(-0.8210)
(-2.4110)
(-3.3571)
A1(-3.1518)
(9.6807)
(0.2970)
A2(7.8243)
(2.4229)
(0.1676)
A3(2.3750)
(9.1842)
(-3.1699)
A4(4.0462)
(9.7492)
(-9.8210)
G1(0.4720)
(0.6912)
(0.1362)
G2(1.2914)
(0.2543)
(-2.1247)
G3(0.4315)
(1.7411)
(-0.2634)
G4(-1.1350)
(-2.1290)
(-1.4229)
A1(0.9341)
(9.6567)
(0.5604)
A2(6.7133)
(7.0294)
(6.3973)
A3(0.9720)
(8.7245)
(-5.1811)
A4(5.6551)
(11.3006)
(-7.9392)
G1(0.6151)
(1.1313)
(-0.2102)
G2(0.9892)
(1.7060)
(-3.0325)
G3(0.1687)
(0.8759)
(0.0096)
G4(-1.3297)
(-1.7501)
(-0.8280)
A1(1.1927)
(9.6855)
(0.4311)
A2(11.1522)
(7.1874)
(0.9816)
A3(2.5379)
(8.9064)
(-3.5003)
A4(4.5490)
(11.5736)
(-6.2920)
G1(0.4294)
(-0.0053)
(0.1016)
G2(1.8571)
(1.5064)
(-2.8984)
G3(-0.0011)
(0.5741)
(0.0894)
G4(-1.2675)
(-1.2973)
(-0.3480)
A1(-0.7999)
(9.8579)
(0.0766)
A2(7.0198)
(9.0070)
(2.6959)
A3(4.1420)
(8.6048)
(-4.0127)
A4(3.5338)
(10.0940)
(-3.7493)
G1(0.4810)
(0.1160)
(0.1873)
G2(1.8427)
(0.2730)
(-1.8140)
G3(-0.1761)
(0.3022)
(0.0394)
G4(-1.2414)
(-0.4337)
(0.0144)
A1(-0.6802)
(10.2842)
(-0.7904)
A2(4.6495)
(8.3558)
(3.0646)
A3(2.0399)
(9.0932)
(-2.8587)
A4(4.1611)
(8.6910)
(-3.3567)
G1(0.2921)
(0.5763)
(-0.0553)
G2(1.1685)
(1.7123)
(-1.0871)
G3(-0.0841)
(0.4401)
(-0.1059)
G4(-0.2597)
(0.2091)
(0.0011)
A1(0.4598)
(9.4076)
(-1.1352)
A2(5.3103)
(8.9447)
(0.9290)
A3(1.9968)
(9.3134)
(-1.9010)
A4(1.6999)
(9.8737)
(-5.1236)
G1(0.2703)
(1.0637)
(0.0984)
G2(1.5463)
(1.1584)
(-0.7838)
G3(0.0665)
(0.1948)
(-0.0591)
G4(-0.0144)
(0.1096)
(0.1671)
A1(0.8718)
(10.9979)
(-0.3066)
A2(3.1220)
(8.1163)
(0.9960)
A3(3.2896)
(8.8298)
(-2.6719)
A4(-0.4932)
(8.8394)
(-4.9608)
G1(1.0174)
(0.2746)
(-0.2740)
G2(0.3166)
(0.7141)
(-0.2166)
G3(0.0144)
(0.2017)
(-0.1948)
G4(-0.3406)
(-0.0144)
(-0.3608)
