A1(-8.8472)
(4.8954)
(5.3026)
A2(-0.3543)
(8.8442)
(0.5171)
A3(-1.5562)
(9.9790)
(-1.4748)
A4(0.4501)
(6.1675)
(-10.7069)
G1(-3.5742)
(1.1669)
(0.6109)
G2(-0.7652)
(-0.1660)
(0.1548)
G3(0.4464)
(0.4975)
(-0.1623)
G4(0.4395)
(0.3352)
(-0.0942)
A1(-5.8582)
(14.9880)
(7.2521)
A2(-0.8667)
(8.6766)
(0.9960)
A3(-3.4477)
(14.3077)
(0.4022)
A4(-1.2977)
(6.7038)
(-9.7492)
G1(-3.1964)
(2.1923)
(-0.7285)
G2(-0.9796)
(0.3278)
(0.2033)
G3(0.9642)
(-0.2687)
(0.0947)
G4(0.2336)
(1.5032)
(-0.6055)
A1(-13.8336)
(11.7500)
(9.2448)
A2(-2.8443)
(9.9838)
(-0.3879)
A3(-5.1140)
(10.6638)
(-11.9327)
A4(-2.3607)
(8.0924)
(-5.8466)
G1(-2.9218)
(5.9118)
(-1.9757)
G2(-1.7384)
(1.2313)
(0.8556)
G3(1.6251)
(-0.6306)
(-0.8248)
G4(-0.2549)
(1.0871)
(-0.3028)
A1(-5.1589)
(13.6133)
(0.6514)
A2(-0.0575)
(13.2878)
(-1.2977)
A3(-13.8241)
(12.3014)
(-11.6167)
A4(-1.5850)
(7.8578)
(-8.1930)
G1(-1.1121)
(4.9891)
(-2.9341)
G2(-0.3097)
(1.8565)
(1.7038)
G3(1.2356)
(-1.0238)
(-1.5846)
G4(-0.4842)
(1.4713)
(-0.2586)
A1(-9.5992)
(8.2868)
(-0.5844)
A2(-3.6200)
(10.7595)
(7.0725)
A3(-2.4421)
(-9.9551)
(-10.0604)
A4(-0.6560)
(7.5896)
(-4.8698)
G1(4.0866)
(4.5517)
(-3.1384)
G2(-1.1994)
(1.4128)
(0.4736)
G3(5.5042)
(-4.2644)
(-6.5109)
G4(-1.0972)
(1.9624)
(-0.3741)
A1(-15.9125)
(8.6221)
(-2.9938)
A2(-0.0048)
(12.6941)
(4.3144)
A3(-6.2920)
(-12.9526)
(-3.6536)
A4(-4.8028)
(9.1650)
(-3.4572)
G1(5.0859)
(0.6928)
(-3.5598)
G2(-0.0772)
(3.3092)
(0.6933)
G3(4.2846)
(-4.1686)
(-5.2424)
G4(-1.3915)
(1.4420)
(0.3533)
A1(22.4318)
(7.2856)
(27.4900)
A2(6.7756)
(6.6990)
(2.3559)
A3(-5.3391)
(-3.2226)
(-12.3397)
A4(11.6406)
(4.6448)
(4.3766)
G1(-4.8188)
(-8.6106)
(-3.7046)
G2(0.9285)
(-0.3379)
(0.2996)
G3(-0.1884)
(-0.8642)
(-1.2180)
G4(-0.8195)
(-0.8019)
(0.0883)
A1(-35.4463)
(-2.5914)
(-11.6158)
A2(-4.1276)
(10.6734)
(7.8051)
A3(-3.9887)
(30.2962)
(23.0562)
A4(1.8292)
(14.7866)
(4.7309)
G1(-1.2223)
(-7.4783)
(-0.4651)
G2(1.3117)
(-0.1165)
(0.2549)
G3(4.3963)
(4.3415)
(-0.1458)
G4(-0.1410)
(-0.3618)
(0.4651)
A1(-3.2716)
(4.0667)
(14.3989)
A2(4.3718)
(3.3998)
(2.9928)
A3(22.1033)
(-35.7406)
(-6.7373)
A4(-0.8571)
(10.1227)
(-0.3639)
G1(-2.8463)
(13.9392)
(1.6666)
G2(1.2047)
(-1.2893)
(-0.1660)
G3(0.4214)
(-2.1992)
(4.2117)
G4(0.5768)
(2.0556)
(-0.4534)
A1(-9.2687)
(7.0605)
(6.3612)
A2(-8.0732)
(16.1082)
(4.3096)
A3(2.7054)
(-4.3910)
(-3.7350)
A4(2.3990)
(9.0309)
(-4.6208)
G1(-1.9523)
(-7.0473)
(2.1375)
G2(-0.1618)
(2.1332)
(0.7215)
G3(-1.2819)
(1.6208)
(-1.3521)
G4(0.0798)
(-1.3659)
(-0.0245)
A1(-15.6491)
(8.5406)
(-1.1736)
A2(2.2745)
(6.2728)
(4.0510)
A3(-8.8969)
(-2.9592)
(-4.5729)
A4(1.1779)
(9.2943)
(-2.5139)
G1(-1.3755)
(-1.0488)
(2.4424)
G2(-0.3996)
(1.5671)
(0.2123)
G3(1.3399)
(0.2645)
(1.3303)
G4(0.2203)
(-0.6917)
(0.2820)
A1(-8.9382)
(9.2783)
(1.1592)
A2(1.1875)
(10.4818)
(2.0925)
A3(-7.5178)
(-8.1594)
(-3.9504)
A4(1.7190)
(9.1698)
(-3.3136)
G1(1.0195)
(-3.7759)
(2.7148)
G2(-0.1399)
(-1.4101)
(-0.3826)
G3(0.6577)
(4.0840)
(1.9544)
G4(0.1979)
(-0.3469)
(-0.0612)
A1(-4.8188)
(8.8376)
(5.6666)
A2(1.6712)
(8.9783)
(3.3567)
A3(-5.3343)
(-8.6622)
(-2.8874)
A4(-1.4461)
(9.5193)
(-3.2130)
G1(1.3335)
(-2.6936)
(2.5749)
G2(0.4544)
(-0.5172)
(-0.0803)
G3(-3.3337)
(5.6963)
(2.0167)
G4(0.2996)
(0.1235)
(0.0245)
A1(-10.5477)
(9.2591)
(5.3840)
A2(4.3048)
(8.9064)
(2.3128)
A3(-4.7166)
(-4.7357)
(-2.8587)
A4(2.6767)
(9.6438)
(-2.4134)
G1(2.8574)
(-2.8899)
(2.2982)
G2(0.1080)
(-0.9184)
(-0.2639)
G3(-6.1007)
(5.8107)
(2.9123)
G4(0.2868)
(0.1394)
(-0.0420)
A1(-4.3781)
(8.3490)
(6.8354)
A2(-2.7629)
(8.8490)
(3.3567)
A3(-0.8188)
(7.9823)
(-13.5895)
A4(2.5522)
(9.1028)
(-2.3415)
G1(2.8207)
(-0.2873)
(0.9408)
G2(0.4012)
(-0.2458)
(-0.3134)
G3(-6.3061)
(0.6784)
(2.4142)
G4(0.7072)
(-0.1383)
(0.2299)
A1(-4.6128)
(9.8435)
(5.6666)
A2(4.2760)
(9.5624)
(2.9161)
A3(-3.4572)
(14.8919)
(-7.4316)
A4(-0.8236)
(9.2129)
(-5.4205)
G1(1.1584)
(-0.5885)
(1.4484)
G2(0.6476)
(-0.3198)
(-0.0458)
G3(-3.9658)
(-0.7567)
(2.5472)
G4(0.6412)
(-0.4848)
(0.1602)
A1(-2.4573)
(11.4147)
(-0.7329)
A2(0.9912)
(8.7771)
(0.6416)
A3(-15.0547)
(-2.4517)
(4.2138)
A4(1.7765)
(7.4460)
(-6.9336)
G1(0.3991)
(-0.9642)
(0.1511)
G2(-0.0367)
(-0.5795)
(0.0138)
G3(-1.7224)
(0.9605)
(1.1031)
G4(0.0495)
(0.2485)
(0.0628)
A1(-3.5015)
(10.5525)
(-2.4525)
A2(-1.1396)
(9.0309)
(2.0207)
A3(-3.9265)
(4.7022)
(-5.4157)
A4(1.8962)
(8.0302)
(-5.5785)
G1(0.4007)
(-0.5092)
(-0.0378)
G2(0.0596)
(0.8120)
(0.1506)
G3(-0.1192)
(-0.2001)
(0.2650)
G4(-0.1894)
(-0.1235)
(0.2166)
A1(-2.4717)
(11.1273)
(-0.6754)
A2(4.2713)
(9.6391)
(-1.4509)
A3(0.5746)
(8.3414)
(-5.1380)
A4(3.0789)
(8.3366)
(-4.8123)
G1(0.4257)
(0.3459)
(-0.3267)
G2(0.7003)
(0.0490)
(0.0420)
G3(-0.0192)
(-0.0857)
(0.0506)
G4(-0.3320)
(-0.1208)
(0.1990)
A1(-2.0597)
(8.9909)
(3.2476)
A2(1.2737)
(8.8729)
(-0.9816)
A3(-1.5610)
(7.4316)
(-4.7740)
A4(1.7286)
(8.9591)
(-4.3814)
G1(0.6843)
(-0.4401)
(-0.1288)
G2(0.6795)
(-1.4186)
(0.1634)
G3(-0.1399)
(0.0521)
(0.1022)
G4(-0.1836)
(0.1032)
(0.0734)
