A1(4.0907)
(8.5167)
(0.2730)
A2(2.3655)
(7.9727)
(0.2969)
A3(-2.0159)
(4.6591)
(-9.8881)
A4(4.6687)
(3.2609)
(-5.3726)
G1(0.9482)
(1.4947)
(-0.4273)
G2(-0.5992)
(1.1057)
(0.1804)
G3(-0.2740)
(1.3361)
(-0.6082)
G4(0.3842)
(3.3768)
(-1.9092)
A1(0.6179)
(9.1490)
(-1.0778)
A2(6.8618)
(5.8754)
(9.5481)
A3(0.8236)
(9.0261)
(-3.8978)
A4(2.8252)
(7.9583)
(-1.6137)
G1(0.9120)
(1.1488)
(-0.4422)
G2(-1.3659)
(2.4961)
(1.6703)
G3(-0.1650)
(0.5438)
(-0.6077)
G4(0.1235)
(4.1047)
(-2.8564)
A1(1.5663)
(11.9272)
(-1.2837)
A2(4.0558)
(5.4731)
(4.9368)
A3(2.1213)
(7.6998)
(-5.1092)
A4(2.0877)
(8.9926)
(-0.9625)
G1(1.1361)
(1.6559)
(-0.7157)
G2(-0.5055)
(3.0091)
(0.8652)
G3(0.1219)
(0.3496)
(-0.6864)
G4(0.6353)
(3.0016)
(-2.1295)
A1(-2.2944)
(3.8656)
(4.3925)
A2(1.7430)
(4.2665)
(7.8051)
A3(-4.2425)
(16.1369)
(-0.0335)
A4(-1.4748)
(17.7075)
(-10.7404)
G1(-2.6185)
(2.2977)
(-1.6692)
G2(0.6763)
(0.7317)
(0.4608)
G3(0.7726)
(0.8051)
(-1.1840)
G4(0.5055)
(-2.8388)
(0.9211)
A1(-6.5719)
(12.4781)
(4.1338)
A2(3.0550)
(4.1276)
(11.1522)
A3(-0.2490)
(21.4425)
(5.6455)
A4(-1.7957)
(3.6823)
(-10.3621)
G1(-7.3410)
(4.9093)
(0.7109)
G2(0.3964)
(2.3493)
(0.1799)
G3(2.4839)
(2.6302)
(-2.8143)
G4(-0.0931)
(0.8152)
(-0.5502)
A1(-4.0907)
(24.9944)
(14.9018)
A2(-8.7149)
(9.9551)
(7.3933)
A3(-2.0255)
(21.4520)
(-6.9671)
A4(-3.5626)
(17.5878)
(-3.1508)
G1(-9.5062)
(-0.6768)
(-4.5022)
G2(1.0669)
(0.4677)
(-0.9110)
G3(2.2285)
(6.7626)
(-4.3410)
G4(-0.5757)
(0.4997)
(0.3592)
A1(-1.5280)
(14.8108)
(-6.3276)
A2(-0.3496)
(12.2679)
(4.8650)
A3(30.7032)
(13.9486)
(-27.6387)
A4(0.9864)
(9.6965)
(-2.8491)
G1(-5.7537)
(-1.5830)
(-3.2124)
G2(1.9550)
(4.8092)
(0.7035)
G3(-5.1306)
(-2.4307)
(2.3418)
G4(-0.5731)
(0.2804)
(-0.4166)
A1(-6.3660)
(-9.6663)
(-2.4908)
A2(4.8698)
(9.2991)
(4.7118)
A3(-11.6262)
(2.9305)
(-12.5887)
A4(3.9504)
(4.5011)
(-3.5386)
G1(-5.0636)
(3.8722)
(-0.8684)
G2(0.5928)
(1.2616)
(-0.1000)
G3(-13.6487)
(3.8397)
(4.2681)
G4(0.7535)
(2.6989)
(-0.5672)
A1(3.9039)
(3.6261)
(11.5009)
A2(-0.6656)
(4.7645)
(6.6319)
A3(6.7947)
(31.7758)
(6.5122)
A4(-5.9089)
(0.9960)
(-6.0621)
G1(-8.4164)
(-0.8540)
(-1.9268)
G2(-0.3629)
(0.1846)
(-0.7976)
G3(-13.8253)
(5.2770)
(0.4619)
G4(1.3814)
(3.8195)
(-0.8338)
A1(-4.7900)
(1.6574)
(1.9304)
A2(0.6943)
(2.9736)
(2.3080)
A3(2.7438)
(21.9069)
(-7.4891)
A4(-6.8283)
(-9.9120)
(-12.0524)
G1(-0.3847)
(1.5910)
(1.7177)
G2(-0.4922)
(2.0119)
(1.5256)
G3(-5.2253)
(-2.9032)
(1.5607)
G4(0.5066)
(-0.7689)
(1.2739)
A1(5.0679)
(-4.2536)
(3.2093)
A2(-15.7874)
(14.3604)
(7.1826)
A3(-4.0749)
(-4.9273)
(-32.1206)
A4(5.4540)
(5.6695)
(-9.7636)
G1(1.6437)
(-1.4463)
(2.9857)
G2(1.3808)
(5.2184)
(1.4899)
G3(-1.9411)
(2.9309)
(0.8461)
G4(-0.6077)
(-1.1355)
(-0.3751)
A1(-4.6415)
(-2.8501)
(6.3995)
A2(10.9319)
(9.7492)
(-10.5872)
A3(-0.4836)
(-1.7334)
(-13.8816)
A4(-5.3056)
(-4.1037)
(1.4605)
G1(4.2266)
(0.9903)
(3.1458)
G2(1.0664)
(-1.5522)
(-1.4724)
G3(3.7945)
(1.7145)
(1.5245)
G4(0.0713)
(0.8689)
(-0.9237)
A1(-6.2318)
(-0.2970)
(10.1884)
A2(1.0151)
(9.4619)
(5.7557)
A3(0.0192)
(7.8482)
(-1.4174)
A4(2.3320)
(13.4315)
(-14.4322)
G1(4.2723)
(2.2668)
(4.2303)
G2(1.2244)
(-1.1387)
(1.1722)
G3(5.6558)
(1.4117)
(2.8713)
G4(-0.1666)
(1.2377)
(-0.7944)
A1(-2.3711)
(6.3516)
(7.8988)
A2(-5.9233)
(7.6902)
(-9.2512)
A3(-5.6790)
(19.7570)
(5.7126)
A4(-0.6895)
(7.0581)
(-3.0550)
G1(2.6441)
(-0.0351)
(4.2952)
G2(0.1086)
(1.4942)
(0.1469)
G3(6.4950)
(3.1411)
(1.8624)
G4(-0.4358)
(0.0181)
(-0.1128)
A1(-8.8568)
(7.2617)
(10.6530)
A2(4.9368)
(13.1298)
(11.6598)
A3(-3.5578)
(18.0092)
(4.1755)
A4(-0.1389)
(8.6862)
(-5.8227)
G1(2.7313)
(-0.5167)
(3.1666)
G2(-0.6907)
(-2.3227)
(1.0749)
G3(6.1150)
(3.8573)
(2.2492)
G4(-0.2379)
(0.3773)
(0.2182)
A1(-9.1202)
(7.0893)
(6.4570)
A2(1.1157)
(9.5289)
(6.6080)
A3(-14.3125)
(17.7362)
(0.3926)
A4(-1.4653)
(8.9447)
(-5.2816)
G1(1.7240)
(-0.4353)
(1.0302)
G2(0.7024)
(1.1861)
(0.1857)
G3(2.0625)
(1.4447)
(0.9966)
G4(-0.1580)
(-0.1772)
(0.2623)
A1(-5.7001)
(6.3085)
(3.8991)
A2(3.8595)
(10.9032)
(3.0598)
A3(-8.0972)
(16.2806)
(3.9983)
A4(2.2170)
(8.5377)
(-3.8738)
G1(1.1190)
(0.0160)
(0.3741)
G2(0.9535)
(-1.4830)
(0.5066)
G3(1.1973)
(1.3462)
(0.9424)
G4(0.0160)
(0.2857)
(-0.0027)
A1(-3.5063)
(7.7694)
(3.3051)
A2(-1.0104)
(11.3102)
(2.1691)
A3(-7.0054)
(9.4858)
(0.9242)
A4(1.1109)
(9.2225)
(-3.8068)
G1(0.5135)
(0.7114)
(-0.1437)
G2(1.4245)
(-0.0500)
(0.0974)
G3(0.4736)
(0.3592)
(-0.0708)
G4(0.1948)
(0.3608)
(0.1910)
A1(-2.7207)
(7.1180)
(3.1566)
A2(0.5028)
(8.1403)
(0.5507)
A3(-6.6894)
(12.5313)
(0.8667)
A4(0.0383)
(8.6718)
(-5.1715)
G1(1.2856)
(-0.0686)
(-0.1336)
G2(1.0637)
(0.4092)
(0.2512)
G3(0.3608)
(0.8982)
(-0.7317)
G4(0.3783)
(0.7301)
(-0.0080)
A1(-4.4116)
(6.7923)
(1.1544)
A2(0.6560)
(9.4475)
(0.1389)
A3(-4.5107)
(8.1594)
(-1.5658)
A4(-0.1484)
(8.5234)
(-5.8227)
G1(0.8131)
(0.1336)
(0.2464)
G2(0.2863)
(0.4560)
(0.2144)
G3(-0.3523)
(0.6460)
(-0.7944)
G4(0.6439)
(0.6290)
(0.2352)
