A1(1.9831)
(8.5742)
(-1.0251)
A2(5.8945)
(6.1387)
(6.1004)
A3(2.4565)
(3.0742)
(-9.9647)
A4(-3.0454)
(7.8434)
(-1.3934)
G1(1.2042)
(1.5580)
(-0.6449)
G2(-0.6417)
(0.7343)
(0.7716)
G3(0.4044)
(0.3900)
(-0.7732)
G4(1.5490)
(2.8851)
(-2.6776)
A1(2.7974)
(10.8878)
(2.9363)
A2(3.9600)
(6.3015)
(6.4356)
A3(1.0391)
(6.1962)
(-6.8666)
A4(7.1443)
(1.2977)
(-2.3655)
G1(2.2748)
(2.3259)
(-0.6470)
G2(-0.5885)
(2.2466)
(1.0185)
G3(-0.3028)
(0.4321)
(-1.1515)
G4(0.8508)
(2.6324)
(-2.7585)
A1(-6.8737)
(2.3088)
(9.7860)
A2(3.4764)
(6.2920)
(6.4452)
A3(-2.3798)
(8.8921)
(-5.0135)
A4(1.5706)
(7.9057)
(-5.1044)
G1(-3.2235)
(1.4516)
(-1.6464)
G2(-0.3214)
(1.8970)
(0.2692)
G3(0.0016)
(1.2036)
(-1.4011)
G4(0.5779)
(-3.8477)
(1.2106)
A1(2.4860)
(20.1421)
(1.9304)
A2(7.5800)
(2.7198)
(8.3989)
A3(10.9176)
(24.3203)
(16.3141)
A4(5.7652)
(9.1794)
(-13.2064)
G1(-7.0159)
(3.6514)
(-1.0977)
G2(1.2984)
(3.2975)
(-0.3070)
G3(4.1287)
(2.9293)
(-3.2352)
G4(-0.3645)
(3.4688)
(-1.6362)
A1(1.9016)
(31.3125)
(19.2655)
A2(-0.0431)
(9.7779)
(10.2328)
A3(-1.8292)
(28.6634)
(-0.5076)
A4(-3.8642)
(14.2790)
(-9.0309)
G1(-10.9253)
(3.2438)
(-4.4437)
G2(1.0664)
(-2.5935)
(-0.2533)
G3(3.7189)
(4.8523)
(-3.7184)
G4(-0.8945)
(0.0085)
(0.3932)
A1(0.8622)
(2.7351)
(-3.3339)
A2(5.0661)
(23.9372)
(9.0261)
A3(-12.8090)
(8.2217)
(-35.7263)
A4(0.3496)
(1.2306)
(0.4932)
G1(-6.2124)
(2.2865)
(-1.6368)
G2(2.0689)
(9.1491)
(0.9014)
G3(-10.8546)
(-6.0107)
(2.9043)
G4(-0.7045)
(2.8931)
(-1.6506)
A1(3.0992)
(-3.2285)
(5.3696)
A2(9.9742)
(9.0309)
(1.1779)
A3(-24.3538)
(0.6895)
(-16.6349)
A4(-0.2155)
(8.4372)
(1.3168)
G1(-3.6577)
(2.2838)
(-2.5972)
G2(1.1520)
(1.5208)
(0.3863)
G3(-14.8380)
(4.8002)
(2.7021)
G4(0.4464)
(2.6052)
(-1.0211)
A1(-6.0498)
(10.2794)
(-6.9456)
A2(-0.2825)
(-1.0534)
(2.4421)
A3(2.4948)
(51.1018)
(6.9001)
A4(-5.1811)
(18.4401)
(-4.1372)
G1(-6.8669)
(-5.7309)
(-0.3134)
G2(0.4869)
(6.6402)
(0.2677)
G3(-12.9293)
(0.9621)
(-2.3221)
G4(0.9668)
(-0.8924)
(0.8759)
A1(-5.2259)
(0.5796)
(2.8405)
A2(2.1404)
(4.9752)
(4.4101)
A3(5.0709)
(31.4933)
(1.3264)
A4(-6.2776)
(0.9433)
(-7.7045)
G1(-1.2159)
(1.4356)
(1.4383)
G2(-0.5960)
(2.6302)
(0.8588)
G3(-5.6888)
(-2.5887)
(0.9796)
G4(0.6641)
(0.5034)
(1.6006)
A1(-5.8247)
(0.6850)
(1.5424)
A2(-1.6137)
(13.1394)
(3.2896)
A3(-9.8450)
(0.1724)
(-18.3156)
A4(0.7278)
(3.5769)
(-10.5058)
G1(2.5595)
(0.3629)
(2.9069)
G2(-1.0440)
(3.4422)
(0.1878)
G3(-0.7700)
(-1.8901)
(2.8388)
G4(0.8466)
(-0.0506)
(-0.4379)
A1(-2.0932)
(-1.1879)
(3.8560)
A2(7.5465)
(7.3694)
(0.1437)
A3(5.8897)
(-3.3136)
(-14.3221)
A4(10.9080)
(3.3471)
(-8.7293)
G1(3.6386)
(0.8407)
(3.9334)
G2(-0.9663)
(-1.2180)
(-1.0147)
G3(3.4497)
(2.8771)
(1.1323)
G4(-0.1974)
(0.3496)
(-0.9887)
A1(-8.9191)
(1.6430)
(8.4975)
A2(2.8730)
(9.7205)
(1.7334)
A3(-0.3304)
(11.7507)
(-2.2075)
A4(-4.0366)
(9.1889)
(-2.2218)
G1(3.7519)
(0.3272)
(4.7640)
G2(0.7700)
(0.7753)
(0.1548)
G3(5.5893)
(1.3303)
(3.0878)
G4(0.1325)
(3.3768)
(-1.8938)
A1(-12.4397)
(2.4765)
(9.3166)
A2(7.2688)
(10.3238)
(1.5131)
A3(-3.6009)
(14.4275)
(1.2306)
A4(4.0654)
(10.5058)
(1.4030)
G1(2.7936)
(0.8562)
(4.3399)
G2(1.0004)
(0.7913)
(1.5564)
G3(6.3412)
(1.5474)
(2.9458)
G4(-0.1064)
(-0.4166)
(-0.0862)
A1(-12.1811)
(11.9176)
(7.9946)
A2(-7.5513)
(9.2273)
(7.1587)
A3(-5.4157)
(14.7196)
(-0.4788)
A4(3.0550)
(9.9838)
(-6.8618)
G1(3.1804)
(-0.5965)
(2.5350)
G2(0.6407)
(2.7574)
(0.2959)
G3(5.6133)
(4.0675)
(1.4660)
G4(0.4236)
(0.8104)
(-0.0309)
A1(-7.6257)
(4.9481)
(8.1143)
A2(3.2322)
(7.2688)
(3.0454)
A3(-12.5121)
(19.2733)
(-4.3622)
A4(-0.0862)
(6.3159)
(-8.7293)
G1(3.1804)
(-0.3539)
(1.3266)
G2(0.5337)
(1.1217)
(0.4762)
G3(1.4628)
(2.6861)
(1.9518)
G4(0.1522)
(-0.2708)
(0.4161)
A1(-8.9670)
(8.6891)
(4.4643)
A2(-0.7087)
(10.1897)
(3.4572)
A3(-12.1099)
(17.6836)
(2.4756)
A4(-0.6943)
(7.2975)
(-9.3709)
G1(1.0977)
(-0.3368)
(0.5140)
G2(0.7646)
(1.4995)
(0.2501)
G3(0.4720)
(-0.1101)
(0.9078)
G4(-0.2613)
(-0.4741)
(0.4853)
A1(-4.5649)
(6.4522)
(1.5951)
A2(6.0142)
(11.4299)
(-1.1157)
A3(-11.6502)
(13.6613)
(2.2362)
A4(1.8627)
(7.5513)
(-6.4787)
G1(3.0660)
(-0.8498)
(-0.2735)
G2(0.7205)
(-0.6880)
(0.4347)
G3(0.6790)
(0.5092)
(-0.1453)
G4(-0.2001)
(0.0532)
(0.3139)
A1(-3.5111)
(11.7260)
(1.1783)
A2(-0.8906)
(11.2911)
(0.3400)
A3(-3.0742)
(7.3215)
(-1.0774)
A4(0.9673)
(8.7388)
(-2.7198)
G1(0.6566)
(1.0483)
(0.9493)
G2(0.6401)
(-0.3523)
(0.6428)
G3(0.0420)
(1.4676)
(-0.6784)
G4(0.5130)
(1.0158)
(0.3831)
A1(-7.6305)
(9.8866)
(1.4131)
A2(0.4166)
(8.4228)
(0.1053)
A3(-0.8475)
(8.3989)
(-0.2203)
A4(3.4141)
(9.5624)
(-7.3119)
G1(-2.6153)
(1.1142)
(-0.3586)
G2(0.9525)
(-0.1421)
(0.5188)
G3(0.3964)
(0.9706)
(-0.0628)
G4(0.6210)
(0.4060)
(0.5044)
A1(-0.7185)
(8.9574)
(-2.7399)
A2(-1.3216)
(7.9966)
(1.7430)
A3(-1.9249)
(0.7997)
(-27.5860)
A4(7.5753)
(7.0677)
(-6.5074)
G1(1.1664)
(-0.7391)
(0.2086)
G2(0.4188)
(0.3640)
(1.0626)
G3(2.0231)
(-3.9898)
(1.2595)
G4(0.5342)
(1.3345)
(-0.0197)
