A1(0.2012)
(7.5012)
(6.2175)
A2(0.7757)
(9.9647)
(-0.8811)
A3(-3.7350)
(9.5481)
(-2.8252)
A4(1.4796)
(9.8258)
(-2.2745)
G1(-0.7354)
(-1.3133)
(0.0968)
G2(0.1548)
(-0.5619)
(0.0670)
G3(0.8588)
(-0.2932)
(1.0483)
G4(0.8093)
(-0.2677)
(0.2959)
A1(-1.1352)
(12.9379)
(9.1011)
A2(-1.1396)
(8.9112)
(2.3032)
A3(-2.9784)
(8.4420)
(0.3639)
A4(2.4708)
(17.3484)
(1.4078)
G1(1.6565)
(-2.2849)
(-0.0016)
G2(-0.0064)
(-1.2744)
(0.2336)
G3(-0.1250)
(-1.5330)
(2.3738)
G4(2.0002)
(-1.8555)
(1.0190)
A1(0.8766)
(9.7621)
(1.7436)
A2(0.2011)
(10.4244)
(1.5850)
A3(2.6911)
(21.3467)
(-5.0518)
A4(2.2745)
(10.8409)
(-11.1091)
G1(0.8775)
(-4.1515)
(-0.3145)
G2(-0.8503)
(-0.7471)
(0.4550)
G3(0.9567)
(1.3521)
(-0.2852)
G4(0.3469)
(-1.9513)
(3.6333)
A1(-3.5542)
(11.4003)
(2.8405)
A2(1.4078)
(10.9367)
(5.5976)
A3(-1.1636)
(5.2625)
(-9.7013)
A4(7.4747)
(21.2701)
(-32.0201)
G1(0.5183)
(-1.8496)
(-0.2267)
G2(-0.5827)
(-1.2755)
(0.8775)
G3(0.0793)
(-0.2357)
(0.4220)
G4(-1.7161)
(2.4951)
(2.7100)
A1(7.7886)
(6.6773)
(5.1062)
A2(3.9648)
(10.9080)
(12.0716)
A3(-0.9673)
(16.6445)
(-2.9353)
A4(13.8193)
(4.1611)
(-22.7784)
G1(-1.6522)
(-1.2334)
(0.6939)
G2(-9.7935)
(-3.3794)
(-0.3453)
G3(-0.2432)
(-0.0990)
(0.1724)
G4(-10.7391)
(1.7725)
(-1.7522)
A1(6.9551)
(4.9912)
(9.5178)
A2(8.2744)
(11.1905)
(21.6819)
A3(1.5131)
(1.1827)
(-5.6407)
A4(5.8610)
(13.3118)
(-0.8667)
G1(-0.9365)
(-2.2088)
(-0.6226)
G2(-8.3957)
(-0.3719)
(4.8688)
G3(-0.6832)
(-1.9470)
(0.9142)
G4(-11.7389)
(-2.1125)
(6.8648)
A1(-8.3730)
(12.1284)
(-0.3018)
A2(11.5209)
(1.4844)
(2.8874)
A3(3.3567)
(4.3144)
(-2.9161)
A4(-2.4373)
(4.7262)
(-18.8615)
G1(-0.7694)
(-2.5025)
(-0.2794)
G2(-7.1090)
(2.0316)
(0.9988)
G3(0.6997)
(-1.5112)
(0.0325)
G4(-1.9960)
(2.3386)
(0.6258)
A1(1.0203)
(10.9452)
(3.0513)
A2(-1.9872)
(-1.2881)
(13.1873)
A3(-5.5929)
(4.1037)
(-9.5912)
A4(0.2059)
(-2.2697)
(-11.4778)
G1(-0.2160)
(0.1575)
(-0.2128)
G2(-5.3488)
(-0.4310)
(2.2051)
G3(0.7423)
(-1.4952)
(0.8487)
G4(2.0465)
(0.7641)
(-4.1037)
A1(2.9986)
(11.2183)
(3.4009)
A2(2.6528)
(4.8028)
(1.4126)
A3(4.7980)
(4.7453)
(-10.8457)
A4(-1.1636)
(1.9824)
(-7.3358)
G1(0.2916)
(-0.2118)
(-0.4667)
G2(-4.1563)
(3.8387)
(-1.3776)
G3(0.7753)
(0.5805)
(-0.5295)
G4(4.1648)
(-0.9700)
(-4.8640)
A1(7.6401)
(10.7105)
(6.2223)
A2(-1.7190)
(-6.2584)
(4.6495)
A3(-1.7813)
(8.0924)
(-7.7141)
A4(9.9742)
(11.9279)
(1.6807)
G1(0.3118)
(-1.0206)
(-0.7380)
G2(1.2675)
(2.3945)
(-2.5031)
G3(-0.6513)
(-0.0362)
(0.7072)
G4(5.8479)
(-2.9623)
(-3.4763)
A1(2.5052)
(12.6457)
(3.8272)
A2(4.6400)
(-2.1883)
(9.7348)
A3(0.7853)
(15.4282)
(-2.9401)
A4(10.6303)
(16.6589)
(-0.9960)
G1(1.5500)
(-0.1841)
(-0.6891)
G2(4.7119)
(1.2366)
(-2.2492)
G3(-0.2517)
(-1.2084)
(0.9365)
G4(2.8372)
(-4.1867)
(-2.2769)
A1(4.6463)
(11.8985)
(2.3280)
A2(12.9335)
(-2.8012)
(11.9854)
A3(0.1197)
(10.6063)
(-6.6559)
A4(11.1043)
(10.0652)
(-5.5545)
G1(2.4860)
(-0.3092)
(-1.0078)
G2(4.2734)
(-2.6217)
(-3.9163)
G3(0.3459)
(0.4241)
(-0.2075)
G4(0.5161)
(-1.7299)
(-0.5316)
A1(0.9053)
(7.2713)
(1.4610)
A2(3.0694)
(5.4205)
(9.6055)
A3(6.3494)
(3.9409)
(-11.5784)
A4(12.0333)
(17.7554)
(-0.0718)
G1(0.9360)
(1.0908)
(-0.6779)
G2(3.7769)
(-2.2556)
(-4.1845)
G3(0.2208)
(0.5885)
(-0.3294)
G4(0.3613)
(-1.6692)
(-0.0905)
A1(-0.3640)
(10.3273)
(-4.9098)
A2(6.5074)
(6.4356)
(7.5657)
A3(3.2465)
(7.6231)
(-4.3096)
A4(17.1521)
(17.9613)
(3.2322)
G1(-0.3592)
(0.4198)
(-0.2905)
G2(3.0761)
(2.1359)
(-2.0838)
G3(0.3469)
(-0.2187)
(0.0250)
G4(-1.1265)
(1.0025)
(-0.7104)
A1(-1.8298)
(10.0591)
(-3.6644)
A2(3.3232)
(7.9823)
(2.9401)
A3(1.3886)
(8.5425)
(-5.4300)
A4(5.7604)
(8.7724)
(-4.4532)
G1(-0.4949)
(-0.2570)
(-0.6726)
G2(2.7872)
(-0.2437)
(-1.2223)
G3(0.8631)
(-0.3054)
(-0.0362)
G4(0.1942)
(-0.7620)
(-0.4619)
A1(-0.7377)
(8.9813)
(-1.0538)
A2(4.6448)
(8.0062)
(3.6392)
A3(2.8060)
(5.6982)
(-9.2799)
A4(-0.2538)
(8.5808)
(-4.3431)
G1(-1.0562)
(-2.1785)
(-0.3858)
G2(-1.3111)
(-0.5662)
(-0.8737)
G3(0.3177)
(-1.2952)
(0.3257)
G4(-0.1086)
(-0.7157)
(-0.3299)
A1(-2.8836)
(8.6125)
(0.6562)
A2(2.9018)
(10.8457)
(-0.1580)
A3(1.1875)
(6.8570)
(-6.0334)
A4(1.9776)
(9.1937)
(-4.5729)
G1(-0.8439)
(-0.4081)
(0.0995)
G2(1.2404)
(-0.6093)
(-0.1995)
G3(0.3730)
(-0.5582)
(0.2996)
G4(-0.4150)
(-0.3895)
(-0.2118)
A1(-0.6419)
(10.2603)
(1.6430)
A2(-2.6288)
(9.0453)
(0.4310)
A3(4.9129)
(5.1571)
(-7.0629)
A4(3.1077)
(8.8681)
(-2.6671)
G1(-0.1974)
(-0.9519)
(-0.0069)
G2(0.5055)
(-1.7501)
(-0.5757)
G3(0.1623)
(-1.2829)
(1.0467)
G4(-0.5704)
(-0.5630)
(-0.1628)
A1(-3.7314)
(10.4471)
(1.8873)
A2(0.2346)
(10.2999)
(-0.2155)
A3(-1.8483)
(4.6256)
(-7.8769)
A4(0.3017)
(9.9311)
(-1.8483)
G1(1.6432)
(0.4326)
(-0.5757)
G2(0.8423)
(-0.9812)
(-0.1623)
G3(-1.1393)
(-1.3888)
(0.5890)
G4(-0.2708)
(-0.3187)
(-0.0500)
A1(-1.6621)
(7.9179)
(0.4982)
A2(-0.4070)
(8.6814)
(1.6472)
A3(-0.1006)
(7.3837)
(-6.7756)
A4(0.6943)
(9.3182)
(-3.1987)
G1(1.1041)
(2.2157)
(0.2623)
G2(0.3251)
(-1.1478)
(-0.1123)
G3(-1.6549)
(-0.2884)
(-0.3124)
G4(-0.0037)
(-0.0309)
(0.1027)
