A1(3.3339)
(8.5215)
(-1.4418)
A2(3.3998)
(8.3175)
(4.1132)
A3(-0.6991)
(8.1642)
(-6.2441)
A4(-3.3710)
(5.7030)
(-3.3184)
G1(0.9908)
(0.6662)
(-0.0452)
G2(-0.2927)
(0.6859)
(0.5156)
G3(-0.3608)
(0.9700)
(-0.3203)
G4(0.9961)
(1.9470)
(-1.4846)
A1(1.7675)
(8.2580)
(-2.2465)
A2(5.1858)
(6.0286)
(5.9903)
A3(1.3791)
(8.1834)
(-5.5115)
A4(-3.1843)
(9.1267)
(-2.9784)
G1(0.7412)
(1.2781)
(-0.6178)
G2(-1.0839)
(1.2435)
(1.1611)
G3(-0.4310)
(0.8157)
(-0.2996)
G4(1.6921)
(3.2571)
(-2.7244)
A1(3.1135)
(12.6792)
(1.9400)
A2(6.5984)
(4.7549)
(4.8411)
A3(0.9720)
(8.7771)
(-3.3615)
A4(5.4013)
(5.5354)
(-1.5036)
G1(0.8626)
(1.9901)
(-0.9791)
G2(-0.5997)
(1.5862)
(0.9440)
G3(0.1836)
(0.5523)
(-0.5396)
G4(0.1006)
(0.3209)
(-0.4954)
A1(-3.4776)
(10.8159)
(5.1541)
A2(1.4700)
(5.6024)
(8.3653)
A3(0.5363)
(12.2870)
(-1.4844)
A4(9.7013)
(21.7920)
(0.1676)
G1(-1.2132)
(3.7737)
(-0.9163)
G2(-0.3512)
(0.0676)
(0.0612)
G3(0.5598)
(0.4672)
(-0.7870)
G4(0.6119)
(0.0133)
(-0.2714)
A1(-8.5502)
(-1.7388)
(14.9353)
A2(2.8252)
(5.8131)
(6.6559)
A3(-0.0527)
(17.0659)
(5.8275)
A4(-7.2688)
(-0.9577)
(-11.1139)
G1(-8.7160)
(6.3130)
(-1.5272)
G2(0.4166)
(1.4106)
(-0.3411)
G3(1.7948)
(0.9131)
(-1.9475)
G4(0.3959)
(0.2629)
(-0.6673)
A1(-13.9199)
(24.0891)
(11.5248)
A2(3.5386)
(10.8601)
(14.0779)
A3(-4.9321)
(24.4256)
(-7.7237)
A4(-2.9688)
(12.9383)
(-2.4038)
G1(-9.3285)
(3.7535)
(-6.2289)
G2(0.8120)
(-0.9615)
(0.1054)
G3(4.4697)
(2.0098)
(-2.5398)
G4(0.3352)
(1.8800)
(-1.0435)
A1(-6.6773)
(23.8161)
(9.7142)
A2(-13.4458)
(13.9247)
(-0.6608)
A3(3.3471)
(11.9854)
(-34.6249)
A4(-1.1875)
(5.6743)
(-5.2146)
G1(-7.5906)
(0.0979)
(-5.6776)
G2(2.3317)
(4.4288)
(-0.4629)
G3(-2.5818)
(-0.6524)
(-2.2695)
G4(0.3682)
(0.6119)
(-0.5146)
A1(-2.3854)
(-10.4662)
(9.4891)
A2(1.3838)
(8.5186)
(5.4492)
A3(-19.1776)
(17.2239)
(-8.0685)
A4(2.1979)
(10.0748)
(-3.0215)
G1(-5.6713)
(-3.0692)
(-2.4541)
G2(-0.5161)
(1.7544)
(0.3586)
G3(-12.7734)
(-4.9045)
(5.0508)
G4(0.4635)
(0.6428)
(-0.6497)
A1(-11.5967)
(-3.7362)
(20.1517)
A2(-1.7861)
(7.2592)
(5.5785)
A3(-7.8721)
(18.5551)
(0.9912)
A4(1.0582)
(7.6184)
(-6.4787)
G1(-6.9329)
(-1.1212)
(-2.1247)
G2(0.3352)
(3.3071)
(-0.1862)
G3(-15.8325)
(7.0851)
(-0.0122)
G4(0.8971)
(1.4963)
(-0.6455)
A1(9.3549)
(7.8509)
(-1.0394)
A2(2.4804)
(10.4531)
(6.1100)
A3(14.5615)
(29.2476)
(19.6229)
A4(-1.4892)
(7.3885)
(-7.4412)
G1(-5.4105)
(-2.7468)
(-0.9360)
G2(-0.5922)
(2.5776)
(-0.4347)
G3(-14.6863)
(0.0463)
(-4.0169)
G4(1.2201)
(2.3205)
(-1.0855)
A1(-2.7399)
(-2.1555)
(0.0862)
A2(-6.6319)
(11.6741)
(6.8043)
A3(0.7326)
(2.9975)
(-27.1263)
A4(-2.8683)
(-2.2936)
(-10.5345)
G1(0.1086)
(-1.6927)
(2.4355)
G2(-0.6295)
(1.5830)
(0.6662)
G3(-4.7853)
(2.4573)
(-0.9482)
G4(0.4268)
(0.1596)
(1.3276)
A1(-4.0428)
(0.3880)
(1.6861)
A2(0.2538)
(8.2313)
(2.9832)
A3(8.2121)
(0.1628)
(-19.1967)
A4(3.7685)
(2.7581)
(-10.7931)
G1(2.9319)
(0.5630)
(2.7835)
G2(-0.6497)
(6.1432)
(1.3936)
G3(-2.6866)
(-4.4378)
(3.3747)
G4(0.1751)
(-0.6407)
(0.2538)
A1(0.9053)
(-1.0059)
(5.0487)
A2(12.3301)
(8.9495)
(-1.7286)
A3(-1.9345)
(-3.0598)
(-17.6788)
A4(4.4436)
(5.1811)
(-8.9447)
G1(4.3649)
(-0.1096)
(3.0384)
G2(-0.2283)
(1.2095)
(-0.0745)
G3(2.6398)
(2.0407)
(1.1664)
G4(0.1660)
(0.3900)
(-0.2559)
A1(-13.1247)
(-0.7808)
(10.5285)
A2(3.7350)
(10.1370)
(3.3806)
A3(0.8954)
(9.1506)
(-2.1691)
A4(-1.6903)
(11.9902)
(-7.1730)
G1(3.7338)
(2.5903)
(3.1969)
G2(0.1916)
(-1.1361)
(-0.7253)
G3(5.3770)
(-0.0952)
(3.4513)
G4(-0.0825)
(-0.0474)
(-0.1543)
A1(-5.3936)
(0.6802)
(8.4879)
A2(1.1923)
(9.7109)
(3.2848)
A3(-4.0558)
(18.5934)
(5.1092)
A4(1.4509)
(8.5712)
(-4.1180)
G1(1.9518)
(2.3285)
(4.5724)
G2(0.7833)
(-1.3415)
(0.3124)
G3(6.5264)
(1.1792)
(2.8085)
G4(-0.8828)
(0.2325)
(-0.3555)
A1(-13.2109)
(10.9309)
(9.3502)
A2(-1.7286)
(10.7308)
(8.3414)
A3(-4.4819)
(14.0923)
(2.1261)
A4(6.4356)
(27.6099)
(0.8571)
G1(2.8005)
(-1.9534)
(3.0565)
G2(-0.4938)
(-0.5321)
(0.6103)
G3(6.5136)
(4.5389)
(2.1088)
G4(-0.3113)
(0.2900)
(-0.3858)
A1(-11.6446)
(6.6773)
(5.2499)
A2(-1.8723)
(7.2401)
(0.0144)
A3(-10.0365)
(16.4386)
(-1.4269)
A4(-6.1387)
(2.7916)
(-6.1579)
G1(1.3409)
(-1.3212)
(1.6996)
G2(0.1149)
(1.0445)
(0.4518)
G3(2.7856)
(1.7916)
(2.0790)
G4(-0.2283)
(-0.5614)
(0.2176)
A1(-6.3803)
(9.5370)
(6.5719)
A2(1.6328)
(11.6550)
(5.3774)
A3(-14.3652)
(17.8991)
(0.4549)
A4(3.6871)
(8.0158)
(-6.8857)
G1(2.0348)
(-0.1208)
(1.0658)
G2(0.8306)
(-0.0873)
(0.4480)
G3(1.3372)
(2.7532)
(1.2286)
G4(-0.1543)
(0.2581)
(-0.0553)
A1(-2.8405)
(7.8509)
(2.7064)
A2(-3.3232)
(13.0771)
(0.3735)
A3(-11.8274)
(12.7467)
(-0.6321)
A4(0.0383)
(8.0732)
(-6.0908)
G1(0.5651)
(0.5044)
(0.4709)
G2(0.9003)
(-0.2054)
(-0.4459)
G3(0.4507)
(0.8237)
(0.2299)
G4(-0.2187)
(0.4097)
(-0.0873)
A1(-4.8523)
(7.4820)
(3.9853)
A2(2.6815)
(8.6670)
(2.0399)
A3(-6.2632)
(13.2591)
(1.4222)
A4(0.3783)
(8.6814)
(-4.5681)
G1(1.4793)
(-0.1070)
(-0.2054)
G2(0.7843)
(-0.6220)
(0.0905)
G3(0.2187)
(1.3627)
(-0.2166)
G4(-0.1841)
(0.2001)
(0.1208)
