A1(5.3888)
(5.6379)
(-2.2848)
A2(6.4212)
(9.4475)
(2.5043)
A3(0.2825)
(7.2640)
(-7.4747)
A4(-2.8826)
(6.9576)
(-1.9249)
G1(0.4417)
(1.2345)
(0.0176)
G2(-0.3725)
(0.1532)
(0.0484)
G3(0.2639)
(2.0561)
(-1.2755)
G4(1.1797)
(1.1446)
(-1.4133)
A1(-0.0862)
(10.3609)
(-1.7963)
A2(6.1962)
(6.8857)
(9.2656)
A3(2.2458)
(5.9616)
(-5.7796)
A4(0.3448)
(4.7022)
(-3.3279)
G1(1.2984)
(1.8560)
(-0.8210)
G2(-1.0887)
(1.9167)
(1.1728)
G3(0.0708)
(-0.2916)
(-0.6103)
G4(1.5224)
(3.5455)
(-3.2666)
A1(0.2587)
(10.7680)
(3.1806)
A2(3.5243)
(5.1284)
(7.0677)
A3(-2.8730)
(9.0309)
(-7.6231)
A4(-3.7254)
(29.8748)
(-7.1204)
G1(0.2969)
(3.5247)
(-1.0222)
G2(-0.9104)
(1.1345)
(0.1123)
G3(0.1346)
(0.9349)
(-1.2771)
G4(0.8583)
(-1.9358)
(1.0270)
A1(3.9997)
(28.3091)
(-1.4849)
A2(1.7382)
(7.2544)
(5.9233)
A3(3.1747)
(27.0688)
(11.1187)
A4(2.9353)
(3.1316)
(-13.6422)
G1(-6.9020)
(5.1423)
(-0.8285)
G2(1.6213)
(0.7178)
(-0.6604)
G3(2.5855)
(2.0438)
(-2.8734)
G4(-0.6258)
(1.3707)
(-1.1749)
A1(1.0107)
(29.4587)
(14.5905)
A2(-14.4035)
(18.4593)
(0.8188)
A3(5.3917)
(20.0874)
(-19.9629)
A4(-1.0391)
(16.8648)
(3.0742)
G1(-9.8622)
(-1.2579)
(-5.9517)
G2(1.2952)
(3.3576)
(-1.0844)
G3(0.4640)
(1.9284)
(-3.4146)
G4(-0.3092)
(0.3326)
(-0.1878)
A1(2.6824)
(1.6334)
(7.7407)
A2(3.8882)
(8.5521)
(4.7022)
A3(-23.9277)
(9.5385)
(-24.3155)
A4(3.6152)
(7.8051)
(0.7614)
G1(-7.2436)
(0.6194)
(-1.7480)
G2(1.5969)
(4.5714)
(0.9823)
G3(-11.3265)
(-4.3756)
(6.4950)
G4(0.0777)
(0.2980)
(-0.1054)
A1(-2.2561)
(-2.5675)
(4.4308)
A2(-7.0533)
(8.2983)
(4.1276)
A3(7.5369)
(27.4471)
(5.0087)
A4(-0.8859)
(-0.7709)
(-10.2137)
G1(-8.9065)
(-1.6442)
(-0.7615)
G2(-0.3810)
(2.9899)
(-0.5747)
G3(-13.8275)
(5.4142)
(-1.7373)
G4(1.9076)
(3.7482)
(0.0021)
A1(1.6669)
(-2.7495)
(-1.6765)
A2(-9.2799)
(10.6398)
(2.3990)
A3(-0.6129)
(24.6076)
(-14.3892)
A4(1.9632)
(-17.6501)
(-13.2495)
G1(-0.0506)
(-0.3932)
(1.0296)
G2(-0.3464)
(0.9126)
(0.6087)
G3(-4.4293)
(-0.3070)
(0.1756)
G4(1.1126)
(-0.6928)
(1.3170)
A1(0.7377)
(2.2992)
(2.2657)
A2(7.4412)
(15.7395)
(4.9608)
A3(-9.7300)
(-1.8052)
(-18.2007)
A4(-7.4555)
(3.9073)
(-8.8442)
G1(4.5990)
(-0.1235)
(3.0549)
G2(-0.0245)
(1.4340)
(-0.0229)
G3(1.2744)
(-2.2849)
(3.4188)
G4(-0.4592)
(0.0883)
(-0.8274)
A1(-11.8697)
(-7.6162)
(12.2098)
A2(3.2896)
(9.3518)
(5.4109)
A3(3.3471)
(2.0446)
(-6.4835)
A4(-12.0955)
(0.4166)
(1.1588)
G1(3.9126)
(2.6499)
(4.5698)
G2(0.5539)
(-1.4431)
(1.0115)
G3(6.7844)
(1.1015)
(3.2964)
G4(-0.7960)
(-1.3287)
(-0.4001)
A1(-9.1490)
(10.3225)
(10.5189)
A2(-0.2107)
(11.3629)
(18.9094)
A3(-5.5498)
(16.5344)
(2.4565)
A4(-3.2130)
(10.4291)
(-4.7501)
G1(2.0050)
(-0.6492)
(4.5703)
G2(-1.7959)
(-2.8468)
(0.6157)
G3(7.0037)
(1.7757)
(2.4387)
G4(0.0639)
(0.5726)
(-0.1644)
A1(-10.8255)
(8.2053)
(6.2318)
A2(3.3806)
(6.7852)
(9.2943)
A3(-8.9591)
(19.6229)
(-1.9872)
A4(0.4741)
(6.7756)
(-6.9959)
G1(1.4473)
(-0.8466)
(1.6708)
G2(0.1527)
(-0.1921)
(0.7269)
G3(3.2140)
(2.2482)
(0.3150)
G4(-0.0399)
(-0.6832)
(0.4667)
A1(-4.8475)
(6.5145)
(5.0200)
A2(1.2833)
(7.8578)
(1.8866)
A3(-7.4220)
(14.1066)
(-1.3647)
A4(1.9489)
(8.2791)
(-6.3398)
G1(1.3404)
(0.2171)
(0.4406)
G2(0.6428)
(-0.5513)
(0.0053)
G3(0.2948)
(0.4576)
(0.7827)
G4(0.0516)
(0.6529)
(-0.0553)
A1(-4.1530)
(7.6018)
(3.4632)
A2(0.0431)
(9.0309)
(1.4700)
A3(-7.7955)
(11.6119)
(0.4214)
A4(3.2178)
(8.8298)
(-4.3910)
G1(1.7608)
(-1.4894)
(0.0830)
G2(0.9945)
(-0.0585)
(0.0729)
G3(-0.6582)
(0.4911)
(-0.5225)
G4(0.1362)
(0.6534)
(-0.1506)
A1(-5.1589)
(7.6018)
(3.6692)
A2(-0.2969)
(9.9359)
(3.6775)
A3(-2.3080)
(10.2424)
(-0.2155)
A4(1.4509)
(8.2552)
(-4.9081)
G1(0.6449)
(0.6321)
(0.5374)
G2(1.1137)
(-0.3837)
(0.2059)
G3(-1.1387)
(0.1650)
(-0.4911)
G4(0.6311)
(0.5225)
(0.2863)
A1(-10.1118)
(9.4316)
(6.1696)
A2(1.5658)
(7.7189)
(0.0622)
A3(-0.3879)
(8.3893)
(-1.5754)
A4(3.8834)
(10.2711)
(-9.3326)
G1(-4.1686)
(0.9237)
(-1.2090)
G2(0.2389)
(0.9557)
(0.6295)
G3(0.4417)
(0.4470)
(0.2155)
G4(0.7599)
(0.5875)
(0.5630)
A1(-6.7444)
(9.8387)
(-4.6894)
A2(-1.4796)
(7.3981)
(1.0918)
A3(14.1306)
(4.6256)
(-15.2894)
A4(4.2904)
(7.7237)
(-8.4180)
G1(0.3485)
(1.2137)
(0.0750)
G2(0.3954)
(0.2980)
(0.9142)
G3(2.9798)
(1.9816)
(1.8842)
G4(0.3022)
(0.8328)
(0.2011)
A1(1.2694)
(12.1571)
(4.7757)
A2(5.9568)
(6.4548)
(-2.6097)
A3(-4.6687)
(8.6431)
(-5.4875)
A4(0.9433)
(6.2201)
(-7.8817)
G1(1.6953)
(1.3675)
(0.8253)
G2(0.9477)
(0.8955)
(0.7817)
G3(0.5459)
(0.9094)
(0.4667)
G4(0.6455)
(2.5382)
(-1.4867)
A1(-0.5365)
(8.5023)
(1.5280)
A2(4.6256)
(7.4220)
(-1.7765)
A3(-4.1132)
(9.6103)
(-3.9696)
A4(12.1290)
(3.8307)
(-1.7621)
G1(0.4220)
(1.0733)
(0.3299)
G2(-0.2820)
(0.6220)
(0.3336)
G3(-0.1862)
(0.5241)
(0.0335)
G4(-1.9981)
(4.7582)
(-2.9665)
A1(1.3268)
(9.8723)
(1.8633)
A2(4.4772)
(8.0876)
(-1.0582)
A3(0.2298)
(9.6438)
(-1.9297)
A4(14.2790)
(3.9552)
(-2.4086)
G1(-0.1272)
(1.6762)
(0.1703)
G2(-0.3975)
(2.2727)
(-0.0218)
G3(0.1554)
(0.7769)
(-0.3783)
G4(-0.3688)
(3.7131)
(-1.1722)
