A1(1.0346)
(7.0126)
(-1.8777)
A2(2.5809)
(8.1451)
(1.7047)
A3(-0.2490)
(8.1403)
(-6.0238)
A4(6.9432)
(8.2839)
(-4.4532)
G1(-0.0197)
(1.6304)
(0.0623)
G2(-0.4523)
(0.5763)
(0.0426)
G3(-0.1623)
(0.2001)
(-0.0165)
G4(1.2499)
(1.7943)
(-1.1472)
A1(1.1831)
(9.2831)
(-0.7664)
A2(3.2274)
(7.6423)
(5.8945)
A3(1.1684)
(8.4851)
(-4.1420)
A4(-4.3814)
(8.8873)
(-3.5913)
G1(0.7870)
(1.5782)
(-0.5869)
G2(-1.0935)
(2.3269)
(0.8567)
G3(0.1203)
(0.8785)
(-0.4363)
G4(1.2116)
(4.9604)
(-4.7406)
A1(2.0358)
(11.8889)
(0.2443)
A2(6.6463)
(5.2529)
(3.8978)
A3(1.1779)
(9.6103)
(-4.3096)
A4(9.4427)
(1.4605)
(-6.8809)
G1(0.6071)
(2.0832)
(-0.7540)
G2(-0.9647)
(2.9500)
(1.4197)
G3(0.2543)
(0.7662)
(-0.4629)
G4(0.1054)
(2.4493)
(-2.7100)
A1(-7.5443)
(1.7819)
(12.4397)
A2(-0.0335)
(7.6088)
(8.3797)
A3(3.9600)
(13.3501)
(-1.0582)
A4(2.3224)
(15.9454)
(-7.0246)
G1(-5.9389)
(4.5985)
(-1.2771)
G2(0.6008)
(1.6793)
(0.9988)
G3(1.4144)
(0.8402)
(-1.3292)
G4(0.0979)
(-0.3539)
(-0.0548)
A1(-0.1485)
(33.9757)
(-5.8151)
A2(3.7350)
(5.0039)
(13.1154)
A3(8.7963)
(24.8566)
(14.8201)
A4(-2.6001)
(3.5386)
(-14.2072)
G1(-8.3606)
(-0.5773)
(-1.7235)
G2(0.2756)
(4.7220)
(-0.0043)
G3(2.6292)
(-0.1767)
(-1.6346)
G4(-0.5454)
(0.9120)
(-0.3469)
A1(-2.9076)
(28.8456)
(13.7762)
A2(-7.2784)
(19.8240)
(3.2322)
A3(11.1713)
(10.4339)
(-32.1158)
A4(2.3655)
(13.5177)
(1.6759)
G1(-9.1422)
(-2.6590)
(-6.5019)
G2(1.4330)
(1.5649)
(-0.2905)
G3(-1.7469)
(2.7702)
(-3.5577)
G4(-0.1080)
(-0.5965)
(0.1410)
A1(3.1902)
(11.4482)
(-6.7731)
A2(-5.2481)
(10.0892)
(1.0822)
A3(20.8008)
(-2.2458)
(-23.6787)
A4(4.4772)
(9.7923)
(-0.6608)
G1(-4.9407)
(-0.1623)
(-2.0736)
G2(2.0066)
(4.3053)
(0.0383)
G3(-9.6727)
(0.7439)
(1.9177)
G4(0.5332)
(0.6433)
(-0.5390)
A1(-12.9427)
(4.0188)
(28.3906)
A2(-8.4755)
(6.7373)
(4.2713)
A3(-12.5313)
(19.3595)
(3.8834)
A4(-1.0534)
(16.5870)
(-0.5890)
G1(-6.7733)
(-0.2682)
(-1.2356)
G2(0.3735)
(-1.8299)
(-0.3624)
G3(-15.7841)
(11.4495)
(0.2533)
G4(1.0403)
(0.9951)
(-0.4363)
A1(-10.7057)
(10.9836)
(5.7624)
A2(4.0414)
(13.1011)
(-0.3735)
A3(0.1293)
(33.1357)
(-1.7238)
A4(-2.8108)
(2.5283)
(-9.0309)
G1(-2.8388)
(-0.3815)
(-0.1368)
G2(-0.1272)
(3.9589)
(0.3049)
G3(-5.5100)
(-0.5470)
(-0.2692)
G4(0.5773)
(1.8129)
(-0.0282)
A1(1.1879)
(-8.6412)
(2.0310)
A2(-4.7740)
(2.9497)
(3.0167)
A3(11.5784)
(-4.9943)
(-32.3936)
A4(2.9544)
(0.0383)
(-11.9758)
G1(-0.6550)
(-1.5101)
(2.4014)
G2(0.1548)
(0.8423)
(1.0009)
G3(-5.1014)
(1.9646)
(-0.9998)
G4(-0.4693)
(0.3177)
(0.2847)
A1(0.2108)
(-3.0944)
(3.8320)
A2(22.4145)
(10.6925)
(-1.7238)
A3(1.0008)
(-5.7748)
(-18.7274)
A4(4.6160)
(0.8092)
(-10.1083)
G1(3.7849)
(0.9360)
(3.4790)
G2(-0.1341)
(1.2377)
(0.6827)
G3(1.4883)
(1.3856)
(1.5830)
G4(-0.3033)
(1.1265)
(-0.3544)
A1(-2.6489)
(-0.6993)
(7.3383)
A2(-5.6168)
(7.8769)
(0.8571)
A3(-0.5986)
(2.5857)
(-9.6295)
A4(-8.6431)
(1.7142)
(-4.2665)
G1(3.9339)
(0.2379)
(3.9094)
G2(-0.1245)
(-1.5202)
(0.7551)
G3(3.7285)
(1.6804)
(2.1088)
G4(-0.8152)
(-0.9365)
(-0.2639)
A1(-11.1081)
(-0.6946)
(8.9622)
A2(0.7422)
(11.3294)
(4.1994)
A3(-3.9600)
(16.6253)
(3.5769)
A4(-3.6727)
(6.2393)
(-2.5331)
G1(3.2033)
(2.2817)
(3.8748)
G2(1.2404)
(-1.7326)
(0.6087)
G3(6.1134)
(1.2388)
(2.8521)
G4(-0.4401)
(0.5502)
(-0.4656)
A1(-8.5502)
(10.6674)
(9.4364)
A2(0.4980)
(14.2647)
(11.5113)
A3(-7.1539)
(20.9397)
(3.9840)
A4(-1.1109)
(8.1882)
(-5.6503)
G1(2.5345)
(-1.9034)
(3.4917)
G2(0.0537)
(-1.2648)
(0.4539)
G3(6.9701)
(3.4210)
(3.5534)
G4(-0.0005)
(0.6407)
(-0.3837)
A1(-11.7308)
(8.3969)
(5.3122)
A2(-6.1052)
(6.7373)
(5.0135)
A3(-10.0173)
(14.9255)
(-1.8579)
A4(1.2258)
(11.7460)
(-6.5936)
G1(2.3887)
(-0.6258)
(2.4137)
G2(0.6125)
(0.3629)
(0.3416)
G3(4.2436)
(2.2913)
(2.1444)
G4(0.3453)
(-0.0346)
(0.2985)
A1(-6.8545)
(8.2389)
(3.7746)
A2(4.4915)
(9.5624)
(-1.7765)
A3(-8.4707)
(16.7020)
(0.8092)
A4(0.1532)
(9.2273)
(-7.0916)
G1(1.4255)
(0.8865)
(0.5986)
G2(0.7599)
(-0.3757)
(0.4236)
G3(0.9605)
(2.2471)
(0.4656)
G4(-0.0660)
(0.2458)
(0.1336)
A1(-4.1625)
(8.1622)
(3.6883)
A2(-1.9201)
(11.8034)
(5.4636)
A3(-8.2456)
(12.7419)
(1.3455)
A4(0.4980)
(7.3263)
(-5.8179)
G1(1.2451)
(-0.0128)
(0.8663)
G2(0.9243)
(-1.5218)
(0.2618)
G3(0.2059)
(0.0617)
(0.7987)
G4(-0.3150)
(-0.3666)
(0.5225)
A1(-5.5181)
(8.2101)
(1.9927)
A2(1.6903)
(12.3158)
(1.2163)
A3(-5.4588)
(8.7771)
(-0.2538)
A4(1.9010)
(9.1028)
(-3.5291)
G1(1.6762)
(-0.8716)
(-0.0383)
G2(0.6694)
(-0.5316)
(0.7987)
G3(-0.3049)
(0.7008)
(-0.5082)
G4(0.1963)
(0.1740)
(0.2219)
A1(-3.9662)
(7.4916)
(3.1566)
A2(0.2251)
(8.6622)
(0.1867)
A3(-3.1460)
(8.9783)
(-1.7047)
A4(-0.5315)
(9.1650)
(-4.4724)
G1(0.5981)
(-0.4475)
(0.4885)
G2(1.0860)
(-0.2230)
(-0.0484)
G3(-0.5869)
(0.5108)
(-0.4464)
G4(0.4938)
(0.5736)
(0.1245)
A1(-3.0992)
(12.3487)
(3.0848)
A2(0.7135)
(7.9296)
(0.5124)
A3(2.9544)
(10.0748)
(2.2314)
A4(1.0582)
(9.0692)
(-6.9192)
G1(-0.4496)
(0.9344)
(1.3005)
G2(0.3155)
(0.5561)
(0.5428)
G3(0.7817)
(1.3877)
(0.0591)
G4(0.6928)
(0.6236)
(0.3549)
