A1(2.7255)
(5.8917)
(-3.2476)
A2(7.1012)
(9.0214)
(4.5873)
A3(0.0766)
(6.9576)
(-5.9185)
A4(-5.5641)
(10.7452)
(-2.0351)
G1(0.4140)
(1.7538)
(-0.4645)
G2(-0.1708)
(0.2873)
(0.5050)
G3(-0.3491)
(0.7907)
(-0.6226)
G4(1.6112)
(2.7750)
(-2.6542)
A1(2.6393)
(9.2017)
(2.9219)
A2(3.3998)
(6.6367)
(4.2042)
A3(0.7518)
(7.1251)
(-4.9608)
A4(1.7526)
(-10.6015)
(-9.8785)
G1(1.3686)
(1.6581)
(-0.9088)
G2(-1.3851)
(1.6554)
(1.4692)
G3(-0.0921)
(0.9019)
(-0.8700)
G4(1.6644)
(1.8571)
(-2.4610)
A1(-1.2167)
(5.4319)
(9.1586)
A2(0.3735)
(5.6264)
(3.5243)
A3(0.2490)
(10.5441)
(-3.7062)
A4(9.3996)
(29.0273)
(-8.6622)
G1(-2.9756)
(2.0720)
(-0.2506)
G2(-0.7817)
(1.6038)
(0.8152)
G3(0.0341)
(0.4092)
(-1.1142)
G4(-0.4959)
(-0.5614)
(1.6634)
A1(3.0465)
(15.4000)
(1.3652)
A2(2.3511)
(7.9535)
(5.6743)
A3(-2.8491)
(43.0286)
(13.2830)
A4(5.2337)
(3.6152)
(-11.6310)
G1(-6.6887)
(5.0769)
(-1.7230)
G2(2.2242)
(1.7512)
(-0.9599)
G3(4.1473)
(1.7389)
(-2.2194)
G4(-0.6109)
(2.2290)
(-0.5417)
A1(3.6692)
(33.1375)
(29.4587)
A2(7.0006)
(9.6678)
(10.9702)
A3(-0.9433)
(21.8638)
(-13.2830)
A4(-3.6248)
(17.1999)
(-4.4915)
G1(-10.3682)
(2.5494)
(-4.0382)
G2(1.6096)
(-0.0154)
(0.0064)
G3(1.9805)
(2.1976)
(-2.7510)
G4(-0.6284)
(0.0968)
(-0.4576)
A1(-1.1065)
(-1.3652)
(1.6047)
A2(15.6198)
(19.3930)
(5.4444)
A3(6.9959)
(7.1922)
(-28.2037)
A4(3.4429)
(4.8746)
(-0.2011)
G1(-6.9462)
(0.5805)
(-2.1950)
G2(1.6698)
(6.6168)
(0.8019)
G3(-11.1031)
(-5.1743)
(0.7630)
G4(-0.3320)
(2.4892)
(-1.2957)
A1(2.4429)
(2.9746)
(12.7607)
A2(-0.7087)
(12.2200)
(3.8930)
A3(-34.0791)
(17.7362)
(-16.7738)
A4(-0.1006)
(7.5034)
(0.6656)
G1(-6.1581)
(1.3058)
(-2.9937)
G2(0.7657)
(-0.6582)
(-0.4432)
G3(-14.1052)
(1.0153)
(4.9311)
G4(0.4848)
(2.0055)
(-0.7226)
A1(0.6227)
(5.2978)
(-2.5579)
A2(2.2505)
(2.1883)
(5.3391)
A3(-3.4333)
(30.0185)
(-3.2417)
A4(-3.5003)
(6.0525)
(-10.5584)
G1(-5.5664)
(-2.7249)
(0.1431)
G2(0.3198)
(7.1127)
(0.3837)
G3(-11.8118)
(5.0348)
(-1.1717)
G4(1.6070)
(1.3643)
(0.3581)
A1(-4.3062)
(1.1161)
(-1.5663)
A2(0.9912)
(2.5762)
(1.6616)
A3(10.1849)
(22.1416)
(-16.2471)
A4(-2.0255)
(4.9608)
(-8.0780)
G1(-2.2194)
(-1.3122)
(1.3729)
G2(-0.4401)
(1.7698)
(0.7599)
G3(-8.7346)
(-0.7939)
(0.7678)
G4(1.1047)
(-0.3528)
(1.4713)
A1(-2.4381)
(-2.0693)
(0.8191)
A2(1.8962)
(10.0078)
(-0.3735)
A3(-4.9799)
(-4.8171)
(-21.3323)
A4(4.1324)
(10.8936)
(-9.0692)
G1(3.2927)
(-0.6965)
(2.9665)
G2(-0.4629)
(3.1592)
(0.2214)
G3(-0.7317)
(-0.6109)
(3.1192)
G4(0.3491)
(0.1144)
(-0.3821)
A1(-2.3567)
(-1.3125)
(4.1338)
A2(7.9535)
(8.3797)
(0.3017)
A3(1.6903)
(-1.8244)
(-13.6565)
A4(5.8275)
(1.4269)
(-10.1035)
G1(4.6374)
(0.0559)
(3.3177)
G2(-0.0064)
(-0.9567)
(-0.2128)
G3(3.9956)
(0.2746)
(2.3237)
G4(-0.4981)
(-0.1187)
(-0.3528)
A1(-8.8759)
(3.3961)
(9.1873)
A2(2.0734)
(12.0333)
(5.8323)
A3(-1.5083)
(12.6605)
(-0.3926)
A4(0.9385)
(14.7243)
(-2.3703)
G1(5.1817)
(1.2302)
(4.7310)
G2(0.3746)
(-0.5209)
(0.5385)
G3(7.8125)
(0.4161)
(3.1544)
G4(0.1916)
(0.9206)
(-1.0339)
A1(-4.4452)
(9.6950)
(9.1729)
A2(-0.6560)
(9.0836)
(0.8380)
A3(-5.3391)
(15.6054)
(0.9002)
A4(-0.3496)
(9.2512)
(-3.0646)
G1(3.7514)
(0.9610)
(5.1072)
G2(0.7497)
(-0.0362)
(0.5076)
G3(7.7178)
(1.7815)
(2.2652)
G4(0.5380)
(2.0002)
(-1.0360)
A1(-16.9807)
(12.6026)
(3.6213)
A2(-4.3287)
(7.9440)
(5.7461)
A3(-3.3423)
(13.1873)
(-5.9664)
A4(-0.4645)
(12.1290)
(-8.0924)
G1(6.0256)
(-0.0814)
(1.5979)
G2(0.6800)
(1.7214)
(1.0217)
G3(4.0584)
(1.7735)
(0.6226)
G4(0.4667)
(-0.1192)
(0.4550)
A1(-4.5314)
(11.0698)
(8.5167)
A2(0.3256)
(4.6591)
(3.4620)
A3(-11.7220)
(20.5853)
(-3.1460)
A4(1.0343)
(6.6990)
(-7.7381)
G1(0.9711)
(-0.2070)
(2.1934)
G2(0.0575)
(2.9883)
(0.4560)
G3(0.4810)
(5.1498)
(-0.3097)
G4(0.5773)
(1.1105)
(0.2916)
A1(-1.2119)
(9.4028)
(3.3818)
A2(-3.4237)
(15.4043)
(5.5115)
A3(-57.8870)
(21.0738)
(-3.6392)
A4(0.5076)
(6.4452)
(-10.4531)
G1(-1.2744)
(-2.1896)
(0.7604)
G2(0.8046)
(-2.0364)
(0.4677)
G3(-2.1258)
(-7.0383)
(2.2764)
G4(-0.3171)
(0.8791)
(0.6039)
A1(2.4956)
(8.9717)
(1.3508)
A2(-3.3471)
(4.9991)
(2.5905)
A3(4.9656)
(8.3797)
(1.4222)
A4(1.8675)
(8.7963)
(-6.5649)
G1(-1.4362)
(-0.4076)
(1.4814)
G2(0.3288)
(0.9062)
(0.4864)
G3(1.0711)
(0.1697)
(-0.5082)
G4(-0.5422)
(0.2788)
(0.6880)
A1(3.5398)
(9.8962)
(-0.6850)
A2(1.6041)
(10.4291)
(-3.4333)
A3(-2.1165)
(5.5545)
(-8.3989)
A4(4.3431)
(5.5354)
(-4.2282)
G1(1.3441)
(2.7079)
(0.2442)
G2(1.4830)
(-0.4975)
(1.3377)
G3(0.7748)
(-1.0382)
(0.9903)
G4(0.1942)
(0.8652)
(0.1990)
A1(4.5026)
(9.8435)
(3.1231)
A2(-1.7861)
(10.4914)
(5.0135)
A3(-0.8571)
(8.6287)
(-4.3239)
A4(7.1443)
(4.4005)
(-8.4563)
G1(0.7769)
(1.3223)
(0.7881)
G2(1.7922)
(-0.9083)
(1.0201)
G3(0.5715)
(2.1726)
(0.0543)
G4(-0.1112)
(1.5937)
(-0.1112)
A1(2.2417)
(8.6652)
(-2.9746)
A2(8.7676)
(7.7141)
(-3.3854)
A3(0.2394)
(9.5098)
(-4.0366)
A4(2.3272)
(5.3056)
(-6.3255)
G1(0.3395)
(0.2975)
(0.5912)
G2(-0.0271)
(0.9424)
(0.2038)
G3(-0.0463)
(0.6045)
(0.4507)
G4(-0.2522)
(0.6646)
(-0.1442)
