A1(4.1961)
(6.0211)
(-2.3136)
A2(4.0558)
(7.7524)
(2.4517)
A3(-0.5124)
(7.0868)
(-7.8338)
A4(-6.0430)
(6.3015)
(-2.8491)
G1(1.2185)
(1.7001)
(-0.3794)
G2(-0.2543)
(2.1072)
(0.7322)
G3(-0.0298)
(1.4154)
(-1.1137)
G4(1.4942)
(3.9696)
(-3.3172)
A1(1.2646)
(9.6998)
(0.5700)
A2(3.4620)
(6.5793)
(7.8817)
A3(-1.1205)
(8.1403)
(-4.9560)
A4(12.3301)
(7.9057)
(2.2697)
G1(1.3957)
(1.8502)
(-0.8487)
G2(-0.8258)
(1.8879)
(1.0860)
G3(0.1075)
(1.1015)
(-1.1552)
G4(0.4720)
(-0.7184)
(0.0548)
A1(-1.4226)
(11.8074)
(5.2020)
A2(-1.1109)
(4.5059)
(4.3670)
A3(1.4126)
(11.4730)
(-3.8164)
A4(-1.0774)
(18.1289)
(-1.9010)
G1(-1.2255)
(3.1991)
(-0.2788)
G2(-0.4411)
(2.5653)
(0.4268)
G3(0.4603)
(0.3517)
(-1.3590)
G4(0.7529)
(0.0160)
(0.0745)
A1(9.1681)
(29.6264)
(1.1975)
A2(7.5657)
(4.6831)
(13.2495)
A3(-4.3096)
(35.6161)
(11.0373)
A4(-1.0870)
(13.2399)
(-13.9726)
G1(-6.7137)
(7.5294)
(-2.1263)
G2(1.4090)
(-0.8700)
(-0.6795)
G3(4.1446)
(3.1384)
(-3.1874)
G4(-0.3124)
(3.0118)
(-1.2217)
A1(-2.0406)
(26.7859)
(5.3792)
A2(-8.1020)
(10.8984)
(4.7118)
A3(36.3440)
(8.2121)
(-28.2899)
A4(-5.9472)
(7.2640)
(-3.1460)
G1(-8.0024)
(2.6201)
(-4.1292)
G2(1.5623)
(8.2940)
(-0.1985)
G3(-3.0793)
(0.5976)
(2.6217)
G4(-0.6864)
(-0.4821)
(0.0963)
A1(4.8954)
(10.1166)
(2.6728)
A2(7.7524)
(13.0484)
(-1.7286)
A3(-2.8443)
(-0.3448)
(-23.8175)
A4(2.9640)
(13.9486)
(2.9544)
G1(-4.7693)
(0.4007)
(-3.8536)
G2(1.1238)
(4.2250)
(2.2386)
G3(-11.9933)
(-6.4018)
(0.2730)
G4(-0.2565)
(-1.1073)
(-0.4140)
A1(-6.9647)
(-7.1611)
(19.9697)
A2(-1.6999)
(5.9424)
(8.4180)
A3(9.0740)
(36.9377)
(4.2952)
A4(-5.0853)
(2.8683)
(-5.4396)
G1(-7.5251)
(-2.0396)
(-3.5290)
G2(0.2692)
(2.9777)
(-1.0445)
G3(-14.0041)
(3.1666)
(-0.5757)
G4(1.1462)
(1.2632)
(-0.0841)
A1(12.2817)
(11.3811)
(6.3229)
A2(6.0430)
(7.8961)
(8.0302)
A3(5.7652)
(35.9226)
(27.9691)
A4(-3.0071)
(13.6086)
(-6.4979)
G1(-6.0171)
(-2.2338)
(-0.8578)
G2(0.3810)
(2.3003)
(-0.7136)
G3(-12.3588)
(3.5604)
(-2.4083)
G4(1.4032)
(1.4952)
(-0.0255)
A1(3.6165)
(-0.4982)
(0.1198)
A2(-7.6998)
(8.7340)
(3.4333)
A3(7.0198)
(2.2984)
(-20.4944)
A4(1.3647)
(5.8802)
(-8.8825)
G1(-0.5481)
(-2.0454)
(1.6421)
G2(0.0165)
(3.5912)
(0.6524)
G3(-5.2158)
(1.2904)
(0.8892)
G4(-0.1612)
(0.7971)
(-0.7428)
A1(-1.0059)
(-1.3077)
(3.4824)
A2(6.8235)
(8.8202)
(-5.8419)
A3(-1.8052)
(-7.5800)
(-19.1871)
A4(7.2496)
(0.5315)
(24.1240)
G1(4.2170)
(-0.2203)
(3.0894)
G2(-0.4076)
(1.1760)
(-0.2198)
G3(2.2945)
(0.3411)
(1.7884)
G4(-0.3134)
(3.6386)
(-2.4562)
A1(-6.5671)
(1.6190)
(4.7469)
A2(4.6639)
(8.1403)
(0.5363)
A3(-0.3974)
(5.1858)
(-8.2313)
A4(5.3008)
(87.7954)
(-3.2992)
G1(5.0317)
(0.1346)
(4.0297)
G2(0.1277)
(-0.4741)
(-0.1868)
G3(4.2441)
(0.1235)
(1.9976)
G4(-4.6805)
(-1.3760)
(4.4208)
A1(-12.1523)
(2.9411)
(9.0723)
A2(3.4093)
(7.3981)
(-5.0470)
A3(0.6800)
(16.3141)
(8.5377)
A4(1.7142)
(13.4027)
(-8.5186)
G1(3.2379)
(1.2537)
(3.9201)
G2(2.1210)
(0.0250)
(1.4080)
G3(6.0719)
(0.7125)
(2.8186)
G4(0.1793)
(0.3453)
(-0.5023)
A1(-11.1704)
(7.3862)
(13.2253)
A2(-19.1776)
(-8.1403)
(-15.6246)
A3(-2.3942)
(16.0795)
(7.1251)
A4(-0.7661)
(5.0853)
(-7.7285)
G1(3.0538)
(0.2112)
(2.5254)
G2(-1.1281)
(0.3943)
(0.7849)
G3(5.9150)
(2.6952)
(2.2333)
G4(-0.6588)
(1.4782)
(-0.7114)
A1(-9.4124)
(7.4485)
(10.4950)
A2(12.4738)
(12.7563)
(12.3924)
A3(-11.1187)
(22.4720)
(3.8116)
A4(-3.1843)
(8.9735)
(-9.2081)
G1(2.2365)
(0.5832)
(2.2982)
G2(-0.2932)
(-2.8324)
(1.2026)
G3(3.0187)
(1.3601)
(2.0332)
G4(-1.0094)
(1.5745)
(-0.3666)
A1(-5.8151)
(5.0870)
(4.8475)
A2(5.0901)
(16.3763)
(4.5490)
A3(-11.6981)
(15.0164)
(5.9328)
A4(-1.8004)
(6.1914)
(-0.5411)
G1(1.5160)
(1.6655)
(1.2813)
G2(0.9216)
(1.8762)
(0.4044)
G3(1.5511)
(2.0747)
(0.4768)
G4(-0.5960)
(4.7656)
(-1.6229)
A1(-2.4908)
(9.1442)
(5.0200)
A2(-2.0159)
(8.7101)
(2.3750)
A3(-7.4268)
(9.9982)
(4.1803)
A4(-0.0622)
(10.4866)
(-3.3423)
G1(1.3180)
(1.3516)
(-0.1660)
G2(0.8418)
(1.1696)
(0.2879)
G3(0.9871)
(1.8890)
(-0.0788)
G4(0.2655)
(-0.3927)
(0.4757)
A1(-2.0932)
(10.8973)
(2.6058)
A2(-1.9106)
(4.4101)
(4.3144)
A3(-4.2760)
(9.4379)
(-0.2107)
A4(-1.1492)
(8.4324)
(-4.3574)
G1(0.9924)
(-1.1510)
(0.3544)
G2(0.0479)
(3.4098)
(0.7684)
G3(0.2826)
(0.6763)
(-0.4406)
G4(0.1522)
(-0.2485)
(0.2043)
A1(-2.9267)
(8.3586)
(0.8526)
A2(-4.0031)
(10.3382)
(1.2977)
A3(-2.3703)
(10.2185)
(-0.1628)
A4(-0.5842)
(8.1211)
(-5.5737)
G1(0.3225)
(0.0995)
(-0.0889)
G2(0.0027)
(-0.9323)
(-0.2474)
G3(-0.3187)
(-0.3900)
(-0.1868)
G4(0.1650)
(0.6391)
(-0.0021)
A1(-1.9639)
(8.7706)
(0.8670)
A2(-0.5267)
(8.2408)
(3.0071)
A3(-3.2753)
(9.9455)
(-0.2346)
A4(1.5227)
(8.7628)
(-4.3000)
G1(0.8924)
(0.4741)
(-0.1197)
G2(0.4741)
(0.8115)
(0.2677)
G3(-0.1804)
(0.0399)
(-0.2155)
G4(0.2075)
(0.6162)
(-0.0341)
A1(-2.2944)
(8.4305)
(2.3232)
A2(0.6369)
(8.6622)
(0.2538)
A3(-1.8340)
(8.5425)
(-0.9960)
A4(0.4118)
(8.8825)
(-5.2864)
G1(1.3665)
(0.5688)
(-0.2320)
G2(0.0085)
(1.0685)
(0.2070)
G3(-0.1117)
(0.3517)
(-0.1777)
G4(0.1644)
(-0.0314)
(0.2049)
