A1(3.8368)
(10.0208)
(0.6419)
A2(3.9600)
(7.4891)
(2.2170)
A3(-1.2833)
(5.6455)
(-7.5226)
A4(-1.7047)
(4.4532)
(-3.7541)
G1(0.5300)
(2.7808)
(-0.2485)
G2(-0.7402)
(0.8242)
(0.2639)
G3(-0.0825)
(1.4106)
(-0.7109)
G4(0.7269)
(1.8028)
(-2.0407)
A1(1.3077)
(10.1693)
(-0.9293)
A2(7.0533)
(6.0334)
(8.9399)
A3(2.2458)
(6.9384)
(-4.7118)
A4(5.5115)
(5.3103)
(-2.6049)
G1(0.7615)
(2.1912)
(-0.5422)
G2(-0.7764)
(2.9772)
(1.5447)
G3(0.1761)
(1.8326)
(-1.2441)
G4(-0.0271)
(5.0311)
(-4.0228)
A1(1.9064)
(11.3189)
(3.3722)
A2(4.0318)
(5.0422)
(4.5969)
A3(1.3312)
(5.8849)
(-4.9847)
A4(1.2737)
(9.8354)
(-5.7604)
G1(1.8347)
(2.1694)
(-0.9514)
G2(-0.8397)
(1.8507)
(0.8966)
G3(0.0314)
(0.2602)
(-0.8434)
G4(1.5788)
(0.6114)
(-0.3608)
A1(-5.0535)
(2.3040)
(11.8170)
A2(1.0630)
(5.6886)
(13.1633)
A3(-3.2848)
(22.8742)
(6.7804)
A4(2.0734)
(7.8243)
(-11.6406)
G1(-9.5253)
(3.8828)
(0.0005)
G2(0.2347)
(2.0034)
(-0.0463)
G3(1.8714)
(2.6068)
(-2.4036)
G4(-0.1240)
(2.0784)
(-0.9046)
A1(5.3265)
(26.5272)
(-0.5509)
A2(9.5577)
(3.2370)
(3.0454)
A3(10.0030)
(40.8068)
(10.6781)
A4(-7.8817)
(3.8403)
(-18.2055)
G1(-6.6828)
(5.4260)
(-3.9371)
G2(1.9007)
(1.8938)
(-0.5039)
G3(4.4096)
(3.7078)
(-3.5540)
G4(-0.8152)
(1.7645)
(-1.0147)
A1(1.4514)
(25.6650)
(-1.9160)
A2(-4.9991)
(11.4634)
(3.5913)
A3(36.4206)
(13.0771)
(-37.8332)
A4(-0.1580)
(14.2120)
(-3.6727)
G1(-6.7334)
(-0.7881)
(-3.6093)
G2(2.7659)
(6.5258)
(0.5380)
G3(-3.5098)
(0.9014)
(2.6462)
G4(-0.0357)
(1.1307)
(-0.7301)
A1(6.2366)
(2.7160)
(0.3640)
A2(9.8928)
(19.9245)
(1.0008)
A3(-13.3453)
(-1.1205)
(-27.4280)
A4(1.6616)
(6.0238)
(-1.0439)
G1(-5.3318)
(-0.4816)
(-1.9640)
G2(2.4796)
(6.3151)
(1.3191)
G3(-11.9012)
(-5.6675)
(3.4651)
G4(-0.1107)
(1.8709)
(-1.1547)
A1(-1.3364)
(4.4308)
(12.6888)
A2(-3.3950)
(7.1251)
(10.1514)
A3(10.9894)
(36.7893)
(5.7126)
A4(-0.8428)
(9.1123)
(-3.0646)
G1(-7.1596)
(5.6963)
(-1.9060)
G2(-0.3719)
(0.9775)
(-0.3171)
G3(-15.4451)
(2.1742)
(-2.6579)
G4(0.8998)
(0.9237)
(-0.0490)
A1(7.5874)
(-2.1555)
(3.0321)
A2(3.2370)
(5.8849)
(4.1611)
A3(0.2777)
(21.0402)
(-4.8219)
A4(-0.3160)
(-4.1132)
(-9.7636)
G1(-0.9642)
(0.0085)
(1.6198)
G2(0.6412)
(0.8083)
(0.4182)
G3(-5.7388)
(0.0633)
(-0.2522)
G4(0.6880)
(1.4782)
(1.3484)
A1(-1.1544)
(1.4849)
(-0.6371)
A2(-14.4801)
(8.0062)
(6.0861)
A3(31.5556)
(-2.3846)
(-27.0305)
A4(-0.5076)
(-4.1755)
(-15.6198)
G1(0.5486)
(-1.0632)
(2.2774)
G2(0.4182)
(2.9011)
(0.8567)
G3(-3.8610)
(0.1602)
(1.9247)
G4(0.9871)
(-0.9903)
(1.1036)
A1(-7.6689)
(1.0394)
(7.3815)
A2(8.9783)
(6.6702)
(-3.8786)
A3(6.9192)
(-2.8395)
(-16.7355)
A4(16.7738)
(5.6551)
(-2.8922)
G1(4.3053)
(0.0495)
(3.8174)
G2(-0.4555)
(-0.9966)
(0.0250)
G3(3.5364)
(0.8141)
(2.1226)
G4(-0.2565)
(2.2551)
(-0.3491)
A1(-7.4437)
(-2.1076)
(8.9622)
A2(4.5490)
(7.1539)
(1.8387)
A3(-0.4262)
(6.2489)
(-6.8474)
A4(-13.7858)
(23.3530)
(-6.8761)
G1(3.7908)
(1.6767)
(3.6774)
G2(1.1079)
(-1.4378)
(0.2767)
G3(5.0567)
(-0.2006)
(3.4045)
G4(0.6492)
(-1.8507)
(-0.3070)
A1(-11.5679)
(8.0616)
(9.5082)
A2(0.5938)
(9.5098)
(5.3534)
A3(-4.1659)
(17.2239)
(3.8882)
A4(-0.6369)
(36.9952)
(3.1268)
G1(2.0247)
(2.4435)
(4.7597)
G2(0.0218)
(-0.8860)
(1.0206)
G3(7.4623)
(1.9140)
(3.3252)
G4(-0.3421)
(-2.3349)
(-0.0011)
A1(-12.5691)
(7.5778)
(10.1070)
A2(-10.1227)
(7.0581)
(3.0742)
A3(-5.9041)
(13.3453)
(-0.2298)
A4(3.3662)
(11.9375)
(-7.8386)
G1(1.8459)
(-0.6965)
(2.3551)
G2(1.1116)
(1.8682)
(-0.1261)
G3(4.3937)
(4.3213)
(1.6203)
G4(0.3235)
(2.1104)
(-0.7375)
A1(-7.4629)
(11.0746)
(5.8055)
A2(10.7931)
(15.2702)
(6.7900)
A3(-16.3859)
(19.2590)
(-2.0351)
A4(-3.3615)
(7.3310)
(-8.2935)
G1(2.1082)
(-0.4246)
(1.9539)
G2(-0.5694)
(-2.0524)
(0.8870)
G3(1.7054)
(2.1907)
(1.0690)
G4(-0.1772)
(0.5257)
(0.1293)
A1(-4.1434)
(4.7326)
(2.3423)
A2(4.9081)
(11.1139)
(1.3264)
A3(-12.5935)
(14.5711)
(-3.7397)
A4(-1.0870)
(8.6287)
(-6.2968)
G1(2.7611)
(-0.2405)
(0.3411)
G2(1.0190)
(3.1597)
(0.9993)
G3(-0.1107)
(0.8854)
(0.2038)
G4(-0.2054)
(0.2884)
(0.3863)
A1(-4.1290)
(10.6674)
(0.7951)
A2(1.6951)
(10.5249)
(1.5993)
A3(-7.7093)
(14.2982)
(-2.2793)
A4(-0.0431)
(7.5705)
(-5.2146)
G1(1.2388)
(-1.8539)
(0.2410)
G2(0.5390)
(-0.9253)
(0.4805)
G3(-0.0048)
(2.0625)
(-0.4576)
G4(0.0005)
(0.5412)
(0.4837)
A1(4.1242)
(11.9128)
(-3.5542)
A2(-0.8236)
(8.2935)
(1.7478)
A3(2.6193)
(14.0827)
(0.4597)
A4(1.9537)
(7.1347)
(-6.9097)
G1(0.5332)
(-1.7773)
(1.4277)
G2(0.9642)
(0.7019)
(0.7221)
G3(0.5571)
(-0.5598)
(0.4954)
G4(0.0825)
(1.5719)
(-0.1905)
A1(-0.4646)
(10.7680)
(1.4658)
A2(-1.0151)
(7.8673)
(-1.0534)
A3(-0.2155)
(4.2138)
(-6.9192)
A4(4.4628)
(8.3127)
(-6.7947)
G1(1.7677)
(1.7432)
(0.4278)
G2(0.8530)
(-0.1676)
(0.7705)
G3(0.4725)
(-1.1169)
(0.7710)
G4(-0.1517)
(3.2730)
(-0.7854)
A1(1.4993)
(9.2160)
(3.8320)
A2(4.5203)
(8.4372)
(-2.3176)
A3(-0.9577)
(9.2751)
(-4.5346)
A4(2.2793)
(7.3454)
(-2.8587)
G1(0.9674)
(0.3991)
(0.4049)
G2(0.0511)
(1.8454)
(0.4124)
G3(-0.1607)
(0.3815)
(0.1804)
G4(0.0160)
(2.7308)
(-1.4207)
