A1(0.1198)
(5.4559)
(6.3324)
A2(2.2122)
(9.9024)
(-1.0104)
A3(-4.1994)
(10.9176)
(-2.1452)
A4(-0.0910)
(8.3558)
(-6.1339)
G1(-0.3831)
(-0.3390)
(-0.2543)
G2(0.0713)
(-1.0988)
(0.0101)
G3(0.2293)
(-1.4175)
(0.8274)
G4(-0.1117)
(0.1250)
(-0.0325)
A1(-0.3880)
(6.6438)
(6.8737)
A2(-0.7709)
(10.5872)
(0.1341)
A3(-0.6177)
(9.3374)
(-1.6712)
A4(1.0822)
(8.9591)
(-3.4572)
G1(-0.4177)
(-0.7529)
(-0.4879)
G2(0.3182)
(-1.2228)
(-0.1139)
G3(0.5944)
(-1.0392)
(0.5060)
G4(-0.0016)
(-0.0697)
(0.0298)
A1(1.2071)
(3.4297)
(11.5679)
A2(-0.3735)
(10.3621)
(0.9960)
A3(2.8204)
(6.3111)
(-0.6225)
A4(1.1540)
(10.7404)
(0.1772)
G1(-0.3613)
(-1.6080)
(0.2852)
G2(0.2607)
(-0.3890)
(-0.0553)
G3(-0.2426)
(-1.7347)
(2.2567)
G4(0.7519)
(-0.5726)
(-0.0782)
A1(-1.2550)
(9.5418)
(5.5373)
A2(0.6943)
(8.7819)
(1.2115)
A3(0.6416)
(6.9288)
(-3.0502)
A4(3.5243)
(14.8201)
(4.8985)
G1(2.0242)
(-2.5052)
(-0.7609)
G2(0.8945)
(-0.3735)
(0.0490)
G3(-0.1485)
(-1.4399)
(2.0401)
G4(2.2742)
(-0.6439)
(0.0213)
A1(-8.0904)
(11.3524)
(6.1073)
A2(-1.9345)
(7.3550)
(2.8874)
A3(-5.1906)
(54.4681)
(-3.7445)
A4(-5.6790)
(30.2052)
(-16.7929)
G1(1.7166)
(-7.3213)
(-0.0921)
G2(0.4172)
(-0.4512)
(0.2022)
G3(2.4828)
(1.6911)
(-0.0660)
G4(5.1365)
(1.5926)
(1.2590)
A1(1.2023)
(9.2017)
(7.8221)
A2(-3.1220)
(6.9911)
(2.7677)
A3(2.1931)
(-7.7907)
(-12.4977)
A4(0.1101)
(4.1803)
(-29.5061)
G1(0.3331)
(-1.9358)
(-0.7694)
G2(-1.1776)
(-0.7817)
(0.3272)
G3(0.3858)
(-1.1238)
(-0.0027)
G4(-1.6192)
(1.8507)
(4.1664)
A1(-0.4024)
(9.6232)
(2.8788)
A2(3.6296)
(2.6863)
(15.2223)
A3(7.2257)
(10.4435)
(0.7087)
A4(10.3717)
(12.8617)
(-24.0952)
G1(-0.2639)
(0.9035)
(0.5177)
G2(-8.3403)
(-5.5345)
(1.3904)
G3(-0.1538)
(-0.5901)
(-0.2847)
G4(-11.4170)
(4.5299)
(-0.5018)
A1(6.1312)
(4.9194)
(5.3505)
A2(1.8675)
(25.5749)
(0.9577)
A3(-1.2067)
(15.7012)
(-2.1117)
A4(2.8491)
(11.4347)
(-3.7685)
G1(-1.2526)
(-1.8512)
(0.1735)
G2(-7.9386)
(-1.7469)
(1.6607)
G3(0.5896)
(0.4411)
(-0.3757)
G4(-14.4054)
(-0.4299)
(3.1799)
A1(9.7717)
(10.0830)
(6.4809)
A2(3.5243)
(19.4218)
(5.4636)
A3(1.5179)
(-2.0303)
(-6.7612)
A4(-6.1339)
(18.3635)
(-8.7436)
G1(-0.3704)
(-5.2935)
(-4.6315)
G2(-6.1369)
(0.6710)
(4.3585)
G3(0.0378)
(-3.0783)
(1.8416)
G4(-5.1014)
(3.8115)
(3.0735)
A1(-11.5632)
(6.4282)
(-2.0932)
A2(-1.2450)
(0.9098)
(2.6767)
A3(-1.4461)
(7.1204)
(-5.5115)
A4(-17.1329)
(2.0590)
(-16.3955)
G1(-1.2611)
(-2.9330)
(0.1059)
G2(-5.1046)
(1.1861)
(3.2656)
G3(0.2740)
(-1.9401)
(0.3363)
G4(-5.1562)
(3.7503)
(0.9637)
A1(-2.0932)
(9.0484)
(0.3928)
A2(-0.9146)
(0.7422)
(14.2838)
A3(0.7661)
(5.5450)
(-5.2050)
A4(-5.3008)
(-5.4779)
(-13.0149)
G1(-0.0085)
(-0.2655)
(-0.0239)
G2(-5.6377)
(2.3200)
(1.7299)
G3(0.4784)
(-2.6313)
(0.6673)
G4(2.1194)
(-2.5701)
(-2.0529)
A1(0.0958)
(10.8590)
(2.7926)
A2(0.2298)
(6.5170)
(-1.4605)
A3(4.4532)
(1.4365)
(-10.3094)
A4(-0.5746)
(6.4021)
(-4.8507)
G1(0.8982)
(0.6258)
(-0.3773)
G2(-3.3273)
(4.5677)
(-0.7545)
G3(0.5976)
(0.4906)
(-0.9817)
G4(3.5902)
(-1.6554)
(-3.9243)
A1(7.1898)
(11.3380)
(8.2101)
A2(2.9497)
(-0.1053)
(2.9257)
A3(-5.5450)
(3.2322)
(-8.8777)
A4(9.2033)
(11.9279)
(4.2186)
G1(-0.3203)
(-0.4906)
(0.1250)
G2(1.7528)
(0.2288)
(-2.3205)
G3(0.5614)
(0.1703)
(-0.3272)
G4(4.7475)
(-3.6056)
(-3.4992)
A1(0.4407)
(6.7204)
(0.3401)
A2(2.0399)
(-0.6177)
(6.0908)
A3(14.2359)
(8.0828)
(-0.4884)
A4(8.6143)
(12.8760)
(1.8531)
G1(-0.3799)
(-1.9709)
(-0.5002)
G2(3.7791)
(0.0357)
(-3.0304)
G3(-0.6444)
(2.0380)
(-0.0835)
G4(4.0409)
(-4.0089)
(-3.1283)
A1(2.5483)
(8.3634)
(3.3195)
A2(11.1043)
(-2.8299)
(10.5058)
A3(3.2082)
(3.5769)
(-3.0358)
A4(9.9790)
(12.8760)
(-3.9792)
G1(-0.4241)
(-0.8908)
(-0.1373)
G2(3.5683)
(-1.6352)
(-2.8872)
G3(-0.7859)
(-0.5640)
(0.7386)
G4(2.1896)
(-1.8975)
(-2.3221)
A1(-0.7377)
(9.6232)
(1.0490)
A2(6.2201)
(-1.9393)
(8.6574)
A3(2.9305)
(11.5736)
(-5.0566)
A4(12.3972)
(15.4857)
(-3.4333)
G1(0.3342)
(0.1873)
(-0.4326)
G2(3.5210)
(-2.0508)
(-4.0297)
G3(-0.1666)
(-0.1139)
(0.6726)
G4(0.5816)
(-1.7868)
(-1.5931)
A1(3.2333)
(10.7584)
(-0.4694)
A2(3.9792)
(10.3334)
(7.2544)
A3(2.8395)
(5.7221)
(-6.5314)
A4(12.2056)
(13.6182)
(0.5842)
G1(0.8274)
(0.9653)
(-0.3065)
G2(2.4637)
(1.1398)
(-3.7019)
G3(0.3017)
(-0.0351)
(0.0208)
G4(-0.5135)
(0.0314)
(-1.1424)
A1(0.7377)
(10.7632)
(-0.7233)
A2(11.1666)
(6.6894)
(7.4747)
A3(3.1891)
(7.0533)
(-6.0047)
A4(8.9160)
(10.2615)
(1.0918)
G1(0.4933)
(1.0584)
(-0.7897)
G2(2.7771)
(1.9023)
(-2.0800)
G3(0.4230)
(0.2804)
(-0.3065)
G4(0.2368)
(-1.8065)
(-0.2490)
A1(1.3316)
(10.2076)
(1.0730)
A2(5.7126)
(8.1547)
(7.8961)
A3(1.9393)
(8.6335)
(-6.5457)
A4(6.6319)
(9.9551)
(-1.0151)
G1(1.2797)
(0.6353)
(-0.7242)
G2(1.9284)
(1.1893)
(-1.3920)
G3(0.3629)
(0.9450)
(-0.9099)
G4(0.1495)
(-0.6763)
(-0.1990)
A1(0.2060)
(10.5429)
(-2.0837)
A2(6.3638)
(7.6567)
(4.8076)
A3(4.4772)
(5.6360)
(-7.0533)
A4(2.3463)
(10.2089)
(-0.9242)
G1(1.8885)
(1.3037)
(-1.1228)
G2(1.5676)
(-0.0596)
(-1.0328)
G3(0.2033)
(0.6173)
(-0.7040)
G4(-0.1458)
(-0.6125)
(-0.1719)
