A1(3.5303)
(5.1972)
(-1.7963)
A2(5.0518)
(11.9327)
(6.5553)
A3(-2.3798)
(8.4420)
(-5.9711)
A4(-4.4819)
(7.8865)
(-2.9688)
G1(0.7130)
(1.6724)
(-0.3581)
G2(-1.0520)
(1.2680)
(0.5002)
G3(0.7008)
(2.5680)
(-1.8310)
G4(0.7801)
(3.6168)
(-3.4225)
A1(1.2789)
(12.7559)
(2.1699)
A2(-0.1053)
(5.0901)
(4.8411)
A3(1.3838)
(4.0462)
(-6.3494)
A4(3.8020)
(10.9415)
(-4.5873)
G1(2.6643)
(2.3493)
(-0.9642)
G2(-0.5630)
(2.1258)
(1.0568)
G3(0.0165)
(-0.0639)
(-0.7354)
G4(1.7922)
(1.4660)
(-1.3260)
A1(-2.2034)
(8.7610)
(3.4919)
A2(-2.2362)
(4.5394)
(3.9887)
A3(-1.8627)
(10.4052)
(-5.2385)
A4(5.2672)
(9.6438)
(-2.0351)
G1(-0.6981)
(2.4073)
(-1.1057)
G2(0.1820)
(1.2137)
(0.5704)
G3(0.1841)
(0.3672)
(-0.9381)
G4(0.6854)
(-1.3356)
(1.2819)
A1(-1.6574)
(24.9513)
(-2.8644)
A2(7.3741)
(2.8922)
(5.0326)
A3(7.3981)
(27.2269)
(14.9925)
A4(8.3701)
(12.6079)
(-14.5376)
G1(-6.8137)
(3.4220)
(-0.2251)
G2(1.1573)
(0.8993)
(0.0138)
G3(2.8782)
(1.6985)
(-3.0384)
G4(-0.8945)
(0.4885)
(-0.8024)
A1(-5.7624)
(21.8090)
(10.6291)
A2(3.8595)
(10.9990)
(14.4562)
A3(-3.7397)
(22.3618)
(-2.6576)
A4(-7.9871)
(7.3310)
(-12.1769)
G1(-6.4444)
(3.9440)
(-4.0084)
G2(1.1148)
(-0.9892)
(-0.9674)
G3(3.1256)
(3.5056)
(-3.8685)
G4(-1.3276)
(0.5177)
(-0.5199)
A1(-2.4238)
(17.0094)
(-1.9974)
A2(6.7373)
(18.1768)
(7.1682)
A3(6.9192)
(10.3573)
(-23.3818)
A4(3.3519)
(12.7946)
(1.6807)
G1(-6.5769)
(-1.3814)
(-2.8500)
G2(2.2492)
(5.8447)
(0.7785)
G3(-7.5294)
(-4.7065)
(2.0731)
G4(-0.4550)
(-0.0351)
(0.0670)
A1(-4.5218)
(2.0022)
(5.3744)
A2(0.9242)
(13.6469)
(2.2075)
A3(-27.4998)
(17.1090)
(-23.5446)
A4(2.2889)
(6.6990)
(2.0351)
G1(-5.9873)
(1.4261)
(-1.5357)
G2(2.8319)
(3.2789)
(0.8205)
G3(-10.5779)
(-3.7003)
(4.0909)
G4(-0.0032)
(1.4005)
(-0.5161)
A1(0.2635)
(0.0719)
(-7.9275)
A2(1.4700)
(4.0797)
(3.9313)
A3(-11.2144)
(30.2052)
(-10.6255)
A4(-0.6800)
(8.3414)
(-3.0502)
G1(-10.3432)
(-2.3913)
(-2.0768)
G2(0.6215)
(1.1350)
(-0.2198)
G3(-14.4069)
(4.2399)
(-4.2133)
G4(0.7886)
(0.8067)
(-0.0686)
A1(6.7635)
(-5.2211)
(0.9772)
A2(-0.7422)
(8.3797)
(7.0964)
A3(10.1131)
(15.1601)
(-16.3428)
A4(2.8395)
(-3.5769)
(-12.5839)
G1(-1.4218)
(-0.1868)
(0.6401)
G2(-0.7093)
(4.3532)
(0.3549)
G3(-4.8220)
(-1.3521)
(-0.2166)
G4(0.6380)
(1.1797)
(0.1016)
A1(-0.2395)
(0.9101)
(1.8969)
A2(-2.3415)
(7.0390)
(3.4955)
A3(12.7419)
(-7.2832)
(-28.9315)
A4(5.0661)
(7.7428)
(-8.1930)
G1(0.4608)
(-1.6602)
(2.5568)
G2(0.0229)
(2.3615)
(0.3602)
G3(-4.1217)
(0.5050)
(1.2702)
G4(0.1054)
(-1.0770)
(1.2148)
A1(-5.0870)
(-3.1375)
(6.2079)
A2(5.5450)
(9.4571)
(-0.9433)
A3(6.8905)
(-9.5816)
(-19.3404)
A4(4.7740)
(12.1003)
(-1.1684)
G1(3.6881)
(0.6540)
(3.7370)
G2(-0.2554)
(0.1086)
(0.2980)
G3(2.7372)
(2.2418)
(2.1630)
G4(-0.7455)
(0.5241)
(-1.6384)
A1(-6.6007)
(-1.1017)
(8.0377)
A2(4.2425)
(7.3215)
(0.4262)
A3(-0.6752)
(9.7300)
(-6.2441)
A4(-3.1220)
(3.3567)
(-2.3367)
G1(3.8317)
(1.2143)
(4.2723)
G2(0.1383)
(-0.9860)
(0.6141)
G3(4.2234)
(0.9663)
(2.9708)
G4(-0.6800)
(-0.0213)
(-0.1767)
A1(-8.2772)
(8.1335)
(8.4592)
A2(-0.8045)
(9.5864)
(4.0654)
A3(-4.6495)
(17.8033)
(3.1987)
A4(5.6695)
(26.8007)
(-0.3112)
G1(2.8825)
(0.6311)
(5.0396)
G2(0.5108)
(-0.1735)
(0.9110)
G3(7.6975)
(2.5579)
(3.6120)
G4(0.1543)
(-1.5500)
(0.0426)
A1(-10.6435)
(9.8962)
(10.6722)
A2(-3.5913)
(12.0955)
(6.1435)
A3(-9.4858)
(16.3668)
(-6.1483)
A4(3.1891)
(11.6358)
(-7.9823)
G1(3.3065)
(0.0080)
(2.1630)
G2(0.6279)
(0.2969)
(0.0468)
G3(3.5763)
(2.0705)
(1.9502)
G4(0.5332)
(0.6279)
(0.1128)
A1(-10.0974)
(7.3048)
(5.7480)
A2(1.9776)
(11.5353)
(8.4276)
A3(-20.5087)
(20.5758)
(-1.3743)
A4(-2.0782)
(6.9528)
(-4.9560)
G1(2.7915)
(-1.3521)
(0.7098)
G2(-0.2421)
(-1.0009)
(0.5358)
G3(1.4569)
(1.7006)
(0.9998)
G4(0.5326)
(-0.0591)
(0.3496)
A1(-4.0763)
(7.9754)
(3.0656)
A2(6.7086)
(12.2870)
(5.1523)
A3(-11.1378)
(16.8791)
(6.5553)
A4(2.9688)
(5.4636)
(-6.8857)
G1(0.9136)
(-2.0247)
(0.6396)
G2(0.7008)
(0.0500)
(0.6598)
G3(0.5608)
(0.3884)
(0.0862)
G4(0.2618)
(0.3650)
(0.4651)
A1(-10.2986)
(12.4637)
(0.6898)
A2(-3.8882)
(8.3989)
(-1.3312)
A3(-6.1531)
(10.9223)
(-0.7518)
A4(-1.2546)
(9.8402)
(-7.2544)
G1(1.1988)
(1.7219)
(0.4475)
G2(0.6960)
(-1.2356)
(-0.0479)
G3(0.8508)
(0.1953)
(0.0154)
G4(0.2442)
(0.7189)
(0.5736)
A1(2.6776)
(10.9788)
(2.3375)
A2(0.3879)
(7.1156)
(-1.3120)
A3(0.4980)
(16.2327)
(5.7557)
A4(1.4030)
(6.4356)
(-6.6032)
G1(0.2517)
(-2.3051)
(1.4463)
G2(1.2813)
(-0.0016)
(0.3592)
G3(0.0388)
(0.2804)
(0.4119)
G4(0.2112)
(-0.0803)
(0.6353)
A1(-5.5229)
(7.2090)
(-1.5280)
A2(-0.9146)
(12.0955)
(1.1301)
A3(2.6671)
(6.5457)
(-5.6216)
A4(2.8156)
(6.5457)
(-8.9208)
G1(0.8838)
(-0.0027)
(-0.0101)
G2(0.7492)
(-0.5013)
(1.2015)
G3(-0.2708)
(-1.1579)
(1.4489)
G4(0.1639)
(0.7769)
(-0.0176)
A1(0.2491)
(9.1729)
(2.2034)
A2(3.3040)
(7.0485)
(-2.9736)
A3(2.1356)
(8.0254)
(-0.9529)
A4(-0.6369)
(5.4444)
(-5.5689)
G1(0.1767)
(0.9019)
(0.4007)
G2(0.3406)
(-0.1596)
(0.3805)
G3(0.2597)
(-0.1032)
(0.3948)
G4(0.4369)
(2.8112)
(-1.8017)
