A1(0.2826)
(7.9994)
(-2.8644)
A2(3.1651)
(7.8913)
(2.2314)
A3(-0.2442)
(7.5130)
(-6.4739)
A4(5.8658)
(12.4929)
(-2.2027)
G1(0.3762)
(0.6768)
(-0.0633)
G2(-0.3704)
(0.1963)
(-0.0484)
G3(-0.1123)
(0.5305)
(-0.1889)
G4(0.5720)
(2.0960)
(-1.5559)
A1(0.8670)
(9.1777)
(-2.9986)
A2(4.0797)
(9.1985)
(2.9688)
A3(-0.5411)
(8.6239)
(-5.3774)
A4(3.5530)
(8.3127)
(-2.4517)
G1(0.2533)
(1.5123)
(-0.4023)
G2(-0.9073)
(-0.3358)
(0.1511)
G3(-0.2650)
(0.6731)
(-0.2533)
G4(0.8461)
(1.4527)
(-1.1494)
A1(3.0465)
(9.8627)
(-2.0310)
A2(2.9449)
(6.8809)
(4.3287)
A3(0.9720)
(9.2608)
(-3.5721)
A4(0.7183)
(8.6814)
(-0.0144)
G1(0.4225)
(1.4330)
(-0.4895)
G2(-0.7535)
(1.7326)
(0.8892)
G3(0.1144)
(0.4635)
(-0.4832)
G4(0.3682)
(3.9350)
(-2.9202)
A1(1.6430)
(11.8649)
(-2.9123)
A2(4.9225)
(5.9328)
(6.9192)
A3(1.8435)
(8.4467)
(-5.4444)
A4(7.0150)
(4.0414)
(-6.1052)
G1(1.9396)
(1.6038)
(-0.8950)
G2(-1.1728)
(1.7224)
(1.0397)
G3(0.1905)
(0.6385)
(-0.5055)
G4(1.0546)
(0.5412)
(-0.6795)
A1(-2.0932)
(3.2668)
(7.0749)
A2(0.0287)
(6.8378)
(9.6103)
A3(-4.0606)
(12.6127)
(-3.5099)
A4(-1.7957)
(20.1927)
(-6.9719)
G1(-2.9793)
(3.3773)
(-0.7897)
G2(-0.3464)
(-0.0176)
(0.2357)
G3(0.8232)
(1.2148)
(-1.2212)
G4(-0.0463)
(-2.3754)
(0.2352)
A1(-10.4135)
(15.5580)
(9.8340)
A2(9.5050)
(4.9177)
(5.9280)
A3(6.5793)
(17.7841)
(10.3094)
A4(0.5076)
(2.2218)
(-10.2951)
G1(-9.5631)
(1.8315)
(-1.6863)
G2(0.8173)
(2.4046)
(-0.3038)
G3(1.9177)
(1.4048)
(-1.9284)
G4(-0.0873)
(1.2020)
(-0.6125)
A1(0.4455)
(31.4562)
(18.7961)
A2(-6.0525)
(13.0867)
(9.1794)
A3(-2.6049)
(21.1504)
(-20.4465)
A4(-2.2027)
(15.8448)
(-1.7095)
G1(-10.7838)
(-0.9067)
(-3.4199)
G2(1.2372)
(1.5708)
(-0.0090)
G3(3.0016)
(2.3801)
(-3.1639)
G4(-0.1463)
(0.1586)
(0.1463)
A1(2.3088)
(13.7618)
(-8.2197)
A2(-1.7765)
(11.0277)
(4.6064)
A3(21.2988)
(2.6528)
(-28.8358)
A4(1.2402)
(4.5394)
(-4.3048)
G1(-5.4206)
(-0.2671)
(-1.6879)
G2(2.2679)
(6.6615)
(0.4965)
G3(-5.8336)
(2.1524)
(1.4819)
G4(0.0809)
(0.4869)
(-0.3704)
A1(-13.4408)
(4.1721)
(10.2315)
A2(2.1356)
(6.5457)
(7.0725)
A3(-11.4874)
(19.7905)
(1.0870)
A4(-1.3647)
(7.1204)
(-4.0462)
G1(-7.3767)
(-0.8306)
(-5.0327)
G2(-0.3395)
(-0.2772)
(-0.0984)
G3(-16.3284)
(5.6617)
(3.5785)
G4(1.1260)
(3.0639)
(-1.7177)
A1(1.4562)
(4.3110)
(-0.0335)
A2(-5.0278)
(8.6622)
(4.4628)
A3(-8.8729)
(40.8355)
(3.4333)
A4(-3.4812)
(8.4994)
(-5.5019)
G1(-6.0746)
(-0.9493)
(-1.7379)
G2(-0.2155)
(4.1452)
(-0.6029)
G3(-13.4614)
(4.8156)
(-3.8296)
G4(1.6033)
(3.2517)
(-0.4236)
A1(0.0623)
(-6.8641)
(0.9724)
A2(-8.2169)
(9.4858)
(5.6216)
A3(8.9830)
(11.4012)
(-16.9366)
A4(-0.6273)
(-3.8738)
(-9.8450)
G1(-0.5593)
(-0.7056)
(2.0162)
G2(-0.1181)
(3.3555)
(1.1063)
G3(-5.0721)
(-0.1485)
(-0.7231)
G4(1.0839)
(-0.9833)
(2.2338)
A1(-2.2896)
(-0.1581)
(-1.1017)
A2(-7.4603)
(8.6718)
(3.0933)
A3(21.9979)
(-4.8076)
(-17.6213)
A4(8.4084)
(1.4461)
(-13.9438)
G1(1.6517)
(0.3868)
(2.8250)
G2(-0.4709)
(4.3905)
(2.5094)
G3(-4.1122)
(-2.3174)
(3.0373)
G4(0.3145)
(-0.0122)
(-0.3640)
A1(-7.4677)
(0.9963)
(6.9982)
A2(2.8539)
(6.9432)
(-0.9577)
A3(6.9001)
(-4.5011)
(-13.4554)
A4(9.1123)
(24.9907)
(-1.0151)
G1(3.9978)
(-0.7998)
(3.9052)
G2(0.4491)
(-1.8810)
(-0.6625)
G3(3.3933)
(2.7558)
(2.2482)
G4(-1.7304)
(-0.5023)
(-0.8663)
A1(-10.2028)
(1.5376)
(8.4448)
A2(4.0845)
(9.4140)
(1.2929)
A3(0.7278)
(8.1977)
(-5.0613)
A4(0.7661)
(10.4244)
(-0.7901)
G1(4.5804)
(0.6173)
(3.9738)
G2(0.6460)
(-0.0772)
(0.3555)
G3(4.7299)
(0.3602)
(3.5646)
G4(-0.5715)
(-0.9482)
(-0.1107)
A1(-3.9614)
(9.0388)
(9.6040)
A2(3.4093)
(13.4410)
(5.0853)
A3(-6.7038)
(21.6101)
(3.2465)
A4(-2.4708)
(7.2496)
(-4.8459)
G1(2.4365)
(1.6182)
(4.6640)
G2(1.1675)
(-1.6096)
(1.1456)
G3(6.4481)
(1.6921)
(3.4183)
G4(-0.2708)
(-0.0032)
(0.0074)
A1(-9.0244)
(7.3671)
(11.6733)
A2(-8.3893)
(8.6910)
(8.5760)
A3(-7.8147)
(18.7466)
(3.8834)
A4(2.2745)
(8.6479)
(-6.8522)
G1(3.6466)
(-1.5921)
(4.5708)
G2(-0.5662)
(-0.9876)
(0.1830)
G3(6.5152)
(3.8360)
(2.1263)
G4(-0.0841)
(-0.0745)
(0.2112)
A1(-9.4555)
(7.9467)
(8.7466)
A2(3.9121)
(7.7093)
(2.3655)
A3(-16.3668)
(20.6811)
(-1.3216)
A4(-1.9441)
(7.4939)
(-6.5074)
G1(1.9704)
(-0.7817)
(1.0296)
G2(0.4135)
(-1.1483)
(0.2597)
G3(1.9683)
(1.8480)
(1.3276)
G4(-0.3251)
(-0.4981)
(0.5135)
A1(-4.3302)
(7.0461)
(5.8678)
A2(-1.9010)
(11.2192)
(5.5306)
A3(-8.1977)
(16.4865)
(4.5586)
A4(0.4884)
(8.2935)
(-6.3973)
G1(0.8599)
(-0.2293)
(0.8913)
G2(0.5928)
(-1.0626)
(0.2826)
G3(0.9222)
(1.1164)
(1.2058)
G4(-0.1506)
(-0.0745)
(0.4028)
A1(-3.9949)
(7.4581)
(2.4717)
A2(0.7278)
(9.9216)
(1.6999)
A3(-7.9152)
(9.0740)
(1.1684)
A4(1.8340)
(7.5992)
(-4.4628)
G1(1.7698)
(-0.1048)
(-0.2948)
G2(1.2952)
(-1.4692)
(0.2453)
G3(0.5763)
(0.7221)
(-0.2049)
G4(-0.0021)
(0.0186)
(0.2027)
A1(-3.4967)
(8.2628)
(2.1699)
A2(-2.5666)
(9.2608)
(1.7765)
A3(-5.2289)
(8.3366)
(-2.6863)
A4(0.1772)
(9.2608)
(-4.4053)
G1(1.8853)
(0.7902)
(0.1027)
G2(0.9488)
(-0.3331)
(0.1048)
G3(0.0511)
(0.8136)
(-0.6981)
G4(0.2304)
(0.6199)
(0.1277)
