A1(-0.1389)
(7.9898)
(7.1851)
A2(0.1484)
(9.4140)
(0.5746)
A3(-1.8818)
(10.0126)
(-0.2442)
A4(1.4222)
(9.1459)
(-4.1324)
G1(-0.9839)
(-0.7668)
(0.0005)
G2(0.1634)
(-0.5960)
(0.0862)
G3(0.6726)
(-0.8083)
(0.7923)
G4(0.3421)
(-0.3991)
(0.1809)
A1(-1.8011)
(9.2544)
(7.3240)
A2(0.1245)
(9.5720)
(-0.0910)
A3(-0.1867)
(7.4124)
(-2.6911)
A4(2.8299)
(12.4115)
(0.1867)
G1(0.6151)
(-1.3383)
(0.1815)
G2(0.2618)
(-0.5938)
(0.1054)
G3(0.5337)
(-1.1935)
(1.7400)
G4(1.4293)
(-0.7561)
(0.4885)
A1(2.9267)
(11.0123)
(8.3586)
A2(0.2825)
(9.4619)
(0.9050)
A3(0.2059)
(7.6854)
(0.2107)
A4(2.1931)
(21.0546)
(6.3159)
G1(0.9988)
(-1.2106)
(-0.6513)
G2(0.4927)
(-0.9823)
(0.1681)
G3(0.8040)
(-0.2655)
(1.5809)
G4(2.5531)
(-1.7725)
(0.8434)
A1(-7.2282)
(9.2735)
(1.5232)
A2(-2.1979)
(8.3797)
(1.8340)
A3(10.6686)
(6.8235)
(-9.0836)
A4(11.2671)
(5.3965)
(-14.2359)
G1(0.5337)
(-2.6568)
(-0.7678)
G2(-0.3230)
(-0.3714)
(0.2990)
G3(0.0591)
(0.3661)
(0.2501)
G4(0.6194)
(0.5135)
(2.5451)
A1(6.9456)
(8.8137)
(4.0667)
A2(0.8906)
(12.2870)
(7.1874)
A3(-7.9871)
(10.5872)
(-9.3661)
A4(-0.0096)
(26.0585)
(-28.9507)
G1(-0.0958)
(-1.3670)
(0.3310)
G2(-1.7246)
(-2.0486)
(1.0477)
G3(-0.3406)
(-2.0965)
(0.7226)
G4(-4.0723)
(2.2285)
(0.1437)
A1(3.7123)
(7.9946)
(1.0442)
A2(-6.5266)
(24.1000)
(15.8831)
A3(2.6288)
(17.8751)
(4.6495)
A4(13.2447)
(3.6631)
(-11.7412)
G1(-0.9206)
(-2.6840)
(0.4491)
G2(-9.9367)
(-1.1515)
(1.5852)
G3(0.5071)
(-1.4596)
(0.5422)
G4(-15.4206)
(-2.0497)
(1.4936)
A1(5.9540)
(8.5885)
(9.3597)
A2(7.5322)
(7.7859)
(7.2688)
A3(0.6464)
(7.8338)
(-4.7405)
A4(3.6631)
(32.3409)
(1.4605)
G1(-1.4048)
(-1.3042)
(0.1000)
G2(-4.8172)
(-0.5013)
(4.8747)
G3(0.6981)
(-0.4656)
(0.1724)
G4(-13.4135)
(-4.0393)
(9.0933)
A1(0.6514)
(14.5042)
(3.4392)
A2(-0.5363)
(5.4684)
(-4.7118)
A3(6.4260)
(4.1851)
(-3.2753)
A4(2.2553)
(8.3653)
(-12.1147)
G1(-0.6976)
(-3.4667)
(-0.6055)
G2(-4.3016)
(-1.7209)
(1.0642)
G3(0.4539)
(-1.1329)
(0.5566)
G4(-3.0330)
(2.1439)
(2.5371)
A1(-4.0188)
(9.7765)
(1.0394)
A2(4.8890)
(-4.4101)
(8.7005)
A3(4.3910)
(5.6312)
(-5.0039)
A4(-16.1800)
(-1.6089)
(-16.0364)
G1(-0.3714)
(-0.4113)
(-1.0089)
G2(-4.4772)
(-0.0298)
(1.1015)
G3(0.5082)
(-1.2781)
(0.5859)
G4(-2.9921)
(-0.9424)
(1.4314)
A1(0.4598)
(8.0281)
(0.6467)
A2(-6.1531)
(9.4954)
(4.9129)
A3(1.1253)
(2.0016)
(-9.7252)
A4(-5.5737)
(-4.4197)
(-11.7699)
G1(0.5821)
(0.9615)
(-0.1862)
G2(-6.5019)
(1.3276)
(-0.8381)
G3(0.1905)
(-0.3219)
(0.4571)
G4(2.0151)
(-0.8679)
(-2.9298)
A1(3.5350)
(9.5897)
(3.0034)
A2(8.7149)
(7.3263)
(1.7717)
A3(1.9968)
(2.3798)
(-9.1123)
A4(1.5610)
(6.8091)
(-3.2609)
G1(0.9339)
(0.4581)
(-0.8679)
G2(-1.1063)
(-1.5644)
(0.0543)
G3(0.8860)
(0.5992)
(-0.3491)
G4(3.5215)
(-0.8540)
(-4.1228)
A1(8.6508)
(7.6736)
(3.9230)
A2(6.7229)
(2.2266)
(2.7390)
A3(-2.4181)
(4.6208)
(-9.2512)
A4(9.4284)
(10.3238)
(4.4197)
G1(-0.2017)
(-0.4204)
(-0.0229)
G2(2.0151)
(1.6857)
(-1.9656)
G3(-0.1288)
(-0.4012)
(0.1921)
G4(5.2583)
(-3.2619)
(-4.1063)
A1(1.5089)
(8.9526)
(2.5962)
A2(2.3032)
(-3.5626)
(6.7469)
A3(11.3246)
(18.4162)
(-3.4907)
A4(6.3542)
(6.4165)
(-3.3375)
G1(0.1681)
(-0.6699)
(-0.6460)
G2(3.4997)
(0.4619)
(-2.2391)
G3(-0.9653)
(-0.0857)
(1.1472)
G4(5.5664)
(-3.0064)
(-3.6726)
A1(2.6585)
(10.8351)
(5.6235)
A2(12.1434)
(-3.7397)
(10.5393)
A3(5.3965)
(16.1992)
(-5.3917)
A4(16.2518)
(15.4857)
(-2.0063)
G1(0.2533)
(0.6332)
(-0.5901)
G2(4.3388)
(-0.8237)
(-2.6100)
G3(-0.0128)
(-0.2698)
(0.4624)
G4(-0.4092)
(-2.0002)
(-2.0236)
A1(-0.8766)
(10.4758)
(1.6813)
A2(11.2815)
(-1.8723)
(8.0828)
A3(-0.3256)
(5.3965)
(-5.7844)
A4(9.6199)
(17.3484)
(-0.4693)
G1(0.0585)
(0.6444)
(0.1974)
G2(3.1799)
(-1.8140)
(-3.9270)
G3(0.5114)
(0.0516)
(-0.1607)
G4(0.2682)
(-0.8599)
(-1.5884)
A1(5.0679)
(10.9021)
(4.5793)
A2(11.6789)
(9.6678)
(9.7396)
A3(4.3191)
(4.1515)
(-8.3989)
A4(11.2815)
(12.7802)
(-2.0159)
G1(0.5603)
(0.7402)
(-0.2144)
G2(3.4821)
(0.0867)
(-2.5084)
G3(0.6141)
(0.4294)
(-0.2990)
G4(0.3916)
(-1.9640)
(-0.0639)
A1(1.0155)
(7.9754)
(1.1065)
A2(6.0813)
(5.6216)
(11.3485)
A3(0.7901)
(8.1499)
(-7.9057)
A4(8.6766)
(8.5760)
(4.2090)
G1(0.4097)
(-0.4917)
(-0.5598)
G2(2.3918)
(5.1088)
(-1.5963)
G3(0.3225)
(-0.1575)
(-0.0702)
G4(-1.5123)
(-0.6141)
(0.5098)
A1(2.6681)
(9.8435)
(1.9543)
A2(9.7157)
(5.7126)
(6.4739)
A3(1.9106)
(9.5289)
(-7.1108)
A4(3.5626)
(10.0461)
(2.5474)
G1(0.8700)
(-0.1149)
(-0.6183)
G2(2.6536)
(0.3108)
(-0.4108)
G3(-0.0931)
(-0.4544)
(0.2528)
G4(0.3725)
(0.3177)
(-0.2597)
A1(2.5531)
(15.2706)
(-1.1831)
A2(2.7102)
(9.8545)
(6.1148)
A3(5.2625)
(3.3184)
(-7.0437)
A4(2.8730)
(10.1514)
(-0.0335)
G1(1.7389)
(-0.0734)
(-0.4933)
G2(1.8917)
(0.5598)
(-0.0404)
G3(0.0074)
(-0.3523)
(0.0000)
G4(0.2959)
(0.8258)
(-0.7210)
A1(1.6669)
(7.1851)
(-0.3832)
A2(4.4053)
(8.9447)
(8.3079)
A3(4.4436)
(5.3199)
(-7.7859)
A4(5.5689)
(7.8147)
(-2.1213)
G1(2.1487)
(-0.1075)
(-0.6604)
G2(-0.6460)
(1.2584)
(-0.6646)
G3(-0.2373)
(0.1618)
(-0.4140)
G4(0.3081)
(0.1272)
(-0.3501)
