A1(-0.0910)
(6.8833)
(9.1538)
A2(1.4222)
(10.1131)
(0.5076)
A3(3.5913)
(8.5473)
(-1.4461)
A4(4.5633)
(10.9176)
(-2.1261)
G1(-0.3448)
(-1.6075)
(0.1905)
G2(0.4129)
(-1.8773)
(0.0341)
G3(1.1467)
(-1.8214)
(2.2907)
G4(0.5225)
(-1.2521)
(0.7939)
A1(1.4562)
(8.4832)
(3.6596)
A2(-1.8818)
(8.0110)
(0.1006)
A3(-1.1492)
(4.6687)
(-3.5961)
A4(1.5371)
(32.1589)
(14.5711)
G1(-0.4427)
(-4.9252)
(-0.5710)
G2(1.6511)
(-1.8422)
(0.2602)
G3(0.5050)
(-2.0242)
(3.1746)
G4(3.4917)
(-2.5233)
(1.4633)
A1(6.7540)
(19.0835)
(5.0152)
A2(-1.8435)
(9.1602)
(3.0837)
A3(-14.4753)
(20.1017)
(11.3868)
A4(6.1483)
(20.8966)
(-9.4954)
G1(1.9044)
(-10.2794)
(-0.6359)
G2(0.5050)
(-2.1678)
(0.6290)
G3(1.9997)
(5.3371)
(-0.7907)
G4(3.4720)
(-2.5935)
(3.5263)
A1(5.5804)
(7.4533)
(6.3324)
A2(7.3263)
(6.6224)
(6.0813)
A3(-1.0295)
(12.4642)
(-10.5441)
A4(-19.9006)
(7.4029)
(-31.4407)
G1(-0.8120)
(-0.8210)
(1.0110)
G2(-4.0010)
(-5.0136)
(0.4353)
G3(-0.6470)
(-2.5951)
(1.1456)
G4(-8.3015)
(4.8156)
(0.9333)
A1(5.8151)
(7.2330)
(6.8498)
A2(5.7652)
(11.0516)
(13.0197)
A3(6.9192)
(17.5256)
(1.5802)
A4(5.7174)
(3.3184)
(-26.3075)
G1(-1.1472)
(-0.9376)
(0.7737)
G2(-6.6200)
(-7.3618)
(1.8486)
G3(-0.7258)
(-2.2460)
(0.7082)
G4(-10.4182)
(4.1478)
(1.1557)
A1(14.3749)
(6.1792)
(6.0642)
A2(8.6191)
(20.7194)
(19.9054)
A3(4.3574)
(-4.9129)
(-10.6303)
A4(6.3494)
(24.8614)
(-5.2289)
G1(-1.0339)
(-2.1551)
(-0.5901)
G2(-10.8248)
(-2.3812)
(5.1062)
G3(-0.6630)
(-1.2781)
(0.4911)
G4(-14.0095)
(-1.0248)
(6.5333)
A1(8.2820)
(12.2721)
(7.0605)
A2(6.2632)
(19.5989)
(-4.0893)
A3(0.3591)
(4.5298)
(1.1205)
A4(33.8301)
(35.3480)
(1.2498)
G1(-0.5577)
(-6.3726)
(-2.1865)
G2(-6.2890)
(-0.9312)
(5.0599)
G3(0.0399)
(-2.1625)
(1.1451)
G4(-3.6913)
(0.8503)
(7.5454)
A1(-2.9076)
(7.9754)
(1.1831)
A2(-9.0884)
(-2.7964)
(2.1021)
A3(2.3224)
(4.6400)
(-5.8466)
A4(-21.0594)
(-10.4962)
(-14.0061)
G1(0.2267)
(0.8258)
(0.0410)
G2(-2.9096)
(-2.8628)
(3.0442)
G3(0.8913)
(-2.2934)
(0.5694)
G4(-2.1593)
(5.1104)
(-3.0836)
A1(-2.0837)
(10.4662)
(1.9687)
A2(18.4880)
(-7.5992)
(26.6810)
A3(2.4995)
(11.2958)
(-4.3670)
A4(2.0111)
(-5.5833)
(-10.1897)
G1(0.7779)
(-0.7684)
(-0.4305)
G2(-3.0511)
(0.4417)
(-0.2655)
G3(1.1148)
(-0.0330)
(-0.8397)
G4(1.9544)
(-1.5304)
(-2.8793)
A1(8.2628)
(11.7500)
(7.2713)
A2(5.9328)
(2.4756)
(0.7183)
A3(-0.7805)
(8.6383)
(-11.0660)
A4(3.6919)
(14.6334)
(-1.7717)
G1(0.2198)
(0.5938)
(-0.5981)
G2(-2.4493)
(2.2812)
(-1.2398)
G3(0.1011)
(-1.0813)
(1.8986)
G4(3.2321)
(-1.4803)
(-5.5776)
A1(8.9095)
(7.8652)
(4.9673)
A2(-1.4317)
(-5.3534)
(4.8794)
A3(-4.5250)
(3.0263)
(-6.3686)
A4(5.8035)
(11.1187)
(-2.2936)
G1(-1.2191)
(-0.7764)
(-0.2730)
G2(0.7359)
(0.2613)
(-2.2003)
G3(-1.0903)
(-1.4878)
(1.2329)
G4(4.2314)
(-2.0646)
(-4.7347)
A1(2.3471)
(4.4068)
(4.3589)
A2(5.3295)
(-1.8914)
(8.6526)
A3(3.7972)
(-2.1117)
(-5.1906)
A4(4.8985)
(14.8010)
(-8.0445)
G1(-0.6029)
(-1.5218)
(-1.1291)
G2(4.2814)
(1.1079)
(-3.3651)
G3(0.4012)
(-1.0775)
(0.5374)
G4(2.9213)
(-2.2365)
(-3.3183)
A1(3.1327)
(13.1726)
(3.6644)
A2(11.3629)
(-2.4038)
(9.7827)
A3(0.4549)
(8.2648)
(-9.2799)
A4(16.2566)
(17.9230)
(-4.8459)
G1(-0.0942)
(-0.0543)
(-0.6077)
G2(4.3101)
(-0.3342)
(-3.9153)
G3(0.0623)
(-0.0500)
(0.5268)
G4(1.5320)
(-0.0325)
(-3.4566)
A1(4.1817)
(11.5632)
(0.7999)
A2(3.0981)
(1.7286)
(5.4205)
A3(9.0932)
(3.5913)
(-8.0062)
A4(6.1770)
(12.4929)
(-2.4277)
G1(1.0770)
(0.9030)
(-0.2421)
G2(3.7865)
(-1.3553)
(-4.6586)
G3(0.1426)
(-0.9903)
(0.6534)
G4(-0.6561)
(-1.4990)
(-0.9312)
A1(-2.3327)
(14.9114)
(-4.3254)
A2(1.8244)
(21.7585)
(5.1188)
A3(3.4812)
(7.3598)
(-5.1092)
A4(29.2715)
(18.2007)
(21.7298)
G1(-0.5108)
(1.2717)
(-0.6917)
G2(2.3312)
(3.9328)
(-3.5689)
G3(0.3528)
(-0.2182)
(-0.2990)
G4(-0.9653)
(5.2982)
(-1.5884)
A1(4.6751)
(8.6604)
(0.9341)
A2(5.6934)
(12.2104)
(2.8778)
A3(2.0877)
(5.7078)
(-8.2313)
A4(2.6624)
(7.9631)
(1.0199)
G1(1.9997)
(0.7716)
(-0.6279)
G2(3.6146)
(0.7599)
(-2.2109)
G3(0.3661)
(0.7588)
(-1.1201)
G4(0.3964)
(-1.3947)
(0.0937)
A1(2.7543)
(8.8855)
(1.3556)
A2(5.6072)
(5.7509)
(2.9688)
A3(6.9719)
(4.2569)
(-7.9200)
A4(0.2586)
(7.0198)
(-2.4277)
G1(0.5614)
(-0.4273)
(-1.2207)
G2(2.6749)
(2.1540)
(-0.7673)
G3(-0.1149)
(0.4049)
(-0.9626)
G4(0.4715)
(-1.2787)
(0.2533)
A1(0.2108)
(10.8830)
(1.2550)
A2(-0.7757)
(8.0685)
(4.0701)
A3(1.2354)
(8.7245)
(-6.4883)
A4(2.5570)
(8.2313)
(-2.1404)
G1(0.7317)
(-0.5444)
(-0.7779)
G2(-0.3384)
(2.3338)
(-0.1059)
G3(-0.0851)
(0.4119)
(-0.7572)
G4(0.1479)
(0.3666)
(-0.9115)
A1(-2.6489)
(9.2879)
(-1.6861)
A2(8.7724)
(9.5002)
(-0.3017)
A3(1.0104)
(8.3510)
(-6.1723)
A4(2.7198)
(9.5816)
(-0.3352)
G1(0.5268)
(-0.0160)
(-0.7599)
G2(-0.0910)
(-2.3280)
(-0.1522)
G3(0.1016)
(-0.7178)
(-0.2123)
G4(0.2932)
(0.3757)
(-0.9982)
A1(-2.2705)
(8.3059)
(1.1400)
A2(0.0575)
(8.9399)
(3.1699)
A3(0.5746)
(7.9104)
(-5.8610)
A4(0.0862)
(8.8107)
(-3.8882)
G1(1.0626)
(0.9328)
(-0.3331)
G2(1.4074)
(1.8102)
(-0.6066)
G3(0.2203)
(-0.7897)
(-0.3874)
G4(-0.3773)
(-2.1726)
(-0.0819)
