A1(2.0597)
(9.6615)
(-1.7579)
A2(11.7507)
(5.9664)
(10.5058)
A3(1.9776)
(5.4205)
(-9.1219)
A4(1.6472)
(-0.0431)
(-2.8587)
G1(0.8700)
(2.0768)
(-0.4858)
G2(-1.4229)
(2.4004)
(1.4761)
G3(0.0346)
(1.3510)
(-1.5612)
G4(1.1254)
(2.5722)
(-4.2755)
A1(-3.7554)
(10.6435)
(3.4919)
A2(0.2490)
(5.6264)
(3.7302)
A3(-2.0494)
(8.2456)
(-7.2161)
A4(1.1827)
(8.2744)
(-4.7501)
G1(2.1285)
(2.4243)
(-1.3271)
G2(-0.5060)
(3.0655)
(1.1137)
G3(-0.0915)
(1.2643)
(-1.4851)
G4(0.5821)
(-0.8508)
(-1.0195)
A1(10.7441)
(26.4075)
(0.5892)
A2(3.2274)
(5.6120)
(9.4523)
A3(3.4477)
(25.4312)
(9.9407)
A4(-9.2081)
(1.4700)
(-13.5703)
G1(-7.0010)
(5.0497)
(1.6261)
G2(0.6997)
(3.7365)
(-0.4438)
G3(2.1636)
(2.6159)
(-3.2714)
G4(0.1900)
(0.0617)
(-0.0623)
A1(-6.9791)
(24.6639)
(9.5370)
A2(10.9702)
(7.4986)
(13.5943)
A3(-2.8635)
(29.5109)
(-1.1349)
A4(6.6655)
(12.3493)
(-12.5791)
G1(-8.8746)
(3.6806)
(-3.5471)
G2(1.7161)
(-0.0463)
(-0.2730)
G3(3.8929)
(6.0485)
(-5.3296)
G4(-0.7742)
(0.8423)
(-0.2320)
A1(-4.2344)
(28.4385)
(11.2901)
A2(-3.8786)
(15.0164)
(4.8554)
A3(12.1530)
(22.8407)
(-20.7482)
A4(1.6807)
(15.7155)
(-1.0774)
G1(-9.4322)
(-0.5795)
(-4.9183)
G2(0.8929)
(-2.0284)
(-1.2132)
G3(3.4018)
(3.6349)
(-2.7851)
G4(-1.1339)
(0.4927)
(-0.3602)
A1(7.3431)
(4.4164)
(3.0896)
A2(1.9920)
(16.0268)
(5.7700)
A3(-47.1418)
(15.8209)
(-29.7360)
A4(0.9912)
(-0.8763)
(-2.2793)
G1(-6.8116)
(-0.8035)
(-1.3345)
G2(2.1428)
(6.7328)
(0.1841)
G3(-10.0947)
(-3.5556)
(6.6099)
G4(-0.0106)
(2.4898)
(-1.3186)
A1(-4.2727)
(-10.9165)
(-12.8708)
A2(7.7045)
(5.9424)
(1.3743)
A3(13.3836)
(4.3574)
(-7.0006)
A4(-2.6959)
(6.2489)
(-3.2417)
G1(-4.1473)
(1.8688)
(-3.0708)
G2(1.5559)
(3.5822)
(0.1192)
G3(-13.5348)
(6.3242)
(0.9509)
G4(1.0515)
(1.7326)
(-1.0860)
A1(-2.0022)
(-1.1304)
(11.3524)
A2(-1.5514)
(-1.7573)
(4.7692)
A3(0.3352)
(29.7408)
(3.3806)
A4(2.9975)
(9.0597)
(0.4118)
G1(-7.0436)
(0.0484)
(-1.9364)
G2(-0.7657)
(0.1724)
(-0.3837)
G3(-14.4511)
(0.8530)
(-1.8949)
G4(2.0641)
(1.7384)
(-0.2692)
A1(-0.5604)
(-4.8906)
(0.2491)
A2(-1.3264)
(5.0613)
(9.2895)
A3(2.1500)
(17.0371)
(-16.8648)
A4(4.7980)
(-5.4731)
(-11.2192)
G1(-0.6045)
(0.5433)
(0.7045)
G2(0.2144)
(2.5047)
(0.9009)
G3(-5.8820)
(-1.8177)
(-0.0623)
G4(1.0009)
(-0.8657)
(1.6863)
A1(0.8383)
(-4.0141)
(1.9543)
A2(-19.2781)
(8.0541)
(8.7388)
A3(4.9560)
(-7.3837)
(-35.2139)
A4(-1.9585)
(3.9073)
(-11.1666)
G1(1.5612)
(-0.9903)
(2.6893)
G2(0.7152)
(2.4887)
(1.9076)
G3(-3.1948)
(0.5523)
(1.3798)
G4(0.6465)
(-0.6976)
(0.6157)
A1(-3.8560)
(0.6514)
(0.5221)
A2(12.9383)
(12.0572)
(2.0207)
A3(-2.0399)
(-5.3391)
(-18.5455)
A4(6.7229)
(11.1091)
(-8.1499)
G1(3.9286)
(0.2911)
(2.4296)
G2(-0.7849)
(3.6157)
(-0.3113)
G3(1.2451)
(-0.7136)
(2.3269)
G4(0.4108)
(-0.3012)
(-0.1910)
A1(-3.1758)
(-1.0873)
(4.3541)
A2(8.9591)
(10.9463)
(0.4836)
A3(6.3303)
(7.1251)
(-4.9656)
A4(4.2760)
(3.1268)
(-7.7333)
G1(5.0487)
(1.8837)
(4.1675)
G2(0.3682)
(-2.5797)
(0.0580)
G3(7.0830)
(1.2829)
(2.0279)
G4(-0.2277)
(-0.3081)
(0.0644)
A1(-3.2141)
(4.8284)
(9.3070)
A2(4.7214)
(12.9622)
(4.2713)
A3(-2.3703)
(18.4593)
(-1.7813)
A4(-0.2777)
(1.0870)
(-6.5266)
G1(3.6588)
(1.5234)
(5.1982)
G2(0.3134)
(-0.5071)
(0.5369)
G3(7.7545)
(2.0806)
(2.0816)
G4(0.4576)
(1.5479)
(-0.5444)
A1(-5.3361)
(11.2279)
(9.4316)
A2(-2.7102)
(9.8258)
(3.8738)
A3(-2.9880)
(16.9797)
(-0.7422)
A4(5.4492)
(8.5425)
(-7.1012)
G1(3.4210)
(-1.7437)
(5.0141)
G2(0.3549)
(-1.6559)
(0.8636)
G3(6.7866)
(2.5025)
(2.1183)
G4(0.3288)
(0.1123)
(-0.1059)
A1(-10.7057)
(9.4507)
(5.5517)
A2(1.1396)
(12.1386)
(7.6184)
A3(-9.0980)
(20.2645)
(-0.5698)
A4(-0.0479)
(7.5657)
(-5.8227)
G1(4.6044)
(-2.5201)
(2.4238)
G2(-0.1394)
(-0.1447)
(0.9200)
G3(5.1695)
(4.7129)
(0.2687)
G4(0.6274)
(1.2281)
(-0.4464)
A1(-4.4499)
(11.3476)
(12.4972)
A2(7.5992)
(11.2623)
(5.1236)
A3(-6.3446)
(17.3101)
(-1.9728)
A4(-1.4317)
(2.1931)
(-8.4036)
G1(2.5190)
(-1.9544)
(0.8657)
G2(0.5848)
(0.4986)
(1.1627)
G3(0.6034)
(2.9681)
(1.0999)
G4(0.9280)
(1.8496)
(-0.1266)
A1(-10.7393)
(17.3160)
(10.9548)
A2(-2.2984)
(7.9487)
(2.4134)
A3(-8.0589)
(19.9533)
(-5.0135)
A4(-1.7861)
(1.9249)
(-11.8800)
G1(-2.1162)
(-0.3778)
(-0.3496)
G2(0.9626)
(0.1708)
(0.6476)
G3(0.2086)
(-0.0271)
(0.5672)
G4(0.4278)
(1.6150)
(0.5848)
A1(2.8884)
(8.2341)
(2.1076)
A2(1.5706)
(12.0189)
(4.1899)
A3(-22.4145)
(25.1822)
(15.2175)
A4(9.4667)
(13.4746)
(-9.8881)
G1(0.0921)
(-1.4585)
(1.0413)
G2(0.1937)
(1.1691)
(1.1190)
G3(-0.6949)
(-6.4162)
(0.8173)
G4(-0.5880)
(-1.1249)
(1.2026)
A1(0.2874)
(8.5646)
(2.1411)
A2(4.3910)
(13.0819)
(-2.7869)
A3(3.0023)
(-0.2777)
(-8.1594)
A4(4.9081)
(6.2489)
(-6.3446)
G1(1.1270)
(3.5487)
(0.0559)
G2(0.4544)
(-1.1563)
(0.0921)
G3(0.7024)
(0.0341)
(-0.0745)
G4(-0.2182)
(1.1270)
(-0.4252)
A1(4.9481)
(11.0506)
(3.9278)
A2(6.3207)
(12.9622)
(-3.0071)
A3(-6.2632)
(13.6422)
(1.8818)
A4(4.1563)
(5.5162)
(-5.0230)
G1(0.6242)
(0.8413)
(0.8375)
G2(0.3421)
(-0.8503)
(0.1926)
G3(0.3395)
(1.4048)
(0.2996)
G4(0.3038)
(1.4298)
(-0.7630)
