A1(1.3412)
(9.1586)
(-2.7303)
A2(3.7445)
(9.5481)
(3.2753)
A3(-0.4549)
(8.1403)
(-6.2680)
A4(3.4620)
(12.2535)
(-0.2777)
G1(0.9344)
(1.6905)
(-0.5295)
G2(-0.1038)
(-0.0234)
(0.2139)
G3(0.0404)
(0.4124)
(-0.2969)
G4(0.7460)
(1.5107)
(-1.6102)
A1(3.7698)
(13.0385)
(1.5855)
A2(4.3574)
(9.0644)
(5.6790)
A3(-0.6512)
(8.1211)
(-5.9664)
A4(6.6080)
(-1.0965)
(-3.9121)
G1(1.1680)
(2.0268)
(-0.3656)
G2(-0.2677)
(1.6240)
(0.7434)
G3(-0.1543)
(0.9030)
(-0.3054)
G4(1.7751)
(4.3458)
(-2.5978)
A1(1.4753)
(8.6412)
(0.0862)
A2(5.1715)
(5.5306)
(6.5553)
A3(2.1979)
(10.1897)
(-2.4804)
A4(-2.5474)
(1.0008)
(15.3516)
G1(1.3915)
(0.7450)
(-0.9461)
G2(-1.7507)
(2.1891)
(1.2616)
G3(0.2480)
(0.7333)
(-0.7998)
G4(-0.5295)
(-2.6914)
(-1.7278)
A1(-8.5358)
(8.3586)
(10.2698)
A2(5.3056)
(11.1713)
(5.1140)
A3(-0.9337)
(13.1681)
(6.9336)
A4(-5.4492)
(6.7277)
(-12.3397)
G1(-5.3903)
(6.2161)
(-1.2228)
G2(-0.3661)
(2.6920)
(-0.5284)
G3(1.2654)
(0.2719)
(-1.2233)
G4(0.4864)
(-0.8014)
(0.1745)
A1(-11.9943)
(20.7409)
(19.0117)
A2(5.4109)
(11.6215)
(8.3031)
A3(-7.9392)
(32.0201)
(3.1460)
A4(-5.3582)
(13.9486)
(-8.5569)
G1(-7.2852)
(2.2982)
(-4.9859)
G2(0.2953)
(-0.0958)
(0.0995)
G3(4.3575)
(5.5930)
(-4.4325)
G4(-1.0057)
(1.6299)
(-0.8748)
A1(1.9160)
(31.8059)
(6.1648)
A2(-5.7413)
(14.2742)
(2.9784)
A3(13.5177)
(10.2089)
(-37.9577)
A4(-7.7333)
(16.9414)
(2.8778)
G1(-9.7286)
(0.7503)
(-3.1129)
G2(1.0775)
(3.7721)
(-0.6705)
G3(-2.9798)
(-1.7820)
(-2.5536)
G4(-1.4309)
(0.7588)
(-0.2331)
A1(1.0059)
(-5.6043)
(8.5598)
A2(-4.0366)
(14.8249)
(4.0749)
A3(-33.5332)
(21.0211)
(-5.3391)
A4(2.1213)
(-0.4932)
(-3.9169)
G1(-4.4368)
(2.2982)
(-2.1854)
G2(2.0199)
(2.7404)
(0.9919)
G3(-12.2705)
(0.1602)
(5.4451)
G4(-0.2708)
(3.0059)
(-1.1813)
A1(-0.4263)
(2.4285)
(23.3083)
A2(1.5610)
(2.9975)
(8.3893)
A3(3.9504)
(25.3642)
(8.4228)
A4(-2.3176)
(9.5912)
(-1.2067)
G1(-7.8173)
(-2.5877)
(-2.4121)
G2(0.5098)
(3.1783)
(-0.6880)
G3(-13.9270)
(9.4838)
(-1.3260)
G4(0.9179)
(1.9976)
(-0.6843)
A1(-4.6847)
(1.1448)
(-0.1437)
A2(-1.6616)
(5.6743)
(3.1508)
A3(11.9183)
(27.9164)
(-17.7027)
A4(-0.5890)
(1.0104)
(-9.2225)
G1(-2.9399)
(-0.9722)
(1.2153)
G2(0.0293)
(5.9203)
(0.4448)
G3(-7.0963)
(-2.2689)
(-0.2400)
G4(0.9807)
(0.9802)
(0.3097)
A1(-2.6728)
(2.1843)
(0.9293)
A2(0.7422)
(8.9256)
(2.4756)
A3(-4.2282)
(-7.4124)
(-22.3762)
A4(2.0016)
(2.8826)
(-8.3749)
G1(2.9745)
(-1.1941)
(3.3784)
G2(-0.9482)
(4.7023)
(0.1527)
G3(-1.9316)
(-1.9231)
(3.7221)
G4(-0.4853)
(0.9982)
(-1.0717)
A1(1.3125)
(0.1054)
(2.6393)
A2(8.8633)
(8.0254)
(-4.3622)
A3(4.4628)
(-6.7086)
(-20.7577)
A4(4.0989)
(2.0207)
(-4.8985)
G1(4.1702)
(-0.9434)
(3.5385)
G2(-0.1815)
(-0.1671)
(-0.3203)
G3(2.7021)
(1.3856)
(2.3248)
G4(-0.8003)
(2.5084)
(-1.2664)
A1(-18.0153)
(8.2580)
(4.9290)
A2(6.0047)
(12.3110)
(-0.1006)
A3(0.7135)
(10.6159)
(-5.2577)
A4(17.4729)
(23.3818)
(-3.5626)
G1(3.6907)
(-1.1728)
(5.6532)
G2(0.4427)
(0.3012)
(-0.0862)
G3(6.1044)
(-0.1059)
(3.4359)
G4(2.2907)
(1.5745)
(-0.6705)
A1(-1.6526)
(13.6947)
(5.9444)
A2(-9.4044)
(8.1307)
(5.4779)
A3(-2.7054)
(27.1838)
(6.4548)
A4(3.3662)
(5.9328)
(-2.8395)
G1(2.3349)
(1.4553)
(5.1370)
G2(1.0248)
(4.0079)
(-0.1027)
G3(7.7210)
(1.6804)
(3.4859)
G4(0.2464)
(0.2783)
(-0.6306)
A1(-8.0952)
(9.9154)
(5.7959)
A2(11.4778)
(14.4514)
(5.5067)
A3(-10.0844)
(19.1728)
(3.0694)
A4(3.3136)
(10.5105)
(-8.0158)
G1(3.6843)
(-0.3539)
(2.6403)
G2(1.2132)
(-1.0839)
(1.2196)
G3(6.3396)
(3.9525)
(0.1969)
G4(-0.2921)
(2.5914)
(-0.2081)
A1(-5.0343)
(5.9732)
(1.8873)
A2(11.2767)
(6.4643)
(14.8919)
A3(-11.2958)
(15.8448)
(-1.2546)
A4(4.3000)
(7.5513)
(-6.2345)
G1(1.4543)
(0.2267)
(0.8908)
G2(-0.7428)
(-0.7636)
(0.4374)
G3(0.6332)
(2.6792)
(0.3038)
G4(0.3975)
(0.7865)
(-0.4954)
A1(-4.4691)
(8.8712)
(0.4598)
A2(0.0000)
(7.5226)
(5.6695)
A3(-3.9121)
(19.2350)
(4.5250)
A4(1.4461)
(8.9064)
(-8.1977)
G1(0.8397)
(-1.2893)
(0.9232)
G2(0.5954)
(-0.0048)
(0.9206)
G3(-0.1575)
(0.8104)
(0.4635)
G4(0.4401)
(1.0946)
(0.0495)
A1(-1.1065)
(10.0256)
(0.4551)
A2(4.3670)
(6.2345)
(-1.5275)
A3(-4.7692)
(11.8274)
(2.9784)
A4(-1.0247)
(9.2895)
(-5.9041)
G1(0.7609)
(0.7721)
(-0.3735)
G2(-0.2937)
(-0.9030)
(-0.0665)
G3(-0.1389)
(0.2719)
(0.0223)
G4(0.0282)
(-0.3038)
(0.3480)
A1(-1.7867)
(9.3981)
(1.2119)
A2(-3.5913)
(6.6559)
(0.6943)
A3(-6.6559)
(10.4675)
(0.5842)
A4(-0.3831)
(7.6519)
(-6.8283)
G1(0.4746)
(0.7466)
(-0.1064)
G2(0.6689)
(0.6540)
(0.1894)
G3(0.2719)
(0.9663)
(-0.3751)
G4(-0.1644)
(-0.2442)
(0.4182)
A1(-1.4418)
(10.1309)
(0.2012)
A2(1.1684)
(10.2807)
(1.4413)
A3(-1.6999)
(9.4140)
(-2.1452)
A4(0.7039)
(8.5569)
(-5.8897)
G1(0.9083)
(0.9073)
(0.1586)
G2(-0.4571)
(-1.2866)
(-0.0665)
G3(0.6987)
(1.5250)
(-0.6859)
G4(-0.3943)
(0.1245)
(0.1868)
A1(0.2108)
(9.8483)
(0.2970)
A2(-0.2921)
(9.2560)
(0.6033)
A3(0.4645)
(10.0987)
(-0.8380)
A4(1.0774)
(8.3893)
(-5.1188)
G1(0.9073)
(0.7184)
(0.1298)
G2(0.6157)
(-0.1224)
(0.2192)
G3(0.3927)
(1.9438)
(-0.2618)
G4(-0.1756)
(0.3092)
(0.2187)
