A1(2.0358)
(8.9670)
(7.5826)
A2(-0.8715)
(9.0740)
(-0.0048)
A3(3.5003)
(5.3822)
(-4.0079)
A4(4.7740)
(17.2622)
(4.1084)
G1(2.3695)
(-2.8942)
(-0.0660)
G2(0.5124)
(-0.7902)
(0.1756)
G3(0.6534)
(-1.3798)
(1.7948)
G4(1.9188)
(-1.2717)
(0.4379)
A1(2.3711)
(16.3292)
(10.4950)
A2(-0.2442)
(10.0461)
(0.9433)
A3(5.7221)
(2.7725)
(-3.2034)
A4(8.3989)
(30.2196)
(16.9462)
G1(2.5627)
(-4.7204)
(-0.8210)
G2(0.5789)
(-1.0834)
(0.2363)
G3(0.2458)
(-1.1499)
(1.9502)
G4(3.5662)
(-2.3924)
(0.2283)
A1(-3.8704)
(13.0720)
(3.2668)
A2(-2.3894)
(9.4667)
(-0.5698)
A3(-3.4141)
(3.0454)
(-5.7796)
A4(4.8219)
(28.5389)
(-16.8648)
G1(1.2606)
(-3.9493)
(0.4262)
G2(0.8482)
(-1.0185)
(0.3187)
G3(0.1846)
(-0.6199)
(0.3262)
G4(5.0577)
(0.9796)
(1.1073)
A1(-1.2454)
(7.0701)
(2.4285)
A2(-1.0774)
(11.2863)
(5.0135)
A3(11.1857)
(11.0421)
(10.0030)
A4(-1.1205)
(4.2329)
(-24.4400)
G1(-0.0676)
(-1.9257)
(-1.2047)
G2(-0.5890)
(-1.2446)
(0.5374)
G3(-1.0078)
(1.0488)
(-1.9151)
G4(-4.2404)
(-0.6593)
(4.0361)
A1(6.9695)
(11.4769)
(7.0605)
A2(4.8123)
(7.5609)
(5.8945)
A3(1.9010)
(5.4061)
(-2.2697)
A4(-26.0872)
(17.5495)
(-34.9793)
G1(-0.0176)
(0.2277)
(0.2448)
G2(-3.3071)
(-3.2310)
(1.4101)
G3(-1.0600)
(-2.6882)
(1.6075)
G4(-5.4531)
(3.1049)
(-0.0261)
A1(1.5855)
(10.7393)
(2.3184)
A2(5.2194)
(0.7518)
(15.3037)
A3(5.1811)
(13.9199)
(1.9824)
A4(25.2349)
(17.0419)
(-13.3070)
G1(-0.1788)
(-0.0005)
(1.0919)
G2(-8.7208)
(-8.0312)
(2.2636)
G3(-0.3517)
(-0.7040)
(-0.1272)
G4(-12.0146)
(5.1269)
(-1.1068)
A1(3.0273)
(5.0487)
(0.0958)
A2(0.6560)
(33.1262)
(7.6758)
A3(0.2729)
(18.4737)
(0.3974)
A4(16.0364)
(13.3213)
(-3.7350)
G1(-2.7111)
(-3.4183)
(0.2293)
G2(-7.1622)
(-1.0275)
(4.3521)
G3(0.8764)
(0.6705)
(-0.5438)
G4(-13.2251)
(-5.8442)
(5.6729)
A1(7.3048)
(5.0631)
(6.6917)
A2(11.4922)
(14.5567)
(23.6595)
A3(-2.6001)
(7.2975)
(-3.6823)
A4(-6.1723)
(35.9896)
(29.4152)
G1(-1.5825)
(-3.7663)
(-0.4805)
G2(-9.3897)
(-1.2143)
(5.0545)
G3(0.4736)
(-2.0513)
(1.2361)
G4(-14.8028)
(3.7211)
(11.5426)
A1(8.9095)
(9.7908)
(-2.7351)
A2(11.7986)
(17.6740)
(0.5698)
A3(0.4549)
(2.9497)
(-5.4205)
A4(-0.4118)
(15.9310)
(-8.5712)
G1(-1.3117)
(-2.6313)
(-2.5142)
G2(-4.4889)
(1.1951)
(3.2885)
G3(0.2379)
(-2.8771)
(1.2483)
G4(-5.2227)
(5.4829)
(1.4580)
A1(-10.1118)
(8.1143)
(2.2705)
A2(-0.3352)
(0.3208)
(9.7636)
A3(2.7342)
(3.3040)
(-5.1954)
A4(-21.0642)
(5.3295)
(-13.1729)
G1(-0.5582)
(-2.0784)
(-0.7583)
G2(-5.1322)
(0.7428)
(2.4153)
G3(0.6008)
(-2.1918)
(0.5151)
G4(-4.1819)
(0.6481)
(1.3771)
A1(-2.1411)
(9.1681)
(2.5531)
A2(1.0582)
(1.4844)
(5.9041)
A3(1.5754)
(0.1149)
(-8.7388)
A4(-1.7813)
(-4.5346)
(-12.4068)
G1(0.1719)
(0.5316)
(0.0628)
G2(-7.7130)
(0.5130)
(1.2521)
G3(0.7066)
(-1.7278)
(0.4363)
G4(2.5206)
(-0.9184)
(-2.8122)
A1(-0.2012)
(12.1427)
(4.1338)
A2(10.0987)
(7.6231)
(-0.1915)
A3(1.5562)
(5.2529)
(-8.6526)
A4(-2.2266)
(4.7932)
(-4.7501)
G1(0.3411)
(0.6157)
(-0.7561)
G2(-3.1831)
(3.1123)
(-0.2538)
G3(0.5816)
(0.7301)
(-0.5146)
G4(4.2702)
(-0.6226)
(-4.1781)
A1(3.9614)
(6.0690)
(4.0332)
A2(-4.0223)
(-3.7445)
(2.9401)
A3(-0.4453)
(1.4413)
(-9.7205)
A4(4.8411)
(10.1658)
(1.1253)
G1(-0.1474)
(1.3553)
(-0.0261)
G2(-1.2787)
(2.1577)
(-1.1345)
G3(0.4566)
(0.4746)
(0.4326)
G4(5.3536)
(-1.2244)
(-4.2691)
A1(4.6128)
(12.7319)
(1.2454)
A2(4.5155)
(0.5315)
(4.7166)
A3(2.2889)
(10.8984)
(-6.5553)
A4(7.0246)
(14.8919)
(2.4756)
G1(0.7567)
(-0.0532)
(0.0357)
G2(1.4468)
(1.9986)
(-1.8087)
G3(-0.2006)
(-0.6321)
(0.9546)
G4(6.2188)
(-3.4598)
(-3.1607)
A1(3.0225)
(6.2271)
(3.4584)
A2(3.5386)
(-1.5371)
(7.1156)
A3(2.9497)
(2.8252)
(-5.2768)
A4(2.3367)
(15.9262)
(2.8443)
G1(0.2230)
(-0.3741)
(-0.1032)
G2(3.7243)
(0.3858)
(-2.0018)
G3(0.6556)
(-0.2517)
(0.3730)
G4(6.0576)
(-3.8897)
(-3.3097)
A1(2.1028)
(10.8111)
(1.5137)
A2(2.8395)
(-2.6384)
(7.9009)
A3(6.4548)
(14.0061)
(-3.7397)
A4(3.4477)
(11.9854)
(-7.4651)
G1(0.3086)
(-0.3129)
(-1.0600)
G2(4.1579)
(0.6678)
(-2.5664)
G3(-0.0255)
(-1.7044)
(1.2499)
G4(4.0903)
(-2.6531)
(-1.6410)
A1(1.4131)
(11.6781)
(4.3015)
A2(8.9591)
(-4.0893)
(11.3150)
A3(-2.4086)
(12.2056)
(-6.1675)
A4(12.5839)
(13.5225)
(-7.4172)
G1(0.9567)
(-2.0061)
(-1.5884)
G2(4.2319)
(-2.4584)
(-1.9986)
G3(0.2065)
(1.5155)
(-0.8498)
G4(1.6198)
(-2.1433)
(-2.0901)
A1(1.3460)
(10.1693)
(1.6669)
A2(8.9639)
(-0.8571)
(9.8402)
A3(2.4134)
(0.7326)
(-10.2855)
A4(10.2568)
(13.1777)
(-10.7548)
G1(0.5789)
(0.4491)
(-1.0041)
G2(3.4130)
(-2.2764)
(-3.7312)
G3(-0.0803)
(-0.6891)
(0.4826)
G4(0.2623)
(-1.5213)
(-0.3400)
A1(3.3626)
(10.3848)
(3.1950)
A2(0.7278)
(1.9824)
(8.3031)
A3(1.0582)
(16.4625)
(-5.6312)
A4(9.7588)
(16.3763)
(-0.0575)
G1(0.8205)
(0.7098)
(-0.4778)
G2(2.4839)
(-1.9518)
(-5.1620)
G3(-0.2565)
(0.0197)
(0.0905)
G4(-0.7785)
(-3.2954)
(-0.3735)
A1(-1.0825)
(8.9765)
(-1.1496)
A2(8.1355)
(9.8210)
(9.1459)
A3(2.1021)
(8.8873)
(-4.3096)
A4(13.3549)
(16.5391)
(-0.8092)
G1(0.9152)
(0.8168)
(-0.5997)
G2(2.4647)
(0.5161)
(-4.1750)
G3(0.2703)
(-0.4800)
(-0.3411)
G4(-1.3319)
(0.8939)
(-2.3897)
