A1(0.0575)
(7.3048)
(4.8619)
A2(1.5227)
(9.4236)
(-0.2251)
A3(-1.0439)
(10.4196)
(-0.9433)
A4(0.0622)
(8.4851)
(-5.2289)
G1(-1.7086)
(-0.7019)
(-0.2363)
G2(-0.0346)
(-0.4081)
(-0.0857)
G3(0.1602)
(-0.4347)
(0.3182)
G4(-0.2230)
(-0.3129)
(0.1793)
A1(-0.7185)
(9.2639)
(6.3899)
A2(1.7765)
(10.2376)
(-1.4461)
A3(-2.1021)
(10.5441)
(-2.1261)
A4(0.0479)
(9.2991)
(-5.0135)
G1(-1.0956)
(-0.9136)
(-0.0138)
G2(0.0756)
(-0.6460)
(0.0011)
G3(0.2240)
(-0.6939)
(0.4518)
G4(-0.1261)
(-0.2166)
(0.2192)
A1(1.0394)
(5.7528)
(6.6438)
A2(0.5411)
(8.6048)
(0.1341)
A3(-0.3304)
(6.8283)
(-2.5187)
A4(0.6608)
(8.4324)
(-4.9943)
G1(0.0463)
(-0.7242)
(-0.6811)
G2(0.4661)
(-1.1462)
(0.0607)
G3(0.4012)
(-0.6513)
(0.7317)
G4(0.1032)
(-0.4720)
(0.1330)
A1(3.0944)
(5.9923)
(8.7801)
A2(-0.1915)
(10.2903)
(1.3168)
A3(0.1580)
(5.9999)
(-1.4317)
A4(0.6369)
(9.3757)
(-3.4093)
G1(-0.4672)
(-0.8413)
(-0.0511)
G2(0.3097)
(-1.0983)
(0.0399)
G3(0.3480)
(0.5933)
(1.2723)
G4(0.4278)
(-0.3959)
(0.1022)
A1(-2.9986)
(6.6055)
(9.7238)
A2(0.1628)
(8.8107)
(0.8284)
A3(1.4605)
(8.5856)
(0.3591)
A4(0.3304)
(11.7220)
(-0.5267)
G1(0.1618)
(-1.6916)
(0.2134)
G2(0.5614)
(-0.8248)
(0.0537)
G3(0.1133)
(-0.6141)
(1.7437)
G4(0.8673)
(-0.5816)
(0.1852)
A1(2.8357)
(12.2960)
(3.1614)
A2(0.3448)
(9.3853)
(0.6752)
A3(-0.3400)
(3.9504)
(-3.4524)
A4(8.4372)
(36.5882)
(10.7787)
G1(1.1073)
(-2.5419)
(0.6274)
G2(0.6162)
(-0.6508)
(0.2724)
G3(0.9610)
(-0.1224)
(0.9434)
G4(3.8089)
(-1.7246)
(0.0458)
A1(4.7709)
(12.9523)
(-0.1006)
A2(-1.8627)
(9.4763)
(3.0933)
A3(1.0870)
(28.0792)
(0.6895)
A4(0.1149)
(19.0818)
(-20.5901)
G1(1.6080)
(-7.5368)
(-0.1219)
G2(0.4842)
(-0.8210)
(0.2959)
G3(1.6405)
(4.3011)
(-0.3560)
G4(3.1123)
(1.5607)
(1.9188)
A1(9.1250)
(9.6280)
(3.1902)
A2(6.7421)
(7.3646)
(7.6423)
A3(5.1332)
(16.5487)
(-6.9097)
A4(-18.1433)
(-10.5393)
(-32.2355)
G1(-0.0968)
(-0.1958)
(0.4597)
G2(-3.8190)
(-3.8706)
(2.0454)
G3(-0.5172)
(-1.2749)
(0.6146)
G4(-9.1811)
(3.8392)
(-0.7178)
A1(2.9219)
(1.5280)
(8.3395)
A2(5.9664)
(6.2680)
(15.2606)
A3(2.5953)
(16.2710)
(-0.7135)
A4(8.2744)
(8.2887)
(-17.8464)
G1(-2.9149)
(-3.0118)
(0.5630)
G2(-10.6550)
(-3.5322)
(1.7443)
G3(-0.0149)
(-1.1451)
(0.0692)
G4(-11.6437)
(4.6592)
(0.0596)
A1(-2.5244)
(6.2127)
(-2.2130)
A2(7.1443)
(26.9013)
(-2.8635)
A3(-2.4469)
(15.6341)
(2.2841)
A4(9.7300)
(5.5689)
(-0.9242)
G1(-1.3372)
(-5.2679)
(-0.9966)
G2(-7.1638)
(-6.0453)
(1.3548)
G3(0.2091)
(-1.2377)
(0.3187)
G4(-12.5797)
(-3.3087)
(5.1684)
A1(3.1183)
(5.1253)
(0.4503)
A2(4.4580)
(17.4154)
(-1.1540)
A3(4.0414)
(-12.4594)
(-9.5289)
A4(15.6533)
(26.4942)
(-11.3677)
G1(-0.1383)
(-3.8956)
(0.2315)
G2(-6.2454)
(0.9695)
(3.1171)
G3(-0.5151)
(-4.0755)
(0.8163)
G4(-6.2523)
(4.7789)
(4.5857)
A1(-17.3399)
(6.7827)
(1.8394)
A2(0.1293)
(-1.4126)
(3.0742)
A3(6.6846)
(10.7500)
(-0.5363)
A4(-20.2119)
(-2.6719)
(-19.7426)
G1(-0.2379)
(-0.7098)
(1.1770)
G2(-5.9182)
(0.3821)
(2.2391)
G3(2.5339)
(-0.5944)
(-0.5901)
G4(-3.2177)
(1.5139)
(0.0495)
A1(1.9879)
(7.8509)
(1.0346)
A2(-2.5283)
(-4.4484)
(2.5714)
A3(3.4429)
(16.6541)
(0.8428)
A4(-2.8252)
(-6.3686)
(-13.6182)
G1(0.5933)
(1.0259)
(-0.5023)
G2(-4.5166)
(-1.6783)
(2.6893)
G3(1.9709)
(-1.1994)
(0.9291)
G4(-1.3500)
(3.5199)
(-4.7518)
A1(4.2200)
(7.7455)
(2.2801)
A2(0.0048)
(10.7931)
(-2.4038)
A3(-3.0406)
(-8.7532)
(-15.0978)
A4(-1.4222)
(0.1915)
(-8.0349)
G1(-0.2597)
(0.5050)
(0.0708)
G2(-4.4224)
(3.4231)
(-0.1325)
G3(1.2074)
(1.1361)
(-0.5890)
G4(2.7787)
(-1.5649)
(-4.5006)
A1(-0.3976)
(13.0816)
(3.8464)
A2(2.9928)
(-5.4109)
(0.1389)
A3(7.1156)
(20.2549)
(-7.2784)
A4(4.0079)
(14.6860)
(0.0383)
G1(1.1930)
(1.3186)
(-1.3920)
G2(-0.9477)
(2.0869)
(-1.6341)
G3(-0.3363)
(-0.9472)
(1.0680)
G4(3.8003)
(-1.8204)
(-3.8866)
A1(0.6610)
(8.6125)
(5.2690)
A2(2.6911)
(-0.4836)
(5.4636)
A3(7.6567)
(16.1896)
(-6.3925)
A4(4.2521)
(14.3987)
(-2.6911)
G1(-0.9355)
(-0.5204)
(-0.3187)
G2(4.3325)
(1.1158)
(-3.4092)
G3(-0.4156)
(0.8152)
(0.0660)
G4(4.2612)
(-4.0371)
(-3.6652)
A1(-0.8383)
(19.0931)
(1.3700)
A2(3.4955)
(-3.6488)
(10.1035)
A3(-4.7884)
(25.4647)
(3.1412)
A4(14.4370)
(16.1800)
(-8.7101)
G1(1.2164)
(0.0921)
(-1.3196)
G2(4.0238)
(-0.5997)
(-3.2682)
G3(-0.1341)
(0.0782)
(0.7093)
G4(2.4153)
(-1.7592)
(-4.3580)
A1(4.6751)
(8.0760)
(1.9831)
A2(14.5903)
(-1.6185)
(9.4236)
A3(4.4341)
(-14.1066)
(-4.2090)
A4(10.5776)
(15.4522)
(-6.7181)
G1(0.3251)
(0.4454)
(-1.4064)
G2(3.7312)
(-1.7810)
(-3.8025)
G3(0.7561)
(2.4738)
(-1.6123)
G4(1.0754)
(0.0208)
(-1.9784)
A1(1.4610)
(5.7097)
(-0.3832)
A2(4.2617)
(7.8769)
(9.3422)
A3(6.3494)
(8.6287)
(-3.2034)
A4(7.4077)
(15.6437)
(-3.3279)
G1(1.6660)
(0.6284)
(-1.7576)
G2(2.9133)
(0.6077)
(-3.9243)
G3(-0.6284)
(-1.2228)
(0.1921)
G4(-0.9796)
(0.5720)
(-1.1015)
A1(1.0011)
(8.8233)
(0.2970)
A2(13.7044)
(6.3063)
(8.6000)
A3(0.2538)
(9.9072)
(-4.2282)
A4(17.4442)
(14.8680)
(8.3175)
G1(1.1712)
(0.4581)
(-1.0137)
G2(3.5444)
(1.2904)
(-3.3337)
G3(-0.5193)
(-0.4805)
(-0.3012)
G4(-0.7072)
(3.7631)
(-1.1669)
