A1(3.3099)
(9.4268)
(-1.8681)
A2(6.0956)
(6.4691)
(6.3734)
A3(0.2346)
(8.0732)
(-5.2337)
A4(1.6233)
(3.3471)
(-3.1556)
G1(0.8737)
(1.5788)
(-0.3108)
G2(-0.8519)
(1.3595)
(1.0078)
G3(-0.3954)
(0.5582)
(-0.5885)
G4(1.7879)
(3.5098)
(-3.8935)
A1(0.4072)
(10.1118)
(0.6658)
A2(6.8331)
(5.4300)
(7.4651)
A3(0.2538)
(8.4851)
(-4.8890)
A4(1.7142)
(-1.7861)
(-4.0031)
G1(1.3143)
(0.6412)
(-0.9301)
G2(-1.4128)
(3.1331)
(1.0584)
G3(-0.1979)
(0.8700)
(-0.5949)
G4(0.3139)
(1.1009)
(-2.6850)
A1(0.7520)
(9.2304)
(4.0332)
A2(3.0071)
(6.2968)
(2.1596)
A3(0.2634)
(11.3772)
(-3.8403)
A4(3.1603)
(7.7716)
(-7.1778)
G1(0.4587)
(2.1614)
(-1.6458)
G2(-0.3714)
(0.0005)
(0.6625)
G3(0.0266)
(-0.3134)
(-0.6976)
G4(0.1022)
(1.3170)
(-0.6385)
A1(-9.6902)
(3.9709)
(11.1081)
A2(0.4405)
(7.1012)
(9.3470)
A3(-2.3750)
(12.4403)
(-0.5555)
A4(3.2034)
(6.7229)
(-8.3462)
G1(-3.4907)
(5.6798)
(-0.9929)
G2(-0.4587)
(0.8716)
(0.3906)
G3(0.7444)
(0.3938)
(-1.1850)
G4(0.2602)
(-2.0077)
(0.9935)
A1(-9.8387)
(16.4107)
(0.1820)
A2(8.3222)
(10.3717)
(9.2895)
A3(-4.5969)
(28.4814)
(7.6902)
A4(1.9872)
(11.7843)
(-5.6312)
G1(-10.0867)
(6.3838)
(-4.6070)
G2(2.8399)
(0.2299)
(-0.7673)
G3(4.9758)
(3.5965)
(-2.8431)
G4(-0.7875)
(1.2036)
(-0.2006)
A1(2.5770)
(32.6681)
(9.0388)
A2(-10.0940)
(15.2654)
(7.4077)
A3(7.0342)
(22.4002)
(-21.8638)
A4(-3.5769)
(17.6213)
(1.6951)
G1(-9.6658)
(-0.7524)
(-4.1372)
G2(1.8714)
(-0.6455)
(0.4039)
G3(0.9722)
(4.0457)
(-2.3072)
G4(-0.1346)
(0.8971)
(-0.2549)
A1(10.1261)
(11.5488)
(-8.4688)
A2(-5.4205)
(11.4970)
(7.8386)
A3(32.5755)
(10.3334)
(-21.1408)
A4(2.3798)
(3.0646)
(-4.0462)
G1(-4.6432)
(-0.4214)
(-1.9241)
G2(2.9170)
(8.7426)
(0.5715)
G3(-9.4109)
(-0.9493)
(-0.7386)
G4(-0.1538)
(-0.2533)
(-0.1777)
A1(-4.3062)
(-9.5801)
(9.3645)
A2(9.8976)
(6.7325)
(4.0127)
A3(-26.0441)
(15.0116)
(-19.8479)
A4(0.6512)
(4.1707)
(-0.3256)
G1(-5.9421)
(-1.0105)
(-2.3450)
G2(1.7347)
(6.5072)
(0.8407)
G3(-13.7684)
(-5.3557)
(2.8739)
G4(0.3118)
(1.2925)
(-0.8349)
A1(-13.9486)
(3.0273)
(28.5870)
A2(2.7102)
(5.7221)
(6.5027)
A3(1.5467)
(33.5523)
(16.8169)
A4(-1.3024)
(12.8760)
(-3.9696)
G1(-7.6624)
(-3.1453)
(-1.7395)
G2(-0.0378)
(-0.5449)
(0.1346)
G3(-16.1246)
(7.7476)
(1.1935)
G4(1.0217)
(1.7581)
(-1.2749)
A1(16.3628)
(10.5381)
(7.5539)
A2(-4.2473)
(6.4931)
(7.8530)
A3(8.9639)
(43.6798)
(32.2691)
A4(-2.4852)
(2.1308)
(-9.7827)
G1(-7.8050)
(-5.5904)
(-1.3234)
G2(-0.8285)
(3.3587)
(-1.4356)
G3(-14.0957)
(3.1730)
(-2.1034)
G4(1.6166)
(2.8165)
(-0.8886)
A1(3.8560)
(-4.4308)
(-1.7867)
A2(-4.8842)
(7.5322)
(5.1427)
A3(4.0749)
(5.8706)
(-30.5931)
A4(-3.2992)
(-6.1531)
(-15.2175)
G1(-0.5513)
(-1.2047)
(2.4248)
G2(0.1378)
(1.0983)
(0.9945)
G3(-4.9465)
(2.3722)
(-0.0979)
G4(0.4672)
(0.5103)
(0.1532)
A1(-2.9938)
(2.2944)
(-0.1629)
A2(-19.1632)
(11.1666)
(8.6814)
A3(-0.4022)
(-0.0192)
(-21.7058)
A4(6.3877)
(5.5258)
(-8.6191)
G1(3.3917)
(0.0990)
(2.5568)
G2(0.0309)
(5.4403)
(2.1731)
G3(-2.7372)
(-2.4780)
(4.7890)
G4(0.1123)
(-1.2717)
(1.1919)
A1(-0.2587)
(-1.9974)
(4.2104)
A2(21.3467)
(13.2878)
(-8.6670)
A3(2.1979)
(-8.0828)
(-26.1686)
A4(2.7102)
(3.2178)
(-11.7986)
G1(4.6219)
(0.0915)
(3.0070)
G2(0.3539)
(0.1932)
(-0.4544)
G3(2.0987)
(1.6911)
(1.1765)
G4(0.2416)
(0.9014)
(-1.1148)
A1(-5.5325)
(0.2012)
(8.1431)
A2(-3.6392)
(9.7683)
(3.3423)
A3(2.3320)
(4.6783)
(-11.4156)
A4(4.7357)
(1.2163)
(-6.1052)
G1(4.6411)
(0.4629)
(3.5609)
G2(0.7258)
(-1.9443)
(0.9663)
G3(4.3271)
(1.0413)
(2.3072)
G4(-0.5380)
(0.8514)
(-0.1644)
A1(-9.6711)
(2.3088)
(10.5429)
A2(9.8306)
(12.4834)
(-0.4166)
A3(-0.4214)
(13.0005)
(-0.3974)
A4(-6.6128)
(13.2687)
(-9.2320)
G1(4.6060)
(1.8533)
(4.5820)
G2(0.0926)
(-0.4704)
(-1.4543)
G3(6.9100)
(0.4374)
(3.3677)
G4(0.3581)
(-0.0106)
(-0.0910)
A1(-3.1135)
(5.2786)
(8.9909)
A2(-2.6671)
(10.2089)
(6.1627)
A3(-3.2130)
(15.7251)
(1.3934)
A4(-2.8252)
(-4.8411)
(1.0247)
G1(3.4907)
(2.6882)
(4.0978)
G2(0.3656)
(-0.4454)
(1.1206)
G3(7.7013)
(1.8560)
(2.6622)
G4(-1.3782)
(-0.8120)
(-0.3677)
A1(-5.0200)
(13.2397)
(11.1560)
A2(0.8475)
(14.2216)
(6.0956)
A3(-7.0820)
(18.0762)
(-0.1101)
A4(-3.8642)
(-12.8712)
(-9.3565)
G1(4.2638)
(-2.2546)
(1.8379)
G2(0.6529)
(-0.1815)
(1.1893)
G3(3.9477)
(4.6326)
(2.2641)
G4(-0.7407)
(-1.0818)
(0.9003)
A1(-13.7235)
(5.3936)
(10.5141)
A2(-5.4636)
(4.4149)
(-0.5171)
A3(-8.7915)
(21.5382)
(-1.5706)
A4(2.1308)
(10.6063)
(-5.8514)
G1(3.6817)
(-1.0568)
(1.6315)
G2(1.5442)
(-0.6949)
(-0.0681)
G3(1.9273)
(2.5185)
(2.5467)
G4(-0.1123)
(1.1217)
(0.0149)
A1(-5.3888)
(12.0134)
(3.6979)
A2(11.3533)
(21.3706)
(18.3731)
A3(-14.7962)
(18.9669)
(0.3543)
A4(-2.2697)
(7.6998)
(-8.5138)
G1(1.7459)
(1.6629)
(1.8970)
G2(-0.0575)
(-2.3801)
(2.6164)
G3(0.8663)
(0.6348)
(1.5969)
G4(-0.4156)
(-0.3938)
(0.9525)
A1(-8.3011)
(8.8903)
(-1.9543)
A2(-7.4651)
(7.8386)
(-0.3256)
A3(-12.4355)
(19.9293)
(2.4756)
A4(3.0358)
(8.6574)
(-4.1372)
G1(4.5501)
(0.7157)
(1.0046)
G2(1.8177)
(0.1724)
(-0.8019)
G3(1.3053)
(1.3888)
(0.6614)
G4(-0.0330)
(0.7593)
(-0.0660)
