A1(1.1783)
(11.7116)
(13.3498)
A2(-4.2138)
(8.5425)
(3.6823)
A3(11.0325)
(1.1109)
(-1.9824)
A4(6.2441)
(18.8424)
(0.1149)
G1(2.8793)
(-3.5519)
(-0.6683)
G2(0.7748)
(-1.4058)
(-0.2597)
G3(-0.1681)
(-0.5784)
(4.7752)
G4(0.8642)
(-2.3344)
(1.8693)
A1(2.4381)
(10.8782)
(14.1258)
A2(0.4597)
(11.9088)
(1.5275)
A3(-2.5618)
(2.7581)
(-5.4588)
A4(6.0430)
(44.5369)
(7.1491)
G1(2.9027)
(-4.1010)
(-1.5160)
G2(-0.0250)
(-2.6563)
(0.2889)
G3(-1.1164)
(-4.2053)
(4.7954)
G4(2.6989)
(-2.8340)
(3.1176)
A1(14.9258)
(26.8865)
(-1.7340)
A2(-0.2538)
(12.6988)
(4.7501)
A3(-9.1315)
(-9.4140)
(0.2969)
A4(-0.2203)
(18.6939)
(-7.0820)
G1(1.7182)
(-5.7825)
(-0.3512)
G2(1.3590)
(-1.8214)
(0.0394)
G3(0.0415)
(-1.9523)
(-1.2680)
G4(2.1449)
(-3.2709)
(5.1727)
A1(8.1814)
(12.1811)
(6.0067)
A2(5.6886)
(4.6735)
(7.8626)
A3(0.4214)
(1.5562)
(-7.6854)
A4(-8.6383)
(-2.5474)
(-24.2772)
G1(1.3521)
(1.1526)
(0.6588)
G2(-2.9554)
(-3.7498)
(1.4889)
G3(-1.3941)
(-1.2622)
(-0.8157)
G4(-10.5789)
(3.7801)
(-2.3732)
A1(4.9337)
(-10.5333)
(-2.8884)
A2(-5.8275)
(24.1048)
(13.1298)
A3(6.9288)
(12.2009)
(-3.6009)
A4(11.2240)
(-2.4900)
(-22.4816)
G1(-2.6058)
(-5.3041)
(-0.5332)
G2(-9.7451)
(-6.0320)
(-2.1162)
G3(-1.4761)
(-1.2797)
(-0.0942)
G4(-11.8049)
(2.3812)
(0.1442)
A1(0.9963)
(6.8641)
(4.7852)
A2(10.4531)
(16.2566)
(3.6919)
A3(-0.0287)
(12.9431)
(3.0885)
A4(0.1724)
(13.5847)
(-8.1259)
G1(0.9466)
(-4.0712)
(-0.2347)
G2(-5.3866)
(-2.9894)
(4.2659)
G3(-1.0499)
(0.0670)
(-0.1628)
G4(-13.2108)
(-3.1192)
(6.3832)
A1(7.0414)
(3.6500)
(5.9492)
A2(-0.7135)
(23.6739)
(24.1575)
A3(3.3423)
(0.2107)
(7.0390)
A4(-7.2353)
(22.8072)
(16.3955)
G1(-1.1153)
(-1.5575)
(0.2315)
G2(-8.3574)
(-2.4030)
(3.8536)
G3(0.8695)
(-2.6978)
(0.5422)
G4(-12.4674)
(1.6586)
(7.5337)
A1(-2.8980)
(9.8052)
(0.2156)
A2(2.0877)
(14.3269)
(-7.0246)
A3(3.3375)
(4.5538)
(7.1874)
A4(4.4053)
(15.6964)
(-10.4531)
G1(-1.0908)
(-4.9093)
(1.2196)
G2(-5.9809)
(0.9833)
(4.2308)
G3(-0.0250)
(-2.8085)
(1.1041)
G4(-5.4605)
(5.5696)
(3.0219)
A1(0.0575)
(10.1932)
(-1.2167)
A2(-5.9759)
(-9.3901)
(1.8196)
A3(-2.8635)
(13.7954)
(-2.0686)
A4(1.4653)
(-6.1579)
(-12.0380)
G1(0.1203)
(-0.3586)
(-0.2634)
G2(-4.3788)
(0.7764)
(4.1159)
G3(1.8331)
(0.2857)
(1.0259)
G4(-1.1792)
(2.9075)
(-2.8452)
A1(-4.4547)
(14.5809)
(0.6419)
A2(2.5953)
(-1.0965)
(11.5353)
A3(3.9792)
(-4.3287)
(-11.3629)
A4(-6.3207)
(-5.3008)
(-12.9861)
G1(0.4193)
(-1.3808)
(-0.5688)
G2(-5.6186)
(1.3244)
(1.1531)
G3(1.3005)
(-0.4566)
(1.1153)
G4(2.0641)
(-0.7567)
(-2.7409)
A1(7.1755)
(8.9670)
(2.3902)
A2(12.9622)
(13.1825)
(3.1220)
A3(-3.1364)
(-10.4387)
(-19.2159)
A4(0.1628)
(4.3766)
(-2.9209)
G1(-0.1495)
(0.0319)
(-0.0798)
G2(-2.3839)
(1.9699)
(-0.2458)
G3(1.0483)
(-1.5197)
(0.6774)
G4(3.5588)
(-0.0958)
(-5.0662)
A1(3.0465)
(12.2769)
(0.0479)
A2(-3.3040)
(-9.2608)
(3.7876)
A3(0.0766)
(22.1320)
(-7.7476)
A4(7.7045)
(8.8681)
(-0.4884)
G1(0.7396)
(-0.6359)
(-0.7833)
G2(-1.0126)
(0.6220)
(-1.0201)
G3(-0.2517)
(0.0372)
(0.5986)
G4(5.1141)
(-0.0601)
(-5.3605)
A1(7.3910)
(5.2930)
(3.0944)
A2(7.5130)
(0.4932)
(10.0509)
A3(3.1460)
(19.8144)
(-2.6528)
A4(4.1324)
(14.4849)
(2.1117)
G1(-1.0270)
(-1.4053)
(-0.2788)
G2(3.3938)
(1.6474)
(-2.4839)
G3(-0.6976)
(0.4534)
(-0.2602)
G4(4.9433)
(-3.6572)
(-2.7659)
A1(-1.8106)
(13.6804)
(1.3604)
A2(6.0190)
(-4.7884)
(8.8442)
A3(1.9297)
(11.8848)
(-8.2887)
A4(8.6383)
(12.4546)
(-3.5865)
G1(0.1155)
(-2.0997)
(-1.2781)
G2(3.4726)
(-0.0963)
(-2.6904)
G3(-0.2341)
(-0.7790)
(0.5976)
G4(3.5088)
(-3.9206)
(-1.2329)
A1(3.0034)
(9.2879)
(3.2429)
A2(7.9966)
(-3.4524)
(11.1043)
A3(7.1826)
(7.0916)
(-1.8771)
A4(10.9367)
(12.9957)
(-4.6160)
G1(0.8184)
(0.4895)
(-1.2973)
G2(3.8823)
(-0.8572)
(-3.4827)
G3(-0.5507)
(0.2959)
(-0.2975)
G4(1.0930)
(-2.3285)
(-1.1291)
A1(6.3085)
(9.3933)
(1.5951)
A2(9.7588)
(-0.4453)
(7.7572)
A3(1.4844)
(5.9951)
(-6.3303)
A4(15.1074)
(15.5192)
(-4.1803)
G1(1.1041)
(-0.4299)
(-1.0355)
G2(3.6370)
(-1.5820)
(-3.7929)
G3(-0.0979)
(-1.3564)
(0.7003)
G4(-0.3948)
(-1.7256)
(-0.5800)
A1(0.6562)
(7.0988)
(1.4658)
A2(4.7166)
(1.9201)
(11.8274)
A3(5.0087)
(8.5234)
(-4.8602)
A4(11.8848)
(13.8050)
(-0.6273)
G1(0.5172)
(-0.3368)
(-0.5715)
G2(2.4036)
(-0.6891)
(-4.8582)
G3(-0.1054)
(-0.3847)
(-0.0931)
G4(-0.5183)
(-3.3214)
(-0.0777)
A1(0.8909)
(8.3155)
(0.2299)
A2(9.2512)
(8.7867)
(6.5697)
A3(1.3934)
(7.5130)
(-5.5067)
A4(11.6454)
(8.4755)
(1.6424)
G1(1.3175)
(-0.4454)
(-1.5516)
G2(3.1874)
(1.0254)
(-2.2881)
G3(0.0197)
(-0.5726)
(-0.3991)
G4(0.3837)
(0.7301)
(-1.0350)
A1(0.7760)
(10.4806)
(-1.6861)
A2(8.0397)
(6.2201)
(7.5034)
A3(1.3072)
(7.9871)
(-6.7181)
A4(2.9018)
(10.7164)
(0.8906)
G1(-0.1266)
(0.1809)
(-1.0834)
G2(2.6042)
(-0.0607)
(-1.9709)
G3(0.0154)
(-0.4156)
(-0.2304)
G4(1.4724)
(-0.7029)
(0.1495)
A1(-2.1795)
(9.7142)
(0.6419)
A2(5.3151)
(6.6702)
(4.9943)
A3(0.5650)
(9.6055)
(-5.3103)
A4(-1.7478)
(10.9942)
(-3.2082)
G1(0.2613)
(0.8615)
(-0.6907)
G2(1.7868)
(-0.1990)
(-1.5798)
G3(0.3182)
(-0.3161)
(-0.4395)
G4(0.5513)
(-0.1639)
(-1.0568)
