A1(2.2992)
(9.6471)
(-0.7904)
A2(3.8690)
(8.7676)
(3.2609)
A3(0.4118)
(7.3550)
(-7.5513)
A4(3.2657)
(5.3917)
(-3.7014)
G1(0.8503)
(2.2487)
(-0.1884)
G2(-0.1352)
(0.5295)
(0.1447)
G3(-0.1554)
(0.8163)
(-0.3634)
G4(1.0600)
(1.6315)
(-1.2255)
A1(3.2860)
(8.1143)
(-0.0240)
A2(4.9225)
(9.0932)
(3.3327)
A3(-0.4980)
(7.2688)
(-6.6319)
A4(-6.6607)
(9.5241)
(-1.4078)
G1(0.9253)
(1.5133)
(-0.3831)
G2(0.1612)
(1.0254)
(0.6987)
G3(-0.3783)
(1.1036)
(-0.4528)
G4(2.2200)
(3.9956)
(-3.3369)
A1(1.5472)
(11.7069)
(1.1113)
A2(5.1044)
(4.9177)
(5.9233)
A3(1.4557)
(8.7293)
(-4.4628)
A4(2.5570)
(1.0104)
(-3.8642)
G1(1.8784)
(2.0273)
(-0.8232)
G2(-0.9972)
(2.6882)
(1.0520)
G3(0.0846)
(0.8546)
(-0.6699)
G4(1.6756)
(0.6455)
(-1.9534)
A1(-3.0465)
(10.1166)
(10.4040)
A2(3.5482)
(6.6032)
(4.5586)
A3(2.5139)
(12.2918)
(-2.7198)
A4(-5.6838)
(36.5882)
(-5.1619)
G1(-2.1700)
(4.1265)
(-1.2579)
G2(-0.1240)
(1.4314)
(0.9248)
G3(0.5279)
(1.4548)
(-1.1004)
G4(0.5130)
(-2.1710)
(0.8556)
A1(4.6128)
(36.7971)
(7.3719)
A2(6.9049)
(7.0246)
(7.3263)
A3(4.4101)
(40.8355)
(20.0443)
A4(-0.4118)
(11.1713)
(-8.3797)
G1(-9.8749)
(3.6370)
(-1.9124)
G2(2.3322)
(2.8995)
(-0.3012)
G3(5.0748)
(3.0639)
(-2.5674)
G4(-0.5252)
(1.9124)
(-1.2143)
A1(-16.8418)
(15.4239)
(6.9264)
A2(2.9880)
(11.8609)
(17.6453)
A3(-3.4860)
(22.8550)
(-6.7469)
A4(-3.6200)
(12.5887)
(-2.9688)
G1(-6.0831)
(1.9156)
(-6.4944)
G2(1.3473)
(-0.6423)
(0.1000)
G3(3.6636)
(0.6774)
(-2.6914)
G4(-1.0307)
(-0.0053)
(0.1825)
A1(2.3280)
(1.5184)
(-0.1102)
A2(6.2106)
(8.9974)
(6.6128)
A3(9.6726)
(0.2442)
(-22.9077)
A4(1.9201)
(9.7061)
(-2.7869)
G1(-4.6810)
(0.8317)
(-1.8512)
G2(2.3211)
(7.1314)
(0.7247)
G3(-12.3956)
(-4.9252)
(-0.0192)
G4(1.1882)
(1.2047)
(-0.8594)
A1(-10.1501)
(-12.9331)
(8.3730)
A2(1.7621)
(10.2568)
(5.2577)
A3(-24.3490)
(18.3252)
(-18.4162)
A4(4.7262)
(6.7038)
(-1.7621)
G1(-5.2716)
(1.0004)
(-3.8759)
G2(1.3026)
(0.8636)
(-0.4124)
G3(-13.5758)
(-3.0517)
(4.3458)
G4(1.1611)
(2.1412)
(-1.4005)
A1(4.4116)
(1.7627)
(5.7672)
A2(-2.1261)
(3.4093)
(3.6440)
A3(7.3358)
(52.4330)
(22.0745)
A4(-2.8060)
(2.4469)
(-8.5329)
G1(-7.3341)
(-1.7677)
(-2.4892)
G2(0.1469)
(0.2714)
(-0.7492)
G3(-12.4387)
(9.9606)
(-4.2021)
G4(1.4426)
(1.7996)
(-0.6449)
A1(7.8652)
(-6.0929)
(1.4849)
A2(2.1931)
(4.2569)
(2.5426)
A3(-6.6846)
(13.3309)
(-20.1448)
A4(0.3831)
(-3.2992)
(-9.1746)
G1(-0.2762)
(0.3879)
(0.6449)
G2(-1.1036)
(2.6632)
(-0.5177)
G3(-5.6697)
(-2.6004)
(0.1676)
G4(0.7269)
(0.9796)
(-0.3017)
A1(-3.6069)
(-0.5844)
(1.7005)
A2(-7.1395)
(12.6988)
(1.0008)
A3(20.9110)
(-0.8380)
(-24.8518)
A4(-7.3406)
(1.3934)
(-11.9806)
G1(0.6917)
(-1.1680)
(2.5956)
G2(-0.1969)
(0.4736)
(0.8652)
G3(-4.2042)
(1.0962)
(0.9232)
G4(0.3118)
(0.2985)
(-0.6093)
A1(-0.1916)
(-2.5483)
(4.0907)
A2(2.9066)
(4.8459)
(-6.4404)
A3(0.5746)
(-3.4477)
(-18.6077)
A4(-7.0773)
(7.0868)
(-11.4922)
G1(3.7104)
(0.3549)
(4.1138)
G2(-0.2118)
(-0.2794)
(0.6657)
G3(3.3635)
(0.7609)
(1.8746)
G4(-0.2325)
(-0.1474)
(-0.3863)
A1(-4.3254)
(0.8574)
(9.4939)
A2(1.3168)
(7.0294)
(-1.0630)
A3(-0.3304)
(8.4851)
(-6.7852)
A4(1.1779)
(20.1209)
(3.3040)
G1(4.3665)
(-0.2778)
(4.9673)
G2(0.6470)
(0.3076)
(-0.1309)
G3(5.1610)
(2.0880)
(2.8739)
G4(-0.6806)
(3.1091)
(-2.3934)
A1(-15.3233)
(6.8019)
(9.3549)
A2(5.9903)
(11.3629)
(1.4796)
A3(0.9577)
(9.8545)
(-1.5754)
A4(-11.0133)
(-0.9194)
(-9.2129)
G1(4.1047)
(0.4699)
(4.0776)
G2(0.7439)
(-0.4001)
(0.5529)
G3(6.2140)
(0.7444)
(3.4295)
G4(-0.8604)
(-1.9582)
(0.9913)
A1(-3.3818)
(6.6725)
(8.5837)
A2(-6.6702)
(11.8896)
(8.6287)
A3(-5.9376)
(24.9476)
(5.9520)
A4(-0.6321)
(5.8323)
(-9.0836)
G1(1.1754)
(0.4629)
(5.8224)
G2(-0.3054)
(3.7604)
(0.1405)
G3(5.4898)
(3.4268)
(3.9179)
G4(0.2591)
(-0.3203)
(0.1123)
A1(-9.4891)
(15.0599)
(9.2831)
A2(0.2729)
(8.3989)
(6.0430)
A3(-10.0413)
(17.0228)
(0.1293)
A4(2.5331)
(8.1499)
(-5.7078)
G1(3.1001)
(-2.9479)
(1.8890)
G2(0.7035)
(-1.3681)
(-0.0511)
G3(4.7129)
(4.0701)
(2.3977)
G4(0.6481)
(1.0339)
(-0.0415)
A1(-7.9275)
(9.1586)
(7.0557)
A2(1.5083)
(12.7850)
(5.6120)
A3(-12.5887)
(20.2693)
(3.4046)
A4(2.3750)
(6.9815)
(-7.6231)
G1(0.3358)
(0.3038)
(0.8232)
G2(-0.0325)
(-0.1767)
(0.3097)
G3(0.8466)
(0.7913)
(1.4213)
G4(0.1681)
(-0.4395)
(0.5401)
A1(-4.8092)
(7.8317)
(3.8033)
A2(0.7470)
(6.0813)
(2.0494)
A3(-11.1713)
(18.0619)
(4.0893)
A4(0.2825)
(7.7620)
(-8.0924)
G1(0.8854)
(0.1676)
(0.0777)
G2(0.5013)
(0.1559)
(0.4241)
G3(0.9482)
(0.0101)
(0.6130)
G4(0.1203)
(0.7396)
(0.0506)
A1(-4.0715)
(6.5097)
(2.3998)
A2(0.7853)
(8.7149)
(1.4126)
A3(-7.0485)
(9.8928)
(0.6512)
A4(1.6568)
(8.1068)
(-6.0956)
G1(1.3170)
(0.0442)
(0.1447)
G2(0.4864)
(-1.0903)
(-0.2799)
G3(0.5726)
(0.6077)
(-0.6971)
G4(0.0043)
(0.7764)
(-0.0309)
A1(-3.4009)
(6.0977)
(0.8430)
A2(-0.7997)
(10.5441)
(1.5514)
A3(-3.6727)
(8.1020)
(-2.1117)
A4(0.2729)
(8.1355)
(-5.3103)
G1(0.9573)
(0.9839)
(0.1910)
G2(0.4507)
(0.0096)
(0.3576)
G3(0.3964)
(1.2020)
(-1.0605)
G4(0.0500)
(0.6369)
(0.1974)
