A1(1.7963)
(6.1169)
(5.4511)
A2(2.2984)
(10.1131)
(0.1006)
A3(-0.8188)
(5.4492)
(-4.2856)
A4(0.1532)
(9.0549)
(-3.8259)
G1(0.3230)
(-1.1824)
(-0.4284)
G2(0.3198)
(-0.8040)
(0.2198)
G3(0.5098)
(-1.3058)
(0.6316)
G4(0.6907)
(-0.3996)
(0.1948)
A1(1.8729)
(6.2414)
(9.7860)
A2(0.7326)
(9.0788)
(1.2737)
A3(2.5139)
(6.2728)
(-4.5729)
A4(0.3639)
(9.4619)
(-3.8834)
G1(-0.0101)
(-1.3042)
(0.0330)
G2(0.9429)
(-1.0892)
(0.2022)
G3(0.5678)
(-1.1339)
(1.3191)
G4(0.9567)
(-0.3187)
(0.1235)
A1(-0.3832)
(7.9610)
(7.9706)
A2(-1.9728)
(8.7867)
(2.8635)
A3(5.3103)
(4.2425)
(-0.3352)
A4(-0.9194)
(11.2623)
(-0.4405)
G1(1.9385)
(-2.0481)
(0.1240)
G2(-0.0798)
(-1.1962)
(0.1346)
G3(-0.1570)
(-1.0648)
(1.7831)
G4(1.1589)
(-1.1749)
(0.4342)
A1(2.6681)
(11.4290)
(0.0335)
A2(1.0295)
(9.8497)
(0.7518)
A3(-2.6384)
(7.2832)
(1.6568)
A4(9.0261)
(40.2657)
(2.2122)
G1(2.2013)
(-6.1794)
(-0.1261)
G2(0.0229)
(-1.3431)
(0.0447)
G3(0.6907)
(-0.4858)
(0.4417)
G4(5.0849)
(-4.7374)
(2.0571)
A1(3.2524)
(9.9154)
(8.1287)
A2(-2.0399)
(10.3190)
(1.5371)
A3(5.2002)
(4.4676)
(-7.6567)
A4(-3.9073)
(2.0159)
(-19.9772)
G1(0.1330)
(-4.6304)
(-0.6444)
G2(0.4081)
(-1.9651)
(0.2506)
G3(0.4406)
(4.3197)
(-1.3782)
G4(-0.2815)
(2.1215)
(2.0151)
A1(6.3037)
(12.9762)
(5.5469)
A2(-3.7350)
(9.0644)
(8.0062)
A3(3.6296)
(5.4013)
(-11.8178)
A4(-13.3932)
(45.7723)
(-28.4048)
G1(0.6715)
(-3.8158)
(0.8535)
G2(-0.7450)
(-2.4914)
(0.3884)
G3(-0.8822)
(0.5039)
(1.1861)
G4(-4.4075)
(2.1774)
(2.8670)
A1(-2.4765)
(5.5421)
(8.3107)
A2(13.9773)
(-2.4900)
(14.7291)
A3(5.4300)
(10.2472)
(-0.6177)
A4(-4.9225)
(3.8642)
(-20.4896)
G1(0.1373)
(2.3620)
(0.5209)
G2(-7.8008)
(-6.2598)
(2.5350)
G3(-0.8445)
(-2.3381)
(0.6870)
G4(-13.4976)
(2.7803)
(0.2618)
A1(3.6931)
(4.6703)
(0.9149)
A2(-11.6262)
(50.5991)
(21.3611)
A3(-0.3926)
(20.5614)
(3.3615)
A4(17.4394)
(-0.6991)
(-11.2815)
G1(-1.6953)
(-3.7110)
(0.8759)
G2(-8.2610)
(-1.6474)
(5.0487)
G3(0.6194)
(0.2320)
(-0.8147)
G4(-14.9524)
(0.1149)
(1.7038)
A1(13.7139)
(6.5192)
(2.6776)
A2(-3.6296)
(34.4143)
(15.4378)
A3(-4.2186)
(5.0087)
(0.1101)
A4(-1.0822)
(37.7422)
(5.8610)
G1(-1.4277)
(-3.3449)
(-1.0185)
G2(-9.9329)
(-0.6923)
(3.5806)
G3(0.0708)
(-2.6547)
(1.4048)
G4(-5.4398)
(3.5572)
(3.3614)
A1(-11.5153)
(9.3981)
(-3.2620)
A2(4.5203)
(1.2067)
(-3.6200)
A3(6.1914)
(2.9544)
(-3.9121)
A4(-1.7047)
(8.0302)
(-24.2581)
G1(-0.6843)
(-2.4254)
(-0.7811)
G2(-5.5845)
(0.1485)
(3.1826)
G3(0.4736)
(-2.1726)
(0.4597)
G4(-4.0957)
(2.0949)
(1.4473)
A1(-2.6202)
(9.7046)
(0.0479)
A2(0.4597)
(-1.2977)
(2.6480)
A3(2.1452)
(4.3287)
(-8.0493)
A4(-21.4233)
(-5.2960)
(-17.5064)
G1(-0.0458)
(0.4715)
(-0.4172)
G2(-3.4124)
(-1.4266)
(2.2232)
G3(1.0248)
(-0.7753)
(-0.4879)
G4(-2.5100)
(0.5710)
(-0.5880)
A1(-5.1780)
(10.7632)
(-0.6562)
A2(0.6273)
(-6.4835)
(17.0276)
A3(2.3942)
(6.3159)
(-6.8331)
A4(3.4620)
(-4.3383)
(-17.4298)
G1(-0.4997)
(0.3778)
(0.0926)
G2(-5.4903)
(3.1054)
(3.4406)
G3(0.8663)
(-0.8131)
(0.5332)
G4(2.2301)
(0.9716)
(-3.9073)
A1(0.1341)
(8.4305)
(0.1772)
A2(4.8076)
(-2.3320)
(4.6208)
A3(0.6991)
(3.5147)
(-11.3054)
A4(3.6009)
(6.9671)
(-1.1923)
G1(1.2329)
(0.4853)
(-1.7624)
G2(-0.9349)
(1.2164)
(-0.8743)
G3(0.9025)
(0.2799)
(0.7583)
G4(6.1102)
(-0.3778)
(-5.5015)
A1(4.0284)
(11.9655)
(4.2488)
A2(-0.8380)
(-1.2977)
(2.6097)
A3(3.7014)
(0.2777)
(-9.5146)
A4(4.3527)
(8.6431)
(-0.3017)
G1(0.7742)
(-0.8546)
(-0.3560)
G2(0.6992)
(1.4181)
(-1.9337)
G3(0.3209)
(-1.1871)
(1.5282)
G4(6.0948)
(-2.7223)
(-3.9036)
A1(6.7731)
(10.0399)
(5.1158)
A2(4.6495)
(-0.5794)
(4.0079)
A3(6.3063)
(0.0431)
(0.9960)
A4(0.4836)
(13.8193)
(1.2641)
G1(0.5795)
(-0.7758)
(-0.0644)
G2(3.2342)
(1.4910)
(-2.1082)
G3(-0.3970)
(-0.0644)
(0.4597)
G4(5.4792)
(-4.0398)
(-2.1279)
A1(-0.6706)
(10.3130)
(2.5244)
A2(2.8347)
(-4.0175)
(5.5258)
A3(3.5530)
(20.5566)
(-6.7564)
A4(6.9384)
(17.8176)
(-6.5362)
G1(0.4965)
(-1.3494)
(-0.8189)
G2(3.5109)
(0.3267)
(-1.9167)
G3(-0.2128)
(0.2410)
(0.4193)
G4(3.3369)
(-2.7425)
(-1.6304)
A1(4.3541)
(12.7032)
(5.4942)
A2(4.9560)
(-3.2274)
(11.4012)
A3(2.4421)
(2.9161)
(-5.3822)
A4(12.2535)
(17.8703)
(-7.0102)
G1(0.5773)
(0.1916)
(-0.6470)
G2(4.9412)
(-0.8961)
(-2.8415)
G3(-0.4193)
(-0.0021)
(-0.1650)
G4(1.8964)
(-2.3493)
(-0.9035)
A1(2.2848)
(11.3237)
(4.2057)
A2(6.8187)
(-0.8523)
(8.8538)
A3(0.2873)
(14.5376)
(-9.4954)
A4(10.3573)
(12.8712)
(-5.5498)
G1(1.0392)
(-0.9621)
(-1.0403)
G2(3.5455)
(-2.2439)
(-4.9779)
G3(0.2267)
(0.3517)
(-0.5843)
G4(0.2719)
(-1.8821)
(-1.0408)
A1(2.1795)
(8.4784)
(-0.2970)
A2(5.2385)
(6.7277)
(10.8793)
A3(3.4572)
(3.0119)
(-9.4715)
A4(12.8664)
(8.1977)
(-6.0525)
G1(1.1898)
(-0.8344)
(-1.0653)
G2(2.7723)
(-1.3713)
(-4.5208)
G3(-0.4156)
(-0.8663)
(0.1181)
G4(-2.6425)
(3.6849)
(-2.0992)
A1(-1.5807)
(10.4183)
(-2.0406)
A2(7.3358)
(10.1754)
(7.8961)
A3(2.5618)
(8.3606)
(-6.8474)
A4(8.8585)
(14.9542)
(6.0525)
G1(2.0784)
(0.5981)
(-1.5607)
G2(2.8707)
(3.2693)
(-3.5503)
G3(-0.6715)
(-0.9546)
(0.2943)
G4(-0.6247)
(-0.7407)
(0.6784)
