A1(0.6419)
(7.4916)
(6.3181)
A2(1.9968)
(9.3901)
(-1.2737)
A3(-2.2075)
(12.1625)
(-0.6129)
A4(-0.2729)
(8.7484)
(-6.0669)
G1(-1.8709)
(-1.2372)
(-0.2363)
G2(0.0777)
(-0.7795)
(0.0245)
G3(0.4049)
(-1.6394)
(0.5811)
G4(-0.1235)
(-0.1000)
(0.1298)
A1(-3.9278)
(6.3708)
(4.5745)
A2(1.1205)
(9.5146)
(-1.2306)
A3(-4.2377)
(8.3414)
(-3.4764)
A4(0.5890)
(8.7580)
(-4.5298)
G1(-0.4395)
(-1.2276)
(-0.6923)
G2(0.1144)
(-1.0797)
(-0.0261)
G3(0.2442)
(-1.1334)
(0.5832)
G4(-0.0990)
(-0.2692)
(0.1139)
A1(3.2764)
(4.6559)
(8.5694)
A2(-0.1628)
(10.3573)
(0.6847)
A3(-0.4693)
(5.8275)
(-2.9066)
A4(0.1389)
(9.2847)
(-3.9840)
G1(0.2772)
(-0.4411)
(-0.0048)
G2(0.3602)
(-0.9408)
(0.0931)
G3(0.6561)
(0.6157)
(0.6167)
G4(0.4401)
(-0.5715)
(0.3320)
A1(0.0383)
(4.1146)
(11.0746)
A2(0.5315)
(9.5193)
(1.7765)
A3(7.9918)
(5.8035)
(0.1197)
A4(-0.0575)
(9.9695)
(-2.1548)
G1(0.2011)
(-2.3099)
(0.5028)
G2(0.4762)
(-1.0099)
(0.1298)
G3(-0.2698)
(-0.5470)
(1.1563)
G4(0.7737)
(-0.7652)
(0.4528)
A1(9.5082)
(15.1701)
(-1.8154)
A2(-1.8771)
(9.3039)
(0.9912)
A3(-3.2944)
(9.7252)
(-2.5043)
A4(-0.2394)
(30.5500)
(17.3197)
G1(2.7494)
(0.1857)
(-0.5624)
G2(0.5811)
(-1.2984)
(0.1804)
G3(1.1228)
(-0.3805)
(1.6815)
G4(3.6279)
(-2.9101)
(2.1125)
A1(-4.4595)
(9.8723)
(4.9864)
A2(-2.7869)
(9.1028)
(1.7861)
A3(-0.3783)
(31.6657)
(0.7805)
A4(5.4157)
(22.5294)
(-12.2631)
G1(1.5155)
(-5.8660)
(-0.4597)
G2(0.6838)
(-0.9126)
(0.3124)
G3(1.5697)
(2.0710)
(-0.6604)
G4(4.8944)
(-0.8051)
(2.7494)
A1(1.7388)
(9.8914)
(5.2403)
A2(4.3096)
(12.1578)
(2.4565)
A3(-2.6336)
(9.7109)
(-5.2194)
A4(-19.6420)
(28.0936)
(-24.7513)
G1(0.6455)
(-2.2684)
(0.2134)
G2(-3.0235)
(-3.6753)
(0.8849)
G3(-0.2703)
(-1.5458)
(0.7849)
G4(-3.9073)
(3.6732)
(-0.2501)
A1(0.8143)
(9.1921)
(2.8405)
A2(8.5665)
(-0.2490)
(11.7460)
A3(6.7708)
(13.1394)
(-2.2745)
A4(10.7452)
(14.7004)
(-20.5375)
G1(-0.2091)
(0.7423)
(0.3688)
G2(-7.5172)
(-4.4016)
(0.8546)
G3(-0.4113)
(-1.2808)
(0.5119)
G4(-9.2981)
(6.3529)
(-1.3111)
A1(5.9540)
(8.3107)
(3.9805)
A2(10.9559)
(6.3159)
(17.6165)
A3(1.1492)
(5.6838)
(-2.7054)
A4(-6.6415)
(31.3305)
(-9.1171)
G1(-1.1073)
(-1.1611)
(0.2384)
G2(-8.6713)
(-2.3163)
(4.9683)
G3(-0.1123)
(-1.7868)
(0.7897)
G4(-11.6650)
(-1.7613)
(8.5330)
A1(4.5889)
(5.7049)
(1.8250)
A2(-3.7733)
(27.9691)
(10.2807)
A3(-1.1923)
(8.4132)
(-0.4405)
A4(9.6151)
(43.2058)
(17.1999)
G1(-0.3469)
(-4.1978)
(-0.8466)
G2(-7.8976)
(0.0654)
(4.6783)
G3(0.1517)
(-1.1983)
(0.5821)
G4(-9.0257)
(2.5243)
(6.3657)
A1(-4.1146)
(10.7632)
(-0.6706)
A2(-1.0151)
(0.9864)
(11.8944)
A3(0.0192)
(5.7604)
(-5.1715)
A4(-27.6818)
(-2.5235)
(-19.7234)
G1(-0.6779)
(-0.9482)
(-0.8226)
G2(-3.3810)
(-2.4413)
(1.1025)
G3(1.8028)
(-1.8523)
(0.1963)
G4(-3.4609)
(1.7060)
(0.0261)
A1(0.3640)
(11.1991)
(2.0166)
A2(9.4284)
(-11.1235)
(16.3620)
A3(3.1508)
(3.1364)
(-9.7300)
A4(-1.3838)
(-1.2689)
(-14.3317)
G1(0.0420)
(0.4635)
(0.4310)
G2(-5.0944)
(-0.1596)
(3.4002)
G3(1.2781)
(-2.1183)
(0.2666)
G4(1.4527)
(2.5355)
(-4.2542)
A1(2.0406)
(9.6136)
(4.2679)
A2(8.9639)
(7.8482)
(8.1882)
A3(3.8930)
(6.7900)
(-7.9009)
A4(3.6823)
(9.3996)
(-1.8435)
G1(0.3762)
(1.2616)
(-0.7854)
G2(-1.3462)
(1.4617)
(-0.8870)
G3(0.7508)
(0.3634)
(1.2973)
G4(5.3201)
(-2.0508)
(-6.0182)
A1(4.1099)
(9.8244)
(-3.6404)
A2(-2.2649)
(-4.0941)
(4.9799)
A3(-4.5155)
(1.8675)
(-8.3989)
A4(8.6574)
(10.3860)
(0.0862)
G1(2.4674)
(0.0825)
(-0.6763)
G2(-0.2150)
(1.6394)
(-2.1242)
G3(0.0979)
(0.4331)
(-0.0287)
G4(6.6147)
(-3.0022)
(-5.6595)
A1(3.3961)
(8.8712)
(2.2226)
A2(5.2146)
(-5.0326)
(7.2927)
A3(-11.5592)
(21.4999)
(5.9137)
A4(13.4410)
(19.1823)
(-6.2920)
G1(0.1735)
(-3.2613)
(-1.1435)
G2(3.2773)
(-0.2762)
(-2.3881)
G3(0.9131)
(0.8471)
(0.0106)
G4(3.7205)
(-1.6815)
(-2.0907)
A1(1.5759)
(10.6770)
(5.6906)
A2(2.6719)
(-3.3662)
(7.5130)
A3(0.1389)
(-36.3871)
(-21.2222)
A4(13.0388)
(19.6372)
(-6.1483)
G1(-0.0585)
(0.9892)
(-0.4092)
G2(3.4976)
(0.3331)
(-2.8926)
G3(2.4589)
(4.1872)
(-1.3388)
G4(1.2558)
(-2.9224)
(-0.7987)
A1(3.4057)
(10.1118)
(2.2657)
A2(14.5232)
(-0.4597)
(10.4339)
A3(7.8338)
(2.3367)
(-8.3606)
A4(8.3175)
(20.8631)
(-0.6800)
G1(1.0307)
(0.5039)
(-0.5454)
G2(3.4864)
(-1.8512)
(-4.7832)
G3(-0.1559)
(0.0537)
(-0.0607)
G4(-0.5582)
(-1.2467)
(-0.9280)
A1(1.2071)
(8.2389)
(-1.2310)
A2(2.5235)
(2.7964)
(12.7084)
A3(1.6041)
(8.3606)
(-5.5306)
A4(9.7731)
(14.2072)
(-1.6089)
G1(1.1057)
(0.0282)
(-1.0605)
G2(3.3975)
(0.3911)
(-4.2926)
G3(-0.3746)
(-0.8924)
(0.2538)
G4(1.2989)
(2.6489)
(-1.8470)
A1(2.0693)
(7.3383)
(0.4215)
A2(8.1355)
(7.2640)
(6.8378)
A3(1.8435)
(6.5457)
(-4.9704)
A4(2.2027)
(6.3494)
(1.8387)
G1(1.6400)
(0.7636)
(-0.4459)
G2(3.2587)
(3.9062)
(-1.6299)
G3(-0.0889)
(-0.4033)
(-0.3448)
G4(0.0213)
(0.4949)
(-0.1884)
A1(1.4322)
(7.6593)
(-0.3257)
A2(8.7340)
(9.2416)
(6.6272)
A3(2.8683)
(8.9208)
(-4.0701)
A4(1.1061)
(8.5234)
(2.9784)
G1(0.7136)
(0.1564)
(-0.4289)
G2(3.7924)
(-0.4826)
(-1.2563)
G3(0.1926)
(0.0293)
(-0.4709)
G4(0.3618)
(0.1963)
(-0.3986)
