A1(-8.9717)
(11.1416)
(6.9503)
A2(0.1820)
(9.3661)
(4.3766)
A3(3.3040)
(7.3646)
(-4.1659)
A4(5.1332)
(21.4042)
(5.7652)
G1(2.2162)
(-4.4990)
(-0.3182)
G2(-0.3938)
(-3.2890)
(-0.0564)
G3(0.0165)
(-2.7404)
(3.8477)
G4(1.2569)
(-2.9687)
(2.1833)
A1(9.5465)
(24.1370)
(4.4212)
A2(1.6041)
(9.8545)
(1.2306)
A3(-9.1602)
(-8.9878)
(1.8866)
A4(1.8579)
(16.9653)
(-9.1985)
G1(2.0422)
(-8.8309)
(-0.5098)
G2(0.8163)
(-2.3769)
(-0.0090)
G3(-0.6428)
(-0.1176)
(0.0043)
G4(0.4629)
(-3.3699)
(5.6196)
A1(1.2694)
(-6.5815)
(4.0236)
A2(-3.6200)
(35.9849)
(11.4634)
A3(7.2161)
(16.2327)
(-2.8730)
A4(10.7069)
(4.4532)
(-14.3987)
G1(-2.0896)
(-3.6865)
(-0.4156)
G2(-11.1621)
(-3.9302)
(-1.9949)
G3(-1.5282)
(-1.4521)
(0.3001)
G4(-11.0078)
(2.6228)
(0.6518)
A1(6.1600)
(6.4187)
(3.1950)
A2(-9.5768)
(23.2429)
(26.2788)
A3(1.2546)
(-2.6576)
(5.6647)
A4(3.4955)
(16.0076)
(-0.8188)
G1(-0.4406)
(-2.0353)
(-1.2409)
G2(-7.9657)
(-0.6439)
(2.9692)
G3(-0.2320)
(-4.5602)
(1.2255)
G4(-11.5378)
(-0.6593)
(7.6422)
A1(1.4753)
(12.4302)
(-1.9016)
A2(-5.8897)
(-2.6145)
(-5.7652)
A3(9.9838)
(13.0963)
(-0.8954)
A4(-1.7621)
(-8.4324)
(-13.1921)
G1(0.3038)
(0.7732)
(0.2155)
G2(-3.4178)
(-1.8416)
(2.0140)
G3(3.0501)
(2.5909)
(-2.0422)
G4(-1.5192)
(2.8585)
(-4.0941)
A1(1.9208)
(11.3237)
(2.0885)
A2(2.9736)
(7.5322)
(3.7397)
A3(-3.5434)
(-3.7637)
(-16.4386)
A4(-2.2601)
(-4.7022)
(-6.7612)
G1(0.3054)
(-0.1815)
(-0.7295)
G2(-5.0189)
(3.9908)
(0.0085)
G3(0.7753)
(-1.5022)
(0.9035)
G4(3.5737)
(-2.4791)
(-3.7796)
A1(2.6249)
(3.5207)
(-0.3688)
A2(5.0087)
(2.0686)
(6.7469)
A3(3.1316)
(-0.4166)
(-0.8092)
A4(9.8258)
(17.9230)
(-1.3216)
G1(-0.7290)
(-0.6029)
(-0.4805)
G2(4.4112)
(0.9514)
(-3.1677)
G3(-0.6375)
(-1.4575)
(0.6018)
G4(3.7615)
(-4.5772)
(-2.0683)
A1(2.8165)
(6.5576)
(1.3604)
A2(4.6400)
(-1.9632)
(11.4443)
A3(1.7286)
(5.6024)
(-5.5402)
A4(17.7075)
(20.5327)
(-2.7246)
G1(0.0761)
(-0.5273)
(-1.0626)
G2(4.4421)
(-1.5293)
(-4.2063)
G3(0.2070)
(-0.5577)
(0.1644)
G4(0.5880)
(-0.3762)
(-2.0284)
A1(1.1113)
(12.9044)
(-1.9735)
A2(5.5976)
(7.5417)
(6.6894)
A3(2.5043)
(11.4874)
(-7.5226)
A4(16.8695)
(13.9821)
(-0.4741)
G1(0.6529)
(0.0841)
(-1.0371)
G2(2.6834)
(0.2841)
(-3.8270)
G3(0.3102)
(0.0468)
(-0.2634)
G4(0.7253)
(-1.5931)
(-1.0977)
A1(-1.8777)
(8.2628)
(-0.4646)
A2(6.8187)
(4.8507)
(5.0326)
A3(-0.1389)
(9.7061)
(-4.7740)
A4(3.2992)
(7.7428)
(1.8675)
G1(0.4667)
(0.3741)
(-0.5369)
G2(1.7645)
(-0.1767)
(-1.6708)
G3(0.3155)
(-0.6236)
(-0.3086)
G4(1.0791)
(0.2719)
(-0.8833)
A1(-3.7458)
(9.1681)
(-0.0862)
A2(7.6327)
(6.7900)
(2.8635)
A3(-1.6185)
(8.6814)
(-4.7884)
A4(5.3582)
(7.1635)
(-9.2703)
G1(-0.3374)
(0.0202)
(0.0686)
G2(2.2296)
(3.0932)
(-0.1075)
G3(0.7737)
(-1.2675)
(-0.1687)
G4(0.7556)
(0.6577)
(-1.4548)
A1(-2.8597)
(8.2916)
(-1.7579)
A2(0.0096)
(9.8881)
(4.1228)
A3(-1.3551)
(5.2672)
(-9.7636)
A4(0.1197)
(8.6048)
(-6.7804)
G1(-0.6997)
(-0.4693)
(-0.1346)
G2(-1.0818)
(-0.5800)
(-0.9088)
G3(-0.1181)
(-0.5912)
(0.1346)
G4(0.0814)
(-0.8594)
(-0.0729)
A1(-2.2848)
(7.2282)
(1.1400)
A2(1.6041)
(8.9974)
(0.9146)
A3(1.5897)
(1.5323)
(-9.0166)
A4(3.0358)
(8.5473)
(-4.7214)
G1(0.6300)
(-0.1421)
(-0.1006)
G2(0.7833)
(-0.1820)
(-0.3416)
G3(-0.2160)
(-0.8099)
(0.9621)
G4(-0.0569)
(-0.2134)
(0.0043)
A1(-5.4415)
(4.7373)
(-0.1102)
A2(-0.3304)
(8.3462)
(2.4038)
A3(-4.7836)
(4.0654)
(-7.4268)
A4(1.7334)
(8.2744)
(-5.0613)
G1(-0.5204)
(1.7991)
(1.0302)
G2(0.6018)
(-0.2496)
(-0.2059)
G3(-1.1408)
(-0.0521)
(-0.0495)
G4(-0.0144)
(-0.0772)
(0.1357)
A1(-2.2034)
(11.2279)
(1.1496)
A2(1.7382)
(9.1794)
(3.2322)
A3(-0.9290)
(4.6831)
(-6.0190)
A4(2.1021)
(8.0014)
(-5.4157)
G1(2.3594)
(-1.2212)
(0.1729)
G2(-0.2597)
(-0.5571)
(0.2309)
G3(-0.7348)
(-0.1612)
(0.2682)
G4(-0.2389)
(-0.0782)
(0.3241)
A1(-1.6095)
(9.0723)
(-0.8862)
A2(1.4030)
(10.2280)
(2.3367)
A3(-0.7757)
(8.4324)
(-6.2632)
A4(3.0837)
(8.0541)
(-5.1140)
G1(1.5814)
(0.0239)
(0.0857)
G2(-0.0495)
(-0.1054)
(-0.0074)
G3(-0.5710)
(-0.1261)
(0.1245)
G4(-0.3539)
(0.0665)
(0.3326)
A1(-0.7377)
(9.8627)
(-1.7627)
A2(1.8340)
(8.8538)
(3.3040)
A3(-1.9824)
(10.0030)
(-4.5921)
A4(4.0654)
(7.9200)
(-4.8554)
G1(-0.5662)
(0.2719)
(0.2134)
G2(0.2496)
(-0.1410)
(0.1580)
G3(-0.3523)
(0.6965)
(-0.2182)
G4(-0.5380)
(0.1117)
(0.2134)
A1(-0.5652)
(10.4327)
(0.4934)
A2(4.0031)
(9.6055)
(3.2178)
A3(-0.7661)
(8.7484)
(-4.9081)
A4(4.0654)
(8.2648)
(-3.0502)
G1(-0.2980)
(-0.3336)
(-0.0745)
G2(0.2160)
(0.3028)
(0.0793)
G3(-0.1825)
(0.3709)
(0.0069)
G4(-0.4113)
(0.5656)
(0.0681)
A1(0.1437)
(10.0495)
(-2.4956)
A2(3.1508)
(8.4898)
(3.4907)
A3(0.4549)
(8.5665)
(-4.3958)
A4(4.5873)
(8.2744)
(-3.1651)
G1(0.4927)
(0.8344)
(-0.0857)
G2(0.1979)
(0.5710)
(0.0628)
G3(0.0580)
(0.4252)
(-0.0303)
G4(-0.1894)
(0.3198)
(0.0495)
A1(-1.5472)
(9.3981)
(-3.1279)
A2(3.2465)
(8.3797)
(2.8347)
A3(0.4693)
(8.4420)
(-5.1236)
A4(4.4484)
(8.6143)
(-3.0215)
G1(1.0610)
(0.8274)
(-0.0702)
G2(0.1990)
(0.5949)
(0.0990)
G3(0.1836)
(0.3124)
(-0.0250)
G4(0.0053)
(0.2666)
(-0.0585)
