A1(5.0583)
(6.8258)
(0.6131)
A2(3.8307)
(8.1259)
(1.3551)
A3(-0.8332)
(8.1882)
(-6.4069)
A4(-8.1068)
(8.4755)
(-5.1140)
G1(0.8844)
(1.7608)
(-0.8173)
G2(-0.4310)
(0.3400)
(0.1245)
G3(0.1155)
(0.7684)
(-0.5827)
G4(2.7569)
(2.0146)
(-2.6622)
A1(2.9315)
(12.3583)
(-0.2491)
A2(9.3039)
(4.5873)
(8.8873)
A3(3.3950)
(7.6662)
(-6.0334)
A4(4.6352)
(-0.0958)
(-4.8937)
G1(1.4197)
(2.7127)
(-0.2246)
G2(-1.7592)
(3.0368)
(1.6426)
G3(0.1517)
(0.6827)
(-0.6987)
G4(2.4616)
(3.9009)
(-3.2720)
A1(-8.3586)
(7.5012)
(13.8911)
A2(-0.0622)
(6.9480)
(8.2935)
A3(1.1157)
(15.4187)
(1.5945)
A4(-0.6560)
(30.1478)
(-13.7619)
G1(-6.2694)
(5.9043)
(-1.0536)
G2(-1.5394)
(2.0784)
(0.7253)
G3(0.9557)
(1.3643)
(-1.7246)
G4(0.0000)
(-3.2480)
(0.6103)
A1(14.8300)
(33.9326)
(-9.8340)
A2(2.7629)
(8.8155)
(4.8985)
A3(9.7540)
(38.8818)
(17.5064)
A4(10.4148)
(6.9192)
(-17.8703)
G1(-6.9329)
(3.7344)
(-1.8246)
G2(0.3852)
(2.1987)
(-0.0128)
G3(3.6641)
(2.3142)
(-3.4422)
G4(-2.0901)
(4.1909)
(-2.6638)
A1(-0.0527)
(24.7406)
(-1.8298)
A2(-1.4844)
(19.1919)
(-0.2442)
A3(10.6063)
(19.0770)
(-25.5078)
A4(-1.4988)
(8.7053)
(3.4237)
G1(-9.3056)
(-2.3147)
(-2.2998)
G2(2.1354)
(-0.1761)
(0.1559)
G3(-1.5453)
(1.2116)
(1.3840)
G4(-3.1538)
(2.0050)
(-1.6517)
A1(1.7244)
(-3.9135)
(-6.4426)
A2(-3.0694)
(22.7162)
(3.6392)
A3(5.1332)
(13.7331)
(-24.2964)
A4(3.4285)
(20.8439)
(6.3877)
G1(-7.6981)
(4.2138)
(-1.5101)
G2(2.0609)
(7.9870)
(-0.2416)
G3(-11.6703)
(-5.1391)
(3.5747)
G4(0.0090)
(2.4216)
(-0.7077)
A1(9.8962)
(3.6021)
(0.1485)
A2(-6.9192)
(1.9632)
(19.8671)
A3(20.5949)
(34.8021)
(9.0788)
A4(3.1795)
(3.9217)
(16.2279)
G1(-9.7313)
(-1.5979)
(0.9131)
G2(-0.4150)
(-1.0419)
(-2.0726)
G3(-13.4704)
(7.3091)
(-0.0766)
G4(0.4544)
(2.0194)
(0.5683)
A1(-6.4187)
(3.8225)
(-2.0645)
A2(-7.5753)
(-11.9950)
(16.5152)
A3(21.5670)
(45.0445)
(9.9168)
A4(-11.9566)
(3.2130)
(-10.5441)
G1(-4.3016)
(-1.8869)
(-0.2517)
G2(-2.4371)
(4.1611)
(0.4406)
G3(-10.5268)
(3.8073)
(0.5550)
G4(2.3179)
(-0.8711)
(-0.8493)
A1(-3.0656)
(-1.1496)
(2.8788)
A2(-3.8164)
(7.2018)
(-0.5555)
A3(10.9176)
(-5.3103)
(-29.4104)
A4(7.5848)
(-4.8315)
(-15.1074)
G1(0.8232)
(-1.8768)
(2.3174)
G2(0.8344)
(-1.1760)
(3.3129)
G3(-3.6785)
(-2.7819)
(3.5082)
G4(-0.1437)
(0.2134)
(0.4778)
A1(-2.7351)
(-2.2513)
(7.0461)
A2(-16.8552)
(0.5411)
(20.5279)
A3(-15.3181)
(1.2594)
(-17.5495)
A4(0.8475)
(16.4817)
(-11.2384)
G1(4.4809)
(-1.3835)
(2.6143)
G2(-3.8748)
(6.6908)
(-1.7299)
G3(1.9390)
(-0.8594)
(2.6792)
G4(-0.8274)
(1.7480)
(-1.3393)
A1(0.1006)
(3.4919)
(7.7120)
A2(1.5467)
(10.3094)
(4.0941)
A3(0.4357)
(1.7430)
(-5.5162)
A4(-14.3796)
(-5.3247)
(-4.5921)
G1(5.6377)
(-0.6811)
(5.3153)
G2(1.7783)
(1.3931)
(1.5660)
G3(6.5950)
(-1.4074)
(2.3189)
G4(-0.1926)
(2.8133)
(-1.2872)
A1(-6.0498)
(0.2443)
(7.5874)
A2(8.7819)
(23.7648)
(1.9249)
A3(0.7614)
(15.3947)
(-9.1219)
A4(-6.0813)
(5.6886)
(1.4653)
G1(5.0082)
(3.1661)
(5.0987)
G2(-0.7322)
(1.1983)
(-0.4390)
G3(6.5796)
(0.2682)
(1.3047)
G4(-0.8248)
(6.9829)
(-2.8292)
A1(2.6537)
(21.5216)
(1.8777)
A2(-7.0102)
(1.8914)
(3.8642)
A3(3.8642)
(21.7202)
(-1.4844)
A4(1.3982)
(9.6438)
(-5.8419)
G1(2.2881)
(0.6412)
(4.1819)
G2(1.6735)
(1.9582)
(0.9653)
G3(6.3247)
(4.6975)
(0.0766)
G4(0.8514)
(2.1609)
(0.2368)
A1(-20.7313)
(15.3329)
(8.0521)
A2(-5.3486)
(-3.6057)
(1.0343)
A3(-7.1156)
(10.2615)
(-6.9097)
A4(14.0396)
(36.1381)
(-13.8864)
G1(0.8290)
(0.4975)
(1.3383)
G2(2.0066)
(3.8041)
(0.2400)
G3(4.4591)
(4.6113)
(0.6284)
G4(1.2936)
(1.1015)
(0.5177)
A1(0.9676)
(14.2216)
(1.7675)
A2(2.1069)
(9.5481)
(4.4341)
A3(-61.7608)
(32.4366)
(-8.7580)
A4(1.8148)
(8.4755)
(-9.1506)
G1(1.7980)
(-3.0799)
(-0.0064)
G2(-0.2139)
(0.4720)
(0.7380)
G3(1.1824)
(-3.8376)
(0.2437)
G4(-0.0670)
(-2.0635)
(0.6646)
A1(-3.2429)
(13.1391)
(-1.3939)
A2(9.5433)
(10.5824)
(4.7884)
A3(2.9736)
(21.0833)
(-9.0118)
A4(0.7326)
(8.7484)
(-7.3215)
G1(0.7311)
(-0.5385)
(0.5593)
G2(-3.3385)
(1.1073)
(2.0013)
G3(3.1496)
(5.2589)
(-1.3808)
G4(-1.4261)
(0.2703)
(0.9104)
A1(2.9507)
(9.5801)
(5.6858)
A2(8.3127)
(14.4083)
(-6.0238)
A3(8.1259)
(7.9535)
(-0.9625)
A4(5.6551)
(8.2361)
(0.2825)
G1(-0.0782)
(2.2274)
(0.7173)
G2(2.6505)
(-0.6705)
(2.3812)
G3(-1.0850)
(-1.0057)
(2.5909)
G4(-0.2027)
(0.6444)
(1.0509)
A1(0.3688)
(8.3538)
(-0.3688)
A2(-12.6127)
(8.5569)
(15.0978)
A3(-6.7708)
(11.3725)
(-2.8204)
A4(2.2170)
(8.0493)
(-8.2791)
G1(0.8003)
(1.5586)
(0.9817)
G2(3.6875)
(-0.5518)
(1.3755)
G3(-1.0653)
(-1.4314)
(1.7182)
G4(-0.1591)
(1.1355)
(0.2251)
A1(4.1865)
(7.9419)
(2.0070)
A2(8.6287)
(7.5417)
(-0.7901)
A3(5.2337)
(5.6360)
(-10.1754)
A4(2.1931)
(7.4220)
(-3.6775)
G1(0.8104)
(0.0112)
(0.7700)
G2(0.2325)
(0.4065)
(1.5288)
G3(-0.3315)
(-1.1355)
(-0.3666)
G4(-0.6651)
(1.3021)
(-0.8791)
A1(3.0273)
(8.6556)
(1.4274)
A2(0.1245)
(10.4196)
(4.0127)
A3(-0.6895)
(9.3470)
(-4.1515)
A4(5.5881)
(7.6950)
(-2.2266)
G1(1.3553)
(-0.2687)
(-0.0697)
G2(-1.4282)
(-0.9472)
(-0.0676)
G3(-0.0367)
(1.8464)
(0.2389)
G4(-0.7689)
(2.5967)
(-0.9307)
