A1(-0.0431)
(10.0064)
(0.7281)
A2(2.7725)
(7.5753)
(2.9497)
A3(1.4174)
(7.1730)
(-5.7413)
A4(5.5976)
(8.1786)
(-2.2505)
G1(-0.2810)
(0.4773)
(0.2198)
G2(-0.0649)
(1.7395)
(0.1107)
G3(-0.0229)
(0.0399)
(0.1697)
G4(-0.3805)
(-0.2990)
(0.2171)
A1(0.4263)
(9.6855)
(1.3077)
A2(4.5298)
(7.8721)
(3.6919)
A3(0.4022)
(7.0485)
(-6.7995)
A4(9.3422)
(9.5385)
(0.3352)
G1(-0.0138)
(0.1128)
(-0.4417)
G2(0.4076)
(-1.5660)
(0.0851)
G3(0.0894)
(0.2086)
(-0.0303)
G4(0.5263)
(1.0573)
(-1.0770)
A1(2.5387)
(9.7046)
(1.5711)
A2(4.4293)
(8.3941)
(5.3103)
A3(-0.2969)
(7.4316)
(-7.7045)
A4(3.7014)
(8.1547)
(-3.6583)
G1(0.1117)
(0.2692)
(-0.5337)
G2(0.1330)
(-0.3704)
(-0.0170)
G3(-0.0314)
(-0.0420)
(0.0266)
G4(0.7455)
(2.6824)
(-1.9763)
A1(0.7760)
(10.7393)
(1.1736)
A2(7.6375)
(6.0094)
(5.5306)
A3(4.0366)
(7.8003)
(-5.8706)
A4(7.3215)
(8.8442)
(0.7278)
G1(0.3219)
(0.8226)
(-0.3986)
G2(-1.2255)
(-0.0458)
(0.8764)
G3(0.3395)
(-0.8439)
(0.1453)
G4(2.1987)
(2.7356)
(-1.7528)
A1(-2.3423)
(12.7655)
(14.2168)
A2(4.1899)
(5.3726)
(3.4812)
A3(0.8906)
(6.3782)
(-7.9248)
A4(0.6991)
(2.4756)
(-6.6798)
G1(2.9303)
(4.5331)
(-0.8375)
G2(-0.6758)
(2.3025)
(0.6125)
G3(0.1325)
(0.4358)
(-1.2941)
G4(1.5862)
(0.2277)
(-2.0449)
A1(-3.0465)
(3.2141)
(12.9618)
A2(6.7373)
(3.9169)
(7.5513)
A3(3.3136)
(12.1434)
(-5.2672)
A4(7.4460)
(1.5610)
(-15.8352)
G1(-3.1251)
(5.9453)
(-0.7444)
G2(-1.1414)
(0.6061)
(0.5720)
G3(0.0277)
(0.8375)
(-1.8741)
G4(2.4658)
(1.1834)
(0.9163)
A1(5.7864)
(25.7273)
(6.2079)
A2(3.2609)
(9.1698)
(12.8233)
A3(10.4291)
(38.3503)
(4.2473)
A4(5.6982)
(-3.9600)
(-0.2251)
G1(-6.7493)
(5.4760)
(-3.9829)
G2(0.9264)
(3.7354)
(-0.5497)
G3(3.9148)
(5.4089)
(-4.7401)
G4(-0.6928)
(1.5234)
(-0.7029)
A1(-3.5782)
(26.3596)
(11.7212)
A2(-10.7548)
(7.4986)
(5.8897)
A3(-2.9880)
(20.3890)
(-1.1492)
A4(-6.8474)
(19.1680)
(-0.9768)
G1(-11.6777)
(-0.0814)
(-6.3199)
G2(3.6508)
(0.9259)
(-0.3257)
G3(3.9302)
(7.2756)
(-4.3096)
G4(-0.3794)
(-0.0298)
(-0.3368)
A1(3.0225)
(-5.6618)
(0.9197)
A2(1.1109)
(13.0532)
(6.3734)
A3(-16.5296)
(-5.8610)
(-26.1207)
A4(4.8985)
(8.0924)
(-2.3846)
G1(-3.9861)
(-0.6444)
(-1.8161)
G2(2.4855)
(10.0644)
(-1.3026)
G3(-15.0402)
(-5.7862)
(3.5348)
G4(0.8578)
(1.4042)
(-0.6534)
A1(-4.9481)
(6.1312)
(8.4879)
A2(-18.1959)
(13.4937)
(6.5410)
A3(7.9440)
(24.7513)
(15.1409)
A4(0.9720)
(8.3606)
(-7.4172)
G1(-6.8749)
(-1.2239)
(1.3771)
G2(0.1006)
(0.5906)
(-2.4871)
G3(-15.0455)
(2.6542)
(-1.4681)
G4(1.3111)
(1.2324)
(-0.4901)
A1(-2.9219)
(9.6950)
(-2.0501)
A2(10.6973)
(2.6528)
(5.6312)
A3(7.4220)
(27.6578)
(-7.7285)
A4(-7.0916)
(10.2759)
(-12.3780)
G1(-2.1998)
(-0.1804)
(1.5256)
G2(-1.6171)
(5.2466)
(0.5912)
G3(-8.5952)
(-1.7304)
(-0.8833)
G4(0.6737)
(2.9687)
(-0.9424)
A1(-1.6190)
(0.1581)
(1.2598)
A2(-11.1139)
(10.3430)
(6.9049)
A3(30.2675)
(-5.6647)
(-23.2333)
A4(1.8483)
(-4.0223)
(-11.9710)
G1(1.2824)
(-1.9582)
(2.4248)
G2(0.1740)
(4.6097)
(2.3019)
G3(-2.9123)
(-0.2778)
(2.6068)
G4(0.2246)
(0.3991)
(-0.2485)
A1(-5.0535)
(-4.4739)
(8.2245)
A2(2.1691)
(8.0206)
(1.2019)
A3(2.4708)
(-3.2417)
(-17.1664)
A4(-3.1699)
(-6.4548)
(-11.6119)
G1(4.5097)
(2.1641)
(3.1081)
G2(-0.1107)
(-1.5245)
(0.3134)
G3(4.0616)
(0.7226)
(1.5484)
G4(0.5103)
(1.2084)
(-1.1568)
A1(-8.0521)
(-3.2189)
(10.8590)
A2(-1.5850)
(5.6551)
(1.4317)
A3(1.7957)
(12.1434)
(-0.6369)
A4(-7.3454)
(17.3436)
(-4.7597)
G1(3.6907)
(2.2503)
(4.3873)
G2(0.2219)
(1.1573)
(0.4768)
G3(5.2844)
(0.3927)
(2.6914)
G4(-2.0332)
(0.3852)
(-0.1368)
A1(-11.4817)
(17.9435)
(-0.9436)
A2(-4.1515)
(5.2433)
(0.6033)
A3(-2.6480)
(17.5447)
(4.3000)
A4(-1.7909)
(16.6301)
(-2.4373)
G1(7.9045)
(-1.0818)
(2.6749)
G2(1.0946)
(-0.1783)
(1.6389)
G3(7.9695)
(4.3399)
(2.6079)
G4(-0.3959)
(-0.4725)
(0.2102)
A1(-9.8435)
(8.8759)
(4.5697)
A2(-1.8771)
(15.1026)
(1.9920)
A3(-2.8060)
(17.3580)
(-1.8196)
A4(1.6089)
(2.6240)
(-8.0924)
G1(2.5227)
(0.8865)
(5.4217)
G2(0.9030)
(-0.0309)
(0.7881)
G3(6.4747)
(3.6471)
(2.8920)
G4(0.3986)
(0.9951)
(0.4119)
A1(-10.9740)
(9.4651)
(7.6736)
A2(-2.5043)
(10.5584)
(1.2689)
A3(-15.0116)
(17.7123)
(-5.0326)
A4(-0.0431)
(6.5410)
(-7.5848)
G1(0.6470)
(-0.6141)
(1.4277)
G2(0.6369)
(2.4929)
(0.1474)
G3(0.3672)
(4.9678)
(0.4305)
G4(0.0548)
(-0.0734)
(0.5608)
A1(-2.5339)
(11.8074)
(9.3310)
A2(-2.0734)
(12.9861)
(0.9002)
A3(-23.4057)
(18.3683)
(8.6957)
A4(0.1245)
(7.9775)
(-11.2671)
G1(-2.5227)
(-0.6891)
(-0.1149)
G2(0.1511)
(-1.9247)
(0.1022)
G3(0.1878)
(2.1955)
(-1.2223)
G4(-0.3916)
(-0.2677)
(0.8860)
A1(0.8383)
(6.2606)
(-0.1629)
A2(0.7326)
(6.8714)
(-0.5698)
A3(3.5578)
(40.7780)
(21.6388)
A4(4.3431)
(10.4483)
(-5.1475)
G1(0.1841)
(-1.3920)
(3.1863)
G2(0.4108)
(0.7758)
(0.7806)
G3(0.3709)
(-3.1890)
(2.2492)
G4(-0.1548)
(0.9961)
(0.1628)
A1(3.0656)
(12.5739)
(3.2093)
A2(-0.2825)
(10.0269)
(-0.3017)
A3(-3.4093)
(11.2815)
(-4.3335)
A4(1.3695)
(6.7181)
(-5.3343)
G1(0.9903)
(3.0304)
(0.4794)
G2(1.4037)
(0.2208)
(0.8328)
G3(0.1793)
(0.9519)
(0.3767)
G4(0.3821)
(3.3821)
(-1.5602)
