A1(1.3460)
(9.8914)
(-3.5446)
A2(4.2329)
(7.9631)
(4.2808)
A3(-2.4421)
(7.2353)
(-6.2968)
A4(3.5961)
(8.3318)
(-1.9154)
G1(0.8253)
(1.5027)
(-0.5034)
G2(-0.1692)
(0.0165)
(0.0144)
G3(-0.4512)
(0.5103)
(-0.1618)
G4(1.6501)
(1.9396)
(-1.3840)
A1(2.0406)
(11.6590)
(-0.9820)
A2(4.3048)
(9.9264)
(2.9066)
A3(-1.9106)
(7.6279)
(-3.0502)
A4(7.5609)
(7.0773)
(-1.1827)
G1(1.1526)
(0.3954)
(-0.9908)
G2(-0.0005)
(0.7508)
(-0.1261)
G3(-0.1969)
(1.7863)
(-0.6417)
G4(1.5197)
(2.2780)
(-1.8055)
A1(2.0262)
(12.8469)
(1.8011)
A2(3.5530)
(4.9895)
(3.8259)
A3(9.1842)
(6.9288)
(-6.0861)
A4(6.7277)
(5.3439)
(-6.7756)
G1(1.0020)
(2.9734)
(-1.0376)
G2(-0.8876)
(0.0585)
(0.9456)
G3(-0.0186)
(1.7528)
(-1.2526)
G4(1.1829)
(0.4816)
(-1.2957)
A1(1.9591)
(10.0878)
(4.0332)
A2(5.2289)
(7.8865)
(8.0445)
A3(1.0056)
(10.4148)
(-1.3551)
A4(-8.2121)
(14.4322)
(-2.8491)
G1(-0.8301)
(3.2049)
(-0.2325)
G2(0.0543)
(1.2898)
(0.6960)
G3(-0.0160)
(0.3597)
(-0.7583)
G4(-0.5428)
(-3.8988)
(0.7168)
A1(10.2651)
(34.8859)
(-15.2659)
A2(7.7907)
(9.4092)
(4.0654)
A3(-0.2155)
(26.3937)
(18.2486)
A4(-1.0534)
(7.6375)
(-6.0094)
G1(-7.0186)
(0.9104)
(-1.0334)
G2(2.0609)
(0.8205)
(-0.3986)
G3(3.3225)
(1.2031)
(-2.0242)
G4(-0.5449)
(0.8546)
(-1.0962)
A1(-4.1099)
(20.5493)
(22.3024)
A2(-0.0335)
(9.1075)
(7.7716)
A3(-4.2569)
(31.2348)
(2.4325)
A4(-4.9512)
(12.5121)
(-4.3958)
G1(-8.1099)
(5.6776)
(-6.3093)
G2(0.0181)
(-0.6955)
(-0.0053)
G3(4.2580)
(1.1254)
(-1.3787)
G4(-0.6210)
(1.3729)
(-0.1506)
A1(-5.1445)
(9.8292)
(-0.9101)
A2(1.6712)
(9.6774)
(5.5689)
A3(22.5725)
(10.2615)
(-26.3602)
A4(5.1284)
(14.0157)
(2.7629)
G1(-7.7263)
(-0.9881)
(-0.9397)
G2(2.1944)
(8.6569)
(0.8242)
G3(-8.1445)
(-5.3685)
(1.5394)
G4(0.2549)
(2.1242)
(-1.4958)
A1(-3.5111)
(3.1854)
(12.8708)
A2(6.8378)
(10.9080)
(1.3647)
A3(-31.9243)
(11.5879)
(-26.2165)
A4(2.7533)
(3.1029)
(-2.2410)
G1(-5.7899)
(2.3088)
(-0.7189)
G2(0.6758)
(1.3532)
(0.2043)
G3(-11.5272)
(-3.2980)
(6.4008)
G4(0.8104)
(4.0669)
(-1.8560)
A1(-0.1150)
(9.5513)
(-4.0667)
A2(-1.7526)
(0.4070)
(9.8067)
A3(-17.5782)
(34.1988)
(-8.1068)
A4(-11.9471)
(1.4078)
(-10.6542)
G1(-7.6161)
(-3.2789)
(-0.3613)
G2(-0.4470)
(5.5228)
(0.1229)
G3(-13.6806)
(4.8337)
(-0.9833)
G4(1.5218)
(1.9018)
(0.0511)
A1(-17.7950)
(8.7897)
(0.4694)
A2(-1.0247)
(7.2880)
(4.3479)
A3(13.4267)
(31.7375)
(-10.5967)
A4(1.5227)
(14.1689)
(-5.7030)
G1(-2.8436)
(0.9248)
(2.0151)
G2(-1.8060)
(7.4788)
(-0.0261)
G3(-7.3857)
(-0.5683)
(0.9615)
G4(0.6593)
(-2.8399)
(2.0114)
A1(2.6585)
(4.8715)
(-1.6526)
A2(-18.4928)
(11.9902)
(9.1123)
A3(3.0742)
(-12.7515)
(-19.3260)
A4(4.8459)
(7.3598)
(-7.0342)
G1(2.5765)
(-2.1391)
(2.8830)
G2(1.2792)
(0.9626)
(2.8420)
G3(-2.1998)
(1.6176)
(2.8362)
G4(-1.0637)
(0.0154)
(-1.0009)
A1(-5.5181)
(-3.1710)
(2.3136)
A2(13.7379)
(6.0573)
(-7.9871)
A3(-3.5291)
(-8.3797)
(-20.8200)
A4(10.5010)
(43.2680)
(-10.0461)
G1(5.8511)
(-1.5048)
(2.9405)
G2(0.0420)
(0.2176)
(-1.3665)
G3(3.6455)
(1.6331)
(2.6095)
G4(-3.6572)
(-2.1790)
(1.1914)
A1(-12.5978)
(1.2837)
(12.0422)
A2(9.9838)
(4.3335)
(1.3168)
A3(-0.6321)
(12.6222)
(-3.4285)
A4(1.7526)
(4.5729)
(-3.7972)
G1(4.8050)
(3.4805)
(4.5331)
G2(0.0490)
(2.0529)
(-0.1793)
G3(6.4029)
(0.0532)
(2.7505)
G4(0.3209)
(1.7437)
(-0.6726)
A1(-6.3085)
(7.3335)
(4.7805)
A2(0.7518)
(22.8359)
(21.2940)
A3(-4.6639)
(20.9205)
(0.2729)
A4(-1.2498)
(9.5960)
(-4.3000)
G1(3.2321)
(0.5438)
(5.5893)
G2(-1.5463)
(-4.5980)
(-0.8961)
G3(7.8843)
(2.0960)
(1.3867)
G4(0.0809)
(1.4399)
(-0.5502)
A1(-10.7153)
(7.8988)
(8.3586)
A2(1.0534)
(12.4882)
(9.7923)
A3(-8.2313)
(24.8662)
(-0.8188)
A4(-1.3551)
(8.0397)
(-5.7365)
G1(3.0070)
(-1.4543)
(2.3807)
G2(-0.0782)
(0.4401)
(0.2740)
G3(3.3092)
(2.4706)
(1.2100)
G4(0.1953)
(0.2724)
(0.1905)
A1(-6.8737)
(9.4364)
(4.6847)
A2(-2.0063)
(7.5130)
(3.5147)
A3(-16.1417)
(23.5637)
(-1.1923)
A4(0.3974)
(8.4036)
(-6.1483)
G1(2.0215)
(-0.6364)
(1.1935)
G2(0.6258)
(-0.1676)
(0.7923)
G3(1.3106)
(2.2178)
(0.9200)
G4(0.1634)
(-0.0968)
(0.0080)
A1(-4.0715)
(10.0016)
(2.6537)
A2(-0.8092)
(8.3845)
(1.6807)
A3(-9.8976)
(15.5863)
(2.0063)
A4(0.9002)
(8.5377)
(-5.2289)
G1(1.3063)
(-0.2448)
(0.1548)
G2(0.7971)
(-0.6880)
(0.1830)
G3(0.6561)
(1.0131)
(0.2831)
G4(0.0947)
(0.8828)
(-0.1032)
A1(-3.2093)
(7.3767)
(0.6850)
A2(0.6704)
(10.7117)
(1.8866)
A3(-7.3741)
(9.4619)
(-3.1173)
A4(-0.5842)
(8.3127)
(-6.9480)
G1(1.5006)
(0.4959)
(0.4395)
G2(0.9184)
(-0.2889)
(0.0410)
G3(-0.1229)
(0.5608)
(-0.0819)
G4(0.0420)
(-0.1543)
(0.4619)
A1(-2.6345)
(8.2676)
(4.2296)
A2(-0.6273)
(8.5090)
(0.3304)
A3(-3.0981)
(7.8482)
(-2.0830)
A4(0.2059)
(7.9775)
(-5.0374)
G1(0.6737)
(-0.3959)
(0.6524)
G2(0.8508)
(0.7875)
(0.1729)
G3(-0.5811)
(0.8604)
(-0.1873)
G4(0.1181)
(0.4294)
(0.3070)
A1(-4.2679)
(10.1166)
(1.1640)
A2(0.0958)
(10.0030)
(-0.3208)
A3(-1.6328)
(9.3757)
(0.9625)
A4(0.1724)
(10.9415)
(-5.2241)
G1(0.1841)
(1.0323)
(1.4016)
G2(0.1000)
(-0.4901)
(0.4619)
G3(-0.2826)
(0.7056)
(0.1304)
G4(0.3475)
(0.5114)
(0.4938)
