A1(-0.8957)
(10.8686)
(-0.3736)
A2(2.3607)
(8.9399)
(2.5426)
A3(1.3264)
(8.1690)
(-6.1148)
A4(10.5297)
(10.0892)
(-2.3846)
G1(0.7487)
(1.8917)
(-0.4667)
G2(-0.1729)
(0.4246)
(0.0314)
G3(0.0532)
(0.1320)
(-0.2613)
G4(0.4385)
(1.5985)
(-1.1834)
A1(6.0019)
(7.4533)
(-0.0431)
A2(3.6344)
(9.8402)
(4.5298)
A3(-0.1867)
(9.1602)
(-3.3519)
A4(-3.6440)
(10.6207)
(-3.5482)
G1(0.6290)
(2.0098)
(-0.4842)
G2(-0.3480)
(1.0940)
(-0.0303)
G3(-0.2054)
(1.2606)
(-0.5784)
G4(1.8140)
(3.6929)
(-3.0016)
A1(1.7867)
(11.7452)
(-0.7808)
A2(7.9871)
(6.9671)
(2.9305)
A3(2.2362)
(8.5234)
(-3.1077)
A4(6.5074)
(1.1492)
(-4.0223)
G1(0.6886)
(0.8673)
(-0.4693)
G2(-0.6800)
(0.9722)
(0.9727)
G3(0.2208)
(1.1675)
(-0.6385)
G4(1.5602)
(3.8780)
(-2.6925)
A1(1.5568)
(10.0735)
(6.7061)
A2(-3.0311)
(6.0573)
(7.1012)
A3(2.2362)
(10.2855)
(-3.2178)
A4(5.5162)
(32.1015)
(-9.2656)
G1(0.1112)
(2.2711)
(-0.8514)
G2(-1.1781)
(1.5798)
(0.6039)
G3(0.4523)
(0.1362)
(-0.9642)
G4(0.6268)
(2.4961)
(-0.0889)
A1(11.5727)
(31.1688)
(0.0479)
A2(2.5235)
(6.5457)
(4.0749)
A3(3.3615)
(29.5971)
(16.3237)
A4(-1.6520)
(4.9368)
(-14.9925)
G1(-7.8364)
(5.4664)
(-1.1329)
G2(2.0726)
(1.1898)
(-0.2682)
G3(2.8798)
(0.8860)
(-2.8138)
G4(-0.9120)
(2.4195)
(-1.4628)
A1(-1.8873)
(29.8132)
(4.5889)
A2(-13.2399)
(16.7450)
(1.6616)
A3(5.4444)
(18.9621)
(-21.6915)
A4(-1.1492)
(15.7203)
(5.2768)
G1(-8.5191)
(2.6020)
(-3.7636)
G2(1.0743)
(5.1280)
(-0.8067)
G3(-0.8642)
(4.3133)
(-1.8448)
G4(-0.4076)
(-0.0952)
(0.0500)
A1(-0.0958)
(3.3195)
(4.7086)
A2(7.9871)
(16.8408)
(0.8332)
A3(21.5670)
(25.6132)
(-32.5180)
A4(1.4317)
(2.2458)
(-8.0685)
G1(-5.7920)
(0.9535)
(-3.6327)
G2(1.9002)
(6.2151)
(1.1611)
G3(-9.3615)
(-4.2324)
(-1.5362)
G4(-0.9461)
(2.1785)
(-1.3851)
A1(0.8718)
(-0.1102)
(15.7832)
A2(-4.5969)
(1.9680)
(8.1834)
A3(4.9033)
(31.8142)
(-5.5929)
A4(-3.1699)
(11.0564)
(-4.3383)
G1(-8.6016)
(-2.1545)
(-2.6999)
G2(-0.2847)
(-0.3092)
(-0.2975)
G3(-13.4550)
(3.7046)
(-1.9284)
G4(0.2990)
(1.3516)
(-0.2943)
A1(-4.5553)
(1.4753)
(0.2443)
A2(3.5003)
(4.3910)
(3.0742)
A3(9.4715)
(21.0690)
(-17.0371)
A4(-7.6806)
(4.2569)
(-3.2992)
G1(-2.5031)
(-0.0931)
(0.6321)
G2(0.8503)
(6.8786)
(0.8370)
G3(-7.7215)
(-2.2083)
(0.0287)
G4(1.0472)
(2.0018)
(-0.0064)
A1(-1.7867)
(-1.2694)
(0.2922)
A2(-6.0717)
(-1.1205)
(3.1891)
A3(2.1117)
(-5.8035)
(-22.4863)
A4(3.6105)
(-2.0734)
(-10.8218)
G1(2.9128)
(-0.9802)
(2.3440)
G2(-1.7379)
(4.7869)
(0.0479)
G3(-1.0068)
(-0.2639)
(2.4882)
G4(0.6800)
(-0.1506)
(0.1564)
A1(-1.1209)
(-1.4274)
(2.8501)
A2(10.5872)
(10.9415)
(-4.8267)
A3(-0.9146)
(-6.0669)
(-16.6972)
A4(3.8930)
(7.0150)
(-9.4188)
G1(4.3835)
(-0.3927)
(2.5100)
G2(0.0160)
(0.8684)
(-0.7646)
G3(2.9953)
(0.4097)
(1.8076)
G4(0.0612)
(-0.4949)
(-0.6071)
A1(-11.2374)
(2.8405)
(10.0351)
A2(4.3191)
(11.6550)
(1.5514)
A3(0.1580)
(6.4643)
(-2.5522)
A4(-2.3176)
(5.9328)
(-4.7214)
G1(5.0471)
(1.1435)
(4.7209)
G2(-0.2778)
(-0.0170)
(-0.8274)
G3(7.5874)
(-0.3272)
(2.7340)
G4(0.3257)
(1.6836)
(-0.7854)
A1(-1.7484)
(12.1284)
(7.4677)
A2(-4.0749)
(12.9622)
(8.0062)
A3(-0.3256)
(22.3618)
(0.2107)
A4(3.2705)
(2.9209)
(-6.4069)
G1(3.0549)
(-0.9998)
(4.6113)
G2(0.1415)
(-1.1185)
(0.5683)
G3(7.1266)
(2.2482)
(0.4310)
G4(0.5773)
(1.3659)
(-0.6045)
A1(-6.1600)
(9.5370)
(7.9802)
A2(2.2841)
(8.4084)
(2.9832)
A3(-12.0955)
(16.1896)
(-2.9113)
A4(-1.2258)
(9.6582)
(-6.9049)
G1(2.5456)
(-1.3244)
(1.4213)
G2(0.2144)
(2.0673)
(0.8482)
G3(1.3367)
(2.2620)
(0.0984)
G4(0.7045)
(1.1467)
(0.0282)
A1(-4.4691)
(7.5826)
(5.1014)
A2(0.6273)
(8.5952)
(2.9688)
A3(-7.6567)
(29.1135)
(3.4812)
A4(2.5331)
(6.4739)
(-6.5170)
G1(2.5227)
(-2.1907)
(1.5293)
G2(0.3783)
(0.3970)
(0.2591)
G3(-0.1745)
(3.5290)
(0.6348)
G4(0.3320)
(1.6660)
(-0.1181)
A1(-4.1865)
(9.7238)
(0.6706)
A2(-1.6089)
(7.7189)
(3.3423)
A3(-7.8434)
(19.5223)
(5.3965)
A4(-0.3352)
(9.3134)
(-5.9280)
G1(2.1332)
(-0.9722)
(0.8397)
G2(0.2442)
(0.3235)
(0.3858)
G3(1.3143)
(-0.2852)
(1.2717)
G4(-0.0277)
(0.2671)
(0.5220)
A1(-0.3593)
(10.1166)
(-0.2395)
A2(1.2594)
(7.6519)
(-1.5610)
A3(-7.1587)
(13.0676)
(2.2649)
A4(0.0575)
(11.2336)
(-0.7566)
G1(0.3746)
(-0.3363)
(0.8881)
G2(0.4699)
(-0.5662)
(1.0621)
G3(1.5798)
(0.9104)
(0.1006)
G4(0.8753)
(-0.3150)
(0.0138)
A1(4.4787)
(10.6962)
(1.3604)
A2(-1.4222)
(5.6168)
(-1.0343)
A3(-5.6168)
(7.1730)
(-4.2138)
A4(-7.7668)
(-8.4420)
(-11.5401)
G1(0.2623)
(1.4021)
(0.1011)
G2(0.9642)
(-0.1059)
(0.1410)
G3(0.4635)
(0.3294)
(0.2368)
G4(-0.5092)
(2.9319)
(-2.9144)
A1(3.7937)
(7.7215)
(2.0789)
A2(2.4660)
(9.2560)
(1.1301)
A3(3.3184)
(10.2663)
(-1.3168)
A4(14.9829)
(8.5760)
(-2.3128)
G1(-0.1825)
(-1.5117)
(0.4842)
G2(-1.0956)
(-0.5108)
(-0.3331)
G3(0.6582)
(1.1435)
(0.0293)
G4(-2.7287)
(4.9763)
(-1.8523)
A1(-1.3891)
(9.9968)
(2.3423)
A2(3.5721)
(14.8010)
(-6.4835)
A3(1.0104)
(9.1411)
(-0.8667)
A4(9.8450)
(-17.0898)
(-6.4404)
G1(0.7428)
(-0.0958)
(-0.9802)
G2(-0.0128)
(2.4967)
(0.0415)
G3(0.3852)
(0.2043)
(-0.1006)
G4(-0.7317)
(-0.6141)
(-0.9211)
