A1(2.7160)
(10.8255)
(1.5999)
A2(4.2377)
(7.0390)
(4.7022)
A3(1.1492)
(7.5561)
(-7.5753)
A4(-4.0462)
(7.5082)
(-1.6185)
G1(1.1903)
(1.9880)
(-0.4284)
G2(-0.4619)
(0.0926)
(0.2001)
G3(-0.0101)
(0.4347)
(-0.3336)
G4(1.4617)
(1.6325)
(-1.9310)
A1(1.0011)
(12.3152)
(0.5796)
A2(6.4356)
(7.0677)
(6.0813)
A3(0.7326)
(7.7093)
(-7.6184)
A4(-8.7771)
(3.9648)
(-3.6296)
G1(1.4011)
(2.3152)
(-0.5992)
G2(-0.7295)
(0.7253)
(0.9078)
G3(-0.0862)
(0.5784)
(-0.6306)
G4(1.0382)
(4.9987)
(-3.2821)
A1(1.9160)
(11.1943)
(-2.0885)
A2(3.7445)
(5.6455)
(6.7660)
A3(-3.3806)
(10.0269)
(-4.9608)
A4(-17.3580)
(8.1403)
(-9.1794)
G1(0.8477)
(4.0872)
(-1.6001)
G2(0.7588)
(1.7948)
(0.7742)
G3(0.1059)
(1.1824)
(-1.0302)
G4(1.2616)
(-0.8386)
(-0.2421)
A1(-2.0932)
(4.8427)
(3.7171)
A2(2.5187)
(5.7796)
(8.2552)
A3(2.3750)
(13.8193)
(-0.2251)
A4(5.3870)
(-2.9449)
(-10.7691)
G1(-2.4451)
(1.6501)
(-0.5736)
G2(0.7237)
(1.0759)
(-0.0080)
G3(0.9674)
(1.2451)
(-1.8310)
G4(0.5050)
(-0.5374)
(-1.3329)
A1(-3.8129)
(21.3732)
(0.5365)
A2(1.2306)
(7.1204)
(6.1675)
A3(-6.9097)
(22.8263)
(6.4835)
A4(-8.4946)
(-2.8922)
(-13.1681)
G1(-8.3792)
(6.3156)
(-2.1024)
G2(-0.1995)
(-0.5598)
(-0.3044)
G3(3.1714)
(3.2273)
(-2.8436)
G4(-0.2134)
(1.2366)
(-1.0397)
A1(0.8766)
(19.9457)
(16.1089)
A2(-3.7541)
(11.1330)
(1.8723)
A3(0.1820)
(28.3473)
(4.0462)
A4(-0.9194)
(12.6366)
(-3.7445)
G1(-8.0807)
(-2.6547)
(-5.6000)
G2(1.8321)
(3.0032)
(-1.1419)
G3(2.6563)
(4.8183)
(-4.0866)
G4(-0.3113)
(2.2429)
(-0.6029)
A1(-4.0620)
(10.6962)
(0.7185)
A2(-4.9464)
(18.0523)
(1.5610)
A3(-7.5609)
(14.0971)
(-23.5254)
A4(2.1931)
(7.8913)
(-3.8882)
G1(-6.3917)
(-1.6873)
(-2.5760)
G2(2.6175)
(5.0785)
(-0.3453)
G3(-9.7435)
(-7.7672)
(2.8718)
G4(0.5667)
(2.1598)
(-1.3164)
A1(-0.5077)
(-0.4119)
(18.5183)
A2(11.2240)
(6.4165)
(1.2498)
A3(-22.1464)
(6.4356)
(-26.6283)
A4(1.7095)
(5.6455)
(-6.5027)
G1(-4.7092)
(2.4498)
(-1.8959)
G2(1.1919)
(2.7654)
(0.8929)
G3(-13.1618)
(-0.3661)
(4.7182)
G4(0.8854)
(2.3078)
(-1.3484)
A1(-13.8432)
(-2.4573)
(9.6328)
A2(-1.2546)
(7.7381)
(5.8227)
A3(0.6512)
(31.9674)
(7.6375)
A4(-5.1475)
(5.9520)
(-2.6624)
G1(-6.5609)
(-3.0298)
(-2.6712)
G2(-0.1799)
(0.1634)
(-0.4917)
G3(-14.0068)
(4.9486)
(-1.5841)
G4(1.0009)
(3.1996)
(-2.6808)
A1(-10.5716)
(2.2465)
(1.2263)
A2(-2.4756)
(4.4915)
(0.1101)
A3(1.6472)
(25.1678)
(-10.2424)
A4(-9.3039)
(9.1698)
(-6.7038)
G1(-3.3220)
(-1.0898)
(0.8141)
G2(-1.0637)
(5.0279)
(0.1144)
G3(-7.2687)
(-1.9278)
(-2.9633)
G4(0.1000)
(-0.8088)
(1.5830)
A1(3.6740)
(-5.4606)
(-1.7771)
A2(-0.5411)
(13.2735)
(6.5745)
A3(13.4650)
(4.3239)
(-21.9883)
A4(3.1987)
(-5.3151)
(-13.4985)
G1(-0.9514)
(-0.0894)
(1.9204)
G2(0.2815)
(5.1312)
(1.0578)
G3(-5.6079)
(-3.2938)
(1.0248)
G4(-0.1644)
(0.9727)
(-0.1666)
A1(-2.9555)
(-0.0719)
(3.1950)
A2(11.7986)
(9.3996)
(-3.0933)
A3(11.5353)
(-9.9934)
(-21.4856)
A4(5.2002)
(8.7293)
(-7.8338)
G1(3.5114)
(-0.0702)
(3.5513)
G2(-0.2629)
(-0.3672)
(-1.3457)
G3(1.4101)
(2.4232)
(1.1281)
G4(-0.6220)
(0.4566)
(-0.3879)
A1(-1.8921)
(2.7207)
(4.6703)
A2(0.6704)
(6.5936)
(0.1293)
A3(3.2322)
(1.2258)
(-12.2200)
A4(1.4940)
(0.5794)
(-4.3431)
G1(4.1154)
(-0.3022)
(3.8828)
G2(1.0014)
(-1.2569)
(0.5284)
G3(3.2102)
(1.0802)
(2.6350)
G4(-0.7391)
(0.7375)
(-0.3374)
A1(-8.3395)
(4.4452)
(9.7286)
A2(8.2217)
(8.7245)
(0.9912)
A3(0.4357)
(11.2719)
(-3.7445)
A4(-7.5082)
(22.1847)
(-0.7805)
G1(5.1945)
(0.4113)
(4.5464)
G2(0.4294)
(1.0068)
(0.1235)
G3(5.3844)
(1.3452)
(3.8961)
G4(-0.1761)
(1.6650)
(-0.7934)
A1(-8.9478)
(1.7675)
(-3.2524)
A2(-1.6328)
(6.6176)
(0.5219)
A3(-5.5737)
(24.8853)
(5.2289)
A4(-0.8954)
(9.0405)
(-4.2760)
G1(3.9823)
(1.0318)
(2.6818)
G2(1.0477)
(-0.3640)
(1.2978)
G3(5.1812)
(1.5868)
(3.7823)
G4(0.3448)
(-0.6891)
(0.1128)
A1(0.2347)
(11.4961)
(11.8697)
A2(-1.4078)
(13.3070)
(7.0629)
A3(-8.8202)
(22.0171)
(3.7876)
A4(-3.3950)
(1.7669)
(-3.4907)
G1(4.2101)
(-1.5612)
(4.4203)
G2(-0.1261)
(-0.3714)
(0.4385)
G3(5.8373)
(3.8615)
(3.0815)
G4(0.3033)
(-0.3916)
(-0.2033)
A1(-5.8486)
(9.6950)
(8.9382)
A2(4.3862)
(10.4052)
(3.5913)
A3(-13.1585)
(22.0793)
(1.6999)
A4(-4.4772)
(6.9959)
(-6.1579)
G1(2.0699)
(-1.7102)
(1.3250)
G2(-0.2123)
(-1.1111)
(0.4800)
G3(1.8342)
(1.9183)
(1.5926)
G4(0.1352)
(0.3693)
(-0.0915)
A1(-9.1777)
(7.8030)
(5.4367)
A2(-1.5323)
(7.9679)
(4.9177)
A3(-11.3485)
(16.2806)
(0.2777)
A4(0.7661)
(7.2640)
(-7.9440)
G1(0.4411)
(0.9764)
(0.3432)
G2(0.2889)
(0.2144)
(-0.6800)
G3(0.9344)
(-0.0591)
(1.6102)
G4(0.2879)
(0.0926)
(-0.0138)
A1(-4.4499)
(8.9670)
(3.3674)
A2(-7.4220)
(12.0620)
(2.2362)
A3(-8.9208)
(13.9869)
(1.0151)
A4(0.6321)
(9.0214)
(-7.3215)
G1(0.6843)
(-0.0809)
(-0.0043)
G2(0.2788)
(1.1903)
(-0.7450)
G3(0.3789)
(0.3288)
(-0.2107)
G4(0.0788)
(0.0649)
(0.3065)
A1(-5.4654)
(7.4437)
(3.1231)
A2(6.3638)
(10.7548)
(1.4988)
A3(-5.1715)
(8.7388)
(-0.9194)
A4(-0.9098)
(7.3454)
(-7.1204)
G1(1.1079)
(-0.4853)
(-0.0926)
G2(0.2065)
(-0.6619)
(0.6268)
G3(0.2251)
(0.4592)
(-0.4879)
G4(-0.0192)
(0.5209)
(0.0005)
