A1(2.1651)
(9.8962)
(1.0921)
A2(3.5817)
(7.5178)
(3.1173)
A3(-3.9840)
(5.8131)
(-8.0302)
A4(7.2065)
(8.3749)
(-3.7828)
G1(0.6274)
(0.5087)
(-0.2320)
G2(-0.4864)
(-0.0362)
(-0.2049)
G3(-0.1862)
(0.9456)
(-0.6236)
G4(0.9839)
(1.8241)
(-1.1137)
A1(-3.4297)
(9.1777)
(-1.3125)
A2(5.4923)
(8.2121)
(5.3008)
A3(3.5482)
(9.1219)
(-6.7708)
A4(0.6369)
(7.1730)
(-3.3854)
G1(0.6939)
(2.2987)
(-0.6923)
G2(-0.3608)
(0.2432)
(0.3113)
G3(0.0170)
(0.7109)
(-0.5146)
G4(1.0727)
(1.8283)
(-1.5846)
A1(2.4142)
(9.5274)
(1.5184)
A2(6.5984)
(5.5450)
(4.0510)
A3(5.7078)
(7.5609)
(-5.4013)
A4(5.2960)
(5.2337)
(-2.7102)
G1(1.0222)
(1.4787)
(-0.4385)
G2(-1.0248)
(2.6121)
(1.4293)
G3(0.2953)
(1.5623)
(-1.1781)
G4(0.0761)
(4.4038)
(-2.8266)
A1(1.6813)
(11.9080)
(1.4514)
A2(4.0989)
(7.0150)
(3.9935)
A3(0.4980)
(5.5450)
(-7.7093)
A4(1.9585)
(6.6367)
(-2.9640)
G1(1.8017)
(1.9800)
(-0.8647)
G2(-0.7343)
(1.1041)
(1.3260)
G3(-0.0521)
(0.0149)
(-0.5843)
G4(0.9535)
(1.7890)
(-1.8677)
A1(-7.2952)
(1.5855)
(12.2912)
A2(3.9840)
(5.1906)
(10.8218)
A3(1.6424)
(15.0978)
(-0.5171)
A4(-11.4395)
(23.6020)
(-11.4539)
G1(-5.0742)
(5.2142)
(-0.5646)
G2(-0.2182)
(3.0432)
(0.5199)
G3(0.9578)
(0.9328)
(-1.2569)
G4(0.5385)
(-3.6184)
(0.2123)
A1(6.3085)
(40.0064)
(-2.7351)
A2(9.0884)
(4.7214)
(5.3965)
A3(7.3358)
(30.8613)
(17.1281)
A4(3.7541)
(2.8730)
(-14.8919)
G1(-8.4015)
(1.7698)
(-1.3665)
G2(1.0110)
(3.5556)
(0.1799)
G3(2.8340)
(1.1260)
(-1.9529)
G4(-0.5167)
(2.5446)
(-0.5704)
A1(-0.6419)
(30.9820)
(14.6958)
A2(-8.6526)
(12.5552)
(3.7493)
A3(2.6671)
(11.9997)
(-28.3904)
A4(3.2465)
(15.4187)
(4.7597)
G1(-10.6609)
(-0.5013)
(-6.9403)
G2(1.7714)
(3.8083)
(-0.1325)
G3(-1.6868)
(3.0788)
(-3.9052)
G4(-0.2011)
(-0.7035)
(-0.1612)
A1(6.8881)
(15.8933)
(-7.5922)
A2(-2.5618)
(16.8312)
(5.1380)
A3(25.4025)
(7.6184)
(-31.8716)
A4(0.7566)
(12.7802)
(1.8196)
G1(-4.7715)
(1.4692)
(-2.7734)
G2(2.5978)
(6.7185)
(0.3805)
G3(-10.0133)
(-0.4613)
(2.4115)
G4(0.7072)
(0.1820)
(-0.6157)
A1(-15.5964)
(-5.5948)
(33.0896)
A2(-1.7190)
(6.0190)
(7.7620)
A3(-9.2943)
(12.5265)
(7.1491)
A4(1.9010)
(9.9407)
(-3.5003)
G1(-4.7895)
(-6.8504)
(-2.3381)
G2(0.8205)
(0.4826)
(-0.4981)
G3(-17.4363)
(7.8769)
(-0.0958)
G4(1.8076)
(1.3601)
(-0.4938)
A1(6.5001)
(8.6987)
(6.4426)
A2(1.5897)
(3.2513)
(12.0572)
A3(16.9366)
(30.8373)
(43.5218)
A4(-6.5410)
(6.6846)
(-6.4643)
G1(-7.2612)
(-3.0666)
(-0.1304)
G2(-0.3682)
(1.8970)
(-0.6790)
G3(-14.8321)
(-2.1955)
(-3.8520)
G4(1.8033)
(2.9671)
(-1.4442)
A1(2.5770)
(-7.5635)
(2.7016)
A2(-11.0756)
(8.5521)
(4.3383)
A3(-6.1292)
(0.2251)
(-36.9761)
A4(-3.1747)
(-4.5011)
(-13.8529)
G1(0.3304)
(-1.4287)
(1.9390)
G2(-0.8551)
(1.2776)
(0.8993)
G3(-3.1357)
(2.2636)
(-1.2127)
G4(-0.2219)
(0.5215)
(0.2591)
A1(-5.7768)
(0.7568)
(0.5269)
A2(-12.7659)
(14.2263)
(7.5082)
A3(14.9925)
(-0.4214)
(-16.8025)
A4(3.1891)
(3.1364)
(-6.6272)
G1(2.9213)
(0.9168)
(2.6568)
G2(-1.4473)
(6.1943)
(1.5022)
G3(-2.4594)
(-4.8630)
(3.1900)
G4(-0.5736)
(-0.1708)
(0.2756)
A1(-5.3744)
(-2.5818)
(7.8652)
A2(-2.0207)
(8.2696)
(-2.8826)
A3(2.2027)
(2.0638)
(-9.2943)
A4(2.8730)
(14.8057)
(-3.8164)
G1(4.1010)
(0.3102)
(4.0174)
G2(0.4885)
(-1.3133)
(0.0490)
G3(4.8619)
(2.3785)
(2.0407)
G4(-0.9578)
(0.5002)
(-0.4374)
A1(-10.3273)
(0.2203)
(7.5778)
A2(4.8076)
(10.2759)
(2.1213)
A3(0.6895)
(10.8793)
(-2.1261)
A4(-8.6479)
(3.2513)
(-3.6871)
G1(3.2193)
(0.9104)
(3.6934)
G2(0.9562)
(-0.0479)
(0.1830)
G3(5.2658)
(1.0483)
(2.9192)
G4(0.3592)
(-0.6093)
(0.0665)
A1(0.3161)
(2.5914)
(4.8858)
A2(-0.7087)
(11.6789)
(6.1387)
A3(-6.0621)
(26.7145)
(10.0844)
A4(13.7714)
(-17.2909)
(-25.7951)
G1(0.9126)
(-0.7066)
(3.6870)
G2(0.1783)
(0.2059)
(0.6949)
G3(7.5869)
(4.5469)
(2.8660)
G4(2.1790)
(3.6104)
(-0.2884)
A1(-16.9232)
(9.1777)
(15.2227)
A2(-5.7700)
(6.4787)
(2.0830)
A3(-5.6886)
(10.9319)
(4.0366)
A4(7.9009)
(20.2549)
(-13.6996)
G1(2.8644)
(-3.3039)
(1.3830)
G2(1.0919)
(-0.4177)
(0.3288)
G3(7.3325)
(3.3177)
(2.6276)
G4(1.0493)
(4.3979)
(-1.4548)
A1(-6.9791)
(7.3575)
(4.0667)
A2(-2.1931)
(10.5967)
(0.9242)
A3(-11.6646)
(15.7155)
(-1.4078)
A4(2.0973)
(8.1930)
(-7.1299)
G1(0.8982)
(-0.0926)
(1.3819)
G2(0.6417)
(-3.2805)
(-0.2293)
G3(2.0731)
(-0.8242)
(1.1797)
G4(0.1426)
(0.1070)
(0.1841)
A1(-8.8712)
(8.7706)
(5.5133)
A2(5.6934)
(10.7978)
(3.3040)
A3(-8.2600)
(11.6358)
(-1.2450)
A4(-1.5275)
(6.8809)
(-8.9304)
G1(1.7943)
(-0.2959)
(0.4103)
G2(0.2123)
(2.5259)
(1.3931)
G3(1.2446)
(1.3569)
(-0.0266)
G4(0.0506)
(0.0963)
(-0.0176)
A1(-3.3243)
(7.7599)
(6.2366)
A2(2.4995)
(8.3175)
(0.0239)
A3(-4.8794)
(8.3366)
(-3.0598)
A4(-1.1684)
(7.9631)
(-7.3789)
G1(1.8730)
(0.5965)
(0.4305)
G2(0.4741)
(-0.5044)
(-0.0867)
G3(-0.8540)
(0.2783)
(-0.5555)
G4(0.1383)
(0.7678)
(0.1128)
A1(-5.3696)
(6.4091)
(5.9492)
A2(-4.0175)
(9.9120)
(1.9010)
A3(-4.8459)
(12.1099)
(1.7957)
A4(0.1053)
(6.7516)
(-7.1012)
G1(1.4101)
(0.0548)
(0.9434)
G2(0.8280)
(0.0660)
(0.3491)
G3(-1.3212)
(0.2512)
(-0.1458)
G4(0.0628)
(0.4150)
(0.1607)
