A1(0.0671)
(6.6821)
(5.5133)
A2(1.9201)
(9.7157)
(-0.0910)
A3(-1.8004)
(7.3310)
(-4.3910)
A4(-0.9002)
(7.6375)
(-6.0908)
G1(-0.5938)
(-0.8493)
(-0.3837)
G2(0.2464)
(-1.3729)
(-0.0772)
G3(-0.0319)
(-2.0050)
(0.6933)
G4(-0.0245)
(-0.5044)
(0.2788)
A1(0.3545)
(4.1769)
(8.4640)
A2(-0.7614)
(9.7396)
(0.8571)
A3(2.5139)
(5.0661)
(-1.9680)
A4(0.3112)
(7.2592)
(-6.8714)
G1(0.3198)
(-0.7008)
(-0.1336)
G2(0.6870)
(-1.2914)
(-0.1155)
G3(0.1596)
(-0.9839)
(1.7198)
G4(0.1054)
(-0.6226)
(0.3235)
A1(1.5232)
(5.4798)
(10.3848)
A2(-0.7518)
(8.8490)
(0.0431)
A3(1.1540)
(6.5745)
(-2.6097)
A4(1.3455)
(10.2472)
(-2.2553)
G1(0.1038)
(-1.2467)
(-0.2740)
G2(0.6226)
(-1.4064)
(-0.0713)
G3(-0.6811)
(-0.8168)
(1.1595)
G4(0.2496)
(-0.9791)
(0.3315)
A1(-2.7255)
(8.5837)
(14.3078)
A2(0.0096)
(8.8825)
(0.6943)
A3(0.8140)
(7.8051)
(-1.9058)
A4(8.0876)
(26.3075)
(8.4994)
G1(1.6362)
(-1.3175)
(-1.7826)
G2(0.9993)
(-1.3021)
(-0.0186)
G3(0.7934)
(-0.7758)
(1.7187)
G4(3.6471)
(-1.0195)
(0.5252)
A1(-12.2290)
(8.6700)
(10.1501)
A2(-1.2163)
(10.7500)
(5.8083)
A3(9.2895)
(1.0247)
(-1.5179)
A4(-13.3166)
(3.8211)
(-25.2301)
G1(-0.0011)
(-5.7947)
(-0.4395)
G2(-0.0585)
(-1.8507)
(0.7114)
G3(1.2643)
(-0.5912)
(0.1681)
G4(-0.9259)
(0.1096)
(6.8291)
A1(4.4164)
(19.2895)
(0.3593)
A2(0.6560)
(6.3015)
(8.1116)
A3(6.2153)
(8.7197)
(-11.9614)
A4(-19.4505)
(17.0611)
(-35.1325)
G1(1.4383)
(-0.2921)
(0.4087)
G2(-2.7633)
(-2.7617)
(1.4101)
G3(-1.0616)
(-1.2244)
(0.7199)
G4(-4.1441)
(1.1382)
(1.1488)
A1(-11.8889)
(-3.4728)
(-10.4998)
A2(11.0421)
(35.5778)
(1.7813)
A3(1.9920)
(17.0084)
(0.8380)
A4(2.2505)
(-2.0159)
(-11.7316)
G1(-4.2654)
(-7.5326)
(2.4855)
G2(-9.0204)
(-6.0554)
(1.6985)
G3(-0.2357)
(-1.1573)
(0.3757)
G4(-12.6153)
(2.5462)
(1.9832)
A1(5.9157)
(0.9436)
(5.0631)
A2(2.3080)
(23.9468)
(11.0373)
A3(7.6854)
(-0.6416)
(1.3982)
A4(-18.4354)
(27.6818)
(18.9429)
G1(-0.9142)
(-3.7216)
(0.6912)
G2(-8.9672)
(-0.2698)
(4.2159)
G3(-0.5438)
(-4.0318)
(0.0591)
G4(-11.1584)
(1.2446)
(5.6564)
A1(9.8387)
(17.9531)
(7.6162)
A2(12.8329)
(10.8553)
(1.7478)
A3(4.5250)
(5.4157)
(-2.9640)
A4(14.7387)
(18.2055)
(-16.4003)
G1(0.6008)
(-4.7981)
(-1.4830)
G2(-6.0927)
(1.5655)
(3.3465)
G3(0.0037)
(0.7274)
(-0.4800)
G4(-2.9601)
(5.4015)
(2.5557)
A1(-2.4429)
(11.8027)
(2.5627)
A2(-2.8874)
(-3.1077)
(-6.2728)
A3(0.4597)
(16.2040)
(-7.2927)
A4(-10.1323)
(-5.7030)
(-9.5433)
G1(0.1075)
(1.0440)
(-0.5433)
G2(-2.9564)
(2.6020)
(1.0733)
G3(1.0147)
(-1.8012)
(1.5399)
G4(-1.0254)
(2.1843)
(-3.2741)
A1(3.7027)
(12.3104)
(3.9230)
A2(0.5602)
(10.5393)
(-4.2186)
A3(0.0766)
(7.5417)
(-10.0604)
A4(-3.7828)
(-0.7566)
(-4.8411)
G1(-0.2421)
(0.6290)
(-0.1235)
G2(-2.4631)
(2.8282)
(-0.3783)
G3(0.8615)
(2.1359)
(-0.6965)
G4(4.0302)
(-1.3308)
(-4.0478)
A1(4.8188)
(11.4769)
(4.4739)
A2(-0.6369)
(-3.6679)
(4.4436)
A3(0.3352)
(9.5912)
(-7.8482)
A4(8.5281)
(13.0819)
(2.5091)
G1(-0.1213)
(-0.3725)
(-0.1261)
G2(2.0071)
(1.6857)
(-1.7065)
G3(-0.2230)
(0.5960)
(0.5545)
G4(4.9375)
(-4.0850)
(-3.3193)
A1(3.8847)
(6.8066)
(0.2060)
A2(7.1443)
(-0.7230)
(7.4460)
A3(4.6543)
(7.7237)
(-4.3766)
A4(4.2282)
(14.1018)
(-1.3264)
G1(-0.4629)
(-1.2388)
(-0.0176)
G2(4.5304)
(0.4709)
(-2.3785)
G3(-0.6710)
(-0.6481)
(0.7066)
G4(4.1755)
(-3.7493)
(-3.1890)
A1(5.3648)
(10.7584)
(4.0763)
A2(15.0404)
(-4.9799)
(13.4267)
A3(2.8012)
(6.5984)
(-5.1427)
A4(13.4889)
(14.0923)
(-7.1060)
G1(0.7386)
(0.6774)
(-0.6843)
G2(3.8121)
(-2.8383)
(-3.4438)
G3(-0.3932)
(-0.0165)
(0.1511)
G4(1.7086)
(-1.3191)
(-1.2590)
A1(1.0634)
(9.4028)
(0.7664)
A2(7.6423)
(7.0342)
(8.9878)
A3(4.6735)
(9.4188)
(-6.8139)
A4(11.3294)
(15.1697)
(0.1963)
G1(0.7838)
(0.2421)
(-0.9339)
G2(2.5462)
(-0.3464)
(-4.2228)
G3(-0.4241)
(-0.3134)
(-0.0740)
G4(-0.5938)
(-1.4069)
(-0.3241)
A1(2.3423)
(8.9622)
(1.2406)
A2(10.8218)
(6.6176)
(11.8609)
A3(1.9728)
(7.1539)
(-6.5074)
A4(7.8290)
(12.7372)
(2.5666)
G1(0.9860)
(0.5486)
(-0.5401)
G2(2.7095)
(1.0147)
(-3.3034)
G3(-0.4970)
(-1.0924)
(0.0277)
G4(-0.6364)
(0.0160)
(-0.8599)
A1(2.0022)
(9.4939)
(1.0873)
A2(7.8817)
(8.4324)
(6.9911)
A3(4.0845)
(7.6423)
(-3.6057)
A4(2.6288)
(6.2058)
(-4.0893)
G1(1.0020)
(0.7301)
(-0.5348)
G2(2.0449)
(-0.0724)
(-1.0690)
G3(-0.2379)
(0.3033)
(-0.6577)
G4(0.4358)
(-0.3688)
(0.5018)
A1(1.0299)
(9.3118)
(-0.0240)
A2(3.8786)
(6.2393)
(5.9951)
A3(1.3743)
(8.4036)
(-4.7501)
A4(6.2010)
(9.6247)
(-0.7470)
G1(0.9929)
(0.0511)
(-0.8322)
G2(0.3634)
(0.1783)
(-0.1346)
G3(0.0713)
(0.3001)
(-0.4789)
G4(-0.5917)
(1.0940)
(-0.2788)
A1(1.6957)
(10.6674)
(0.6802)
A2(5.0039)
(7.1491)
(5.2481)
A3(1.3024)
(8.1738)
(-4.3335)
A4(3.8690)
(11.5305)
(-1.4509)
G1(1.4426)
(0.1479)
(-1.0084)
G2(0.4315)
(0.1149)
(-0.0325)
G3(0.2336)
(-0.1250)
(-0.2144)
G4(0.3799)
(-0.3299)
(-0.3698)
A1(-3.2381)
(9.1107)
(-3.8272)
A2(3.8211)
(6.3111)
(3.5674)
A3(1.7526)
(9.6438)
(-4.5729)
A4(5.0470)
(9.8019)
(-4.9464)
G1(0.5731)
(-0.1101)
(-0.5002)
G2(1.3606)
(-0.5694)
(-0.2932)
G3(0.7269)
(-0.3624)
(-0.2847)
G4(0.3214)
(0.7093)
(-1.0823)
