A1(-0.4119)
(10.0303)
(-1.7627)
A2(2.4517)
(8.7053)
(2.6432)
A3(1.5993)
(8.8585)
(-6.4691)
A4(6.1435)
(10.1562)
(-3.8834)
G1(0.7471)
(1.3611)
(-0.1788)
G2(-0.0596)
(0.2522)
(-0.0639)
G3(0.0245)
(0.2059)
(-0.2331)
G4(0.3012)
(1.6325)
(-1.0962)
A1(3.3099)
(11.4003)
(-0.3449)
A2(2.0590)
(9.6582)
(3.3567)
A3(1.8914)
(8.9256)
(-4.1755)
A4(-6.3829)
(7.5274)
(-3.1747)
G1(0.9051)
(1.4708)
(-0.4523)
G2(-0.3730)
(0.9408)
(0.1767)
G3(-0.0357)
(0.5449)
(-0.4092)
G4(0.7104)
(5.8889)
(-3.9030)
A1(1.0251)
(10.3848)
(1.2263)
A2(4.8028)
(8.0397)
(4.4724)
A3(-2.1213)
(7.5274)
(-5.8658)
A4(13.4698)
(3.3854)
(-4.9991)
G1(1.5782)
(2.5903)
(-0.8157)
G2(-1.1754)
(2.0726)
(0.4353)
G3(-0.1314)
(-0.1788)
(-0.3145)
G4(0.8328)
(4.0323)
(-2.7335)
A1(-4.3494)
(-1.1975)
(13.5223)
A2(2.0830)
(8.8442)
(5.3630)
A3(-1.3168)
(14.5089)
(4.5873)
A4(-10.4770)
(5.8754)
(-11.2432)
G1(-6.2731)
(4.7135)
(-1.2739)
G2(-0.9780)
(2.9075)
(0.3225)
G3(0.8844)
(1.3149)
(-1.0898)
G4(0.1958)
(2.0971)
(-0.8657)
A1(9.7813)
(38.4496)
(-0.4359)
A2(3.1747)
(10.2041)
(8.3366)
A3(14.1593)
(27.7249)
(14.2072)
A4(7.1156)
(6.3446)
(-8.8346)
G1(-7.4937)
(2.0566)
(-2.0529)
G2(0.9551)
(2.9947)
(0.0399)
G3(3.0948)
(1.5272)
(-2.3817)
G4(0.0213)
(1.6368)
(-1.1100)
A1(1.7532)
(28.4289)
(12.3200)
A2(-20.0682)
(16.0268)
(-1.4844)
A3(1.8196)
(15.0787)
(-22.4337)
A4(-2.4421)
(12.6174)
(-4.9416)
G1(-9.6344)
(0.2336)
(-4.6485)
G2(0.9003)
(2.9123)
(0.0351)
G3(-1.4622)
(-0.2565)
(-0.2810)
G4(-0.8083)
(0.1788)
(-0.3464)
A1(5.7241)
(7.7168)
(2.2226)
A2(5.0805)
(8.0972)
(0.9050)
A3(12.3876)
(3.9456)
(-22.5199)
A4(-0.3879)
(7.6136)
(-2.5809)
G1(-6.0799)
(0.5433)
(-2.0561)
G2(0.8301)
(6.1837)
(0.7918)
G3(-8.6043)
(2.6606)
(3.8126)
G4(-0.3411)
(-0.5922)
(-0.1815)
A1(0.0766)
(-10.5285)
(14.6910)
A2(-1.4365)
(7.7285)
(7.4699)
A3(-0.4645)
(25.4982)
(5.7748)
A4(-4.5729)
(7.3119)
(-3.3232)
G1(-7.8588)
(-1.4676)
(-1.7139)
G2(0.5672)
(1.5814)
(-0.4140)
G3(-14.4580)
(8.2754)
(2.3221)
G4(1.0201)
(0.3586)
(0.3177)
A1(-3.1518)
(-0.0144)
(3.6835)
A2(3.3040)
(6.3015)
(5.2864)
A3(6.7181)
(17.0371)
(-13.8241)
A4(-1.3072)
(3.0071)
(-8.1977)
G1(-1.7597)
(0.2613)
(1.1206)
G2(0.2166)
(2.5291)
(-0.0394)
G3(-6.6200)
(-0.9413)
(1.2366)
G4(0.5582)
(0.0431)
(0.8854)
A1(1.1975)
(-1.6286)
(0.4407)
A2(-10.4579)
(8.1738)
(4.9656)
A3(-0.5028)
(2.5139)
(-25.5174)
A4(2.4134)
(8.9208)
(-10.6877)
G1(0.7178)
(-1.3808)
(1.9257)
G2(0.5390)
(-0.3815)
(0.1235)
G3(-4.5272)
(1.5474)
(2.0476)
G4(-0.0500)
(-0.7146)
(0.5949)
A1(-3.6835)
(-1.2981)
(5.7576)
A2(10.2472)
(12.0428)
(-1.8579)
A3(-1.5467)
(-7.3598)
(-18.5886)
A4(1.5562)
(9.3278)
(-6.0142)
G1(5.1748)
(-0.1825)
(2.7739)
G2(0.4278)
(-0.9003)
(0.1708)
G3(3.0948)
(0.2347)
(1.4729)
G4(-0.6832)
(0.4922)
(-0.5225)
A1(-4.2296)
(1.1065)
(7.4868)
A2(2.7773)
(9.6630)
(-0.9385)
A3(-1.1732)
(3.6392)
(-8.5617)
A4(5.0039)
(10.7595)
(-1.6185)
G1(5.5973)
(0.6614)
(3.4731)
G2(-0.5199)
(-1.1691)
(-0.2714)
G3(4.8241)
(-0.3741)
(1.6809)
G4(-0.8721)
(4.6842)
(-1.7746)
A1(-5.3313)
(6.1648)
(8.4496)
A2(-2.2075)
(8.0158)
(4.9321)
A3(0.7470)
(18.6413)
(3.7541)
A4(0.5986)
(9.8162)
(-0.7374)
G1(3.4917)
(1.1776)
(4.3585)
G2(0.0021)
(-0.4715)
(0.4406)
G3(6.5083)
(1.0461)
(1.5766)
G4(-0.0415)
(0.1506)
(0.0176)
A1(-10.9309)
(9.6376)
(6.6007)
A2(-1.1253)
(8.5138)
(7.5753)
A3(-3.2130)
(18.1672)
(3.0406)
A4(-1.3599)
(8.3893)
(-6.8953)
G1(2.5664)
(0.4496)
(2.3525)
G2(-0.2347)
(0.4592)
(0.5273)
G3(5.2546)
(3.6758)
(1.7294)
G4(0.0756)
(0.5816)
(0.0271)
A1(-2.8932)
(5.2643)
(13.7905)
A2(-1.8387)
(5.2912)
(2.7916)
A3(-11.4395)
(25.0194)
(5.7030)
A4(-1.7957)
(8.3701)
(-5.7365)
G1(2.6286)
(0.1437)
(2.0827)
G2(0.2315)
(-0.7279)
(0.3709)
G3(2.2067)
(2.3620)
(1.8752)
G4(-0.1501)
(-1.2978)
(0.7657)
A1(-4.5218)
(7.8509)
(-1.8537)
A2(1.2019)
(10.9463)
(4.5059)
A3(-9.8067)
(14.6286)
(0.9864)
A4(-0.9720)
(9.5098)
(-2.9497)
G1(3.4422)
(-0.3789)
(0.5358)
G2(-0.1309)
(-1.1994)
(0.5970)
G3(1.1185)
(1.3266)
(0.7125)
G4(0.0404)
(-0.7497)
(0.4417)
A1(-1.8681)
(13.5271)
(4.7469)
A2(1.0630)
(11.4299)
(2.8060)
A3(-8.5186)
(14.0540)
(-1.6376)
A4(2.0111)
(9.8114)
(-2.2505)
G1(0.9057)
(0.0814)
(0.1761)
G2(0.3033)
(-1.4309)
(-0.3544)
G3(0.4613)
(2.3312)
(-0.1815)
G4(0.3586)
(1.3042)
(-0.0644)
A1(1.6238)
(12.6409)
(1.7244)
A2(-0.9529)
(9.1411)
(5.3726)
A3(2.6097)
(19.5894)
(20.9062)
A4(1.9010)
(9.3901)
(-7.1826)
G1(-0.1916)
(-1.4543)
(1.6203)
G2(0.2889)
(-0.3171)
(0.1474)
G3(-2.8846)
(-4.3426)
(1.0312)
G4(0.0133)
(3.1714)
(-1.4144)
A1(-0.3976)
(10.4998)
(0.3736)
A2(-0.4741)
(6.2632)
(1.6520)
A3(3.9887)
(9.9838)
(11.1570)
A4(-2.7007)
(12.2535)
(-4.3814)
G1(0.4576)
(1.5782)
(-0.6077)
G2(-0.1463)
(1.2808)
(0.5044)
G3(-0.5087)
(-0.7732)
(0.1740)
G4(0.6375)
(6.1065)
(-3.1458)
A1(0.4503)
(8.3155)
(1.2310)
A2(9.0261)
(9.9407)
(4.8698)
A3(-0.9050)
(8.9687)
(-1.3599)
A4(3.2513)
(5.1667)
(-6.7469)
G1(-0.5726)
(-2.1652)
(0.6609)
G2(0.0889)
(2.1668)
(0.7359)
G3(0.2309)
(0.6279)
(-0.1224)
G4(2.1364)
(1.4740)
(0.1304)
