A1(-1.2215)
(9.3214)
(-1.9735)
A2(3.1939)
(8.4324)
(3.9456)
A3(-0.6273)
(7.7812)
(-5.8179)
A4(3.7589)
(9.1411)
(-2.2984)
G1(0.3480)
(0.0777)
(-0.0192)
G2(-0.0027)
(-0.2182)
(0.0048)
G3(-0.1596)
(0.0447)
(0.0021)
G4(0.0404)
(0.3006)
(-0.1043)
A1(-1.6526)
(9.9777)
(-0.9963)
A2(2.6719)
(9.0357)
(3.3136)
A3(-0.6512)
(8.2121)
(-5.1044)
A4(3.6248)
(10.0365)
(-2.5953)
G1(0.3001)
(1.1297)
(-0.1527)
G2(-0.1389)
(0.1921)
(-0.0734)
G3(-0.1926)
(0.1676)
(-0.0090)
G4(0.3049)
(0.6992)
(-0.2857)
A1(-0.2443)
(8.6987)
(-2.8932)
A2(3.3998)
(8.1211)
(3.5099)
A3(-0.2873)
(8.9112)
(-4.7740)
A4(8.6670)
(9.2895)
(-2.3511)
G1(0.2033)
(1.2797)
(-0.0106)
G2(-0.3097)
(0.2432)
(0.3762)
G3(-0.0628)
(0.6428)
(-0.2134)
G4(0.7476)
(1.8204)
(-0.9163)
A1(2.0453)
(7.5060)
(-0.9628)
A2(5.8371)
(7.8626)
(4.7501)
A3(-0.0814)
(8.2744)
(-5.2529)
A4(-5.9424)
(8.0254)
(0.8667)
G1(1.0589)
(0.3762)
(-0.4326)
G2(-0.6306)
(0.8982)
(0.6540)
G3(-0.0990)
(0.5279)
(-0.2038)
G4(2.0582)
(3.9041)
(-2.5265)
A1(0.7281)
(9.0915)
(-0.4742)
A2(3.7685)
(5.3439)
(4.6160)
A3(0.7614)
(8.6000)
(-2.4134)
A4(17.1856)
(6.9576)
(5.2768)
G1(0.5890)
(0.3235)
(-0.5220)
G2(-0.3682)
(2.2844)
(1.0451)
G3(0.0952)
(0.1788)
(-0.3203)
G4(2.1024)
(0.3996)
(1.8933)
A1(-3.1471)
(11.5632)
(7.0509)
A2(3.0502)
(6.7229)
(8.8729)
A3(0.7422)
(10.7739)
(-1.6664)
A4(4.8650)
(-4.4724)
(-10.2280)
G1(-1.3335)
(4.4777)
(-0.6492)
G2(0.1155)
(0.9088)
(-0.0995)
G3(0.9344)
(-0.1192)
(-0.7987)
G4(1.4426)
(1.0616)
(-0.3948)
A1(4.5505)
(24.8316)
(2.0022)
A2(8.1690)
(9.0022)
(13.4219)
A3(-4.2856)
(23.1902)
(13.5081)
A4(0.8906)
(4.7214)
(-9.0980)
G1(-6.9685)
(4.7661)
(-3.5135)
G2(-0.2772)
(-1.9656)
(-0.0601)
G3(3.6663)
(3.7381)
(-3.1267)
G4(0.0282)
(0.8679)
(-0.5694)
A1(-8.9095)
(22.8389)
(14.3318)
A2(8.0349)
(7.5417)
(3.7972)
A3(1.7765)
(18.8663)
(-18.9046)
A4(4.3910)
(11.1474)
(-2.7294)
G1(-9.1119)
(-0.1612)
(-5.5840)
G2(2.0103)
(3.2203)
(0.1591)
G3(-1.6644)
(0.0553)
(-3.1607)
G4(-0.6476)
(-0.6859)
(0.0553)
A1(2.5148)
(1.3364)
(7.5539)
A2(2.5426)
(11.6167)
(3.9456)
A3(-17.8799)
(16.1417)
(-18.8998)
A4(-3.1077)
(9.8114)
(-3.7062)
G1(-4.7294)
(-0.1612)
(-1.6671)
G2(1.8443)
(2.3844)
(-0.5640)
G3(-10.9918)
(-2.8841)
(4.5948)
G4(1.1706)
(1.4692)
(-1.6793)
A1(2.0789)
(4.8619)
(-1.9591)
A2(-2.3559)
(6.1148)
(6.3877)
A3(-5.4971)
(31.3880)
(-3.3758)
A4(-1.0774)
(7.5369)
(-7.1491)
G1(-5.7750)
(-0.3549)
(-1.3292)
G2(0.8950)
(2.2838)
(0.3592)
G3(-13.5189)
(4.5911)
(-0.8711)
G4(1.1855)
(0.3927)
(-0.9280)
A1(-4.0715)
(-1.1257)
(0.4982)
A2(-7.6902)
(11.0181)
(7.5753)
A3(14.7004)
(-2.6480)
(-16.6397)
A4(2.4804)
(0.8906)
(-10.3190)
G1(2.5685)
(0.7024)
(2.4786)
G2(-0.4725)
(2.7393)
(3.1416)
G3(-3.2720)
(-3.6120)
(2.8101)
G4(0.5800)
(0.3746)
(-0.1469)
A1(-4.1290)
(-2.8357)
(6.6725)
A2(0.5459)
(7.2401)
(-2.3415)
A3(3.4477)
(-0.8140)
(-10.2855)
A4(2.5953)
(7.4412)
(-10.1370)
G1(3.6540)
(-0.0585)
(3.4013)
G2(0.5960)
(-1.5995)
(-0.0766)
G3(3.8541)
(1.9534)
(1.4920)
G4(-0.4347)
(0.0314)
(-0.2432)
A1(-8.2149)
(5.7145)
(4.2536)
A2(2.9784)
(12.7755)
(4.4341)
A3(-5.7796)
(16.4003)
(6.4548)
A4(3.0837)
(13.1825)
(-8.0206)
G1(3.6705)
(1.2510)
(4.8422)
G2(0.5491)
(-1.2494)
(0.5869)
G3(8.2148)
(-0.1027)
(3.5050)
G4(-0.0851)
(-0.2884)
(0.1788)
A1(-10.3417)
(13.6229)
(13.6708)
A2(-5.2625)
(10.2999)
(2.6719)
A3(-3.7685)
(12.7467)
(-1.3743)
A4(3.1843)
(33.5236)
(0.3879)
G1(4.0297)
(-0.1043)
(3.3704)
G2(0.5635)
(1.1531)
(0.2682)
G3(5.2349)
(3.7998)
(1.2201)
G4(-0.6167)
(-0.0154)
(-0.5087)
A1(-7.5587)
(7.8700)
(4.1338)
A2(-2.9305)
(11.9710)
(2.1596)
A3(-3.6823)
(16.8983)
(-3.6057)
A4(0.3352)
(11.7364)
(-4.5969)
G1(2.0433)
(1.4521)
(1.3319)
G2(1.4516)
(0.9418)
(0.3986)
G3(1.0131)
(2.5318)
(1.0781)
G4(-0.1357)
(1.0733)
(0.3826)
A1(-12.0805)
(7.0797)
(10.3225)
A2(-12.0285)
(4.8123)
(4.0558)
A3(-5.8323)
(6.9911)
(-4.5298)
A4(-1.9297)
(5.2002)
(-8.5521)
G1(-5.3829)
(0.1277)
(-1.8087)
G2(1.3404)
(1.5905)
(-0.4555)
G3(0.7290)
(1.7991)
(0.3602)
G4(-0.1495)
(-0.1830)
(0.5284)
A1(-21.8330)
(8.0329)
(5.9157)
A2(-2.8156)
(5.0996)
(1.4557)
A3(11.9088)
(-6.5936)
(-12.7372)
A4(2.2841)
(10.4866)
(-3.1268)
G1(-1.0717)
(2.4030)
(-1.6884)
G2(0.9009)
(-1.2813)
(0.6662)
G3(4.8252)
(5.9714)
(0.6050)
G4(-0.0250)
(0.3964)
(0.1687)
A1(4.7230)
(9.7190)
(3.7075)
A2(4.6591)
(11.7172)
(2.3990)
A3(-11.2336)
(7.6519)
(-3.2082)
A4(-2.3655)
(9.6582)
(-4.6064)
G1(0.3320)
(-0.4305)
(0.1112)
G2(0.4108)
(-1.1909)
(1.4564)
G3(0.8354)
(0.7577)
(0.1080)
G4(0.9402)
(4.6214)
(-2.9479)
A1(-1.6574)
(11.1512)
(1.0155)
A2(8.5521)
(8.2791)
(-0.5698)
A3(1.4078)
(9.9359)
(-1.4413)
A4(5.9807)
(3.1220)
(-6.0621)
G1(1.7879)
(0.9903)
(-0.4592)
G2(-1.1983)
(2.8628)
(-0.3948)
G3(-0.3650)
(-0.9802)
(0.3421)
G4(1.0115)
(1.2638)
(-1.4128)
A1(0.4407)
(10.6626)
(2.5531)
A2(3.1029)
(8.3031)
(0.9864)
A3(0.6560)
(10.6877)
(-1.2450)
A4(20.9541)
(24.5358)
(-3.9265)
G1(0.1330)
(-0.1868)
(0.0527)
G2(-0.2325)
(3.5726)
(-0.8429)
G3(0.1277)
(1.2122)
(-0.3379)
G4(-0.6013)
(-1.6788)
(1.8544)
