A1(-1.7196)
(8.6508)
(8.7227)
A2(1.7334)
(9.6534)
(0.9720)
A3(0.5555)
(8.4755)
(-0.4884)
A4(1.0726)
(9.7636)
(-1.6137)
G1(-0.5672)
(-0.5678)
(0.3251)
G2(0.3124)
(-1.8448)
(-0.0314)
G3(0.4459)
(-2.0178)
(1.9268)
G4(0.4092)
(-0.5646)
(0.5433)
A1(-0.8478)
(10.4519)
(14.6958)
A2(-2.9401)
(8.4036)
(-1.0008)
A3(3.7781)
(5.4971)
(-0.1724)
A4(-0.6752)
(21.6292)
(7.0054)
G1(0.4390)
(-0.5545)
(-0.1314)
G2(1.4048)
(-1.4931)
(0.0436)
G3(0.6290)
(-0.4986)
(1.6958)
G4(2.1290)
(-1.3478)
(0.9509)
A1(16.0179)
(15.1269)
(-2.5483)
A2(-2.2984)
(7.9535)
(0.3112)
A3(-2.2122)
(5.3582)
(-1.2258)
A4(6.6990)
(36.9952)
(7.1012)
G1(0.9104)
(-1.7491)
(-0.4709)
G2(0.5885)
(-1.3457)
(0.4496)
G3(1.1153)
(0.8908)
(0.9759)
G4(3.7918)
(-3.0639)
(2.2439)
A1(5.9588)
(13.6899)
(2.8405)
A2(0.3639)
(9.6965)
(5.2481)
A3(3.4812)
(12.8281)
(-20.4992)
A4(-5.4827)
(24.3921)
(-34.9027)
G1(0.4007)
(-1.7773)
(-0.0660)
G2(-0.9248)
(-1.6559)
(0.5805)
G3(0.3310)
(-1.4144)
(0.9977)
G4(-2.7750)
(0.8503)
(1.4846)
A1(3.8656)
(7.0414)
(4.4691)
A2(-1.8818)
(41.9512)
(8.1068)
A3(-0.1101)
(19.1105)
(0.6895)
A4(7.5465)
(3.5434)
(-18.2821)
G1(-0.1086)
(-2.9639)
(-0.1229)
G2(-7.1335)
(-3.9169)
(1.8124)
G3(-0.0665)
(-1.2068)
(0.2480)
G4(-11.4654)
(2.0619)
(1.9944)
A1(-3.5686)
(2.7064)
(1.1304)
A2(3.0742)
(7.3550)
(16.6541)
A3(-1.2067)
(14.7626)
(0.2298)
A4(-5.9999)
(13.8433)
(-3.1891)
G1(-0.6699)
(-2.4929)
(-0.1687)
G2(-7.7061)
(-3.5210)
(4.0313)
G3(0.5917)
(-1.3936)
(0.2959)
G4(-14.1654)
(-1.4936)
(4.4889)
A1(-0.6419)
(12.7415)
(2.4765)
A2(5.6455)
(8.2552)
(5.0039)
A3(2.1739)
(12.7946)
(0.2490)
A4(-6.1818)
(42.1810)
(-0.8763)
G1(-0.5688)
(-3.0139)
(-2.6723)
G2(-6.8744)
(-0.5146)
(4.0808)
G3(0.2751)
(-0.9658)
(0.8732)
G4(-4.5719)
(0.2990)
(5.1604)
A1(-1.3604)
(9.4172)
(-3.3674)
A2(0.4549)
(-6.4308)
(-6.1627)
A3(3.9552)
(7.5274)
(-6.6750)
A4(-6.9719)
(-1.2354)
(-10.2185)
G1(1.0163)
(0.5114)
(-0.4539)
G2(-3.2395)
(0.7003)
(1.5171)
G3(1.4819)
(-1.4904)
(0.8700)
G4(-1.3345)
(4.2888)
(-3.7823)
A1(-1.6717)
(12.7319)
(4.1434)
A2(9.0261)
(-6.7229)
(13.4650)
A3(5.6312)
(-5.6790)
(-6.8857)
A4(-2.7294)
(-10.0078)
(-14.0109)
G1(0.4017)
(0.5651)
(0.3257)
G2(-4.7965)
(0.2485)
(1.5484)
G3(1.1228)
(-1.3271)
(1.7123)
G4(2.1955)
(-1.9082)
(-3.2235)
A1(4.1865)
(12.5355)
(8.6412)
A2(5.9616)
(-1.5419)
(4.3048)
A3(7.0485)
(3.7350)
(-11.0612)
A4(5.0566)
(9.2991)
(-2.3415)
G1(0.3342)
(0.2155)
(-0.9881)
G2(-1.4160)
(1.9747)
(-0.9743)
G3(0.2400)
(-0.4997)
(1.1978)
G4(5.1838)
(-1.4356)
(-5.4962)
A1(-5.3696)
(14.4228)
(5.7337)
A2(4.1611)
(-2.1739)
(5.9233)
A3(7.5609)
(49.6701)
(-0.9720)
A4(8.9735)
(13.4363)
(0.9673)
G1(-1.2861)
(-2.9697)
(-1.0062)
G2(4.0010)
(0.7588)
(-3.0847)
G3(-1.3266)
(2.8170)
(-0.0165)
G4(4.4394)
(-4.6017)
(-3.0506)
A1(3.8320)
(8.7418)
(0.0910)
A2(12.6174)
(-0.6847)
(10.6350)
A3(-1.9968)
(5.6360)
(-11.0947)
A4(8.3414)
(18.2151)
(-1.4844)
G1(0.4640)
(-0.1325)
(-0.3544)
G2(4.7464)
(-0.5071)
(-3.6402)
G3(-0.0043)
(0.1112)
(0.7774)
G4(1.5596)
(-0.8971)
(-2.0146)
A1(4.7182)
(11.6829)
(4.9769)
A2(10.3334)
(-4.4053)
(10.6925)
A3(6.4883)
(9.5720)
(-6.2106)
A4(16.1944)
(15.2750)
(-3.9313)
G1(0.8386)
(1.3532)
(-0.2347)
G2(3.5699)
(-2.4568)
(-4.1297)
G3(0.2006)
(0.0915)
(-0.0138)
G4(0.2687)
(-1.1350)
(-1.1925)
A1(2.7830)
(9.8004)
(2.2130)
A2(11.8992)
(9.6247)
(14.7196)
A3(3.3662)
(7.3646)
(-8.8250)
A4(17.6836)
(12.0333)
(5.7988)
G1(0.8104)
(0.1852)
(-0.5976)
G2(3.0134)
(5.3504)
(-2.7122)
G3(0.2214)
(-0.1043)
(-0.3831)
G4(-0.3246)
(0.7168)
(-0.4927)
A1(3.7841)
(10.8542)
(0.3880)
A2(13.5129)
(8.8155)
(8.1738)
A3(3.3567)
(7.1204)
(-7.5274)
A4(-4.3766)
(9.9264)
(5.1332)
G1(1.4388)
(0.1383)
(-0.8657)
G2(4.6459)
(-0.0995)
(-1.2499)
G3(-0.0149)
(-0.1900)
(-0.0952)
G4(0.2288)
(2.1604)
(-0.1176)
A1(0.1772)
(8.8185)
(-1.5759)
A2(2.8156)
(6.1627)
(4.9464)
A3(4.0989)
(6.8618)
(-7.9823)
A4(10.0844)
(11.3150)
(2.9497)
G1(1.6139)
(0.6321)
(-0.9163)
G2(2.3163)
(-0.6747)
(0.2235)
G3(-0.0835)
(-0.1479)
(-0.3842)
G4(0.4358)
(2.7941)
(-1.8661)
A1(-2.5531)
(9.0149)
(0.9245)
A2(5.0709)
(9.8450)
(7.9200)
A3(-1.3551)
(9.3661)
(-6.7900)
A4(-1.4700)
(9.0166)
(-2.7438)
G1(-0.0351)
(-0.7338)
(-0.6380)
G2(0.3964)
(2.5451)
(-0.5161)
G3(0.0223)
(-0.4693)
(-0.4773)
G4(0.2256)
(-1.1818)
(-0.1761)
A1(-3.4488)
(5.9444)
(-0.5461)
A2(6.8618)
(9.2991)
(0.8906)
A3(3.3279)
(5.3678)
(-7.2018)
A4(4.8363)
(9.3039)
(-0.9864)
G1(-0.0974)
(-1.0946)
(-0.5204)
G2(0.0165)
(-0.2554)
(-0.1607)
G3(0.4076)
(-0.9094)
(-0.0788)
G4(0.3810)
(0.2033)
(-0.6699)
A1(-1.8298)
(6.4666)
(-1.0346)
A2(0.8188)
(10.1035)
(1.8579)
A3(1.1109)
(6.1914)
(-6.3494)
A4(1.8387)
(9.0692)
(-0.9529)
G1(-0.7359)
(-1.5117)
(-0.5486)
G2(0.5981)
(-1.5426)
(-0.4693)
G3(0.1639)
(-1.4543)
(0.0367)
G4(0.0330)
(-0.4890)
(-0.4432)
A1(-3.7458)
(8.9382)
(-1.3556)
A2(3.0502)
(8.5521)
(0.8906)
A3(0.6225)
(5.2672)
(-7.8817)
A4(1.8627)
(9.0070)
(-1.9201)
G1(0.6348)
(-1.0962)
(-0.3352)
G2(0.3336)
(0.2065)
(-0.5247)
G3(0.0059)
(-0.6311)
(0.2448)
G4(0.2905)
(-0.8439)
(-0.3049)
