A1(2.3519)
(9.5034)
(0.7377)
A2(5.2912)
(6.4212)
(5.4109)
A3(-1.4700)
(8.2648)
(-7.1491)
A4(-3.7685)
(7.9104)
(-2.3846)
G1(0.7173)
(2.6105)
(-0.2916)
G2(0.1298)
(0.5896)
(0.4954)
G3(-0.1288)
(0.1075)
(-0.4363)
G4(1.6096)
(2.5898)
(-2.3211)
A1(2.6728)
(9.8531)
(-1.1640)
A2(7.0868)
(6.9288)
(6.7708)
A3(1.7286)
(8.8155)
(-6.6224)
A4(-1.7861)
(3.3567)
(-7.0437)
G1(1.5554)
(2.0822)
(-0.4044)
G2(-0.7343)
(1.1041)
(1.0270)
G3(0.1389)
(0.9679)
(-1.0185)
G4(1.1717)
(4.7534)
(-4.6581)
A1(2.0932)
(11.1752)
(3.0800)
A2(4.2952)
(6.4691)
(6.2584)
A3(1.8627)
(7.2305)
(-6.4643)
A4(4.9512)
(-0.9720)
(-4.5250)
G1(1.6905)
(2.3035)
(-1.0504)
G2(-0.9849)
(2.1221)
(1.5963)
G3(0.2075)
(1.5192)
(-1.4628)
G4(1.8044)
(3.4832)
(-3.6093)
A1(-6.9791)
(6.9168)
(8.9622)
A2(2.7773)
(4.8459)
(5.0326)
A3(0.8523)
(10.1706)
(-4.2760)
A4(-0.2346)
(7.6327)
(-14.6908)
G1(-2.3807)
(3.4108)
(-1.7831)
G2(-0.3938)
(1.6006)
(0.6763)
G3(0.2602)
(0.7545)
(-1.0312)
G4(-1.6522)
(-0.2410)
(-0.4299)
A1(-4.0236)
(5.3265)
(11.1416)
A2(2.3032)
(6.2776)
(9.1411)
A3(-2.6959)
(22.5342)
(8.4084)
A4(-7.0294)
(8.6957)
(-9.4954)
G1(-7.4810)
(5.1849)
(-0.0053)
G2(0.1719)
(2.7100)
(0.3847)
G3(1.7081)
(1.1355)
(-1.5171)
G4(-0.2347)
(-0.9376)
(-0.4470)
A1(-14.6384)
(21.7420)
(14.1019)
A2(-3.5434)
(13.5368)
(11.7651)
A3(-3.2944)
(21.7729)
(-7.1251)
A4(-6.2680)
(17.8799)
(1.0151)
G1(-9.3811)
(1.5522)
(-6.4162)
G2(2.8692)
(-1.5304)
(-0.3608)
G3(2.5360)
(4.1340)
(-5.0077)
G4(-0.4411)
(0.0144)
(0.2251)
A1(0.3688)
(23.2221)
(-0.0335)
A2(-5.9759)
(9.3996)
(0.5267)
A3(29.8413)
(14.2072)
(-30.6075)
A4(-0.8428)
(7.2401)
(-3.0646)
G1(-7.6353)
(-0.9365)
(-2.6898)
G2(2.5541)
(3.0405)
(0.7652)
G3(-5.6553)
(1.5139)
(1.2600)
G4(-0.2038)
(-0.7460)
(0.1910)
A1(3.7746)
(-1.3556)
(1.0203)
A2(2.3607)
(16.6397)
(8.1355)
A3(-12.5935)
(8.6479)
(-29.6546)
A4(4.9081)
(4.8507)
(-2.9832)
G1(-4.9737)
(1.0733)
(-2.3248)
G2(2.2311)
(9.3364)
(-0.2331)
G3(-14.4458)
(-5.4616)
(2.1497)
G4(0.1171)
(1.7491)
(-1.1446)
A1(-11.2279)
(-19.3853)
(11.3668)
A2(8.3845)
(3.4046)
(2.7198)
A3(-6.9432)
(6.0813)
(0.1341)
A4(1.3647)
(8.1068)
(-3.0119)
G1(-5.3360)
(-2.4818)
(-3.8296)
G2(0.5795)
(0.3975)
(0.6683)
G3(-17.2474)
(5.5366)
(2.7132)
G4(0.6588)
(2.4078)
(-1.1925)
A1(-4.9337)
(-5.5038)
(-7.5156)
A2(-7.9679)
(5.4731)
(5.4396)
A3(-7.8961)
(24.9955)
(-1.9441)
A4(-1.5610)
(11.6598)
(-5.3917)
G1(-13.9658)
(-2.9729)
(-3.0815)
G2(-0.0346)
(0.3379)
(-1.3606)
G3(-15.0290)
(2.7287)
(-3.1405)
G4(1.2010)
(2.0997)
(-0.7928)
A1(-6.4091)
(12.3056)
(-4.9673)
A2(5.3439)
(3.9025)
(4.3191)
A3(20.0059)
(31.3497)
(-6.8953)
A4(-8.1642)
(8.5569)
(-9.9742)
G1(-3.8615)
(-0.8652)
(1.3058)
G2(-0.3970)
(4.5762)
(-0.0011)
G3(-8.2733)
(-2.1178)
(-1.3223)
G4(0.3735)
(3.3363)
(-0.5614)
A1(3.1375)
(-8.3155)
(1.1448)
A2(-1.8387)
(10.5776)
(4.7262)
A3(-4.3766)
(17.0467)
(-22.4528)
A4(0.9002)
(-5.2768)
(-12.8569)
G1(-0.4252)
(-0.5502)
(1.6240)
G2(-0.0176)
(2.6478)
(0.9312)
G3(-3.1240)
(0.4938)
(0.3384)
G4(-0.0463)
(0.5678)
(0.2953)
A1(-2.8884)
(-0.9149)
(1.9783)
A2(-14.5807)
(9.0884)
(9.8450)
A3(30.4878)
(-9.8402)
(-30.4351)
A4(-0.4741)
(-1.0104)
(-15.0116)
G1(1.2670)
(-0.7253)
(2.8878)
G2(-0.3709)
(6.1033)
(1.7028)
G3(-3.5093)
(0.0410)
(2.7606)
G4(0.7231)
(-0.3890)
(0.1490)
A1(-1.8154)
(1.9016)
(1.8585)
A2(17.3963)
(10.9032)
(-2.7390)
A3(-17.9661)
(-7.2592)
(-17.3005)
A4(-1.6376)
(8.5521)
(-2.9975)
G1(4.0797)
(1.2281)
(3.7870)
G2(-0.1075)
(4.3756)
(-0.5582)
G3(1.2648)
(-0.3491)
(2.5568)
G4(-0.0186)
(1.2185)
(-1.9954)
A1(-2.7686)
(-0.4455)
(4.9912)
A2(-0.5602)
(9.2991)
(1.4174)
A3(5.4636)
(-1.3743)
(-17.5639)
A4(15.4905)
(-0.4310)
(-0.2442)
G1(3.8541)
(0.9301)
(4.3740)
G2(0.2985)
(-1.8980)
(0.7913)
G3(4.1452)
(1.8395)
(1.8810)
G4(-0.3948)
(1.8555)
(-0.9525)
A1(-19.6583)
(0.5556)
(6.8354)
A2(7.1730)
(12.5648)
(1.8579)
A3(-1.3695)
(15.7108)
(0.5938)
A4(13.7044)
(23.6212)
(-2.2649)
G1(2.3785)
(0.5028)
(4.6842)
G2(1.0520)
(0.4363)
(0.4284)
G3(6.3939)
(1.1802)
(3.3018)
G4(-0.2836)
(2.1939)
(-1.3457)
A1(1.9256)
(6.7779)
(10.2315)
A2(-3.1268)
(5.9424)
(3.3423)
A3(-6.3207)
(23.9660)
(7.2688)
A4(-9.0692)
(3.7781)
(-5.7844)
G1(2.5164)
(0.1836)
(3.7844)
G2(0.7620)
(-0.5704)
(1.0376)
G3(7.3857)
(2.2689)
(3.7141)
G4(-0.5922)
(-2.2306)
(-0.3161)
A1(-11.2949)
(11.2805)
(6.3612)
A2(0.0766)
(13.3549)
(7.4124)
A3(-6.4117)
(24.7848)
(6.3877)
A4(2.7821)
(8.5665)
(-9.8162)
G1(2.3881)
(-1.8273)
(3.8461)
G2(-0.0117)
(-0.3225)
(0.9535)
G3(7.7140)
(2.3525)
(3.4316)
G4(0.3081)
(1.1659)
(-0.3640)
A1(-13.6325)
(9.3885)
(9.3214)
A2(-6.0382)
(9.6247)
(9.8402)
A3(-10.6877)
(15.2846)
(-0.0670)
A4(-3.0263)
(8.1307)
(-7.0533)
G1(2.8276)
(-1.3654)
(2.0758)
G2(-1.0919)
(1.3090)
(0.0277)
G3(5.4142)
(0.4129)
(2.6691)
G4(0.0181)
(0.7311)
(-0.0341)
A1(-6.3420)
(9.4412)
(5.8486)
A2(2.0303)
(10.7212)
(0.4405)
A3(-11.7890)
(21.5047)
(-2.3463)
A4(-1.3024)
(7.1730)
(-7.9344)
G1(2.1008)
(-0.2246)
(1.1781)
G2(0.2065)
(2.7319)
(-0.0239)
G3(2.8069)
(1.0887)
(0.8290)
G4(-0.0942)
(-0.3922)
(0.3363)
