A1(4.5218)
(7.0797)
(-2.3375)
A2(6.8235)
(5.6599)
(3.8020)
A3(0.0239)
(6.4548)
(-8.3558)
A4(1.1971)
(3.1939)
(-3.8595)
G1(1.0546)
(2.5749)
(-0.4571)
G2(-0.4284)
(1.6469)
(1.1909)
G3(-0.1639)
(1.1185)
(-1.0727)
G4(2.1428)
(3.4119)
(-3.3635)
A1(1.4514)
(9.2112)
(1.0778)
A2(4.7645)
(6.3734)
(8.2552)
A3(-1.2498)
(9.3326)
(-6.4500)
A4(2.2027)
(-3.2322)
(-7.5369)
G1(2.3636)
(2.0162)
(-0.7141)
G2(-1.1696)
(1.3787)
(0.9631)
G3(-0.1639)
(1.5181)
(-1.3766)
G4(1.6176)
(2.2450)
(-2.5829)
A1(-10.3513)
(2.7974)
(9.6184)
A2(1.8531)
(6.7852)
(7.5513)
A3(0.1197)
(16.2040)
(0.9673)
A4(-0.3448)
(2.8347)
(-9.6438)
G1(-6.8685)
(5.4302)
(-1.1882)
G2(-0.6577)
(2.8511)
(0.1809)
G3(0.9519)
(1.1228)
(-1.9976)
G4(0.2586)
(-0.7418)
(0.1650)
A1(11.4434)
(30.0000)
(-2.5100)
A2(6.3638)
(7.3741)
(2.6815)
A3(1.9728)
(30.2292)
(15.9214)
A4(-1.0822)
(5.5019)
(-15.0595)
G1(-6.6950)
(5.5957)
(-1.3313)
G2(1.3196)
(2.3769)
(-0.3927)
G3(3.8057)
(3.8626)
(-3.5114)
G4(-0.6284)
(2.5983)
(-1.8565)
A1(-3.5494)
(26.3596)
(11.4913)
A2(-12.4355)
(17.0515)
(-0.7997)
A3(27.3561)
(9.2703)
(-25.5605)
A4(-4.0654)
(14.5041)
(-3.9552)
G1(-8.8357)
(-0.1250)
(-5.3046)
G2(0.5332)
(1.8970)
(-0.2299)
G3(0.0000)
(2.1875)
(1.3260)
G4(-1.3085)
(0.6284)
(-0.6002)
A1(5.9109)
(12.0326)
(-2.8453)
A2(2.4421)
(20.0155)
(6.2584)
A3(-13.8337)
(0.5650)
(-34.7782)
A4(3.2944)
(7.7716)
(-0.4022)
G1(-5.6585)
(0.3485)
(-3.2810)
G2(1.6240)
(7.2798)
(1.0946)
G3(-10.0532)
(-6.1236)
(2.5722)
G4(-1.6336)
(0.1575)
(-1.2654)
A1(-12.2386)
(-8.9957)
(15.2611)
A2(-1.0822)
(10.4627)
(9.2703)
A3(15.7060)
(26.0968)
(8.9112)
A4(-4.9177)
(2.5331)
(-4.1180)
G1(-6.4503)
(0.0303)
(-3.1890)
G2(1.1754)
(1.3877)
(-0.7487)
G3(-14.5974)
(3.2597)
(0.5593)
G4(0.5257)
(2.4945)
(-0.8173)
A1(1.3077)
(6.2654)
(2.1699)
A2(-3.9840)
(3.2944)
(1.4796)
A3(-17.0132)
(33.0065)
(-5.7461)
A4(-2.5905)
(10.0796)
(-2.0063)
G1(-7.6523)
(-2.0087)
(0.0309)
G2(0.9631)
(5.2509)
(-0.8812)
G3(-13.3055)
(8.3430)
(-2.4307)
G4(1.4846)
(1.4585)
(0.8205)
A1(-10.1166)
(8.2916)
(2.2513)
A2(2.0638)
(-1.5275)
(5.8658)
A3(16.1273)
(29.1279)
(-3.8020)
A4(-8.9639)
(13.0292)
(-4.4436)
G1(-3.4316)
(-1.2616)
(0.9599)
G2(-0.5114)
(2.4653)
(0.4656)
G3(-7.2447)
(-2.7228)
(0.2948)
G4(1.2451)
(0.8791)
(0.6311)
A1(-1.3556)
(0.8670)
(1.3460)
A2(-12.3684)
(6.1387)
(7.5705)
A3(10.3621)
(-5.3391)
(-17.4681)
A4(1.4940)
(3.2370)
(-13.3166)
G1(3.2086)
(-0.4007)
(2.5850)
G2(0.4358)
(4.5304)
(0.5177)
G3(-2.8197)
(-1.3957)
(3.4380)
G4(0.4555)
(-1.1935)
(0.6061)
A1(-2.6824)
(-2.2801)
(3.4536)
A2(11.5257)
(9.4571)
(0.2921)
A3(-7.1539)
(-3.7062)
(-16.8839)
A4(-1.0774)
(0.5124)
(-14.7770)
G1(4.7933)
(0.1101)
(3.2081)
G2(-0.6758)
(0.5704)
(-0.7061)
G3(2.6515)
(0.4927)
(1.7767)
G4(-0.8828)
(0.5853)
(-1.2345)
A1(-11.7500)
(4.8236)
(13.5127)
A2(5.6264)
(12.0428)
(-1.4174)
A3(1.9058)
(17.7793)
(-3.0454)
A4(2.1979)
(35.9849)
(1.4700)
G1(5.5718)
(0.5896)
(4.8965)
G2(-0.1240)
(-0.4986)
(-0.1437)
G3(6.6844)
(0.2645)
(3.2044)
G4(-0.1117)
(1.5660)
(-0.6087)
A1(-8.8951)
(1.1927)
(9.1250)
A2(0.3591)
(11.8561)
(2.5666)
A3(0.7278)
(14.4562)
(-2.2841)
A4(-6.1339)
(-5.1715)
(-6.8043)
G1(3.6024)
(1.8193)
(4.0967)
G2(1.2531)
(-0.1921)
(0.8173)
G3(6.6940)
(0.5438)
(2.8936)
G4(0.4252)
(-0.0484)
(0.2975)
A1(0.9676)
(11.5967)
(9.8196)
A2(-1.3264)
(7.1491)
(6.2537)
A3(-1.8818)
(27.7871)
(2.9497)
A4(3.1077)
(13.1250)
(-5.3582)
G1(2.7148)
(0.5108)
(5.4994)
G2(0.4422)
(0.5103)
(1.4058)
G3(7.6635)
(1.7432)
(2.6590)
G4(0.2049)
(0.2208)
(0.1373)
A1(-8.3059)
(8.5502)
(5.8247)
A2(-3.8930)
(1.0247)
(-5.7748)
A3(-12.0716)
(19.3835)
(0.5986)
A4(-7.0150)
(7.0342)
(-9.9982)
G1(3.1017)
(0.2692)
(1.1754)
G2(0.3070)
(0.6779)
(-0.0106)
G3(3.2124)
(1.4654)
(1.4394)
G4(0.6444)
(-0.7785)
(0.7152)
A1(-9.7669)
(19.1170)
(11.3955)
A2(8.8633)
(14.6238)
(9.5146)
A3(-12.2296)
(26.3219)
(0.1676)
A4(1.9489)
(9.5481)
(-7.9152)
G1(3.8339)
(-0.1666)
(1.0717)
G2(-0.1149)
(-0.9541)
(0.7136)
G3(-0.1415)
(2.1370)
(0.3400)
G4(0.3922)
(0.0059)
(0.5624)
A1(8.6796)
(5.0200)
(4.1386)
A2(5.6647)
(12.5935)
(6.0478)
A3(-27.1838)
(28.5437)
(68.5604)
A4(2.0494)
(7.0485)
(-7.2161)
G1(-2.6031)
(-0.3719)
(0.0090)
G2(-0.2027)
(0.2363)
(0.0415)
G3(1.0786)
(1.0967)
(0.8562)
G4(-0.6045)
(1.1015)
(-0.0511)
A1(-1.2406)
(8.8999)
(-1.7244)
A2(-5.1427)
(11.5161)
(3.5003)
A3(0.5267)
(0.6225)
(8.7532)
A4(-0.3256)
(7.3502)
(-5.3199)
G1(-0.6098)
(-3.1634)
(0.3187)
G2(0.8062)
(-1.7959)
(-1.1153)
G3(3.5471)
(-0.6880)
(-0.9504)
G4(-0.5130)
(0.4480)
(-0.1032)
A1(-1.1448)
(11.2853)
(3.8272)
A2(4.3096)
(7.4986)
(0.6033)
A3(-3.0071)
(-0.5555)
(-5.8371)
A4(0.5267)
(8.9447)
(-2.4517)
G1(1.2702)
(1.7528)
(0.2208)
G2(1.1935)
(0.3230)
(0.6311)
G3(0.8147)
(2.3849)
(-1.2569)
G4(0.2990)
(0.5901)
(0.2937)
A1(-0.7329)
(11.7548)
(3.7410)
A2(-2.4756)
(9.6774)
(3.1173)
A3(2.3224)
(5.1284)
(-2.5618)
A4(-0.4932)
(8.2217)
(-5.8706)
G1(1.1249)
(0.2506)
(1.7038)
G2(0.9887)
(1.1871)
(0.4927)
G3(0.5539)
(2.9309)
(-1.0307)
G4(0.7487)
(0.7040)
(0.3533)
