A1(2.6728)
(10.1932)
(-0.1054)
A2(6.9959)
(7.8434)
(2.9257)
A3(1.1923)
(7.4986)
(-6.1627)
A4(-3.5386)
(7.1922)
(-1.2881)
G1(1.5229)
(1.8964)
(-0.1399)
G2(-0.1282)
(1.4702)
(0.5869)
G3(-0.1250)
(0.5454)
(-0.7370)
G4(1.4952)
(3.5604)
(-3.4438)
A1(3.8895)
(8.9286)
(2.2609)
A2(0.2586)
(7.5848)
(6.8522)
A3(-2.4612)
(7.4843)
(-8.5712)
A4(1.9345)
(15.1026)
(-9.4332)
G1(1.5655)
(3.2235)
(-1.2233)
G2(-0.2203)
(1.3670)
(1.2334)
G3(-0.6635)
(0.9732)
(-1.1824)
G4(-0.2203)
(-1.5516)
(-0.2767)
A1(-7.5635)
(10.7920)
(9.7525)
A2(1.2402)
(4.0654)
(6.9336)
A3(-4.4245)
(10.5153)
(-2.1548)
A4(-11.5257)
(5.4253)
(-8.1738)
G1(-2.4706)
(4.0105)
(-0.6146)
G2(0.0165)
(2.5605)
(0.5805)
G3(-0.3453)
(0.9738)
(-1.2446)
G4(0.0889)
(-6.4487)
(1.5208)
A1(0.8814)
(23.4281)
(5.4798)
A2(11.2671)
(7.2736)
(15.9550)
A3(-8.1163)
(27.6722)
(15.7060)
A4(-5.6168)
(3.9456)
(-11.2144)
G1(-9.7424)
(4.6523)
(-2.8276)
G2(0.7359)
(-2.0965)
(-0.5954)
G3(3.5598)
(5.0737)
(-3.1533)
G4(-0.7955)
(1.4058)
(-1.0334)
A1(-1.1592)
(28.6492)
(2.8213)
A2(-2.9449)
(12.1913)
(3.8786)
A3(18.8615)
(9.7588)
(-24.0330)
A4(1.9776)
(15.2846)
(-4.1372)
G1(-7.1995)
(0.0968)
(-3.9350)
G2(1.8294)
(5.5909)
(0.4257)
G3(-3.8701)
(-2.3275)
(3.4401)
G4(-1.3851)
(-0.1788)
(-0.0223)
A1(4.0859)
(5.7480)
(-0.3928)
A2(1.4365)
(10.8745)
(1.3838)
A3(-29.5923)
(11.7172)
(-31.1438)
A4(5.2672)
(14.4418)
(6.1196)
G1(-5.7170)
(0.1304)
(-2.2955)
G2(1.8528)
(4.8683)
(0.9333)
G3(-7.8119)
(-4.6831)
(3.5311)
G4(-0.6588)
(4.0712)
(-1.8257)
A1(16.4394)
(-13.1055)
(4.2344)
A2(0.6560)
(12.9574)
(4.4819)
A3(-11.7890)
(25.5461)
(-11.1139)
A4(5.1092)
(3.4572)
(0.5076)
G1(-7.9982)
(-2.7968)
(-2.6712)
G2(1.4330)
(0.5545)
(-1.4484)
G3(-13.9302)
(1.6421)
(-0.7226)
G4(2.2833)
(3.1948)
(-1.5309)
A1(-10.0926)
(12.0230)
(-0.4263)
A2(2.5762)
(5.7317)
(18.2007)
A3(34.9649)
(31.2539)
(19.5846)
A4(-12.1099)
(-1.2833)
(8.7484)
G1(-5.2786)
(-3.2443)
(0.0788)
G2(-0.6827)
(3.6173)
(-0.1107)
G3(-10.8386)
(2.2833)
(-2.9064)
G4(0.3831)
(-1.8746)
(0.8817)
A1(-0.4024)
(-6.3276)
(1.5711)
A2(-5.2720)
(0.7614)
(3.6631)
A3(12.3254)
(0.9146)
(-25.3163)
A4(10.1897)
(4.2425)
(-14.8536)
G1(0.2517)
(-1.3553)
(2.2051)
G2(-0.7482)
(3.0772)
(1.0797)
G3(-5.1657)
(1.9023)
(0.2724)
G4(1.3452)
(0.5827)
(1.1079)
A1(-4.9385)
(-1.6765)
(5.4271)
A2(5.3295)
(6.8761)
(-1.5802)
A3(-5.1858)
(-6.3734)
(-12.1434)
A4(13.2064)
(2.6767)
(-5.0661)
G1(4.4442)
(0.2214)
(2.7787)
G2(-0.1431)
(-1.7544)
(-1.5288)
G3(3.8711)
(0.6614)
(1.9678)
G4(-0.2155)
(2.1902)
(-0.2410)
A1(-2.4717)
(-2.1795)
(4.9242)
A2(2.4565)
(14.7626)
(3.8978)
A3(2.3224)
(0.6895)
(-4.8267)
A4(-4.5203)
(14.3987)
(-6.8522)
G1(3.8339)
(-0.2719)
(3.9419)
G2(-0.7455)
(-0.0734)
(-0.1724)
G3(6.0677)
(0.5513)
(2.9229)
G4(-0.4491)
(-0.5779)
(-0.2937)
A1(-8.1239)
(8.9478)
(4.8523)
A2(-1.2306)
(7.3454)
(2.7869)
A3(-6.8331)
(6.9719)
(-1.5323)
A4(3.6200)
(11.8944)
(0.3543)
G1(4.2910)
(0.9642)
(4.3596)
G2(0.4821)
(-0.8519)
(1.2845)
G3(8.1615)
(1.0999)
(1.5038)
G4(0.4496)
(-0.0138)
(-0.1517)
A1(-8.3586)
(12.2960)
(5.2738)
A2(-3.4285)
(7.2784)
(4.1946)
A3(-8.8921)
(16.1130)
(-1.5658)
A4(1.6855)
(8.5377)
(-5.0135)
G1(5.1732)
(-1.5075)
(1.6660)
G2(1.2382)
(1.9672)
(0.3464)
G3(3.1278)
(2.3503)
(-0.7705)
G4(0.7146)
(-0.0394)
(-0.0325)
A1(-11.5775)
(10.9117)
(9.1921)
A2(3.8355)
(3.5482)
(3.7972)
A3(-14.4706)
(14.2455)
(-1.7047)
A4(1.8387)
(10.0317)
(-9.4475)
G1(2.8574)
(0.0612)
(1.1792)
G2(0.9434)
(0.1064)
(0.6784)
G3(-0.2049)
(3.5710)
(-0.3134)
G4(0.6657)
(0.4209)
(0.7716)
A1(3.3291)
(11.6542)
(47.1052)
A2(3.9361)
(12.0668)
(1.4174)
A3(-3.8211)
(17.8512)
(1.9106)
A4(4.9704)
(11.2097)
(-6.3159)
G1(3.1613)
(1.8576)
(-1.2866)
G2(1.4160)
(1.1446)
(1.2446)
G3(0.7136)
(1.8432)
(0.9333)
G4(0.1219)
(-0.0654)
(0.9078)
A1(0.3449)
(9.9824)
(-1.5089)
A2(1.4461)
(13.1585)
(0.5842)
A3(-24.0857)
(22.2996)
(9.4188)
A4(5.5067)
(9.4427)
(-6.3542)
G1(-0.7354)
(-2.1716)
(1.3175)
G2(0.8524)
(-1.3521)
(0.8572)
G3(-1.4080)
(-6.2890)
(3.5747)
G4(0.4539)
(0.5890)
(0.6455)
A1(0.2347)
(7.2090)
(-0.7329)
A2(5.6264)
(9.9072)
(-6.2058)
A3(-0.0383)
(0.4549)
(-8.6335)
A4(2.2362)
(6.7900)
(-6.1770)
G1(0.9190)
(3.2810)
(0.5236)
G2(0.3528)
(-0.9392)
(0.7955)
G3(0.1767)
(-1.4202)
(0.2751)
G4(-0.2815)
(1.2164)
(-0.0410)
A1(1.2646)
(9.8387)
(1.4897)
A2(-0.2634)
(7.5896)
(1.6616)
A3(1.1875)
(7.6231)
(-0.7997)
A4(2.6480)
(5.8802)
(-7.4747)
G1(-0.3379)
(-0.7700)
(1.0185)
G2(-0.1703)
(1.1898)
(1.0621)
G3(0.0426)
(0.7753)
(0.7162)
G4(-0.2043)
(0.8269)
(-0.5028)
A1(-0.0431)
(9.5130)
(0.0862)
A2(6.6942)
(7.7189)
(-2.2410)
A3(0.3926)
(8.8490)
(-1.5945)
A4(6.3973)
(3.5051)
(-6.3351)
G1(1.0025)
(0.6146)
(0.5066)
G2(-0.7285)
(1.5490)
(0.5188)
G3(0.1458)
(0.1240)
(0.4220)
G4(0.0495)
(1.3851)
(-0.6391)
A1(2.5627)
(11.2039)
(0.9101)
A2(3.9073)
(9.6055)
(2.8730)
A3(1.6137)
(9.1411)
(-2.2697)
A4(6.1339)
(6.4452)
(-5.9424)
G1(0.3847)
(0.0463)
(0.0500)
G2(-0.5555)
(-0.5177)
(-0.1043)
G3(0.1453)
(0.7609)
(0.1282)
G4(-0.1846)
(1.1462)
(-0.0458)
