A1(-0.2587)
(8.9478)
(5.9157)
A2(1.0534)
(9.2799)
(-0.2921)
A3(-4.3718)
(10.0461)
(-2.1835)
A4(1.6903)
(8.9735)
(-5.2625)
G1(-1.2616)
(-1.4777)
(-0.4672)
G2(-0.0490)
(-0.7412)
(0.0410)
G3(0.5193)
(-1.4495)
(1.1323)
G4(0.0362)
(-0.6146)
(0.2783)
A1(-2.8165)
(6.5671)
(4.5889)
A2(-0.0622)
(9.2320)
(-0.4405)
A3(7.7764)
(7.2161)
(-1.0151)
A4(2.4804)
(11.8321)
(0.3543)
G1(-0.0277)
(-3.6588)
(0.0596)
G2(0.6822)
(-1.1148)
(0.1979)
G3(0.7928)
(-2.3594)
(2.2397)
G4(1.3037)
(-0.0096)
(0.0878)
A1(3.5303)
(16.0562)
(-3.9422)
A2(-0.0718)
(8.1020)
(1.8483)
A3(-0.9433)
(3.6679)
(-6.8235)
A4(2.1308)
(38.8244)
(11.7555)
G1(1.8310)
(-1.4894)
(0.1304)
G2(0.1437)
(-0.9046)
(0.1979)
G3(1.2898)
(-1.6469)
(1.8608)
G4(3.2752)
(-2.9974)
(1.5053)
A1(8.7275)
(12.3966)
(3.7075)
A2(-2.7054)
(12.7276)
(1.3503)
A3(-0.9290)
(2.6719)
(-4.9991)
A4(2.5043)
(28.1510)
(-24.3299)
G1(1.0855)
(-1.7491)
(0.0670)
G2(-1.5506)
(-2.0736)
(0.7040)
G3(-0.6577)
(-1.4915)
(-0.3852)
G4(-4.8683)
(0.0293)
(-0.0341)
A1(7.6353)
(6.2271)
(7.5443)
A2(-10.0365)
(36.4014)
(19.5702)
A3(4.2569)
(15.0978)
(4.7836)
A4(14.3317)
(4.8219)
(-13.4123)
G1(-1.7852)
(0.4821)
(0.7503)
G2(-9.0438)
(-3.5779)
(2.7186)
G3(-0.3879)
(0.0740)
(-0.0367)
G4(-13.8892)
(-0.4832)
(2.0758)
A1(4.7900)
(8.0185)
(3.7985)
A2(12.3493)
(6.0621)
(3.7397)
A3(-5.5976)
(24.4640)
(8.9974)
A4(9.3709)
(16.4673)
(-8.4755)
G1(-3.4013)
(-5.6532)
(-0.0442)
G2(-5.7585)
(-2.6079)
(3.3050)
G3(1.4915)
(0.3507)
(0.3821)
G4(-12.5344)
(-2.0050)
(8.0120)
A1(-0.6227)
(7.6545)
(1.1544)
A2(2.7007)
(6.5745)
(1.0247)
A3(-3.6919)
(-5.5210)
(-6.9384)
A4(-3.1077)
(13.5081)
(-4.1946)
G1(-1.1435)
(-4.0606)
(0.2671)
G2(-6.1667)
(-0.3182)
(2.5233)
G3(0.3086)
(-3.2283)
(1.3995)
G4(-3.8999)
(0.0851)
(2.5520)
A1(2.9507)
(9.4172)
(3.4440)
A2(-1.9345)
(-15.4905)
(16.9845)
A3(12.9478)
(5.2672)
(-11.8561)
A4(3.2370)
(-3.8642)
(-11.7843)
G1(0.4204)
(-0.3118)
(-1.0089)
G2(-3.9568)
(-2.0859)
(4.0015)
G3(-0.3060)
(-3.2783)
(0.8955)
G4(0.6891)
(4.7502)
(-4.7198)
A1(1.8729)
(11.8170)
(4.8188)
A2(6.2632)
(5.7892)
(0.3735)
A3(6.4260)
(3.5434)
(-8.5329)
A4(1.4365)
(7.3023)
(-4.4532)
G1(0.9477)
(0.2969)
(-1.2127)
G2(-2.3466)
(2.3908)
(-0.6449)
G3(0.8077)
(-0.0500)
(-0.5284)
G4(3.7418)
(-2.3514)
(-3.8525)
A1(7.2473)
(10.9404)
(5.3122)
A2(4.2904)
(-0.5028)
(3.4046)
A3(-1.9872)
(18.7610)
(-6.2537)
A4(9.9838)
(17.3532)
(0.1053)
G1(0.4975)
(-1.3303)
(-0.2171)
G2(2.2514)
(0.2144)
(-2.2349)
G3(-0.3102)
(-0.5486)
(0.7492)
G4(3.6482)
(-3.4683)
(-2.9915)
A1(-2.1268)
(11.6254)
(2.2944)
A2(3.5195)
(-2.5426)
(7.7572)
A3(-1.9920)
(11.4634)
(-8.0732)
A4(14.9542)
(22.1176)
(2.3367)
G1(0.3044)
(-1.6932)
(-0.8232)
G2(4.2276)
(0.3762)
(-3.1874)
G3(-0.1293)
(-1.1079)
(0.2027)
G4(2.6936)
(-4.6533)
(-3.6125)
A1(5.3553)
(14.3318)
(3.6979)
A2(15.4043)
(-0.1963)
(8.8538)
A3(0.5219)
(13.0532)
(-5.6838)
A4(12.0620)
(8.2408)
(-4.9943)
G1(0.9264)
(0.7630)
(-0.1852)
G2(3.5886)
(-2.6116)
(-4.3553)
G3(0.1107)
(-0.2251)
(0.7710)
G4(-0.2655)
(-1.0286)
(-2.1849)
A1(4.1530)
(14.6719)
(1.7005)
A2(7.4172)
(11.6262)
(6.7708)
A3(4.6256)
(7.8243)
(-6.9384)
A4(8.1068)
(10.8505)
(3.0646)
G1(1.2632)
(1.9156)
(-0.2517)
G2(2.1428)
(0.5209)
(-3.6381)
G3(0.4725)
(-0.5784)
(0.0064)
G4(0.1596)
(0.9679)
(-0.7407)
A1(3.6548)
(8.2820)
(0.5365)
A2(7.9344)
(8.8346)
(4.2856)
A3(3.9840)
(7.8290)
(-7.0437)
A4(6.0382)
(8.7484)
(0.0718)
G1(-0.4097)
(0.0809)
(-0.8806)
G2(3.3294)
(1.4734)
(-1.4207)
G3(0.3544)
(-0.0431)
(-0.2852)
G4(0.0021)
(-1.1526)
(0.2331)
A1(-0.9436)
(9.8819)
(0.1485)
A2(5.2720)
(6.3542)
(10.2041)
A3(2.9497)
(7.4508)
(-6.6367)
A4(3.8595)
(9.3709)
(-2.8730)
G1(0.6236)
(-0.4268)
(-0.7066)
G2(0.4411)
(1.7783)
(-0.0713)
G3(0.0208)
(-0.2719)
(-0.0926)
G4(0.2139)
(-0.4039)
(-0.7375)
A1(-0.1102)
(9.3789)
(-0.9724)
A2(5.9280)
(9.3996)
(2.7390)
A3(2.9736)
(6.2441)
(-7.0677)
A4(4.8459)
(8.6574)
(-5.6024)
G1(0.6199)
(-0.2559)
(-0.5805)
G2(0.6093)
(0.5550)
(-0.2959)
G3(-0.0761)
(-1.1589)
(0.0830)
G4(0.3304)
(-0.4587)
(-0.2959)
A1(-2.7207)
(9.8387)
(-0.8335)
A2(0.0958)
(7.5609)
(3.3710)
A3(0.9194)
(6.6894)
(-7.4603)
A4(3.5147)
(8.5138)
(-4.0223)
G1(0.5273)
(-0.2597)
(-0.6976)
G2(0.0777)
(-1.5575)
(-1.0264)
G3(-0.0841)
(-0.4076)
(-0.2171)
G4(-0.0937)
(0.2070)
(-0.3959)
A1(-2.1316)
(8.8424)
(-0.3161)
A2(1.4030)
(10.6638)
(0.0192)
A3(0.3112)
(6.6272)
(-6.6990)
A4(2.3415)
(9.3230)
(-1.7669)
G1(0.2171)
(0.2623)
(-0.2937)
G2(0.9041)
(0.1932)
(-0.2464)
G3(-0.1671)
(-0.4672)
(-0.2011)
G4(-0.2591)
(-0.0851)
(-0.2283)
A1(-1.9016)
(10.2219)
(-0.3161)
A2(0.5076)
(9.3230)
(1.1349)
A3(0.1580)
(6.3159)
(-7.0246)
A4(2.3128)
(9.3087)
(-2.2505)
G1(1.0413)
(-0.4401)
(-0.3411)
G2(0.8035)
(-0.4326)
(-0.1394)
G3(-0.1256)
(-0.4071)
(-0.1671)
G4(-0.1139)
(0.0761)
(-0.2049)
A1(-2.0070)
(9.6711)
(-1.9543)
A2(0.1867)
(9.2464)
(0.6225)
A3(-0.3448)
(6.9863)
(-6.8235)
A4(1.6616)
(9.3087)
(-2.5905)
G1(0.2315)
(0.4241)
(-0.3294)
G2(0.2645)
(0.0133)
(-0.1932)
G3(-0.1144)
(-0.0857)
(-0.2985)
G4(-0.0926)
(-0.0048)
(-0.0995)
