A1(2.2513)
(10.6004)
(0.1629)
A2(2.3080)
(8.7484)
(3.5530)
A3(1.1444)
(8.4132)
(-4.8650)
A4(4.4628)
(13.4506)
(0.3639)
G1(1.4165)
(1.1898)
(-0.4443)
G2(-0.2416)
(0.0319)
(-0.0314)
G3(0.1612)
(-0.1080)
(-0.2293)
G4(1.2329)
(0.4693)
(-0.7253)
A1(3.1758)
(9.5418)
(1.1640)
A2(2.3607)
(7.9392)
(2.4756)
A3(3.1747)
(8.5234)
(-4.1803)
A4(0.0862)
(2.6145)
(-2.8826)
G1(0.7418)
(1.9869)
(-0.1293)
G2(-0.8642)
(0.4832)
(0.2586)
G3(-0.0362)
(0.5124)
(-0.3709)
G4(2.9495)
(3.3502)
(-2.9532)
A1(1.6047)
(9.6088)
(4.5505)
A2(5.4205)
(5.6551)
(9.1411)
A3(1.5945)
(9.8114)
(-2.1165)
A4(17.0563)
(-21.7920)
(3.4716)
G1(0.5364)
(1.9704)
(-0.3507)
G2(-2.1716)
(1.6974)
(1.0030)
G3(0.3108)
(0.8902)
(-0.5672)
G4(-1.2531)
(-1.0658)
(-0.4550)
A1(20.5014)
(37.5970)
(-5.3409)
A2(1.1492)
(10.1083)
(8.3222)
A3(12.0764)
(25.8382)
(13.4794)
A4(3.6248)
(4.9560)
(-12.5600)
G1(-7.9109)
(2.0247)
(-2.6952)
G2(0.1378)
(1.6416)
(0.0878)
G3(3.1783)
(-0.0170)
(-2.5972)
G4(-0.8982)
(2.4546)
(-1.7815)
A1(-12.4254)
(23.7059)
(3.3387)
A2(-2.8156)
(9.7779)
(5.6838)
A3(-2.3703)
(30.8804)
(6.0286)
A4(-1.8579)
(14.0492)
(-12.2775)
G1(-5.5068)
(4.2840)
(-5.6015)
G2(2.6936)
(1.5128)
(-1.2010)
G3(4.7464)
(1.3580)
(-3.0495)
G4(-1.7421)
(-0.0074)
(-0.2512)
A1(4.4835)
(5.4606)
(-4.5457)
A2(-5.4157)
(17.1425)
(-0.8667)
A3(38.8435)
(21.7058)
(-5.9472)
A4(-3.6966)
(-0.2203)
(14.5041)
G1(-4.8853)
(1.2930)
(-2.3381)
G2(1.4606)
(7.9290)
(-0.4800)
G3(-12.6345)
(-0.7050)
(2.3887)
G4(-0.8413)
(2.5472)
(-1.0738)
A1(-5.9588)
(-6.1169)
(0.1629)
A2(8.2408)
(14.1641)
(-0.0527)
A3(-34.3329)
(23.6739)
(-19.9150)
A4(-0.7135)
(-0.1149)
(-5.0230)
G1(-5.8181)
(0.3251)
(-2.6169)
G2(2.7893)
(1.3851)
(1.6820)
G3(-11.9002)
(-1.1329)
(5.1711)
G4(2.1162)
(0.8125)
(-0.9158)
A1(-17.1483)
(4.5553)
(-1.3412)
A2(-1.3312)
(-7.4124)
(0.2538)
A3(17.9134)
(33.6625)
(7.3454)
A4(-11.9183)
(16.4051)
(-3.6871)
G1(-6.0198)
(-1.3537)
(-0.3193)
G2(-0.2315)
(3.9339)
(0.2900)
G3(-10.8652)
(2.0002)
(0.7987)
G4(2.7111)
(-0.9919)
(0.1235)
A1(0.3066)
(-5.8917)
(1.0394)
A2(-6.6750)
(1.4844)
(-0.9625)
A3(13.4027)
(-10.1610)
(-24.7800)
A4(7.9583)
(-4.6591)
(-15.4282)
G1(-0.3528)
(-1.4915)
(1.7852)
G2(0.8929)
(5.9038)
(3.0740)
G3(-3.5668)
(2.0609)
(0.2831)
G4(1.0467)
(1.4995)
(0.2517)
A1(-3.3482)
(-1.5232)
(4.3685)
A2(-4.3000)
(21.9931)
(15.7730)
A3(0.0910)
(-6.6176)
(-22.1512)
A4(6.3207)
(4.7549)
(-6.2680)
G1(2.1795)
(-1.4740)
(2.1040)
G2(-0.4326)
(2.6994)
(-1.0892)
G3(-1.8784)
(-2.0630)
(3.3161)
G4(-0.7556)
(-0.2895)
(-0.9913)
A1(-3.5734)
(2.6345)
(6.8929)
A2(5.2337)
(9.8881)
(-1.5036)
A3(1.6376)
(3.4572)
(-7.6662)
A4(-2.7007)
(11.0421)
(2.8922)
G1(4.9646)
(-0.7141)
(3.4406)
G2(0.1703)
(0.4954)
(0.7029)
G3(5.1157)
(-1.5915)
(1.7836)
G4(-1.1185)
(2.9974)
(-1.1706)
A1(-8.6269)
(3.5877)
(8.2868)
A2(2.1404)
(12.9957)
(2.3224)
A3(1.1492)
(11.8896)
(-2.6288)
A4(0.2059)
(15.8209)
(1.2737)
G1(5.2450)
(0.4619)
(4.7252)
G2(1.2792)
(0.0229)
(0.4624)
G3(7.5842)
(-1.2882)
(2.2657)
G4(0.3954)
(1.7661)
(-1.1377)
A1(-0.7951)
(13.0097)
(6.7635)
A2(-2.7294)
(4.9895)
(-2.1069)
A3(3.1364)
(22.3427)
(-1.2450)
A4(0.7135)
(16.8695)
(2.0686)
G1(2.6563)
(0.3618)
(4.9912)
G2(0.6210)
(0.2852)
(0.6439)
G3(6.9446)
(1.6166)
(0.8104)
G4(0.1112)
(0.9972)
(-0.2581)
A1(-5.9444)
(8.4113)
(5.9732)
A2(-1.6089)
(1.7286)
(0.5411)
A3(-7.9727)
(26.0729)
(-0.5602)
A4(2.9497)
(12.2966)
(-6.1483)
G1(2.8803)
(-0.8093)
(2.8766)
G2(-0.4379)
(3.6471)
(0.2357)
G3(2.4578)
(4.7326)
(0.9190)
G4(-0.1309)
(0.5417)
(0.5348)
A1(-5.3361)
(14.3845)
(3.8799)
A2(5.6024)
(15.4139)
(3.6248)
A3(-6.8522)
(15.6868)
(-1.6759)
A4(-1.4269)
(6.4835)
(-8.1834)
G1(2.5690)
(1.1829)
(1.1137)
G2(-0.4741)
(-0.1447)
(0.8993)
G3(0.7939)
(3.2970)
(-0.0372)
G4(-0.3081)
(0.2884)
(0.1910)
A1(10.2363)
(7.7503)
(1.2550)
A2(-3.7972)
(11.2384)
(1.9249)
A3(-13.5560)
(22.0554)
(20.8296)
A4(2.1739)
(11.9327)
(-3.1891)
G1(2.0960)
(-3.8951)
(1.4170)
G2(0.7146)
(0.7125)
(-0.7907)
G3(-1.2962)
(0.6651)
(-0.0952)
G4(-0.7950)
(0.8008)
(-0.0644)
A1(-11.4099)
(9.6567)
(-0.1245)
A2(-1.2498)
(9.3039)
(0.8715)
A3(12.7850)
(-4.3910)
(-9.3422)
A4(-2.5043)
(9.9407)
(-2.5809)
G1(0.5890)
(1.7086)
(-0.5779)
G2(-0.2852)
(0.2889)
(0.8280)
G3(3.2948)
(4.6932)
(1.0940)
G4(-0.4704)
(0.7944)
(-0.0202)
A1(5.6570)
(8.6891)
(3.4440)
A2(2.6528)
(5.7509)
(3.1987)
A3(-5.3247)
(15.2989)
(1.6424)
A4(0.4022)
(6.6224)
(-0.2394)
G1(0.9168)
(0.0692)
(0.3544)
G2(1.6490)
(-0.4448)
(1.0360)
G3(0.4108)
(1.3729)
(-0.0670)
G4(-0.5369)
(6.5727)
(-2.6377)
A1(2.3088)
(8.1526)
(1.8346)
A2(-5.0182)
(6.5314)
(6.7660)
A3(7.6710)
(8.4563)
(-1.1349)
A4(21.6627)
(8.7484)
(-3.2753)
G1(-0.7162)
(-0.0793)
(0.2629)
G2(-0.0910)
(1.3276)
(0.2506)
G3(0.1586)
(0.4917)
(0.1868)
G4(-0.7753)
(2.4413)
(-1.0642)
A1(1.6382)
(9.8387)
(3.3147)
A2(3.9792)
(8.9830)
(-1.4126)
A3(1.3072)
(8.8729)
(-0.8523)
A4(-12.6845)
(10.5010)
(-2.4660)
G1(0.5582)
(-0.2687)
(-0.3762)
G2(-0.3922)
(2.3152)
(-0.2512)
G3(0.2884)
(0.1155)
(0.0357)
G4(-0.4725)
(1.3239)
(-0.4864)
