A1(-0.1820)
(8.2484)
(6.2175)
A2(0.8045)
(9.2129)
(0.1245)
A3(-0.4884)
(8.2025)
(-2.4277)
A4(0.8619)
(9.7636)
(-2.4517)
G1(-0.4305)
(-1.3558)
(-0.0803)
G2(0.2559)
(-1.3031)
(0.0968)
G3(0.3161)
(-2.5047)
(1.4548)
G4(0.5007)
(-0.6768)
(0.5401)
A1(5.1206)
(8.9861)
(6.7204)
A2(-1.1875)
(8.9783)
(-0.4166)
A3(9.5960)
(4.0606)
(-1.2402)
A4(0.3208)
(22.7018)
(5.5737)
G1(2.6824)
(-1.4154)
(-0.1910)
G2(0.8524)
(-1.2553)
(0.1910)
G3(0.5310)
(-1.9523)
(2.5600)
G4(2.2822)
(-2.2876)
(1.7858)
A1(-3.5159)
(10.7584)
(-2.0549)
A2(-3.9025)
(7.3215)
(1.8340)
A3(5.0566)
(56.1153)
(4.8794)
A4(6.1675)
(5.2481)
(-20.1927)
G1(0.7705)
(-5.5494)
(0.1373)
G2(-0.0325)
(-1.2297)
(0.4677)
G3(0.2990)
(3.2778)
(-1.3995)
G4(0.1442)
(0.7024)
(2.4956)
A1(3.8177)
(3.9709)
(6.3755)
A2(7.6902)
(9.4140)
(7.6806)
A3(4.1180)
(9.2225)
(-5.1044)
A4(2.1883)
(10.5728)
(-24.3059)
G1(0.3124)
(-0.9530)
(0.5651)
G2(-4.3479)
(-4.0329)
(0.2512)
G3(-0.1362)
(-1.6682)
(0.2655)
G4(-10.1724)
(3.5492)
(0.2336)
A1(5.1062)
(5.7624)
(4.2871)
A2(8.9830)
(15.9550)
(-0.1341)
A3(-1.6041)
(16.7020)
(5.8179)
A4(9.5720)
(12.3876)
(-8.0637)
G1(-1.2952)
(-3.4523)
(-0.0011)
G2(-3.1310)
(-3.2544)
(2.8271)
G3(0.7061)
(0.2964)
(0.0612)
G4(-12.9580)
(-4.1100)
(3.7072)
A1(-1.2837)
(9.5609)
(0.6562)
A2(-4.1372)
(10.0652)
(-4.7549)
A3(-0.9577)
(-0.5171)
(-9.1123)
A4(9.4044)
(24.3107)
(-10.4100)
G1(-1.8092)
(-4.9013)
(-0.0873)
G2(-3.9297)
(-1.7214)
(2.9218)
G3(0.6359)
(-2.2040)
(1.1217)
G4(-5.1402)
(1.3063)
(0.7450)
A1(-3.9374)
(9.1107)
(-1.1065)
A2(6.1579)
(-10.5728)
(4.5059)
A3(8.3653)
(8.4180)
(-5.7221)
A4(-18.8424)
(2.6767)
(-6.7708)
G1(0.4933)
(0.5853)
(-0.1830)
G2(-5.0577)
(-1.3478)
(2.2758)
G3(1.1440)
(-0.4959)
(0.4970)
G4(-1.4889)
(4.5017)
(-3.9116)
A1(-1.1209)
(11.7404)
(5.5948)
A2(2.1117)
(3.6488)
(-0.5219)
A3(-0.5602)
(2.6193)
(-9.4763)
A4(-2.4756)
(6.1004)
(-5.8035)
G1(0.6550)
(0.6933)
(-0.7615)
G2(-3.1224)
(1.9981)
(-0.8657)
G3(1.2712)
(0.9275)
(-0.6087)
G4(2.2854)
(-3.4587)
(-3.8264)
A1(8.2245)
(11.1177)
(5.3505)
A2(8.2025)
(-1.7334)
(5.0374)
A3(-2.7916)
(11.7938)
(-8.8538)
A4(11.2911)
(8.2265)
(-0.1820)
G1(0.2889)
(-1.8071)
(-0.2474)
G2(0.6949)
(0.8296)
(-2.2833)
G3(-0.3810)
(1.2792)
(-0.4773)
G4(6.0709)
(-1.4692)
(-5.7702)
A1(-1.4562)
(12.7176)
(0.9867)
A2(2.3367)
(-3.3902)
(6.8570)
A3(2.9066)
(9.5624)
(-7.6136)
A4(9.6343)
(21.6867)
(-6.7900)
G1(-0.9312)
(-2.4429)
(-1.1068)
G2(3.2416)
(-0.0059)
(-3.2587)
G3(-0.1942)
(-0.2432)
(0.7726)
G4(5.7154)
(-3.4513)
(-2.0705)
A1(1.7723)
(4.9146)
(1.0059)
A2(1.4317)
(7.3310)
(5.8419)
A3(6.9288)
(2.0255)
(-5.8754)
A4(13.7523)
(20.4130)
(-4.9512)
G1(0.9833)
(-0.3161)
(-1.2398)
G2(4.4878)
(0.4017)
(-3.2901)
G3(-0.6811)
(-1.1706)
(0.0266)
G4(-0.9253)
(-2.5286)
(-0.1266)
A1(1.0299)
(10.0591)
(-1.1975)
A2(5.8706)
(8.5473)
(13.5655)
A3(-0.1676)
(6.7852)
(-7.1156)
A4(10.6063)
(5.9616)
(7.6519)
G1(0.7716)
(0.1729)
(-0.7923)
G2(4.7544)
(4.5788)
(-1.9981)
G3(-0.2932)
(-0.3427)
(-0.4746)
G4(-1.1637)
(-0.6385)
(-0.1559)
A1(0.6993)
(8.3826)
(2.7974)
A2(7.7333)
(7.0102)
(3.2657)
A3(1.5131)
(6.9767)
(-5.6360)
A4(-2.1979)
(8.9447)
(-1.7813)
G1(-0.3469)
(0.3432)
(-0.4746)
G2(3.2565)
(1.4755)
(-1.3446)
G3(-0.3986)
(-0.7615)
(-0.3453)
G4(-0.0154)
(-2.3099)
(-0.0511)
A1(-4.2679)
(8.9861)
(2.1938)
A2(0.3017)
(7.2018)
(3.5482)
A3(2.2314)
(8.1307)
(-5.6024)
A4(3.7350)
(8.4180)
(-2.6576)
G1(-0.4624)
(-0.6008)
(-0.1373)
G2(-0.3001)
(-1.1797)
(-0.5044)
G3(-0.4326)
(-0.7966)
(-0.2054)
G4(0.1830)
(-0.7684)
(-0.2075)
A1(-2.2657)
(11.2470)
(1.6190)
A2(-1.8052)
(11.2671)
(2.8826)
A3(0.4932)
(7.5848)
(-3.9073)
A4(2.7869)
(9.2416)
(-3.0550)
G1(0.2395)
(0.0559)
(0.0708)
G2(-0.0601)
(-1.1611)
(-0.7466)
G3(-0.6465)
(-1.2302)
(0.8860)
G4(-0.1905)
(-0.2911)
(-0.2474)
A1(-2.0980)
(8.4113)
(0.3976)
A2(-0.8859)
(10.2376)
(1.1444)
A3(-5.4061)
(11.4443)
(-4.2090)
A4(1.0726)
(9.4715)
(-3.1891)
G1(0.8115)
(0.5757)
(-0.4432)
G2(0.3230)
(-1.2318)
(-0.4635)
G3(-0.6109)
(-0.3326)
(0.2480)
G4(0.1341)
(0.6715)
(-0.3501)
A1(-2.3471)
(10.5620)
(-2.2130)
A2(-0.4118)
(8.5808)
(0.9002)
A3(-0.1915)
(7.9487)
(-4.6160)
A4(0.7949)
(9.5337)
(-3.3232)
G1(0.0048)
(-0.9993)
(0.2847)
G2(-0.0112)
(-0.3262)
(-0.3118)
G3(-0.5252)
(-0.9269)
(0.1570)
G4(-0.1197)
(-0.2474)
(0.1559)
A1(-0.6419)
(10.0735)
(-0.1437)
A2(-0.6321)
(9.5050)
(2.3272)
A3(-1.3886)
(9.7252)
(-3.5243)
A4(2.1691)
(9.0884)
(-2.8970)
G1(0.5933)
(0.1235)
(-0.1038)
G2(-0.0436)
(-0.1697)
(-0.0005)
G3(-0.1761)
(0.1357)
(-0.0532)
G4(-0.0665)
(0.3565)
(0.0436)
A1(-0.7425)
(12.0565)
(-0.2730)
A2(-0.5363)
(9.4667)
(2.6001)
A3(0.6704)
(9.0214)
(-4.6783)
A4(2.3798)
(9.3134)
(-3.2322)
G1(0.8998)
(-1.3462)
(-0.3608)
G2(-0.0128)
(-0.0756)
(-0.0202)
G3(-0.1793)
(-0.1389)
(0.0905)
G4(-0.0835)
(-0.0372)
(0.0947)
A1(0.0192)
(10.4998)
(-0.2299)
A2(0.5028)
(9.6007)
(2.5474)
A3(0.7901)
(8.6143)
(-4.0031)
A4(1.4413)
(9.2464)
(-3.0646)
G1(0.3688)
(0.2884)
(0.1032)
G2(-0.2623)
(0.2575)
(0.0537)
G3(0.0090)
(0.2639)
(-0.0043)
G4(-0.0564)
(0.0431)
(0.1719)
