A1(5.4559)
(7.5299)
(1.0011)
A2(2.5522)
(10.0078)
(1.0965)
A3(1.5610)
(5.8323)
(-9.6343)
A4(2.4181)
(7.4651)
(-2.1261)
G1(1.8571)
(0.7801)
(-0.3938)
G2(-0.2964)
(1.2845)
(-0.1208)
G3(0.1410)
(1.7198)
(-0.8493)
G4(1.4000)
(2.9298)
(-2.5148)
A1(1.6095)
(6.4905)
(1.3316)
A2(10.3046)
(8.5569)
(5.2433)
A3(0.4405)
(7.9392)
(-7.4603)
A4(-0.5746)
(5.9903)
(-3.2896)
G1(0.7242)
(-0.4438)
(-0.5960)
G2(-0.8163)
(1.1818)
(1.2957)
G3(-0.3831)
(0.8998)
(-0.6987)
G4(2.2487)
(1.4436)
(-2.0199)
A1(-5.3696)
(9.6328)
(1.6430)
A2(2.2266)
(2.7485)
(9.2512)
A3(-0.1101)
(9.7779)
(-0.8571)
A4(2.5043)
(14.3461)
(-21.9165)
G1(-0.9062)
(3.0102)
(-0.4475)
G2(-0.8418)
(3.5082)
(0.6013)
G3(-0.0277)
(-0.5295)
(-0.5608)
G4(0.5816)
(0.4103)
(1.3638)
A1(-9.1538)
(7.2138)
(9.0723)
A2(10.1179)
(5.8610)
(4.7118)
A3(4.1515)
(15.5144)
(2.1117)
A4(-5.7509)
(3.5578)
(-12.5408)
G1(-5.9054)
(6.2119)
(-1.3909)
G2(-0.3528)
(1.7097)
(-0.0218)
G3(0.7764)
(0.1022)
(-1.5075)
G4(0.2826)
(0.1171)
(-0.6279)
A1(-4.2536)
(24.4963)
(13.7139)
A2(0.6847)
(7.7620)
(10.5824)
A3(-10.7500)
(29.7934)
(-2.8156)
A4(-8.1163)
(14.0061)
(-6.9480)
G1(-6.9973)
(3.4087)
(-3.8929)
G2(1.0217)
(1.5208)
(-0.9977)
G3(4.6704)
(3.3087)
(-3.4167)
G4(-1.6900)
(0.7742)
(-0.5002)
A1(0.3976)
(19.2176)
(7.6832)
A2(1.5036)
(20.9971)
(0.7661)
A3(10.3860)
(9.8162)
(-31.3257)
A4(-1.0534)
(14.0300)
(4.3096)
G1(-8.8485)
(0.2155)
(-4.1159)
G2(0.9764)
(2.3083)
(-0.2395)
G3(-0.8982)
(1.8890)
(0.5960)
G4(-2.0103)
(0.3602)
(-0.3352)
A1(1.0155)
(-2.1555)
(0.0958)
A2(-3.1268)
(12.9287)
(6.3494)
A3(-32.4606)
(21.3228)
(-24.8614)
A4(1.3312)
(7.5657)
(4.1372)
G1(-7.1431)
(-0.5539)
(-1.3175)
G2(1.7826)
(2.0007)
(0.3613)
G3(-11.3207)
(0.4560)
(5.9485)
G4(0.3331)
(2.4616)
(-0.5587)
A1(-4.2488)
(-3.0034)
(9.5322)
A2(-0.1915)
(2.3894)
(6.7947)
A3(19.6995)
(28.9076)
(10.5872)
A4(-5.4540)
(11.3725)
(0.5124)
G1(-8.2041)
(0.7450)
(-1.3324)
G2(0.4885)
(3.6051)
(-0.9658)
G3(-11.7400)
(6.5604)
(0.0506)
G4(1.3260)
(1.2366)
(-0.1559)
A1(-4.7278)
(5.0104)
(-1.1304)
A2(-7.0485)
(0.5602)
(6.5410)
A3(20.6093)
(15.1409)
(-18.7658)
A4(0.9481)
(2.1117)
(-8.4803)
G1(-2.9522)
(-0.7902)
(0.7370)
G2(-0.0064)
(2.8856)
(0.1788)
G3(-7.2915)
(-0.7870)
(0.7210)
G4(1.4495)
(1.4463)
(0.4539)
A1(2.9698)
(-4.1961)
(0.8718)
A2(-7.1682)
(9.8737)
(7.0677)
A3(1.2258)
(6.1052)
(-24.8662)
A4(3.4285)
(-5.2672)
(-16.1944)
G1(-0.8423)
(-2.4387)
(2.0481)
G2(-0.5694)
(3.3630)
(0.5263)
G3(-3.9414)
(1.3909)
(1.2010)
G4(0.8040)
(-0.7630)
(0.3315)
A1(-6.2318)
(-0.6083)
(6.3276)
A2(12.6605)
(12.1673)
(-2.4756)
A3(-8.4803)
(-5.7796)
(-15.9789)
A4(18.5455)
(25.9579)
(-0.7039)
G1(4.8747)
(-0.4645)
(3.7285)
G2(-0.5119)
(0.4049)
(-0.6907)
G3(2.3280)
(-0.5603)
(2.5488)
G4(-1.3228)
(1.9034)
(-0.0170)
A1(-5.6187)
(0.4119)
(5.3792)
A2(3.1029)
(6.8618)
(-5.0278)
A3(-1.8723)
(-0.0910)
(-12.3110)
A4(-2.4612)
(9.0405)
(-2.8970)
G1(4.8662)
(0.6609)
(3.9371)
G2(0.3975)
(-0.4587)
(-0.2533)
G3(3.7801)
(0.1522)
(1.7719)
G4(0.7301)
(-1.5107)
(0.5614)
A1(-7.2090)
(8.5742)
(9.1154)
A2(2.9066)
(15.6964)
(7.7189)
A3(-0.0910)
(21.1408)
(4.8411)
A4(-0.2586)
(-6.7469)
(-13.5655)
G1(2.9958)
(0.7604)
(5.0093)
G2(0.8317)
(-1.5687)
(0.5832)
G3(7.1048)
(1.6400)
(2.4073)
G4(1.2494)
(-1.2659)
(-0.6247)
A1(-5.1972)
(14.6767)
(8.8089)
A2(-6.5888)
(6.0908)
(4.8315)
A3(-1.2737)
(22.4576)
(2.2122)
A4(1.5227)
(16.9797)
(-7.2065)
G1(2.5345)
(-1.2835)
(5.3791)
G2(-1.0573)
(0.4768)
(1.0754)
G3(7.9248)
(1.4963)
(2.1497)
G4(0.1862)
(1.7517)
(-0.0782)
A1(-7.6114)
(9.5370)
(9.1154)
A2(5.0709)
(10.7595)
(4.2904)
A3(-12.1434)
(23.7170)
(-0.6225)
A4(-3.0837)
(7.8195)
(-7.7764)
G1(2.4695)
(-1.5889)
(2.1811)
G2(0.1692)
(-1.1408)
(0.1894)
G3(2.7441)
(1.7421)
(1.3574)
G4(-0.4071)
(1.0121)
(-0.2416)
A1(-2.3423)
(9.6615)
(4.9481)
A2(-3.9361)
(9.1602)
(-0.3208)
A3(-10.4818)
(23.9947)
(1.7669)
A4(-0.6752)
(7.0342)
(-5.4157)
G1(2.5712)
(-0.5614)
(1.9779)
G2(-0.3225)
(-0.6024)
(0.7769)
G3(1.2084)
(2.0779)
(1.4160)
G4(-0.7231)
(1.3920)
(-0.0857)
A1(-2.6249)
(10.6866)
(2.8405)
A2(-2.9736)
(10.6350)
(-0.3304)
A3(-12.1099)
(19.6037)
(6.5649)
A4(0.3926)
(9.5577)
(-2.7533)
G1(0.4864)
(-0.5545)
(0.3698)
G2(1.1579)
(1.0451)
(0.3086)
G3(0.4177)
(2.1747)
(-0.1096)
G4(-0.4645)
(0.9088)
(0.1027)
A1(-1.2215)
(7.0988)
(3.3722)
A2(-2.8826)
(8.1642)
(2.1835)
A3(2.6671)
(7.9296)
(0.6704)
A4(1.8675)
(9.1554)
(-3.8547)
G1(-1.0754)
(0.1586)
(0.2171)
G2(1.5676)
(2.0614)
(0.7045)
G3(1.0068)
(2.2886)
(0.0149)
G4(-0.1240)
(0.8642)
(0.2299)
A1(-1.2023)
(9.3310)
(0.1054)
A2(-0.7997)
(7.0916)
(2.6528)
A3(-4.5203)
(7.2784)
(-1.7526)
A4(1.3886)
(9.7779)
(-3.9217)
G1(1.0977)
(1.4569)
(0.7428)
G2(0.8743)
(0.8296)
(0.4358)
G3(0.0346)
(0.0798)
(0.7035)
G4(0.2597)
(2.7345)
(-0.3299)
A1(3.3674)
(10.5333)
(1.7867)
A2(0.9433)
(8.8681)
(-0.0192)
A3(6.1052)
(7.0294)
(-5.8658)
A4(3.6871)
(9.1363)
(-5.5641)
G1(1.0616)
(1.7507)
(0.3565)
G2(0.3815)
(0.7418)
(0.6992)
G3(0.5577)
(0.9637)
(0.6556)
G4(0.3028)
(3.1012)
(-0.8503)
