A1(5.6522)
(5.8343)
(5.0487)
A2(0.1437)
(9.7348)
(-0.6560)
A3(5.6695)
(7.8578)
(0.0239)
A4(1.1827)
(11.3964)
(-0.9385)
G1(0.7567)
(-2.2290)
(0.1751)
G2(0.0718)
(-0.4949)
(0.0495)
G3(0.6439)
(-0.3831)
(1.9406)
G4(1.1951)
(-0.3193)
(0.3384)
A1(1.6142)
(13.4983)
(12.7559)
A2(-0.4836)
(9.8785)
(0.1197)
A3(7.3263)
(5.0613)
(-2.5666)
A4(4.3527)
(24.4544)
(9.7683)
G1(1.1068)
(-2.6372)
(-0.2400)
G2(0.4906)
(-0.6912)
(0.2677)
G3(0.0905)
(-3.0772)
(3.4236)
G4(2.5371)
(-1.3888)
(0.6497)
A1(-6.5863)
(8.1191)
(3.8177)
A2(-1.4174)
(8.9256)
(2.0016)
A3(9.3996)
(6.6846)
(-8.3749)
A4(-1.5323)
(20.7434)
(-34.6968)
G1(-0.4369)
(-5.6718)
(-0.0090)
G2(-0.4518)
(-0.6976)
(0.3267)
G3(1.8874)
(1.9736)
(-0.2490)
G4(3.3177)
(0.3448)
(5.1104)
A1(8.2580)
(8.8951)
(6.2510)
A2(3.4764)
(11.1139)
(5.8419)
A3(-0.6943)
(13.5368)
(-7.6614)
A4(-21.0115)
(14.7962)
(-28.0984)
G1(-1.0962)
(-0.8226)
(0.1442)
G2(-1.8746)
(-1.6762)
(0.6135)
G3(-1.0392)
(-3.4034)
(0.9115)
G4(-7.0116)
(2.6808)
(-1.3122)
A1(-1.0682)
(5.3553)
(3.9135)
A2(-13.0340)
(42.1092)
(16.5200)
A3(-0.7039)
(19.3739)
(4.6591)
A4(-2.9688)
(10.6542)
(-0.0670)
G1(-1.6974)
(-2.5297)
(-0.0138)
G2(-8.9422)
(-3.6934)
(2.8383)
G3(0.5007)
(-0.9519)
(0.0857)
G4(-15.3099)
(-0.9206)
(3.1709)
A1(8.9574)
(7.2856)
(5.8774)
A2(10.5919)
(5.2577)
(17.1616)
A3(2.5522)
(3.9265)
(-5.1571)
A4(20.2214)
(4.6639)
(-15.1314)
G1(-0.7077)
(-1.1403)
(-0.0612)
G2(-9.6855)
(-0.9174)
(4.5267)
G3(0.2219)
(-0.4683)
(0.6013)
G4(-14.5692)
(-2.1992)
(5.4217)
A1(-7.5491)
(10.5381)
(2.9507)
A2(-0.0910)
(8.3414)
(2.5426)
A3(6.0861)
(-0.3543)
(-2.3942)
A4(-4.2282)
(7.9152)
(-18.0044)
G1(-1.6341)
(-4.7688)
(-0.9530)
G2(-7.4996)
(-0.3299)
(3.3917)
G3(0.5082)
(-0.4560)
(-0.0096)
G4(-3.2581)
(0.2341)
(2.0428)
A1(-4.2967)
(7.4677)
(2.9890)
A2(-2.9257)
(-3.5291)
(0.2921)
A3(6.4117)
(7.2544)
(-5.8275)
A4(-29.4918)
(-2.4373)
(-17.4968)
G1(-0.0979)
(0.9530)
(0.0213)
G2(-3.0245)
(-0.7348)
(1.5048)
G3(0.5380)
(-1.5740)
(0.7700)
G4(-2.9107)
(1.7086)
(-0.0782)
A1(-2.4238)
(12.7463)
(1.7148)
A2(1.8148)
(9.1123)
(1.3838)
A3(3.2226)
(0.3448)
(-9.2320)
A4(-8.7197)
(-6.5314)
(-10.0461)
G1(0.8796)
(0.8418)
(-0.6337)
G2(-6.1651)
(1.6852)
(1.1903)
G3(0.5300)
(0.6343)
(0.1203)
G4(2.7558)
(-2.1279)
(-2.8537)
A1(7.4246)
(10.4902)
(3.7458)
A2(5.2481)
(4.6926)
(5.3486)
A3(0.5459)
(-1.4269)
(-13.4602)
A4(0.3926)
(9.5050)
(-1.4365)
G1(1.0025)
(0.0543)
(-0.1368)
G2(-1.1483)
(1.9614)
(-0.8700)
G3(1.1249)
(-0.2458)
(0.3288)
G4(3.8073)
(-0.7551)
(-4.5597)
A1(5.6954)
(13.4121)
(10.1214)
A2(2.9018)
(1.2833)
(3.8116)
A3(3.9265)
(13.3549)
(-9.1315)
A4(9.1602)
(16.5535)
(1.9441)
G1(1.0355)
(0.1612)
(-0.4725)
G2(3.0341)
(0.8296)
(-1.9422)
G3(-0.7364)
(-1.2212)
(0.9951)
G4(4.3362)
(-4.3846)
(-1.9715)
A1(9.1298)
(6.0067)
(2.0932)
A2(2.0830)
(-4.4484)
(8.5808)
A3(8.0349)
(1.3168)
(1.4174)
A4(8.5377)
(15.3564)
(0.8859)
G1(-0.3331)
(-0.0059)
(-0.5310)
G2(4.0973)
(1.0435)
(-2.3307)
G3(-1.3452)
(1.6889)
(-0.5199)
G4(3.1538)
(-5.1136)
(-2.4445)
A1(3.3818)
(7.8892)
(1.5999)
A2(14.3796)
(-0.0575)
(13.7092)
A3(1.6520)
(-18.2773)
(7.0916)
A4(13.3118)
(17.2335)
(1.9441)
G1(0.7753)
(1.5123)
(-0.4581)
G2(4.9662)
(-1.6070)
(-3.4486)
G3(0.1203)
(0.8163)
(-0.0777)
G4(1.6315)
(-3.3055)
(-2.0545)
A1(7.1084)
(8.7418)
(0.9388)
A2(12.7611)
(-3.7685)
(7.3789)
A3(0.1053)
(15.1409)
(-5.5641)
A4(11.3677)
(9.8641)
(0.1820)
G1(1.4734)
(1.5197)
(0.3267)
G2(2.9548)
(-3.3709)
(-4.3202)
G3(-0.5896)
(-0.9546)
(0.5859)
G4(1.4452)
(0.4528)
(-1.6698)
A1(4.9673)
(10.1357)
(3.1997)
A2(10.8314)
(4.7788)
(12.2679)
A3(3.5721)
(8.1116)
(-6.9240)
A4(7.2449)
(6.3734)
(-1.8771)
G1(0.5401)
(-0.2299)
(-0.6891)
G2(1.2819)
(0.5587)
(-2.4743)
G3(-0.1602)
(0.4528)
(-0.0165)
G4(-0.1144)
(-0.3496)
(-0.2097)
A1(2.9938)
(9.4364)
(-0.0431)
A2(5.9711)
(7.9009)
(7.1539)
A3(3.2609)
(5.0901)
(-7.1108)
A4(9.7923)
(10.4244)
(-2.3655)
G1(0.8232)
(-0.5566)
(-0.9578)
G2(1.4271)
(1.4516)
(-2.0561)
G3(-0.2506)
(0.1990)
(0.1570)
G4(-0.8801)
(-0.9243)
(0.3799)
A1(3.1183)
(8.1766)
(0.6275)
A2(5.9664)
(8.0254)
(5.3486)
A3(4.1037)
(6.8761)
(-5.7317)
A4(5.3582)
(9.3470)
(1.1732)
G1(0.6423)
(-1.0307)
(-0.7157)
G2(2.1609)
(-1.6746)
(-0.5497)
G3(-0.2086)
(-0.5380)
(-0.2804)
G4(0.6375)
(-0.2112)
(-0.3129)
A1(0.1150)
(9.3981)
(-0.7233)
A2(4.9177)
(5.9759)
(7.5800)
A3(2.4229)
(8.2696)
(-5.4779)
A4(8.0637)
(9.2081)
(1.3791)
G1(0.4997)
(0.2677)
(-0.9280)
G2(1.9225)
(-0.2150)
(-0.7492)
G3(-0.1426)
(-0.6391)
(-0.0942)
G4(0.8168)
(0.3379)
(-0.3613)
A1(0.3545)
(10.6195)
(-1.7100)
A2(5.0613)
(8.0685)
(1.0151)
A3(2.6193)
(7.9152)
(-4.3622)
A4(17.7219)
(19.2398)
(-3.8211)
G1(0.5161)
(0.6721)
(-0.1522)
G2(1.6714)
(0.3012)
(-0.3704)
G3(0.1421)
(-0.4496)
(-0.4220)
G4(-0.5247)
(-0.7428)
(-1.2797)
A1(-5.0822)
(11.2566)
(-0.4263)
A2(6.3159)
(7.7716)
(4.8794)
A3(0.9529)
(9.2129)
(-3.4716)
A4(-3.0933)
(4.6974)
(-2.1883)
G1(0.0442)
(-0.2017)
(-0.4512)
G2(0.5412)
(0.9041)
(-0.3267)
G3(0.4023)
(-0.7567)
(-0.2570)
G4(-0.0686)
(-2.4525)
(-0.2426)
