A1(0.4742)
(10.4950)
(0.3928)
A2(6.6942)
(8.8346)
(3.8786)
A3(1.0870)
(5.5785)
(-8.5617)
A4(-4.6160)
(11.5975)
(-5.5689)
G1(1.3000)
(1.9294)
(-0.3299)
G2(-0.3533)
(0.1149)
(0.5044)
G3(-0.1314)
(0.7513)
(-0.8312)
G4(2.0508)
(3.6476)
(-4.0659)
A1(3.9853)
(8.8903)
(0.8047)
A2(9.2943)
(6.7133)
(11.2001)
A3(1.4700)
(8.5521)
(-7.6902)
A4(2.1787)
(-2.3703)
(-3.3662)
G1(2.6063)
(4.0260)
(-0.7258)
G2(-1.2866)
(2.1263)
(1.5447)
G3(-0.2538)
(0.8051)
(-1.4324)
G4(1.9784)
(3.6801)
(-4.9992)
A1(-3.9901)
(-0.4119)
(4.2775)
A2(1.1636)
(5.0135)
(7.0198)
A3(-5.3151)
(18.2342)
(1.9824)
A4(-0.6800)
(66.0273)
(-2.8060)
G1(-4.9737)
(4.4564)
(-0.9472)
G2(-0.6300)
(2.0156)
(0.7311)
G3(0.6327)
(2.5313)
(-2.1104)
G4(-0.1165)
(-4.9534)
(3.0863)
A1(5.8343)
(38.7275)
(6.1265)
A2(1.1923)
(8.1259)
(8.1259)
A3(-3.8211)
(35.5012)
(13.9630)
A4(-0.6943)
(1.0439)
(-16.4338)
G1(-8.6931)
(6.5615)
(-1.1563)
G2(1.7384)
(3.2869)
(0.2698)
G3(3.0517)
(3.6945)
(-2.9096)
G4(-0.3821)
(3.5401)
(-2.6967)
A1(-13.5798)
(27.9451)
(12.5643)
A2(3.6488)
(14.6190)
(8.9543)
A3(-0.8811)
(29.7743)
(-8.6718)
A4(3.0358)
(1.8387)
(-9.8019)
G1(-8.8693)
(2.0391)
(-7.3676)
G2(4.3830)
(2.3152)
(-1.4026)
G3(4.0089)
(2.4472)
(-4.7688)
G4(-0.9642)
(0.6987)
(-0.1777)
A1(2.1124)
(7.7647)
(-8.5119)
A2(-11.5113)
(18.6556)
(5.9903)
A3(6.7277)
(-3.4620)
(-38.3743)
A4(0.4070)
(2.2410)
(-3.5243)
G1(-5.0875)
(0.6183)
(-2.3259)
G2(1.9247)
(9.6158)
(-1.0413)
G3(-10.6071)
(-5.3243)
(3.2555)
G4(-1.3766)
(1.5469)
(-1.1419)
A1(5.0008)
(-6.7204)
(5.3696)
A2(11.0325)
(6.6319)
(-3.1125)
A3(-29.9706)
(20.8870)
(-19.4170)
A4(4.2665)
(0.4932)
(-0.1867)
G1(-5.5302)
(1.4809)
(-3.5428)
G2(2.0646)
(2.8851)
(1.5926)
G3(-13.1325)
(-1.9401)
(6.5280)
G4(0.0133)
(2.0540)
(-0.3852)
A1(-10.5477)
(-2.9938)
(20.6546)
A2(-6.7852)
(10.4627)
(14.1785)
A3(-2.3894)
(15.5767)
(12.3637)
A4(-3.2226)
(4.7309)
(-6.3829)
G1(-7.2878)
(-8.1227)
(-2.9000)
G2(0.3746)
(0.4432)
(0.4071)
G3(-16.7408)
(8.1834)
(-0.2496)
G4(0.9780)
(2.3402)
(-0.2655)
A1(-7.4725)
(3.9470)
(-1.8873)
A2(10.4339)
(-2.8395)
(-4.8650)
A3(15.1505)
(22.2278)
(-26.1734)
A4(-9.4044)
(10.8266)
(-5.9328)
G1(-1.7820)
(-0.8221)
(1.2393)
G2(0.1431)
(2.3110)
(0.6912)
G3(-8.2164)
(-0.5667)
(-0.3762)
G4(1.6027)
(0.6923)
(0.2277)
A1(1.4993)
(-7.6162)
(0.8670)
A2(-17.9852)
(15.8688)
(6.9432)
A3(5.4205)
(0.3687)
(-35.9992)
A4(12.6558)
(-4.6926)
(-11.7938)
G1(-0.4613)
(-1.8012)
(2.6196)
G2(0.5257)
(0.0825)
(0.8562)
G3(-4.2260)
(-0.3421)
(1.5692)
G4(0.4470)
(0.9142)
(0.1884)
A1(-3.9709)
(2.1890)
(-0.4646)
A2(-0.3831)
(1.0870)
(4.8028)
A3(-6.9671)
(-0.2059)
(-17.4394)
A4(5.5402)
(10.9798)
(-6.2537)
G1(3.3012)
(-1.3207)
(2.6755)
G2(-1.3909)
(5.5356)
(-1.0201)
G3(-0.1362)
(-3.8897)
(4.1308)
G4(-0.3719)
(0.0889)
(-0.0442)
A1(-0.6371)
(-2.4908)
(3.3003)
A2(10.7308)
(10.8840)
(0.6512)
A3(0.6177)
(-5.0805)
(-17.1808)
A4(-4.8123)
(2.7198)
(-9.6247)
G1(4.7512)
(-0.3033)
(2.8910)
G2(-0.6385)
(0.4145)
(-0.1809)
G3(6.4088)
(0.4571)
(2.3493)
G4(0.1666)
(1.3819)
(-1.2153)
A1(-8.3155)
(6.0402)
(10.4854)
A2(6.7756)
(13.6182)
(4.9799)
A3(-3.8642)
(10.6303)
(-2.4756)
A4(1.1588)
(9.0884)
(-0.7135)
G1(4.9848)
(2.8612)
(5.0721)
G2(-0.8982)
(1.3936)
(0.7748)
G3(8.4840)
(-0.8338)
(2.6611)
G4(-0.0564)
(1.1829)
(-0.7646)
A1(-5.3361)
(9.4843)
(22.7814)
A2(-2.1739)
(8.1834)
(-1.0439)
A3(0.1149)
(18.6508)
(-1.0582)
A4(1.0199)
(10.2615)
(-4.1180)
G1(5.5584)
(1.9257)
(4.9944)
G2(0.2001)
(0.1490)
(0.9434)
G3(8.4420)
(1.7640)
(1.0233)
G4(0.3086)
(0.5970)
(-0.2730)
A1(-10.6387)
(1.3077)
(1.5568)
A2(-2.4469)
(12.3445)
(6.2872)
A3(-0.4070)
(17.4968)
(-4.8842)
A4(6.6798)
(11.8369)
(-3.8547)
G1(1.1185)
(-2.4424)
(2.3392)
G2(0.5577)
(-0.5459)
(1.5373)
G3(6.6503)
(2.5568)
(-0.4273)
G4(0.1405)
(0.2150)
(0.2522)
A1(-8.6269)
(10.1645)
(9.8675)
A2(4.0654)
(7.9775)
(2.9066)
A3(-9.6391)
(21.0546)
(-1.7957)
A4(0.1724)
(9.7205)
(-6.3494)
G1(3.1517)
(-0.3230)
(0.8402)
G2(0.4544)
(1.8576)
(0.6705)
G3(-0.1394)
(2.1386)
(-0.5475)
G4(0.5465)
(-0.1378)
(0.8668)
A1(-6.2797)
(6.3803)
(5.7385)
A2(4.3191)
(10.2185)
(4.7357)
A3(-9.1554)
(23.0514)
(-0.0622)
A4(2.4756)
(5.1763)
(-9.3805)
G1(2.0939)
(-0.7950)
(1.1377)
G2(0.6593)
(-0.4209)
(0.7764)
G3(-0.8711)
(1.1504)
(-0.1117)
G4(0.4651)
(0.3129)
(0.6912)
A1(-6.6103)
(11.0842)
(1.8873)
A2(-2.8299)
(11.3342)
(3.3088)
A3(-4.7166)
(18.4401)
(6.9049)
A4(2.5905)
(9.6391)
(-7.0820)
G1(1.1387)
(-2.0800)
(1.2015)
G2(1.3175)
(-1.5171)
(0.3581)
G3(0.7497)
(2.5877)
(-0.6231)
G4(0.1953)
(0.2341)
(0.6864)
A1(-4.3925)
(10.2076)
(2.2992)
A2(0.5219)
(9.1889)
(-2.7725)
A3(-1.7526)
(9.9216)
(2.0351)
A4(3.3662)
(8.4084)
(-7.2161)
G1(-0.5167)
(0.5140)
(0.7412)
G2(0.5662)
(-0.7263)
(0.5044)
G3(2.0662)
(-1.5766)
(1.6011)
G4(0.2097)
(-0.0271)
(0.9248)
A1(0.0048)
(9.4507)
(-0.9245)
A2(2.9161)
(11.3102)
(-1.8866)
A3(-6.6176)
(15.1792)
(-6.0382)
A4(2.6911)
(4.9895)
(-9.3661)
G1(1.0993)
(2.5813)
(0.9073)
G2(1.2494)
(-0.2543)
(1.0711)
G3(0.9504)
(-0.7471)
(1.1041)
G4(0.1979)
(0.7168)
(0.3028)
