A1(0.8478)
(6.1935)
(-0.4790)
A2(6.2728)
(8.2073)
(3.6583)
A3(0.3304)
(7.0629)
(-8.3462)
A4(-3.9265)
(7.6184)
(-1.0104)
G1(0.7865)
(2.0763)
(-0.4299)
G2(0.0846)
(0.1724)
(0.4427)
G3(-0.5821)
(0.5726)
(-0.5417)
G4(1.2435)
(4.0802)
(-2.9814)
A1(3.6021)
(11.2901)
(-1.5616)
A2(4.4963)
(8.2600)
(7.2065)
A3(-1.1971)
(7.9871)
(-4.4101)
A4(3.4093)
(3.6344)
(-3.7541)
G1(1.1973)
(1.8651)
(-0.3767)
G2(-0.8157)
(1.6873)
(1.0014)
G3(-0.6816)
(0.2134)
(-0.5364)
G4(0.5805)
(4.6517)
(-3.2470)
A1(-4.0236)
(10.4231)
(12.2242)
A2(2.0159)
(4.3862)
(7.5992)
A3(-0.1293)
(10.3813)
(-3.5674)
A4(-0.3448)
(20.2885)
(-5.6790)
G1(-1.3085)
(2.7074)
(-1.3191)
G2(-0.4411)
(2.4509)
(0.7215)
G3(-0.1612)
(0.5098)
(-0.9562)
G4(1.2499)
(-1.0504)
(0.7285)
A1(-14.2983)
(15.1605)
(8.6364)
A2(7.7381)
(7.2927)
(10.2376)
A3(0.8236)
(19.4122)
(8.6814)
A4(-8.0876)
(6.4452)
(-12.9526)
G1(-8.5835)
(4.9407)
(-0.2011)
G2(0.6188)
(2.2647)
(0.1139)
G3(1.1760)
(1.0573)
(-1.9289)
G4(-0.1362)
(2.4041)
(-2.1370)
A1(12.3870)
(15.2946)
(-1.9256)
A2(5.6695)
(5.0326)
(7.4699)
A3(-2.6097)
(41.1515)
(19.5606)
A4(1.4940)
(11.5017)
(-9.6295)
G1(-6.8988)
(8.7979)
(-0.5513)
G2(1.6852)
(0.4491)
(0.2687)
G3(4.1015)
(4.0302)
(-4.3655)
G4(-0.5678)
(2.1891)
(-1.2968)
A1(-3.6835)
(24.4579)
(22.2833)
A2(-2.9736)
(9.6247)
(10.9654)
A3(5.3582)
(32.4271)
(-16.6349)
A4(-6.8570)
(12.0811)
(-2.3846)
G1(-8.8698)
(1.3617)
(-4.0962)
G2(1.7879)
(-0.8306)
(0.2198)
G3(5.5404)
(10.3214)
(-4.4123)
G4(-0.7529)
(1.4750)
(-0.3975)
A1(4.6320)
(-1.5232)
(-6.9120)
A2(7.2161)
(16.3189)
(7.6231)
A3(-35.7215)
(8.7580)
(-22.1368)
A4(3.3758)
(9.0501)
(2.2984)
G1(-5.7857)
(-3.8748)
(-3.5492)
G2(2.7356)
(7.8151)
(1.1648)
G3(-10.3528)
(-3.1916)
(0.1751)
G4(0.2299)
(0.0952)
(-0.8477)
A1(-0.3209)
(-4.1913)
(22.5707)
A2(-0.9098)
(7.6758)
(7.3454)
A3(17.9374)
(22.6491)
(-9.1842)
A4(2.8778)
(2.9497)
(-3.5482)
G1(-5.7160)
(-0.5906)
(-2.5270)
G2(0.8184)
(3.7626)
(-0.1389)
G3(-16.5945)
(1.7006)
(0.8775)
G4(1.0339)
(1.9853)
(-0.5960)
A1(-8.0856)
(3.3866)
(12.8181)
A2(4.6160)
(3.9265)
(5.0805)
A3(-19.9102)
(32.9346)
(-8.4611)
A4(-5.9855)
(8.1068)
(-4.6974)
G1(-7.3384)
(0.4065)
(-1.0206)
G2(0.9030)
(0.8764)
(-0.6433)
G3(-15.2589)
(1.3026)
(2.7079)
G4(1.3308)
(2.1098)
(-0.5683)
A1(1.2646)
(14.1881)
(-18.6668)
A2(-0.8667)
(1.3599)
(4.4245)
A3(18.1145)
(45.2313)
(11.3485)
A4(-3.8595)
(13.5991)
(-9.7779)
G1(-4.0653)
(-2.2514)
(-0.0176)
G2(0.1203)
(1.1302)
(-0.2868)
G3(-12.4951)
(3.1033)
(-0.9376)
G4(1.5069)
(2.7388)
(-1.0312)
A1(-1.0969)
(-2.6345)
(-0.2491)
A2(-10.8074)
(8.8107)
(1.3647)
A3(11.8848)
(-8.0637)
(-34.4526)
A4(1.1492)
(-3.6296)
(-14.1066)
G1(1.2574)
(-0.4975)
(2.9713)
G2(0.2618)
(3.8259)
(1.2467)
G3(-3.0974)
(3.2746)
(0.2075)
G4(0.2921)
(0.1325)
(0.4800)
A1(-0.1533)
(3.6740)
(1.3891)
A2(-5.9280)
(11.8369)
(5.0757)
A3(-11.4156)
(-3.9600)
(-21.5574)
A4(-2.7916)
(9.3230)
(-6.6176)
G1(3.8371)
(0.5438)
(3.6721)
G2(-1.2824)
(5.2174)
(0.2900)
G3(-0.2565)
(-2.2200)
(3.3779)
G4(-0.4071)
(1.1499)
(-1.0685)
A1(-3.5782)
(1.8729)
(9.8531)
A2(10.1849)
(7.5465)
(-4.0510)
A3(6.8570)
(-3.3567)
(-19.0962)
A4(6.0478)
(12.0524)
(-1.9489)
G1(4.7496)
(-0.4608)
(3.9488)
G2(-0.2661)
(-1.0908)
(0.3688)
G3(4.1430)
(3.4641)
(1.1462)
G4(-0.8317)
(0.6774)
(-0.5007)
A1(-13.7522)
(1.3173)
(10.2315)
A2(-2.0830)
(7.1443)
(-0.5507)
A3(4.6448)
(8.3031)
(-8.3749)
A4(-3.8738)
(0.0048)
(-14.8297)
G1(4.4362)
(0.5922)
(4.6326)
G2(0.9136)
(0.1676)
(0.7907)
G3(4.8428)
(1.1079)
(3.6843)
G4(0.0325)
(-2.1449)
(0.8402)
A1(4.7757)
(7.0509)
(7.1898)
A2(-4.1851)
(11.4682)
(5.5354)
A3(-9.0549)
(23.0418)
(8.7197)
A4(3.7397)
(2.4469)
(-8.0110)
G1(1.9199)
(0.1399)
(4.8013)
G2(0.6343)
(-1.6139)
(0.0032)
G3(7.2862)
(2.7228)
(3.5737)
G4(-0.3086)
(-0.1171)
(-0.6178)
A1(-13.4648)
(12.0134)
(10.9692)
A2(-4.5586)
(11.3868)
(10.2137)
A3(-7.4651)
(21.1169)
(6.4739)
A4(-3.9983)
(9.3182)
(-4.6974)
G1(3.3768)
(-3.8961)
(2.1386)
G2(-0.3618)
(-1.9023)
(-0.2597)
G3(7.3969)
(1.6102)
(2.9649)
G4(0.0420)
(1.5575)
(-0.9450)
A1(-9.2065)
(7.3000)
(8.4736)
A2(0.7901)
(6.9623)
(0.3831)
A3(-12.2056)
(15.8161)
(0.4693)
A4(-5.3056)
(8.3701)
(-5.0709)
G1(2.3807)
(-1.9305)
(1.4101)
G2(0.0910)
(1.1568)
(0.2469)
G3(4.3043)
(-0.0772)
(2.1497)
G4(0.1527)
(0.7891)
(-0.1634)
A1(-9.2017)
(10.5860)
(5.8007)
A2(1.6616)
(10.8457)
(5.3870)
A3(-9.5720)
(19.0962)
(2.4517)
A4(-0.2634)
(8.2744)
(-7.6998)
G1(2.0013)
(0.5231)
(0.6992)
G2(0.0490)
(-0.1245)
(0.6327)
G3(1.7645)
(0.5529)
(0.6912)
G4(0.1330)
(-0.4422)
(0.2565)
A1(-5.9828)
(7.6401)
(3.6979)
A2(-0.9529)
(10.0078)
(1.3647)
A3(-6.3015)
(14.6334)
(1.1971)
A4(-0.2298)
(8.6335)
(-7.4939)
G1(1.2153)
(0.3666)
(0.1703)
G2(0.7513)
(-0.4864)
(-0.3230)
G3(0.3512)
(0.6784)
(0.0878)
G4(0.0623)
(0.5353)
(0.0521)
A1(-2.5291)
(8.5454)
(3.3099)
A2(-2.1835)
(11.0660)
(0.9194)
A3(-7.1012)
(11.2767)
(1.3216)
A4(0.2825)
(7.4460)
(-5.7557)
G1(1.5660)
(-0.8354)
(0.1953)
G2(0.6800)
(-0.7801)
(-0.1681)
G3(0.1378)
(0.6673)
(-0.0378)
G4(0.2118)
(0.4864)
(0.3485)
