A1(3.5877)
(10.7536)
(-0.8383)
A2(6.2010)
(6.1435)
(5.7413)
A3(0.9816)
(5.6934)
(-10.3621)
A4(-7.0677)
(0.8140)
(4.0797)
G1(1.5484)
(2.6584)
(-0.6295)
G2(-1.2462)
(0.8524)
(1.1148)
G3(0.0484)
(1.1536)
(-1.2366)
G4(-0.7343)
(-0.6577)
(-1.7033)
A1(-7.4820)
(7.1372)
(5.2259)
A2(4.6400)
(6.7325)
(6.5122)
A3(-4.7549)
(17.6692)
(3.0215)
A4(-14.6142)
(1.3551)
(-11.6646)
G1(-5.7032)
(5.8474)
(-0.7774)
G2(0.4502)
(3.7977)
(-0.1591)
G3(0.5502)
(1.9209)
(-2.0428)
G4(0.0745)
(-2.1439)
(-0.5146)
A1(9.6088)
(28.0361)
(10.3992)
A2(9.0070)
(7.4939)
(8.4994)
A3(-3.1220)
(28.3282)
(16.2279)
A4(12.1051)
(16.0412)
(-14.0348)
G1(-8.6931)
(6.9254)
(-1.3952)
G2(2.2099)
(1.7358)
(-0.7849)
G3(2.8628)
(5.4313)
(-3.9483)
G4(-0.3916)
(3.3699)
(-1.3675)
A1(-4.0332)
(24.5442)
(4.9769)
A2(-18.6987)
(19.4936)
(2.5474)
A3(27.6722)
(9.6965)
(-33.5476)
A4(0.4932)
(16.5056)
(0.3256)
G1(-8.7421)
(-2.0550)
(-4.8539)
G2(1.9741)
(5.1487)
(-0.0399)
G3(-1.8927)
(-1.9507)
(0.9759)
G4(-0.6306)
(1.8023)
(-1.0765)
A1(4.4931)
(7.3815)
(-1.3125)
A2(12.4738)
(21.9165)
(8.5281)
A3(-8.4851)
(10.8984)
(-33.3895)
A4(2.3511)
(0.0670)
(-3.3327)
G1(-6.2300)
(-0.1543)
(-1.0791)
G2(1.6495)
(8.0322)
(1.2090)
G3(-10.0293)
(-5.2929)
(4.8779)
G4(-1.2100)
(2.3945)
(-1.4165)
A1(-11.0889)
(-0.0910)
(34.7134)
A2(0.6081)
(5.6982)
(8.6239)
A3(9.4236)
(19.5798)
(14.3077)
A4(-5.1380)
(2.8922)
(-4.7453)
G1(-4.6959)
(2.0305)
(-1.9667)
G2(1.2733)
(0.8312)
(0.7593)
G3(-16.4263)
(8.8097)
(-1.0956)
G4(0.8583)
(2.9240)
(-1.4516)
A1(8.2724)
(3.9470)
(-7.6928)
A2(-5.4300)
(1.6616)
(4.6448)
A3(9.0740)
(42.5019)
(47.7978)
A4(-5.6264)
(15.8592)
(0.8667)
G1(-5.2025)
(-7.5219)
(-0.4832)
G2(-1.9177)
(5.9873)
(-0.9450)
G3(-11.6272)
(6.6860)
(-5.4706)
G4(2.2519)
(0.8264)
(2.3961)
A1(4.9960)
(-8.2580)
(2.1268)
A2(-11.3389)
(5.2385)
(5.7892)
A3(8.3510)
(-6.6702)
(-39.6001)
A4(13.8002)
(-9.1506)
(-13.6853)
G1(-0.0798)
(-0.9764)
(2.7383)
G2(1.2095)
(1.4782)
(1.7890)
G3(-2.8223)
(-0.5071)
(1.3117)
G4(0.9754)
(0.6790)
(0.4826)
A1(-4.4643)
(-2.6249)
(4.5122)
A2(5.2289)
(6.8043)
(0.9050)
A3(8.6287)
(1.0104)
(-10.7308)
A4(13.4363)
(0.1772)
(-10.2711)
G1(3.5088)
(0.8104)
(3.0330)
G2(-0.6337)
(-0.5486)
(-1.4681)
G3(4.0441)
(2.5722)
(2.0188)
G4(-0.1490)
(1.4708)
(-0.2879)
A1(-7.2904)
(-2.6489)
(4.4883)
A2(1.9632)
(9.9503)
(-1.4796)
A3(-3.4572)
(4.2713)
(-4.1324)
A4(-0.2490)
(16.4913)
(-6.5505)
G1(3.3071)
(0.4704)
(4.0563)
G2(0.4571)
(-1.9544)
(-0.4502)
G3(6.4497)
(-0.3017)
(3.9105)
G4(-0.2144)
(-0.7976)
(0.3257)
A1(-9.4124)
(8.2532)
(9.7717)
A2(-0.6800)
(8.1547)
(2.9544)
A3(-4.4867)
(14.3317)
(0.7326)
A4(0.3065)
(5.1906)
(-5.8419)
G1(3.1847)
(0.3597)
(4.5144)
G2(0.2112)
(-0.9168)
(0.2522)
G3(7.9977)
(1.9401)
(2.8835)
G4(0.1075)
(0.6902)
(-0.7359)
A1(-6.9503)
(7.3623)
(9.4172)
A2(0.7087)
(11.8321)
(8.5617)
A3(-4.0127)
(14.5663)
(-1.7430)
A4(0.6081)
(10.2568)
(-4.0031)
G1(3.0064)
(-1.2515)
(4.0446)
G2(-0.6151)
(-0.1256)
(1.3670)
G3(6.1858)
(0.4395)
(1.2244)
G4(0.3086)
(0.7955)
(-0.1868)
A1(-6.2031)
(13.4983)
(5.9971)
A2(5.6120)
(7.4364)
(4.8363)
A3(-7.9392)
(20.5231)
(-3.0167)
A4(4.5681)
(21.0546)
(-3.5578)
G1(3.3316)
(-0.7540)
(1.5958)
G2(0.9839)
(1.0962)
(1.2467)
G3(2.3801)
(1.5453)
(-0.8535)
G4(0.1383)
(-0.4395)
(-0.0750)
A1(-5.2738)
(6.7492)
(6.9791)
A2(-0.4166)
(8.8298)
(-0.6129)
A3(-6.8809)
(23.4344)
(-0.7470)
A4(0.6081)
(10.4531)
(-7.8338)
G1(1.8906)
(-0.9120)
(0.8423)
G2(1.5905)
(1.3744)
(0.0085)
G3(-0.3586)
(3.3108)
(-1.1222)
G4(-0.1607)
(0.7620)
(0.0319)
A1(-4.2583)
(14.0923)
(6.9360)
A2(3.3998)
(12.5600)
(4.0941)
A3(-2.3463)
(13.8050)
(-0.1676)
A4(2.1452)
(7.0390)
(-6.1818)
G1(1.5804)
(0.0889)
(1.0860)
G2(1.1111)
(-1.2829)
(0.4869)
G3(-0.5694)
(1.0318)
(0.3831)
G4(0.0447)
(0.4768)
(0.3400)
A1(5.9349)
(15.5197)
(6.1552)
A2(2.1165)
(11.5401)
(-2.0830)
A3(-18.6556)
(26.9396)
(19.3691)
A4(3.2226)
(8.6287)
(-5.7604)
G1(-0.0016)
(-1.1015)
(1.8001)
G2(1.1483)
(1.3223)
(0.5385)
G3(0.1405)
(2.4349)
(-0.4656)
G4(0.2017)
(0.9498)
(0.3278)
A1(-3.1662)
(6.1265)
(-4.1051)
A2(0.7326)
(7.9200)
(-1.0295)
A3(11.5544)
(0.6656)
(-28.7927)
A4(5.6934)
(9.5960)
(-5.6647)
G1(1.2286)
(1.6080)
(0.0803)
G2(0.7843)
(-0.7343)
(0.8519)
G3(2.0901)
(4.6932)
(0.6880)
G4(0.5156)
(1.2590)
(0.0798)
A1(1.5137)
(8.0425)
(4.0332)
A2(1.2115)
(8.5952)
(0.9960)
A3(-2.8012)
(9.5385)
(-4.8842)
A4(1.0008)
(6.8091)
(-5.9472)
G1(2.1588)
(-0.6444)
(0.8418)
G2(0.8689)
(0.6220)
(0.6896)
G3(1.0626)
(0.0591)
(0.6290)
G4(0.5300)
(3.4614)
(-1.7890)
A1(0.4742)
(6.9456)
(2.1986)
A2(6.7516)
(9.0166)
(-2.8156)
A3(4.9129)
(10.0317)
(-2.8635)
A4(2.8491)
(7.4508)
(-1.3503)
G1(-0.4172)
(1.1744)
(0.1421)
G2(-0.3283)
(2.4807)
(0.5273)
G3(0.2043)
(-0.2469)
(0.4252)
G4(0.2836)
(4.2473)
(-2.3072)
A1(0.3736)
(8.8903)
(2.0980)
A2(1.5610)
(8.4467)
(0.3400)
A3(1.9776)
(9.2081)
(-2.8730)
A4(8.9112)
(6.3638)
(-5.0949)
G1(1.0371)
(-0.1676)
(-0.1336)
G2(-0.2437)
(1.5261)
(-0.0293)
G3(0.1224)
(1.1999)
(-0.2410)
G4(-0.2847)
(1.1068)
(-0.5486)
