A1(-1.8681)
(9.8196)
(-1.0730)
A2(3.6009)
(8.0732)
(3.8642)
A3(-0.2011)
(7.3263)
(-7.4460)
A4(6.9671)
(9.2225)
(-1.1971)
G1(0.4683)
(0.9982)
(0.0803)
G2(-0.3900)
(0.3959)
(0.1469)
G3(-0.1570)
(0.2251)
(-0.1591)
G4(0.8540)
(1.7437)
(-0.8508)
A1(0.7951)
(8.5263)
(0.3401)
A2(4.8411)
(8.3366)
(4.0797)
A3(-1.3072)
(8.7676)
(-3.7733)
A4(1.6855)
(8.9639)
(-0.5986)
G1(0.9285)
(1.1696)
(-0.6460)
G2(-0.3171)
(0.5119)
(0.5470)
G3(-0.2288)
(1.1792)
(-0.5438)
G4(1.4825)
(2.4493)
(-2.5738)
A1(0.8383)
(10.9452)
(-2.3806)
A2(5.0566)
(5.8802)
(5.4923)
A3(1.0295)
(8.1403)
(-5.9424)
A4(1.5036)
(5.7796)
(-4.7357)
G1(1.0014)
(1.4787)
(-0.5220)
G2(-0.4789)
(0.9530)
(0.6816)
G3(0.0819)
(0.9227)
(-0.7317)
G4(0.4262)
(1.9874)
(-1.9901)
A1(0.0671)
(12.7655)
(5.9875)
A2(2.0255)
(6.2872)
(4.6304)
A3(2.6767)
(8.2265)
(-4.2282)
A4(0.7518)
(5.6455)
(-3.5721)
G1(1.0977)
(3.3842)
(-0.6284)
G2(-0.3177)
(0.5699)
(0.1735)
G3(0.3374)
(0.0937)
(-0.6470)
G4(1.2702)
(-2.1311)
(0.2496)
A1(-9.4124)
(0.7808)
(12.8756)
A2(3.9552)
(7.1778)
(8.4515)
A3(0.5028)
(13.9151)
(-0.5315)
A4(3.3998)
(5.9759)
(-10.6638)
G1(-5.4361)
(5.8362)
(-0.8487)
G2(-0.1783)
(1.7256)
(-0.2272)
G3(0.7258)
(0.3374)
(-0.7870)
G4(0.9679)
(1.3473)
(-0.7136)
A1(-6.1408)
(14.4659)
(6.7061)
A2(12.0764)
(8.9639)
(10.1801)
A3(-5.8035)
(35.3480)
(5.9807)
A4(-8.1977)
(14.2503)
(-3.0837)
G1(-7.3990)
(3.0155)
(-6.3034)
G2(0.0809)
(0.7354)
(-0.1224)
G3(4.8108)
(2.9942)
(-1.9896)
G4(-0.4736)
(1.7288)
(-0.3065)
A1(0.8478)
(34.0572)
(12.5212)
A2(-12.0333)
(17.0084)
(3.6296)
A3(5.4636)
(18.5263)
(-25.4504)
A4(2.0111)
(15.2942)
(-0.6081)
G1(-10.8461)
(-1.2255)
(-6.1682)
G2(1.9848)
(3.3917)
(-0.3565)
G3(0.1825)
(2.2982)
(-2.9005)
G4(0.1027)
(-0.3906)
(0.2597)
A1(3.1806)
(-4.9864)
(17.0382)
A2(4.3048)
(7.4412)
(4.2473)
A3(-23.3961)
(22.5965)
(-21.7346)
A4(6.0047)
(4.1132)
(-2.4086)
G1(-6.4428)
(-1.8853)
(-1.9470)
G2(1.5735)
(4.7730)
(-0.1235)
G3(-13.8498)
(-6.8366)
(3.8647)
G4(0.3640)
(2.5509)
(-0.6433)
A1(-24.4388)
(-5.2978)
(21.5169)
A2(8.0780)
(5.8754)
(7.2592)
A3(-0.4741)
(21.8303)
(4.6160)
A4(-3.2034)
(9.8928)
(-6.8283)
G1(-6.2358)
(-3.7604)
(-0.5539)
G2(0.5273)
(-1.6783)
(-0.3155)
G3(-16.9451)
(6.8605)
(1.3798)
G4(0.7588)
(3.1576)
(-1.4606)
A1(-7.6066)
(7.4485)
(0.2970)
A2(2.9928)
(2.0877)
(0.6656)
A3(6.3829)
(29.2045)
(-9.9742)
A4(-4.1994)
(9.9886)
(-2.7629)
G1(-1.8645)
(-0.1133)
(1.4293)
G2(-0.4241)
(4.7097)
(0.6119)
G3(-6.5998)
(-2.1598)
(0.8684)
G4(0.4315)
(1.6059)
(-0.2634)
A1(7.4677)
(-9.2256)
(-1.2071)
A2(-8.3558)
(16.2327)
(8.6862)
A3(-2.5666)
(-1.5036)
(-37.8523)
A4(1.2641)
(4.2713)
(-10.4866)
G1(-0.1272)
(-1.3665)
(2.4094)
G2(0.2804)
(3.7918)
(1.3111)
G3(-3.4704)
(5.0998)
(-0.7274)
G4(0.1639)
(-2.3450)
(1.9811)
A1(-2.2322)
(-0.5461)
(3.8656)
A2(22.4528)
(14.0013)
(-0.5698)
A3(-8.6431)
(-4.2856)
(-17.7123)
A4(11.6215)
(7.6998)
(-7.9535)
G1(3.4912)
(0.9285)
(3.3454)
G2(0.6870)
(-0.7966)
(-0.5507)
G3(2.6212)
(0.4544)
(2.0534)
G4(0.4853)
(2.6904)
(-0.9333)
A1(-3.4967)
(-0.2922)
(7.4868)
A2(-8.2983)
(4.7740)
(4.3814)
A3(0.2490)
(2.8060)
(-8.1738)
A4(0.6416)
(14.7196)
(4.5107)
G1(3.8296)
(0.6364)
(4.0339)
G2(0.3890)
(-3.6588)
(0.3730)
G3(4.8326)
(2.4530)
(2.1125)
G4(-0.4140)
(-2.0843)
(0.3783)
A1(-5.0679)
(3.3003)
(7.4820)
A2(2.4565)
(9.2177)
(6.4165)
A3(-3.8355)
(16.1609)
(8.3175)
A4(5.2768)
(15.2319)
(-3.7062)
G1(2.3317)
(1.8927)
(5.2323)
G2(0.5869)
(-0.9041)
(1.1291)
G3(6.7780)
(4.2138)
(2.4999)
G4(-0.4358)
(1.2106)
(-0.6242)
A1(-3.2045)
(12.5403)
(5.6331)
A2(-1.7238)
(10.0221)
(2.8204)
A3(-6.4117)
(19.5702)
(2.4660)
A4(-1.8866)
(2.3607)
(-9.4140)
G1(2.4355)
(-0.5651)
(4.2266)
G2(0.2751)
(-0.6226)
(0.6875)
G3(6.1560)
(4.2617)
(2.7335)
G4(0.4252)
(0.8035)
(-0.1548)
A1(-11.0506)
(7.8078)
(5.1780)
A2(0.6225)
(10.8745)
(3.2082)
A3(-13.3740)
(16.7738)
(-2.3032)
A4(-1.7573)
(11.8274)
(-2.4852)
G1(2.1439)
(0.5092)
(1.8784)
G2(0.4773)
(2.5568)
(0.7476)
G3(1.3713)
(2.2290)
(1.1169)
G4(0.2059)
(0.4177)
(-0.2581)
A1(-6.8450)
(9.2208)
(4.0811)
A2(2.5474)
(7.1874)
(2.5235)
A3(-13.4219)
(17.1712)
(-1.5227)
A4(6.1387)
(8.8873)
(-7.5561)
G1(1.9853)
(-0.2645)
(2.2822)
G2(0.6955)
(0.2150)
(0.5156)
G3(0.7811)
(2.9394)
(0.3437)
G4(0.7290)
(0.7375)
(0.3480)
A1(-7.3240)
(7.7838)
(0.8335)
A2(-0.0958)
(10.8793)
(1.4892)
A3(-10.7212)
(10.7069)
(-2.2122)
A4(3.6583)
(7.5992)
(-6.9192)
G1(2.2530)
(-2.7372)
(0.3672)
G2(1.2675)
(-0.6960)
(0.4087)
G3(0.6529)
(0.6109)
(0.7162)
G4(0.0660)
(0.5795)
(0.2251)
A1(-6.9120)
(10.0926)
(2.7734)
A2(0.4597)
(7.5226)
(4.2329)
A3(-9.8162)
(9.0357)
(4.6112)
A4(-0.0431)
(8.8825)
(-6.8187)
G1(-0.9333)
(1.1903)
(0.2384)
G2(-0.5380)
(-0.1666)
(0.1469)
G3(-0.6407)
(-0.6747)
(1.2515)
G4(0.1846)
(0.4800)
(0.4119)
A1(1.1688)
(12.4589)
(2.5579)
A2(5.0374)
(5.1906)
(-2.9353)
A3(-2.7581)
(17.9374)
(2.3320)
A4(1.4653)
(7.1778)
(-7.2161)
G1(1.6033)
(0.2602)
(0.7035)
G2(1.5676)
(-0.3549)
(1.4165)
G3(0.9200)
(-0.1979)
(1.1898)
G4(0.2144)
(1.8911)
(-0.1240)
