A1(-0.8287)
(7.3192)
(6.2941)
A2(1.6472)
(9.7396)
(-1.1444)
A3(-1.2977)
(6.7181)
(-2.8970)
A4(-0.2346)
(9.2943)
(-3.9217)
G1(-0.1884)
(-1.0312)
(0.1389)
G2(-0.1932)
(-1.2286)
(-0.0575)
G3(0.3783)
(-2.1114)
(1.3505)
G4(0.2293)
(-0.6678)
(0.2049)
A1(0.6993)
(6.1744)
(8.8041)
A2(0.4645)
(9.5002)
(-1.1396)
A3(2.5762)
(6.2393)
(-4.1851)
A4(0.0335)
(9.9216)
(-1.7621)
G1(0.5044)
(-0.8301)
(0.3384)
G2(-0.0532)
(-1.3111)
(0.0543)
G3(0.6125)
(-0.6987)
(1.6224)
G4(0.5374)
(-0.6492)
(0.1527)
A1(0.1293)
(5.5229)
(8.3826)
A2(-2.2889)
(9.9216)
(0.0096)
A3(4.5873)
(5.5545)
(-2.5426)
A4(-0.1197)
(10.7595)
(-0.6321)
G1(0.4805)
(-0.7891)
(0.4001)
G2(0.8344)
(-0.9791)
(0.2799)
G3(0.1027)
(-1.0962)
(2.0502)
G4(0.9323)
(-0.6502)
(0.1639)
A1(-5.1637)
(5.4463)
(7.2856)
A2(-0.6752)
(9.0453)
(0.0048)
A3(1.2833)
(7.0150)
(-0.6416)
A4(1.5036)
(12.9814)
(1.4796)
G1(0.9807)
(-0.8950)
(0.8274)
G2(0.4603)
(-0.9030)
(0.2246)
G3(0.5066)
(-0.6843)
(1.8363)
G4(1.7682)
(-0.5071)
(0.0463)
A1(-8.3586)
(13.3786)
(7.6353)
A2(-1.7669)
(8.6622)
(1.7190)
A3(1.8962)
(7.0342)
(-4.3670)
A4(0.7997)
(35.1612)
(-6.2537)
G1(2.6962)
(-9.6270)
(-0.2538)
G2(0.0410)
(-1.1057)
(0.2437)
G3(1.1494)
(1.5862)
(-0.5188)
G4(4.1946)
(-2.4557)
(1.7985)
A1(0.0719)
(11.8362)
(3.4201)
A2(-1.7621)
(7.7668)
(1.4796)
A3(-0.2298)
(2.4325)
(-9.4044)
A4(-9.9264)
(3.8116)
(-22.6683)
G1(0.0670)
(-2.3360)
(-0.8620)
G2(-1.1387)
(-0.9179)
(0.3459)
G3(-0.3288)
(2.1513)
(-0.7120)
G4(-1.0674)
(2.0178)
(4.4197)
A1(2.3471)
(10.5812)
(5.9061)
A2(2.8778)
(12.2104)
(8.3989)
A3(-6.2776)
(9.5050)
(-9.0405)
A4(-5.8035)
(37.4693)
(-30.0089)
G1(0.6306)
(-2.2237)
(0.2932)
G2(-2.7446)
(-4.3346)
(1.1792)
G3(-0.0553)
(-2.8984)
(1.5639)
G4(-5.5622)
(1.1196)
(1.8102)
A1(4.0428)
(5.6570)
(5.2930)
A2(9.9551)
(-1.4557)
(10.5441)
A3(9.6486)
(12.4355)
(-4.2186)
A4(-2.7390)
(5.6599)
(-23.0035)
G1(-1.5788)
(0.2379)
(0.5561)
G2(-7.0547)
(-5.6149)
(2.7212)
G3(-0.4097)
(-1.5628)
(0.3916)
G4(-9.5190)
(2.6175)
(1.7416)
A1(0.9005)
(4.2679)
(3.9518)
A2(-4.1084)
(40.7541)
(19.8336)
A3(0.0383)
(20.5806)
(3.6679)
A4(3.4333)
(10.3573)
(-14.5855)
G1(-1.8140)
(-3.3284)
(0.2687)
G2(-7.7204)
(-4.0818)
(3.0708)
G3(0.6055)
(-0.8711)
(0.1671)
G4(-11.9289)
(1.5421)
(3.3858)
A1(-6.1552)
(9.9585)
(-2.7686)
A2(9.5529)
(11.5975)
(11.8274)
A3(-0.8140)
(12.0811)
(-3.2753)
A4(4.5011)
(5.6886)
(-10.5393)
G1(-0.0734)
(-0.7689)
(-0.2969)
G2(-7.2394)
(-2.8298)
(5.0013)
G3(0.1942)
(-1.2840)
(0.5459)
G4(-11.1355)
(-0.6279)
(5.9400)
A1(-4.8188)
(11.6158)
(7.1276)
A2(3.9361)
(3.8020)
(3.8164)
A3(0.5698)
(4.7262)
(-5.7604)
A4(0.8571)
(12.9766)
(-9.9455)
G1(-0.2863)
(-4.3883)
(1.2531)
G2(-6.6296)
(-0.4906)
(4.0355)
G3(0.9472)
(0.0431)
(-0.5092)
G4(-2.9820)
(1.8262)
(4.2989)
A1(-17.6705)
(7.7120)
(-8.1095)
A2(-2.7198)
(1.4269)
(6.7804)
A3(1.5610)
(9.5146)
(-7.2161)
A4(-31.3018)
(-2.2889)
(-14.6717)
G1(-0.7418)
(-0.9296)
(-0.2746)
G2(-5.4589)
(0.7466)
(3.2321)
G3(1.1419)
(-1.1488)
(0.8046)
G4(-2.3791)
(4.8779)
(-2.4892)
A1(3.1375)
(7.9515)
(3.7506)
A2(1.4988)
(-6.7373)
(5.3056)
A3(5.5162)
(9.2033)
(-6.6559)
A4(3.0311)
(-3.7254)
(-9.8306)
G1(0.5199)
(1.7278)
(-0.3097)
G2(-4.0723)
(1.4782)
(2.0646)
G3(1.0828)
(-4.5426)
(0.8929)
G4(-0.4406)
(2.6026)
(-4.3841)
A1(-1.6190)
(11.1752)
(0.6562)
A2(11.3054)
(-2.2218)
(7.3885)
A3(0.2538)
(-3.8116)
(-10.4675)
A4(-3.3662)
(-1.2977)
(-9.9982)
G1(0.1133)
(0.8173)
(0.1985)
G2(-4.3154)
(0.2097)
(1.3207)
G3(-0.4188)
(1.6075)
(0.0788)
G4(3.4076)
(-0.0202)
(-4.7342)
A1(2.5962)
(9.3358)
(1.1161)
A2(-5.9376)
(8.8346)
(-1.4844)
A3(1.6424)
(1.7765)
(-8.7532)
A4(-0.2298)
(4.0127)
(-4.4628)
G1(0.9461)
(1.6602)
(0.0734)
G2(-2.2737)
(4.2500)
(-0.3294)
G3(1.8986)
(0.5960)
(-0.4289)
G4(3.4816)
(-2.1151)
(-3.6370)
A1(2.5339)
(12.0278)
(6.7827)
A2(10.9463)
(-3.4620)
(4.2282)
A3(8.8825)
(8.0637)
(-9.0836)
A4(9.6678)
(18.0379)
(1.6233)
G1(1.8299)
(1.6490)
(-0.2331)
G2(0.2086)
(2.0492)
(-0.9631)
G3(0.1086)
(-1.0791)
(1.9518)
G4(4.8800)
(-3.1304)
(-2.4738)
A1(7.5778)
(13.7283)
(8.5406)
A2(1.5706)
(-0.5986)
(6.0238)
A3(12.3301)
(17.6070)
(-6.6607)
A4(10.3382)
(14.7243)
(-4.5011)
G1(-0.1176)
(-3.2187)
(-0.1149)
G2(4.8002)
(0.6933)
(-2.9820)
G3(-0.2410)
(2.4296)
(-0.6093)
G4(3.1741)
(-2.6345)
(-3.2650)
A1(7.5874)
(11.5584)
(-3.2860)
A2(9.1506)
(-7.0246)
(11.0325)
A3(-2.0016)
(-7.8913)
(-11.6071)
A4(15.9454)
(16.1896)
(-2.4708)
G1(1.2180)
(1.5735)
(-0.8594)
G2(4.1441)
(-2.1758)
(-2.6297)
G3(-0.6896)
(-1.2159)
(0.7519)
G4(2.5520)
(-2.8000)
(-2.7845)
A1(-2.3806)
(11.3093)
(3.9805)
A2(14.7818)
(-2.6145)
(8.9304)
A3(-5.6647)
(79.0039)
(-19.3835)
A4(11.7699)
(17.1185)
(-3.7972)
G1(-0.0367)
(-1.2819)
(-0.2879)
G2(3.4523)
(-2.5579)
(-3.8866)
G3(-1.8539)
(-0.8195)
(0.9626)
G4(1.6703)
(-0.4837)
(-2.2854)
A1(3.2141)
(9.4124)
(1.3316)
A2(3.7062)
(-0.1963)
(12.0811)
A3(6.0813)
(-8.4180)
(-0.8523)
A4(11.1570)
(17.9326)
(-0.2586)
G1(1.6676)
(2.7904)
(-0.5390)
G2(3.2347)
(-1.0749)
(-4.9673)
G3(-0.7732)
(-0.2464)
(-0.1687)
G4(0.9381)
(-0.6306)
(-1.0014)
