A1(-1.4801)
(11.7021)
(3.5782)
A2(3.6679)
(5.5929)
(8.5952)
A3(-2.5187)
(6.9576)
(-10.1227)
A4(1.7190)
(-6.1339)
(-3.8259)
G1(1.6256)
(1.9082)
(-1.4628)
G2(-1.6288)
(2.4238)
(1.5820)
G3(-0.2698)
(1.1983)
(-1.1903)
G4(1.0254)
(1.4085)
(-2.3934)
A1(-2.5770)
(3.7410)
(6.4522)
A2(3.0406)
(5.4348)
(4.1659)
A3(-2.2122)
(12.3589)
(-4.6735)
A4(9.3805)
(18.9573)
(-2.3607)
G1(-2.0311)
(4.9008)
(-0.5864)
G2(-0.5369)
(2.3530)
(1.2702)
G3(0.0383)
(0.3081)
(-1.0701)
G4(1.2249)
(1.3675)
(-0.0883)
A1(-0.1389)
(21.0235)
(9.0915)
A2(0.5746)
(9.0166)
(6.3877)
A3(-6.7852)
(26.6379)
(13.9965)
A4(1.9680)
(3.3854)
(-12.5648)
G1(-9.3902)
(5.1115)
(-3.0277)
G2(2.4227)
(0.9738)
(-0.9594)
G3(3.7780)
(3.3725)
(-3.0197)
G4(-0.4645)
(2.5669)
(-1.3925)
A1(0.3593)
(36.6438)
(18.7338)
A2(5.4300)
(10.2711)
(10.6542)
A3(-2.0782)
(34.4909)
(-2.8635)
A4(-4.1707)
(9.4475)
(-9.1842)
G1(-9.4035)
(2.6654)
(-5.1344)
G2(1.9481)
(-0.3884)
(-0.1650)
G3(3.5354)
(8.6953)
(-6.1693)
G4(-1.1510)
(0.8785)
(-0.9679)
A1(7.7982)
(6.3372)
(-2.3471)
A2(6.5314)
(14.0540)
(3.7062)
A3(-12.5648)
(-1.1013)
(-32.8676)
A4(0.9816)
(0.8428)
(-1.7430)
G1(-6.0586)
(1.0467)
(-1.9560)
G2(1.7134)
(7.8572)
(0.7790)
G3(-11.5740)
(-6.8084)
(4.9774)
G4(-1.0589)
(2.2131)
(-0.9982)
A1(0.6706)
(-7.5443)
(-2.7878)
A2(1.3503)
(13.4794)
(3.8499)
A3(-23.7648)
(1.0678)
(-9.6151)
A4(4.1611)
(6.0334)
(0.3160)
G1(-3.4428)
(1.8028)
(-3.1836)
G2(1.7161)
(2.3700)
(0.6886)
G3(-14.9816)
(4.4687)
(2.3599)
G4(0.2522)
(2.7170)
(-0.8264)
A1(9.1538)
(12.9044)
(-14.8922)
A2(2.1691)
(3.4524)
(1.2306)
A3(2.9975)
(39.7581)
(42.0326)
A4(-6.6655)
(13.6278)
(-5.8227)
G1(-4.3521)
(-4.8236)
(-1.1244)
G2(0.5454)
(5.0817)
(-0.4507)
G3(-11.6123)
(3.3076)
(-3.5364)
G4(1.7251)
(1.7086)
(0.1926)
A1(-8.5263)
(2.3375)
(2.9698)
A2(-0.1293)
(1.3743)
(3.8211)
A3(17.5447)
(15.5958)
(-16.8552)
A4(5.7748)
(-4.2521)
(-8.4898)
G1(-0.8216)
(-0.8556)
(0.7487)
G2(0.4044)
(0.8743)
(1.1217)
G3(-5.3344)
(1.9720)
(-3.3768)
G4(-0.0846)
(-3.6652)
(2.2460)
A1(1.3700)
(6.4474)
(0.2395)
A2(11.0085)
(9.8833)
(-0.5076)
A3(-19.7426)
(-2.2266)
(-16.2806)
A4(7.6758)
(9.2273)
(-3.7206)
G1(4.2542)
(-1.6309)
(3.7067)
G2(-0.6742)
(3.3113)
(-0.8833)
G3(1.5974)
(-0.5593)
(2.7138)
G4(0.3938)
(1.2691)
(-0.5757)
A1(-7.4294)
(-3.6069)
(10.0256)
A2(8.1020)
(8.5234)
(-3.7685)
A3(9.6869)
(-9.2943)
(-17.2526)
A4(0.0239)
(4.0175)
(-10.6829)
G1(4.6379)
(-0.8684)
(2.6276)
G2(-0.2426)
(-3.5066)
(-0.2565)
G3(5.3573)
(1.6964)
(2.9351)
G4(0.2022)
(1.0451)
(-0.4023)
A1(-7.4677)
(3.6740)
(5.8917)
A2(7.3263)
(9.8210)
(0.0814)
A3(-1.8962)
(20.7098)
(3.4381)
A4(0.1149)
(4.2138)
(-6.8761)
G1(3.6774)
(0.1548)
(4.6879)
G2(-0.5295)
(0.9349)
(0.1958)
G3(6.9962)
(-1.3404)
(4.1457)
G4(0.2921)
(1.4404)
(-0.3257)
A1(-2.3998)
(11.3955)
(10.6195)
A2(-2.8491)
(13.0771)
(5.7030)
A3(-6.5266)
(20.4082)
(2.3224)
A4(2.1548)
(11.0708)
(-4.9895)
G1(3.8477)
(1.1994)
(5.3318)
G2(0.5023)
(-1.2664)
(0.9237)
G3(9.0326)
(1.4670)
(2.4153)
G4(0.4055)
(0.8386)
(-0.1660)
A1(-6.5671)
(13.1055)
(8.7035)
A2(-3.0981)
(10.7931)
(4.5011)
A3(-8.0924)
(18.1768)
(-3.2274)
A4(-1.8435)
(11.2384)
(-6.8809)
G1(3.8057)
(-1.6235)
(2.0976)
G2(0.9892)
(1.7666)
(0.7088)
G3(2.0598)
(2.5653)
(0.7306)
G4(0.0250)
(0.1410)
(0.3916)
A1(-11.1225)
(11.1273)
(7.7982)
A2(5.6312)
(8.8921)
(2.6528)
A3(-7.3406)
(17.3149)
(-1.6233)
A4(2.6863)
(11.4874)
(-3.3950)
G1(3.2209)
(-0.0756)
(1.6054)
G2(0.9599)
(-0.1676)
(0.9743)
G3(-0.6657)
(2.5371)
(0.3874)
G4(0.6689)
(0.7503)
(-0.0835)
A1(2.5100)
(10.4135)
(2.6154)
A2(-1.5802)
(13.9151)
(3.0406)
A3(-18.3061)
(13.4075)
(8.8250)
A4(3.7637)
(9.7923)
(-4.2713)
G1(-0.3475)
(-0.6742)
(-0.3661)
G2(2.3067)
(1.4766)
(0.6279)
G3(-1.9172)
(-2.0790)
(3.5029)
G4(0.6566)
(0.8902)
(-0.0213)
A1(4.6320)
(11.6111)
(-1.5280)
A2(-0.1628)
(4.5586)
(1.8962)
A3(-9.4954)
(10.1562)
(1.1923)
A4(1.5945)
(5.6312)
(-5.1619)
G1(0.6864)
(0.8141)
(1.1047)
G2(1.3505)
(-0.3975)
(0.3177)
G3(1.1393)
(2.0215)
(-0.3613)
G4(1.1935)
(2.3828)
(-0.5997)
A1(-0.3066)
(8.5694)
(0.2443)
A2(3.1603)
(4.7453)
(-7.5992)
A3(1.3982)
(9.0453)
(-3.4285)
A4(13.6517)
(2.8012)
(4.9608)
G1(0.3741)
(0.6476)
(-0.2735)
G2(0.0420)
(0.9349)
(0.5986)
G3(0.8455)
(0.9956)
(0.0255)
G4(1.5128)
(8.9751)
(-3.0698)
A1(4.6559)
(5.2499)
(2.0262)
A2(1.5850)
(7.3933)
(2.8539)
A3(1.0870)
(9.6726)
(-4.1803)
A4(10.7978)
(6.0094)
(-4.0462)
G1(0.2192)
(-1.1871)
(0.6135)
G2(-1.3899)
(2.9314)
(-0.0165)
G3(0.6987)
(0.3060)
(-0.0229)
G4(-1.2239)
(-1.5516)
(-1.0834)
A1(-2.6154)
(9.5753)
(0.2347)
A2(4.2617)
(5.2241)
(-5.4205)
A3(1.6855)
(8.9830)
(-2.3128)
A4(13.0388)
(-10.0652)
(3.2944)
G1(0.0766)
(-1.0531)
(0.4161)
G2(0.3592)
(2.5249)
(-0.5720)
G3(0.4337)
(0.0734)
(-0.0527)
G4(0.1458)
(2.3040)
(-1.2909)
A1(0.0240)
(10.7776)
(4.5793)
A2(8.8681)
(10.8649)
(3.0885)
A3(1.5131)
(7.3933)
(-6.7421)
A4(3.0167)
(8.3989)
(-1.3503)
G1(1.0201)
(0.7364)
(-0.2251)
G2(0.1107)
(0.2868)
(0.4470)
G3(0.2863)
(-0.0245)
(-0.0021)
G4(0.3017)
(-0.1788)
(-0.3464)
