A1(1.3364)
(11.3907)
(10.3609)
A2(1.2498)
(8.6048)
(0.4501)
A3(-0.7614)
(8.1594)
(0.8428)
A4(1.2354)
(13.7331)
(-0.6369)
G1(1.1765)
(-0.5353)
(0.3592)
G2(0.8822)
(-2.7952)
(0.1830)
G3(0.7944)
(-2.2971)
(2.8191)
G4(0.7029)
(-0.7184)
(0.7918)
A1(-4.2679)
(10.6291)
(15.4766)
A2(-2.4277)
(7.7428)
(0.0479)
A3(1.6281)
(5.2050)
(-3.3327)
A4(3.6679)
(26.8869)
(9.7444)
G1(0.7359)
(-2.6888)
(-0.3602)
G2(0.4736)
(-1.8060)
(0.1942)
G3(0.9631)
(-1.1866)
(2.6132)
G4(2.4222)
(-1.5894)
(0.7822)
A1(-3.3387)
(14.1354)
(5.0152)
A2(-2.6432)
(10.7595)
(3.4141)
A3(5.5067)
(-7.6998)
(-15.1649)
A4(-4.9512)
(14.9255)
(-15.0691)
G1(0.6822)
(-6.1996)
(-0.8508)
G2(0.3943)
(-1.2420)
(0.2496)
G3(0.3182)
(-0.1793)
(-0.0537)
G4(1.4138)
(-2.7420)
(4.9401)
A1(6.8593)
(15.3617)
(4.5601)
A2(0.9002)
(10.8218)
(3.9169)
A3(0.6464)
(13.4458)
(-11.5257)
A4(-16.3716)
(5.1332)
(-27.7536)
G1(0.4049)
(-2.5366)
(-0.2065)
G2(-1.6107)
(-2.5334)
(0.3826)
G3(-1.1137)
(-1.9789)
(1.0977)
G4(-7.9546)
(3.3890)
(-1.4213)
A1(1.3077)
(-0.1198)
(3.4680)
A2(8.3558)
(1.9728)
(9.2799)
A3(9.1602)
(9.3087)
(-8.1499)
A4(9.2320)
(5.8802)
(-32.7670)
G1(-0.3118)
(-1.0855)
(0.1751)
G2(-7.1292)
(-5.2674)
(0.5268)
G3(-1.3569)
(-1.9757)
(0.5268)
G4(-10.3304)
(3.9722)
(-0.1368)
A1(2.3280)
(1.2215)
(3.0273)
A2(9.6822)
(7.5944)
(19.0626)
A3(-1.2929)
(11.9375)
(4.8315)
A4(0.8428)
(6.2489)
(-15.3325)
G1(-0.5321)
(-3.8583)
(-0.6135)
G2(-8.6490)
(-2.6398)
(3.5737)
G3(-0.7785)
(-0.5193)
(-0.1660)
G4(-13.0389)
(0.0905)
(9.0571)
A1(14.5473)
(5.0583)
(5.6618)
A2(0.5507)
(27.4280)
(12.5360)
A3(0.4549)
(-1.6089)
(-0.9002)
A4(3.4141)
(34.1030)
(17.5591)
G1(-0.2384)
(-2.8181)
(-2.0119)
G2(-9.6499)
(-1.4367)
(3.0559)
G3(-0.5608)
(-2.1939)
(0.9567)
G4(-10.8790)
(1.3883)
(9.2157)
A1(-9.3070)
(10.3130)
(-0.9053)
A2(3.3662)
(5.5354)
(-1.4796)
A3(1.7526)
(6.6655)
(1.7430)
A4(-17.3771)
(15.2367)
(-16.7450)
G1(-1.3830)
(-4.1563)
(0.3970)
G2(-6.9643)
(0.6103)
(3.1772)
G3(0.2554)
(-2.0657)
(0.9647)
G4(-3.9158)
(2.0183)
(2.4834)
A1(-0.0048)
(11.3141)
(1.2454)
A2(2.1165)
(-10.7356)
(14.0396)
A3(5.0230)
(8.1403)
(-7.3310)
A4(1.7813)
(-4.3144)
(-11.4012)
G1(-0.4108)
(-0.2607)
(-0.4954)
G2(-4.7746)
(-0.5859)
(4.3835)
G3(1.4042)
(-1.5245)
(0.2778)
G4(1.0004)
(2.2173)
(-3.8488)
A1(-0.2108)
(10.6099)
(3.3051)
A2(-7.6375)
(9.0788)
(4.4293)
A3(1.1636)
(0.9720)
(-13.7092)
A4(-5.7988)
(-4.1372)
(-11.2527)
G1(-0.6109)
(-0.5976)
(0.4539)
G2(-7.0627)
(3.6897)
(0.6768)
G3(1.3292)
(0.2235)
(-0.4651)
G4(3.1560)
(-1.7033)
(-4.0403)
A1(0.5940)
(7.5683)
(3.0465)
A2(11.1235)
(7.6327)
(7.3694)
A3(3.2801)
(6.9097)
(-7.4891)
A4(1.1684)
(5.0374)
(-4.8076)
G1(0.8423)
(0.3650)
(-1.4346)
G2(-1.1446)
(1.1414)
(-0.8822)
G3(0.4443)
(-0.1868)
(0.3677)
G4(3.9728)
(-0.4033)
(-5.2057)
A1(9.2304)
(10.7009)
(5.9444)
A2(-2.1931)
(-9.1075)
(5.0996)
A3(2.0782)
(-3.7828)
(-8.5712)
A4(7.6184)
(11.8369)
(0.3543)
G1(-0.1091)
(-0.3709)
(-0.2996)
G2(0.2208)
(1.2558)
(-2.0279)
G3(0.7450)
(-2.0891)
(0.9802)
G4(4.7587)
(-1.3931)
(-3.8599)
A1(1.7771)
(8.6987)
(1.9352)
A2(4.5298)
(-2.4995)
(5.7509)
A3(3.1173)
(12.3684)
(-2.1835)
A4(12.6127)
(19.0531)
(0.6273)
G1(0.3198)
(0.7322)
(-0.6039)
G2(4.1340)
(0.7311)
(-2.2732)
G3(0.0133)
(-1.4883)
(1.2451)
G4(3.3438)
(-4.2952)
(-2.4759)
A1(3.1758)
(10.5860)
(2.8788)
A2(1.8052)
(-3.2609)
(10.4627)
A3(1.4509)
(11.1235)
(-4.3479)
A4(12.5265)
(17.1616)
(0.7422)
G1(0.2421)
(-1.2457)
(-0.5374)
G2(4.6480)
(0.2629)
(-2.7904)
G3(0.0341)
(0.5571)
(-0.2102)
G4(1.6953)
(-2.4637)
(-2.5797)
A1(0.5556)
(11.8170)
(3.6883)
A2(15.6772)
(0.1245)
(12.7276)
A3(4.5442)
(6.2058)
(-5.8897)
A4(13.3261)
(15.1266)
(-3.0933)
G1(0.2379)
(0.1064)
(-0.8870)
G2(5.2227)
(-1.4665)
(-3.7301)
G3(0.6242)
(-0.2559)
(0.2368)
G4(1.0302)
(-1.6198)
(-2.0422)
A1(2.8501)
(10.4662)
(1.8298)
A2(-1.6376)
(7.4555)
(7.5082)
A3(4.9560)
(9.5433)
(-7.7189)
A4(11.8274)
(9.7779)
(-1.3408)
G1(0.5640)
(0.2277)
(-0.8631)
G2(3.3129)
(-1.6384)
(-4.4101)
G3(0.1634)
(-0.1336)
(0.0601)
G4(-0.0293)
(0.1841)
(-1.0887)
A1(2.9746)
(8.7131)
(2.5435)
A2(11.1809)
(11.3006)
(11.2671)
A3(2.8060)
(6.0525)
(-7.1012)
A4(10.0748)
(8.8729)
(1.0343)
G1(1.0344)
(0.3613)
(-0.8493)
G2(2.2125)
(1.9145)
(-2.2184)
G3(0.1197)
(-0.5071)
(-0.1383)
G4(0.7338)
(-0.0862)
(-0.0639)
A1(1.0155)
(9.2160)
(0.4886)
A2(7.4029)
(7.7907)
(6.1914)
A3(3.9600)
(7.0916)
(-6.7852)
A4(5.8179)
(12.8664)
(4.7501)
G1(0.9865)
(0.7790)
(-0.7455)
G2(2.7303)
(2.2854)
(-1.9704)
G3(0.0984)
(-0.3118)
(-0.3251)
G4(-0.0553)
(1.0562)
(-0.6321)
A1(-0.6610)
(9.3981)
(0.9484)
A2(5.5354)
(7.5800)
(10.4579)
A3(1.8196)
(8.3845)
(-5.7126)
A4(1.7286)
(11.7699)
(-5.2050)
G1(-0.3954)
(0.0128)
(-0.6279)
G2(2.3445)
(1.2813)
(-0.5699)
G3(0.3682)
(-0.1304)
(-0.4507)
G4(-0.0064)
(-0.7162)
(-1.0451)
A1(-4.6559)
(12.6744)
(2.3088)
A2(7.3981)
(6.5314)
(3.2705)
A3(-1.1492)
(8.8633)
(-4.7788)
A4(5.8275)
(7.4603)
(-3.5961)
G1(-1.3734)
(-0.9940)
(0.3235)
G2(1.7437)
(1.4165)
(0.0761)
G3(0.6694)
(-0.4087)
(-0.1602)
G4(0.7072)
(-0.8200)
(-0.3086)
