A1(0.7329)
(10.2555)
(-1.4274)
A2(3.4141)
(9.3709)
(3.0454)
A3(-2.6432)
(8.2552)
(-6.2776)
A4(5.8562)
(6.9719)
(-0.2107)
G1(0.8924)
(1.6166)
(-0.3278)
G2(-0.1841)
(-0.1761)
(0.1825)
G3(-0.5843)
(0.8993)
(-0.2724)
G4(1.3617)
(1.8065)
(-1.7549)
A1(2.1172)
(9.9968)
(0.9915)
A2(3.0550)
(8.8059)
(2.0399)
A3(-0.9002)
(8.2648)
(-4.6639)
A4(1.4748)
(8.1355)
(-3.1891)
G1(1.3915)
(1.4878)
(-0.4810)
G2(-0.3155)
(0.7769)
(-0.0490)
G3(-0.3842)
(0.5662)
(-0.2932)
G4(1.3973)
(3.4034)
(-2.1540)
A1(1.5903)
(9.2496)
(-2.4094)
A2(6.5218)
(6.1244)
(4.8171)
A3(-0.6608)
(9.3948)
(-4.1803)
A4(11.9854)
(6.5218)
(-4.0797)
G1(0.8530)
(2.0066)
(-1.0041)
G2(-1.1073)
(1.7703)
(1.0802)
G3(-0.1144)
(0.8210)
(-0.3320)
G4(1.9310)
(1.7932)
(-0.7779)
A1(3.6165)
(12.5116)
(-1.5328)
A2(1.4940)
(7.3263)
(6.9576)
A3(-1.3934)
(9.1267)
(-1.7717)
A4(-3.8547)
(12.1386)
(-2.7964)
G1(1.6261)
(1.9353)
(-1.2435)
G2(-0.3225)
(2.1700)
(0.8849)
G3(0.3469)
(0.7199)
(-0.5555)
G4(0.6391)
(-1.7033)
(-0.0692)
A1(-10.9931)
(2.6058)
(10.7920)
A2(8.0349)
(6.3063)
(5.1571)
A3(2.3750)
(13.8193)
(0.9768)
A4(-5.5067)
(7.5609)
(-11.1618)
G1(-6.2034)
(3.3358)
(-1.0195)
G2(0.3868)
(1.8400)
(0.4065)
G3(1.2185)
(1.3010)
(-1.4346)
G4(0.2182)
(0.0713)
(-0.8109)
A1(5.1876)
(32.7208)
(-11.5632)
A2(8.7771)
(8.6670)
(6.7421)
A3(5.9089)
(24.3921)
(17.4298)
A4(-1.1444)
(5.8610)
(-10.5824)
G1(-6.0863)
(3.3624)
(-1.7288)
G2(0.8030)
(0.0553)
(0.8700)
G3(3.1847)
(2.1503)
(-2.5893)
G4(-0.1937)
(3.0240)
(-1.5192)
A1(-3.5542)
(37.1036)
(7.9802)
A2(1.0534)
(17.5256)
(4.6974)
A3(1.6376)
(19.1871)
(-16.6158)
A4(0.4836)
(13.6517)
(-2.1069)
G1(-8.2696)
(-1.5399)
(-5.9293)
G2(1.2127)
(4.7220)
(-0.4991)
G3(-0.9088)
(3.5742)
(-3.5439)
G4(-0.5204)
(-0.2671)
(0.2049)
A1(-6.1744)
(8.5694)
(-5.4654)
A2(-4.5729)
(11.4826)
(2.0255)
A3(13.4698)
(13.9678)
(-34.8069)
A4(3.2992)
(13.1825)
(-3.3758)
G1(-6.9744)
(-5.2126)
(-3.9297)
G2(2.0582)
(4.6948)
(-0.1660)
G3(-5.0439)
(-1.6676)
(1.6756)
G4(-0.3294)
(1.6331)
(-1.3425)
A1(8.4257)
(0.1150)
(14.2168)
A2(4.9416)
(10.2520)
(3.9456)
A3(-12.2487)
(14.1114)
(-14.1928)
A4(4.9560)
(1.0726)
(-0.4310)
G1(-5.8256)
(1.1967)
(-1.5979)
G2(1.3462)
(3.3821)
(-0.0436)
G3(-10.8945)
(-6.3332)
(3.7652)
G4(0.3198)
(3.3459)
(-1.7358)
A1(7.6593)
(5.4606)
(12.3918)
A2(-3.4333)
(8.2265)
(9.4858)
A3(3.5386)
(32.1302)
(2.2984)
A4(-5.8658)
(4.4580)
(-7.3310)
G1(-7.6294)
(0.2528)
(-1.7304)
G2(-0.8764)
(1.8076)
(-0.0394)
G3(-13.1756)
(4.6698)
(0.8062)
G4(1.6267)
(1.6469)
(-0.5481)
A1(-2.8980)
(3.9039)
(1.1496)
A2(0.2634)
(1.3072)
(7.5082)
A3(10.6015)
(38.3886)
(7.2496)
A4(-2.8204)
(15.9597)
(-2.8730)
G1(-3.3385)
(-2.1503)
(1.4335)
G2(0.9227)
(7.8763)
(0.6295)
G3(-9.3056)
(2.2657)
(-0.5444)
G4(0.9099)
(-0.9551)
(0.9535)
A1(0.9293)
(2.4285)
(0.0719)
A2(-14.0923)
(8.8538)
(5.2385)
A3(6.4308)
(-5.9903)
(-22.5677)
A4(-0.6464)
(0.0287)
(-10.6542)
G1(2.4073)
(-0.8152)
(2.9123)
G2(1.5128)
(5.3706)
(1.4388)
G3(-4.3745)
(-0.6939)
(3.1246)
G4(0.1687)
(0.2916)
(0.2990)
A1(-2.6249)
(1.5424)
(2.8022)
A2(18.5263)
(9.2081)
(-5.9568)
A3(-2.9544)
(-6.2537)
(-18.3731)
A4(0.3735)
(8.2839)
(-6.0813)
G1(4.9721)
(0.2054)
(3.1687)
G2(-1.1531)
(0.1431)
(-1.4324)
G3(1.4755)
(1.3585)
(1.5378)
G4(-1.2356)
(-0.3863)
(-0.8769)
A1(-4.7709)
(0.6946)
(6.6773)
A2(-0.8380)
(12.5600)
(0.4262)
A3(5.0087)
(-0.5650)
(-15.9550)
A4(15.7778)
(8.1594)
(-2.2841)
G1(5.2594)
(0.9280)
(3.7280)
G2(1.2946)
(-1.5974)
(0.7668)
G3(4.4841)
(0.9706)
(1.7741)
G4(-0.9046)
(1.2148)
(-0.4262)
A1(-15.1030)
(0.0096)
(12.6601)
A2(4.7549)
(13.7523)
(3.2609)
A3(-1.8675)
(17.3915)
(1.0774)
A4(1.3982)
(-5.3103)
(-1.6185)
G1(3.6263)
(2.5483)
(4.2399)
G2(1.0727)
(-0.9280)
(0.2575)
G3(6.6126)
(1.7964)
(2.4041)
G4(1.1009)
(1.7581)
(0.0479)
A1(1.7867)
(8.0808)
(8.4017)
A2(-3.8403)
(5.9472)
(7.6854)
A3(-3.8164)
(23.1759)
(7.7572)
A4(2.7342)
(12.3780)
(-5.3870)
G1(1.7416)
(-0.5390)
(5.6127)
G2(0.2783)
(-1.1121)
(0.4337)
G3(7.4139)
(2.4780)
(2.8197)
G4(0.6604)
(1.4309)
(-0.7114)
A1(-16.7268)
(13.7714)
(6.2510)
A2(-8.7197)
(5.2481)
(1.0008)
A3(-9.2129)
(19.7282)
(-2.5426)
A4(-0.4501)
(7.8051)
(-7.0533)
G1(1.6990)
(0.4821)
(1.5644)
G2(0.1240)
(0.9668)
(-0.2751)
G3(3.3284)
(3.4795)
(2.1673)
G4(0.3102)
(0.8455)
(-0.1240)
A1(-6.5145)
(7.2904)
(5.7049)
A2(5.6934)
(10.7978)
(6.7516)
A3(-16.3093)
(20.3028)
(0.1245)
A4(-1.2402)
(8.2887)
(-6.4452)
G1(1.2595)
(-0.0335)
(1.0935)
G2(-0.3081)
(-0.6987)
(0.6939)
G3(1.4388)
(2.1955)
(1.3606)
G4(0.1548)
(0.5300)
(0.2325)
A1(-4.5745)
(7.7359)
(1.8921)
A2(2.8778)
(10.7931)
(3.1747)
A3(-11.7507)
(13.0005)
(1.0151)
A4(2.2027)
(7.2209)
(-6.2537)
G1(1.1866)
(-0.7439)
(0.3304)
G2(0.5507)
(0.2453)
(0.3544)
G3(0.3624)
(0.9674)
(-0.1788)
G4(-0.0644)
(0.1032)
(0.4374)
A1(-3.2429)
(8.5263)
(2.3854)
A2(-1.5658)
(7.6519)
(0.2346)
A3(-7.3837)
(10.1323)
(-2.7773)
A4(-0.2873)
(8.6862)
(-6.1531)
G1(1.3824)
(0.8908)
(0.0085)
G2(0.4422)
(-0.6061)
(0.0277)
G3(-0.1804)
(1.0041)
(-0.6290)
G4(-0.0649)
(0.4012)
(0.3166)
