A1(0.3257)
(4.4595)
(-5.8247)
A2(7.3406)
(7.9727)
(7.2018)
A3(0.1772)
(9.4379)
(-8.2600)
A4(-3.9217)
(8.6383)
(-3.6488)
G1(-0.2661)
(1.6873)
(-0.5545)
G2(-1.2393)
(0.6768)
(0.9009)
G3(-0.0718)
(0.6779)
(-0.8993)
G4(0.8115)
(3.7487)
(-3.1969)
A1(3.0465)
(8.8280)
(2.8836)
A2(4.6831)
(7.6327)
(5.5210)
A3(1.0774)
(6.7469)
(-5.2289)
A4(0.5698)
(4.3958)
(-5.6695)
G1(1.4239)
(1.7916)
(-0.9312)
G2(-0.2900)
(2.0109)
(0.4688)
G3(-0.0958)
(1.1387)
(-1.4442)
G4(1.1020)
(2.3445)
(-2.9756)
A1(1.8394)
(7.2330)
(3.0656)
A2(1.2450)
(5.1475)
(4.5442)
A3(-0.5411)
(6.5505)
(-4.2425)
A4(5.1667)
(-0.2011)
(-3.1460)
G1(-0.0660)
(2.5105)
(-1.3005)
G2(0.0011)
(1.6224)
(0.2506)
G3(0.1336)
(0.7189)
(-1.1355)
G4(0.5374)
(2.0337)
(-1.4745)
A1(2.5818)
(29.3438)
(-1.1065)
A2(3.3040)
(4.8171)
(2.8060)
A3(-1.8675)
(24.6986)
(14.1880)
A4(-2.9066)
(1.8771)
(-16.3716)
G1(-8.5867)
(7.1936)
(-0.2219)
G2(0.8913)
(2.7755)
(0.4454)
G3(2.7383)
(2.0146)
(-2.5249)
G4(-0.3986)
(2.1136)
(-1.7256)
A1(-5.4559)
(29.2384)
(10.7441)
A2(4.5921)
(10.1083)
(11.2480)
A3(-3.1316)
(27.0066)
(-2.5570)
A4(-1.8100)
(11.4443)
(-12.6558)
G1(-8.9847)
(2.3993)
(-3.9190)
G2(2.1279)
(-0.0160)
(0.2794)
G3(4.4250)
(3.5577)
(-4.1031)
G4(-1.0743)
(0.5545)
(-0.1383)
A1(-1.3173)
(15.5006)
(-8.9047)
A2(-9.2991)
(16.7115)
(4.2760)
A3(8.1451)
(9.7013)
(-32.0679)
A4(4.2808)
(14.8536)
(-0.6369)
G1(-6.3497)
(-1.6277)
(-1.6309)
G2(2.0124)
(7.0989)
(0.2139)
G3(-8.8086)
(-4.1744)
(0.9679)
G4(-1.5133)
(2.5541)
(-1.1962)
A1(4.2200)
(-2.3327)
(-1.1831)
A2(12.3254)
(10.9367)
(3.1843)
A3(-26.9922)
(9.9982)
(-28.9986)
A4(-0.2155)
(-4.5394)
(4.6160)
G1(-6.2183)
(0.5385)
(-0.3315)
G2(2.7659)
(4.3686)
(0.9966)
G3(-10.6375)
(-0.6055)
(4.1675)
G4(0.4417)
(4.9311)
(-0.5188)
A1(-8.2484)
(-6.5624)
(-12.8038)
A2(-1.9585)
(0.5076)
(8.3989)
A3(-5.2768)
(24.4304)
(-2.4804)
A4(-2.1069)
(5.7174)
(-14.9302)
G1(-11.3452)
(-8.6293)
(1.0908)
G2(-1.2052)
(5.3451)
(0.0223)
G3(-17.4363)
(3.9855)
(-4.5756)
G4(1.4053)
(0.4683)
(0.0846)
A1(9.1538)
(-12.9187)
(1.5807)
A2(-8.9160)
(4.3335)
(5.2768)
A3(0.4741)
(16.0842)
(-19.0914)
A4(-4.1037)
(-3.2513)
(-18.6844)
G1(-0.4496)
(0.6364)
(2.0071)
G2(0.4667)
(1.7549)
(0.4172)
G3(-4.6512)
(-0.0154)
(1.0834)
G4(0.3278)
(-0.9770)
(1.5165)
A1(-1.2263)
(1.1831)
(0.9867)
A2(-23.9324)
(8.4755)
(14.2263)
A3(13.3118)
(-14.0300)
(-28.0792)
A4(2.6288)
(-7.2880)
(-18.4354)
G1(1.2042)
(-1.8267)
(2.9426)
G2(-1.0759)
(5.0631)
(1.8055)
G3(-3.1065)
(0.5773)
(3.1065)
G4(-1.1079)
(1.0504)
(-1.4261)
A1(-4.2631)
(-0.4886)
(7.2234)
A2(-0.5219)
(15.7395)
(3.6200)
A3(4.9225)
(-4.0989)
(-13.6182)
A4(-4.9799)
(4.8315)
(-0.5555)
G1(4.2287)
(1.8475)
(3.9616)
G2(-0.4289)
(-2.2982)
(0.2059)
G3(3.8248)
(0.5864)
(2.4514)
G4(-0.3496)
(1.7554)
(-0.4060)
A1(-1.3843)
(-1.6382)
(8.0185)
A2(9.3565)
(9.4763)
(-5.5593)
A3(-0.1772)
(13.8289)
(-5.0422)
A4(-4.0941)
(6.1531)
(-5.0135)
G1(3.7110)
(1.8081)
(4.1531)
G2(1.7592)
(1.5602)
(-0.5635)
G3(5.2690)
(1.3611)
(3.6460)
G4(0.5396)
(1.8725)
(-1.1643)
A1(-5.7001)
(8.4736)
(5.2595)
A2(-2.9497)
(4.7118)
(1.5850)
A3(-1.2306)
(19.2063)
(2.4181)
A4(2.0111)
(7.5800)
(-6.6128)
G1(1.9459)
(-0.2794)
(4.7933)
G2(-0.2437)
(2.2125)
(0.8716)
G3(7.2660)
(2.6792)
(3.2858)
G4(0.9860)
(0.0952)
(-0.3219)
A1(-8.8520)
(8.3826)
(9.2496)
A2(-3.6536)
(5.8706)
(2.5714)
A3(-13.9821)
(19.8000)
(-2.7869)
A4(-1.4365)
(5.7461)
(-8.9878)
G1(2.4584)
(-1.2249)
(1.8044)
G2(0.5577)
(-0.0303)
(0.3762)
G3(3.2427)
(2.6356)
(1.6682)
G4(0.4789)
(0.4800)
(-0.1256)
A1(-11.1368)
(13.3929)
(6.7731)
A2(-0.3879)
(8.6670)
(5.0996)
A3(-13.0484)
(19.1632)
(-2.5809)
A4(-2.8491)
(9.0692)
(-8.9016)
G1(2.0486)
(-1.9076)
(1.2361)
G2(-0.6657)
(-0.3150)
(0.4417)
G3(1.5282)
(2.2115)
(0.7364)
G4(0.1564)
(0.1112)
(0.2581)
A1(-8.0760)
(6.8354)
(2.6537)
A2(2.7485)
(12.0237)
(-1.7478)
A3(-7.8051)
(17.4442)
(-2.2362)
A4(0.3926)
(8.3893)
(-6.6798)
G1(2.0997)
(0.6667)
(0.1767)
G2(0.9482)
(0.7455)
(0.5545)
G3(-1.3665)
(0.2426)
(0.2772)
G4(-0.2219)
(0.3863)
(0.4374)
A1(-3.9278)
(5.3169)
(3.3482)
A2(-1.5945)
(14.4275)
(3.4141)
A3(-9.5624)
(13.4841)
(0.7374)
A4(2.3128)
(7.3789)
(-3.6057)
G1(1.0057)
(0.4060)
(0.3757)
G2(1.0323)
(-1.1424)
(0.7040)
G3(-0.2128)
(0.9386)
(-0.4613)
G4(0.0208)
(0.3762)
(0.6295)
A1(-6.9695)
(9.7094)
(7.7215)
A2(0.9098)
(10.7164)
(0.6895)
A3(-3.7110)
(4.6687)
(-0.5650)
A4(2.3655)
(10.6973)
(-7.7237)
G1(-3.6322)
(3.5582)
(0.3698)
G2(0.6401)
(0.5741)
(0.6114)
G3(-0.0271)
(3.0687)
(-0.5193)
G4(0.4480)
(0.4981)
(0.7519)
A1(7.3862)
(15.4718)
(-0.0192)
A2(1.9585)
(4.4915)
(-0.6991)
A3(7.0342)
(27.8589)
(7.9871)
A4(2.9497)
(3.1077)
(-7.8865)
G1(1.3186)
(-2.4483)
(1.2441)
G2(0.9738)
(0.7194)
(0.9908)
G3(1.3601)
(1.7246)
(1.3675)
G4(0.4539)
(0.8168)
(0.3108)
A1(0.8191)
(13.0002)
(1.4993)
A2(2.4612)
(10.9607)
(0.1915)
A3(1.0104)
(7.4220)
(-5.7652)
A4(3.4237)
(5.3870)
(-7.9918)
G1(0.8838)
(2.7627)
(-0.9929)
G2(-0.1639)
(0.2033)
(0.6008)
G3(0.0218)
(0.8258)
(0.3416)
G4(0.1868)
(2.1221)
(-1.2739)
