A1(-0.5748)
(6.2366)
(5.8391)
A2(-0.3400)
(9.6822)
(-0.2442)
A3(-5.2768)
(9.3805)
(-2.8635)
A4(0.9529)
(8.3175)
(-5.0087)
G1(-0.3342)
(-0.4608)
(-0.6742)
G2(0.2581)
(-1.3399)
(0.0921)
G3(0.4991)
(-0.3986)
(0.6210)
G4(0.1697)
(-0.7221)
(0.3171)
A1(2.0597)
(6.1648)
(7.5252)
A2(-1.2881)
(9.8545)
(0.4501)
A3(-1.2785)
(6.4069)
(-2.8012)
A4(1.9680)
(9.4667)
(-3.4477)
G1(0.3246)
(-0.8285)
(-0.3640)
G2(0.5486)
(-1.3234)
(0.0905)
G3(0.8269)
(-0.0378)
(0.4943)
G4(0.5577)
(-0.7290)
(0.3113)
A1(-1.7579)
(9.9250)
(7.7742)
A2(0.5602)
(9.5002)
(-0.1484)
A3(5.4827)
(5.6072)
(-1.2641)
A4(0.2682)
(19.1392)
(4.1515)
G1(2.8064)
(-3.0144)
(-0.2714)
G2(0.7625)
(-1.0972)
(0.2767)
G3(-1.6027)
(-2.3780)
(2.5376)
G4(2.0146)
(-2.0609)
(1.3713)
A1(8.7897)
(15.9508)
(-5.8822)
A2(-1.9728)
(8.7293)
(2.1739)
A3(-1.8627)
(4.7788)
(-5.2529)
A4(2.3655)
(45.7005)
(14.8584)
G1(2.7968)
(-2.2636)
(0.0527)
G2(0.5896)
(-0.6731)
(0.2549)
G3(0.6598)
(-1.3462)
(1.4314)
G4(3.7243)
(-2.1678)
(1.4894)
A1(-4.2200)
(10.8494)
(1.3987)
A2(-2.7342)
(9.0261)
(2.2266)
A3(-4.1515)
(50.8050)
(-9.9407)
A4(0.6129)
(8.1642)
(-23.8893)
G1(1.9284)
(-6.1124)
(-0.8466)
G2(0.2740)
(-0.2097)
(0.6726)
G3(-0.8514)
(0.2240)
(1.5144)
G4(1.0919)
(1.6059)
(2.5196)
A1(-0.2251)
(3.0369)
(1.7627)
A2(6.2489)
(5.4875)
(5.3295)
A3(5.4205)
(12.5887)
(-12.8329)
A4(-5.8658)
(13.2543)
(-32.4175)
G1(0.0846)
(0.5901)
(-0.2405)
G2(-5.3030)
(-4.3670)
(0.1027)
G3(-1.3031)
(-1.7198)
(0.5193)
G4(-6.7727)
(3.1006)
(0.6423)
A1(10.6578)
(-4.5601)
(3.1375)
A2(-3.2896)
(27.3897)
(16.1752)
A3(2.4708)
(18.8711)
(4.0989)
A4(3.5338)
(4.7166)
(-15.9310)
G1(-3.0416)
(-3.2762)
(0.6167)
G2(-10.1538)
(-5.6420)
(1.0690)
G3(-1.0483)
(-1.1792)
(0.0208)
G4(-12.0992)
(0.7700)
(2.3099)
A1(1.6095)
(7.5060)
(0.5413)
A2(-3.9648)
(26.3602)
(24.5980)
A3(1.0918)
(-1.1157)
(3.1795)
A4(-5.7078)
(18.1433)
(16.9462)
G1(0.3283)
(-1.5059)
(-0.9285)
G2(-8.8927)
(-2.6191)
(2.1806)
G3(0.9557)
(-3.9861)
(1.0786)
G4(-12.3604)
(0.1447)
(8.0668)
A1(5.9875)
(5.5517)
(1.7244)
A2(12.0428)
(9.9551)
(0.8619)
A3(4.3479)
(-7.0725)
(-2.3942)
A4(21.7346)
(32.2834)
(-7.4843)
G1(-0.7497)
(-4.4261)
(0.0165)
G2(-7.7023)
(0.4491)
(3.7599)
G3(-1.4750)
(-4.0196)
(3.2209)
G4(-5.1258)
(4.2021)
(4.3734)
A1(-18.4081)
(9.5992)
(3.9230)
A2(-1.3551)
(3.8307)
(-3.4572)
A3(11.3868)
(24.1479)
(-19.9389)
A4(-19.5415)
(-4.5825)
(-22.1128)
G1(-1.5937)
(-0.6731)
(0.9179)
G2(-7.3054)
(0.5896)
(0.6417)
G3(2.7909)
(3.1629)
(2.7276)
G4(-3.1533)
(4.0595)
(-1.1068)
A1(1.2023)
(10.3848)
(4.0955)
A2(-3.7637)
(-9.4619)
(9.8641)
A3(6.9767)
(-3.2465)
(-13.3788)
A4(-5.3678)
(-8.8442)
(-9.6007)
G1(-0.2927)
(-0.8232)
(-0.7593)
G2(-5.1482)
(2.3019)
(1.1393)
G3(1.1393)
(-1.7565)
(1.2302)
G4(3.3624)
(-2.4036)
(-2.9559)
A1(1.0730)
(10.9596)
(3.9278)
A2(9.9264)
(14.2742)
(1.6472)
A3(-7.4939)
(7.3694)
(-14.5280)
A4(-4.9847)
(0.9720)
(-8.4420)
G1(-0.1607)
(-0.4262)
(-0.2724)
G2(-3.9334)
(3.7812)
(-0.2820)
G3(0.6321)
(0.2437)
(-0.3874)
G4(3.3965)
(-2.8394)
(-3.7301)
A1(4.9769)
(9.1969)
(2.7543)
A2(2.0877)
(-10.5680)
(3.9409)
A3(3.5961)
(6.4021)
(-5.4971)
A4(4.0845)
(13.0628)
(0.0000)
G1(0.2772)
(-0.2863)
(-0.8088)
G2(0.0287)
(0.7221)
(-1.4862)
G3(-0.0867)
(0.5076)
(-0.2134)
G4(3.5199)
(-1.3186)
(-4.6358)
A1(3.8751)
(9.5753)
(3.1710)
A2(6.0765)
(3.5099)
(3.7972)
A3(1.8004)
(6.6798)
(-6.6128)
A4(13.0532)
(16.5727)
(0.2729)
G1(-0.2666)
(-1.2169)
(-0.2570)
G2(4.3037)
(0.1235)
(-3.4923)
G3(-0.1596)
(0.8604)
(-0.3879)
G4(4.8039)
(-5.7404)
(-0.9440)
A1(-1.6430)
(10.6099)
(1.8442)
A2(5.1332)
(-4.4005)
(10.0844)
A3(4.4915)
(12.4546)
(-3.4381)
A4(10.0748)
(11.9088)
(-7.7524)
G1(0.3390)
(-0.4135)
(-0.4209)
G2(4.3287)
(-0.7902)
(-2.9128)
G3(0.1011)
(-0.3688)
(0.1671)
G4(2.1183)
(-5.4430)
(-2.2572)
A1(2.9602)
(9.3502)
(1.0634)
A2(11.7076)
(0.8332)
(9.9838)
A3(-0.3208)
(8.9878)
(-8.8011)
A4(14.4370)
(12.6222)
(-7.3789)
G1(0.8822)
(-0.3528)
(-0.7801)
G2(2.1849)
(-1.5213)
(-4.7933)
G3(0.0101)
(-1.2537)
(0.4289)
G4(-0.8131)
(-2.9447)
(-1.3952)
A1(3.1231)
(10.8494)
(2.4094)
A2(1.7813)
(7.8673)
(4.0510)
A3(5.0757)
(6.5266)
(-6.9288)
A4(6.3494)
(17.0611)
(-2.0638)
G1(0.7237)
(1.0328)
(-0.6013)
G2(2.5563)
(-1.9305)
(-4.5549)
G3(-0.0266)
(-0.4629)
(0.0803)
G4(0.2261)
(-1.0972)
(-1.0397)
A1(-0.3161)
(9.2496)
(-1.5759)
A2(13.2208)
(7.4699)
(6.6702)
A3(3.6871)
(12.6749)
(-5.4827)
A4(19.5941)
(9.0836)
(5.8658)
G1(0.4608)
(-0.0809)
(-0.7567)
G2(3.0437)
(0.4943)
(-3.1666)
G3(-0.0261)
(-0.0447)
(-0.6103)
G4(0.8828)
(4.2170)
(-1.9481)
A1(-0.1437)
(10.4902)
(-0.1533)
A2(6.7229)
(11.4539)
(3.8116)
A3(1.6712)
(7.4220)
(-7.9392)
A4(8.4467)
(15.2606)
(0.5219)
G1(-0.3751)
(0.7966)
(-0.9966)
G2(2.7840)
(0.3688)
(-1.8816)
G3(0.2677)
(-0.2517)
(-0.4566)
G4(-0.7460)
(1.4080)
(-0.9301)
A1(-3.0608)
(9.0532)
(-0.2299)
A2(8.4898)
(8.9112)
(3.7158)
A3(0.6943)
(9.6630)
(-5.5450)
A4(3.5147)
(7.3885)
(-0.9529)
G1(0.1570)
(1.0754)
(-0.3310)
G2(2.2237)
(2.9463)
(-1.0201)
G3(0.4087)
(-0.5875)
(-0.4566)
G4(0.2288)
(-0.1442)
(-0.8583)
