A1(2.0166)
(5.5804)
(9.3502)
A2(2.0399)
(10.5680)
(2.6049)
A3(4.7118)
(6.1483)
(-3.0742)
A4(0.1532)
(8.0062)
(-6.4787)
G1(0.4262)
(-1.1685)
(0.0979)
G2(-0.4028)
(-1.8379)
(0.2049)
G3(0.3555)
(-0.7785)
(1.7294)
G4(0.2384)
(-0.5555)
(0.5060)
A1(1.4562)
(5.4223)
(9.1346)
A2(-0.7470)
(9.9311)
(3.2848)
A3(2.8060)
(4.2090)
(-2.2936)
A4(0.2777)
(9.1459)
(-5.9137)
G1(-0.0527)
(-1.0413)
(0.3597)
G2(0.4789)
(-2.1279)
(-0.3294)
G3(0.4661)
(-1.4500)
(1.7070)
G4(0.3560)
(-0.7359)
(0.7407)
A1(2.7878)
(14.2647)
(7.6880)
A2(-1.8435)
(9.9599)
(1.4796)
A3(-0.5028)
(4.7453)
(-1.2019)
A4(3.8307)
(39.1691)
(16.0986)
G1(0.6758)
(-3.2986)
(0.0426)
G2(0.5491)
(-0.7189)
(-0.1756)
G3(1.1180)
(-0.9317)
(1.2276)
G4(3.1762)
(-3.6487)
(2.3205)
A1(-0.9772)
(18.1686)
(0.9820)
A2(-0.5363)
(9.7588)
(1.8387)
A3(-0.4214)
(10.7212)
(-1.9824)
A4(2.4517)
(18.1576)
(-17.2622)
G1(1.9513)
(-5.9533)
(-0.3512)
G2(0.9067)
(-0.6827)
(0.0708)
G3(0.3081)
(2.1609)
(-1.0025)
G4(3.1512)
(1.2308)
(1.7586)
A1(8.4305)
(14.2025)
(4.4356)
A2(3.0981)
(4.2042)
(3.0598)
A3(3.6296)
(12.2918)
(-8.9016)
A4(-17.8895)
(1.9632)
(-28.8501)
G1(2.0917)
(-1.2281)
(0.1123)
G2(-2.1806)
(-4.4985)
(1.1765)
G3(-1.0206)
(-1.3893)
(0.5752)
G4(-7.1745)
(2.7723)
(-2.3780)
A1(0.7760)
(1.4131)
(2.9555)
A2(-1.9728)
(6.4596)
(15.6629)
A3(8.1690)
(6.8378)
(-8.6239)
A4(7.4172)
(16.0890)
(-14.8010)
G1(-1.9124)
(-1.5011)
(0.3858)
G2(-9.9377)
(-1.4793)
(-0.1719)
G3(-1.3015)
(0.0612)
(-0.6992)
G4(-10.4427)
(4.8220)
(-0.3347)
A1(0.5844)
(3.4967)
(4.0572)
A2(3.1316)
(20.0251)
(26.7720)
A3(-4.1946)
(9.7109)
(9.7636)
A4(4.1324)
(23.5637)
(-0.9050)
G1(-0.7247)
(-3.4891)
(0.2128)
G2(-8.3435)
(-3.7376)
(1.8033)
G3(0.0665)
(-3.2624)
(0.3352)
G4(-10.1884)
(-2.8085)
(8.9906)
A1(10.2124)
(3.2285)
(-1.2167)
A2(1.9824)
(16.4960)
(3.8020)
A3(3.1651)
(2.7198)
(-0.8236)
A4(10.4531)
(25.2828)
(-3.2992)
G1(-1.1510)
(-0.5997)
(-2.7100)
G2(-6.2018)
(-0.2921)
(3.1469)
G3(0.4693)
(-2.8106)
(1.1871)
G4(-6.1619)
(1.3782)
(4.7693)
A1(0.0671)
(11.2518)
(4.4212)
A2(-1.4461)
(-9.6103)
(-3.6919)
A3(0.9146)
(14.7100)
(-17.5543)
A4(-21.9309)
(-3.6823)
(-8.8681)
G1(-0.5890)
(0.7066)
(0.6550)
G2(-4.1531)
(-3.6609)
(1.5101)
G3(2.4419)
(-1.7645)
(1.2313)
G4(-2.1269)
(3.5710)
(-2.4733)
A1(-4.9912)
(9.7813)
(-4.1242)
A2(-7.8913)
(-2.0830)
(8.1738)
A3(4.3958)
(16.0938)
(0.9242)
A4(4.4149)
(-5.5881)
(-13.6326)
G1(0.5390)
(-0.0021)
(-0.6274)
G2(-5.4409)
(1.5788)
(2.6739)
G3(1.4021)
(0.3938)
(0.1362)
G4(3.7647)
(2.1370)
(-6.5705)
A1(9.4603)
(3.5303)
(6.1744)
A2(6.3255)
(-2.8970)
(5.6264)
A3(3.3806)
(-2.5139)
(-5.6503)
A4(0.0144)
(10.3956)
(-5.8706)
G1(-0.2730)
(-0.9051)
(-0.7040)
G2(-1.7725)
(1.8438)
(-0.8833)
G3(0.6673)
(0.7029)
(-0.0128)
G4(3.3763)
(-1.4559)
(-3.7152)
A1(0.5461)
(11.2997)
(0.4742)
A2(2.0494)
(-3.3040)
(2.2314)
A3(1.5419)
(17.8224)
(-9.2464)
A4(9.9024)
(18.0475)
(0.8859)
G1(0.9504)
(-1.6650)
(-1.3856)
G2(-0.0362)
(1.6554)
(-1.6639)
G3(0.6391)
(-0.3209)
(0.9647)
G4(4.6342)
(-4.5682)
(-2.1120)
A1(1.2933)
(8.1287)
(7.8940)
A2(6.2728)
(-5.9951)
(7.3215)
A3(5.7221)
(8.3606)
(-3.6344)
A4(10.3190)
(18.3013)
(-5.8849)
G1(-1.3244)
(-0.2224)
(-0.2810)
G2(4.9992)
(-1.7304)
(-3.2645)
G3(-0.6742)
(-1.1680)
(0.8205)
G4(4.1026)
(-4.2574)
(-2.1449)
A1(0.7377)
(16.9472)
(-2.2753)
A2(5.0470)
(-3.9983)
(10.4052)
A3(-15.0739)
(37.0479)
(-9.3805)
A4(9.8928)
(10.0604)
(-9.2656)
G1(0.2086)
(-1.2036)
(-0.3704)
G2(4.0840)
(-1.4979)
(-4.8337)
G3(0.5060)
(-1.4473)
(0.6284)
G4(1.8124)
(-1.0759)
(-2.9596)
A1(7.0461)
(10.5812)
(1.8394)
A2(5.6264)
(8.9352)
(3.6536)
A3(-0.6895)
(10.3430)
(-8.7388)
A4(14.3700)
(10.9176)
(-22.7210)
G1(2.7367)
(0.4347)
(-1.4261)
G2(1.7182)
(1.3047)
(-4.9582)
G3(-0.1969)
(-0.9323)
(0.1777)
G4(-2.4637)
(-5.6638)
(0.7460)
A1(-0.1437)
(5.9444)
(-1.3460)
A2(9.3613)
(8.1499)
(13.5320)
A3(6.7516)
(7.3789)
(-7.5178)
A4(17.1473)
(10.3573)
(4.5011)
G1(-0.2033)
(0.3310)
(-0.5848)
G2(2.9367)
(1.2483)
(-3.3720)
G3(-0.1830)
(0.1213)
(-0.4262)
G4(-1.7358)
(0.2134)
(-1.1153)
A1(-2.3711)
(9.4028)
(0.6131)
A2(11.7795)
(9.4619)
(6.5457)
A3(0.8859)
(9.5146)
(-3.5769)
A4(6.5027)
(9.8785)
(-1.1684)
G1(0.4246)
(1.2707)
(-0.9802)
G2(2.9490)
(0.2895)
(-2.2711)
G3(0.4560)
(-0.2762)
(-0.4661)
G4(0.4310)
(2.2806)
(-1.1531)
A1(-1.8825)
(9.3502)
(-1.5663)
A2(4.4532)
(10.6829)
(2.1069)
A3(-1.3647)
(6.0430)
(-5.1523)
A4(3.9121)
(9.7492)
(-3.7589)
G1(0.2639)
(0.4528)
(-0.2863)
G2(3.9291)
(1.4697)
(-0.7402)
G3(0.7444)
(-0.2927)
(-0.6188)
G4(0.3076)
(-0.7758)
(-0.4358)
A1(-2.7303)
(8.7897)
(-0.6706)
A2(-1.4030)
(6.8283)
(6.0286)
A3(0.3160)
(6.3446)
(-7.1730)
A4(1.3360)
(7.5753)
(-7.4747)
G1(0.5688)
(-0.1133)
(-0.5028)
G2(-0.8801)
(1.9518)
(-1.3468)
G3(0.4810)
(-0.3501)
(-0.5044)
G4(-0.3017)
(-0.7019)
(-0.3624)
A1(-3.2955)
(10.5429)
(-3.7075)
A2(4.6735)
(13.2112)
(2.2697)
A3(-1.0534)
(4.3862)
(-7.8865)
A4(-0.1724)
(9.5672)
(-4.7932)
G1(1.4154)
(-1.4213)
(-0.4794)
G2(-0.6359)
(1.5665)
(-0.3879)
G3(0.0926)
(-1.2606)
(0.0740)
G4(-0.4906)
(-0.6902)
(-0.4071)
