A1(1.8585)
(7.1946)
(5.5660)
A2(0.4741)
(9.7205)
(-0.6847)
A3(-1.7957)
(11.7986)
(-0.1053)
A4(-0.0766)
(9.4858)
(-3.6152)
G1(-1.1941)
(-0.8487)
(-0.3826)
G2(-0.0005)
(-0.2916)
(-0.1149)
G3(0.6119)
(-0.8030)
(0.4523)
G4(0.0250)
(0.1453)
(0.0011)
A1(-0.2156)
(6.8210)
(6.9168)
A2(-0.3352)
(9.5529)
(-1.4748)
A3(0.2442)
(6.4308)
(-2.8826)
A4(0.7757)
(9.3326)
(-2.8204)
G1(0.4933)
(-0.3613)
(0.0431)
G2(0.4736)
(-0.9019)
(0.0378)
G3(0.3443)
(-0.9360)
(0.7615)
G4(0.3698)
(-0.2395)
(0.0612)
A1(2.2992)
(5.7672)
(8.2197)
A2(-1.8914)
(9.3422)
(0.8380)
A3(5.0278)
(5.3870)
(-2.3511)
A4(0.7374)
(10.3430)
(-1.5083)
G1(0.4746)
(-0.5406)
(0.1064)
G2(0.3688)
(-0.5076)
(-0.1352)
G3(0.4528)
(-0.7503)
(1.5224)
G4(0.6274)
(-0.4523)
(0.1410)
A1(0.1772)
(10.9692)
(13.9438)
A2(-0.4597)
(9.6726)
(-0.1915)
A3(1.3838)
(7.9200)
(-1.2402)
A4(9.9407)
(25.3163)
(5.5641)
G1(0.9961)
(-1.3186)
(-1.0397)
G2(0.5374)
(-0.2081)
(0.1953)
G3(0.7327)
(-0.5555)
(1.9954)
G4(2.9660)
(-1.7469)
(0.2240)
A1(7.5156)
(12.8660)
(1.4801)
A2(-1.0247)
(9.4188)
(2.2505)
A3(-6.5410)
(11.1666)
(-1.8723)
A4(1.8675)
(43.2297)
(17.5687)
G1(2.0508)
(-9.5339)
(0.5502)
G2(0.7380)
(-0.4986)
(0.3427)
G3(1.0717)
(2.2152)
(-0.9126)
G4(4.5772)
(-2.6856)
(0.6439)
A1(2.8884)
(12.4685)
(3.5542)
A2(3.5578)
(16.4769)
(5.2481)
A3(1.2067)
(11.6358)
(-4.0175)
A4(-4.6495)
(39.1308)
(-42.1667)
G1(-0.0644)
(0.0378)
(0.8210)
G2(-1.5399)
(-3.1251)
(1.2079)
G3(-0.4709)
(-1.7187)
(1.1930)
G4(-2.1183)
(4.4878)
(5.8272)
A1(4.8427)
(6.8450)
(8.7370)
A2(12.3780)
(4.4388)
(8.6191)
A3(3.2609)
(14.1833)
(1.6951)
A4(-13.3740)
(-12.1769)
(-29.2715)
G1(-0.6800)
(1.9667)
(0.8562)
G2(-5.4589)
(-7.2687)
(2.0449)
G3(-0.2815)
(-2.8718)
(1.2228)
G4(-10.7460)
(4.0542)
(0.7748)
A1(0.7137)
(4.9194)
(2.8836)
A2(4.3862)
(16.6158)
(5.0422)
A3(6.6367)
(3.7685)
(-9.3565)
A4(8.3893)
(25.9292)
(12.7180)
G1(-1.0727)
(-1.8353)
(-0.6917)
G2(-7.3735)
(-5.6063)
(4.2947)
G3(0.7769)
(0.6572)
(0.0447)
G4(-12.8851)
(-5.1322)
(5.2434)
A1(14.3557)
(7.5778)
(2.1172)
A2(11.1330)
(28.1798)
(12.2583)
A3(-6.2824)
(5.5929)
(-6.6702)
A4(-7.6375)
(32.0679)
(5.7317)
G1(-0.5007)
(-5.2642)
(-1.1749)
G2(-8.8251)
(0.7923)
(4.6406)
G3(0.3352)
(-1.7182)
(0.8663)
G4(-10.2634)
(1.7044)
(7.7433)
A1(-5.9875)
(9.3502)
(-3.1087)
A2(-6.6176)
(-5.5545)
(5.2241)
A3(5.1954)
(-0.2251)
(-7.1730)
A4(-34.9649)
(-6.9767)
(-18.6221)
G1(0.2485)
(1.9183)
(-0.0867)
G2(-3.6599)
(0.0357)
(3.1070)
G3(1.0131)
(-3.0330)
(1.7565)
G4(-2.4286)
(1.4537)
(-1.0254)
A1(3.1806)
(10.5908)
(-1.2550)
A2(12.3158)
(-14.3269)
(8.3653)
A3(1.5706)
(14.0348)
(-8.6335)
A4(14.0109)
(3.6679)
(-6.8235)
G1(1.2095)
(-0.5130)
(-0.3406)
G2(-4.0866)
(-2.8032)
(2.3370)
G3(1.0307)
(-1.6086)
(0.2496)
G4(2.6898)
(1.9310)
(-4.7007)
A1(9.6232)
(12.3391)
(6.2510)
A2(6.3973)
(4.5729)
(8.5090)
A3(-1.1061)
(3.5386)
(-10.4483)
A4(-0.1867)
(6.8091)
(-3.1987)
G1(0.2666)
(1.1345)
(-0.0575)
G2(-1.2792)
(2.4280)
(-1.1217)
G3(-0.3272)
(-0.3602)
(0.6651)
G4(3.5082)
(-1.3063)
(-4.0872)
A1(8.6412)
(5.5612)
(5.7672)
A2(3.5434)
(-11.0421)
(5.4444)
A3(1.5083)
(10.4962)
(-7.6614)
A4(7.6519)
(16.9366)
(-0.9816)
G1(-0.7545)
(-0.5289)
(-0.1192)
G2(-0.0878)
(1.5256)
(-1.4782)
G3(-0.6715)
(0.7497)
(-0.1990)
G4(5.0471)
(-2.5265)
(-3.5540)
A1(3.8272)
(7.9131)
(4.1961)
A2(6.0238)
(-3.7397)
(10.0269)
A3(5.9903)
(1.2689)
(-1.1349)
A4(7.3694)
(15.8927)
(-7.1730)
G1(-0.2299)
(0.0803)
(-0.7508)
G2(5.1498)
(0.0080)
(-2.6781)
G3(-0.2629)
(-0.2847)
(-0.1203)
G4(3.7972)
(-1.8640)
(-3.0815)
A1(1.5328)
(11.8793)
(1.8250)
A2(11.7843)
(-7.9535)
(9.1937)
A3(-0.7757)
(6.2824)
(-5.3965)
A4(15.2319)
(12.7898)
(-6.8857)
G1(0.4688)
(-0.6912)
(-0.6902)
G2(4.0882)
(-1.8757)
(-3.8067)
G3(0.0995)
(-0.9190)
(0.5507)
G4(1.4021)
(-3.0400)
(-1.3537)
A1(1.9879)
(12.4828)
(0.6754)
A2(0.2203)
(6.0478)
(7.9487)
A3(4.2473)
(7.4268)
(-5.1427)
A4(14.1880)
(11.3533)
(-3.9648)
G1(1.0914)
(0.1628)
(-0.4879)
G2(2.8548)
(-0.5177)
(-5.3270)
G3(0.0702)
(-0.8258)
(0.3549)
G4(1.1903)
(-0.6050)
(-2.4749)
A1(0.2874)
(9.3933)
(-0.4215)
A2(12.3206)
(12.6510)
(8.8250)
A3(4.8602)
(7.6375)
(-6.7756)
A4(2.7102)
(25.2349)
(2.7150)
G1(0.8817)
(0.3049)
(-1.0440)
G2(3.0485)
(1.4990)
(-3.3640)
G3(0.1767)
(-0.1862)
(-0.1357)
G4(-0.0176)
(-0.3517)
(-0.0426)
A1(1.1640)
(8.5981)
(-0.7951)
A2(7.6279)
(12.9909)
(6.1675)
A3(0.9529)
(7.4220)
(-6.2872)
A4(3.7110)
(10.0556)
(2.0686)
G1(1.0802)
(0.8620)
(-0.8354)
G2(3.1027)
(0.4225)
(-1.8124)
G3(0.1027)
(0.2522)
(-0.5353)
G4(-0.0239)
(0.7716)
(-0.5513)
A1(-0.7472)
(9.2783)
(-0.4934)
A2(9.8306)
(6.5649)
(1.4126)
A3(3.4620)
(7.7668)
(-5.9999)
A4(4.6208)
(9.4236)
(-1.0391)
G1(0.8349)
(0.9142)
(-0.8226)
G2(4.1542)
(2.0609)
(-0.2437)
G3(0.1719)
(-0.1266)
(-0.4848)
G4(0.2001)
(-0.0027)
(-0.6481)
A1(-2.4142)
(8.3251)
(-4.1913)
A2(-0.2394)
(8.1977)
(2.6288)
A3(0.0192)
(7.3406)
(-6.7133)
A4(1.1253)
(8.6191)
(-2.7007)
G1(1.2856)
(0.1761)
(-0.4959)
G2(0.4571)
(1.5868)
(-0.8056)
G3(0.2788)
(0.2602)
(-0.6337)
G4(0.2134)
(-0.2469)
(-0.3906)
