A1(0.1629)
(8.1383)
(5.0200)
A2(0.7853)
(9.4188)
(-0.7853)
A3(-1.0391)
(10.0078)
(-0.0383)
A4(0.5124)
(8.9783)
(-4.6160)
G1(-0.8727)
(-0.2905)
(0.1878)
G2(0.0580)
(0.1027)
(0.0016)
G3(0.3922)
(-0.0511)
(0.1176)
G4(-0.0309)
(-0.0835)
(0.0793)
A1(-0.9628)
(8.5311)
(6.3564)
A2(0.3160)
(9.2177)
(-1.0774)
A3(-1.3455)
(9.9216)
(-0.5794)
A4(0.5315)
(9.3613)
(-3.9456)
G1(-1.0350)
(-0.5864)
(0.0819)
G2(0.2794)
(-0.4268)
(0.0388)
G3(0.6396)
(-0.6816)
(0.6093)
G4(0.2006)
(-0.3794)
(0.1570)
A1(-1.8106)
(6.7587)
(6.1025)
A2(0.1963)
(9.5864)
(-0.1867)
A3(1.7286)
(8.3510)
(-1.2498)
A4(1.0391)
(11.0564)
(0.7853)
G1(-0.5087)
(-1.2286)
(-0.2006)
G2(0.1751)
(-0.7359)
(0.1868)
G3(0.5114)
(-0.9732)
(1.2515)
G4(1.1047)
(-0.6816)
(0.3501)
A1(6.9647)
(17.5794)
(6.1073)
A2(-0.9242)
(9.5002)
(0.0239)
A3(-5.9616)
(13.8720)
(-5.2529)
A4(1.3024)
(28.9507)
(11.5401)
G1(2.1779)
(-6.3236)
(-0.1437)
G2(0.3624)
(-1.0084)
(0.2490)
G3(1.9247)
(0.0170)
(0.0713)
G4(3.3076)
(-2.4908)
(1.4947)
A1(7.3815)
(9.2687)
(4.6990)
A2(5.6934)
(5.6886)
(6.8857)
A3(6.3303)
(10.4579)
(-6.8091)
A4(-26.0920)
(9.7444)
(-35.0511)
G1(-0.6087)
(-1.9497)
(0.4581)
G2(-3.9456)
(-3.2922)
(0.3773)
G3(-0.9051)
(-1.7629)
(1.4718)
G4(-9.2699)
(2.7904)
(1.3649)
A1(-3.6500)
(6.4187)
(-0.7664)
A2(-5.9137)
(15.2032)
(12.7419)
A3(2.1308)
(14.2263)
(-0.9290)
A4(5.0135)
(13.3022)
(-3.1077)
G1(-0.8439)
(-0.7992)
(-0.0527)
G2(-5.6973)
(-0.7391)
(4.8305)
G3(0.0633)
(-1.5772)
(0.9828)
G4(-15.7734)
(-3.1283)
(6.4173)
A1(-16.6693)
(7.2186)
(-0.4455)
A2(-3.4141)
(5.1715)
(7.4316)
A3(6.9671)
(8.8777)
(-0.7183)
A4(-20.1879)
(-0.0862)
(-25.7425)
G1(-1.1637)
(-0.8498)
(-0.5119)
G2(-5.5739)
(-1.1068)
(2.0896)
G3(0.1431)
(-1.1887)
(0.5316)
G4(-2.5972)
(-1.5644)
(2.5685)
A1(0.3161)
(10.8303)
(2.6585)
A2(16.6924)
(-2.3320)
(8.5760)
A3(-0.2251)
(1.2450)
(-8.5760)
A4(-2.3463)
(-7.6519)
(-15.7874)
G1(-0.1399)
(0.6146)
(0.3682)
G2(-7.3203)
(-0.2597)
(0.4576)
G3(0.3507)
(-0.0702)
(-0.5672)
G4(2.5414)
(-0.6433)
(-2.6584)
A1(6.7923)
(9.1298)
(5.1445)
A2(-3.5195)
(-7.6950)
(1.7765)
A3(4.8411)
(2.6288)
(-10.6638)
A4(4.3000)
(10.0844)
(-1.2833)
G1(0.4640)
(0.0782)
(-0.6439)
G2(-1.2404)
(2.4381)
(-0.7657)
G3(0.4230)
(-0.7577)
(0.0298)
G4(4.5559)
(-0.9328)
(-3.7583)
A1(3.5255)
(5.4127)
(0.3401)
A2(1.2833)
(-3.7685)
(8.2073)
A3(-2.7342)
(26.1303)
(-2.9975)
A4(9.3901)
(17.5303)
(6.6607)
G1(0.0665)
(-1.4809)
(-0.5140)
G2(4.4612)
(0.6082)
(-2.7367)
G3(-0.3001)
(0.4284)
(0.4092)
G4(3.1288)
(-2.9245)
(-3.8003)
A1(-0.8478)
(7.5683)
(0.0575)
A2(16.8360)
(0.0335)
(9.6965)
A3(4.6064)
(6.1770)
(-2.2745)
A4(15.6820)
(15.4474)
(2.7150)
G1(1.4351)
(-0.0543)
(-0.3400)
G2(3.9084)
(-2.6233)
(-3.7062)
G3(-0.5646)
(-0.3219)
(0.2368)
G4(1.3143)
(-1.1781)
(-2.0359)
A1(1.4801)
(12.4014)
(0.4838)
A2(5.6982)
(8.9352)
(5.6216)
A3(-1.3551)
(18.6460)
(-4.6352)
A4(5.2433)
(9.8067)
(-0.3591)
G1(0.8769)
(0.7146)
(-0.1394)
G2(2.5717)
(2.8484)
(-1.9172)
G3(-0.2751)
(-0.2139)
(0.4252)
G4(0.1447)
(-0.1277)
(-0.2602)
A1(1.0825)
(8.1766)
(5.7864)
A2(7.1826)
(12.4882)
(9.7444)
A3(-0.0192)
(10.9750)
(-4.2713)
A4(4.6160)
(8.7963)
(2.3846)
G1(0.9589)
(0.1373)
(-0.4475)
G2(1.7294)
(0.7466)
(-1.1850)
G3(-0.2687)
(0.4230)
(-0.5114)
G4(-0.2123)
(0.2826)
(0.2751)
A1(1.5759)
(8.9670)
(0.7233)
A2(3.9265)
(9.0501)
(4.7788)
A3(3.3423)
(8.4803)
(-2.1644)
A4(3.4477)
(8.5377)
(-0.5842)
G1(1.3686)
(0.7960)
(-0.2820)
G2(0.7194)
(0.6545)
(-0.2086)
G3(-0.1144)
(-0.1655)
(-0.1399)
G4(0.2490)
(-0.3182)
(-0.0644)
A1(2.1795)
(9.9441)
(-2.0022)
A2(3.6392)
(8.1116)
(3.3040)
A3(2.5570)
(7.9631)
(-5.1332)
A4(-0.3639)
(9.3518)
(-1.9249)
G1(2.4280)
(-1.4484)
(-0.3022)
G2(0.2251)
(0.5843)
(-0.0899)
G3(0.1926)
(-0.0255)
(-0.0112)
G4(0.1926)
(0.1112)
(-0.4981)
A1(-2.5052)
(8.2389)
(-6.2893)
A2(2.8922)
(8.9447)
(3.2705)
A3(3.1987)
(8.5856)
(-5.7317)
A4(8.4228)
(6.4500)
(1.4748)
G1(1.7858)
(-0.6492)
(-0.8679)
G2(0.9312)
(-0.1203)
(-0.2160)
G3(0.2480)
(-0.0979)
(-0.1889)
G4(0.1745)
(-0.8514)
(-0.4464)
A1(-1.1304)
(5.5277)
(-5.5900)
A2(4.2282)
(7.8003)
(0.4597)
A3(3.0550)
(6.7947)
(-6.3063)
A4(2.9113)
(8.4515)
(-3.4285)
G1(-0.7482)
(-1.2595)
(-0.0729)
G2(0.3395)
(-0.3773)
(0.0394)
G3(-0.2762)
(-0.4603)
(0.0138)
G4(-0.1623)
(-0.9583)
(-0.0223)
A1(-4.1338)
(9.8244)
(-3.0992)
A2(-0.7422)
(9.1650)
(0.9146)
A3(-1.2498)
(8.1307)
(-4.1994)
A4(0.7997)
(9.6486)
(-1.7717)
G1(-2.1939)
(-1.7405)
(-0.0112)
G2(-0.1362)
(-0.6231)
(-0.2272)
G3(-0.4922)
(-3.0889)
(1.0424)
G4(-0.1320)
(-0.1485)
(0.1117)
A1(-0.5988)
(10.1309)
(-1.4274)
A2(-2.6911)
(8.3079)
(1.2402)
A3(1.0199)
(8.0493)
(-6.7373)
A4(1.9441)
(9.5577)
(-1.4509)
G1(0.1447)
(0.3650)
(-0.3139)
G2(-0.0559)
(-0.0553)
(-0.1261)
G3(-0.2469)
(-0.4315)
(0.0915)
G4(-0.0937)
(0.1378)
(0.1011)
A1(-1.5280)
(9.2448)
(-0.8526)
A2(3.0358)
(9.3901)
(1.6233)
A3(1.6424)
(8.4515)
(-4.5059)
A4(4.1420)
(8.8873)
(-2.4708)
G1(2.4685)
(1.5389)
(-0.3288)
G2(0.1575)
(-0.3017)
(0.1958)
G3(-0.0883)
(0.3427)
(-0.1580)
G4(-0.0532)
(0.2256)
(0.0325)
