A1(2.2130)
(6.7348)
(6.0163)
A2(0.1532)
(9.3470)
(-1.2163)
A3(-3.2801)
(12.9000)
(0.4118)
A4(-0.1484)
(8.6048)
(-6.0142)
G1(-1.9475)
(-0.6588)
(-0.4326)
G2(0.0442)
(-0.1181)
(0.0383)
G3(0.6545)
(-1.2478)
(0.8258)
G4(0.0596)
(-0.1070)
(0.0255)
A1(0.3161)
(6.3037)
(6.0307)
A2(0.0575)
(9.7205)
(-1.2402)
A3(-3.6727)
(10.7404)
(-1.5706)
A4(-0.0814)
(9.0932)
(-4.9225)
G1(-0.8461)
(-0.6630)
(-0.5486)
G2(0.2097)
(-0.4486)
(0.1314)
G3(0.7817)
(-1.2467)
(0.5800)
G4(0.0995)
(-0.2517)
(0.0591)
A1(-1.0251)
(6.1696)
(6.3420)
A2(-0.5698)
(10.1131)
(-0.0958)
A3(3.5961)
(4.5538)
(-4.2329)
A4(0.5698)
(10.4100)
(-0.6273)
G1(1.0323)
(-1.2010)
(-0.2469)
G2(0.2703)
(-0.5193)
(-0.0362)
G3(0.7519)
(-1.6362)
(1.0935)
G4(0.8030)
(-0.7673)
(0.3592)
A1(4.8427)
(7.8126)
(12.6553)
A2(-0.7374)
(9.5193)
(0.0431)
A3(2.3272)
(5.1188)
(-2.3367)
A4(1.8771)
(12.8760)
(-1.2594)
G1(0.7918)
(-1.3266)
(0.0766)
G2(0.5896)
(-0.3400)
(0.2304)
G3(0.0367)
(-0.8487)
(1.6480)
G4(1.6118)
(-0.8386)
(0.4704)
A1(9.3118)
(13.2445)
(-5.5852)
A2(-1.4030)
(8.0062)
(0.9194)
A3(3.9409)
(3.5386)
(-3.4860)
A4(-5.1236)
(34.3951)
(8.1211)
G1(2.6925)
(-1.6166)
(-0.7109)
G2(0.4363)
(-0.6609)
(0.4496)
G3(0.7774)
(0.3437)
(1.3154)
G4(3.7168)
(-2.0625)
(0.8610)
A1(-9.7669)
(9.8579)
(0.2251)
A2(-2.8395)
(11.3916)
(3.3758)
A3(-0.3783)
(10.9894)
(-4.3144)
A4(-0.2969)
(9.4858)
(-25.1966)
G1(0.9642)
(-6.2119)
(0.1580)
G2(-0.1128)
(-1.2755)
(0.6125)
G3(0.3783)
(-0.2873)
(-0.8604)
G4(0.8530)
(0.2426)
(3.9802)
A1(4.2679)
(4.9673)
(5.8965)
A2(3.2322)
(2.5905)
(8.5856)
A3(1.7621)
(11.4491)
(-3.4524)
A4(-7.1395)
(3.9361)
(-31.4502)
G1(-1.1275)
(-1.8262)
(0.3209)
G2(-5.7489)
(-2.8346)
(0.6263)
G3(-0.6013)
(-1.1659)
(-0.0708)
G4(-10.4448)
(4.0318)
(-0.6455)
A1(2.8884)
(7.2234)
(3.9614)
A2(0.2203)
(34.2419)
(7.8051)
A3(-0.7805)
(17.3436)
(2.0207)
A4(7.4364)
(3.8978)
(-19.2159)
G1(-1.8140)
(-3.7354)
(0.7758)
G2(-8.3270)
(-5.3775)
(2.6973)
G3(0.0559)
(0.2538)
(-0.0032)
G4(-12.7010)
(1.9928)
(-0.5018)
A1(9.6902)
(3.4392)
(0.7520)
A2(1.0965)
(24.3969)
(22.2661)
A3(1.3503)
(1.2210)
(-8.4898)
A4(-19.4170)
(25.3498)
(17.8129)
G1(-0.1580)
(-0.5811)
(-1.1637)
G2(-9.7957)
(-0.9812)
(3.6694)
G3(-0.2831)
(-3.5699)
(1.8565)
G4(-8.4771)
(0.9796)
(7.5895)
A1(1.6286)
(14.3366)
(5.4032)
A2(8.3127)
(9.8019)
(0.6512)
A3(2.2745)
(-0.6608)
(-5.4588)
A4(6.5122)
(16.1561)
(-14.5041)
G1(-0.5433)
(-6.1108)
(-0.7157)
G2(-6.6972)
(-0.8764)
(3.0953)
G3(0.6029)
(-0.5821)
(-0.2448)
G4(-3.1879)
(6.2805)
(0.7130)
A1(-0.6083)
(6.4953)
(-0.9053)
A2(2.7821)
(-8.7819)
(4.1084)
A3(1.8052)
(9.1075)
(-9.6247)
A4(-17.2287)
(-5.6312)
(-9.4858)
G1(0.5741)
(1.0275)
(0.1070)
G2(-4.8571)
(0.8381)
(2.5302)
G3(0.9908)
(-2.7718)
(0.9110)
G4(-1.8124)
(0.8317)
(-2.9554)
A1(-0.6850)
(11.1368)
(2.2609)
A2(-0.2825)
(-2.0351)
(13.3405)
A3(0.7757)
(-1.8196)
(-8.5377)
A4(5.1427)
(-5.3199)
(-9.7923)
G1(0.0926)
(0.3911)
(0.4874)
G2(-6.5599)
(0.9200)
(0.7769)
G3(0.8892)
(0.4858)
(-0.2027)
G4(2.7420)
(0.7178)
(-4.3037)
A1(6.1792)
(8.1335)
(6.1552)
A2(1.0151)
(-4.5107)
(1.6999)
A3(6.9767)
(0.1628)
(-7.4939)
A4(2.6959)
(15.2989)
(-1.5993)
G1(-0.1054)
(0.3719)
(-0.5310)
G2(0.5342)
(1.3111)
(-1.3691)
G3(0.3714)
(-0.9578)
(0.7359)
G4(4.3516)
(-1.9715)
(-4.4958)
A1(2.4333)
(11.0410)
(7.2234)
A2(-0.0048)
(-3.1556)
(4.1180)
A3(-3.5769)
(16.5487)
(-6.0430)
A4(12.7228)
(16.9653)
(0.7805)
G1(-0.3299)
(-0.7045)
(-0.0255)
G2(2.2588)
(1.9305)
(-1.9438)
G3(-0.1889)
(1.9098)
(-0.0463)
G4(5.1924)
(-4.1255)
(-3.0437)
A1(1.7484)
(6.0881)
(-0.0575)
A2(4.1803)
(-2.1883)
(9.2703)
A3(0.0670)
(10.7021)
(-6.8618)
A4(11.7124)
(16.6158)
(-3.2657)
G1(-0.3437)
(0.3874)
(-1.1355)
G2(5.0577)
(-0.5406)
(-2.9692)
G3(-0.0553)
(0.1926)
(0.1905)
G4(1.5766)
(-0.9839)
(-2.2162)
A1(2.6154)
(14.5186)
(7.1563)
A2(15.3899)
(-3.4477)
(15.4522)
A3(0.5124)
(2.9688)
(-8.5760)
A4(12.4115)
(12.7036)
(-3.5817)
G1(0.6588)
(1.0068)
(-0.3421)
G2(4.6081)
(-3.0086)
(-3.4832)
G3(0.0532)
(0.1788)
(0.1517)
G4(1.5596)
(-1.7118)
(-1.9135)
A1(3.0704)
(9.9633)
(1.8154)
A2(2.0255)
(6.7469)
(8.5904)
A3(3.7062)
(10.9128)
(-4.4293)
A4(8.5665)
(13.0915)
(-0.9481)
G1(0.5060)
(1.6346)
(-0.2123)
G2(3.1884)
(0.3773)
(-4.2367)
G3(0.3517)
(-0.0681)
(0.1985)
G4(-0.0160)
(0.2831)
(-1.0206)
A1(2.4381)
(9.9202)
(2.4812)
A2(12.8521)
(8.8059)
(10.8601)
A3(5.1858)
(6.8809)
(-6.0621)
A4(10.5680)
(7.6567)
(-3.5626)
G1(1.2255)
(0.9610)
(-0.0729)
G2(3.5534)
(3.0932)
(-2.1396)
G3(0.5396)
(0.6444)
(-0.4523)
G4(-0.2953)
(-0.1916)
(-1.7395)
A1(2.1986)
(10.2603)
(0.6131)
A2(8.0110)
(5.9089)
(7.6519)
A3(5.1571)
(5.9520)
(-7.6902)
A4(5.3247)
(9.5193)
(1.9872)
G1(2.2349)
(1.4420)
(-0.5071)
G2(3.0075)
(0.3842)
(-0.5582)
G3(0.2336)
(0.0303)
(-0.1681)
G4(0.6944)
(0.8375)
(-0.5518)
A1(4.2152)
(11.3380)
(-0.6802)
A2(3.4620)
(8.4898)
(8.8873)
A3(1.6616)
(7.9871)
(-8.2265)
A4(5.0278)
(10.4148)
(1.9824)
G1(3.4784)
(0.0878)
(-1.0456)
G2(1.6134)
(0.4959)
(-1.0711)
G3(0.2150)
(0.1692)
(-0.4443)
G4(0.2831)
(0.5795)
(-0.6902)
