A1(1.6334)
(6.2606)
(6.0594)
A2(1.1923)
(9.1363)
(-1.1827)
A3(-1.8771)
(12.5600)
(-0.0862)
A4(1.6185)
(8.8250)
(-4.8459)
G1(-2.6515)
(-1.1600)
(0.1160)
G2(-0.0644)
(-0.0165)
(-0.0048)
G3(0.1575)
(-0.9599)
(0.5486)
G4(-0.3650)
(-0.3384)
(0.0239)
A1(-0.7568)
(6.2750)
(5.4798)
A2(1.1540)
(10.0987)
(-0.3112)
A3(-1.6807)
(10.7260)
(-0.7709)
A4(0.2634)
(9.8019)
(-2.9257)
G1(-0.3666)
(-0.9589)
(-0.3906)
G2(0.0516)
(-0.2187)
(-0.0255)
G3(0.2751)
(-1.9954)
(0.7045)
G4(-0.1314)
(-0.5736)
(0.1841)
A1(1.9448)
(7.1228)
(7.7599)
A2(1.1109)
(9.2608)
(0.6800)
A3(4.0318)
(7.3502)
(-0.6752)
A4(-0.2921)
(11.2863)
(2.5283)
G1(0.4071)
(-1.1015)
(0.0298)
G2(0.5880)
(-1.2058)
(0.0532)
G3(1.5910)
(-1.1685)
(2.0050)
G4(0.9546)
(-0.6151)
(0.1937)
A1(0.3401)
(8.9238)
(6.8593)
A2(-1.1732)
(9.5768)
(3.3519)
A3(2.2793)
(4.5490)
(-5.0135)
A4(0.4645)
(12.7036)
(2.4229)
G1(3.0405)
(-3.5130)
(0.3592)
G2(0.5114)
(-1.4559)
(0.2543)
G3(1.1265)
(-1.2851)
(3.0511)
G4(1.7464)
(-0.1575)
(0.1181)
A1(-2.8261)
(15.2371)
(7.9323)
A2(-2.0303)
(8.3845)
(1.8675)
A3(2.5522)
(0.9577)
(-5.6407)
A4(16.0028)
(31.1821)
(13.8864)
G1(3.1453)
(-2.7542)
(-0.6902)
G2(0.4869)
(-0.8689)
(0.0862)
G3(0.7088)
(-0.7673)
(2.4839)
G4(3.5715)
(-2.0332)
(1.4750)
A1(2.2609)
(7.0318)
(6.8785)
A2(-2.2362)
(8.8011)
(4.2377)
A3(1.6281)
(12.6653)
(-3.9073)
A4(-5.4827)
(7.0198)
(-25.5844)
G1(-0.2623)
(-4.5128)
(-0.5289)
G2(-1.1536)
(-1.0946)
(0.3374)
G3(0.6614)
(5.9421)
(-2.8021)
G4(-3.2331)
(-1.1882)
(5.0753)
A1(3.8320)
(12.8756)
(8.2820)
A2(6.9767)
(8.9399)
(7.4555)
A3(-0.9146)
(7.1491)
(-4.8554)
A4(-22.1176)
(29.1901)
(-30.4159)
G1(-0.3927)
(-0.8099)
(1.1281)
G2(-3.4939)
(-4.1425)
(1.1845)
G3(-0.6529)
(-3.5231)
(1.7906)
G4(-4.2420)
(3.1230)
(2.3466)
A1(2.3136)
(5.5660)
(2.5914)
A2(10.4962)
(2.6767)
(18.1193)
A3(8.5665)
(15.9262)
(2.4995)
A4(5.0853)
(13.2399)
(-18.9046)
G1(-0.3001)
(-0.7082)
(0.0596)
G2(-7.6677)
(-7.8534)
(2.2157)
G3(0.2049)
(-0.8684)
(0.5247)
G4(-10.2964)
(4.1606)
(0.2043)
A1(4.6415)
(5.2211)
(4.5457)
A2(19.1440)
(13.5177)
(20.7146)
A3(-1.8866)
(3.9121)
(-6.5697)
A4(-1.0199)
(30.0185)
(3.8786)
G1(-1.0962)
(-3.8062)
(-1.1004)
G2(-7.3027)
(-0.4954)
(4.4511)
G3(-0.3533)
(-0.9073)
(0.4065)
G4(-11.1547)
(-3.5056)
(6.4854)
A1(6.5719)
(8.9622)
(8.8520)
A2(4.3910)
(13.6326)
(7.4699)
A3(0.4884)
(0.9290)
(-5.5067)
A4(-10.4579)
(30.1143)
(7.2353)
G1(-1.1813)
(-5.2844)
(-3.0038)
G2(-6.0416)
(-1.8964)
(4.0393)
G3(0.0463)
(-1.9763)
(0.5848)
G4(-5.9245)
(1.3053)
(3.8078)
A1(-11.7404)
(6.6965)
(-4.5745)
A2(-0.0527)
(7.4268)
(2.9497)
A3(0.0096)
(7.7668)
(-2.3703)
A4(-10.3956)
(4.3670)
(-20.9205)
G1(-0.7721)
(-2.6435)
(-0.5662)
G2(-5.8900)
(2.1582)
(3.2773)
G3(0.7646)
(-1.6453)
(0.4518)
G4(-3.5561)
(3.0048)
(0.1596)
A1(-2.4142)
(11.4003)
(2.7016)
A2(1.0008)
(-7.3885)
(-4.6064)
A3(7.4124)
(4.8602)
(-9.6486)
A4(-12.7180)
(-13.9343)
(-15.2942)
G1(-0.1038)
(-0.0309)
(-0.4438)
G2(-3.5231)
(0.5944)
(1.5469)
G3(1.5846)
(-2.8026)
(0.5401)
G4(-1.8837)
(1.2457)
(-1.4910)
A1(2.7926)
(10.8446)
(4.6368)
A2(-2.4756)
(3.4860)
(-2.5618)
A3(4.3958)
(-0.2346)
(-10.9846)
A4(-4.2282)
(1.2546)
(-7.0246)
G1(0.1751)
(0.4113)
(-0.4874)
G2(-4.8188)
(5.2110)
(0.0857)
G3(0.9424)
(0.2027)
(-0.5928)
G4(3.2986)
(-1.3654)
(-3.7008)
A1(1.4370)
(8.8759)
(1.3843)
A2(9.3134)
(-1.8387)
(3.7828)
A3(-1.3934)
(2.8635)
(-9.4475)
A4(5.5258)
(13.5416)
(1.3024)
G1(1.6570)
(0.3113)
(-0.4741)
G2(-0.7928)
(1.1424)
(-0.8067)
G3(0.3315)
(-0.0862)
(0.9817)
G4(4.1574)
(-1.5985)
(-3.8706)
A1(5.3744)
(9.5130)
(6.3803)
A2(-0.1580)
(-2.9209)
(2.8826)
A3(4.7022)
(-0.5315)
(-7.0629)
A4(3.3184)
(11.3246)
(0.8571)
G1(0.2065)
(0.8530)
(-0.7849)
G2(1.8012)
(0.7519)
(-2.3094)
G3(0.1634)
(-0.7689)
(1.0717)
G4(4.6922)
(-3.1842)
(-2.8298)
A1(-1.2885)
(9.8819)
(4.5697)
A2(4.8937)
(-3.5578)
(9.4571)
A3(-1.7526)
(9.2895)
(-6.5218)
A4(8.3462)
(17.4681)
(0.3304)
G1(-0.4954)
(-0.2363)
(-0.5773)
G2(4.1744)
(-0.0399)
(-2.8644)
G3(-0.2203)
(0.4864)
(0.3406)
G4(2.7994)
(-3.1900)
(-3.4635)
A1(0.0575)
(10.5237)
(4.1099)
A2(11.6885)
(-1.5419)
(10.4483)
A3(3.0023)
(10.0317)
(-5.5115)
A4(10.4866)
(16.1465)
(-4.1946)
G1(-0.3837)
(0.4305)
(-1.1148)
G2(4.3596)
(-1.8172)
(-3.7056)
G3(-0.3666)
(0.1751)
(-0.2070)
G4(1.7129)
(-0.9365)
(-3.4497)
A1(4.9864)
(11.2710)
(4.6272)
A2(11.6646)
(-1.3168)
(9.5050)
A3(-2.0159)
(5.1332)
(-9.2033)
A4(14.3461)
(17.4106)
(-0.4741)
G1(0.6513)
(0.7215)
(-1.1052)
G2(3.7583)
(-2.6137)
(-4.1138)
G3(-0.0059)
(-0.2815)
(0.7306)
G4(0.1937)
(-0.8817)
(-2.0795)
A1(-0.4886)
(8.5550)
(1.1065)
A2(5.8658)
(11.4922)
(5.3678)
A3(4.1324)
(7.6184)
(-3.5961)
A4(7.0294)
(12.2823)
(2.5235)
G1(3.2645)
(1.6889)
(-1.0988)
G2(2.6499)
(2.4642)
(-3.6817)
G3(0.1708)
(-1.0813)
(0.3517)
G4(-0.1043)
(-1.3340)
(-2.0295)
A1(-0.7760)
(9.1394)
(-4.5457)
A2(11.9566)
(5.2337)
(9.2273)
A3(6.6032)
(3.2753)
(-7.2640)
A4(12.6366)
(18.4784)
(12.0859)
G1(0.8599)
(1.2771)
(-0.0772)
G2(3.2709)
(1.2382)
(-2.7430)
G3(0.4236)
(0.2368)
(-0.3858)
G4(0.3485)
(-0.6721)
(-0.1958)
