A1(-0.5556)
(7.1707)
(6.3612)
A2(1.5897)
(10.4244)
(1.7861)
A3(-1.5945)
(6.3590)
(-2.4995)
A4(0.2969)
(8.8394)
(-4.2904)
G1(0.2719)
(-1.0573)
(-0.4129)
G2(-0.0282)
(-1.4580)
(0.1112)
G3(0.7620)
(-0.5316)
(0.4635)
G4(0.3602)
(-0.8610)
(0.3459)
A1(-1.5711)
(6.6438)
(6.7875)
A2(-1.4030)
(9.2368)
(-0.1484)
A3(10.3717)
(4.1515)
(-1.4844)
A4(2.1739)
(12.4642)
(0.9960)
G1(1.9177)
(-2.8920)
(-0.0245)
G2(0.8035)
(-1.4782)
(0.1963)
G3(0.0128)
(-0.6045)
(1.3313)
G4(1.4372)
(-1.0445)
(0.4821)
A1(3.6692)
(13.7426)
(12.4733)
A2(-0.6608)
(8.8538)
(0.8667)
A3(-1.3168)
(5.7365)
(-2.5091)
A4(1.4748)
(23.6451)
(15.5384)
G1(1.2388)
(-2.3296)
(-1.1249)
G2(0.6848)
(-0.8317)
(0.2410)
G3(-0.7242)
(-1.7448)
(2.2790)
G4(3.4859)
(-3.0549)
(1.6650)
A1(-10.9548)
(6.5576)
(4.7086)
A2(-1.9345)
(8.2887)
(5.2864)
A3(9.3374)
(6.1435)
(5.7557)
A4(-4.0797)
(0.7949)
(-23.8798)
G1(0.3964)
(-4.8954)
(-0.6306)
G2(-0.2480)
(-0.6593)
(0.5247)
G3(-0.1543)
(1.1036)
(-1.1467)
G4(-1.4899)
(0.1979)
(5.7841)
A1(9.2112)
(17.4453)
(7.6736)
A2(1.5993)
(11.8848)
(5.0709)
A3(9.0118)
(8.2217)
(-5.1092)
A4(-19.6229)
(43.3925)
(-30.3537)
G1(-0.0234)
(1.5351)
(0.9088)
G2(-1.8651)
(-3.2720)
(1.3106)
G3(-1.4889)
(0.0069)
(0.5247)
G4(-4.7619)
(2.9394)
(1.3420)
A1(-4.8092)
(6.0594)
(2.4429)
A2(-10.4914)
(39.5235)
(8.3749)
A3(0.9385)
(16.9797)
(0.5794)
A4(13.5512)
(-0.0862)
(-12.1769)
G1(-1.3015)
(-2.7712)
(0.3501)
G2(-8.9400)
(-2.1327)
(3.6136)
G3(0.2246)
(-0.5268)
(0.0043)
G4(-13.8961)
(1.6453)
(1.8603)
A1(3.2572)
(3.5398)
(0.5269)
A2(10.5728)
(13.1490)
(12.8329)
A3(-3.2274)
(8.5904)
(-2.8395)
A4(-10.4100)
(38.1205)
(13.5129)
G1(-0.4161)
(-0.6768)
(-1.0153)
G2(-5.6744)
(-3.0485)
(6.3422)
G3(-0.1235)
(-1.3085)
(0.6854)
G4(-11.8799)
(-0.1362)
(7.7603)
A1(-3.2908)
(13.7666)
(-0.6754)
A2(0.1580)
(5.7030)
(-7.1156)
A3(4.6352)
(3.0550)
(-5.3630)
A4(10.6063)
(14.6621)
(-19.1297)
G1(-0.2618)
(-5.6670)
(-1.0472)
G2(-4.1994)
(1.1871)
(3.1554)
G3(0.3650)
(-1.4080)
(-0.1250)
G4(-3.0203)
(-0.9083)
(1.5484)
A1(-5.6522)
(11.6829)
(-0.2108)
A2(-7.8290)
(-3.5147)
(6.4548)
A3(3.8547)
(1.6664)
(-7.3215)
A4(-28.4431)
(-6.6559)
(-24.2868)
G1(0.2554)
(1.4207)
(0.1894)
G2(-4.1446)
(0.4864)
(2.2519)
G3(1.0190)
(-3.0006)
(2.0002)
G4(-3.0623)
(-1.9034)
(0.1469)
A1(-0.0048)
(11.5967)
(3.8656)
A2(-16.2758)
(11.6646)
(6.1531)
A3(9.7109)
(-1.4988)
(-8.8490)
A4(-3.9887)
(-4.3239)
(-11.4682)
G1(0.0085)
(0.2985)
(0.1729)
G2(-7.7710)
(3.3337)
(0.6407)
G3(1.5362)
(1.3973)
(-1.3042)
G4(4.6235)
(-3.1416)
(-4.5634)
A1(0.8574)
(9.6663)
(5.7385)
A2(9.4332)
(7.9631)
(6.5936)
A3(-0.3448)
(6.3494)
(-7.3981)
A4(1.6759)
(10.5297)
(-2.1979)
G1(0.2059)
(0.2964)
(-0.7088)
G2(-0.8971)
(0.4693)
(-1.7629)
G3(0.0314)
(1.5586)
(-0.0346)
G4(4.2377)
(-2.5164)
(-5.3339)
A1(4.8619)
(11.0650)
(6.7683)
A2(5.0278)
(1.5610)
(3.2417)
A3(0.5411)
(13.4267)
(-6.7947)
A4(6.0286)
(12.0237)
(-2.2122)
G1(0.1277)
(-0.8626)
(-0.2618)
G2(2.5078)
(0.9179)
(-2.5174)
G3(-0.3512)
(0.3938)
(0.1463)
G4(3.3821)
(-3.7120)
(-2.2812)
A1(2.0118)
(7.6976)
(3.4919)
A2(2.9257)
(0.2059)
(7.1251)
A3(1.3312)
(10.6686)
(-3.0215)
A4(11.2336)
(19.5463)
(-2.2122)
G1(0.2719)
(-0.5699)
(-0.8695)
G2(4.4846)
(-0.7966)
(-2.8878)
G3(-0.2107)
(-0.9578)
(0.8375)
G4(1.4862)
(-3.2310)
(-2.2013)
A1(1.5232)
(10.5237)
(0.1150)
A2(11.2049)
(0.1724)
(11.5448)
A3(0.0814)
(14.0683)
(-6.6032)
A4(16.0076)
(20.4561)
(0.8667)
G1(0.4299)
(-1.0270)
(-0.1325)
G2(3.9807)
(-1.1265)
(-4.5251)
G3(0.2948)
(-0.7779)
(0.7987)
G4(0.8567)
(-1.6203)
(-1.5782)
A1(2.8261)
(12.9283)
(2.4621)
A2(6.6319)
(4.1707)
(7.1826)
A3(4.7166)
(3.3615)
(-7.8530)
A4(4.9656)
(13.2591)
(-0.0335)
G1(1.6597)
(1.4117)
(-1.1893)
G2(4.1271)
(-0.9344)
(-4.6757)
G3(0.5444)
(-0.6774)
(0.3640)
G4(0.0564)
(0.7955)
(-1.5171)
A1(2.5579)
(10.3800)
(-3.5782)
A2(4.4149)
(5.7844)
(10.6686)
A3(2.3224)
(7.2353)
(-7.4939)
A4(8.7149)
(9.1937)
(0.8380)
G1(1.3340)
(1.2116)
(-0.5587)
G2(3.9579)
(4.7002)
(-2.1359)
G3(0.1495)
(-0.1309)
(0.0325)
G4(1.1281)
(-1.3202)
(0.2368)
A1(3.3674)
(8.1095)
(-0.0240)
A2(9.7923)
(10.5680)
(4.5346)
A3(2.6480)
(7.4651)
(-6.9145)
A4(1.7861)
(8.2696)
(3.2226)
G1(1.1467)
(0.0708)
(-1.0163)
G2(2.8649)
(0.2235)
(-1.1371)
G3(0.1799)
(0.4864)
(-0.5800)
G4(0.3656)
(-0.3810)
(-0.4182)
A1(-0.0862)
(8.8328)
(-0.1629)
A2(9.4667)
(6.2920)
(4.9608)
A3(1.6807)
(8.7963)
(-6.1148)
A4(11.7507)
(13.4841)
(-4.5729)
G1(-0.1224)
(-0.1389)
(-0.3246)
G2(-0.0798)
(-1.0477)
(0.5741)
G3(0.0899)
(-0.0314)
(-0.6609)
G4(0.3757)
(0.2176)
(-1.1967)
A1(-2.3327)
(10.0112)
(0.7137)
A2(-0.2203)
(8.5808)
(5.8035)
A3(0.7470)
(8.3893)
(-5.6886)
A4(-0.0479)
(6.0286)
(-3.9409)
G1(-0.0580)
(-0.9094)
(-0.7561)
G2(0.4161)
(1.0344)
(-0.6024)
G3(0.2857)
(0.1548)
(-0.5981)
G4(0.4119)
(-0.6497)
(-0.5651)
A1(-4.5314)
(7.3479)
(-2.2130)
A2(1.9201)
(13.8672)
(3.3806)
A3(-0.4310)
(5.1140)
(-8.1259)
A4(4.2186)
(8.9447)
(-2.9544)
G1(1.5804)
(0.3757)
(-0.5470)
G2(-0.2160)
(-0.8040)
(-1.2388)
G3(0.2905)
(-1.5245)
(0.0202)
G4(-0.0096)
(-0.7753)
(-0.5795)
