A1(0.3688)
(7.1180)
(5.8438)
A2(0.6177)
(9.5002)
(-0.1053)
A3(-0.6225)
(10.7643)
(-0.4501)
A4(-0.2873)
(9.1028)
(-4.1659)
G1(-1.1095)
(-0.5906)
(-0.0500)
G2(0.0559)
(-0.3943)
(0.0016)
G3(0.6561)
(-0.7748)
(0.4017)
G4(-0.0032)
(-0.2001)
(0.1027)
A1(-0.7233)
(7.6353)
(5.0535)
A2(-0.1437)
(9.7636)
(-1.3934)
A3(-1.1061)
(7.5034)
(-2.6959)
A4(0.8380)
(9.5002)
(-2.9928)
G1(-0.0654)
(-0.6290)
(-0.2735)
G2(0.5486)
(-0.7242)
(0.0521)
G3(0.5577)
(-0.0788)
(0.1602)
G4(0.2602)
(-0.3656)
(0.0921)
A1(1.9783)
(7.2138)
(8.5550)
A2(0.2011)
(9.6391)
(0.4980)
A3(5.7700)
(5.4971)
(-2.3607)
A4(-0.8619)
(11.2719)
(0.6847)
G1(0.2107)
(-0.8578)
(-0.1075)
G2(0.3682)
(-0.2719)
(0.1431)
G3(-0.2123)
(-0.7402)
(1.1345)
G4(0.8493)
(-1.0052)
(0.2618)
A1(-0.0910)
(10.2603)
(8.0808)
A2(-0.0766)
(9.4044)
(1.4796)
A3(1.8340)
(6.9384)
(-3.0837)
A4(2.2745)
(16.4577)
(1.9154)
G1(2.2274)
(-2.6510)
(-0.1059)
G2(0.0623)
(-1.1063)
(0.0713)
G3(-0.6396)
(-1.7214)
(1.7613)
G4(1.7698)
(-0.7242)
(0.2868)
A1(1.6382)
(11.9895)
(2.2848)
A2(-1.0008)
(9.4379)
(1.0965)
A3(0.8667)
(9.4954)
(-0.8667)
A4(5.0709)
(31.3449)
(13.4506)
G1(1.8831)
(-3.1751)
(0.1788)
G2(0.2480)
(-1.0227)
(0.2043)
G3(-0.0261)
(-0.8998)
(1.9427)
G4(3.4832)
(-2.3599)
(1.3276)
A1(-4.3541)
(6.8785)
(-1.9831)
A2(-1.2641)
(8.7340)
(0.8859)
A3(-10.6063)
(30.4064)
(-0.6321)
A4(-3.4955)
(19.4361)
(-18.7658)
G1(0.9977)
(-4.2840)
(0.0436)
G2(0.5199)
(-1.2100)
(0.4103)
G3(1.5857)
(3.2480)
(-0.1298)
G4(3.9281)
(-0.1133)
(2.5142)
A1(0.1916)
(10.7920)
(4.6847)
A2(10.4004)
(8.2839)
(6.9288)
A3(-0.7614)
(16.3716)
(2.7102)
A4(-23.4967)
(14.4897)
(-27.2747)
G1(0.1011)
(0.4060)
(0.4103)
G2(-3.8504)
(-5.5819)
(1.7847)
G3(-0.5209)
(-3.3773)
(1.2872)
G4(-5.0987)
(2.7744)
(1.7139)
A1(4.0188)
(12.2865)
(7.7647)
A2(2.9975)
(-0.0670)
(18.5072)
A3(2.6001)
(12.6414)
(2.6624)
A4(6.9049)
(13.0628)
(-17.5543)
G1(-0.7450)
(-0.4757)
(1.1616)
G2(-7.6624)
(-5.8649)
(2.7430)
G3(0.1735)
(0.2990)
(-0.3911)
G4(-9.4796)
(4.8619)
(-1.0275)
A1(0.0766)
(6.4761)
(2.0214)
A2(-1.4653)
(32.1350)
(5.3247)
A3(-1.7813)
(15.6389)
(2.1165)
A4(17.8607)
(6.0573)
(-10.6734)
G1(-2.4456)
(-4.3341)
(0.3177)
G2(-7.2543)
(-1.7182)
(1.3931)
G3(1.1738)
(0.2373)
(-0.1532)
G4(-12.1492)
(-1.3574)
(3.6077)
A1(-1.1017)
(8.4975)
(-2.9363)
A2(16.1992)
(13.8624)
(18.7370)
A3(0.2490)
(11.1713)
(-9.2225)
A4(-8.2217)
(32.4941)
(-1.1779)
G1(0.5130)
(-1.1600)
(-1.0456)
G2(-6.8712)
(-1.7586)
(5.9033)
G3(0.8514)
(-1.8235)
(0.9461)
G4(-9.2997)
(0.0223)
(6.8893)
A1(-7.5587)
(12.6170)
(-4.4116)
A2(-4.8028)
(7.1443)
(9.4236)
A3(2.7773)
(7.6950)
(-3.7828)
A4(-11.0947)
(9.0501)
(-14.3939)
G1(-0.8328)
(-1.8847)
(0.7551)
G2(-4.6161)
(0.5082)
(3.4045)
G3(0.4922)
(-0.9088)
(-0.1415)
G4(-3.8887)
(1.3138)
(1.6772)
A1(-1.3556)
(8.5215)
(0.9388)
A2(0.0048)
(-9.1219)
(0.4884)
A3(0.2490)
(9.1219)
(-4.2234)
A4(-18.0906)
(-5.9089)
(-13.9726)
G1(0.2102)
(0.8157)
(-0.9791)
G2(-3.7636)
(1.8810)
(2.1811)
G3(0.8232)
(-2.7228)
(1.0318)
G4(-2.5584)
(2.2067)
(-0.8429)
A1(-1.7723)
(8.7466)
(1.7244)
A2(3.3040)
(-6.2632)
(10.4770)
A3(0.6991)
(3.2657)
(-5.8179)
A4(-0.2298)
(-4.0558)
(-10.4387)
G1(-0.0005)
(0.5513)
(-0.1022)
G2(-4.5959)
(2.3519)
(1.6501)
G3(0.8477)
(-1.9098)
(0.0681)
G4(1.8406)
(0.8759)
(-3.4114)
A1(-0.6514)
(12.0086)
(2.7207)
A2(-1.4748)
(8.7724)
(-2.1739)
A3(7.3981)
(1.9824)
(-8.7724)
A4(-3.4093)
(-3.7206)
(-8.7340)
G1(0.0585)
(0.1511)
(-0.2022)
G2(-4.3963)
(2.8117)
(0.8258)
G3(1.1408)
(1.1446)
(-0.8892)
G4(4.0818)
(-1.6804)
(-3.9552)
A1(4.3398)
(12.5786)
(6.1073)
A2(2.9018)
(-3.4237)
(4.9321)
A3(0.5555)
(6.2153)
(-9.6917)
A4(1.3455)
(11.2911)
(0.4645)
G1(1.0248)
(1.2553)
(-0.0037)
G2(0.6013)
(1.6783)
(-1.6368)
G3(0.6588)
(-0.7764)
(0.7088)
G4(5.7894)
(-2.0045)
(-3.1224)
A1(4.1099)
(7.1324)
(2.9459)
A2(3.5769)
(-0.6033)
(5.5545)
A3(4.1515)
(8.9112)
(-1.1588)
A4(8.3270)
(16.3572)
(-0.7135)
G1(0.3970)
(0.7098)
(0.5279)
G2(3.4252)
(0.4608)
(-2.3434)
G3(0.1022)
(0.4491)
(-0.2927)
G4(5.1429)
(-6.8557)
(-1.1526)
A1(0.8095)
(11.0458)
(0.7951)
A2(3.0358)
(-4.3335)
(7.2305)
A3(4.7549)
(10.5201)
(-2.6480)
A4(5.4684)
(12.8712)
(-5.6886)
G1(-0.7588)
(-2.4557)
(-0.5901)
G2(4.1271)
(-0.0670)
(-2.6574)
G3(-0.0596)
(-0.0543)
(0.4539)
G4(2.6238)
(-6.7435)
(-1.8704)
A1(-2.8070)
(12.2194)
(5.1301)
A2(7.3981)
(-3.7493)
(11.6454)
A3(-2.3367)
(4.6112)
(-7.6231)
A4(9.6103)
(13.4937)
(-12.2296)
G1(0.7215)
(-1.6309)
(-2.1865)
G2(4.3436)
(-1.8560)
(-3.3661)
G3(0.3704)
(0.1697)
(-0.5146)
G4(0.8354)
(-1.6288)
(-3.2187)
A1(3.1183)
(12.1188)
(-0.5077)
A2(-3.0119)
(1.2594)
(7.6902)
A3(0.8571)
(10.9080)
(-6.7133)
A4(2.8347)
(14.8776)
(-7.4699)
G1(1.1483)
(0.8897)
(0.3320)
G2(2.1561)
(-2.3642)
(-6.0113)
G3(-0.2512)
(-0.1862)
(0.3347)
G4(-0.3448)
(-1.6868)
(-1.3675)
A1(-0.7233)
(7.8557)
(0.6083)
A2(3.7876)
(14.3365)
(6.5218)
A3(7.3310)
(6.9240)
(-5.3630)
A4(45.7053)
(20.7577)
(3.7397)
G1(0.8626)
(0.6188)
(-0.6917)
G2(2.9138)
(1.0515)
(-4.7039)
G3(-0.0043)
(-0.5332)
(0.0053)
G4(-0.5529)
(6.9462)
(-1.6001)
