A1(-0.2587)
(8.2916)
(5.2020)
A2(0.2634)
(8.8298)
(0.2825)
A3(-4.9752)
(6.6176)
(-3.5913)
A4(0.7135)
(10.1945)
(-1.4988)
G1(0.7471)
(-0.4800)
(-0.8487)
G2(-0.0463)
(-0.7604)
(0.0649)
G3(0.7838)
(-0.6242)
(0.3868)
G4(0.2501)
(-0.4922)
(0.3129)
A1(2.8932)
(4.8284)
(7.8748)
A2(0.3974)
(10.7978)
(0.0622)
A3(3.8307)
(5.7174)
(-6.4500)
A4(1.2977)
(11.0947)
(0.2059)
G1(0.9791)
(-1.6134)
(0.0772)
G2(0.0718)
(-0.6933)
(0.1410)
G3(1.2600)
(0.2751)
(0.4124)
G4(0.9152)
(-0.5502)
(0.4975)
A1(-1.2119)
(13.8624)
(2.7064)
A2(0.1580)
(8.2408)
(2.5091)
A3(-0.2586)
(5.1715)
(-1.7957)
A4(2.4995)
(30.9331)
(12.8617)
G1(1.3830)
(-3.4279)
(0.5199)
G2(0.5470)
(-1.2670)
(0.5704)
G3(0.0846)
(-1.1909)
(1.9135)
G4(4.1398)
(-3.4428)
(2.2008)
A1(0.5556)
(10.6051)
(6.7204)
A2(-4.3287)
(9.1075)
(3.7828)
A3(-6.7756)
(24.6172)
(-4.1611)
A4(-1.9776)
(16.0507)
(-14.4275)
G1(0.9174)
(-5.6446)
(-0.4496)
G2(0.1325)
(-1.3058)
(0.2554)
G3(0.3501)
(1.2100)
(-2.4924)
G4(3.2305)
(-0.0027)
(1.9800)
A1(6.8354)
(16.3436)
(4.4308)
A2(-1.4317)
(11.5305)
(4.9273)
A3(11.8657)
(5.1284)
(-10.2855)
A4(1.1205)
(11.8561)
(-33.6529)
G1(0.3235)
(-4.2181)
(0.0447)
G2(-0.3645)
(-1.2137)
(0.6609)
G3(-0.0367)
(0.7210)
(0.7849)
G4(0.0335)
(1.1430)
(3.4667)
A1(4.0715)
(5.7337)
(3.7602)
A2(6.3015)
(6.7038)
(9.5960)
A3(3.6152)
(13.2974)
(-2.8730)
A4(4.2904)
(10.2615)
(-23.7361)
G1(-0.9897)
(-1.5171)
(0.1974)
G2(-8.0716)
(-4.5762)
(0.3586)
G3(-0.8317)
(-2.0587)
(0.6093)
G4(-8.9943)
(3.0251)
(0.5225)
A1(0.4694)
(0.9245)
(1.0155)
A2(6.1148)
(24.8183)
(8.7484)
A3(0.1101)
(16.2087)
(1.6089)
A4(3.6583)
(5.6790)
(-5.4348)
G1(-1.2217)
(-2.3291)
(-0.1022)
G2(-7.2107)
(-3.9286)
(-0.4007)
G3(-0.4715)
(-1.8454)
(0.5475)
G4(-13.7439)
(-1.8613)
(3.7110)
A1(5.7768)
(7.0318)
(3.9662)
A2(15.4905)
(11.9806)
(13.1968)
A3(-3.0885)
(8.5425)
(1.2785)
A4(4.9752)
(8.3127)
(-18.2917)
G1(-0.1485)
(-1.6847)
(-0.0745)
G2(-6.8440)
(-4.3692)
(3.7094)
G3(0.1394)
(-2.5190)
(0.7088)
G4(-12.0949)
(0.5779)
(9.7073)
A1(-16.3005)
(10.5668)
(2.8644)
A2(1.9297)
(5.6886)
(-1.8675)
A3(4.7405)
(2.8443)
(-1.7286)
A4(-17.5591)
(3.8930)
(-25.1535)
G1(-1.0823)
(-4.3032)
(0.6401)
G2(-6.0060)
(0.5018)
(3.7961)
G3(0.7184)
(-1.1930)
(0.9599)
G4(-3.6008)
(0.8769)
(2.6568)
A1(-5.3217)
(9.9729)
(-3.1806)
A2(0.6943)
(-1.5419)
(-2.9401)
A3(0.5411)
(10.0269)
(-2.7342)
A4(-23.0897)
(-1.2019)
(-15.5479)
G1(0.3432)
(1.2920)
(-0.5013)
G2(-2.2349)
(-0.8881)
(0.7423)
G3(1.6559)
(-1.3383)
(0.5396)
G4(-2.7234)
(4.6719)
(-1.6793)
A1(0.0287)
(10.9404)
(-0.3353)
A2(8.9830)
(-11.9375)
(15.1361)
A3(2.5139)
(8.4180)
(-8.2696)
A4(1.5993)
(-8.1068)
(-13.7379)
G1(0.4182)
(-0.8753)
(-0.5859)
G2(-4.0834)
(-3.0410)
(3.7636)
G3(1.4223)
(-1.6783)
(0.8647)
G4(1.7485)
(-0.8040)
(-2.5291)
A1(-0.6083)
(11.1177)
(1.2933)
A2(-8.6622)
(10.1754)
(-2.2314)
A3(4.0606)
(-3.6009)
(-13.5751)
A4(-9.6486)
(-0.6129)
(-9.7109)
G1(0.1788)
(-1.1855)
(-0.2400)
G2(-6.5732)
(3.7439)
(0.9264)
G3(1.1089)
(0.3379)
(-0.2528)
G4(3.0565)
(-2.6952)
(-3.9020)
A1(7.1515)
(7.7982)
(2.2561)
A2(1.4653)
(-6.6990)
(4.9321)
A3(-2.9784)
(20.3459)
(-0.5986)
A4(10.1323)
(14.2263)
(1.7286)
G1(-0.3911)
(-1.4112)
(-0.1149)
G2(0.9046)
(0.1346)
(-2.0960)
G3(-1.2356)
(-0.7434)
(0.9796)
G4(4.1813)
(-2.7500)
(-4.2766)
A1(1.0969)
(12.1380)
(3.5542)
A2(3.0789)
(3.6775)
(2.6911)
A3(2.2075)
(9.4715)
(-4.1659)
A4(9.9168)
(16.0220)
(1.1157)
G1(-0.1969)
(-0.5172)
(-0.7226)
G2(3.6663)
(0.5965)
(-3.2656)
G3(-0.2299)
(-0.3831)
(0.3698)
G4(3.7716)
(-3.6812)
(-3.3715)
A1(2.0980)
(7.3431)
(3.6165)
A2(6.7133)
(-1.8387)
(9.0357)
A3(3.4093)
(8.7532)
(-4.4724)
A4(6.3829)
(13.4315)
(-4.1228)
G1(-0.1346)
(-0.3012)
(-0.4379)
G2(4.5703)
(-0.2985)
(-3.2241)
G3(-0.2347)
(-1.0094)
(0.5688)
G4(2.4094)
(-0.9110)
(-4.0590)
A1(0.6898)
(8.8280)
(1.0394)
A2(13.1250)
(-1.1827)
(11.4730)
A3(0.9433)
(9.8641)
(-4.1132)
A4(9.3948)
(14.2455)
(1.4748)
G1(0.6024)
(1.0993)
(-0.4848)
G2(3.8482)
(-2.4014)
(-4.2292)
G3(0.2943)
(-0.0979)
(0.1548)
G4(0.6763)
(-1.0956)
(-1.8730)
A1(2.5387)
(12.6984)
(4.1865)
A2(3.0023)
(5.9951)
(6.3398)
A3(3.9840)
(7.9775)
(-6.4260)
A4(15.0691)
(13.4315)
(1.8723)
G1(1.0429)
(0.6332)
(-0.5342)
G2(2.8745)
(0.3411)
(-3.8935)
G3(0.1687)
(-0.0048)
(-0.1325)
G4(0.6407)
(0.7306)
(-1.3164)
A1(1.9112)
(8.0712)
(-0.2922)
A2(5.7652)
(11.7699)
(8.0828)
A3(2.3463)
(7.3215)
(-5.5354)
A4(9.2081)
(11.2480)
(0.8284)
G1(0.7231)
(0.3709)
(-0.3682)
G2(2.8761)
(0.7811)
(-2.9899)
G3(0.2698)
(0.8104)
(-0.3858)
G4(0.3022)
(-1.1100)
(-0.0053)
A1(1.3843)
(8.1814)
(0.6754)
A2(6.3015)
(8.8633)
(6.9384)
A3(2.3655)
(6.2537)
(-3.7110)
A4(6.8139)
(8.5329)
(0.0479)
G1(1.0110)
(0.2975)
(-0.5199)
G2(1.4676)
(1.0935)
(-1.3228)
G3(0.0745)
(-0.6268)
(-0.3150)
G4(-0.2091)
(-0.4486)
(0.5561)
A1(3.0704)
(10.6291)
(0.6323)
A2(10.7212)
(7.0485)
(5.8849)
A3(4.4388)
(7.6088)
(-5.0661)
A4(5.1427)
(8.4898)
(-0.7278)
G1(1.3808)
(0.4911)
(-0.9285)
G2(1.4740)
(0.2176)
(-0.7497)
G3(-0.0122)
(-0.1532)
(-0.2118)
G4(-0.0883)
(-0.8759)
(0.2948)
