A1(0.5556)
(5.6379)
(5.8007)
A2(1.5754)
(9.5720)
(-0.5219)
A3(-2.5474)
(10.3238)
(-2.2218)
A4(0.5411)
(9.5193)
(-2.9209)
G1(-1.2521)
(-0.8290)
(-0.1501)
G2(-0.0644)
(-0.2613)
(-0.0575)
G3(0.6508)
(-1.6873)
(0.5683)
G4(0.4502)
(-0.4576)
(0.0394)
A1(1.1688)
(6.1265)
(6.7923)
A2(1.1061)
(9.5385)
(-0.9050)
A3(2.3703)
(6.8857)
(-1.4078)
A4(0.1293)
(9.7109)
(-2.6193)
G1(0.2017)
(-1.1419)
(-0.1075)
G2(0.2182)
(-0.7774)
(0.0218)
G3(0.3496)
(-1.9066)
(0.9924)
G4(0.7694)
(-0.5608)
(0.1187)
A1(-0.3449)
(9.9489)
(7.4150)
A2(-1.4413)
(9.0644)
(1.8004)
A3(4.7357)
(4.5442)
(-3.1220)
A4(-0.7518)
(12.4163)
(1.5371)
G1(2.4115)
(-2.2061)
(-0.3358)
G2(0.0830)
(-1.0573)
(0.1453)
G3(0.1352)
(-1.1137)
(2.1593)
G4(1.6150)
(-0.8775)
(0.2692)
A1(-7.6401)
(6.1025)
(10.6051)
A2(-0.4597)
(8.7819)
(1.4940)
A3(-0.1053)
(4.8459)
(-2.4612)
A4(11.9902)
(31.4550)
(10.0556)
G1(-0.6678)
(-2.5818)
(0.0660)
G2(-0.1873)
(-1.0408)
(0.0447)
G3(1.1675)
(-0.3906)
(1.7347)
G4(3.9488)
(-2.0550)
(2.2514)
A1(-2.3567)
(15.0886)
(4.9385)
A2(-2.0303)
(8.8825)
(1.1492)
A3(-1.0726)
(23.9085)
(3.9840)
A4(-4.8650)
(29.3385)
(-6.3782)
G1(3.3124)
(-6.2640)
(-0.1282)
G2(-0.2437)
(-1.1712)
(0.1006)
G3(2.4286)
(1.5894)
(-0.4347)
G4(3.3018)
(-2.8841)
(0.9695)
A1(-1.3173)
(7.5108)
(6.8019)
A2(-2.8156)
(8.2887)
(3.9217)
A3(-0.8284)
(-10.0652)
(-16.0890)
A4(-4.5155)
(0.6416)
(-28.5341)
G1(-0.6625)
(-3.9398)
(-1.1456)
G2(-0.4374)
(-1.2286)
(0.3283)
G3(1.2478)
(-1.7576)
(0.4060)
G4(1.0626)
(1.6703)
(4.5171)
A1(-0.4694)
(8.3155)
(7.0318)
A2(10.5967)
(0.0383)
(14.3030)
A3(5.4540)
(8.7340)
(0.8140)
A4(4.7549)
(7.1204)
(-16.6636)
G1(-0.1309)
(-0.8051)
(0.0388)
G2(-9.0757)
(-4.6097)
(1.6123)
G3(0.1602)
(-1.7304)
(0.5422)
G4(-11.5495)
(2.4871)
(0.7247)
A1(5.3792)
(6.5288)
(3.6788)
A2(-1.7382)
(35.4342)
(12.7419)
A3(2.3080)
(14.7626)
(-0.2538)
A4(12.1769)
(12.9814)
(-7.7524)
G1(-1.0280)
(-0.8445)
(-0.0255)
G2(-8.1232)
(-2.4536)
(0.9833)
G3(0.5103)
(-0.4539)
(0.0777)
G4(-11.7065)
(-3.1288)
(6.8643)
A1(4.6559)
(9.4364)
(3.6644)
A2(15.5575)
(7.6088)
(14.6621)
A3(1.3791)
(12.4977)
(-3.8020)
A4(-10.5153)
(25.9771)
(5.6503)
G1(-0.5172)
(-1.3941)
(-0.2134)
G2(-6.9223)
(-4.7491)
(5.1120)
G3(0.7519)
(0.1761)
(0.2160)
G4(-9.7925)
(1.1366)
(8.3840)
A1(5.1780)
(6.2797)
(0.5988)
A2(-1.5419)
(22.0793)
(19.3787)
A3(-1.0678)
(10.5776)
(-5.3726)
A4(10.8553)
(29.9946)
(7.4412)
G1(-0.3017)
(-1.6708)
(-0.5050)
G2(-8.4563)
(-0.6875)
(2.6223)
G3(0.3150)
(-1.0318)
(0.6135)
G4(-5.5664)
(3.7376)
(4.5224)
A1(-7.2330)
(7.8892)
(-2.1172)
A2(8.1594)
(-6.1244)
(3.9935)
A3(4.3527)
(8.8202)
(-6.5745)
A4(-18.7227)
(-0.4549)
(-10.9271)
G1(0.0867)
(-0.1128)
(-0.5412)
G2(-3.0410)
(-2.0651)
(2.2029)
G3(0.5603)
(-1.0775)
(0.0495)
G4(-2.6882)
(3.3560)
(-1.0483)
A1(-1.7963)
(8.8089)
(1.9687)
A2(0.2298)
(-3.1891)
(9.5816)
A3(1.8292)
(2.3176)
(-8.3079)
A4(-3.8499)
(-1.0008)
(-10.6590)
G1(0.4305)
(1.0222)
(0.1958)
G2(-5.7878)
(0.8338)
(3.2517)
G3(0.5438)
(-1.8220)
(0.6353)
G4(0.8131)
(1.1887)
(-3.5891)
A1(0.6467)
(9.3837)
(-0.7808)
A2(3.5291)
(7.4268)
(-2.8826)
A3(1.9010)
(-0.5028)
(-8.4563)
A4(-4.5107)
(-6.0047)
(-9.6869)
G1(0.3203)
(0.7620)
(-0.0394)
G2(-3.8168)
(2.8276)
(0.4028)
G3(0.3272)
(1.0296)
(-0.1043)
G4(2.3046)
(-1.2223)
(-4.0510)
A1(3.8368)
(11.1895)
(4.1099)
A2(2.5379)
(4.9560)
(3.7828)
A3(2.2075)
(5.1427)
(-9.3805)
A4(3.3279)
(7.2209)
(-2.7869)
G1(0.3374)
(-0.3815)
(-0.7497)
G2(-1.5426)
(1.4213)
(-0.5119)
G3(0.6343)
(0.9674)
(-0.2038)
G4(3.3651)
(-1.9678)
(-3.7541)
A1(6.2702)
(13.2445)
(7.0030)
A2(3.0742)
(-0.6704)
(3.0598)
A3(-3.7397)
(21.0642)
(-9.8641)
A4(9.1459)
(13.5416)
(0.0335)
G1(0.3187)
(-1.1451)
(-0.7764)
G2(3.0958)
(1.4202)
(-2.4083)
G3(-0.3272)
(0.2480)
(0.2224)
G4(3.5311)
(-3.0357)
(-3.6838)
A1(4.5218)
(6.3037)
(4.0811)
A2(4.7549)
(-3.5482)
(7.4939)
A3(7.5274)
(-2.3032)
(-1.8292)
A4(9.4763)
(13.3453)
(-2.3463)
G1(-1.1025)
(0.5018)
(0.2815)
G2(3.9451)
(0.2708)
(-2.7462)
G3(-0.9929)
(-0.7455)
(0.3650)
G4(3.2203)
(-3.5487)
(-3.2081)
A1(1.8011)
(12.8086)
(2.2417)
A2(6.9815)
(-1.3695)
(8.0541)
A3(-1.7957)
(29.2955)
(-3.9121)
A4(12.4977)
(15.2606)
(-2.4038)
G1(0.5534)
(-1.2739)
(-0.9977)
G2(4.0616)
(-0.6146)
(-3.1629)
G3(-0.4486)
(0.3821)
(0.5736)
G4(1.8294)
(-1.9614)
(-3.5572)
A1(1.2837)
(8.9095)
(3.8177)
A2(11.5592)
(-2.6863)
(13.5225)
A3(6.1435)
(-3.6536)
(-3.8547)
A4(14.1018)
(18.0954)
(-2.6336)
G1(0.3288)
(1.2345)
(-0.4342)
G2(4.3128)
(-1.5639)
(-3.7211)
G3(0.4140)
(0.4188)
(-0.4704)
G4(1.6911)
(-1.1265)
(-2.1833)
A1(-0.0096)
(8.8233)
(0.8718)
A2(1.9345)
(6.2345)
(10.0221)
A3(7.0246)
(5.1188)
(-5.3965)
A4(9.5433)
(11.5592)
(-0.9290)
G1(0.9541)
(1.2302)
(-0.4762)
G2(2.4472)
(1.0887)
(-4.0334)
G3(0.2900)
(0.3310)
(-0.5901)
G4(-0.1607)
(0.1623)
(-0.6763)
A1(1.6717)
(9.7286)
(1.8442)
A2(8.4324)
(8.7771)
(9.7013)
A3(3.1747)
(8.9878)
(-4.7980)
A4(15.3804)
(11.1953)
(-0.9720)
G1(1.5937)
(2.0364)
(-0.5114)
G2(2.6978)
(2.0699)
(-1.9443)
G3(0.1783)
(0.4363)
(-0.4401)
G4(-0.4635)
(1.6863)
(0.0814)
