A1(-1.1879)
(8.2437)
(4.7661)
A2(-0.0670)
(9.1554)
(-1.7286)
A3(1.7238)
(10.2137)
(1.9201)
A4(0.7997)
(9.8019)
(-2.5762)
G1(-1.0988)
(0.1799)
(0.5412)
G2(-0.0149)
(0.0250)
(-0.0266)
G3(0.2368)
(-0.0367)
(-0.0378)
G4(-0.0176)
(0.2485)
(0.0681)
A1(0.2060)
(9.0388)
(4.3446)
A2(-0.9481)
(9.1746)
(-2.1165)
A3(-1.5083)
(11.0564)
(1.3599)
A4(1.3408)
(9.7061)
(-2.4612)
G1(-0.8375)
(-0.2666)
(-0.2176)
G2(0.0942)
(-0.4959)
(0.0734)
G3(0.7306)
(-0.6683)
(0.1368)
G4(0.2363)
(-0.3187)
(0.1602)
A1(0.4167)
(7.6018)
(6.2175)
A2(-0.5650)
(8.8921)
(0.1532)
A3(2.8491)
(9.3182)
(-0.2203)
A4(1.5802)
(9.5960)
(-2.3463)
G1(-0.5720)
(-1.4990)
(-0.0027)
G2(-0.0974)
(-0.4592)
(0.0761)
G3(0.1501)
(-1.6756)
(0.9935)
G4(0.5209)
(-0.5619)
(0.3437)
A1(0.4215)
(9.8100)
(9.0915)
A2(-1.0582)
(9.5577)
(0.0766)
A3(6.5362)
(5.4253)
(-3.3854)
A4(1.7573)
(11.6071)
(1.1540)
G1(0.8088)
(-0.5534)
(0.1639)
G2(0.0027)
(-0.9961)
(0.0995)
G3(0.0628)
(-0.9493)
(1.4229)
G4(1.7405)
(-0.5236)
(0.7231)
A1(3.9901)
(7.0845)
(3.7698)
A2(-1.5754)
(9.1219)
(0.5555)
A3(5.8897)
(5.1571)
(-0.2059)
A4(0.2729)
(25.8526)
(5.5785)
G1(0.6077)
(-3.2714)
(-1.1967)
G2(0.1043)
(-1.0211)
(0.1713)
G3(-0.6540)
(-2.6872)
(1.6522)
G4(2.8138)
(-2.3040)
(1.9651)
A1(-9.4603)
(12.8277)
(3.0560)
A2(-2.6911)
(6.6272)
(1.7765)
A3(19.0291)
(-1.0822)
(-14.7483)
A4(-4.0079)
(10.1706)
(-24.4113)
G1(-0.8120)
(-4.9396)
(-0.6114)
G2(-0.8844)
(-1.8007)
(0.4182)
G3(1.2643)
(0.9142)
(0.1229)
G4(-0.5545)
(2.4381)
(2.8266)
A1(6.7683)
(8.7035)
(8.6077)
A2(7.4651)
(2.7725)
(7.3406)
A3(13.6613)
(6.6750)
(-0.7901)
A4(3.8930)
(14.0013)
(-23.7553)
G1(-0.3310)
(-2.5063)
(0.5412)
G2(-4.4841)
(-5.2690)
(0.2107)
G3(0.5412)
(0.0995)
(0.0931)
G4(-9.0853)
(3.2278)
(-1.4117)
A1(6.9791)
(8.8089)
(4.1051)
A2(7.2018)
(9.4044)
(8.8921)
A3(2.0111)
(13.2016)
(-1.9728)
A4(6.8618)
(13.9630)
(-3.7302)
G1(-0.8594)
(-0.9567)
(0.0537)
G2(-7.2905)
(-3.6141)
(4.9715)
G3(0.8487)
(-0.3092)
(-0.0495)
G4(-13.2326)
(-2.9186)
(4.5804)
A1(-1.1688)
(8.7849)
(1.7771)
A2(4.1276)
(5.4157)
(8.1930)
A3(3.8116)
(2.0111)
(-6.2058)
A4(-12.0716)
(22.5486)
(-6.5266)
G1(-1.4383)
(-3.1299)
(-0.3336)
G2(-6.4380)
(-2.6542)
(2.7968)
G3(0.4895)
(-0.9626)
(0.3496)
G4(-2.6105)
(-0.8524)
(2.2189)
A1(-1.2454)
(8.5837)
(-0.5988)
A2(6.1723)
(-11.0564)
(7.3167)
A3(3.2609)
(1.1301)
(-9.1363)
A4(-6.0813)
(-1.5754)
(-10.4291)
G1(0.2309)
(0.3975)
(-0.6891)
G2(-4.0020)
(-1.7310)
(1.1004)
G3(-0.5640)
(-1.4128)
(0.3358)
G4(-0.4315)
(4.0483)
(-2.8665)
A1(-3.9135)
(8.0233)
(-2.2753)
A2(12.6845)
(3.2801)
(2.5762)
A3(-1.4126)
(-3.8882)
(-9.3853)
A4(-6.5122)
(-5.2529)
(-14.3892)
G1(0.1490)
(0.9344)
(-0.2065)
G2(-5.0184)
(-1.4112)
(1.4766)
G3(-0.5614)
(-1.3755)
(0.7066)
G4(1.4606)
(-1.1941)
(-2.4653)
A1(6.4953)
(8.2005)
(6.3133)
A2(3.1747)
(-2.4325)
(3.9217)
A3(-0.2155)
(-1.0965)
(-12.4068)
A4(2.6288)
(10.7308)
(-3.6344)
G1(1.3606)
(0.7934)
(0.2384)
G2(-1.1866)
(1.5335)
(-0.9168)
G3(0.1032)
(0.3523)
(-0.8024)
G4(4.4022)
(-0.8748)
(-4.4894)
A1(5.8630)
(7.6545)
(1.9256)
A2(0.4405)
(-0.5363)
(4.1324)
A3(1.8723)
(22.5821)
(-1.7430)
A4(12.6031)
(19.7282)
(2.2697)
G1(-0.1697)
(1.3356)
(0.2969)
G2(3.4364)
(1.1393)
(-2.2104)
G3(-1.7304)
(-1.8597)
(1.6778)
G4(5.4196)
(-3.6758)
(-3.2778)
A1(5.1301)
(11.7356)
(4.6368)
A2(9.5529)
(1.8483)
(13.8433)
A3(4.6352)
(0.5938)
(-0.4118)
A4(8.4228)
(15.6916)
(-3.5578)
G1(0.7199)
(0.3225)
(-0.2379)
G2(4.9103)
(1.6272)
(-2.8298)
G3(-1.0302)
(-0.6290)
(-1.0520)
G4(5.8187)
(-2.5254)
(-3.1751)
A1(5.2786)
(10.7872)
(4.4404)
A2(6.3255)
(0.2155)
(14.1018)
A3(5.1858)
(8.4563)
(-4.7214)
A4(4.8842)
(12.2918)
(-5.5210)
G1(0.8966)
(1.9278)
(-0.3134)
G2(4.5512)
(-1.7352)
(-3.6726)
G3(-0.2442)
(0.0388)
(0.0984)
G4(3.8818)
(0.3826)
(-3.2443)
A1(6.1887)
(9.8819)
(2.8884)
A2(7.8338)
(9.2225)
(12.2487)
A3(3.6823)
(8.2361)
(-6.2537)
A4(6.4452)
(8.3797)
(-6.3207)
G1(0.9738)
(1.8677)
(0.1602)
G2(1.1446)
(6.7036)
(-1.2074)
G3(-0.4842)
(-0.0782)
(-0.3597)
G4(0.5337)
(0.6550)
(-0.9764)
A1(0.6419)
(6.8641)
(2.1603)
A2(8.2791)
(19.2302)
(2.7677)
A3(3.9840)
(7.2113)
(-4.3766)
A4(-2.2314)
(9.3901)
(-2.9497)
G1(0.1485)
(-0.5076)
(-0.6513)
G2(3.9664)
(1.3260)
(-0.8493)
G3(-0.0245)
(1.8443)
(-0.9104)
G4(-1.0419)
(1.3138)
(-0.8296)
A1(1.1736)
(8.4927)
(3.3913)
A2(-2.1883)
(11.8800)
(6.4021)
A3(5.6216)
(7.6040)
(-2.0159)
A4(1.0199)
(1.3312)
(-2.7054)
G1(0.7189)
(0.4715)
(-0.0708)
G2(2.2019)
(-0.2251)
(-0.6204)
G3(-0.6933)
(0.4321)
(-0.0484)
G4(-0.7801)
(-0.3847)
(0.8200)
A1(0.8574)
(9.8435)
(5.7720)
A2(2.0255)
(10.0509)
(2.9975)
A3(2.2745)
(9.8210)
(-1.2977)
A4(3.1651)
(10.5536)
(-4.1755)
G1(-0.2618)
(0.2884)
(-0.0947)
G2(0.8482)
(0.4087)
(-0.0724)
G3(-0.5103)
(-0.1703)
(-0.2139)
G4(-0.7455)
(-0.3618)
(0.0942)
A1(1.5951)
(10.0687)
(4.5984)
A2(-4.0031)
(8.5952)
(4.3958)
A3(2.0399)
(9.0118)
(-2.7054)
A4(1.2067)
(9.1985)
(-4.3144)
G1(0.7955)
(-0.4257)
(-0.5933)
G2(-0.0766)
(-0.2538)
(-0.5497)
G3(-0.3150)
(-0.8242)
(0.0905)
G4(-0.5263)
(-0.1038)
(0.1357)
