A1(1.3460)
(6.9743)
(6.6055)
A2(1.8387)
(8.8921)
(-1.8148)
A3(-0.8332)
(9.8785)
(-1.4317)
A4(1.6855)
(10.0556)
(-1.7047)
G1(-1.8071)
(-1.9082)
(-0.5130)
G2(-0.0085)
(-0.5231)
(-0.0234)
G3(0.3815)
(-0.9477)
(0.7535)
G4(0.1857)
(-0.4624)
(0.1330)
A1(2.6872)
(6.5815)
(6.6917)
A2(1.4509)
(9.3182)
(-0.4214)
A3(0.0192)
(8.9735)
(-3.1077)
A4(1.8004)
(10.3238)
(-0.5124)
G1(-0.0803)
(-1.7932)
(-0.1591)
G2(0.2639)
(-1.0669)
(0.1729)
G3(1.0185)
(-0.8892)
(1.1100)
G4(0.7221)
(-1.1451)
(0.3421)
A1(3.9326)
(10.4423)
(8.4688)
A2(0.2921)
(9.4236)
(0.3543)
A3(6.4404)
(6.3351)
(-2.5762)
A4(0.0000)
(13.9438)
(5.0613)
G1(1.3979)
(-2.2599)
(-0.0223)
G2(0.1873)
(-1.2638)
(-0.0442)
G3(0.4113)
(-1.1893)
(2.3413)
G4(1.9012)
(-1.6511)
(0.8524)
A1(8.5358)
(12.2098)
(-0.8957)
A2(-0.9529)
(8.7628)
(-0.3256)
A3(-4.3766)
(12.7419)
(3.6631)
A4(8.7388)
(34.7638)
(-9.5529)
G1(1.6623)
(-4.7736)
(0.3012)
G2(-0.4257)
(-1.2723)
(0.5284)
G3(-0.0835)
(1.5080)
(0.3751)
G4(5.0684)
(-1.8315)
(2.8356)
A1(3.6692)
(12.8134)
(5.5852)
A2(1.6759)
(8.9160)
(9.0501)
A3(-6.8953)
(14.1976)
(-6.5841)
A4(-11.3389)
(6.3494)
(-32.2164)
G1(0.6981)
(0.0798)
(0.9961)
G2(-3.6961)
(-3.3715)
(-0.1591)
G3(-0.7721)
(-1.7001)
(1.1302)
G4(-8.1190)
(4.6507)
(-3.1389)
A1(7.5060)
(7.6018)
(3.6644)
A2(4.8842)
(0.0000)
(11.4347)
A3(6.9480)
(14.3556)
(-0.2011)
A4(9.8306)
(8.0254)
(-21.5239)
G1(-0.6896)
(0.3443)
(0.9195)
G2(-7.4459)
(-8.7618)
(1.0062)
G3(-0.3092)
(-0.8854)
(0.2996)
G4(-10.7407)
(5.8745)
(-3.1703)
A1(5.8247)
(7.6689)
(10.6770)
A2(17.1856)
(6.3159)
(14.1641)
A3(0.9050)
(4.8028)
(-7.5609)
A4(5.6360)
(23.7457)
(-8.1738)
G1(-0.9482)
(-2.0816)
(0.2091)
G2(-8.6926)
(-0.8594)
(5.8213)
G3(-0.5417)
(-0.7615)
(0.8014)
G4(-12.5972)
(-1.8986)
(7.7204)
A1(-12.1092)
(10.6291)
(-4.5505)
A2(2.2889)
(5.2864)
(5.2960)
A3(5.9951)
(2.1261)
(-1.9728)
A4(-6.0382)
(7.9104)
(-15.0739)
G1(-0.5130)
(-1.5038)
(-0.2831)
G2(-6.6094)
(1.6623)
(2.5791)
G3(0.1916)
(-0.9615)
(0.3544)
G4(-4.1670)
(-0.0394)
(1.1973)
A1(0.6371)
(8.7418)
(-1.0490)
A2(-0.7039)
(-11.2432)
(-4.8746)
A3(7.8913)
(5.3247)
(-6.4691)
A4(-19.4601)
(-6.3398)
(-14.9207)
G1(0.1006)
(0.6550)
(-0.3150)
G2(-3.2789)
(-0.4140)
(0.1522)
G3(0.1022)
(-1.3154)
(1.0770)
G4(-1.0727)
(2.7590)
(-2.3775)
A1(2.4525)
(11.4003)
(4.9337)
A2(3.9456)
(9.6917)
(1.2210)
A3(8.1642)
(-1.4557)
(-10.5297)
A4(-1.5323)
(4.2521)
(-6.6942)
G1(0.2309)
(0.3251)
(-0.5710)
G2(-4.0818)
(3.2895)
(-1.2084)
G3(0.6029)
(-0.3645)
(0.3326)
G4(3.7562)
(-1.5766)
(-4.2718)
A1(4.8379)
(9.1298)
(6.2702)
A2(-0.3208)
(-1.0534)
(4.9081)
A3(5.4157)
(7.3454)
(-7.6136)
A4(10.6734)
(14.1976)
(1.2833)
G1(-0.0005)
(-1.4085)
(-0.7886)
G2(1.6102)
(2.2280)
(-2.3429)
G3(-0.4438)
(-1.0531)
(0.8663)
G4(4.4394)
(-3.8972)
(-2.8686)
A1(4.9385)
(8.0664)
(2.9315)
A2(5.8658)
(-4.1132)
(10.2903)
A3(4.1037)
(8.3510)
(-2.2889)
A4(16.1800)
(20.3411)
(0.6656)
G1(0.2533)
(-2.3179)
(-0.3661)
G2(4.3713)
(0.4039)
(-2.6318)
G3(-0.3219)
(-0.3831)
(0.2554)
G4(2.1221)
(-2.9665)
(-2.7335)
A1(-0.3401)
(9.8531)
(2.3519)
A2(9.7636)
(-1.4269)
(10.3573)
A3(4.7453)
(8.3270)
(-4.2090)
A4(12.2009)
(14.1545)
(-0.5842)
G1(0.8961)
(-0.6502)
(-1.0584)
G2(5.0716)
(-0.6417)
(-3.8243)
G3(-0.7157)
(-1.7592)
(1.2180)
G4(1.2787)
(-1.1488)
(-2.0263)
A1(2.5100)
(12.1236)
(1.3556)
A2(0.0000)
(4.6352)
(9.9359)
A3(6.2824)
(4.4676)
(-4.8219)
A4(11.8465)
(10.8409)
(-1.2977)
G1(0.2283)
(-0.0921)
(-0.7184)
G2(2.8010)
(-1.3606)
(-4.2846)
G3(-0.0670)
(-0.9567)
(0.6939)
G4(0.5933)
(-2.0188)
(0.0271)
A1(1.8969)
(10.1884)
(-0.4934)
A2(7.4699)
(8.0397)
(7.3646)
A3(1.9585)
(6.4835)
(-6.8235)
A4(7.6519)
(10.5058)
(1.5802)
G1(1.1584)
(-0.5225)
(-0.8801)
G2(2.7127)
(1.7006)
(-1.1228)
G3(0.1634)
(-0.7066)
(0.2469)
G4(0.1958)
(-1.5958)
(-0.3975)
A1(1.1065)
(8.4592)
(0.6227)
A2(12.7419)
(9.3518)
(7.0198)
A3(5.9089)
(3.8690)
(-5.8945)
A4(13.5751)
(9.5241)
(4.9033)
G1(1.4234)
(0.1070)
(-0.8668)
G2(1.3335)
(0.1474)
(-0.9993)
G3(0.0623)
(-1.1031)
(0.1479)
G4(-0.1086)
(0.4571)
(-0.7354)
A1(0.7568)
(9.6567)
(-3.8847)
A2(4.8746)
(5.4588)
(5.3486)
A3(1.9968)
(7.6614)
(-5.5258)
A4(0.4453)
(10.1035)
(-0.0910)
G1(1.2489)
(0.0803)
(-0.9450)
G2(1.7629)
(0.2203)
(-0.5656)
G3(0.3283)
(0.4401)
(-0.4725)
G4(0.2331)
(-1.3702)
(-0.3751)
A1(-2.7207)
(8.3155)
(-2.6154)
A2(9.4810)
(9.3948)
(4.1372)
A3(3.8786)
(6.4931)
(-6.6272)
A4(2.8108)
(8.2073)
(-3.0023)
G1(0.1043)
(-1.2584)
(0.1368)
G2(-0.6327)
(0.2554)
(0.2570)
G3(0.1187)
(-0.7093)
(-0.2160)
G4(0.2256)
(-0.7375)
(-0.1671)
A1(-3.2955)
(8.5119)
(-3.3434)
A2(1.0582)
(9.5720)
(3.3806)
A3(4.1563)
(5.9137)
(-7.2209)
A4(-0.0239)
(8.7676)
(-4.0223)
G1(0.9429)
(-0.7630)
(-0.1266)
G2(0.1905)
(-0.3831)
(-0.7412)
G3(-0.2703)
(-1.1408)
(0.2990)
G4(-0.0990)
(-0.4773)
(-0.1841)
A1(-2.9028)
(9.6998)
(-3.7985)
A2(3.9361)
(8.7436)
(0.2203)
A3(-1.1540)
(6.8714)
(-7.1443)
A4(1.5802)
(8.3653)
(-4.4532)
G1(1.5288)
(0.7364)
(-0.0968)
G2(-0.0543)
(-0.7843)
(-0.0048)
G3(-0.5417)
(-0.7482)
(0.3672)
G4(-0.3640)
(-0.5805)
(0.0372)
