A1(0.9436)
(6.1552)
(7.0940)
A2(0.2203)
(9.4284)
(-0.4932)
A3(1.4030)
(7.6854)
(-4.8842)
A4(1.4030)
(10.0652)
(-0.5842)
G1(-0.1373)
(-1.3941)
(0.1905)
G2(0.7136)
(-0.7396)
(0.2410)
G3(0.3523)
(-1.5069)
(2.0752)
G4(1.1456)
(-0.1676)
(0.1352)
A1(6.5624)
(16.1137)
(-0.5556)
A2(-1.0343)
(9.0405)
(1.2785)
A3(-1.0295)
(5.7700)
(-2.0734)
A4(-0.4549)
(35.5826)
(13.8289)
G1(1.2350)
(-2.1902)
(-0.5204)
G2(0.1160)
(-0.6843)
(0.2682)
G3(0.2309)
(-1.2877)
(2.1726)
G4(3.7966)
(-2.2104)
(0.8503)
A1(-1.5280)
(9.6184)
(3.7602)
A2(-2.0111)
(8.6191)
(0.9242)
A3(-9.5960)
(21.3371)
(-12.5121)
A4(2.0782)
(21.8926)
(-17.0515)
G1(1.0472)
(-6.7823)
(-0.4406)
G2(-0.2921)
(-0.5667)
(0.2065)
G3(2.1817)
(0.7354)
(-1.3154)
G4(2.8245)
(-1.2930)
(2.3056)
A1(3.4297)
(7.2569)
(4.9721)
A2(5.1763)
(9.3661)
(6.0621)
A3(0.7853)
(11.3820)
(-5.7557)
A4(-14.0061)
(9.1075)
(-29.8318)
G1(-0.3421)
(-0.5060)
(0.7215)
G2(-3.3103)
(-3.2193)
(0.1607)
G3(-0.5635)
(-1.0291)
(0.5672)
G4(-7.8987)
(5.0311)
(-0.9259)
A1(4.9098)
(6.6534)
(3.1518)
A2(4.9225)
(3.7637)
(15.8688)
A3(3.7254)
(14.6334)
(-1.2210)
A4(9.6822)
(12.9335)
(-19.3595)
G1(-0.9674)
(-0.7157)
(0.2799)
G2(-9.3109)
(-5.5569)
(1.1430)
G3(-0.5928)
(-1.3452)
(0.4917)
G4(-11.5181)
(3.9653)
(-2.1306)
A1(4.1194)
(7.1611)
(4.8571)
A2(12.3445)
(15.1218)
(19.5127)
A3(1.8483)
(2.2841)
(-4.1515)
A4(5.4061)
(25.4743)
(-1.1205)
G1(-0.7428)
(-1.6692)
(-0.0032)
G2(-9.1491)
(-2.1928)
(4.4128)
G3(-0.4161)
(-1.6895)
(0.9961)
G4(-11.0105)
(-0.4475)
(8.2451)
A1(11.3093)
(10.0878)
(3.8033)
A2(-0.8332)
(22.1895)
(5.2960)
A3(-0.5459)
(8.9926)
(-1.9106)
A4(-0.6416)
(15.9597)
(-11.0804)
G1(-0.9365)
(-4.0169)
(-1.9353)
G2(-6.9244)
(0.1415)
(2.3445)
G3(-0.0537)
(-1.9374)
(0.9605)
G4(-5.3499)
(3.4518)
(2.8974)
A1(-3.6165)
(7.6593)
(-0.2922)
A2(4.0558)
(-9.3278)
(0.7949)
A3(4.9368)
(4.8985)
(-5.9041)
A4(-27.1598)
(-5.6886)
(-12.9622)
G1(0.1261)
(0.3799)
(-0.0910)
G2(-3.9499)
(-2.5047)
(2.1109)
G3(0.6806)
(-2.0316)
(0.5837)
G4(-1.8768)
(2.5893)
(-1.1808)
A1(-0.2203)
(10.3034)
(2.2609)
A2(-2.5809)
(-0.0575)
(6.5266)
A3(1.0295)
(1.9632)
(-7.5513)
A4(3.7876)
(-3.5721)
(-11.6262)
G1(0.5901)
(0.4848)
(0.1916)
G2(-6.7232)
(0.0011)
(1.5181)
G3(0.7913)
(-0.9924)
(0.7114)
G4(2.2860)
(0.4310)
(-3.4428)
A1(4.0284)
(8.5742)
(4.5218)
A2(-0.1245)
(-0.4453)
(2.1691)
A3(5.2768)
(1.0439)
(-6.1244)
A4(4.1899)
(14.1258)
(0.4118)
G1(0.4762)
(0.0607)
(-0.1346)
G2(-1.1095)
(1.3739)
(-0.6779)
G3(0.9147)
(0.0474)
(0.8285)
G4(3.9999)
(-1.8443)
(-5.3185)
A1(6.8402)
(8.9717)
(2.6776)
A2(3.6152)
(-2.7725)
(3.8834)
A3(3.1412)
(9.1746)
(-3.4955)
A4(10.6734)
(8.0493)
(1.4174)
G1(-0.0372)
(0.2772)
(-0.5167)
G2(0.8551)
(1.4457)
(-1.8369)
G3(-0.7359)
(-0.9232)
(1.9662)
G4(4.9747)
(-3.2267)
(-3.5540)
A1(2.3519)
(11.1752)
(3.8416)
A2(1.6376)
(-0.9290)
(9.1985)
A3(2.8204)
(11.2049)
(-5.1427)
A4(6.4931)
(11.2288)
(-2.9353)
G1(-0.3922)
(-0.0181)
(-0.7822)
G2(4.3181)
(0.7827)
(-2.8910)
G3(-0.2395)
(0.4379)
(-0.3523)
G4(2.5728)
(-3.0096)
(-3.0304)
A1(6.5240)
(9.0292)
(5.2643)
A2(12.0907)
(-4.6543)
(11.5209)
A3(0.6033)
(7.9535)
(-3.1603)
A4(17.1329)
(18.7179)
(-4.8746)
G1(-0.4720)
(-0.9690)
(-0.5082)
G2(3.8663)
(-0.2416)
(-2.7265)
G3(-0.2384)
(-0.6274)
(0.1325)
G4(1.4463)
(-2.7957)
(-1.7597)
A1(4.7278)
(10.2938)
(3.9230)
A2(5.0709)
(1.6041)
(10.7356)
A3(6.8522)
(0.9194)
(-6.1962)
A4(14.0875)
(15.2559)
(-0.9433)
G1(0.2820)
(1.2989)
(-0.1777)
G2(3.4981)
(-2.3243)
(-4.5708)
G3(0.1410)
(-0.7689)
(0.5295)
G4(-0.3129)
(-0.2645)
(-0.8679)
A1(3.8129)
(9.7429)
(1.3987)
A2(9.5912)
(8.3893)
(8.4898)
A3(3.5530)
(8.8633)
(-5.3582)
A4(9.5816)
(12.2775)
(-1.5945)
G1(0.7439)
(-0.3437)
(-0.3193)
G2(2.4381)
(0.5741)
(-3.6551)
G3(0.1378)
(-0.3022)
(0.1772)
G4(-0.0383)
(-0.7327)
(-0.2182)
A1(3.0848)
(10.4088)
(1.5232)
A2(8.4851)
(8.9304)
(5.4205)
A3(3.9073)
(6.8091)
(-6.4452)
A4(8.5186)
(9.8114)
(-0.1628)
G1(1.4410)
(0.1602)
(-0.7082)
G2(2.3961)
(0.5082)
(-1.3494)
G3(-0.1724)
(-0.3762)
(-0.2139)
G4(-0.4975)
(0.7061)
(-0.5172)
A1(2.1172)
(7.3767)
(0.1677)
A2(6.7421)
(7.8865)
(5.9520)
A3(2.2362)
(6.0334)
(-7.0581)
A4(7.2353)
(10.0987)
(1.1827)
G1(1.2893)
(-0.5066)
(-1.1174)
G2(1.8214)
(0.6098)
(-0.9227)
G3(-0.2496)
(-0.1921)
(-0.3326)
G4(0.1357)
(-0.0458)
(0.0128)
A1(1.3700)
(10.1118)
(-0.0958)
A2(3.8547)
(6.5457)
(5.2720)
A3(1.7382)
(7.8626)
(-6.2249)
A4(3.6871)
(8.8442)
(0.2586)
G1(0.8934)
(-0.6854)
(-0.9365)
G2(1.4889)
(0.3634)
(-0.5960)
G3(-0.0968)
(-0.1330)
(-0.3288)
G4(0.5428)
(0.4353)
(-0.8849)
A1(-0.8909)
(8.6748)
(-1.5137)
A2(3.8259)
(7.5369)
(5.6599)
A3(2.4277)
(8.5856)
(-5.4779)
A4(4.3766)
(10.8457)
(-2.8539)
G1(0.8099)
(0.1091)
(-1.1568)
G2(1.0988)
(0.8822)
(-0.5252)
G3(0.0607)
(-0.4342)
(-0.4406)
G4(0.0772)
(-0.2826)
(-0.8163)
A1(-2.0310)
(8.4113)
(-0.6754)
A2(2.8252)
(8.5617)
(3.2130)
A3(-0.0862)
(8.8394)
(-6.3159)
A4(0.2059)
(8.3941)
(-0.5267)
G1(-0.5853)
(-0.2166)
(-0.5667)
G2(0.6252)
(0.3570)
(-0.8711)
G3(0.2996)
(-0.5374)
(-0.4475)
G4(-0.1431)
(-1.2664)
(-0.3406)
