A1(-0.7329)
(8.3538)
(7.5443)
A2(0.9577)
(9.4475)
(-0.9242)
A3(-1.6903)
(10.6686)
(0.1532)
A4(0.4166)
(8.9352)
(-4.7262)
G1(-0.9817)
(-0.0532)
(-0.1282)
G2(0.2027)
(-0.4640)
(-0.0112)
G3(0.4374)
(-0.2581)
(0.3608)
G4(0.1990)
(-0.2081)
(0.0591)
A1(1.1736)
(5.8199)
(7.1803)
A2(-1.1013)
(9.0501)
(-0.7709)
A3(3.4764)
(8.1211)
(-0.1197)
A4(0.4932)
(10.1035)
(-2.7438)
G1(0.0724)
(-0.6614)
(0.0458)
G2(0.2826)
(-0.5172)
(0.0894)
G3(0.8503)
(-1.3995)
(1.5846)
G4(0.9402)
(-0.0149)
(0.0585)
A1(0.0719)
(10.0495)
(8.2676)
A2(-0.6656)
(9.3613)
(0.1484)
A3(-1.4940)
(7.0916)
(-2.6001)
A4(3.4716)
(13.1202)
(-1.3408)
G1(1.4505)
(-1.1297)
(-0.0537)
G2(0.1985)
(-0.5103)
(0.0803)
G3(0.6486)
(-2.0710)
(2.2503)
G4(1.5192)
(-0.7391)
(0.3900)
A1(-0.0383)
(9.1059)
(6.3899)
A2(-1.4748)
(9.4715)
(1.1349)
A3(-9.7300)
(23.1424)
(-7.6279)
A4(11.5496)
(29.2188)
(-4.7884)
G1(1.6182)
(-8.8400)
(-1.2973)
G2(0.1112)
(-0.5678)
(0.2570)
G3(1.5426)
(0.5534)
(-0.2714)
G4(4.5597)
(-1.9837)
(2.1992)
A1(2.8597)
(8.2676)
(8.0473)
A2(4.0223)
(10.8362)
(4.8698)
A3(-1.1061)
(8.0445)
(-4.9177)
A4(-12.4259)
(17.6884)
(-26.9013)
G1(0.4241)
(-0.3560)
(0.2272)
G2(-1.6629)
(-3.7094)
(0.0617)
G3(-0.9482)
(-1.6985)
(0.9041)
G4(-6.6706)
(1.8736)
(1.8023)
A1(0.1533)
(7.4006)
(1.1927)
A2(-7.9535)
(50.7571)
(6.5553)
A3(-1.5227)
(17.3867)
(-0.0527)
A4(16.6014)
(4.6352)
(-11.1187)
G1(-1.3702)
(-3.1102)
(0.4140)
G2(-6.3811)
(-5.4946)
(2.6989)
G3(0.4576)
(-0.0053)
(-0.1224)
G4(-14.9673)
(-0.3608)
(2.0582)
A1(0.0287)
(7.4581)
(3.7314)
A2(7.2544)
(5.4540)
(15.7251)
A3(0.5794)
(10.2615)
(-6.5601)
A4(2.7964)
(30.6075)
(-6.4452)
G1(-0.9493)
(-0.6944)
(0.1628)
G2(-9.3700)
(-2.8197)
(4.8342)
G3(0.1687)
(-0.4257)
(0.0686)
G4(-12.7457)
(-1.8267)
(9.1795)
A1(-9.9298)
(10.0926)
(0.6083)
A2(4.9943)
(7.4172)
(0.2346)
A3(5.4492)
(2.9209)
(-3.3806)
A4(-4.2760)
(13.7284)
(-16.5487)
G1(-1.4239)
(-5.3100)
(0.5268)
G2(-6.1890)
(0.2304)
(4.1068)
G3(0.1453)
(-1.2920)
(0.2224)
G4(-3.1490)
(0.5231)
(4.1122)
A1(0.8718)
(10.0303)
(1.2837)
A2(15.6437)
(-11.3102)
(16.1321)
A3(4.3718)
(6.4835)
(-6.7469)
A4(9.7683)
(-5.8275)
(-13.2112)
G1(0.5034)
(1.1797)
(0.0899)
G2(-4.5746)
(-1.9906)
(3.7839)
G3(-0.1336)
(-2.5568)
(1.5990)
G4(1.2739)
(0.8572)
(-2.0055)
A1(3.3626)
(8.9861)
(4.0811)
A2(5.3726)
(8.7771)
(5.6072)
A3(4.9033)
(1.6328)
(-7.4364)
A4(2.1452)
(8.0780)
(-2.3080)
G1(0.4390)
(1.1653)
(-1.0142)
G2(-1.0632)
(1.3569)
(0.4071)
G3(1.5602)
(-0.3049)
(0.4023)
G4(3.9153)
(-0.6646)
(-5.1849)
A1(4.1099)
(8.8568)
(1.6286)
A2(5.1188)
(-4.9368)
(4.0558)
A3(-1.8675)
(2.3415)
(-4.2952)
A4(3.7972)
(7.4986)
(-0.4405)
G1(0.8195)
(-0.9605)
(-0.5843)
G2(0.2746)
(0.2352)
(-1.4638)
G3(0.5821)
(-0.2363)
(0.3182)
G4(3.8929)
(-1.5405)
(-4.5650)
A1(8.2101)
(5.7864)
(-2.4094)
A2(2.6767)
(-1.6759)
(6.3303)
A3(6.7900)
(8.3414)
(4.0701)
A4(7.4316)
(14.9446)
(3.5817)
G1(0.4560)
(-0.8886)
(-0.2687)
G2(3.4124)
(1.2462)
(-2.9431)
G3(-0.7838)
(-0.2698)
(0.4986)
G4(2.8463)
(-3.7929)
(-4.1483)
A1(4.3733)
(6.2702)
(2.1411)
A2(16.5104)
(-1.6568)
(14.6812)
A3(3.9361)
(-0.2538)
(-0.9385)
A4(11.0612)
(16.8695)
(0.6704)
G1(0.3932)
(1.9380)
(-0.2943)
G2(4.7730)
(-2.2641)
(-3.1666)
G3(-0.3150)
(0.9567)
(-0.6604)
G4(1.7187)
(-1.1260)
(-3.2869)
A1(1.4274)
(7.9994)
(-0.9580)
A2(-2.4756)
(2.4612)
(12.7084)
A3(2.1500)
(9.1794)
(-0.5794)
A4(15.4426)
(11.8848)
(0.2155)
G1(0.1958)
(0.2533)
(-0.4518)
G2(2.7675)
(1.0020)
(-4.1867)
G3(0.2320)
(0.9546)
(-0.2953)
G4(0.2778)
(-0.9110)
(-0.9525)
A1(6.8929)
(11.5679)
(2.9698)
A2(5.0135)
(9.8497)
(7.7668)
A3(3.5769)
(5.9568)
(-7.2927)
A4(9.6822)
(10.3573)
(1.8148)
G1(0.3336)
(-0.0718)
(0.1655)
G2(1.5910)
(3.3379)
(-2.0465)
G3(0.1713)
(0.3395)
(-0.1394)
G4(0.3656)
(-0.7391)
(0.0910)
A1(4.2583)
(10.9069)
(2.0741)
A2(12.5743)
(5.4061)
(11.3677)
A3(2.8060)
(9.7205)
(-7.0868)
A4(6.4021)
(7.5369)
(-0.7853)
G1(0.8381)
(0.1969)
(-0.1666)
G2(2.0939)
(0.1479)
(-0.9573)
G3(-0.2091)
(-0.7056)
(0.4273)
G4(-0.3225)
(0.4640)
(0.3491)
A1(1.9927)
(9.8340)
(0.7760)
A2(4.7166)
(6.2153)
(7.3598)
A3(1.0104)
(9.4332)
(-5.7652)
A4(4.6926)
(7.9727)
(-1.3599)
G1(0.8524)
(-0.3241)
(-0.2953)
G2(0.6375)
(0.9770)
(0.0867)
G3(-0.2267)
(-0.5481)
(0.1027)
G4(-0.3081)
(-0.1235)
(0.2075)
A1(2.2034)
(9.2927)
(-0.1054)
A2(5.5115)
(7.2161)
(6.2968)
A3(2.4134)
(8.6766)
(-4.1324)
A4(3.6440)
(9.0070)
(-0.1676)
G1(0.8407)
(-0.7492)
(-0.4278)
G2(0.8418)
(-0.3368)
(0.0192)
G3(-0.0351)
(-0.8120)
(0.1836)
G4(-0.0830)
(0.1799)
(-0.2043)
A1(0.8622)
(8.6987)
(0.3928)
A2(4.8650)
(7.5561)
(4.1372)
A3(3.1843)
(7.4172)
(-5.2050)
A4(4.3574)
(8.5234)
(-0.7374)
G1(0.4204)
(-0.6093)
(-0.2597)
G2(0.5795)
(-0.0766)
(-0.0346)
G3(0.0064)
(-0.1639)
(-0.1463)
G4(0.0692)
(-0.0724)
(-0.2474)
A1(0.4886)
(9.7956)
(1.3412)
A2(2.3415)
(8.1882)
(3.8642)
A3(2.7485)
(7.7381)
(-5.1332)
A4(6.2297)
(8.7245)
(-0.6560)
G1(1.5277)
(0.5231)
(-0.3842)
G2(0.6476)
(-0.0404)
(-0.1862)
G3(0.1490)
(-0.3565)
(-0.0149)
G4(0.2629)
(-0.3693)
(-0.3863)
