A1(0.7999)
(8.9765)
(-2.8309)
A2(3.5291)
(7.8865)
(3.3806)
A3(0.2011)
(7.0916)
(-7.1299)
A4(3.2178)
(9.3709)
(-3.3662)
G1(0.1921)
(0.3358)
(-0.4103)
G2(-0.0633)
(0.2937)
(0.0995)
G3(0.0591)
(0.2708)
(-0.2506)
G4(0.2171)
(-0.0341)
(-0.4997)
A1(0.3161)
(9.5753)
(-0.4886)
A2(4.7405)
(7.9918)
(4.8794)
A3(0.8523)
(6.9719)
(-7.1347)
A4(2.9449)
(7.6375)
(-3.0215)
G1(0.9972)
(1.2318)
(-0.4353)
G2(0.0899)
(0.2911)
(0.1862)
G3(-0.0601)
(0.1506)
(-0.3081)
G4(1.0536)
(3.0277)
(-2.1205)
A1(3.0273)
(9.9393)
(1.0921)
A2(4.4341)
(8.2648)
(3.9313)
A3(-1.7861)
(6.2968)
(-7.4364)
A4(-1.4030)
(4.8794)
(-2.6480)
G1(1.1818)
(1.7953)
(-0.6263)
G2(-0.3395)
(0.3315)
(0.0037)
G3(-0.2070)
(0.3108)
(-0.4640)
G4(0.9892)
(3.0139)
(-2.2306)
A1(4.0955)
(11.5775)
(2.3327)
A2(2.2218)
(6.3829)
(5.8514)
A3(1.6903)
(8.3318)
(-6.5122)
A4(6.1292)
(10.0365)
(-5.3917)
G1(0.8189)
(3.2161)
(-0.1309)
G2(-1.0525)
(1.7214)
(0.8407)
G3(-0.1719)
(-0.0255)
(-0.5417)
G4(0.6955)
(-0.6944)
(0.3193)
A1(-6.2318)
(15.3521)
(1.4131)
A2(2.5187)
(5.5354)
(6.2297)
A3(1.6616)
(23.0131)
(4.5490)
A4(0.2682)
(6.6367)
(-12.6749)
G1(-6.5131)
(2.6723)
(-0.5550)
G2(0.8248)
(1.7507)
(0.2586)
G3(1.7613)
(1.1611)
(-1.9747)
G4(-0.2373)
(0.2703)
(-0.8897)
A1(1.5232)
(28.1990)
(14.0348)
A2(-1.6089)
(11.8848)
(7.1539)
A3(-3.7781)
(24.2389)
(-11.0756)
A4(-4.3718)
(18.9477)
(-1.6664)
G1(-9.7265)
(-0.2746)
(-5.5393)
G2(1.3532)
(0.0564)
(-0.6705)
G3(1.5990)
(6.7669)
(-3.6136)
G4(-0.8987)
(1.2137)
(-0.1804)
A1(0.7904)
(18.1207)
(-6.5719)
A2(-4.9991)
(15.0260)
(2.2553)
A3(26.5709)
(17.7362)
(-49.2631)
A4(4.5825)
(10.5680)
(0.4310)
G1(-7.0260)
(0.4566)
(-3.1932)
G2(2.2849)
(4.4618)
(0.4832)
G3(-3.1341)
(-5.6207)
(1.6245)
G4(-0.9658)
(-0.2464)
(-0.0697)
A1(-13.0050)
(-11.3045)
(2.7878)
A2(-0.2298)
(10.1418)
(6.4883)
A3(-23.7313)
(2.2841)
(-13.5703)
A4(2.5043)
(5.6886)
(-4.3670)
G1(-5.1993)
(0.6784)
(-3.5614)
G2(1.5575)
(0.9509)
(-0.0756)
G3(-16.1970)
(1.9608)
(4.0574)
G4(0.8407)
(2.4461)
(-1.0014)
A1(-15.2275)
(9.9154)
(-2.8644)
A2(3.2178)
(5.0087)
(0.1915)
A3(9.8928)
(62.1104)
(-6.8378)
A4(-3.1987)
(14.1114)
(-5.4827)
G1(-2.5488)
(-1.0318)
(1.2526)
G2(-0.0452)
(5.5201)
(0.1671)
G3(-11.2297)
(0.8642)
(-0.6093)
G4(1.3415)
(1.5218)
(-0.6641)
A1(-1.1161)
(-1.1304)
(1.4322)
A2(-13.9917)
(7.6375)
(9.7061)
A3(14.2742)
(-15.0883)
(-32.1350)
A4(-0.9816)
(6.0094)
(-10.4579)
G1(2.1348)
(-2.2753)
(2.4717)
G2(1.0600)
(4.5895)
(2.5222)
G3(-2.9405)
(0.7854)
(1.6336)
G4(-0.2352)
(-1.4330)
(-0.0309)
A1(-2.4621)
(2.5770)
(2.6585)
A2(15.0069)
(11.5353)
(-2.7773)
A3(-11.9614)
(-2.5379)
(-17.7937)
A4(5.4540)
(9.4188)
(-0.5602)
G1(4.8273)
(-0.9120)
(3.0527)
G2(-0.7950)
(1.9560)
(-0.7779)
G3(3.0591)
(-1.1084)
(2.1263)
G4(-0.0495)
(2.0907)
(-2.7680)
A1(-11.9990)
(-2.3040)
(10.9931)
A2(2.9640)
(9.8019)
(1.2498)
A3(2.8922)
(8.0014)
(-5.8849)
A4(-6.1292)
(11.9519)
(-4.4915)
G1(4.5661)
(0.6455)
(4.3090)
G2(0.1543)
(0.3581)
(-0.3837)
G3(6.2491)
(0.7593)
(2.7760)
G4(0.3113)
(1.9986)
(-0.8759)
A1(-5.1541)
(14.0875)
(6.5097)
A2(-0.7374)
(9.2560)
(5.6838)
A3(-3.3279)
(21.7633)
(4.6543)
A4(1.6903)
(4.9129)
(-6.4548)
G1(2.7393)
(-0.6971)
(4.2484)
G2(-0.2267)
(-0.4954)
(0.7519)
G3(7.2585)
(2.9303)
(1.9050)
G4(0.4693)
(1.4404)
(-0.5412)
A1(-8.8041)
(9.6902)
(8.5694)
A2(-0.1963)
(7.1299)
(3.5721)
A3(-15.4713)
(21.4377)
(-2.0590)
A4(0.1963)
(13.2495)
(-5.6455)
G1(2.1678)
(0.1277)
(0.9759)
G2(-0.1410)
(1.7671)
(0.5220)
G3(2.6542)
(0.6481)
(0.9951)
G4(0.4268)
(-0.2150)
(0.3161)
A1(-6.0259)
(7.1276)
(7.3575)
A2(3.7733)
(10.9607)
(2.3511)
A3(-4.8985)
(19.2254)
(10.5105)
A4(0.1532)
(7.7285)
(-6.5457)
G1(1.3361)
(-0.6167)
(1.3883)
G2(0.6598)
(0.5124)
(0.8030)
G3(-0.0383)
(0.3868)
(1.7815)
G4(0.8578)
(0.0788)
(0.2543)
A1(-5.8295)
(9.7094)
(3.9566)
A2(0.4597)
(16.2087)
(4.9943)
A3(-4.6112)
(13.6278)
(6.9432)
A4(4.2521)
(9.4667)
(-7.3550)
G1(1.9481)
(-1.4521)
(0.9578)
G2(0.3187)
(-1.1909)
(-0.0165)
G3(-0.4055)
(1.6937)
(-0.4315)
G4(0.3959)
(1.1408)
(-0.1373)
A1(-7.8509)
(4.7757)
(13.7618)
A2(-1.8627)
(16.7259)
(3.0933)
A3(0.7661)
(10.2903)
(-1.2833)
A4(1.1684)
(3.9217)
(-10.3430)
G1(-0.9887)
(-0.2655)
(-0.3257)
G2(-0.0713)
(0.2921)
(0.1548)
G3(0.3374)
(2.1636)
(0.2804)
G4(0.1096)
(0.0053)
(0.7604)
A1(-7.1036)
(4.9098)
(-1.9064)
A2(-0.7135)
(8.6766)
(4.3096)
A3(2.6001)
(1.1540)
(-4.5442)
A4(-0.4405)
(7.3550)
(-6.4596)
G1(0.1336)
(2.3583)
(0.0122)
G2(0.5672)
(0.9876)
(1.0956)
G3(2.6451)
(2.1971)
(0.0926)
G4(-0.7412)
(1.5213)
(-1.6325)
A1(2.0501)
(11.6685)
(3.6788)
A2(2.2889)
(13.5081)
(-2.9209)
A3(2.8108)
(13.0676)
(-9.9790)
A4(-4.2329)
(9.6055)
(0.8859)
G1(-1.3494)
(0.9360)
(-0.2315)
G2(0.8849)
(0.3682)
(0.1383)
G3(0.1373)
(0.2533)
(0.8157)
G4(0.5433)
(6.2055)
(-3.7434)
A1(1.5951)
(8.1143)
(1.7196)
A2(1.2067)
(9.2608)
(2.9640)
A3(2.7821)
(11.1187)
(-3.1987)
A4(8.4659)
(11.5017)
(-3.9600)
G1(-0.6024)
(1.1808)
(0.2166)
G2(0.7221)
(1.2707)
(0.1958)
G3(0.5763)
(1.0147)
(-0.1149)
G4(-1.0515)
(2.7643)
(-1.7900)
