A1(0.8766)
(7.4389)
(7.6593)
A2(1.4653)
(9.4523)
(0.7183)
A3(-0.6943)
(5.9759)
(-2.9018)
A4(1.6807)
(10.4722)
(-0.1197)
G1(-0.3113)
(-0.9919)
(-0.0138)
G2(0.1368)
(-1.2137)
(0.0011)
G3(1.1265)
(-0.4347)
(0.4475)
G4(0.6572)
(-1.0999)
(0.2645)
A1(3.2333)
(5.8726)
(8.2149)
A2(-0.5219)
(10.3382)
(0.7183)
A3(4.8842)
(5.7126)
(-3.9935)
A4(3.4812)
(14.2216)
(-0.9720)
G1(1.9497)
(-1.9603)
(-0.7987)
G2(0.6114)
(-1.2169)
(0.0085)
G3(1.4293)
(-0.9988)
(1.3558)
G4(1.7203)
(-0.8402)
(0.2719)
A1(-1.8250)
(15.2515)
(13.9007)
A2(-1.4078)
(9.0788)
(0.9194)
A3(2.2027)
(3.6727)
(-3.5578)
A4(2.5809)
(22.1703)
(10.8745)
G1(1.2526)
(-2.9639)
(-0.8551)
G2(0.9514)
(-1.3952)
(0.2033)
G3(0.0388)
(-1.6618)
(2.7042)
G4(3.1618)
(-2.3823)
(1.4362)
A1(-3.8847)
(6.3755)
(5.1828)
A2(-1.8818)
(10.5536)
(3.8786)
A3(6.5745)
(-4.5633)
(-7.1108)
A4(0.0096)
(4.0989)
(-25.7377)
G1(0.6071)
(-3.2821)
(-0.5082)
G2(-0.4225)
(-1.7107)
(0.4204)
G3(0.7396)
(-0.2985)
(-0.0724)
G4(-0.1022)
(1.7831)
(2.9883)
A1(4.5601)
(11.3380)
(2.6920)
A2(1.7478)
(9.2895)
(4.1084)
A3(-0.1963)
(9.7875)
(-10.5632)
A4(-12.5265)
(13.6996)
(-26.4080)
G1(0.8056)
(-0.9844)
(0.6987)
G2(-2.2077)
(-2.4334)
(0.6258)
G3(-0.2315)
(-0.7615)
(1.0185)
G4(-7.8636)
(0.8237)
(-0.5055)
A1(3.8799)
(3.3722)
(5.8438)
A2(4.5633)
(2.7485)
(10.6303)
A3(8.9208)
(9.3565)
(-3.3375)
A4(6.9911)
(4.2329)
(-19.1201)
G1(-0.2543)
(-0.1517)
(0.3374)
G2(-6.3220)
(-5.9394)
(0.9775)
G3(-0.3964)
(-1.3819)
(0.1788)
G4(-11.6118)
(3.9318)
(-0.6343)
A1(2.0118)
(7.6066)
(4.2152)
A2(-7.7812)
(37.8571)
(13.5943)
A3(-2.8874)
(15.3277)
(1.3168)
A4(13.4698)
(9.8641)
(-5.8227)
G1(-0.6151)
(-2.2280)
(0.2677)
G2(-9.3482)
(-2.6249)
(4.2931)
G3(0.2421)
(-0.1128)
(-0.1171)
G4(-13.1634)
(-1.8198)
(4.0095)
A1(6.6677)
(4.2440)
(2.9650)
A2(13.0628)
(5.8706)
(5.2577)
A3(-0.0575)
(8.9160)
(-4.6591)
A4(-2.3559)
(33.2315)
(25.4264)
G1(-1.1738)
(-1.6315)
(-0.5635)
G2(-5.0742)
(-0.8626)
(5.6947)
G3(0.4432)
(-0.4667)
(0.1809)
G4(-11.3074)
(-0.5475)
(7.8460)
A1(-7.5299)
(10.2459)
(2.3950)
A2(-1.4844)
(1.2067)
(-0.1006)
A3(3.6823)
(3.8978)
(-4.0031)
A4(-10.7500)
(7.1012)
(-12.5025)
G1(-0.8471)
(-2.6318)
(-1.1573)
G2(-4.3027)
(0.6635)
(2.2679)
G3(0.4448)
(-2.4802)
(1.4484)
G4(-4.7576)
(0.8226)
(3.6460)
A1(-3.3243)
(11.6063)
(-3.1854)
A2(9.1506)
(-16.8791)
(10.7021)
A3(0.7614)
(4.4293)
(-7.9679)
A4(-9.0692)
(-0.9337)
(-12.2248)
G1(0.1304)
(-0.2937)
(-0.8258)
G2(-5.2817)
(-0.1815)
(2.2918)
G3(0.7098)
(-1.6176)
(-0.0303)
G4(-2.7425)
(2.5297)
(-0.2703)
A1(-2.7639)
(11.8218)
(2.1220)
A2(3.0933)
(5.2625)
(13.4841)
A3(3.7206)
(2.4612)
(-7.0150)
A4(-7.9871)
(-5.5115)
(-11.7029)
G1(0.0756)
(-0.0745)
(-0.0394)
G2(-6.6386)
(-0.1485)
(2.8771)
G3(0.7487)
(-1.9108)
(0.5284)
G4(-0.1171)
(1.2819)
(-2.4270)
A1(0.5652)
(8.3921)
(1.8298)
A2(0.4980)
(7.9104)
(-3.3519)
A3(5.4253)
(3.7206)
(-7.2736)
A4(-2.4948)
(1.0104)
(-6.0047)
G1(-0.4390)
(0.0234)
(-0.5662)
G2(-3.9201)
(2.7367)
(0.2410)
G3(1.2691)
(0.3225)
(-0.4794)
G4(2.2274)
(-0.7865)
(-3.6673)
A1(3.4440)
(6.7731)
(2.1316)
A2(2.9257)
(-1.3168)
(4.3239)
A3(8.8873)
(-3.7828)
(-5.9951)
A4(5.4875)
(11.6071)
(0.8811)
G1(1.1196)
(0.5832)
(-1.2494)
G2(0.1963)
(1.5857)
(-1.7943)
G3(0.2336)
(-0.6854)
(1.2398)
G4(4.2026)
(-2.0098)
(-4.4112)
A1(5.0439)
(11.3955)
(6.8114)
A2(3.7206)
(-1.9010)
(4.6256)
A3(-0.7614)
(14.1737)
(-7.0916)
A4(9.7731)
(14.3556)
(1.9872)
G1(0.4448)
(-0.2102)
(-0.3831)
G2(2.5057)
(0.9993)
(-2.2987)
G3(-0.2240)
(-0.0479)
(1.0477)
G4(4.9258)
(-3.9903)
(-3.4220)
A1(0.3401)
(9.2017)
(0.1724)
A2(1.4222)
(-1.4509)
(5.7940)
A3(2.8108)
(4.6639)
(-5.4588)
A4(6.4165)
(12.4546)
(2.4565)
G1(0.8833)
(-0.6375)
(-0.4198)
G2(3.4225)
(0.8365)
(-2.6595)
G3(-0.3012)
(-0.0069)
(0.2192)
G4(4.6661)
(-4.6549)
(-3.5189)
A1(2.2992)
(12.1906)
(4.3685)
A2(3.8499)
(-1.8100)
(9.1363)
A3(0.0527)
(8.5042)
(-5.3917)
A4(7.2449)
(13.2208)
(-6.1052)
G1(0.6556)
(0.9849)
(-0.5023)
G2(4.0148)
(0.3187)
(-2.7553)
G3(-0.0197)
(0.1293)
(-0.0729)
G4(2.2769)
(-1.5719)
(-2.5733)
A1(3.2908)
(14.8395)
(4.5314)
A2(13.5655)
(-1.7717)
(12.3397)
A3(2.3798)
(7.9057)
(-2.3272)
A4(17.6836)
(16.2662)
(-4.0318)
G1(-0.1948)
(0.3342)
(-0.1596)
G2(3.9786)
(-2.4647)
(-3.1134)
G3(-0.7513)
(0.4156)
(-0.0947)
G4(1.9108)
(-1.4138)
(-2.6042)
A1(3.7889)
(11.5584)
(5.3457)
A2(2.8587)
(4.1084)
(11.2001)
A3(6.5697)
(8.5425)
(-9.2225)
A4(10.2903)
(10.4483)
(-1.9201)
G1(1.3154)
(1.5814)
(-0.7567)
G2(2.5557)
(-1.5538)
(-4.6219)
G3(-0.1293)
(-0.4640)
(-0.0208)
G4(0.0314)
(-1.8624)
(-0.6502)
A1(2.5196)
(6.6917)
(0.3114)
A2(11.8944)
(12.3972)
(8.3653)
A3(0.2298)
(5.9951)
(-4.4388)
A4(5.6264)
(12.3828)
(-1.0295)
G1(1.7342)
(-0.0511)
(-1.1121)
G2(1.6756)
(2.1588)
(-2.7739)
G3(-0.0580)
(0.0213)
(-0.5007)
G4(-0.5651)
(0.0208)
(-0.1330)
A1(1.0346)
(8.3538)
(-0.0479)
A2(9.4619)
(4.0031)
(6.5027)
A3(3.0502)
(8.2935)
(-4.4532)
A4(11.9423)
(8.3653)
(3.1268)
G1(1.9358)
(0.7237)
(-0.9120)
G2(2.9910)
(2.0747)
(-2.2732)
G3(-0.2187)
(-0.1639)
(-0.3485)
G4(0.2288)
(0.0708)
(0.4800)
