A1(1.6813)
(9.1633)
(-2.1268)
A2(2.1356)
(8.5617)
(3.1891)
A3(-0.0670)
(8.0685)
(-6.5697)
A4(3.5913)
(10.2089)
(0.4022)
G1(0.7050)
(0.2373)
(-0.2762)
G2(-0.0580)
(0.1713)
(0.0069)
G3(-0.0841)
(0.1559)
(-0.1325)
G4(-0.0660)
(-0.2070)
(-0.5172)
A1(3.4249)
(8.3634)
(-0.6993)
A2(2.5331)
(10.1754)
(2.3703)
A3(1.4413)
(9.4475)
(-5.2529)
A4(8.1738)
(10.5489)
(-0.9385)
G1(1.2286)
(1.4378)
(-0.5694)
G2(-0.0734)
(0.5704)
(-0.0564)
G3(-0.3501)
(0.8221)
(-0.3070)
G4(0.4864)
(2.3131)
(-1.3164)
A1(3.8991)
(8.6556)
(0.3114)
A2(8.0349)
(7.5609)
(7.8338)
A3(1.6664)
(8.0110)
(-2.9305)
A4(-5.2720)
(5.8227)
(-5.3630)
G1(0.3565)
(0.8812)
(-0.6082)
G2(-1.1818)
(1.0594)
(1.1696)
G3(0.0176)
(0.5656)
(-0.6316)
G4(1.8310)
(2.2370)
(-2.0646)
A1(0.7951)
(9.1921)
(-0.3305)
A2(3.8547)
(7.3215)
(3.8451)
A3(1.4940)
(7.4603)
(-2.5762)
A4(0.4501)
(-2.3032)
(-4.8219)
G1(1.4713)
(1.2717)
(-0.7418)
G2(-0.9498)
(2.2455)
(1.0328)
G3(0.2884)
(0.4060)
(-0.6598)
G4(1.1760)
(3.1113)
(-2.2684)
A1(-0.3449)
(10.6674)
(6.1169)
A2(0.2059)
(6.8331)
(3.2801)
A3(0.9625)
(12.3972)
(1.2450)
A4(-0.3304)
(12.9622)
(-15.6198)
G1(-4.1132)
(5.1514)
(0.1075)
G2(-0.8248)
(1.0419)
(0.4150)
G3(1.2212)
(0.7136)
(-1.4889)
G4(0.4943)
(-0.7285)
(-0.0676)
A1(-6.6390)
(21.4833)
(4.0332)
A2(4.5681)
(10.7595)
(9.6630)
A3(-0.1963)
(29.3098)
(0.4405)
A4(-9.1554)
(10.9654)
(-17.1952)
G1(-6.1172)
(5.5382)
(-2.4882)
G2(1.2914)
(1.7969)
(-1.4271)
G3(3.9813)
(0.0633)
(-4.0632)
G4(-2.4701)
(1.4064)
(-0.7625)
A1(7.1946)
(9.9872)
(0.8095)
A2(-3.9073)
(17.1952)
(0.1676)
A3(1.2019)
(9.4284)
(-12.7324)
A4(1.3216)
(12.8808)
(31.7040)
G1(-5.5973)
(-2.2221)
(-4.5054)
G2(2.0476)
(5.5260)
(0.0761)
G3(-6.6636)
(1.3558)
(3.3470)
G4(0.1442)
(3.1618)
(-2.0949)
A1(-4.4739)
(4.7038)
(11.1608)
A2(3.7062)
(4.1659)
(10.4100)
A3(3.8068)
(17.8224)
(-2.1261)
A4(-0.7901)
(5.4923)
(10.7452)
G1(-6.2896)
(1.0440)
(-2.4866)
G2(1.0637)
(2.2833)
(-1.3079)
G3(-11.6394)
(6.2039)
(2.6244)
G4(0.1846)
(0.3017)
(0.2458)
A1(-6.9216)
(-6.7013)
(20.1325)
A2(-5.3870)
(-14.8919)
(8.3606)
A3(5.7174)
(29.0369)
(-6.4021)
A4(-13.9247)
(13.5177)
(-0.7183)
G1(-5.6079)
(-1.7948)
(-0.7263)
G2(-1.5415)
(2.1455)
(-0.2985)
G3(-11.6948)
(2.4759)
(1.1573)
G4(2.9734)
(-0.0905)
(0.3704)
A1(3.0752)
(-3.4345)
(1.8202)
A2(4.4245)
(1.9920)
(1.6281)
A3(8.7005)
(11.7603)
(-14.8249)
A4(1.4269)
(-8.8921)
(-17.3771)
G1(-0.7593)
(-1.4468)
(1.4000)
G2(1.3175)
(1.8033)
(2.8867)
G3(-5.9873)
(-0.6332)
(1.2952)
G4(0.6455)
(0.7705)
(0.8402)
A1(-6.1887)
(-2.5818)
(7.9563)
A2(11.0756)
(11.3581)
(-3.1077)
A3(-6.2680)
(-5.1523)
(-15.3037)
A4(-0.4070)
(16.3524)
(-8.3941)
G1(4.5932)
(-0.4001)
(2.4435)
G2(-4.9561)
(4.1569)
(-0.6875)
G3(0.9291)
(-0.3134)
(2.5909)
G4(-0.8652)
(1.1212)
(-1.2132)
A1(-4.4595)
(2.8357)
(8.2005)
A2(4.0462)
(12.6701)
(1.5323)
A3(-0.0048)
(5.5067)
(-3.0981)
A4(-8.7149)
(-0.0958)
(-3.6440)
G1(5.3717)
(-0.5257)
(4.8805)
G2(0.8317)
(-1.3526)
(-0.1224)
G3(7.6970)
(-0.2538)
(1.9231)
G4(-0.8599)
(2.1253)
(-1.3111)
A1(-3.5686)
(2.0262)
(6.4234)
A2(1.2881)
(20.3124)
(1.4748)
A3(1.6712)
(16.8983)
(-2.9784)
A4(-6.4212)
(7.2401)
(-0.4741)
G1(4.5932)
(3.0341)
(4.7475)
G2(0.7636)
(0.7221)
(0.6242)
G3(6.8712)
(0.3544)
(1.5016)
G4(-0.3214)
(5.1716)
(-2.9399)
A1(-6.3420)
(15.1748)
(4.8427)
A2(-6.5457)
(5.3008)
(-2.1500)
A3(-1.3408)
(19.2398)
(4.1420)
A4(-0.1149)
(6.0861)
(-4.9560)
G1(2.2918)
(-0.5603)
(2.3902)
G2(0.8828)
(1.2957)
(0.5869)
G3(5.4366)
(4.6938)
(-0.0037)
G4(0.9307)
(-1.6432)
(0.3459)
A1(-10.0064)
(22.2306)
(0.1102)
A2(5.5737)
(-0.0622)
(3.6823)
A3(0.2155)
(24.0952)
(3.9744)
A4(-5.0566)
(-14.7962)
(-17.2478)
G1(1.7049)
(-0.7141)
(1.6464)
G2(-0.7274)
(2.1694)
(-0.4087)
G3(0.0958)
(1.5506)
(1.8406)
G4(1.4021)
(-0.7396)
(-0.5151)
A1(1.5328)
(5.4990)
(4.8571)
A2(-4.6543)
(15.7203)
(13.5320)
A3(-24.7896)
(35.6640)
(25.7951)
A4(-1.2115)
(4.1037)
(-7.5848)
G1(0.2081)
(-0.6194)
(0.7136)
G2(-1.3095)
(-1.2643)
(0.1320)
G3(1.4367)
(4.5331)
(-1.0318)
G4(-0.7673)
(0.0745)
(0.4023)
A1(-7.0940)
(7.6353)
(12.3056)
A2(1.9441)
(11.9710)
(-2.6097)
A3(-1.3312)
(3.7062)
(-1.7861)
A4(-0.4022)
(10.1035)
(-0.9768)
G1(1.5250)
(-0.5449)
(-0.3246)
G2(1.0951)
(0.5034)
(0.1282)
G3(1.1850)
(1.0334)
(-0.8237)
G4(-0.2517)
(0.5396)
(0.4017)
A1(4.2775)
(6.4713)
(1.0730)
A2(-1.0918)
(9.0453)
(3.1029)
A3(-2.2362)
(5.2864)
(0.6273)
A4(-2.6624)
(8.4084)
(-3.1795)
G1(0.1916)
(0.3416)
(1.1786)
G2(1.1754)
(-1.0616)
(0.6635)
G3(0.1697)
(2.0800)
(-0.7263)
G4(0.1203)
(1.1153)
(0.5076)
A1(-1.7053)
(14.0636)
(1.0203)
A2(0.3256)
(3.2657)
(2.4900)
A3(5.1427)
(11.3054)
(-4.3335)
A4(2.6193)
(8.6622)
(-7.0868)
G1(0.4321)
(-0.3203)
(1.1111)
G2(0.5997)
(1.7475)
(0.9919)
G3(1.0754)
(-0.3294)
(0.6524)
G4(0.1942)
(0.7045)
(0.6114)
A1(6.2366)
(9.8196)
(1.9400)
A2(1.2689)
(9.7013)
(-2.0399)
A3(-16.7786)
(18.4689)
(1.2163)
A4(0.2682)
(5.9759)
(-6.4021)
G1(1.7240)
(2.1093)
(0.8663)
G2(0.1506)
(0.0793)
(0.7444)
G3(0.0186)
(1.1291)
(-0.6247)
G4(-0.0580)
(1.7363)
(-0.5906)
