A1(1.2263)
(9.0436)
(-1.0538)
A2(3.8020)
(7.6710)
(4.7309)
A3(0.2155)
(8.6670)
(-5.4253)
A4(-0.0479)
(6.4069)
(-4.3862)
G1(0.3209)
(0.8604)
(-0.2549)
G2(-0.5002)
(0.3927)
(0.4204)
G3(0.0011)
(0.5007)
(-0.2794)
G4(1.3021)
(1.2946)
(-0.8008)
A1(0.2108)
(11.0889)
(-0.3880)
A2(6.0430)
(7.6375)
(4.7262)
A3(0.7805)
(7.8578)
(-4.9081)
A4(3.8690)
(7.1826)
(-1.6712)
G1(1.1414)
(1.8337)
(-0.6795)
G2(-1.5458)
(1.1052)
(1.1515)
G3(0.1868)
(0.3805)
(-0.4241)
G4(0.0660)
(4.2718)
(-3.0080)
A1(2.0166)
(10.4183)
(1.1065)
A2(4.5394)
(5.9999)
(5.4779)
A3(0.8763)
(8.3079)
(-6.2106)
A4(3.3902)
(9.2608)
(-2.2745)
G1(1.3659)
(1.9092)
(-0.9190)
G2(-0.9408)
(1.2377)
(0.9966)
G3(0.2347)
(0.5295)
(-0.5811)
G4(1.1440)
(1.8044)
(-2.0582)
A1(-9.4699)
(-0.2012)
(18.0680)
A2(4.4005)
(7.5848)
(9.7252)
A3(2.1883)
(15.8065)
(4.2569)
A4(-13.3118)
(7.0485)
(-2.7342)
G1(-7.5411)
(4.6070)
(-1.3627)
G2(-0.0745)
(1.4229)
(0.2703)
G3(1.4197)
(0.5938)
(-1.3244)
G4(0.4879)
(-2.5616)
(-1.2835)
A1(-13.8241)
(13.2828)
(9.7860)
A2(1.0104)
(11.8369)
(8.2887)
A3(-9.6726)
(30.1717)
(0.2490)
A4(-4.0941)
(11.5544)
(-4.2377)
G1(-7.7811)
(3.2714)
(-5.6186)
G2(2.0151)
(0.3437)
(-0.1612)
G3(5.1242)
(2.1189)
(-1.3297)
G4(-0.5954)
(0.5465)
(-0.0293)
A1(-3.3770)
(30.5844)
(11.8841)
A2(-3.9504)
(14.0013)
(-3.8642)
A3(5.3534)
(15.9454)
(-36.6073)
A4(3.5913)
(16.7450)
(5.0230)
G1(-8.3856)
(-2.4392)
(-3.8642)
G2(2.0204)
(2.7196)
(0.3432)
G3(-2.5988)
(0.7790)
(-1.7075)
G4(0.2448)
(-0.5295)
(-0.0106)
A1(-12.3104)
(-16.2766)
(8.0952)
A2(3.1460)
(7.5896)
(2.8060)
A3(-23.4344)
(18.5407)
(-6.7564)
A4(6.5601)
(0.5650)
(-2.2984)
G1(-5.6792)
(0.2932)
(-3.1991)
G2(1.1499)
(1.5006)
(-0.1830)
G3(-15.3280)
(-1.6368)
(5.3477)
G4(1.3883)
(5.2158)
(-1.4995)
A1(-5.5038)
(4.2440)
(19.0596)
A2(-2.4948)
(6.6032)
(5.7174)
A3(5.4636)
(38.2593)
(14.0492)
A4(-8.2552)
(8.6814)
(-8.3366)
G1(-7.5587)
(-0.3602)
(-1.3260)
G2(0.3698)
(1.4287)
(-0.3741)
G3(-14.3309)
(9.0347)
(-1.0318)
G4(1.9326)
(3.3885)
(-1.5027)
A1(3.6069)
(-4.8284)
(2.3806)
A2(-0.9433)
(1.7142)
(0.8811)
A3(-5.5115)
(24.5645)
(-8.0828)
A4(-0.2346)
(9.0022)
(-9.1602)
G1(-1.3755)
(0.5374)
(1.3771)
G2(-1.0387)
(7.8753)
(0.9674)
G3(-4.9987)
(-0.5358)
(0.9099)
G4(0.1357)
(-3.0469)
(1.6198)
A1(-7.3719)
(0.9245)
(1.4849)
A2(4.1707)
(-2.0303)
(-0.7949)
A3(-4.7549)
(-4.0366)
(-17.9326)
A4(21.7872)
(36.6169)
(7.0342)
G1(2.0928)
(0.2788)
(3.4348)
G2(-0.1309)
(6.5737)
(-0.4981)
G3(-0.3288)
(-0.7466)
(3.5205)
G4(0.6199)
(1.4835)
(-1.1754)
A1(4.4020)
(-6.5863)
(7.5922)
A2(11.9519)
(17.5687)
(3.1699)
A3(2.1835)
(-3.3136)
(-17.6453)
A4(-22.5390)
(-13.2782)
(-14.0061)
G1(3.3459)
(0.6077)
(2.6148)
G2(1.7044)
(-4.2037)
(-0.4342)
G3(3.0032)
(2.2663)
(1.9353)
G4(1.0030)
(-3.4603)
(-0.4991)
A1(-14.5330)
(6.2702)
(7.3383)
A2(12.0333)
(17.7841)
(11.6789)
A3(-3.3232)
(8.9687)
(3.8690)
A4(-0.9864)
(7.9200)
(-5.2002)
G1(3.6615)
(0.9775)
(4.0621)
G2(-0.5103)
(-0.6694)
(-0.7402)
G3(5.5654)
(-0.0298)
(3.6705)
G4(-0.2293)
(0.6843)
(-0.3448)
A1(-1.0490)
(6.4426)
(6.2989)
A2(6.1770)
(16.4290)
(10.1418)
A3(-7.3358)
(18.7370)
(4.6112)
A4(0.5890)
(7.2640)
(-6.2010)
G1(1.8102)
(0.6577)
(4.0260)
G2(-0.8870)
(2.9192)
(1.4165)
G3(5.4765)
(3.0453)
(2.1572)
G4(-0.0495)
(0.4358)
(-0.1320)
A1(-8.9526)
(10.4471)
(6.0450)
A2(-4.8602)
(9.8497)
(3.6775)
A3(-9.8881)
(14.9781)
(1.4940)
A4(1.2881)
(8.3079)
(-6.3303)
G1(2.1162)
(-1.5250)
(2.8500)
G2(0.2288)
(-1.1111)
(0.5300)
G3(4.8518)
(3.2922)
(1.6517)
G4(0.0724)
(0.4805)
(0.0229)
A1(-7.4533)
(7.9227)
(4.9769)
A2(4.5250)
(8.7628)
(3.4572)
A3(-8.7724)
(16.6158)
(-1.2737)
A4(-0.5650)
(8.2313)
(-5.8754)
G1(1.8720)
(0.6135)
(1.1318)
G2(0.7359)
(1.9816)
(0.5241)
G3(0.8248)
(1.8746)
(0.9413)
G4(-0.0362)
(0.0952)
(0.2735)
A1(-4.3206)
(9.0388)
(3.1902)
A2(0.5746)
(10.7595)
(3.0406)
A3(-8.6143)
(12.4451)
(0.8571)
A4(4.1899)
(8.2983)
(-5.8275)
G1(0.9104)
(0.3986)
(1.0775)
G2(1.0350)
(-0.9754)
(0.6816)
G3(0.5188)
(0.9493)
(0.6705)
G4(0.0463)
(0.1479)
(0.2277)
A1(-3.8704)
(10.0495)
(3.4871)
A2(0.8954)
(11.0373)
(0.8571)
A3(-6.5984)
(9.6582)
(-1.0965)
A4(2.5905)
(8.1307)
(-5.7748)
G1(1.5745)
(0.7700)
(0.7524)
G2(1.0036)
(0.6502)
(0.2943)
G3(0.0506)
(1.1547)
(0.0128)
G4(0.0846)
(0.2836)
(0.1623)
A1(-3.9757)
(9.1154)
(-1.7388)
A2(0.2442)
(10.2999)
(1.3168)
A3(-4.2186)
(11.1378)
(-0.6752)
A4(1.4940)
(7.6614)
(-7.2209)
G1(0.2011)
(0.2043)
(0.4028)
G2(0.6199)
(-0.0484)
(0.4858)
G3(0.0697)
(0.9472)
(0.0990)
G4(0.0937)
(0.4284)
(0.2597)
A1(-3.2285)
(10.4231)
(-1.0969)
A2(0.4453)
(9.0788)
(1.1061)
A3(-4.2473)
(8.2648)
(-3.3184)
A4(1.2019)
(8.0972)
(-7.7620)
G1(0.5678)
(0.0346)
(0.3097)
G2(0.2575)
(-0.0862)
(0.4236)
G3(0.7811)
(1.5314)
(0.0490)
G4(-0.0085)
(0.6306)
(0.3395)
A1(-3.4967)
(8.8664)
(-1.6669)
A2(0.4453)
(10.1658)
(0.1197)
A3(-2.3320)
(9.1315)
(-4.0127)
A4(1.8627)
(7.6854)
(-6.0286)
G1(0.0681)
(-0.5342)
(0.8418)
G2(0.3241)
(0.1288)
(0.5007)
G3(0.3645)
(0.4055)
(0.5997)
G4(-0.0835)
(1.6767)
(-0.1229)
