A1(0.2730)
(5.5900)
(6.2845)
A2(2.5426)
(10.5680)
(-1.3408)
A3(-1.7717)
(9.8928)
(-0.3448)
A4(0.3543)
(8.7819)
(-4.6112)
G1(-1.2148)
(-1.2233)
(-0.1192)
G2(0.4156)
(-1.1499)
(-0.0873)
G3(-0.0362)
(-1.1935)
(0.2405)
G4(-0.1788)
(-0.8093)
(0.2996)
A1(-1.0203)
(6.0833)
(7.1898)
A2(1.0630)
(9.2751)
(-1.2881)
A3(-2.0399)
(8.4180)
(-0.7422)
A4(0.6512)
(9.5720)
(-2.7677)
G1(-0.1681)
(-2.1641)
(-0.5539)
G2(1.1158)
(-1.7262)
(-0.1586)
G3(0.5800)
(-1.6251)
(0.9136)
G4(0.1570)
(-0.8466)
(0.2677)
A1(0.7425)
(6.0642)
(9.6184)
A2(-0.4645)
(9.1028)
(2.4756)
A3(0.1915)
(6.0956)
(-0.6656)
A4(1.1636)
(10.6063)
(-0.1676)
G1(0.6066)
(-1.5905)
(-0.3709)
G2(0.2921)
(-2.3828)
(0.1399)
G3(0.7162)
(-1.9039)
(2.1465)
G4(0.6944)
(-0.8519)
(0.3421)
A1(2.1124)
(7.5587)
(10.3177)
A2(-1.1396)
(9.1554)
(2.6480)
A3(4.4867)
(6.2489)
(-0.9050)
A4(1.4748)
(13.7954)
(1.4796)
G1(1.1355)
(-2.0997)
(0.2905)
G2(0.4608)
(-1.5782)
(0.0958)
G3(0.3464)
(-2.2237)
(2.9362)
G4(1.4851)
(-0.7471)
(0.4981)
A1(3.9901)
(10.4854)
(-0.4455)
A2(-1.1732)
(9.0644)
(1.1732)
A3(-1.9201)
(-1.8244)
(-3.4716)
A4(-1.7813)
(38.5083)
(-0.3304)
G1(1.4058)
(-3.6615)
(0.8226)
G2(0.2421)
(-1.5548)
(0.2905)
G3(0.4778)
(0.4150)
(0.3443)
G4(4.9151)
(-2.4945)
(2.2679)
A1(-2.1076)
(9.8292)
(3.5734)
A2(-2.4708)
(11.1857)
(4.7597)
A3(16.3763)
(26.5517)
(8.4467)
A4(-6.3351)
(3.7062)
(-14.9877)
G1(0.2959)
(-4.6225)
(-0.7024)
G2(-0.2251)
(-2.0194)
(0.7125)
G3(0.6971)
(5.4504)
(-1.9757)
G4(0.2985)
(-2.0316)
(5.8059)
A1(6.4713)
(12.5834)
(4.2536)
A2(3.6631)
(7.4124)
(8.8825)
A3(5.0182)
(6.3015)
(-7.4364)
A4(-15.4426)
(36.2291)
(-34.8548)
G1(0.6763)
(-1.0930)
(0.2251)
G2(-2.1971)
(-2.5914)
(1.2717)
G3(0.0995)
(-1.0892)
(0.9935)
G4(-3.8711)
(2.8628)
(2.8782)
A1(-0.6275)
(6.7396)
(4.5266)
A2(11.4203)
(3.7158)
(12.3828)
A3(5.2194)
(11.4443)
(-0.5890)
A4(2.4325)
(1.4557)
(-25.2157)
G1(0.2256)
(0.2395)
(0.3092)
G2(-6.7483)
(-9.2545)
(2.5254)
G3(-0.9860)
(-2.9277)
(0.6545)
G4(-9.7776)
(6.8589)
(-1.1584)
A1(1.3795)
(7.1276)
(3.4824)
A2(-6.2728)
(37.1532)
(15.8592)
A3(3.5195)
(15.2415)
(0.2490)
A4(13.0676)
(-0.6991)
(-17.1712)
G1(-1.7134)
(-1.5043)
(1.1935)
G2(-9.3923)
(-1.4090)
(2.8260)
G3(0.0734)
(0.9557)
(-0.8354)
G4(-13.2565)
(1.1403)
(0.8945)
A1(3.1854)
(8.6652)
(1.7771)
A2(8.8729)
(11.3868)
(10.1514)
A3(-6.1770)
(16.1800)
(-0.5698)
A4(-9.6391)
(24.6411)
(5.4588)
G1(-1.7773)
(-3.1879)
(0.3049)
G2(-6.1214)
(-5.4025)
(6.1831)
G3(0.8423)
(0.0537)
(0.5401)
G4(-13.5566)
(-1.8720)
(7.3974)
A1(-5.4654)
(12.7702)
(2.8788)
A2(0.8571)
(10.3813)
(-0.8284)
A3(5.4205)
(-1.6951)
(-9.9455)
A4(-7.2161)
(8.5808)
(-12.1769)
G1(-1.2382)
(-4.1755)
(-1.2978)
G2(-4.9061)
(0.1836)
(4.2622)
G3(0.0271)
(-2.3301)
(1.1121)
G4(-3.7301)
(3.4758)
(2.2045)
A1(-7.2186)
(10.0495)
(-2.0837)
A2(-3.1029)
(-1.9393)
(7.7716)
A3(3.9792)
(6.4596)
(-4.6304)
A4(-26.2069)
(-6.9911)
(-16.2806)
G1(0.0745)
(0.2575)
(-0.5364)
G2(-3.6891)
(0.5263)
(1.9640)
G3(0.4417)
(-1.8853)
(0.6332)
G4(-2.7585)
(1.2835)
(-0.3336)
A1(-1.1257)
(10.1070)
(-1.2837)
A2(1.8675)
(-19.8623)
(13.4123)
A3(5.3822)
(7.2927)
(-7.5800)
A4(2.5283)
(-2.2027)
(-11.2480)
G1(0.6002)
(0.4273)
(-0.4438)
G2(-4.3021)
(0.2591)
(3.1118)
G3(0.3709)
(-2.4754)
(1.0248)
G4(0.8572)
(2.3727)
(-4.0201)
A1(0.2635)
(9.8387)
(0.8670)
A2(1.7382)
(5.3822)
(12.7515)
A3(2.9928)
(-1.5227)
(-10.6638)
A4(-4.2760)
(-0.4118)
(-9.7300)
G1(0.6284)
(-0.6566)
(-1.1722)
G2(-5.4643)
(2.1609)
(-0.4204)
G3(0.1777)
(0.3448)
(-0.5880)
G4(3.3821)
(-2.3466)
(-3.4178)
A1(5.6043)
(11.3572)
(5.2595)
A2(6.4787)
(4.2760)
(4.2282)
A3(3.5626)
(-1.0678)
(-12.9287)
A4(-0.7709)
(10.4052)
(-3.2274)
G1(0.2575)
(-0.6167)
(-1.2441)
G2(-0.5885)
(1.8230)
(-0.7742)
G3(0.5683)
(-0.3390)
(0.3102)
G4(4.3750)
(-1.8816)
(-4.9981)
A1(4.0620)
(8.0329)
(3.0608)
A2(0.9912)
(-4.0558)
(4.8554)
A3(4.3862)
(10.1370)
(-6.7612)
A4(5.6407)
(14.0492)
(0.5602)
G1(-0.1261)
(-0.4603)
(-0.6699)
G2(0.7875)
(1.4223)
(-2.1162)
G3(-0.5816)
(-0.5752)
(0.3970)
G4(4.8103)
(-2.7218)
(-4.3835)
A1(8.1670)
(21.1863)
(9.8052)
A2(2.8874)
(-0.6943)
(8.5760)
A3(7.7189)
(3.7062)
(-3.5338)
A4(8.6718)
(13.3166)
(-0.7326)
G1(0.5773)
(-0.5332)
(-0.6135)
G2(4.3394)
(-0.3576)
(-3.1134)
G3(-0.3453)
(-1.0866)
(0.1607)
G4(4.1803)
(-3.9733)
(-3.8977)
A1(4.5649)
(5.5900)
(2.0932)
A2(5.9903)
(-2.6767)
(9.0884)
A3(4.2760)
(0.2921)
(-2.4900)
A4(4.9704)
(19.3787)
(-5.0949)
G1(-0.6343)
(-2.8660)
(-0.6343)
G2(4.1904)
(-0.7588)
(-3.3661)
G3(-1.1472)
(-0.5385)
(0.2405)
G4(3.1171)
(-1.5639)
(-2.6696)
A1(-6.4043)
(12.1667)
(-0.0575)
A2(12.8664)
(-1.2258)
(7.9727)
A3(-15.0500)
(29.4008)
(-18.5742)
A4(13.1825)
(10.6207)
(-7.3933)
G1(1.2340)
(0.6843)
(-1.4617)
G2(3.7487)
(-1.7533)
(-4.0600)
G3(-0.8918)
(-4.9353)
(-0.6263)
G4(0.5763)
(-0.5028)
(-1.0775)
A1(4.6272)
(8.9334)
(0.0575)
A2(2.3224)
(-0.7470)
(12.7084)
A3(9.3278)
(6.7804)
(-6.1627)
A4(13.3261)
(18.9860)
(-3.8307)
G1(1.7751)
(1.0142)
(-1.1733)
G2(2.8750)
(-3.0373)
(-4.1175)
G3(-0.9355)
(1.4138)
(0.1149)
G4(-0.0692)
(-4.9008)
(0.3076)
