A1(1.1688)
(8.3155)
(5.4319)
A2(0.9481)
(9.6582)
(-1.1109)
A3(-1.0582)
(10.8314)
(-1.1349)
A4(1.1205)
(9.7971)
(-2.9305)
G1(-1.6054)
(-0.3278)
(-0.1123)
G2(0.1426)
(-0.0096)
(0.0250)
G3(0.4220)
(-0.6114)
(0.3725)
G4(0.0628)
(-0.2778)
(0.1815)
A1(0.8095)
(7.1228)
(6.5240)
A2(-0.0383)
(9.0692)
(-0.3831)
A3(-1.3072)
(8.5521)
(-1.2163)
A4(0.4597)
(9.0692)
(-3.8116)
G1(-0.4943)
(-0.9184)
(-0.1245)
G2(0.4230)
(-0.9062)
(0.1830)
G3(0.4677)
(-1.7682)
(1.5612)
G4(0.5763)
(-0.4103)
(0.3331)
A1(3.1039)
(6.0546)
(6.7923)
A2(-0.0575)
(9.5960)
(1.1971)
A3(2.5426)
(6.7229)
(-1.5754)
A4(4.5059)
(9.2799)
(-6.2393)
G1(0.4587)
(-1.4319)
(0.1932)
G2(-0.0452)
(-0.9940)
(0.1634)
G3(0.7748)
(-1.2409)
(1.9135)
G4(1.4016)
(-1.0169)
(0.6252)
A1(2.7878)
(15.8981)
(1.6238)
A2(-1.3647)
(9.6199)
(0.2586)
A3(-8.1307)
(0.9242)
(0.6464)
A4(4.0223)
(34.0551)
(0.2298)
G1(1.4266)
(-6.7105)
(-0.4555)
G2(-0.0537)
(-0.9200)
(0.3698)
G3(0.4268)
(0.8551)
(0.1000)
G4(4.5778)
(-2.1689)
(1.6852)
A1(5.9396)
(14.4755)
(6.4234)
A2(9.6582)
(8.0397)
(3.7014)
A3(-9.9886)
(13.3884)
(2.4038)
A4(-10.7212)
(16.6493)
(-29.0608)
G1(0.6348)
(-1.5069)
(0.1208)
G2(-1.7459)
(-3.3034)
(0.5412)
G3(-0.5747)
(-5.7388)
(1.6974)
G4(-6.5902)
(1.3090)
(-1.1456)
A1(4.1242)
(7.8126)
(2.5818)
A2(7.4508)
(-0.7661)
(16.2087)
A3(10.8553)
(9.5098)
(-0.0383)
A4(0.4741)
(7.6854)
(-21.5334)
G1(0.6247)
(0.2442)
(0.4427)
G2(-7.1298)
(-6.5253)
(-0.2363)
G3(-0.5023)
(-1.7820)
(0.5396)
G4(-10.7380)
(1.6783)
(-0.4528)
A1(2.7447)
(5.4894)
(4.9290)
A2(16.8791)
(3.6919)
(15.7682)
A3(-2.1596)
(11.2815)
(-0.3017)
A4(13.6661)
(21.6340)
(-2.4421)
G1(-1.6948)
(-2.7143)
(0.0952)
G2(-7.7284)
(-2.0093)
(5.3962)
G3(-0.1197)
(0.8397)
(-0.0548)
G4(-13.0320)
(-4.6586)
(7.7401)
A1(-7.0030)
(8.7993)
(0.3449)
A2(4.0127)
(5.4540)
(0.0670)
A3(2.3703)
(2.1787)
(-3.6105)
A4(-5.4157)
(7.9344)
(-18.5311)
G1(-1.0626)
(-3.8222)
(-0.5741)
G2(-6.1001)
(-0.1990)
(2.8016)
G3(-0.1378)
(-1.9231)
(1.0280)
G4(-4.0190)
(1.5330)
(2.4733)
A1(-2.6489)
(12.3344)
(2.1651)
A2(3.8834)
(-10.9128)
(13.6326)
A3(4.2569)
(2.6097)
(-7.9009)
A4(-2.6959)
(-4.3000)
(-12.9670)
G1(0.0569)
(0.3735)
(0.3283)
G2(-5.5505)
(-1.3904)
(3.2752)
G3(0.7939)
(-2.2673)
(0.4475)
G4(0.7338)
(2.8846)
(-3.7381)
A1(2.9938)
(9.2496)
(3.5303)
A2(9.5337)
(3.7206)
(4.5250)
A3(3.7014)
(5.7461)
(-10.7021)
A4(-2.7869)
(1.4700)
(-8.0062)
G1(0.4757)
(-0.0575)
(-1.0376)
G2(-1.4990)
(1.5554)
(-0.3491)
G3(0.5731)
(-0.4225)
(0.1032)
G4(3.6184)
(-0.6327)
(-4.1946)
A1(7.3479)
(5.7097)
(6.4234)
A2(4.3144)
(-1.5993)
(3.9696)
A3(1.8004)
(7.9296)
(-2.5331)
A4(8.7053)
(17.3532)
(3.8642)
G1(-0.1511)
(-1.4026)
(-0.5981)
G2(2.9282)
(1.6495)
(-2.1907)
G3(-0.1548)
(-0.1442)
(-0.0548)
G4(4.5070)
(-3.4885)
(-3.1618)
A1(3.7937)
(6.4139)
(2.8980)
A2(3.8403)
(-1.4461)
(11.5831)
A3(2.6145)
(10.6734)
(-0.4118)
A4(14.1354)
(18.8567)
(-2.6528)
G1(0.3448)
(-0.7237)
(-0.4991)
G2(5.2376)
(0.9365)
(-2.8473)
G3(-0.1671)
(0.3033)
(-0.0681)
G4(1.7927)
(-4.4586)
(-2.2609)
A1(2.7926)
(12.5739)
(4.6032)
A2(6.7133)
(-0.9768)
(13.0771)
A3(3.1987)
(7.5609)
(-7.1395)
A4(16.3189)
(13.4219)
(1.5179)
G1(0.9988)
(1.0142)
(-0.5369)
G2(4.2973)
(-2.7595)
(-3.8786)
G3(0.6162)
(0.5470)
(-0.2421)
G4(0.2528)
(0.5853)
(-2.0901)
A1(2.9076)
(7.0988)
(-0.0192)
A2(6.5553)
(10.5536)
(8.2456)
A3(5.3391)
(8.6335)
(-6.6224)
A4(17.9374)
(10.6829)
(7.2592)
G1(0.8705)
(-0.4443)
(-0.4432)
G2(3.7519)
(1.5782)
(-2.7122)
G3(0.3730)
(0.2836)
(-0.2549)
G4(-0.3017)
(2.0167)
(-0.2911)
A1(-0.2108)
(8.7754)
(0.7808)
A2(5.9520)
(10.2807)
(10.2376)
A3(5.0374)
(4.9033)
(-6.5457)
A4(-4.5777)
(10.5201)
(-1.1875)
G1(1.7693)
(0.3735)
(-0.7684)
G2(3.0533)
(0.0745)
(-1.3691)
G3(0.1522)
(-0.5316)
(0.0287)
G4(-0.0351)
(-2.0816)
(-0.0697)
A1(1.7053)
(8.0089)
(-1.2885)
A2(2.9161)
(7.6519)
(-0.1963)
A3(-1.4413)
(10.8314)
(-7.2640)
A4(-0.2346)
(7.8721)
(-2.6767)
G1(-0.3661)
(-1.2696)
(-0.6556)
G2(2.1918)
(-0.1804)
(0.1006)
G3(0.3986)
(0.4092)
(-0.6194)
G4(0.2964)
(0.8966)
(-1.3537)
A1(-3.0848)
(10.0399)
(-0.7999)
A2(3.7589)
(10.8984)
(1.3934)
A3(-0.2203)
(7.9248)
(-6.1962)
A4(-5.9280)
(9.2991)
(-3.1651)
G1(-0.8056)
(-1.2079)
(-0.5965)
G2(0.9078)
(0.5773)
(-0.5390)
G3(0.3129)
(-1.0099)
(0.1942)
G4(-0.1948)
(-1.2888)
(-0.1889)
A1(-2.1555)
(10.2507)
(1.5041)
A2(3.2274)
(11.5017)
(2.7581)
A3(0.7039)
(7.3646)
(-8.2791)
A4(1.9249)
(9.3087)
(-3.2226)
G1(-0.4337)
(-0.7769)
(-0.2762)
G2(0.0282)
(-0.2198)
(0.1272)
G3(0.0005)
(-0.5358)
(-0.0862)
G4(-0.1926)
(-0.5651)
(-0.0309)
A1(-2.1220)
(8.3490)
(-0.6371)
A2(-4.1755)
(10.2280)
(2.4804)
A3(2.6767)
(3.1412)
(-7.8961)
A4(1.8818)
(9.5816)
(-2.4804)
G1(0.5529)
(-1.0637)
(-0.3374)
G2(0.0718)
(-0.8370)
(-0.8732)
G3(0.3746)
(-0.3539)
(0.5348)
G4(-0.2171)
(-0.0830)
(-0.1038)
A1(-2.8884)
(9.7956)
(2.9028)
A2(2.2601)
(9.7300)
(1.5658)
A3(-5.7940)
(5.8466)
(-9.2799)
A4(2.6336)
(9.7444)
(-0.5076)
G1(1.5101)
(-0.4363)
(-0.6955)
G2(0.4555)
(-0.2735)
(0.0181)
G3(-1.8113)
(-2.0880)
(0.6167)
G4(-0.1357)
(0.1469)
(-0.0186)
