A1(0.5940)
(7.7503)
(7.4006)
A2(0.9577)
(8.9687)
(-1.1061)
A3(-0.0575)
(6.3925)
(-2.4948)
A4(0.1389)
(9.8258)
(-2.2601)
G1(0.4597)
(-1.1579)
(-0.1607)
G2(0.2166)
(-0.4486)
(0.2166)
G3(0.9190)
(0.2458)
(0.1213)
G4(0.6678)
(-0.6561)
(0.2964)
A1(4.4787)
(9.6184)
(9.6759)
A2(-0.7087)
(10.1706)
(0.2298)
A3(7.7428)
(4.4245)
(-0.8188)
A4(1.9585)
(14.2359)
(2.7869)
G1(2.2040)
(-1.6809)
(0.2139)
G2(-0.0154)
(-1.0610)
(-0.0053)
G3(0.9908)
(-0.3060)
(1.2659)
G4(1.3622)
(-0.3368)
(0.2597)
A1(9.5609)
(12.4206)
(-1.5232)
A2(-0.8954)
(9.1889)
(0.6512)
A3(-7.3406)
(5.5929)
(-3.1077)
A4(-4.0606)
(41.3670)
(-3.7014)
G1(1.6804)
(-5.4111)
(1.0685)
G2(0.2315)
(-0.9269)
(0.3406)
G3(1.1941)
(1.1733)
(0.7088)
G4(4.6443)
(-3.3645)
(2.3142)
A1(-8.5502)
(1.9208)
(5.7289)
A2(-3.3854)
(9.9886)
(3.5578)
A3(13.0963)
(-10.2185)
(-6.8474)
A4(-5.2146)
(8.0302)
(-24.2676)
G1(0.1974)
(-2.8340)
(-1.0099)
G2(-0.2235)
(-1.0174)
(0.5034)
G3(2.4057)
(2.1247)
(-1.3159)
G4(-1.3164)
(1.5639)
(3.6583)
A1(0.5940)
(7.2521)
(3.0177)
A2(9.2081)
(-5.0757)
(11.7651)
A3(4.6448)
(9.9790)
(1.1779)
A4(-0.8428)
(-2.6719)
(-14.7962)
G1(-1.3250)
(0.0740)
(0.6763)
G2(-7.7555)
(-4.2250)
(2.2971)
G3(-0.2996)
(-0.1916)
(0.4651)
G4(-12.1981)
(1.6623)
(-0.2043)
A1(4.0715)
(8.6843)
(3.2668)
A2(-4.9560)
(44.7764)
(18.0619)
A3(0.1101)
(19.8719)
(3.4189)
A4(16.4434)
(1.8292)
(-1.1923)
G1(-1.0068)
(-2.6084)
(0.1501)
G2(-8.9751)
(-5.4212)
(2.9240)
G3(0.7748)
(0.3507)
(-0.1735)
G4(-13.8067)
(0.0681)
(3.0373)
A1(19.9793)
(9.7381)
(7.0749)
A2(7.4316)
(23.8558)
(14.7004)
A3(2.4804)
(-4.4388)
(-8.7915)
A4(13.2208)
(19.5654)
(-17.7458)
G1(-0.2937)
(-4.2143)
(-1.9912)
G2(-8.3552)
(1.0264)
(2.9436)
G3(0.0713)
(-3.1411)
(1.7858)
G4(-3.5614)
(5.8676)
(2.5595)
A1(-19.5721)
(8.3442)
(0.9005)
A2(-2.0734)
(4.8650)
(-2.4086)
A3(2.4421)
(7.1682)
(-4.8507)
A4(-8.6335)
(-0.8332)
(-20.4561)
G1(-2.2099)
(-3.3943)
(0.1729)
G2(-5.0668)
(0.1474)
(1.9124)
G3(0.8248)
(-1.3446)
(0.1921)
G4(-3.9797)
(1.8283)
(2.5313)
A1(-1.8298)
(11.1368)
(0.7999)
A2(7.4172)
(2.5331)
(15.1170)
A3(-1.3743)
(0.0192)
(-10.9032)
A4(-4.7357)
(-2.8299)
(-14.8010)
G1(-0.0862)
(-0.0303)
(0.2873)
G2(-5.8048)
(1.6410)
(1.6575)
G3(0.7317)
(-3.5279)
(1.9374)
G4(1.9656)
(1.0190)
(-2.9293)
A1(2.6297)
(9.9345)
(0.8478)
A2(-1.2594)
(13.4075)
(-6.8426)
A3(2.9497)
(3.3615)
(-9.1985)
A4(-2.6671)
(4.1276)
(-6.6032)
G1(0.9195)
(0.4821)
(0.0250)
G2(-2.8069)
(2.6292)
(-0.6290)
G3(0.5204)
(-0.6162)
(-0.0330)
G4(3.3677)
(-1.6096)
(-4.2037)
A1(6.0450)
(9.0436)
(1.3508)
A2(3.5003)
(0.2921)
(2.9640)
A3(-5.0949)
(8.0349)
(-9.1123)
A4(7.8434)
(12.0620)
(1.4892)
G1(0.6412)
(-0.0649)
(-0.0990)
G2(0.9355)
(1.9007)
(-2.1279)
G3(-0.4528)
(-0.3959)
(0.8535)
G4(4.7427)
(-3.2991)
(-4.3548)
A1(2.6776)
(7.9227)
(3.6644)
A2(5.6599)
(-0.1293)
(6.2345)
A3(5.3726)
(7.9296)
(-5.4300)
A4(9.8210)
(17.6070)
(2.1021)
G1(-0.6018)
(-0.2804)
(-0.4156)
G2(3.6077)
(0.5640)
(-2.6669)
G3(-0.2836)
(1.9816)
(-0.3209)
G4(4.0254)
(-4.1436)
(-3.4885)
A1(0.9436)
(12.0086)
(5.4319)
A2(8.4420)
(-3.1843)
(11.8417)
A3(4.4149)
(0.2298)
(-7.0437)
A4(15.3277)
(17.1425)
(-4.3574)
G1(0.5284)
(1.4505)
(-1.1951)
G2(4.1670)
(-1.5197)
(-3.2044)
G3(-0.0729)
(-0.2027)
(0.3320)
G4(0.7434)
(-1.5676)
(-2.1998)
A1(6.3516)
(12.1236)
(5.3936)
A2(13.8959)
(-3.2561)
(11.3342)
A3(0.6512)
(7.6854)
(-5.5402)
A4(10.6446)
(15.5958)
(-2.2458)
G1(0.1288)
(1.6251)
(0.3145)
G2(3.4704)
(-2.5382)
(-4.1483)
G3(-0.2613)
(-0.5992)
(0.6540)
G4(-0.0080)
(-1.8624)
(-1.6240)
A1(1.0682)
(8.7322)
(1.4801)
A2(12.7228)
(13.2926)
(8.4420)
A3(6.9384)
(-0.2634)
(-7.3502)
A4(28.8741)
(14.0971)
(6.2201)
G1(1.1887)
(1.6469)
(-0.9408)
G2(3.3241)
(0.1729)
(-3.0517)
G3(0.3602)
(-0.2831)
(-0.3555)
G4(-0.4704)
(4.2707)
(-0.5119)
A1(1.0682)
(10.3848)
(3.0081)
A2(9.4475)
(5.8227)
(6.5888)
A3(1.0008)
(8.9543)
(-6.3973)
A4(8.7532)
(11.0995)
(6.0190)
G1(1.5900)
(1.1260)
(-0.6337)
G2(2.7260)
(1.5240)
(-2.7872)
G3(-0.0096)
(-0.1266)
(-0.2458)
G4(-0.2336)
(1.5208)
(-0.4949)
A1(3.2955)
(9.5226)
(1.2071)
A2(4.0606)
(11.2288)
(3.9313)
A3(2.2266)
(6.2920)
(-7.0437)
A4(2.8252)
(9.1315)
(0.2346)
G1(1.2329)
(0.3453)
(-0.6194)
G2(3.7094)
(2.4765)
(-0.5321)
G3(-0.0314)
(0.5507)
(-0.6066)
G4(0.8280)
(0.1261)
(-0.3560)
A1(1.4801)
(8.5885)
(2.6585)
A2(14.8919)
(4.8123)
(5.9568)
A3(3.4381)
(8.3989)
(-5.7844)
A4(3.0263)
(7.5226)
(-3.1029)
G1(-0.0633)
(-0.2400)
(-0.9488)
G2(-0.2006)
(0.6412)
(0.3459)
G3(-0.1133)
(0.3421)
(-0.4826)
G4(0.9791)
(-0.8759)
(-0.4268)
A1(-2.1172)
(10.4375)
(-1.0490)
A2(5.9759)
(7.5274)
(2.8826)
A3(0.5171)
(8.6814)
(-5.9041)
A4(5.3534)
(9.4236)
(-3.2178)
G1(-0.0995)
(-0.4725)
(-0.6337)
G2(0.0213)
(1.9795)
(-0.1767)
G3(0.2474)
(-0.3304)
(-0.1963)
G4(0.5646)
(-0.6965)
(-0.6247)
A1(-2.3423)
(8.3203)
(-0.2587)
A2(5.3103)
(9.5529)
(1.9345)
A3(1.3503)
(10.8793)
(-6.4356)
A4(2.6432)
(7.7572)
(1.6999)
G1(0.7439)
(-0.1080)
(-0.7412)
G2(0.1836)
(-1.3595)
(-0.7822)
G3(0.4965)
(-0.5577)
(-0.2426)
G4(0.2586)
(-0.1830)
(-0.6279)
