A1(-1.6957)
(9.5513)
(-2.9219)
A2(3.1412)
(8.3701)
(3.8690)
A3(-0.5363)
(7.7572)
(-5.8227)
A4(3.3423)
(8.5712)
(-3.2370)
G1(-0.3246)
(-0.1325)
(0.0835)
G2(-0.0282)
(-0.0351)
(0.0197)
G3(-0.0479)
(0.2059)
(-0.0873)
G4(-0.0724)
(0.1410)
(0.0234)
A1(0.5030)
(8.1000)
(0.8335)
A2(2.2841)
(9.4140)
(2.6719)
A3(-0.5938)
(7.4651)
(-5.5929)
A4(3.7876)
(8.8825)
(-2.7054)
G1(0.1149)
(0.4736)
(-0.0378)
G2(0.0181)
(0.4603)
(-0.0277)
G3(-0.0851)
(-0.0133)
(0.0357)
G4(0.3113)
(0.6210)
(-0.2320)
A1(-0.8095)
(11.8362)
(-0.9676)
A2(3.6057)
(7.6806)
(4.8315)
A3(-0.1006)
(9.1123)
(-2.7533)
A4(2.4756)
(9.4906)
(-3.2274)
G1(-0.2410)
(0.1144)
(-0.0495)
G2(-0.2826)
(-0.4284)
(0.2107)
G3(0.2054)
(0.3485)
(0.0271)
G4(0.2192)
(-0.0841)
(-0.1681)
A1(-1.7340)
(9.9106)
(-1.1975)
A2(4.0845)
(8.6431)
(4.9129)
A3(0.2203)
(7.3789)
(-7.0629)
A4(7.5848)
(9.6582)
(-5.8275)
G1(0.3948)
(0.6055)
(-0.1117)
G2(-0.4789)
(-0.0192)
(-0.0654)
G3(0.1511)
(0.3406)
(-0.2937)
G4(-0.0527)
(0.3826)
(-0.6433)
A1(3.1950)
(9.6807)
(1.0346)
A2(2.4708)
(9.6582)
(3.8547)
A3(-1.1827)
(7.6423)
(-6.8378)
A4(4.2042)
(5.2672)
(-4.1132)
G1(0.9360)
(1.1361)
(-0.1325)
G2(-0.3171)
(0.6667)
(0.0745)
G3(-0.1942)
(0.1293)
(-0.3214)
G4(0.4922)
(0.5656)
(-0.7923)
A1(0.4982)
(8.1000)
(-2.0214)
A2(8.4803)
(6.2776)
(6.6319)
A3(2.6671)
(8.5138)
(-5.1236)
A4(-1.4653)
(4.4628)
(-4.7597)
G1(1.6724)
(1.2984)
(-0.5523)
G2(-1.1063)
(0.8397)
(1.3404)
G3(-0.0766)
(0.3938)
(-0.5608)
G4(1.8581)
(3.6604)
(-3.6333)
A1(-0.0910)
(9.5418)
(3.8895)
A2(2.2458)
(3.5243)
(2.4612)
A3(-3.7062)
(6.5936)
(-8.5665)
A4(0.3831)
(32.6761)
(-11.9566)
G1(1.2058)
(1.7991)
(-0.8429)
G2(-0.0942)
(1.3367)
(0.6699)
G3(-0.4124)
(0.9275)
(-0.7423)
G4(0.2575)
(-1.9885)
(0.0537)
A1(-13.4840)
(9.9681)
(1.8058)
A2(4.5921)
(2.4852)
(7.8386)
A3(1.0104)
(16.4865)
(7.9823)
A4(-3.4093)
(5.3056)
(-14.5855)
G1(-7.2623)
(5.1493)
(-0.8652)
G2(1.3782)
(2.1295)
(-0.4017)
G3(0.9110)
(-0.0080)
(-1.1563)
G4(0.1192)
(-0.6768)
(-0.0202)
A1(2.9746)
(28.6013)
(2.3711)
A2(0.3065)
(18.3970)
(3.2465)
A3(8.7197)
(15.3995)
(-36.0758)
A4(1.3982)
(17.5543)
(5.6790)
G1(-8.9347)
(-0.5805)
(-4.1042)
G2(1.8230)
(4.8279)
(0.1453)
G3(-1.2255)
(0.3565)
(-3.1395)
G4(-1.2329)
(-0.2496)
(-0.2458)
A1(0.7999)
(-8.1622)
(13.1582)
A2(6.0094)
(11.5113)
(1.8866)
A3(-30.8756)
(22.5246)
(-12.2439)
A4(5.6264)
(7.2018)
(1.4413)
G1(-6.2257)
(1.0637)
(-3.0341)
G2(2.5584)
(4.0010)
(0.6822)
G3(-13.5135)
(-2.1838)
(6.3109)
G4(0.3970)
(1.6714)
(-0.6790)
A1(1.0299)
(12.5978)
(-3.1231)
A2(-2.8299)
(3.8020)
(1.3599)
A3(-4.9656)
(36.0327)
(10.9223)
A4(4.7788)
(11.3677)
(-6.0190)
G1(-7.1441)
(-3.2198)
(-0.8977)
G2(-0.0782)
(2.7473)
(-0.4997)
G3(-14.3936)
(2.5584)
(-0.5231)
G4(1.6320)
(2.4722)
(-0.9833)
A1(-0.3449)
(-3.9087)
(-0.9484)
A2(-12.0189)
(13.9199)
(8.9974)
A3(1.5275)
(-3.5817)
(-38.4221)
A4(5.5976)
(2.8587)
(-12.7802)
G1(1.2228)
(-2.0587)
(2.1253)
G2(-0.5215)
(2.6079)
(0.1729)
G3(-1.7240)
(3.2092)
(1.5543)
G4(0.0798)
(-0.6582)
(0.7604)
A1(-3.9374)
(1.5376)
(7.3767)
A2(1.6759)
(7.6662)
(0.7087)
A3(1.2641)
(-3.9073)
(-10.8026)
A4(-8.2935)
(-2.6767)
(-8.3270)
G1(5.1833)
(0.7487)
(3.7141)
G2(0.3698)
(-0.8759)
(0.1953)
G3(5.1306)
(0.8828)
(1.2702)
G4(-0.3342)
(-0.6806)
(-0.2879)
A1(-8.2676)
(3.5350)
(13.0481)
A2(2.0782)
(12.0380)
(6.2872)
A3(-3.6009)
(21.2126)
(1.1636)
A4(-13.3357)
(-2.5522)
(-6.1004)
G1(3.7195)
(1.1547)
(4.0590)
G2(0.5614)
(-1.9678)
(0.8056)
G3(6.3449)
(2.0449)
(0.5332)
G4(0.9812)
(-3.6673)
(0.4060)
A1(-9.8052)
(12.0805)
(10.4567)
A2(-2.4995)
(21.4042)
(18.4593)
A3(-12.7659)
(16.3189)
(0.0910)
A4(-2.6528)
(6.5457)
(-7.4843)
G1(3.2454)
(-2.0550)
(2.3833)
G2(-1.8996)
(-1.3457)
(-0.7061)
G3(4.5943)
(1.8443)
(1.8704)
G4(0.0905)
(0.2629)
(-0.2038)
A1(-5.6810)
(7.9754)
(6.4618)
A2(20.3363)
(20.0874)
(12.8281)
A3(-9.0357)
(18.1959)
(3.5817)
A4(-1.7957)
(7.2544)
(-9.1889)
G1(1.7342)
(0.1735)
(0.5731)
G2(-0.4826)
(0.1133)
(1.1408)
G3(1.2015)
(1.2904)
(0.9786)
G4(-0.0154)
(-0.3182)
(0.5050)
A1(-1.5951)
(9.5513)
(3.9039)
A2(2.7773)
(10.3286)
(0.6752)
A3(-8.0972)
(6.5601)
(0.2777)
A4(-2.6097)
(7.6184)
(-6.7660)
G1(1.4058)
(0.2634)
(0.2017)
G2(0.8535)
(0.1804)
(0.2905)
G3(-0.2192)
(0.6779)
(-0.2522)
G4(0.2139)
(0.1325)
(0.5992)
A1(1.6526)
(9.6184)
(3.0417)
A2(-2.3894)
(11.0468)
(1.4988)
A3(-7.4795)
(18.2295)
(8.8969)
A4(2.6719)
(7.1491)
(-6.6655)
G1(-0.7402)
(-0.0133)
(1.1036)
G2(0.9110)
(-0.8333)
(0.4762)
G3(0.3294)
(2.0987)
(0.1916)
G4(0.5795)
(0.8945)
(0.2836)
A1(-0.9580)
(11.4674)
(1.3412)
A2(1.6568)
(10.6494)
(-2.2601)
A3(7.1060)
(4.3287)
(4.2473)
A4(5.4684)
(6.7995)
(-6.8474)
G1(-0.1495)
(1.9124)
(0.0782)
G2(0.0974)
(0.4012)
(0.5821)
G3(0.1038)
(-0.6651)
(1.0866)
G4(0.3767)
(0.5635)
(-0.0027)
A1(2.0070)
(8.7658)
(1.8250)
A2(2.9113)
(10.9128)
(-0.2538)
A3(3.8978)
(6.9623)
(-3.5099)
A4(5.5498)
(6.5936)
(-7.6231)
G1(0.1623)
(0.7482)
(0.6449)
G2(0.7998)
(1.8677)
(0.6130)
G3(0.4459)
(1.3047)
(0.5938)
G4(0.5316)
(1.4958)
(-0.5646)
