A1(3.5686)
(9.8387)
(-2.6297)
A2(7.1299)
(7.6040)
(5.8466)
A3(0.3256)
(7.9583)
(-6.4548)
A4(-7.9535)
(7.2592)
(-1.1540)
G1(1.6070)
(1.8576)
(-1.1850)
G2(-0.5076)
(-0.3464)
(0.3161)
G3(-0.1006)
(1.8693)
(-0.9168)
G4(1.4000)
(2.5579)
(-2.7106)
A1(1.1352)
(12.0517)
(-0.7808)
A2(7.3837)
(7.3358)
(4.1324)
A3(-1.2354)
(8.4132)
(-3.7685)
A4(3.2705)
(4.7453)
(-3.0167)
G1(1.1329)
(2.2338)
(-0.5747)
G2(-0.8216)
(2.0811)
(1.1265)
G3(-0.1378)
(0.8008)
(-0.4486)
G4(0.8157)
(6.0405)
(-4.1766)
A1(-0.3209)
(9.3645)
(2.8932)
A2(0.7422)
(6.5457)
(4.3910)
A3(-1.2689)
(10.4627)
(-6.2106)
A4(-5.7317)
(31.1821)
(-5.5402)
G1(-0.6311)
(2.7281)
(-1.3505)
G2(-0.7513)
(1.4979)
(1.0403)
G3(0.1963)
(0.8971)
(-0.8312)
G4(1.1270)
(-1.3175)
(0.3528)
A1(-7.3192)
(4.2248)
(14.8635)
A2(3.6248)
(8.4276)
(7.9200)
A3(-1.2737)
(17.9182)
(4.1994)
A4(-6.0908)
(0.2969)
(-8.0780)
G1(-6.3545)
(4.9417)
(-0.8253)
G2(0.4145)
(3.2597)
(0.2879)
G3(1.2143)
(1.9736)
(-1.8172)
G4(0.5598)
(-0.0798)
(-0.5561)
A1(0.7808)
(31.0059)
(-9.4555)
A2(6.5362)
(5.5067)
(2.8108)
A3(5.8897)
(26.7049)
(18.3252)
A4(-3.0071)
(8.3797)
(-12.5648)
G1(-6.2848)
(1.9678)
(-1.6985)
G2(2.4014)
(2.2008)
(-0.3214)
G3(3.4353)
(1.7719)
(-2.5541)
G4(-0.8530)
(-0.1495)
(-0.5880)
A1(-6.0115)
(35.1397)
(11.1991)
A2(-13.5512)
(11.2001)
(0.2251)
A3(5.9424)
(23.3578)
(-29.1231)
A4(-2.4181)
(12.3541)
(-4.3191)
G1(-8.7676)
(-2.9027)
(-4.1393)
G2(1.5075)
(3.4087)
(-1.2765)
G3(0.3108)
(-0.5140)
(-0.8695)
G4(-0.7120)
(0.0404)
(-0.1341)
A1(-2.0980)
(12.8660)
(-6.2079)
A2(1.8340)
(17.6261)
(3.7493)
A3(3.8451)
(-3.7445)
(-45.8633)
A4(5.6886)
(10.6159)
(3.3519)
G1(-6.9659)
(-1.8448)
(-1.3244)
G2(1.9640)
(6.6184)
(0.5135)
G3(-8.6915)
(-2.5776)
(3.9009)
G4(-0.1538)
(2.2327)
(-1.7368)
A1(-2.5339)
(-0.5940)
(5.8199)
A2(5.6216)
(8.2791)
(2.8156)
A3(-22.3283)
(4.5490)
(-18.0858)
A4(0.9529)
(2.7342)
(-7.0677)
G1(-4.4937)
(3.0171)
(-0.9094)
G2(1.5101)
(1.8406)
(0.6609)
G3(-12.7021)
(-1.2137)
(5.1477)
G4(-0.4374)
(2.8841)
(-1.5101)
A1(-5.6810)
(4.7757)
(9.1154)
A2(-6.5170)
(2.3367)
(4.3144)
A3(-12.4690)
(31.2970)
(-12.4882)
A4(-13.8768)
(10.9750)
(-6.1914)
G1(-7.1958)
(-4.9657)
(1.1440)
G2(-0.1900)
(5.7372)
(0.1277)
G3(-16.3603)
(1.5176)
(-1.7107)
G4(1.2627)
(1.3862)
(0.7758)
A1(-4.4164)
(5.1253)
(-5.4223)
A2(4.4532)
(6.3829)
(0.8763)
A3(26.7097)
(47.4866)
(-3.4429)
A4(-6.9288)
(12.5696)
(-4.0606)
G1(-2.0550)
(2.4121)
(1.1515)
G2(-1.7991)
(6.0948)
(1.0626)
G3(-7.1287)
(-2.3620)
(0.7955)
G4(0.9823)
(0.2512)
(0.0862)
A1(4.1146)
(-6.3229)
(-0.7185)
A2(-3.0885)
(7.6758)
(1.5083)
A3(-5.2912)
(6.2537)
(-32.1206)
A4(5.2002)
(-8.1594)
(-14.6190)
G1(-0.4917)
(-0.9871)
(2.6111)
G2(0.2421)
(0.2405)
(2.0220)
G3(-3.3890)
(1.1701)
(1.1824)
G4(0.5066)
(-2.3312)
(1.9193)
A1(-0.4407)
(3.5207)
(-0.7520)
A2(-7.7428)
(14.2311)
(1.5945)
A3(5.0996)
(-3.0933)
(-18.4928)
A4(-0.1676)
(8.8969)
(-8.1068)
G1(2.6818)
(-0.9482)
(2.8213)
G2(-0.0383)
(4.9194)
(0.4172)
G3(-1.4862)
(0.8280)
(2.8239)
G4(-0.4970)
(-1.1802)
(-1.3973)
A1(-4.6224)
(-3.0800)
(10.4998)
A2(-0.0048)
(7.9057)
(-0.6704)
A3(0.6800)
(-1.0918)
(-12.4451)
A4(-5.8658)
(13.7284)
(-2.1165)
G1(4.7879)
(1.4862)
(3.3832)
G2(1.8188)
(-3.1746)
(0.4778)
G3(4.6576)
(0.8844)
(2.3402)
G4(0.0181)
(-1.4596)
(0.2410)
A1(-11.4099)
(0.2395)
(9.0149)
A2(8.0062)
(10.1706)
(0.9673)
A3(-0.9194)
(15.2654)
(-1.2019)
A4(4.9177)
(9.2464)
(-11.9519)
G1(4.2654)
(0.9546)
(4.5799)
G2(0.3767)
(1.5229)
(-0.3650)
G3(6.6472)
(0.8684)
(2.5983)
G4(0.9711)
(2.7680)
(-0.0213)
A1(-6.0115)
(1.9687)
(10.8590)
A2(1.2258)
(10.0844)
(6.4883)
A3(-1.5562)
(15.0883)
(3.0263)
A4(-5.0613)
(10.2472)
(-6.3590)
G1(3.1049)
(2.1944)
(4.8800)
G2(0.7928)
(-0.8647)
(0.4826)
G3(8.3579)
(1.2510)
(2.9149)
G4(-0.5018)
(-0.7253)
(0.0160)
A1(-8.4448)
(9.5992)
(7.8461)
A2(-4.4293)
(12.1625)
(8.8681)
A3(-6.4596)
(15.6246)
(-3.8499)
A4(-0.9816)
(9.4140)
(-4.3335)
G1(1.8677)
(-1.9608)
(3.5205)
G2(-0.0830)
(0.6529)
(0.1048)
G3(5.9373)
(3.5737)
(0.7008)
G4(0.4220)
(0.4890)
(-0.2921)
A1(-9.0628)
(10.8063)
(6.0402)
A2(2.9736)
(8.1403)
(-2.5139)
A3(-9.8785)
(18.6748)
(-2.2745)
A4(-2.3894)
(5.2720)
(-8.7149)
G1(2.1880)
(-0.4534)
(1.4622)
G2(0.4390)
(1.5320)
(0.9025)
G3(3.2576)
(3.3810)
(0.1916)
G4(0.0463)
(-0.6167)
(0.4459)
A1(-8.4640)
(10.6962)
(6.1456)
A2(-1.1588)
(9.5385)
(7.8530)
A3(-16.3524)
(18.8711)
(-1.0726)
A4(3.3758)
(8.6335)
(-5.3870)
G1(1.6825)
(-1.2239)
(1.0099)
G2(0.5981)
(-0.8328)
(0.4534)
G3(0.9546)
(3.0533)
(0.4709)
G4(0.1799)
(0.2959)
(0.1724)
A1(-5.4654)
(10.4758)
(2.1076)
A2(2.2122)
(15.2128)
(3.2801)
A3(-11.8752)
(13.2974)
(1.0487)
A4(2.4469)
(7.7189)
(-5.4348)
G1(1.5511)
(-1.1983)
(-0.1830)
G2(0.8514)
(-0.5821)
(0.1458)
G3(-0.1974)
(0.4033)
(-0.3118)
G4(-0.2288)
(0.1133)
(0.3714)
A1(-2.7591)
(6.9743)
(0.9005)
A2(-0.7470)
(4.9033)
(-2.4612)
A3(-5.5833)
(10.2328)
(-3.2417)
A4(-1.1109)
(8.2887)
(-6.6702)
G1(1.2020)
(0.5353)
(-0.0436)
G2(0.2692)
(-0.4321)
(-0.0803)
G3(-0.5380)
(0.3437)
(-0.5710)
G4(-0.0564)
(0.5369)
(0.1543)
