A1(-0.3449)
(8.5215)
(7.2330)
A2(1.6137)
(9.9407)
(-0.4788)
A3(-1.5227)
(8.2791)
(-0.9720)
A4(-0.6560)
(9.3182)
(-3.1795)
G1(-0.3379)
(-0.8136)
(-0.0468)
G2(0.1016)
(-0.6572)
(0.0431)
G3(0.8226)
(-1.1510)
(0.6247)
G4(0.3235)
(-0.4624)
(0.1926)
A1(-0.6946)
(5.5660)
(6.5480)
A2(-1.3791)
(9.6007)
(0.3496)
A3(8.0924)
(4.9368)
(-3.7637)
A4(1.3360)
(10.3142)
(-1.8148)
G1(1.4133)
(-1.3441)
(0.3970)
G2(0.6502)
(-1.3287)
(0.1394)
G3(-0.2804)
(-1.2111)
(2.1678)
G4(1.1738)
(0.0154)
(0.2011)
A1(16.7124)
(11.7548)
(-3.8464)
A2(-2.2122)
(8.6862)
(0.9002)
A3(-9.6438)
(17.6213)
(5.1332)
A4(-0.8380)
(29.7551)
(5.3822)
G1(1.7810)
(-1.4596)
(0.0915)
G2(-0.1229)
(-0.2895)
(0.2469)
G3(2.7186)
(5.1280)
(-0.7992)
G4(3.7333)
(-2.1364)
(1.6261)
A1(0.4503)
(17.8237)
(3.9422)
A2(1.2689)
(11.5831)
(6.8091)
A3(2.4948)
(13.1106)
(-9.3422)
A4(-1.3695)
(20.5662)
(-24.1862)
G1(1.3260)
(-2.6882)
(0.1612)
G2(-0.8141)
(-2.2578)
(0.7758)
G3(0.3831)
(-0.3097)
(1.1600)
G4(-0.6965)
(-0.8620)
(4.9125)
A1(-1.2885)
(11.9368)
(4.2009)
A2(4.7070)
(5.8371)
(7.7381)
A3(5.9999)
(8.7724)
(-7.5082)
A4(-8.3797)
(-2.1069)
(-33.8875)
G1(0.9184)
(0.5821)
(-0.2575)
G2(-3.8270)
(-4.7917)
(2.0018)
G3(0.0085)
(-0.8062)
(0.4475)
G4(-7.0755)
(2.3392)
(0.3842)
A1(-4.2057)
(2.7782)
(5.8343)
A2(6.3542)
(19.7857)
(0.6416)
A3(1.1205)
(15.0069)
(-3.9025)
A4(-6.2632)
(6.7229)
(-14.7387)
G1(-2.5329)
(-3.9690)
(0.0176)
G2(-4.6193)
(-6.3220)
(1.1233)
G3(-0.1405)
(-0.6215)
(0.2283)
G4(-11.5394)
(2.8441)
(0.6199)
A1(6.9503)
(4.7086)
(4.6559)
A2(13.2639)
(14.3221)
(5.5498)
A3(2.6959)
(-1.2354)
(-6.4500)
A4(-11.4634)
(19.8910)
(9.5433)
G1(-0.2033)
(-2.4488)
(-0.2400)
G2(-7.6523)
(1.7342)
(5.5877)
G3(0.0644)
(-2.1120)
(0.4917)
G4(-12.1689)
(-0.4454)
(8.2717)
A1(-11.1512)
(8.2341)
(-4.1817)
A2(-8.3031)
(3.4046)
(3.6631)
A3(5.3678)
(6.8474)
(-2.4708)
A4(-15.4761)
(-3.1843)
(-18.0571)
G1(-0.1974)
(1.1765)
(0.3645)
G2(-5.4414)
(-0.6407)
(1.7655)
G3(1.0078)
(-1.5256)
(0.8285)
G4(-1.7443)
(1.7783)
(-0.3203)
A1(0.1437)
(11.9416)
(2.8549)
A2(-0.6943)
(-8.8777)
(13.0819)
A3(5.0278)
(-5.5689)
(-9.2656)
A4(-1.4557)
(-4.3144)
(-9.0644)
G1(0.7380)
(0.8982)
(0.3794)
G2(-4.7342)
(2.1449)
(0.5316)
G3(1.8283)
(0.2964)
(-0.3629)
G4(5.1046)
(-1.2462)
(-5.1679)
A1(4.7278)
(7.9323)
(3.4345)
A2(2.7054)
(-7.8243)
(3.9935)
A3(7.7668)
(-1.0678)
(-7.6567)
A4(5.7940)
(17.6309)
(-1.8723)
G1(0.6699)
(0.4949)
(-0.8870)
G2(0.1815)
(0.3884)
(-1.3686)
G3(-0.4709)
(0.3539)
(1.2574)
G4(5.3312)
(-2.6728)
(-4.1829)
A1(11.0267)
(11.6877)
(12.6170)
A2(-0.0910)
(-0.9864)
(4.1372)
A3(-3.0119)
(13.9055)
(-7.3694)
A4(6.6798)
(14.5951)
(-0.0335)
G1(-0.1825)
(-1.2813)
(-0.5789)
G2(2.0412)
(1.7608)
(-1.9938)
G3(-0.3150)
(2.2977)
(-1.0786)
G4(5.4361)
(-3.7195)
(-2.8883)
A1(-1.4945)
(13.3211)
(3.8751)
A2(7.2161)
(-5.1715)
(8.9735)
A3(-11.4203)
(35.7646)
(-18.4928)
A4(9.1554)
(14.4897)
(-6.9576)
G1(0.1208)
(-0.0649)
(-1.3590)
G2(4.9029)
(-1.7820)
(-3.1890)
G3(0.1862)
(-3.7716)
(0.8418)
G4(1.7400)
(-1.2116)
(-1.8193)
A1(0.4742)
(9.5370)
(-1.9016)
A2(7.3981)
(0.3639)
(4.3718)
A3(5.4731)
(7.1874)
(-6.6798)
A4(4.3431)
(26.2596)
(12.7946)
G1(0.9759)
(-0.0202)
(-0.8753)
G2(2.9676)
(-0.8732)
(-5.2440)
G3(-0.0399)
(-0.8125)
(0.2107)
G4(2.7037)
(-0.5640)
(-1.4133)
A1(0.0431)
(8.2724)
(0.6323)
A2(9.8306)
(8.1259)
(11.5688)
A3(0.9290)
(9.1123)
(-7.4747)
A4(4.8937)
(6.2249)
(-3.7924)
G1(0.8902)
(0.2150)
(-1.4011)
G2(3.6966)
(2.4200)
(-2.6015)
G3(0.1399)
(-0.6375)
(-0.0255)
G4(0.2144)
(1.6937)
(-1.3516)
A1(-1.4705)
(9.4460)
(-0.8383)
A2(12.4834)
(9.0836)
(0.3065)
A3(1.5754)
(7.8721)
(-5.1427)
A4(-3.0933)
(8.9878)
(-2.6145)
G1(-0.1421)
(-0.2155)
(-0.6588)
G2(3.1783)
(0.3251)
(-0.3847)
G3(0.4539)
(-0.1820)
(-0.5938)
G4(0.2623)
(0.0894)
(-0.8806)
A1(-1.9639)
(9.7429)
(-0.7472)
A2(-1.5658)
(8.4324)
(1.5179)
A3(0.1628)
(5.7940)
(-7.4891)
A4(-1.0870)
(8.5808)
(-5.8083)
G1(0.8296)
(-0.3097)
(-0.9892)
G2(0.9104)
(3.1512)
(-0.5582)
G3(0.3693)
(-0.8391)
(-0.1570)
G4(-0.0612)
(-0.8493)
(-0.2831)
A1(-4.1673)
(7.6114)
(-3.3339)
A2(5.2146)
(10.1227)
(-0.1772)
A3(0.6033)
(5.4061)
(-6.8091)
A4(0.8715)
(9.5529)
(-3.4285)
G1(0.4981)
(-0.4156)
(-0.3900)
G2(0.4693)
(0.0607)
(-0.5529)
G3(0.3464)
(-0.4784)
(-0.2432)
G4(-0.1985)
(-0.4422)
(-0.4076)
A1(-4.3062)
(10.2555)
(-0.8095)
A2(-0.1532)
(9.0597)
(2.0973)
A3(-2.1308)
(5.6551)
(-8.0349)
A4(0.5315)
(9.4140)
(-2.5187)
G1(-0.4965)
(0.2453)
(-0.2458)
G2(0.6199)
(-0.6151)
(-0.5992)
G3(0.1479)
(-0.6790)
(-0.0958)
G4(-0.0282)
(-0.3927)
(-0.1809)
A1(-3.8656)
(8.6748)
(-0.0431)
A2(1.6185)
(8.8777)
(0.8284)
A3(-0.1867)
(4.2904)
(-8.5329)
A4(-0.3591)
(9.2464)
(-3.7158)
G1(-1.5814)
(0.4624)
(0.0112)
G2(0.4001)
(0.1676)
(-0.2873)
G3(-0.2506)
(-0.6513)
(-0.0724)
G4(-0.0298)
(-0.0851)
(-0.2655)
A1(-2.0022)
(10.1980)
(1.1209)
A2(-0.6752)
(9.5864)
(1.8771)
A3(0.1867)
(4.4628)
(-8.4755)
A4(0.6704)
(8.7771)
(-4.1707)
G1(-0.0766)
(0.7891)
(-0.2011)
G2(0.0782)
(-0.2921)
(-0.4294)
G3(-0.0580)
(0.2916)
(-0.5449)
G4(-0.2304)
(-0.2437)
(-0.2277)
