A1(-0.5556)
(7.9898)
(-2.3806)
A2(3.2753)
(8.1020)
(2.2649)
A3(1.3791)
(7.8290)
(-6.3925)
A4(6.4500)
(9.8019)
(-2.0638)
G1(0.3533)
(1.2292)
(-0.2474)
G2(-0.4603)
(-0.2937)
(-0.0074)
G3(0.0532)
(0.3757)
(-0.2953)
G4(0.5853)
(1.0254)
(-0.8945)
A1(4.3637)
(9.4939)
(-3.4776)
A2(4.1707)
(8.4420)
(3.5051)
A3(0.8428)
(8.6670)
(-3.4046)
A4(-6.5170)
(9.0261)
(-2.1165)
G1(-0.0782)
(0.7870)
(-0.3964)
G2(-0.4597)
(0.5683)
(0.1415)
G3(0.0564)
(0.4369)
(-0.4039)
G4(1.6591)
(3.3342)
(-2.5025)
A1(-0.3545)
(11.6877)
(1.9304)
A2(5.4109)
(7.9009)
(3.2609)
A3(-0.8140)
(8.4563)
(-2.7533)
A4(-3.4237)
(6.9001)
(-1.9537)
G1(0.8801)
(1.4085)
(-0.9706)
G2(-0.2469)
(0.8083)
(0.9323)
G3(0.5885)
(0.3235)
(-0.3214)
G4(1.0882)
(5.1822)
(-3.8440)
A1(-3.2045)
(7.1707)
(10.5620)
A2(0.3448)
(6.2153)
(4.3287)
A3(0.4118)
(10.3238)
(-3.9935)
A4(2.1739)
(26.8821)
(-2.1308)
G1(-2.9750)
(5.1663)
(-0.6689)
G2(-0.6540)
(1.8858)
(0.5901)
G3(0.6593)
(0.4135)
(-1.2851)
G4(0.6774)
(-1.3111)
(1.0073)
A1(-7.8269)
(21.5169)
(4.8236)
A2(4.8123)
(10.9846)
(9.4810)
A3(-1.2450)
(29.2188)
(7.0102)
A4(0.8188)
(20.6859)
(-12.4355)
G1(-7.7082)
(4.5102)
(-2.6249)
G2(1.5378)
(1.2063)
(-0.8860)
G3(3.8089)
(1.4692)
(-2.8372)
G4(-0.8647)
(3.1304)
(-1.3393)
A1(-1.2789)
(28.3331)
(17.4836)
A2(4.1324)
(10.3286)
(6.0430)
A3(-4.2569)
(19.1297)
(-11.6885)
A4(-6.8139)
(9.3422)
(-10.1897)
G1(-7.7359)
(1.3606)
(-4.5512)
G2(0.5146)
(-0.5672)
(-0.3150)
G3(-0.6151)
(1.6320)
(-2.3887)
G4(-0.9285)
(-0.8822)
(0.2916)
A1(-2.2561)
(5.5181)
(5.7912)
A2(11.4299)
(18.5263)
(7.5034)
A3(-3.3279)
(7.9823)
(-20.1496)
A4(1.2594)
(10.2568)
(6.1244)
G1(-7.6023)
(2.0172)
(-1.8842)
G2(1.6128)
(5.8346)
(1.5011)
G3(-10.1351)
(-4.4958)
(3.7360)
G4(-0.8578)
(2.3562)
(-1.1212)
A1(12.6361)
(-2.3471)
(5.3888)
A2(-1.7909)
(8.4132)
(3.8068)
A3(3.7062)
(24.0282)
(3.7493)
A4(1.8483)
(3.1412)
(-0.9960)
G1(-6.1730)
(-0.4315)
(-2.3365)
G2(1.6905)
(0.3459)
(-0.4949)
G3(-12.8665)
(5.6681)
(0.2889)
G4(0.6119)
(1.6581)
(-0.5853)
A1(-5.0631)
(6.2414)
(-1.5376)
A2(-0.1963)
(-2.6049)
(8.8202)
A3(0.0000)
(28.4383)
(-9.6822)
A4(-6.9623)
(6.9097)
(-7.6758)
G1(-6.0251)
(-2.3636)
(-0.4289)
G2(-2.1588)
(3.7727)
(-0.1011)
G3(-11.0185)
(5.5978)
(-1.0456)
G4(0.7779)
(0.3257)
(0.8508)
A1(2.2801)
(-3.1662)
(0.3976)
A2(3.1747)
(4.6974)
(1.2785)
A3(3.7924)
(3.6679)
(-27.5477)
A4(6.9384)
(1.3695)
(-14.2647)
G1(0.1543)
(-2.1354)
(2.4339)
G2(-0.2751)
(0.7338)
(0.9653)
G3(-4.8438)
(-0.5704)
(1.9560)
G4(1.9986)
(0.9057)
(0.7620)
A1(-2.9555)
(-1.3747)
(4.6607)
A2(12.9814)
(9.5481)
(-0.7087)
A3(0.3352)
(-6.8139)
(-18.1959)
A4(4.4628)
(0.9337)
(-6.3494)
G1(4.7417)
(-0.0351)
(3.4199)
G2(-0.1852)
(-0.0027)
(-0.5140)
G3(2.9766)
(-0.1697)
(2.2737)
G4(-0.5976)
(2.2817)
(-1.6996)
A1(-13.0624)
(2.4669)
(11.5775)
A2(6.0094)
(14.4706)
(1.5323)
A3(-0.5890)
(11.0852)
(-1.5658)
A4(-1.5610)
(-6.8522)
(-4.9177)
G1(5.1998)
(1.8677)
(4.0675)
G2(0.8429)
(-0.0639)
(0.0165)
G3(6.4316)
(0.9253)
(2.1849)
G4(0.4289)
(0.0511)
(-0.3852)
A1(-7.2090)
(4.6128)
(5.0343)
A2(-4.7501)
(8.2791)
(2.9066)
A3(-1.9585)
(21.0402)
(4.1611)
A4(16.5200)
(27.6865)
(-8.2121)
G1(3.1256)
(0.7045)
(4.7619)
G2(1.0206)
(1.0594)
(0.8567)
G3(5.3632)
(2.5749)
(1.4910)
G4(1.8762)
(2.0646)
(1.0738)
A1(-20.4295)
(7.7790)
(7.5635)
A2(-5.5545)
(5.1523)
(2.7964)
A3(-9.1363)
(18.7322)
(2.8683)
A4(2.1691)
(5.4444)
(-9.7013)
G1(5.5930)
(-1.5171)
(1.0461)
G2(1.6022)
(0.4145)
(0.4395)
G3(5.2179)
(3.5950)
(1.0860)
G4(0.4321)
(-0.6476)
(0.1963)
A1(-2.0980)
(15.8790)
(8.0952)
A2(-1.1588)
(7.9104)
(3.8451)
A3(-1.1875)
(16.7450)
(6.8522)
A4(-3.2417)
(8.0685)
(-6.1339)
G1(3.2656)
(-0.4869)
(0.5603)
G2(0.0835)
(1.8704)
(-0.6242)
G3(1.7943)
(1.6118)
(1.5554)
G4(-0.1474)
(-0.2959)
(0.1506)
A1(-8.4257)
(4.5314)
(1.9879)
A2(4.2904)
(10.2232)
(-1.7190)
A3(-10.2855)
(14.3987)
(3.6679)
A4(0.5698)
(7.5226)
(-5.6503)
G1(-1.3090)
(-1.4064)
(0.3634)
G2(2.0188)
(-1.4543)
(0.9083)
G3(0.6327)
(-0.1048)
(1.4537)
G4(-0.0692)
(0.0410)
(0.5906)
A1(0.1198)
(8.2389)
(-1.5089)
A2(-4.5442)
(7.9918)
(-1.1396)
A3(9.5337)
(7.0725)
(4.3431)
A4(2.4660)
(10.6015)
(-6.5841)
G1(-1.1877)
(-0.7088)
(0.9291)
G2(1.2233)
(-0.1139)
(0.7944)
G3(0.9722)
(-0.2304)
(0.7779)
G4(1.0765)
(0.6763)
(0.6002)
A1(-0.3305)
(8.9238)
(-0.2730)
A2(-0.9194)
(14.6238)
(2.2984)
A3(6.5745)
(6.5410)
(-4.7884)
A4(2.6767)
(3.4381)
(-7.7716)
G1(0.0639)
(0.7045)
(0.6742)
G2(1.3936)
(-0.7178)
(0.8572)
G3(1.3031)
(2.1849)
(0.3895)
G4(-0.0793)
(1.4367)
(0.0325)
A1(3.2860)
(9.1346)
(-0.2299)
A2(5.3199)
(8.2456)
(-0.8140)
A3(-4.4628)
(9.4954)
(-6.3063)
A4(2.8970)
(4.6543)
(-7.3310)
G1(0.9935)
(-0.8099)
(0.6135)
G2(-1.5580)
(0.9381)
(0.5763)
G3(0.4746)
(-0.2863)
(0.4454)
G4(-0.1990)
(1.0946)
(-0.1623)
A1(1.5711)
(8.6939)
(0.1341)
A2(7.3119)
(5.9233)
(-2.8299)
A3(-0.7997)
(9.5433)
(-2.0063)
A4(5.4492)
(5.9041)
(-6.4691)
G1(0.5013)
(0.3411)
(0.5805)
G2(-0.2192)
(-0.0149)
(0.7003)
G3(0.0537)
(0.1548)
(0.4129)
G4(-0.3975)
(2.0779)
(-0.5678)
