A1(-4.8188)
(5.7480)
(0.9484)
A2(-0.6847)
(8.3653)
(5.4971)
A3(-0.0670)
(7.6136)
(-5.7221)
A4(9.1554)
(7.4364)
(0.1341)
G1(-0.1266)
(1.3095)
(0.3203)
G2(0.2522)
(0.8397)
(-0.3469)
G3(-0.9972)
(-0.2863)
(0.0814)
G4(-0.0468)
(0.9546)
(-0.9892)
A1(2.9363)
(9.8675)
(3.3482)
A2(8.8250)
(9.8450)
(3.6583)
A3(-1.9776)
(7.8721)
(-2.7150)
A4(0.5507)
(8.5712)
(0.3879)
G1(0.9562)
(3.1634)
(-0.3134)
G2(0.9754)
(-0.4981)
(-0.6029)
G3(-0.8668)
(-0.4784)
(0.1740)
G4(1.0467)
(3.1448)
(-1.7012)
A1(4.5074)
(13.2588)
(-0.3832)
A2(3.6871)
(5.4444)
(5.7078)
A3(5.3247)
(7.3837)
(-5.9568)
A4(2.8683)
(0.2394)
(-2.7150)
G1(1.0722)
(1.6788)
(0.0511)
G2(-1.0078)
(-0.1554)
(1.0110)
G3(0.0490)
(1.4649)
(-1.0573)
G4(2.6962)
(2.7170)
(-2.8963)
A1(-0.3593)
(13.0768)
(5.3840)
A2(-0.1197)
(2.4181)
(6.6032)
A3(-1.0151)
(7.1730)
(-8.8585)
A4(-7.6136)
(-9.3613)
(-10.7260)
G1(3.1554)
(3.2869)
(-1.0919)
G2(-0.3182)
(3.1767)
(1.4356)
G3(-0.1697)
(1.5123)
(-1.1691)
G4(1.4356)
(-1.0711)
(-1.4676)
A1(8.5598)
(47.1963)
(0.1629)
A2(5.7317)
(6.7469)
(11.4347)
A3(0.9050)
(27.1024)
(9.9551)
A4(-6.7133)
(11.7843)
(-15.3708)
G1(-8.1115)
(5.2589)
(-0.6135)
G2(1.2483)
(2.1104)
(0.2810)
G3(0.9115)
(2.7255)
(-2.6446)
G4(-1.1786)
(0.8971)
(-1.5538)
A1(-3.8464)
(22.8245)
(8.5694)
A2(3.5769)
(8.7436)
(7.6662)
A3(-11.7124)
(38.4988)
(10.1610)
A4(9.1506)
(9.5577)
(-9.4044)
G1(-10.9493)
(3.1150)
(-6.6881)
G2(2.5802)
(1.0280)
(-1.7847)
G3(4.1297)
(5.4121)
(-4.9087)
G4(-1.0403)
(3.5854)
(-1.2787)
A1(4.8331)
(9.9777)
(-13.1008)
A2(-15.2223)
(13.6134)
(3.1173)
A3(29.4152)
(1.0391)
(-33.5619)
A4(-1.3168)
(-5.6790)
(-8.8107)
G1(-5.3589)
(1.5586)
(-1.5341)
G2(2.2354)
(7.3623)
(-0.0766)
G3(-11.2031)
(-3.9509)
(1.6001)
G4(-0.9823)
(3.0368)
(-1.9880)
A1(-0.3401)
(-11.3524)
(3.3530)
A2(14.2407)
(13.1729)
(6.6128)
A3(-42.7987)
(14.7770)
(-16.6924)
A4(3.3375)
(7.2257)
(4.8411)
G1(-5.5510)
(2.0811)
(-3.0687)
G2(3.0900)
(7.7539)
(1.7522)
G3(-14.0526)
(-2.4882)
(6.0001)
G4(0.6481)
(1.5431)
(-0.7237)
A1(8.7227)
(14.6958)
(-8.9286)
A2(-15.1457)
(3.7828)
(3.0454)
A3(7.7668)
(41.3000)
(38.1013)
A4(-2.4134)
(12.1338)
(-4.0797)
G1(-7.8258)
(-4.8672)
(-1.3638)
G2(-0.2485)
(5.1131)
(-0.9695)
G3(-14.3080)
(1.6506)
(-2.1183)
G4(0.2081)
(-1.1520)
(0.5273)
A1(-13.0720)
(1.4753)
(-6.3708)
A2(10.3813)
(-2.0686)
(1.7909)
A3(12.8664)
(23.4105)
(-7.6519)
A4(-1.4269)
(-3.4189)
(-14.8201)
G1(-2.4339)
(0.0011)
(0.6928)
G2(-0.1112)
(5.2828)
(0.8759)
G3(-7.0196)
(-1.8964)
(0.4252)
G4(1.2537)
(-1.7538)
(1.9215)
A1(-11.6446)
(-5.5517)
(2.4860)
A2(4.9464)
(10.9559)
(0.6273)
A3(3.7733)
(-6.7900)
(-20.9780)
A4(4.5155)
(36.4445)
(16.9797)
G1(3.4694)
(-1.2537)
(2.9154)
G2(0.5326)
(4.6427)
(-0.0085)
G3(-0.7184)
(-4.9981)
(3.8301)
G4(-0.7130)
(-1.1712)
(-1.8496)
A1(2.0837)
(-6.6582)
(2.4525)
A2(5.4444)
(6.6655)
(-0.4214)
A3(-0.3400)
(-0.4932)
(-12.8233)
A4(-1.7765)
(-9.6199)
(-10.7452)
G1(4.9183)
(1.7804)
(3.3922)
G2(-0.3719)
(-2.1630)
(-0.0298)
G3(5.1014)
(1.4729)
(2.0210)
G4(0.9897)
(-3.1043)
(-1.2957)
A1(-5.3936)
(9.2256)
(7.4629)
A2(7.2784)
(22.9604)
(18.7849)
A3(-3.5865)
(13.2495)
(-2.5474)
A4(4.3191)
(4.2473)
(-4.4149)
G1(3.8940)
(1.7310)
(5.7516)
G2(-0.1740)
(-3.8110)
(-0.4294)
G3(8.9964)
(2.1231)
(2.9085)
G4(-0.4677)
(-0.1144)
(0.3171)
A1(-9.7238)
(13.0289)
(10.4950)
A2(-18.4162)
(6.7469)
(4.1707)
A3(1.0439)
(13.5177)
(-1.9776)
A4(-2.1404)
(9.7492)
(-4.8363)
G1(3.1650)
(0.1783)
(3.8929)
G2(0.2804)
(4.2628)
(0.4209)
G3(8.1589)
(1.9651)
(2.3094)
G4(0.0271)
(-0.0431)
(0.1086)
A1(-8.8951)
(8.8807)
(9.0915)
A2(-4.8746)
(8.2408)
(8.7867)
A3(-9.8210)
(16.9222)
(-6.3877)
A4(-0.3926)
(8.9304)
(-6.1675)
G1(3.1975)
(-0.3374)
(1.7597)
G2(0.9355)
(-3.4779)
(0.5486)
G3(2.0875)
(0.9488)
(0.1666)
G4(0.0447)
(-0.5539)
(0.5704)
A1(-5.1924)
(9.7813)
(2.3615)
A2(-3.0885)
(9.2895)
(2.1548)
A3(-14.3125)
(18.4018)
(-3.1747)
A4(1.2258)
(7.9344)
(-5.6120)
G1(2.6462)
(0.4773)
(1.2584)
G2(0.3097)
(1.6357)
(0.4347)
G3(-0.1304)
(2.4871)
(-0.4555)
G4(0.3411)
(-0.1756)
(0.3640)
A1(-5.4271)
(15.9987)
(3.0656)
A2(1.4269)
(11.4108)
(1.8771)
A3(-6.6319)
(12.9047)
(0.4741)
A4(-1.4892)
(8.4946)
(-6.8091)
G1(0.0090)
(0.0250)
(0.4310)
G2(1.0158)
(-1.6613)
(0.3017)
G3(-0.4917)
(1.7256)
(-0.2762)
G4(0.6087)
(0.4864)
(0.7338)
A1(-0.5652)
(8.3634)
(3.2620)
A2(-3.5291)
(7.1874)
(0.7997)
A3(-1.8244)
(10.9463)
(2.4421)
A4(2.9928)
(3.5817)
(-8.9304)
G1(-4.3144)
(-0.2778)
(-1.2829)
G2(0.7928)
(-0.3464)
(0.3709)
G3(0.6311)
(1.7794)
(0.2959)
G4(0.4294)
(-0.1304)
(0.3006)
A1(-5.5756)
(9.4603)
(0.7712)
A2(1.3982)
(7.1491)
(-0.4118)
A3(4.1851)
(-6.3063)
(-15.7874)
A4(6.3925)
(7.6662)
(-7.0006)
G1(2.5791)
(2.9506)
(-0.6119)
G2(-0.1213)
(-0.5965)
(0.6396)
G3(1.3893)
(3.5061)
(0.1038)
G4(0.1852)
(0.9844)
(-0.0543)
A1(0.7712)
(9.2591)
(0.0719)
A2(4.6448)
(12.6366)
(-4.8411)
A3(-3.6440)
(7.2784)
(-14.0875)
A4(-4.4484)
(5.6216)
(-3.8355)
G1(-0.1740)
(2.3801)
(-0.6848)
G2(-0.0074)
(0.0995)
(0.1000)
G3(1.0664)
(0.0452)
(0.8375)
G4(0.4108)
(2.0343)
(-1.1456)
