A1(3.9805)
(10.0878)
(0.5892)
A2(4.3287)
(8.3893)
(3.3710)
A3(-2.2649)
(10.7643)
(-5.8466)
A4(0.7997)
(1.7430)
(-5.5067)
G1(1.1978)
(0.9152)
(-0.5257)
G2(0.1666)
(0.5864)
(-0.1117)
G3(-0.0016)
(1.0791)
(-0.9530)
G4(0.8530)
(1.4351)
(-1.1584)
A1(1.4753)
(11.2805)
(-1.0873)
A2(9.1506)
(6.3494)
(6.3159)
A3(2.8060)
(5.9711)
(-5.9185)
A4(1.2402)
(0.1628)
(-2.4756)
G1(1.4734)
(2.0327)
(-0.3730)
G2(-2.0603)
(0.8759)
(1.2616)
G3(0.3017)
(1.3633)
(-1.3441)
G4(1.6251)
(3.6471)
(-4.1164)
A1(0.4982)
(11.0794)
(4.3829)
A2(-0.5650)
(6.1292)
(5.6695)
A3(1.6089)
(4.2329)
(-7.3550)
A4(-0.0718)
(-10.5728)
(-12.0907)
G1(2.1396)
(3.0724)
(-1.1909)
G2(-0.9222)
(1.2675)
(1.1334)
G3(-0.0181)
(0.7833)
(-0.9881)
G4(0.9663)
(2.6244)
(-1.7107)
A1(-5.0535)
(32.6058)
(8.1574)
A2(3.4141)
(6.4596)
(6.7708)
A3(4.1180)
(20.9732)
(9.0932)
A4(-4.1803)
(4.9081)
(-12.2583)
G1(-7.8103)
(4.3628)
(-1.3340)
G2(0.6146)
(3.0405)
(0.4667)
G3(1.6932)
(1.9353)
(-2.1513)
G4(-0.3155)
(1.8129)
(-2.2572)
A1(7.4485)
(32.8309)
(24.2136)
A2(3.6536)
(14.6429)
(13.4698)
A3(-8.0110)
(22.8359)
(-14.4801)
A4(-1.5706)
(19.7043)
(2.8683)
G1(-10.8705)
(2.3849)
(-3.4257)
G2(2.0822)
(0.6859)
(-0.2357)
G3(2.3700)
(5.3328)
(-3.2400)
G4(-0.7976)
(1.4622)
(-0.5582)
A1(-3.7554)
(19.3997)
(-11.5248)
A2(-15.4426)
(16.6924)
(2.8635)
A3(38.6807)
(14.9494)
(-31.6561)
A4(3.1364)
(6.2920)
(-2.7725)
G1(-6.7844)
(-0.1926)
(-3.1490)
G2(1.7996)
(5.4249)
(-0.9828)
G3(-5.2700)
(1.8619)
(3.6008)
G4(-1.2946)
(0.6412)
(-0.7354)
A1(-5.5038)
(-3.0081)
(-3.6165)
A2(-0.5028)
(12.4642)
(9.7157)
A3(-17.9517)
(4.2377)
(-9.9455)
A4(1.9345)
(5.6599)
(-3.4429)
G1(-3.9930)
(2.8229)
(-3.1863)
G2(0.7466)
(-0.4347)
(-0.2070)
G3(-15.0737)
(5.2424)
(3.3081)
G4(0.7317)
(1.8363)
(-0.3432)
A1(6.0881)
(-7.6880)
(-5.3840)
A2(-4.5969)
(1.4557)
(7.3694)
A3(5.0949)
(34.6489)
(-2.7677)
A4(-3.1508)
(10.4004)
(-2.9257)
G1(-8.5282)
(2.8915)
(-1.7996)
G2(0.4704)
(2.7904)
(-1.0307)
G3(-15.1860)
(5.3280)
(-2.1056)
G4(1.3697)
(0.4103)
(0.8242)
A1(-0.3928)
(-4.8475)
(1.1879)
A2(-2.7773)
(5.7748)
(3.4716)
A3(3.2274)
(25.9531)
(-6.9480)
A4(6.1675)
(-8.3270)
(-12.1290)
G1(0.7487)
(0.2756)
(0.3980)
G2(-0.7822)
(-0.4177)
(0.6619)
G3(-3.6567)
(-1.2558)
(0.9067)
G4(0.3315)
(-0.6013)
(1.4702)
A1(-1.8202)
(3.8751)
(1.0059)
A2(9.6007)
(8.3079)
(-3.2944)
A3(-12.0620)
(-4.0366)
(-16.4338)
A4(-7.2640)
(-3.6583)
(-10.9798)
G1(4.6927)
(-0.2767)
(2.4344)
G2(-0.9078)
(0.9668)
(-1.3005)
G3(0.2708)
(-2.8463)
(3.7094)
G4(-0.1681)
(-0.1357)
(-1.0137)
A1(-3.1039)
(2.2130)
(8.4832)
A2(8.0158)
(12.7755)
(-2.9066)
A3(4.5346)
(0.0862)
(-17.0898)
A4(17.0419)
(17.9086)
(0.2682)
G1(5.6558)
(-0.1272)
(3.0314)
G2(0.4464)
(-2.2136)
(-0.2820)
G3(4.8502)
(1.6916)
(0.3060)
G4(-0.4502)
(2.1646)
(-0.1032)
A1(-15.2659)
(7.3335)
(15.5389)
A2(5.6216)
(9.8737)
(-5.7126)
A3(-0.8188)
(19.4170)
(0.2682)
A4(7.7764)
(54.2526)
(21.1264)
G1(5.3770)
(3.7349)
(4.1930)
G2(0.7801)
(0.8269)
(0.0974)
G3(6.7131)
(-0.2176)
(1.7209)
G4(-0.1288)
(-1.5112)
(-0.8657)
A1(-11.9176)
(20.8894)
(7.5108)
A2(-12.3254)
(6.3734)
(-3.1316)
A3(3.1029)
(20.1065)
(5.7940)
A4(20.4800)
(15.9023)
(-5.4013)
G1(3.6061)
(-2.7494)
(2.2455)
G2(1.7459)
(-0.0261)
(-0.0170)
G3(7.0037)
(3.6753)
(1.4042)
G4(1.0573)
(2.7532)
(-1.5836)
A1(-10.2890)
(13.0768)
(7.7168)
A2(11.3342)
(19.1776)
(28.2468)
A3(-8.5042)
(15.8257)
(-4.2042)
A4(-8.9352)
(7.9200)
(-6.4739)
G1(3.8903)
(-0.6832)
(1.6948)
G2(-2.0710)
(-2.6175)
(0.3805)
G3(1.4106)
(1.7576)
(1.0429)
G4(0.2304)
(0.3395)
(-0.1325)
A1(4.5218)
(7.2521)
(9.1490)
A2(10.4914)
(13.0197)
(10.7356)
A3(-23.5158)
(-0.4884)
(-1.5083)
A4(-0.9481)
(8.3749)
(-10.3238)
G1(-1.8949)
(1.0163)
(1.3835)
G2(0.1570)
(-2.7430)
(1.7677)
G3(-3.9648)
(1.1941)
(2.7563)
G4(-0.4374)
(-0.2065)
(0.4800)
A1(-5.3505)
(6.7300)
(6.0498)
A2(-5.1236)
(12.7132)
(3.5482)
A3(5.9328)
(8.6670)
(14.5615)
A4(-1.0104)
(7.5513)
(-8.0206)
G1(-1.5165)
(-2.3471)
(0.1756)
G2(0.9259)
(-0.0889)
(-0.2320)
G3(0.6034)
(-0.8764)
(-0.3251)
G4(-0.7748)
(-0.0245)
(0.2208)
A1(-2.1220)
(6.3324)
(-1.4849)
A2(-4.8554)
(11.2911)
(-0.1867)
A3(-5.9903)
(3.9217)
(-3.4764)
A4(1.5802)
(11.5448)
(-2.0255)
G1(2.6499)
(3.1001)
(-0.1415)
G2(0.8918)
(-1.0871)
(-0.0756)
G3(1.8432)
(0.3124)
(-0.0798)
G4(0.1415)
(1.0089)
(-0.1282)
A1(-0.1198)
(11.3428)
(9.3214)
A2(-1.0008)
(6.0525)
(2.0303)
A3(4.8602)
(8.6143)
(-3.6966)
A4(3.3471)
(11.2863)
(-6.4452)
G1(-1.7224)
(-0.5784)
(0.1070)
G2(1.5410)
(1.7299)
(0.5119)
G3(0.4422)
(2.8489)
(-0.4496)
G4(0.7615)
(0.5135)
(0.6130)
A1(0.8335)
(13.3834)
(2.8644)
A2(1.2833)
(8.8921)
(2.7150)
A3(-5.7174)
(25.9531)
(11.0038)
A4(0.7230)
(6.8522)
(-9.0836)
G1(1.1840)
(-3.2007)
(1.5011)
G2(0.7157)
(1.7315)
(0.5779)
G3(0.5092)
(1.3792)
(1.3808)
G4(0.7551)
(1.1808)
(0.0654)
A1(0.3928)
(9.5992)
(0.3784)
A2(0.8571)
(12.9287)
(-2.6767)
A3(4.7214)
(9.5433)
(-2.8012)
A4(2.7054)
(5.2385)
(-5.8802)
G1(0.4177)
(3.5556)
(-0.3560)
G2(0.1559)
(0.5268)
(0.2708)
G3(0.5055)
(1.2462)
(0.4220)
G4(0.4810)
(1.8576)
(-0.2602)
