A1(0.4790)
(6.7971)
(4.6894)
A2(0.0958)
(9.2273)
(-1.9585)
A3(-1.1301)
(9.5241)
(-1.9824)
A4(0.1293)
(9.5768)
(-4.1468)
G1(-1.1068)
(-0.8759)
(-0.1644)
G2(-0.1580)
(0.4832)
(-0.0569)
G3(0.3235)
(-1.3377)
(0.3427)
G4(-0.0782)
(-0.2969)
(0.0213)
A1(-0.1245)
(7.0461)
(6.0594)
A2(1.2881)
(10.5058)
(0.2346)
A3(-1.5993)
(7.1251)
(-3.1699)
A4(0.2346)
(9.4379)
(-3.8068)
G1(0.0878)
(-0.8945)
(-0.1751)
G2(0.0106)
(-0.0841)
(-0.0192)
G3(0.3352)
(-0.2469)
(0.3517)
G4(0.1139)
(-0.5215)
(0.1745)
A1(-0.2539)
(7.2186)
(7.1419)
A2(-1.5754)
(9.4475)
(1.8196)
A3(1.9010)
(6.1292)
(-2.8252)
A4(0.2394)
(10.7117)
(-0.5315)
G1(0.7285)
(-1.2090)
(0.2203)
G2(0.2873)
(-1.1542)
(0.0772)
G3(0.3368)
(-1.0701)
(1.8369)
G4(1.0062)
(-0.9509)
(0.2996)
A1(2.6154)
(11.2997)
(7.5443)
A2(-0.9864)
(9.3134)
(1.2354)
A3(3.8547)
(5.7365)
(-2.6432)
A4(3.7206)
(14.2503)
(-0.3831)
G1(1.5953)
(-1.6123)
(0.0937)
G2(0.2389)
(-0.8716)
(0.0686)
G3(0.0569)
(-1.0802)
(2.0050)
G4(2.1269)
(-1.2553)
(0.4204)
A1(-2.3471)
(8.7801)
(10.7536)
A2(-0.4310)
(9.5529)
(1.2498)
A3(0.1484)
(6.3111)
(-2.5426)
A4(1.0774)
(28.3904)
(11.1330)
G1(0.4113)
(-2.6520)
(-0.5976)
G2(0.7056)
(-1.3431)
(0.1767)
G3(0.0452)
(0.0713)
(1.4191)
G4(2.8415)
(-3.7221)
(0.4810)
A1(-1.9639)
(9.1633)
(4.1386)
A2(-1.1827)
(11.2001)
(2.8539)
A3(0.1532)
(-1.4748)
(-9.2368)
A4(-0.6704)
(7.4172)
(-18.2007)
G1(0.4315)
(-2.8207)
(-1.2318)
G2(-0.3959)
(-2.0369)
(0.6917)
G3(-0.2948)
(0.1203)
(-0.6928)
G4(-1.1988)
(-2.4674)
(4.7342)
A1(4.4835)
(9.3645)
(5.5181)
A2(4.2665)
(12.1003)
(5.4588)
A3(4.1707)
(7.1539)
(-6.3255)
A4(-14.0109)
(37.3735)
(-30.8756)
G1(0.0617)
(-0.3549)
(0.7918)
G2(-1.4495)
(-4.9210)
(1.8800)
G3(-1.1898)
(-2.9596)
(0.7205)
G4(-2.3631)
(4.7933)
(3.7780)
A1(1.4610)
(6.7635)
(6.3564)
A2(-8.6383)
(32.4079)
(17.9086)
A3(-0.2825)
(18.2199)
(5.2002)
A4(11.3725)
(2.0782)
(-7.6854)
G1(-3.2299)
(-4.6336)
(0.6848)
G2(-7.7460)
(0.0452)
(4.7268)
G3(0.9115)
(-0.4278)
(-0.2128)
G4(-14.3500)
(1.9848)
(0.5177)
A1(-1.1352)
(8.5167)
(-2.7160)
A2(15.4378)
(5.4300)
(13.1921)
A3(-2.8252)
(15.9837)
(-3.6344)
A4(3.4285)
(26.9731)
(0.9337)
G1(-0.5619)
(-3.2544)
(-1.4234)
G2(-6.1448)
(-0.2277)
(5.8202)
G3(1.3143)
(-2.1737)
(0.5933)
G4(-10.7380)
(-3.9132)
(8.0482)
A1(14.2216)
(6.8785)
(12.2481)
A2(12.0955)
(22.5917)
(9.6869)
A3(0.6560)
(-8.3031)
(-11.2719)
A4(-11.2432)
(31.2539)
(-1.3743)
G1(0.1325)
(-5.5920)
(-4.0925)
G2(-6.4487)
(-0.8705)
(4.6688)
G3(-0.3501)
(-4.0818)
(1.7224)
G4(-9.2838)
(0.6263)
(6.7855)
A1(-0.6802)
(7.1084)
(1.3556)
A2(-2.3846)
(-10.3190)
(7.8434)
A3(5.7078)
(9.6774)
(-3.9887)
A4(-24.7608)
(0.2155)
(-12.4977)
G1(-0.4103)
(0.3342)
(-0.2341)
G2(-3.9823)
(-1.2872)
(2.6584)
G3(0.8391)
(-1.8007)
(-0.0713)
G4(-3.6716)
(3.5221)
(-1.5532)
A1(-1.7771)
(9.2065)
(3.5877)
A2(0.2634)
(-1.5610)
(11.8369)
A3(5.2289)
(8.5281)
(-2.5187)
A4(9.3230)
(-4.3910)
(-8.3414)
G1(0.5310)
(-0.2512)
(-0.8892)
G2(-4.0712)
(1.1696)
(3.2017)
G3(0.7199)
(-1.5474)
(0.5438)
G4(0.9908)
(-1.9225)
(-1.5915)
A1(-2.2705)
(10.6004)
(2.3854)
A2(6.8378)
(8.6000)
(-5.1667)
A3(4.6878)
(-0.6081)
(-11.3006)
A4(-10.9798)
(-0.5555)
(-9.8210)
G1(-0.2852)
(-0.7035)
(-0.1011)
G2(-4.7629)
(4.3958)
(1.4782)
G3(0.6838)
(1.6224)
(-1.2579)
G4(3.0128)
(-1.7028)
(-3.7131)
A1(3.8991)
(8.2868)
(1.6861)
A2(0.1676)
(-6.1435)
(2.6815)
A3(2.6671)
(5.8562)
(-9.5433)
A4(1.3886)
(5.7317)
(1.3934)
G1(1.0967)
(0.8088)
(-0.4363)
G2(-0.0548)
(-0.0261)
(-1.6160)
G3(0.1889)
(-1.4867)
(1.4234)
G4(4.4357)
(-2.3519)
(-3.6258)
A1(4.2200)
(13.2876)
(4.6128)
A2(0.3400)
(2.0351)
(2.0207)
A3(4.0414)
(9.2847)
(-5.2912)
A4(7.1443)
(14.8345)
(4.2856)
G1(1.2707)
(1.7145)
(-0.3847)
G2(2.0800)
(1.3532)
(-2.6191)
G3(0.5374)
(-1.6203)
(0.8317)
G4(4.6416)
(-3.2746)
(-2.6334)
A1(2.2753)
(18.0728)
(2.0885)
A2(6.4787)
(-1.1732)
(10.0269)
A3(1.9632)
(6.6655)
(-9.0405)
A4(4.8746)
(12.4882)
(-9.9455)
G1(1.7070)
(-0.0367)
(-1.6644)
G2(4.0829)
(-0.4198)
(-2.7835)
G3(0.0287)
(0.5321)
(-0.4023)
G4(2.5371)
(-2.5999)
(-2.0289)
A1(-0.1198)
(7.4054)
(0.6706)
A2(14.5137)
(-2.7198)
(12.7611)
A3(5.3870)
(4.7645)
(-0.3112)
A4(16.0412)
(10.4244)
(-10.9942)
G1(-0.3315)
(-1.1595)
(-1.1116)
G2(3.8599)
(-2.6904)
(-3.3289)
G3(-0.1602)
(0.2772)
(-0.2144)
G4(0.8093)
(-2.3280)
(-2.3668)
A1(-1.5951)
(10.5333)
(-2.7782)
A2(8.0732)
(-1.7573)
(4.7645)
A3(-3.5099)
(5.8754)
(-15.7730)
A4(8.1786)
(18.3156)
(-1.2354)
G1(1.8384)
(1.1898)
(-1.5665)
G2(2.5627)
(-2.8548)
(-4.1505)
G3(0.7141)
(-0.2442)
(-0.3879)
G4(-0.3342)
(-2.2849)
(-1.2563)
A1(0.2012)
(9.3885)
(-2.2801)
A2(11.7890)
(15.0643)
(2.3032)
A3(1.8483)
(6.2728)
(-5.8179)
A4(20.8774)
(16.6541)
(2.8874)
G1(0.5704)
(1.5782)
(-0.6678)
G2(2.1896)
(2.9969)
(-2.9867)
G3(-0.1463)
(-0.6290)
(-0.1038)
G4(-0.3134)
(1.9454)
(-0.1687)
A1(0.5892)
(9.9106)
(-1.5376)
A2(9.7683)
(7.7812)
(5.7796)
A3(-0.6225)
(10.0940)
(-2.7485)
A4(3.0885)
(8.6095)
(-1.2546)
G1(1.2143)
(1.8124)
(-0.7673)
G2(4.1473)
(0.8093)
(-1.9273)
G3(-0.1086)
(0.3927)
(-0.4193)
G4(1.1339)
(-0.0160)
(-0.0484)
