A1(-0.0192)
(6.1839)
(7.1372)
A2(1.2929)
(10.0365)
(-1.0678)
A3(-2.1213)
(5.6982)
(-2.3655)
A4(-0.0766)
(9.5002)
(-2.6815)
G1(-0.0745)
(-0.4480)
(0.1101)
G2(0.2352)
(-1.1813)
(-0.1192)
G3(0.4683)
(-1.3904)
(0.9738)
G4(0.3645)
(-0.5715)
(0.1926)
A1(0.0671)
(4.7565)
(9.7286)
A2(-1.0199)
(10.2376)
(0.7661)
A3(7.3406)
(5.4779)
(-2.1739)
A4(-0.6656)
(9.6391)
(-2.5331)
G1(0.6109)
(-0.6917)
(0.2272)
G2(0.7843)
(-1.2143)
(-0.0053)
G3(0.5848)
(-0.3996)
(1.2936)
G4(0.8179)
(-0.2277)
(0.1373)
A1(-1.8729)
(7.4198)
(8.1622)
A2(-1.7861)
(8.2025)
(1.8004)
A3(-0.7087)
(4.7070)
(-2.2697)
A4(1.6185)
(14.0635)
(1.1827)
G1(1.9092)
(-1.0695)
(0.2150)
G2(0.9179)
(-0.8242)
(-0.0048)
G3(0.4683)
(-0.9386)
(1.6033)
G4(1.4644)
(-0.8173)
(0.3331)
A1(5.7385)
(12.2050)
(8.2532)
A2(-1.8627)
(8.6574)
(-0.0096)
A3(-2.8299)
(7.6758)
(0.7709)
A4(2.9544)
(27.8398)
(10.2711)
G1(0.5385)
(-0.5587)
(-0.5896)
G2(0.2166)
(-0.6816)
(0.0383)
G3(1.3404)
(1.2185)
(0.0952)
G4(3.2895)
(-3.0128)
(1.0642)
A1(-0.3928)
(9.4268)
(5.9061)
A2(-2.3176)
(10.0748)
(3.5338)
A3(3.2034)
(-5.7604)
(-13.8385)
A4(-7.2880)
(6.5027)
(-27.4184)
G1(0.3911)
(-1.0126)
(-1.3702)
G2(0.1320)
(-0.3294)
(0.2591)
G3(1.3830)
(0.1330)
(-0.3368)
G4(1.1063)
(1.6490)
(4.1031)
A1(4.8667)
(8.3490)
(5.4415)
A2(5.3678)
(12.3493)
(5.4923)
A3(-5.1475)
(11.0373)
(-8.0732)
A4(-12.4403)
(11.4826)
(-24.9093)
G1(0.5507)
(-3.8892)
(0.8370)
G2(-1.7315)
(-3.2225)
(1.4426)
G3(-0.1932)
(-1.2505)
(0.7136)
G4(-6.3875)
(2.2024)
(0.5683)
A1(0.6419)
(3.9135)
(3.1614)
A2(6.6990)
(-2.6671)
(11.9040)
A3(5.7030)
(10.0700)
(-2.4565)
A4(-2.1931)
(4.1180)
(-22.6300)
G1(-1.0621)
(-1.8273)
(0.2645)
G2(-6.3263)
(-5.1924)
(1.7586)
G3(-0.2144)
(-2.1865)
(0.4491)
G4(-10.4512)
(5.5712)
(1.5878)
A1(7.7215)
(6.6869)
(1.5807)
A2(-4.3144)
(42.2002)
(9.3422)
A3(0.1389)
(13.5129)
(1.4700)
A4(13.3596)
(7.1204)
(-9.4284)
G1(-0.5018)
(-2.4552)
(0.1394)
G2(-7.4102)
(-4.9444)
(3.6083)
G3(-0.0527)
(-0.8386)
(-0.3001)
G4(-13.5417)
(-2.2721)
(6.5546)
A1(2.3615)
(7.1611)
(5.8726)
A2(16.8504)
(1.0678)
(10.8553)
A3(-3.6392)
(13.0245)
(0.2825)
A4(1.8914)
(30.7511)
(4.9273)
G1(0.0426)
(-1.3383)
(-0.1825)
G2(-5.9825)
(-0.3991)
(6.1874)
G3(1.0807)
(-0.3060)
(0.4119)
G4(-11.7224)
(-0.5507)
(12.1678)
A1(8.2963)
(6.7348)
(-1.4131)
A2(0.2346)
(24.8135)
(15.5527)
A3(4.4149)
(3.2274)
(-0.5219)
A4(37.8954)
(32.1015)
(6.9336)
G1(-1.1568)
(-1.9433)
(-0.2001)
G2(-9.5802)
(-0.8354)
(4.9167)
G3(1.0515)
(-0.8035)
(0.9615)
G4(-5.3371)
(7.0335)
(3.2033)
A1(-7.4964)
(12.6170)
(0.1485)
A2(9.5146)
(-2.9688)
(-1.4700)
A3(1.6185)
(6.2393)
(-8.7436)
A4(-25.0577)
(-9.1937)
(-15.6006)
G1(0.2251)
(-0.2943)
(-0.9088)
G2(-1.3782)
(-3.6977)
(1.9582)
G3(1.2159)
(-0.9849)
(0.8764)
G4(-2.3445)
(3.2539)
(-1.1217)
A1(-1.8298)
(10.4279)
(-1.0730)
A2(7.2784)
(-8.0780)
(23.8558)
A3(3.7541)
(0.8667)
(-8.7340)
A4(-0.8380)
(2.9401)
(-6.7229)
G1(0.3879)
(0.2645)
(-0.4890)
G2(-0.7019)
(5.0301)
(3.9286)
G3(1.0025)
(-1.3798)
(1.8996)
G4(0.9472)
(3.0107)
(-4.5182)
A1(2.3136)
(13.2301)
(3.1423)
A2(3.7206)
(14.5089)
(1.8052)
A3(0.1724)
(-1.1492)
(-14.0971)
A4(-6.8283)
(-10.3238)
(-11.4874)
G1(0.2410)
(-0.0404)
(0.5763)
G2(-7.1702)
(5.6627)
(0.3235)
G3(0.0676)
(-0.4869)
(0.2847)
G4(3.1283)
(-0.8785)
(-4.7667)
A1(9.2496)
(5.1637)
(3.9518)
A2(5.7844)
(6.9240)
(3.1125)
A3(3.9121)
(3.1699)
(-7.4172)
A4(1.7573)
(11.9327)
(-1.5802)
G1(-1.1318)
(1.1834)
(-0.4752)
G2(-1.1291)
(-0.0255)
(0.1479)
G3(-0.3315)
(0.4119)
(-0.0660)
G4(4.1026)
(-1.1403)
(-4.5533)
A1(0.1677)
(9.6328)
(5.6762)
A2(0.1101)
(-3.5817)
(6.5362)
A3(-5.9759)
(32.9682)
(-11.9614)
A4(12.4211)
(11.5257)
(1.3791)
G1(-0.2602)
(-0.0436)
(0.2959)
G2(-0.0325)
(3.1203)
(-1.5708)
G3(-1.0025)
(-0.4385)
(0.8232)
G4(4.9689)
(-3.8349)
(-3.3528)
A1(7.0557)
(10.0543)
(4.0811)
A2(6.0142)
(2.8491)
(6.6846)
A3(6.1100)
(-4.9752)
(-0.3304)
A4(1.6281)
(7.8195)
(-0.4741)
G1(0.5784)
(1.7171)
(-0.3709)
G2(3.0894)
(1.5554)
(-2.2061)
G3(-0.5364)
(0.3267)
(-0.0654)
G4(4.2361)
(-3.3337)
(-2.8287)
A1(2.7591)
(9.3166)
(4.2009)
A2(8.6431)
(-5.8466)
(9.7875)
A3(2.0542)
(7.9871)
(-7.5417)
A4(14.2503)
(15.1074)
(-3.0023)
G1(0.3342)
(0.4587)
(-0.6699)
G2(4.2165)
(-1.3649)
(-3.1304)
G3(-0.2639)
(0.2815)
(0.1016)
G4(0.8434)
(-1.3952)
(-1.4883)
A1(1.7005)
(8.8855)
(1.8969)
A2(7.4986)
(-1.2067)
(9.7109)
A3(1.6664)
(6.6798)
(-5.8610)
A4(11.1474)
(19.6564)
(1.7765)
G1(1.3335)
(1.0664)
(-0.4661)
G2(3.9233)
(-1.9018)
(-3.7993)
G3(-0.1426)
(-0.4193)
(0.4262)
G4(0.9770)
(-1.4319)
(-1.7432)
A1(4.0284)
(9.2304)
(1.6430)
A2(8.6335)
(2.6528)
(8.3989)
A3(4.5203)
(8.5712)
(-4.8554)
A4(11.5831)
(10.5489)
(0.2059)
G1(1.4112)
(1.2515)
(-0.2905)
G2(3.4752)
(-0.4092)
(-4.4086)
G3(-0.0090)
(-0.4220)
(0.2480)
G4(0.5273)
(1.0014)
(-1.5224)
A1(2.8788)
(10.1932)
(3.1423)
A2(6.6511)
(5.4540)
(10.8888)
A3(4.1084)
(7.4364)
(-6.3255)
A4(11.4060)
(12.7611)
(-0.3783)
G1(1.4149)
(1.2079)
(-0.0809)
G2(2.7617)
(1.7459)
(-3.2858)
G3(0.0351)
(0.1405)
(-0.1362)
G4(0.7897)
(0.3022)
(-0.8583)
