A1(3.6356)
(7.1851)
(9.2400)
A2(1.6041)
(9.4810)
(-0.8619)
A3(3.9552)
(8.3175)
(-1.5036)
A4(1.0247)
(11.0038)
(-0.8954)
G1(-0.5002)
(-0.8466)
(0.2639)
G2(0.3310)
(-1.5256)
(0.2453)
G3(0.1405)
(-1.0515)
(1.6006)
G4(0.9684)
(-0.5640)
(0.4087)
A1(2.9411)
(10.2172)
(6.0690)
A2(-1.1827)
(8.6431)
(-0.6512)
A3(5.9999)
(0.7661)
(-4.1084)
A4(3.8642)
(40.9265)
(18.2295)
G1(1.5910)
(-4.5565)
(-1.1334)
G2(0.4725)
(-0.9551)
(0.3624)
G3(-0.1336)
(-2.7340)
(2.8548)
G4(3.5364)
(-2.3429)
(1.1557)
A1(-0.6802)
(11.8266)
(1.7292)
A2(-1.3647)
(9.3996)
(1.6137)
A3(-24.1527)
(45.3941)
(2.9353)
A4(4.1132)
(22.7497)
(-16.1226)
G1(1.7693)
(-7.6449)
(0.1038)
G2(-0.0649)
(-1.1925)
(0.3656)
G3(1.6112)
(2.5531)
(1.5389)
G4(3.9376)
(-1.1840)
(3.5471)
A1(2.0022)
(8.9047)
(4.5793)
A2(9.9742)
(9.2033)
(8.7915)
A3(-4.6495)
(12.0045)
(-0.1006)
A4(-26.1830)
(-0.6991)
(-31.1150)
G1(-0.2692)
(1.5905)
(1.2733)
G2(-4.5980)
(-5.9597)
(0.4954)
G3(-1.4516)
(-3.3757)
(1.3739)
G4(-10.5215)
(4.6225)
(-0.0490)
A1(6.2510)
(5.5852)
(4.0284)
A2(2.7677)
(-1.3838)
(22.5821)
A3(9.4810)
(12.7659)
(4.8746)
A4(24.0617)
(13.8816)
(-0.7901)
G1(-1.0376)
(-0.8322)
(1.1228)
G2(-9.3412)
(-7.3735)
(2.1173)
G3(-0.0154)
(-0.6662)
(-0.2432)
G4(-13.7088)
(4.7853)
(-2.4866)
A1(3.6213)
(7.2713)
(0.9628)
A2(9.1363)
(19.2254)
(19.8048)
A3(-1.2737)
(8.9352)
(-1.6568)
A4(0.9529)
(43.4500)
(18.6413)
G1(-0.5651)
(-2.0944)
(-1.0030)
G2(-10.0261)
(0.4864)
(4.8933)
G3(0.6907)
(-0.9525)
(1.1786)
G4(-17.4363)
(-1.5032)
(7.5725)
A1(14.0971)
(11.9320)
(6.3324)
A2(5.5210)
(10.1227)
(-5.6168)
A3(1.1205)
(-2.3415)
(-8.6766)
A4(1.8962)
(16.8504)
(-19.2781)
G1(-0.7838)
(-4.3979)
(-2.0438)
G2(-5.0221)
(0.4512)
(2.2673)
G3(0.3970)
(-2.5791)
(1.3297)
G4(-4.0244)
(2.3434)
(2.3094)
A1(-1.0011)
(8.4640)
(2.1459)
A2(17.2813)
(-13.8241)
(18.4162)
A3(10.4291)
(8.5138)
(-9.9934)
A4(-5.4444)
(-1.9537)
(-13.8768)
G1(0.3288)
(0.2288)
(-0.3331)
G2(-4.4479)
(0.8977)
(3.9366)
G3(0.6902)
(-2.6967)
(1.0233)
G4(0.0367)
(4.1707)
(-3.5359)
A1(0.3593)
(11.0794)
(0.4982)
A2(-5.6120)
(13.3549)
(13.2112)
A3(-2.5905)
(2.9832)
(-9.3134)
A4(-3.2274)
(0.1053)
(-11.2767)
G1(0.4997)
(0.0378)
(0.0357)
G2(-8.7043)
(4.9077)
(-0.5390)
G3(0.2772)
(-1.5665)
(0.7790)
G4(3.2225)
(-1.4457)
(-2.9250)
A1(4.9002)
(7.5060)
(4.2775)
A2(-3.3136)
(-4.9847)
(3.0167)
A3(0.6369)
(6.2776)
(-7.4364)
A4(8.3701)
(16.8600)
(3.9121)
G1(-0.3714)
(0.7641)
(-0.5970)
G2(-0.1708)
(1.8406)
(-1.8890)
G3(-0.3634)
(-0.1948)
(0.8391)
G4(5.1711)
(-1.2851)
(-4.9848)
A1(6.0402)
(10.2124)
(4.6272)
A2(7.2209)
(1.4317)
(2.9544)
A3(-1.5993)
(10.5824)
(-6.3303)
A4(10.1610)
(15.6006)
(3.8020)
G1(0.2075)
(-0.8301)
(-0.5795)
G2(2.2503)
(1.8220)
(-2.2184)
G3(-0.2134)
(0.6391)
(-0.0772)
G4(5.1242)
(-4.3037)
(-3.5960)
A1(0.3305)
(12.0565)
(4.3925)
A2(5.3486)
(-1.2737)
(11.3581)
A3(0.3112)
(14.1018)
(-5.1140)
A4(6.6463)
(11.8513)
(-4.9512)
G1(0.6971)
(-0.5124)
(-1.0504)
G2(4.1175)
(0.6492)
(-3.1719)
G3(0.1288)
(-0.7955)
(0.3533)
G4(3.1341)
(-1.0680)
(-3.0751)
A1(2.5579)
(5.8965)
(3.3434)
A2(16.2327)
(-4.5681)
(11.4108)
A3(3.5865)
(-1.8579)
(-6.6176)
A4(14.5615)
(16.7834)
(-2.5091)
G1(-0.0362)
(-0.2352)
(-1.0206)
G2(4.2415)
(-1.1063)
(-3.4614)
G3(0.2645)
(-0.7748)
(0.3124)
G4(1.2797)
(-0.6343)
(-1.9603)
A1(1.1688)
(8.3155)
(1.2023)
A2(-4.6064)
(9.6822)
(7.4460)
A3(6.6942)
(-2.8108)
(-6.5457)
A4(8.5138)
(13.5751)
(0.6273)
G1(0.9184)
(0.3022)
(-0.7652)
G2(3.0522)
(0.4129)
(-4.6709)
G3(0.4262)
(-1.1446)
(0.3528)
G4(0.6582)
(-1.5900)
(-0.2112)
A1(1.9400)
(10.1070)
(-0.1437)
A2(12.6270)
(9.5720)
(14.9494)
A3(2.7869)
(14.7962)
(-6.5170)
A4(8.5808)
(5.2960)
(-5.8371)
G1(1.8502)
(0.5550)
(-0.7593)
G2(3.1294)
(3.2741)
(-1.5479)
G3(0.5672)
(0.0708)
(-0.3033)
G4(0.7694)
(-1.4223)
(-0.2762)
A1(-3.2381)
(13.3834)
(-7.5635)
A2(6.6894)
(9.1459)
(7.1730)
A3(1.8914)
(5.5593)
(-9.8354)
A4(-0.9290)
(21.3802)
(4.6112)
G1(2.1338)
(1.4463)
(-0.5832)
G2(2.9931)
(-0.3278)
(-1.4692)
G3(-0.1080)
(-0.3358)
(-0.2240)
G4(-1.4867)
(-1.9294)
(-0.1133)
A1(-0.3449)
(10.0974)
(1.5232)
A2(5.7844)
(8.1020)
(6.5745)
A3(3.5721)
(12.3349)
(-3.1699)
A4(7.0868)
(4.0079)
(2.2170)
G1(0.6050)
(1.4601)
(-0.5731)
G2(2.8181)
(0.9269)
(-0.5630)
G3(-0.5896)
(0.3719)
(-0.7146)
G4(0.9780)
(1.3223)
(-0.8477)
A1(-2.9698)
(8.1335)
(2.0501)
A2(3.4285)
(25.6611)
(6.1483)
A3(1.6089)
(8.1355)
(-7.0677)
A4(4.3000)
(8.9208)
(-4.7214)
G1(-0.0591)
(-0.8546)
(-0.3081)
G2(-0.0692)
(-0.0782)
(-0.2208)
G3(0.0905)
(-0.5396)
(-0.3911)
G4(0.0394)
(0.7056)
(-0.5757)
A1(0.3640)
(8.8472)
(-1.9304)
A2(0.9146)
(2.9113)
(0.9768)
A3(2.1739)
(7.9775)
(-5.5019)
A4(0.6943)
(8.7005)
(-1.7190)
G1(-0.6199)
(-0.8647)
(0.1878)
G2(-0.8753)
(0.6774)
(-1.0610)
G3(-0.1011)
(-1.1254)
(0.0043)
G4(-0.2464)
(-0.6550)
(-0.1506)
A1(-3.5303)
(9.1250)
(0.8095)
A2(1.6328)
(10.6638)
(3.2082)
A3(3.6536)
(5.2002)
(-5.7221)
A4(3.0742)
(8.8921)
(-1.6424)
G1(1.1882)
(-0.8062)
(-0.1272)
G2(0.7348)
(0.0947)
(-0.2192)
G3(-0.9498)
(-2.8947)
(1.3989)
G4(-0.0686)
(-0.0984)
(-0.2586)
