A1(-0.5077)
(6.2558)
(5.2164)
A2(0.5938)
(9.2656)
(-0.5267)
A3(-2.2841)
(8.2696)
(-2.2649)
A4(-0.1772)
(8.9399)
(-4.9943)
G1(-0.3326)
(-0.7061)
(-0.1745)
G2(-0.0660)
(-0.2655)
(-0.0080)
G3(0.7811)
(-0.1405)
(0.4103)
G4(0.1176)
(-0.4033)
(0.1830)
A1(0.8814)
(6.3612)
(6.8402)
A2(0.7901)
(10.1083)
(0.8045)
A3(4.3910)
(7.1443)
(-1.9728)
A4(0.2155)
(8.5138)
(-4.6400)
G1(0.1836)
(-0.6396)
(-0.3171)
G2(0.2432)
(-1.0605)
(0.0527)
G3(0.6699)
(-0.4257)
(1.4564)
G4(0.2368)
(-0.8955)
(0.3299)
A1(1.1209)
(6.8593)
(8.7322)
A2(-0.9146)
(9.4858)
(0.5986)
A3(2.7581)
(5.2816)
(-2.9736)
A4(-0.4501)
(10.9511)
(0.8284)
G1(1.3510)
(-1.2425)
(0.1607)
G2(0.3757)
(-1.1706)
(0.0106)
G3(1.0813)
(-0.2485)
(1.6442)
G4(0.9136)
(-0.6694)
(0.2969)
A1(-0.8526)
(9.2208)
(4.7086)
A2(0.0048)
(9.2608)
(0.0479)
A3(2.6911)
(3.1699)
(-4.5250)
A4(4.2856)
(18.6939)
(6.6367)
G1(2.3296)
(-1.1664)
(0.2618)
G2(0.5571)
(-1.2420)
(0.1559)
G3(0.8269)
(-0.4044)
(1.4463)
G4(2.4876)
(-1.1866)
(0.3858)
A1(-2.9123)
(9.4268)
(2.3136)
A2(-2.0494)
(7.7093)
(2.4325)
A3(13.8002)
(48.6023)
(7.7859)
A4(-3.8403)
(13.7236)
(-15.3420)
G1(1.6288)
(-6.6307)
(-1.2797)
G2(0.1777)
(-1.3462)
(0.3512)
G3(0.7380)
(5.2211)
(-2.4105)
G4(2.3099)
(-0.9402)
(2.7462)
A1(0.1916)
(15.8694)
(3.0177)
A2(-0.6656)
(9.5193)
(4.8219)
A3(7.6136)
(-3.8259)
(-9.9311)
A4(-6.7900)
(20.7338)
(-29.4678)
G1(0.1506)
(-2.0454)
(-0.3900)
G2(-1.0759)
(-1.6357)
(0.4864)
G3(-0.2687)
(-0.3863)
(0.2102)
G4(-2.1769)
(1.7139)
(5.9921)
A1(0.3161)
(10.7776)
(5.1637)
A2(-2.0925)
(14.7674)
(16.2901)
A3(5.7988)
(14.9494)
(0.3735)
A4(17.3532)
(11.8130)
(-13.1059)
G1(-0.9621)
(-0.8503)
(0.8407)
G2(-7.4804)
(-2.2237)
(1.8608)
G3(-0.0676)
(-0.9296)
(0.1298)
G4(-11.1254)
(4.7209)
(0.4406)
A1(1.4753)
(2.2801)
(0.9580)
A2(-0.6033)
(19.2877)
(2.2122)
A3(0.1197)
(12.0237)
(0.2011)
A4(6.9097)
(14.7722)
(-4.5921)
G1(-1.3149)
(-2.6824)
(0.1820)
G2(-6.6253)
(-3.9009)
(2.4743)
G3(0.1591)
(-0.4315)
(-0.3166)
G4(-11.8975)
(-2.6728)
(4.9492)
A1(5.9157)
(4.6655)
(-0.0048)
A2(9.3087)
(12.1194)
(3.7972)
A3(-1.1013)
(5.4253)
(-3.1651)
A4(-0.4597)
(20.0107)
(-8.4707)
G1(-0.5763)
(-4.7071)
(-2.7510)
G2(-5.7197)
(-0.5231)
(3.7631)
G3(-0.0686)
(-1.4218)
(0.3943)
G4(-5.0487)
(4.6906)
(4.1446)
A1(-11.1752)
(7.1898)
(-0.5317)
A2(-3.8211)
(3.0311)
(6.9145)
A3(3.2226)
(3.2609)
(-4.9368)
A4(-16.4434)
(4.6208)
(-17.3244)
G1(-1.5405)
(-2.3349)
(0.0793)
G2(-4.6070)
(0.1900)
(3.5476)
G3(0.7849)
(-1.4489)
(-0.3358)
G4(-4.7049)
(2.1561)
(3.5710)
A1(-0.3305)
(12.7702)
(3.5446)
A2(2.5474)
(1.3264)
(8.8969)
A3(-1.4126)
(4.3000)
(-7.3023)
A4(2.1883)
(-5.8993)
(-11.9950)
G1(-0.1788)
(0.0777)
(0.4800)
G2(-5.5606)
(1.2068)
(2.6340)
G3(1.1063)
(-1.8273)
(0.6321)
G4(2.0135)
(-1.5697)
(-2.3908)
A1(0.1724)
(11.1416)
(-0.8095)
A2(3.3423)
(3.5482)
(-8.1307)
A3(3.2513)
(2.6480)
(-7.9966)
A4(-6.9528)
(2.2218)
(-6.0094)
G1(0.9924)
(1.4404)
(-0.5545)
G2(-3.4194)
(3.4268)
(0.0383)
G3(1.4064)
(0.1000)
(-0.4188)
G4(3.2193)
(-2.6973)
(-4.5634)
A1(2.6633)
(8.5263)
(1.8346)
A2(4.4341)
(-2.5187)
(4.0701)
A3(-0.7326)
(5.5019)
(-7.3837)
A4(7.4939)
(17.8607)
(0.6608)
G1(1.2547)
(0.3735)
(-0.1724)
G2(1.1004)
(0.5619)
(-2.2205)
G3(0.4204)
(1.9747)
(0.1229)
G4(4.9838)
(-2.5174)
(-4.1585)
A1(5.1014)
(11.0985)
(7.0988)
A2(1.5850)
(-0.7278)
(4.2760)
A3(2.7198)
(1.7430)
(-11.9614)
A4(9.2799)
(16.2566)
(2.2697)
G1(0.2283)
(0.1751)
(-0.8902)
G2(3.7141)
(0.2783)
(-2.7005)
G3(-0.6508)
(2.0077)
(-0.2277)
G4(4.2260)
(-7.1473)
(-2.5536)
A1(-0.2491)
(10.6578)
(-1.4610)
A2(10.0413)
(-1.3072)
(11.9758)
A3(-2.9018)
(24.9476)
(-4.4149)
A4(19.4457)
(21.4712)
(-13.1490)
G1(0.6774)
(-0.8966)
(-1.4883)
G2(4.4474)
(-0.7567)
(-3.4007)
G3(-0.5465)
(0.8205)
(0.5013)
G4(-0.3459)
(0.2831)
(-2.9085)
A1(2.5339)
(8.9861)
(1.7723)
A2(18.8998)
(-2.8970)
(11.3437)
A3(4.7405)
(-2.6671)
(-0.7230)
A4(4.4628)
(23.1232)
(6.7469)
G1(0.7684)
(-0.0346)
(-0.9589)
G2(3.4146)
(-3.6200)
(-4.6214)
G3(-0.0857)
(0.2022)
(-0.4214)
G4(0.9663)
(-3.8866)
(-2.1008)
A1(0.0479)
(13.9821)
(-0.5892)
A2(6.5553)
(13.9630)
(16.7642)
A3(3.1699)
(8.2600)
(-5.2960)
A4(13.6086)
(7.7859)
(-3.6009)
G1(1.5022)
(2.8558)
(-0.6721)
G2(4.6725)
(4.1877)
(-4.3878)
G3(-0.3943)
(-0.5486)
(-0.0085)
G4(1.4452)
(0.5651)
(0.3906)
A1(2.4717)
(7.6066)
(2.5244)
A2(10.5393)
(5.8754)
(5.5929)
A3(0.9385)
(8.4324)
(-4.5681)
A4(-0.9050)
(9.9838)
(-2.4181)
G1(2.2668)
(2.4871)
(-1.0089)
G2(5.2546)
(4.5277)
(-1.9438)
G3(-0.1517)
(0.1117)
(-0.3092)
G4(0.5332)
(0.6396)
(-0.4156)
A1(-1.1448)
(9.5561)
(0.4167)
A2(21.8255)
(2.9018)
(25.6371)
A3(-0.9673)
(10.0317)
(-4.1132)
A4(1.7621)
(12.4451)
(2.4086)
G1(-0.3602)
(-0.9716)
(-0.6619)
G2(-6.3327)
(-3.0240)
(1.6958)
G3(-0.0255)
(0.5396)
(-0.4938)
G4(-1.0584)
(-0.7843)
(-0.7253)
A1(-3.9087)
(11.9464)
(-7.4773)
A2(-5.9280)
(6.5362)
(3.1364)
A3(-2.1404)
(12.1530)
(-0.1676)
A4(7.1443)
(7.2832)
(0.5028)
G1(-0.9754)
(0.3959)
(0.4246)
G2(0.9961)
(3.7179)
(-0.6061)
G3(0.6976)
(-0.8099)
(0.1266)
G4(1.1669)
(-0.2522)
(-0.7056)
