A1(1.2694)
(6.9072)
(7.3815)
A2(1.4796)
(10.3669)
(0.2107)
A3(0.6656)
(6.8378)
(-3.7254)
A4(-0.0670)
(9.1028)
(-3.9265)
G1(0.6976)
(-0.4715)
(-0.5550)
G2(0.2166)
(-1.1776)
(0.0729)
G3(0.7519)
(-0.6449)
(0.7333)
G4(0.2847)
(-0.6194)
(0.3001)
A1(3.0465)
(5.6762)
(9.9058)
A2(-0.5794)
(9.8881)
(0.6129)
A3(3.8307)
(4.7980)
(-3.0885)
A4(1.3551)
(11.2144)
(-3.3375)
G1(0.2299)
(-0.8748)
(0.3501)
G2(0.5726)
(-1.6198)
(-0.0516)
G3(0.5481)
(0.2682)
(1.0169)
G4(0.5130)
(-0.7769)
(0.3666)
A1(6.1217)
(8.2772)
(0.6802)
A2(-1.1253)
(8.8681)
(0.7949)
A3(-0.5555)
(2.9257)
(-4.0127)
A4(0.9433)
(28.5102)
(14.1306)
G1(0.8455)
(-1.6517)
(-0.7322)
G2(0.6151)
(-1.1526)
(0.1836)
G3(1.4330)
(-1.4170)
(1.0674)
G4(4.0377)
(-2.5658)
(1.2664)
A1(-2.1938)
(8.7754)
(9.3070)
A2(-1.3503)
(10.0556)
(2.3894)
A3(-4.3048)
(26.7049)
(17.0276)
A4(-3.3567)
(17.8895)
(-13.9247)
G1(2.2365)
(-7.8795)
(-0.4693)
G2(0.6082)
(-1.2451)
(0.1666)
G3(-1.1398)
(0.5614)
(-0.8551)
G4(3.6146)
(0.2267)
(2.1439)
A1(-0.2443)
(10.6818)
(0.7281)
A2(-0.9816)
(9.1985)
(4.9847)
A3(-3.4764)
(-0.9242)
(-6.2680)
A4(-5.1332)
(12.3684)
(-26.8055)
G1(0.4257)
(-2.3908)
(-0.2480)
G2(-0.4981)
(-1.5213)
(0.9690)
G3(0.1628)
(-2.4078)
(0.9509)
G4(-0.5789)
(-1.1855)
(5.6404)
A1(2.7495)
(9.2017)
(5.2786)
A2(2.9161)
(7.1682)
(15.7155)
A3(7.6327)
(7.9487)
(-0.9625)
A4(9.7444)
(10.5632)
(-17.8560)
G1(-0.1708)
(-0.0580)
(0.6396)
G2(-7.2575)
(-4.9651)
(1.2755)
G3(-0.2049)
(0.4853)
(-0.6609)
G4(-9.7244)
(6.2555)
(0.2049)
A1(3.3961)
(9.7286)
(7.0749)
A2(-9.8689)
(24.5118)
(4.9177)
A3(-4.6783)
(15.8592)
(0.3448)
A4(13.5033)
(9.6438)
(-6.3015)
G1(-0.8210)
(-1.8991)
(1.1249)
G2(-5.6303)
(-3.2863)
(2.2311)
G3(0.2176)
(0.4778)
(0.1006)
G4(-12.1699)
(-3.1001)
(4.3974)
A1(0.1054)
(6.2797)
(-2.3471)
A2(12.8281)
(9.9838)
(15.2942)
A3(-3.2896)
(16.7738)
(0.3496)
A4(-16.1656)
(32.3600)
(9.8593)
G1(-2.5717)
(-3.1464)
(0.2586)
G2(-7.9397)
(-3.2007)
(4.9045)
G3(1.0259)
(-0.5066)
(0.1048)
G4(-10.9259)
(2.9820)
(5.4180)
A1(-5.6714)
(12.1954)
(0.3784)
A2(5.7988)
(6.8666)
(5.3630)
A3(-2.4469)
(3.3375)
(-7.0006)
A4(-8.2121)
(10.5297)
(-13.9247)
G1(-1.7703)
(-3.8211)
(-1.5367)
G2(-4.6900)
(2.0657)
(3.7854)
G3(0.1777)
(-3.2241)
(1.1025)
G4(-3.4939)
(0.6886)
(2.5712)
A1(-6.8593)
(6.9120)
(-2.9171)
A2(-2.4181)
(-6.1962)
(6.4165)
A3(6.2776)
(1.8148)
(-7.8530)
A4(-11.2958)
(-4.0893)
(-16.1992)
G1(-0.4730)
(-0.9637)
(-0.4736)
G2(-4.2505)
(0.7290)
(2.1391)
G3(0.3304)
(-2.9942)
(1.2217)
G4(-2.6611)
(1.9108)
(-0.6604)
A1(-2.1028)
(9.1538)
(0.7233)
A2(7.3933)
(-11.0133)
(10.8218)
A3(5.9807)
(8.6814)
(-5.2050)
A4(-6.7947)
(-4.7405)
(-12.8281)
G1(1.1946)
(1.4995)
(-0.0788)
G2(-5.5718)
(2.8654)
(2.9101)
G3(0.5034)
(-1.8443)
(0.0740)
G4(0.8540)
(1.5889)
(-4.4666)
A1(-1.5951)
(11.7452)
(-0.4742)
A2(-9.1937)
(9.5720)
(6.1531)
A3(2.7773)
(0.1580)
(-8.7532)
A4(-5.1619)
(-9.4858)
(-10.8122)
G1(0.6737)
(0.7817)
(-0.0197)
G2(-5.3371)
(2.0385)
(1.1898)
G3(0.8445)
(0.3081)
(-0.5816)
G4(2.7154)
(-1.1063)
(-3.6253)
A1(4.3302)
(10.8015)
(6.0977)
A2(3.0071)
(-2.1021)
(3.3710)
A3(-0.1149)
(2.1691)
(-6.7229)
A4(0.5842)
(12.0093)
(-0.5363)
G1(1.0946)
(1.6059)
(-0.2171)
G2(-0.0979)
(1.5383)
(-1.3223)
G3(0.4619)
(0.8828)
(-0.2778)
G4(5.1743)
(-2.3285)
(-3.8041)
A1(4.1003)
(8.9526)
(4.6894)
A2(3.2561)
(-0.4645)
(5.2194)
A3(4.2856)
(5.0613)
(-4.5155)
A4(3.8211)
(16.2231)
(-1.8340)
G1(0.0436)
(1.4606)
(-0.1751)
G2(2.6228)
(0.7630)
(-2.2429)
G3(0.0825)
(1.5979)
(-0.3927)
G4(5.4813)
(-3.4295)
(-3.0985)
A1(1.5041)
(10.1980)
(4.5553)
A2(1.6041)
(-3.1029)
(6.3398)
A3(0.6608)
(14.8488)
(-5.1811)
A4(6.2489)
(13.4937)
(-2.2075)
G1(-0.0734)
(-0.0511)
(-0.5736)
G2(4.1191)
(0.0404)
(-2.7175)
G3(-0.2506)
(0.7056)
(-0.3555)
G4(4.0967)
(-4.4533)
(-2.2306)
A1(0.0479)
(10.4088)
(1.8873)
A2(12.6318)
(-1.0582)
(11.2432)
A3(0.7901)
(3.9504)
(-8.1547)
A4(9.2129)
(14.5184)
(-9.1075)
G1(0.4470)
(-0.7976)
(-1.2249)
G2(4.3420)
(-1.9321)
(-3.8067)
G3(-0.1362)
(-0.5624)
(0.4874)
G4(0.8083)
(-1.8071)
(-1.6889)
A1(0.4742)
(10.6914)
(0.9532)
A2(10.5393)
(-1.4653)
(10.0365)
A3(2.0255)
(7.5800)
(-5.8323)
A4(16.6732)
(23.2908)
(-0.4980)
G1(1.1706)
(0.3150)
(-0.8860)
G2(3.2980)
(-2.3104)
(-4.9375)
G3(-0.1575)
(-1.0653)
(0.6034)
G4(1.1957)
(-1.2377)
(-1.2702)
A1(2.1795)
(11.8745)
(0.9532)
A2(3.8642)
(3.0837)
(10.1275)
A3(5.1380)
(6.0717)
(-5.7030)
A4(5.7604)
(11.7268)
(0.5794)
G1(0.9913)
(0.9935)
(-0.9535)
G2(3.9579)
(-1.5596)
(-4.9997)
G3(-0.1368)
(-0.7333)
(0.3139)
G4(0.4805)
(0.7870)
(-1.0828)
A1(0.3545)
(8.8616)
(-0.2682)
A2(5.4684)
(8.1642)
(7.1156)
A3(2.2122)
(7.9823)
(-5.1523)
A4(5.6647)
(7.4747)
(0.6369)
G1(0.6359)
(1.4596)
(-0.6449)
G2(3.2938)
(3.2182)
(-1.2228)
G3(0.1517)
(0.5470)
(-0.6699)
G4(0.7742)
(-1.3212)
(0.2772)
A1(3.8320)
(8.9143)
(1.7723)
A2(11.0277)
(10.5536)
(4.4867)
A3(1.6759)
(6.9480)
(-5.8419)
A4(-6.2441)
(17.5830)
(13.1346)
G1(0.9551)
(1.1877)
(-0.5231)
G2(4.4735)
(-0.1250)
(-0.8642)
G3(0.3746)
(-0.0080)
(-0.4113)
G4(-1.6703)
(0.5060)
(-0.5997)
