A1(0.0719)
(7.0509)
(6.5863)
A2(1.3886)
(9.9695)
(-0.0239)
A3(-3.8116)
(9.1075)
(-3.0502)
A4(0.8428)
(9.5529)
(-2.6145)
G1(-0.6816)
(-0.9977)
(-0.4555)
G2(0.1447)
(-0.9253)
(0.1006)
G3(0.7529)
(-1.2457)
(1.0962)
G4(0.3634)
(-0.5385)
(0.1091)
A1(0.6946)
(6.5336)
(6.3995)
A2(-1.1253)
(9.6391)
(0.3112)
A3(0.3017)
(7.0006)
(-2.4134)
A4(0.9146)
(10.6781)
(-0.2634)
G1(0.5523)
(-1.4532)
(-0.1006)
G2(0.3246)
(-1.0445)
(0.0372)
G3(0.4954)
(-1.3760)
(1.8092)
G4(1.2638)
(-0.6747)
(0.1852)
A1(0.4598)
(7.1228)
(11.1368)
A2(-0.2394)
(9.0357)
(0.8045)
A3(1.8340)
(6.8809)
(-1.7190)
A4(8.1068)
(16.2231)
(0.5459)
G1(0.7492)
(-1.2638)
(-0.6013)
G2(0.1852)
(-0.6997)
(0.1320)
G3(0.1602)
(-0.6337)
(1.7799)
G4(2.3668)
(-1.5495)
(0.2623)
A1(-4.2967)
(7.8365)
(5.1541)
A2(-2.0542)
(8.6622)
(1.6568)
A3(5.4300)
(4.6926)
(0.8619)
A4(-1.0295)
(18.5359)
(-14.5855)
G1(0.7359)
(-5.7697)
(-0.8673)
G2(-0.3368)
(-1.1526)
(0.1873)
G3(1.6629)
(2.2381)
(-1.2249)
G4(3.3055)
(0.4209)
(1.8549)
A1(2.6393)
(12.2481)
(3.1183)
A2(0.8715)
(10.6542)
(3.6823)
A3(2.1165)
(10.9511)
(-12.2104)
A4(-4.1611)
(15.3899)
(-26.3266)
G1(0.6359)
(-0.7551)
(-0.0005)
G2(-1.4202)
(-2.0885)
(0.6167)
G3(0.0649)
(-1.6538)
(1.1063)
G4(-1.6719)
(0.0197)
(3.4050)
A1(7.0222)
(8.8376)
(6.5815)
A2(2.9640)
(9.0118)
(15.8544)
A3(3.8211)
(13.8816)
(1.6712)
A4(6.2297)
(5.0613)
(-20.6045)
G1(-1.0999)
(-0.7146)
(1.0350)
G2(-8.0056)
(-7.0244)
(1.3532)
G3(-0.1538)
(-0.1623)
(-0.1852)
G4(-12.3839)
(4.6453)
(0.0426)
A1(-3.8225)
(6.3372)
(-0.0719)
A2(-1.5467)
(17.0611)
(4.8171)
A3(-7.0964)
(20.1304)
(1.7142)
A4(2.8587)
(11.7651)
(-3.8882)
G1(-1.6064)
(-2.1822)
(-0.0713)
G2(-4.9407)
(-0.7348)
(3.7908)
G3(0.9099)
(0.5960)
(-0.1091)
G4(-13.4316)
(-1.4495)
(5.1881)
A1(9.7956)
(9.9393)
(3.9278)
A2(4.0510)
(15.8257)
(2.0207)
A3(-2.2745)
(7.7333)
(-6.8618)
A4(4.7980)
(19.4505)
(-13.0915)
G1(-0.8349)
(-3.6226)
(-2.4323)
G2(-5.8431)
(-0.2528)
(4.5448)
G3(-0.1171)
(-1.7570)
(0.5076)
G4(-3.9914)
(4.0169)
(3.5960)
A1(-0.4982)
(8.9047)
(0.0144)
A2(4.0079)
(-11.4012)
(-2.9784)
A3(9.1411)
(0.1915)
(-9.2943)
A4(-13.8385)
(-5.1571)
(-8.4707)
G1(0.5082)
(0.8812)
(-0.3129)
G2(-3.8839)
(0.7918)
(1.8102)
G3(0.6731)
(-2.9000)
(1.8863)
G4(-0.5039)
(5.1578)
(-3.3848)
A1(-2.0310)
(9.7956)
(0.3066)
A2(6.8331)
(-0.4597)
(12.5743)
A3(2.2458)
(9.6199)
(-5.4157)
A4(-0.8045)
(-6.1339)
(-13.7188)
G1(0.9605)
(-0.6689)
(-0.4677)
G2(-5.2748)
(0.3964)
(1.1212)
G3(0.8945)
(-1.4745)
(0.6460)
G4(2.6499)
(-2.5866)
(-2.7968)
A1(2.8118)
(7.9658)
(2.0597)
A2(6.3638)
(-2.0207)
(3.5386)
A3(2.8874)
(9.7252)
(-7.2592)
A4(8.7819)
(14.9925)
(1.0056)
G1(1.0121)
(-0.0745)
(-1.1494)
G2(-0.5034)
(1.5442)
(-1.0664)
G3(-0.5295)
(-1.6793)
(1.7022)
G4(3.8312)
(-1.5820)
(-5.0976)
A1(9.7956)
(11.2326)
(6.9982)
A2(1.3982)
(-2.3894)
(2.7342)
A3(-2.9305)
(5.3917)
(-7.2257)
A4(6.8522)
(13.9726)
(1.4653)
G1(-0.4640)
(-0.0931)
(-0.2075)
G2(2.3285)
(-0.2639)
(-2.4307)
G3(-0.1889)
(-0.6816)
(0.4310)
G4(3.7306)
(-3.3810)
(-4.2532)
A1(-0.4694)
(9.1825)
(3.1231)
A2(2.2745)
(-1.9632)
(9.0357)
A3(1.6281)
(8.6431)
(-5.3917)
A4(12.2009)
(14.7387)
(-1.4796)
G1(-0.3251)
(-0.2953)
(-0.8620)
G2(4.0781)
(0.4252)
(-3.4502)
G3(0.1655)
(-1.1180)
(0.5220)
G4(3.3965)
(-3.6051)
(-3.8669)
A1(0.4024)
(12.9762)
(1.9831)
A2(14.9973)
(-0.2346)
(9.3087)
A3(2.2697)
(7.1922)
(-6.5362)
A4(14.2263)
(13.0915)
(-2.1356)
G1(0.5039)
(1.3936)
(0.0053)
G2(3.6274)
(-2.2125)
(-4.1239)
G3(0.1176)
(-0.5076)
(0.4954)
G4(0.6300)
(-1.6687)
(-1.6054)
A1(2.9411)
(9.2879)
(0.9149)
A2(-0.9912)
(3.3327)
(6.7756)
A3(2.6624)
(8.0062)
(-4.4963)
A4(10.2807)
(10.8074)
(-3.7350)
G1(0.8892)
(0.5640)
(-0.7593)
G2(2.5440)
(-0.9466)
(-4.6198)
G3(0.4683)
(-0.1884)
(-0.0819)
G4(-0.3714)
(-0.5130)
(-0.5545)
A1(-1.0634)
(9.4699)
(0.4072)
A2(11.8178)
(8.2744)
(3.9265)
A3(1.9872)
(7.8482)
(-7.4316)
A4(6.3877)
(11.6358)
(1.6376)
G1(0.2719)
(0.4166)
(-0.9078)
G2(2.6845)
(0.7939)
(-1.6123)
G3(0.2820)
(0.0777)
(-0.4353)
G4(0.6497)
(-0.0915)
(0.2820)
A1(2.0118)
(10.1070)
(-1.2742)
A2(7.5705)
(8.9208)
(6.3829)
A3(2.9640)
(7.6950)
(-6.8187)
A4(5.6360)
(8.0062)
(-0.0670)
G1(1.2606)
(0.4209)
(-0.9195)
G2(1.9938)
(-0.1815)
(-1.4649)
G3(0.0921)
(-0.9972)
(0.1548)
G4(0.6061)
(0.1346)
(0.1022)
A1(0.1437)
(10.4998)
(-0.2156)
A2(7.2209)
(6.4212)
(0.8140)
A3(2.0303)
(7.4939)
(-6.6272)
A4(0.4741)
(9.3470)
(-5.8610)
G1(-0.0654)
(-0.0346)
(-0.5183)
G2(1.5809)
(0.8019)
(0.2038)
G3(0.1735)
(-0.1075)
(-0.4305)
G4(-0.0639)
(0.5204)
(-1.2941)
A1(-3.4392)
(9.6471)
(-1.1352)
A2(2.8204)
(8.4611)
(5.1619)
A3(1.1923)
(8.4324)
(-7.1060)
A4(8.2313)
(9.0501)
(-4.2425)
G1(0.0580)
(-0.9711)
(-0.5965)
G2(0.2384)
(0.4986)
(-0.0511)
G3(0.2480)
(-0.2022)
(-0.5060)
G4(0.0633)
(-0.3475)
(-0.0979)
A1(-4.0332)
(5.2643)
(-0.7377)
A2(2.6528)
(11.3102)
(0.9242)
A3(-0.9098)
(5.6407)
(-6.3351)
A4(2.6528)
(10.0652)
(-3.0311)
G1(1.2691)
(0.2458)
(-0.6486)
G2(0.6082)
(-0.2474)
(-1.4005)
G3(0.3081)
(-1.5298)
(0.2097)
G4(-0.2187)
(-0.5257)
(-0.4087)
