A1(-0.0719)
(6.3133)
(5.3074)
A2(0.8571)
(9.5768)
(-1.2067)
A3(-3.1843)
(7.5274)
(-1.8483)
A4(1.0008)
(9.5337)
(-3.3998)
G1(-0.6380)
(-0.3837)
(0.1527)
G2(-0.0325)
(0.1032)
(-0.0772)
G3(0.4528)
(-1.0568)
(0.4837)
G4(-0.0899)
(-0.1974)
(0.0229)
A1(0.3018)
(6.7013)
(7.2856)
A2(0.1006)
(10.1945)
(-0.0287)
A3(4.5586)
(7.1012)
(-2.0255)
A4(2.0638)
(10.0461)
(-0.9146)
G1(0.2661)
(-0.8328)
(0.1453)
G2(0.1399)
(-0.2325)
(-0.0133)
G3(0.8072)
(0.2309)
(0.8817)
G4(0.2373)
(-0.6029)
(0.1245)
A1(0.8814)
(5.1062)
(9.9729)
A2(0.3017)
(9.7683)
(1.5897)
A3(1.3743)
(5.7413)
(-2.6719)
A4(0.7326)
(10.2568)
(-1.2929)
G1(0.2410)
(-0.7561)
(0.0506)
G2(0.5837)
(-0.2639)
(0.1767)
G3(0.3336)
(-0.7322)
(1.6490)
G4(0.7109)
(-0.5992)
(0.1038)
A1(-1.4753)
(7.5204)
(7.8652)
A2(0.0814)
(9.4140)
(0.7997)
A3(2.7246)
(5.6886)
(-3.0023)
A4(-0.9098)
(10.5489)
(0.0335)
G1(1.1052)
(-2.3887)
(0.4981)
G2(0.7966)
(-0.5843)
(0.0660)
G3(0.1235)
(0.0261)
(1.2271)
G4(1.1749)
(-0.7689)
(0.1745)
A1(7.2186)
(16.1137)
(3.7506)
A2(-0.9912)
(9.2943)
(2.4181)
A3(-10.0509)
(19.4218)
(-0.9625)
A4(3.0311)
(33.8157)
(6.7421)
G1(1.3138)
(-2.8122)
(0.8753)
G2(0.2932)
(-1.0855)
(0.2442)
G3(1.0637)
(-0.4464)
(-0.4683)
G4(3.6923)
(-1.1967)
(0.4166)
A1(-3.3530)
(9.3933)
(1.7148)
A2(-2.0399)
(8.3414)
(1.2833)
A3(0.8475)
(1.4174)
(-5.2002)
A4(0.5315)
(27.6195)
(-9.7109)
G1(1.2255)
(-4.4410)
(-0.1873)
G2(-0.0128)
(-0.5651)
(-0.0011)
G3(0.9280)
(1.1515)
(-0.0277)
G4(3.1629)
(-2.0476)
(2.4802)
A1(2.1172)
(6.7779)
(3.1375)
A2(0.0622)
(8.5377)
(1.4557)
A3(-0.2346)
(3.2801)
(-13.4363)
A4(-9.3278)
(5.8897)
(-24.4592)
G1(0.5949)
(-2.1386)
(-1.3010)
G2(-1.6804)
(-1.7166)
(0.3539)
G3(0.6162)
(0.6582)
(0.2724)
G4(-1.1126)
(0.3932)
(4.6294)
A1(2.3519)
(13.5414)
(7.7742)
A2(2.9018)
(14.3604)
(7.8051)
A3(3.6583)
(12.1051)
(-7.1108)
A4(-8.5760)
(27.1790)
(-33.4614)
G1(-0.4113)
(-2.1790)
(0.3161)
G2(-2.4115)
(-3.9493)
(0.9445)
G3(-0.6210)
(-0.4193)
(0.9402)
G4(-5.4882)
(3.7290)
(1.2749)
A1(1.6238)
(6.5240)
(7.0222)
A2(10.1370)
(-3.6392)
(14.0109)
A3(4.0845)
(12.1147)
(0.8667)
A4(3.4572)
(5.6216)
(-18.7945)
G1(-0.4331)
(-0.3448)
(0.7029)
G2(-9.1481)
(-8.1168)
(2.6068)
G3(-0.1751)
(-0.8232)
(0.1325)
G4(-11.3021)
(4.2782)
(-0.6279)
A1(3.1758)
(8.0568)
(-2.3327)
A2(-5.7988)
(34.7542)
(10.7260)
A3(-3.7685)
(16.6780)
(0.4693)
A4(9.4763)
(5.2816)
(-8.8107)
G1(-1.7826)
(-1.6362)
(0.3065)
G2(-7.2697)
(-2.6739)
(2.8612)
G3(0.7886)
(-0.0271)
(0.1458)
G4(-12.5547)
(0.7615)
(1.2888)
A1(10.1405)
(5.8774)
(1.6238)
A2(13.4123)
(14.7100)
(7.9440)
A3(0.3926)
(3.7733)
(-8.0924)
A4(-14.6046)
(28.0217)
(-0.1149)
G1(-0.6572)
(-3.9908)
(-2.1875)
G2(-6.0219)
(0.7934)
(4.4815)
G3(-0.1469)
(-2.3977)
(0.9232)
G4(-12.8521)
(1.1329)
(4.2830)
A1(-9.3502)
(9.0436)
(4.4260)
A2(-0.9194)
(6.9623)
(5.7604)
A3(4.6878)
(0.8763)
(-5.1092)
A4(-5.8419)
(12.2104)
(-7.7045)
G1(-0.9120)
(-4.2154)
(-0.0064)
G2(-5.3078)
(1.4447)
(3.0501)
G3(0.1522)
(-2.3466)
(0.3145)
G4(-3.6913)
(2.0114)
(1.9885)
A1(-8.1526)
(7.5778)
(-0.7472)
A2(-0.7422)
(-7.6567)
(2.6145)
A3(7.1730)
(5.7078)
(-4.7309)
A4(-24.8997)
(-12.7467)
(-17.4585)
G1(0.0676)
(0.3698)
(-0.3980)
G2(-3.6269)
(0.0878)
(1.3814)
G3(0.7396)
(-2.0055)
(0.4768)
G4(-2.5222)
(2.1327)
(-1.4819)
A1(1.0634)
(9.2448)
(3.0992)
A2(1.7669)
(-8.8298)
(17.1616)
A3(1.8579)
(6.3494)
(-6.8474)
A4(2.8299)
(-3.6152)
(-11.4778)
G1(0.0378)
(0.9339)
(0.0830)
G2(-4.0153)
(0.6763)
(2.3147)
G3(1.3202)
(-1.9912)
(0.3608)
G4(0.4895)
(1.2345)
(-3.7610)
A1(-2.1172)
(10.7584)
(0.5509)
A2(-0.7183)
(6.8091)
(2.9784)
A3(1.3120)
(5.4779)
(-7.0342)
A4(-5.0901)
(-3.9552)
(-9.5816)
G1(0.5555)
(-0.0708)
(-0.3677)
G2(-5.0822)
(3.7498)
(1.1621)
G3(0.5853)
(0.7944)
(-0.5348)
G4(2.6568)
(-1.1238)
(-3.7290)
A1(3.0034)
(9.6184)
(4.0045)
A2(1.5083)
(2.4612)
(2.4134)
A3(2.1213)
(-2.7438)
(-11.2527)
A4(1.3024)
(8.4372)
(-1.5371)
G1(0.7482)
(0.4007)
(-1.0206)
G2(-1.7336)
(2.2727)
(-0.9966)
G3(0.9110)
(0.0319)
(0.6604)
G4(3.9786)
(-1.5112)
(-4.5006)
A1(5.0679)
(11.9128)
(0.1772)
A2(2.3559)
(-0.8284)
(3.0550)
A3(5.1044)
(10.1514)
(-2.0494)
A4(8.4228)
(13.9773)
(2.4086)
G1(1.1749)
(0.0521)
(0.2512)
G2(2.5323)
(1.0860)
(-2.3706)
G3(-0.8386)
(-0.3682)
(0.7817)
G4(5.1115)
(-4.5937)
(-3.4848)
A1(1.4322)
(7.7742)
(3.4776)
A2(2.9257)
(-1.8292)
(7.6950)
A3(4.3670)
(8.5617)
(-1.9249)
A4(6.9719)
(15.3229)
(-3.4429)
G1(0.1634)
(-0.4145)
(-0.5151)
G2(3.8083)
(0.5108)
(-2.6201)
G3(-0.4725)
(0.2336)
(-0.0766)
G4(4.4086)
(-3.8376)
(-2.6191)
A1(0.6179)
(10.9740)
(3.2429)
A2(6.5697)
(-3.7924)
(9.7205)
A3(4.4197)
(13.6182)
(-4.3718)
A4(9.3901)
(16.8743)
(-7.0246)
G1(0.4592)
(-0.8455)
(-0.9046)
G2(3.9648)
(-0.3395)
(-3.0394)
G3(-0.5220)
(-0.5066)
(0.6433)
G4(2.7436)
(-2.3498)
(-2.6036)
A1(3.7027)
(10.9309)
(3.2764)
A2(15.5336)
(-3.5817)
(11.0516)
A3(-2.0159)
(8.4132)
(-8.3653)
A4(10.7117)
(13.3309)
(-5.8610)
G1(0.4805)
(-0.4864)
(-1.0238)
G2(3.6561)
(-3.0932)
(-3.6359)
G3(-0.2496)
(0.7636)
(-0.3837)
G4(0.7593)
(-0.9770)
(-1.5644)
