A1(0.5269)
(8.3730)
(5.4654)
A2(1.0870)
(9.5864)
(-0.3352)
A3(-4.1276)
(12.3397)
(1.2450)
A4(1.1301)
(9.2320)
(-4.6495)
G1(-1.4340)
(-1.1941)
(-0.3187)
G2(0.3118)
(-0.5491)
(0.0947)
G3(0.4427)
(-1.2659)
(1.0259)
G4(0.1219)
(-0.5433)
(0.3203)
A1(-2.1843)
(6.6917)
(3.2716)
A2(0.8715)
(9.3374)
(0.8667)
A3(1.4653)
(8.7293)
(-4.4867)
A4(4.0989)
(14.2216)
(1.3886)
G1(2.0726)
(-2.4036)
(0.0846)
G2(-0.0447)
(-1.1430)
(0.0117)
G3(0.4805)
(-4.4767)
(2.8697)
G4(1.3276)
(-0.2075)
(0.3560)
A1(8.2916)
(14.8970)
(8.6748)
A2(-1.1732)
(9.7348)
(1.2210)
A3(-2.3942)
(2.8252)
(-5.1284)
A4(3.0933)
(26.2309)
(12.8521)
G1(3.3512)
(-0.7662)
(-0.3762)
G2(0.2847)
(-0.8482)
(0.0974)
G3(0.6556)
(-3.3209)
(3.2118)
G4(2.6510)
(-1.3968)
(1.1882)
A1(-5.6091)
(4.4308)
(5.5277)
A2(-3.4907)
(10.1179)
(5.2002)
A3(8.2839)
(48.0708)
(16.7977)
A4(1.1205)
(8.8250)
(-29.5732)
G1(-0.2873)
(-5.3201)
(-0.8934)
G2(-0.6838)
(0.1655)
(0.4273)
G3(-1.6724)
(5.5643)
(-1.4708)
G4(-1.5990)
(1.3713)
(2.1817)
A1(7.3048)
(1.3652)
(3.9853)
A2(13.2830)
(1.2737)
(15.7634)
A3(7.7955)
(14.2982)
(-1.2641)
A4(9.6151)
(10.4483)
(-19.2829)
G1(-1.9475)
(-2.4440)
(0.8280)
G2(-9.1805)
(-7.1862)
(0.0761)
G3(0.3044)
(-0.1979)
(0.0117)
G4(-11.2797)
(1.8459)
(-0.3932)
A1(1.0778)
(9.7717)
(7.6353)
A2(-9.3805)
(35.2379)
(10.3142)
A3(4.3718)
(11.9040)
(1.4365)
A4(10.7212)
(8.1307)
(-4.7070)
G1(-1.5218)
(-2.5855)
(0.3815)
G2(-6.7637)
(-1.5314)
(0.8849)
G3(0.7476)
(1.2212)
(-0.4262)
G4(-13.0240)
(-2.4844)
(3.0650)
A1(17.5507)
(9.2591)
(1.0969)
A2(3.6919)
(34.0743)
(7.0150)
A3(5.1858)
(-7.7333)
(-5.7557)
A4(-3.0598)
(26.9874)
(6.5984)
G1(-0.6540)
(-2.6302)
(-1.8512)
G2(-7.6928)
(-2.2439)
(1.8895)
G3(-0.2272)
(-1.7416)
(1.7533)
G4(-10.5241)
(0.9887)
(6.3859)
A1(-1.2023)
(8.8855)
(3.1710)
A2(-2.9449)
(-3.9648)
(0.3591)
A3(4.5825)
(3.2561)
(-4.1755)
A4(-20.3220)
(-8.8729)
(-17.2478)
G1(-0.4166)
(-0.5348)
(-0.8482)
G2(-3.4726)
(-2.2115)
(1.6655)
G3(1.2978)
(-0.4933)
(0.5986)
G4(-1.9832)
(1.5841)
(-1.0962)
A1(1.3173)
(10.3704)
(1.8585)
A2(1.8483)
(-13.0388)
(13.9199)
A3(11.2575)
(-3.3040)
(-6.5505)
A4(2.3032)
(-2.7102)
(-10.8362)
G1(-0.2772)
(-0.3698)
(-0.1958)
G2(-4.1978)
(-0.4959)
(1.2398)
G3(0.2969)
(-1.6629)
(1.8198)
G4(1.9443)
(1.3867)
(-4.2351)
A1(10.2794)
(10.1261)
(7.7647)
A2(8.2935)
(2.5809)
(3.7828)
A3(8.0206)
(-8.5904)
(-8.1977)
A4(5.1188)
(15.1314)
(1.7382)
G1(1.0233)
(1.0525)
(-0.7875)
G2(-0.6167)
(2.0907)
(-1.2175)
G3(-0.0889)
(-1.0030)
(0.8338)
G4(4.3080)
(-2.0646)
(-5.2653)
A1(2.2801)
(11.2997)
(-2.4908)
A2(2.1644)
(0.7518)
(6.1100)
A3(-2.7581)
(39.4325)
(-2.8730)
A4(9.7157)
(11.1905)
(0.7997)
G1(0.3453)
(-2.1535)
(0.3932)
G2(3.2954)
(1.6900)
(-2.6856)
G3(-0.5433)
(1.7017)
(-0.2847)
G4(5.6260)
(-4.9204)
(-3.2752)
A1(8.9957)
(8.9430)
(3.6308)
A2(13.8864)
(-5.7269)
(11.5784)
A3(2.0686)
(10.3573)
(-11.7460)
A4(13.4410)
(14.3461)
(-4.1994)
G1(0.4379)
(0.1336)
(-0.9339)
G2(3.9733)
(-1.1281)
(-3.6828)
G3(-0.2288)
(-1.3771)
(0.5486)
G4(1.3223)
(-1.1190)
(-1.3617)
A1(4.6703)
(9.4124)
(1.1017)
A2(4.2234)
(-4.4436)
(12.2104)
A3(3.0023)
(5.5162)
(-6.3973)
A4(11.3389)
(13.5943)
(-0.9960)
G1(0.3464)
(-0.9280)
(-0.0915)
G2(3.6035)
(-1.6176)
(-4.4474)
G3(-0.8195)
(-0.2283)
(0.5119)
G4(-0.2091)
(-1.6793)
(-0.7966)
A1(1.6478)
(9.0484)
(1.2550)
A2(13.7044)
(10.5345)
(12.0716)
A3(4.5777)
(6.4021)
(-5.3103)
A4(10.2041)
(9.5960)
(-2.7294)
G1(1.6139)
(-0.7359)
(-0.9222)
G2(2.5073)
(1.7661)
(-2.6946)
G3(-0.2368)
(-0.5986)
(0.0165)
G4(-0.5348)
(0.2740)
(-0.2528)
A1(2.3854)
(7.5060)
(-0.3880)
A2(8.0876)
(8.7724)
(6.8378)
A3(1.6759)
(8.2073)
(-4.7597)
A4(-0.6321)
(8.1403)
(0.2298)
G1(0.3847)
(-0.2575)
(-0.5076)
G2(2.0093)
(-0.6039)
(-1.3739)
G3(-0.1181)
(-0.2235)
(-0.0043)
G4(0.2240)
(-0.4794)
(-0.9035)
A1(-0.7377)
(7.6689)
(-1.7627)
A2(6.0382)
(5.5881)
(6.3351)
A3(3.8355)
(7.9104)
(-5.5689)
A4(16.4960)
(11.3916)
(0.8236)
G1(0.7035)
(0.1070)
(-0.6258)
G2(2.0795)
(0.9748)
(-1.7256)
G3(-0.0819)
(-0.4028)
(0.0516)
G4(0.9786)
(1.3180)
(-0.4299)
A1(1.9064)
(10.3130)
(-0.2443)
A2(4.7501)
(8.2552)
(5.6072)
A3(2.4325)
(7.9727)
(-5.0996)
A4(0.5363)
(9.0884)
(-4.0270)
G1(-0.1171)
(0.0889)
(-0.8157)
G2(1.7288)
(0.6470)
(-0.3390)
G3(0.2389)
(-0.4390)
(-0.1660)
G4(0.1862)
(-0.8131)
(-0.5252)
A1(-1.9208)
(9.2879)
(-0.5844)
A2(6.8953)
(10.4244)
(2.8395)
A3(1.7957)
(7.2257)
(-7.0294)
A4(1.8914)
(8.0780)
(-5.2672)
G1(-0.4491)
(-0.9637)
(-0.4922)
G2(-0.0612)
(-0.3672)
(-0.2331)
G3(0.2889)
(-0.7301)
(-0.2820)
G4(0.0628)
(-0.4901)
(-0.3714)
A1(-2.2034)
(9.1202)
(-0.2443)
A2(1.9249)
(9.3326)
(2.9401)
A3(0.9481)
(6.0813)
(-6.6511)
A4(2.4086)
(9.3039)
(-3.4046)
G1(-0.4869)
(-0.3421)
(-0.4103)
G2(0.4571)
(-0.4140)
(-0.9136)
G3(0.2320)
(-0.8950)
(-0.2049)
G4(-0.1958)
(-0.2943)
(-0.3879)
A1(-1.8921)
(8.7562)
(0.3449)
A2(2.6001)
(9.8354)
(0.8045)
A3(0.0862)
(5.9616)
(-7.4364)
A4(1.2785)
(9.2129)
(-3.9025)
G1(0.8210)
(-0.2528)
(-0.4145)
G2(0.5310)
(0.0990)
(-0.3485)
G3(0.0436)
(-0.6002)
(-0.3677)
G4(-0.4284)
(-0.6614)
(-0.0963)
