A1(1.2023)
(10.2124)
(6.4713)
A2(3.1603)
(8.6143)
(3.2848)
A3(0.4980)
(9.0884)
(-4.0606)
A4(1.1732)
(9.9790)
(-0.4741)
G1(2.1726)
(1.2106)
(-0.3257)
G2(-0.1022)
(0.0894)
(-0.0452)
G3(0.0846)
(-0.0176)
(-0.1144)
G4(0.3810)
(1.1510)
(-0.2006)
A1(2.2178)
(9.0436)
(-1.1879)
A2(3.6727)
(8.3510)
(2.6911)
A3(0.0862)
(8.4276)
(-5.0518)
A4(3.2178)
(11.8321)
(3.4093)
G1(0.6838)
(1.4878)
(-0.1133)
G2(-0.6470)
(0.4113)
(-0.1591)
G3(-0.0692)
(0.4560)
(-0.3108)
G4(1.1318)
(2.0992)
(-0.6838)
A1(0.6850)
(8.9717)
(-0.4167)
A2(5.5737)
(8.5186)
(3.5003)
A3(-0.1676)
(8.3270)
(-4.6926)
A4(-4.7357)
(7.7907)
(-2.9113)
G1(1.3015)
(0.8445)
(-0.3124)
G2(-0.5906)
(0.9051)
(0.1995)
G3(-0.1117)
(0.2315)
(-0.4257)
G4(2.9112)
(3.3475)
(-0.7630)
A1(0.8574)
(12.1906)
(5.3648)
A2(1.5179)
(6.1723)
(6.7469)
A3(-0.2011)
(9.6007)
(-2.4086)
A4(1.9249)
(4.1899)
(-10.8936)
G1(0.1910)
(1.5410)
(-1.5176)
G2(-0.5406)
(0.9099)
(1.0866)
G3(-0.1612)
(-0.1277)
(-0.4135)
G4(0.1032)
(-4.8784)
(0.6476)
A1(-10.5333)
(1.0011)
(13.2253)
A2(2.4038)
(4.7788)
(8.9543)
A3(-0.0622)
(13.5464)
(2.8108)
A4(-6.4452)
(6.6750)
(-5.6934)
G1(-4.6453)
(4.8358)
(-0.4049)
G2(-0.9461)
(1.2239)
(0.1618)
G3(0.5917)
(0.1368)
(-1.0674)
G4(1.4979)
(-2.2333)
(-0.2192)
A1(-10.4950)
(24.7932)
(11.0075)
A2(5.9424)
(8.7101)
(11.7843)
A3(-1.1157)
(31.6705)
(9.0549)
A4(2.0830)
(16.7786)
(-11.4778)
G1(-7.9519)
(4.2010)
(-4.1095)
G2(2.1402)
(0.0106)
(-1.5506)
G3(5.2222)
(4.2415)
(-3.6072)
G4(-0.9860)
(1.4835)
(-1.0413)
A1(-1.4035)
(14.1641)
(-3.9135)
A2(0.2107)
(21.8926)
(0.9768)
A3(20.4225)
(10.0796)
(-9.9168)
A4(-3.7158)
(8.6574)
(5.2481)
G1(-4.8853)
(1.8172)
(-1.4835)
G2(1.7416)
(8.6165)
(-0.1086)
G3(-10.7311)
(-2.5738)
(1.2808)
G4(-1.0924)
(1.5048)
(-1.2622)
A1(9.6663)
(-1.2550)
(4.6655)
A2(-7.9104)
(12.0524)
(9.5002)
A3(4.2138)
(27.1550)
(2.3894)
A4(-6.6846)
(8.4276)
(-0.6560)
G1(-5.3573)
(1.8858)
(-3.5327)
G2(1.3000)
(1.1180)
(-0.4677)
G3(-12.5908)
(7.1484)
(3.8168)
G4(0.6667)
(-0.7317)
(-1.2467)
A1(-1.8969)
(6.8929)
(-1.3652)
A2(8.1690)
(3.4285)
(-0.4597)
A3(19.0626)
(35.9513)
(-7.3646)
A4(-13.0723)
(18.2869)
(-2.2936)
G1(-4.5895)
(-1.4223)
(0.1889)
G2(0.0112)
(4.1079)
(0.8423)
G3(-9.6552)
(7.1979)
(1.1137)
G4(2.6861)
(-3.4454)
(2.7212)
A1(0.1006)
(-0.9053)
(0.7712)
A2(-8.7436)
(7.4555)
(5.1523)
A3(3.6919)
(-1.4796)
(-26.7624)
A4(3.9840)
(-0.2729)
(-13.4985)
G1(1.5660)
(-1.2813)
(2.2460)
G2(-0.4826)
(3.8190)
(-1.2127)
G3(-3.4401)
(-0.6210)
(2.6967)
G4(0.5146)
(-0.1538)
(0.6556)
A1(-0.8670)
(0.9341)
(4.0524)
A2(5.4444)
(10.6398)
(-4.7645)
A3(-2.7246)
(-2.2505)
(-19.4313)
A4(-4.3383)
(11.2623)
(5.3439)
G1(4.2840)
(-2.1444)
(3.0964)
G2(-0.6907)
(1.6650)
(-0.5018)
G3(1.2893)
(-0.5928)
(2.2562)
G4(-1.0057)
(-0.4997)
(-0.7184)
A1(-11.1368)
(5.4894)
(14.9880)
A2(5.6455)
(11.9183)
(-1.3216)
A3(4.5298)
(6.9432)
(-10.7308)
A4(-15.1361)
(19.6229)
(16.0172)
G1(6.5971)
(0.7125)
(4.8550)
G2(0.6848)
(-0.5832)
(0.2794)
G3(5.2339)
(-1.0616)
(1.9209)
G4(-1.5889)
(0.8014)
(-0.2150)
A1(5.2020)
(10.1118)
(12.6792)
A2(-8.0158)
(6.3734)
(3.8930)
A3(3.2561)
(28.8693)
(3.2082)
A4(4.9368)
(15.7395)
(2.8060)
G1(2.9426)
(-0.3496)
(5.7378)
G2(0.1282)
(0.0915)
(0.0553)
G3(7.4214)
(1.4282)
(1.4426)
G4(-0.2921)
(3.7860)
(-0.5997)
A1(-7.2665)
(14.8874)
(6.4330)
A2(3.5530)
(6.1435)
(4.5729)
A3(-3.8164)
(18.7849)
(-3.0885)
A4(0.4022)
(9.4810)
(-8.7628)
G1(3.1767)
(-3.1517)
(1.8464)
G2(0.2123)
(-0.1852)
(1.1196)
G3(4.2276)
(2.8080)
(2.0848)
G4(-0.0979)
(-0.0740)
(0.0867)
A1(-0.3736)
(9.8052)
(5.4175)
A2(4.7932)
(10.5632)
(7.2975)
A3(9.3661)
(15.7922)
(28.9028)
A4(0.4741)
(7.7141)
(-4.6208)
G1(-2.7808)
(1.1297)
(-0.9903)
G2(0.1442)
(-1.9236)
(0.2586)
G3(-2.2040)
(-0.1006)
(-0.2001)
G4(-0.8317)
(-0.0830)
(0.3320)
A1(-4.6368)
(13.6851)
(-2.1459)
A2(-3.3710)
(8.7676)
(-3.1173)
A3(4.0318)
(9.7683)
(-1.9441)
A4(-0.2394)
(10.6159)
(-0.7278)
G1(1.8257)
(-0.5295)
(-0.1490)
G2(0.5013)
(0.6742)
(-0.3656)
G3(0.3374)
(0.4874)
(-0.1767)
G4(-0.3938)
(-0.5555)
(-0.0516)
A1(-6.1360)
(8.4927)
(1.5137)
A2(-0.9433)
(9.8641)
(-3.3662)
A3(6.2680)
(3.8882)
(-4.2569)
A4(-3.9648)
(8.8873)
(-1.5371)
G1(-0.3964)
(3.1490)
(0.3645)
G2(0.9924)
(-0.5103)
(0.5146)
G3(0.2293)
(-0.8588)
(0.8471)
G4(0.0921)
(1.8629)
(-0.2783)
A1(7.3862)
(10.4614)
(1.7579)
A2(-4.0175)
(3.7445)
(4.1851)
A3(1.6424)
(7.0868)
(0.8380)
A4(8.7005)
(10.1658)
(-4.3191)
G1(-0.0841)
(1.4910)
(0.9557)
G2(0.6274)
(1.4809)
(0.2091)
G3(1.0972)
(1.8225)
(0.2347)
G4(-0.0074)
(4.3670)
(-0.5667)
A1(3.4536)
(11.6063)
(-0.5700)
A2(2.3224)
(9.1075)
(-2.9832)
A3(0.2059)
(9.7061)
(-1.5658)
A4(3.6488)
(10.6063)
(-4.1132)
G1(0.2602)
(-0.1431)
(0.3272)
G2(-1.2648)
(4.3788)
(0.8333)
G3(0.4033)
(0.4592)
(0.2097)
G4(-0.3656)
(-0.7604)
(0.1123)
A1(0.1006)
(8.7754)
(0.7041)
A2(4.9321)
(11.6310)
(1.4605)
A3(-0.9194)
(9.6965)
(-3.5626)
A4(0.9481)
(9.0884)
(-2.0830)
G1(0.5949)
(-0.2799)
(-0.0670)
G2(-0.1846)
(0.4252)
(0.3751)
G3(0.0729)
(0.3427)
(0.0442)
G4(-0.3006)
(0.6337)
(-0.2171)
