A1(2.4285)
(9.1202)
(-1.3652)
A2(4.2713)
(5.6216)
(4.8554)
A3(2.0063)
(9.2799)
(-5.8275)
A4(9.1363)
(8.8633)
(-1.5083)
G1(0.5954)
(0.8003)
(-0.5619)
G2(-0.7333)
(-0.1820)
(0.3304)
G3(0.0713)
(0.4879)
(-0.5805)
G4(0.8498)
(1.1685)
(0.1628)
A1(-5.2451)
(5.1637)
(11.7979)
A2(2.8156)
(6.4548)
(7.2592)
A3(-1.2163)
(12.9909)
(1.1971)
A4(1.3024)
(7.9775)
(-8.2744)
G1(-2.4461)
(4.3644)
(-0.6683)
G2(0.1804)
(2.6563)
(0.4848)
G3(0.5933)
(0.3480)
(-1.0105)
G4(0.2682)
(-1.6070)
(0.0479)
A1(-2.5579)
(8.2772)
(4.0859)
A2(8.1738)
(8.2983)
(7.2544)
A3(9.1698)
(20.3651)
(8.4515)
A4(0.5555)
(8.6095)
(-8.3127)
G1(-7.9141)
(4.1760)
(-0.2692)
G2(1.3633)
(0.6646)
(0.4331)
G3(1.8544)
(0.6832)
(-1.8831)
G4(0.1905)
(0.8881)
(-0.8471)
A1(-3.9709)
(26.3835)
(14.0252)
A2(-4.5394)
(12.3493)
(4.1851)
A3(-1.3264)
(24.1431)
(-1.9106)
A4(-0.7278)
(11.7364)
(-2.0494)
G1(-8.1307)
(-2.1077)
(-6.4221)
G2(1.2366)
(1.9736)
(-0.7476)
G3(2.8069)
(6.8446)
(-3.4039)
G4(-0.5279)
(0.3475)
(-0.2517)
A1(0.5509)
(23.3562)
(-1.7196)
A2(-1.7909)
(10.3860)
(2.8204)
A3(14.1162)
(13.1106)
(-28.7735)
A4(3.5961)
(15.8161)
(1.1827)
G1(-7.2942)
(-1.6799)
(-1.8166)
G2(1.2526)
(4.4697)
(-0.1681)
G3(-5.6558)
(-6.7360)
(1.2100)
G4(0.3108)
(0.0394)
(-0.6194)
A1(-16.2861)
(-10.6530)
(-0.1964)
A2(3.1747)
(7.6998)
(7.1874)
A3(-21.7681)
(8.5617)
(-15.4234)
A4(-2.4517)
(-2.0063)
(-9.0740)
G1(-4.5315)
(2.3365)
(-3.3773)
G2(1.0020)
(1.1808)
(-0.4395)
G3(-13.6253)
(4.1973)
(6.0842)
G4(1.2739)
(3.1554)
(-1.6655)
A1(10.8686)
(1.4083)
(-4.6128)
A2(-2.5043)
(8.4515)
(2.9736)
A3(14.1449)
(48.6358)
(23.0322)
A4(-1.7765)
(14.4275)
(-4.6208)
G1(-11.5165)
(-0.5683)
(-2.4674)
G2(0.4784)
(1.1472)
(-0.5757)
G3(-13.0000)
(8.0690)
(-1.1973)
G4(1.2813)
(1.1361)
(-0.3900)
A1(11.0219)
(-6.0019)
(1.2454)
A2(-1.9872)
(13.5560)
(4.0175)
A3(-1.9680)
(16.5391)
(-11.9902)
A4(-0.9290)
(-8.3414)
(-10.7212)
G1(-0.0841)
(-0.9142)
(1.1302)
G2(-0.4592)
(4.2675)
(0.7764)
G3(-3.2911)
(0.3416)
(0.8477)
G4(0.6689)
(-0.4198)
(2.1865)
A1(-3.0560)
(0.2443)
(3.4153)
A2(-11.6262)
(6.3638)
(6.1962)
A3(17.7267)
(-12.0093)
(-28.9794)
A4(1.1396)
(3.6488)
(-11.3581)
G1(1.8885)
(-2.1066)
(2.3365)
G2(-0.5231)
(2.0779)
(2.5898)
G3(-3.1858)
(-0.3124)
(2.4254)
G4(-0.3751)
(-0.6401)
(0.3272)
A1(-2.8070)
(-0.5221)
(11.7739)
A2(13.6134)
(9.9168)
(-7.3598)
A3(4.1515)
(-1.3551)
(-15.6006)
A4(-4.2329)
(6.0813)
(-3.8307)
G1(5.2142)
(0.8455)
(3.6992)
G2(0.9397)
(-3.2448)
(-0.6949)
G3(3.9887)
(0.7705)
(1.7879)
G4(-2.0140)
(-0.1692)
(-1.4601)
A1(-10.8111)
(1.2454)
(3.4536)
A2(-1.8818)
(9.7636)
(2.5283)
A3(-2.2122)
(8.3270)
(-7.1491)
A4(17.4058)
(5.6264)
(-20.4082)
G1(4.4852)
(0.2863)
(4.2127)
G2(1.2366)
(-0.4502)
(-0.0346)
G3(5.9102)
(-0.1884)
(2.4126)
G4(3.1400)
(6.2624)
(-1.6905)
A1(-3.5494)
(10.0735)
(5.0487)
A2(-1.2737)
(10.3669)
(8.8346)
A3(-5.8754)
(16.7307)
(7.5274)
A4(1.5754)
(5.2002)
(-5.6120)
G1(3.1964)
(0.8184)
(4.7097)
G2(1.4144)
(-0.7072)
(0.6763)
G3(7.7566)
(1.9997)
(2.1082)
G4(-0.0665)
(-0.6316)
(0.1969)
A1(-7.6210)
(12.7702)
(8.6796)
A2(-4.2138)
(12.5600)
(1.4030)
A3(-3.1843)
(18.7849)
(3.0502)
A4(1.7334)
(9.5816)
(-3.1316)
G1(2.9575)
(-2.0949)
(3.5141)
G2(-0.4832)
(0.9663)
(0.8088)
G3(6.2369)
(3.3752)
(1.2755)
G4(0.1256)
(0.6641)
(0.0043)
A1(-5.7385)
(10.9596)
(6.6294)
A2(-0.4166)
(8.7293)
(2.4995)
A3(-10.9511)
(21.8064)
(1.6999)
A4(2.8874)
(7.8769)
(-4.4819)
G1(2.4951)
(-0.4480)
(1.0350)
G2(0.2911)
(-2.3626)
(0.0069)
G3(2.1998)
(3.4412)
(0.5268)
G4(-0.0282)
(-0.2102)
(0.2847)
A1(-4.0620)
(6.2366)
(5.4990)
A2(-3.2322)
(9.1315)
(4.7501)
A3(-5.6264)
(16.2854)
(1.5131)
A4(0.1006)
(8.8202)
(-6.9432)
G1(2.6350)
(-0.8370)
(0.2916)
G2(0.9019)
(2.2822)
(0.5880)
G3(0.9035)
(0.6423)
(0.4523)
G4(0.0170)
(-0.3719)
(0.4268)
A1(-4.3206)
(7.4437)
(-0.1581)
A2(-0.4166)
(7.7859)
(1.1540)
A3(-4.5442)
(12.4977)
(1.4700)
A4(1.3360)
(8.4755)
(-5.2146)
G1(1.7453)
(0.1921)
(0.4677)
G2(0.9126)
(-0.6173)
(0.1548)
G3(-0.1405)
(1.4351)
(-0.8035)
G4(0.2049)
(0.2554)
(0.4129)
A1(-0.6275)
(15.2563)
(5.0391)
A2(-1.4222)
(11.3437)
(1.0582)
A3(-1.5227)
(7.9344)
(0.0096)
A4(0.3400)
(10.0844)
(-5.1044)
G1(-0.4539)
(-0.7418)
(0.7269)
G2(0.6385)
(-0.4768)
(0.2943)
G3(-0.4374)
(0.1735)
(0.0325)
G4(0.3815)
(0.3012)
(0.6311)
A1(0.1820)
(13.4361)
(5.0391)
A2(-0.7278)
(10.2185)
(1.7430)
A3(-8.4851)
(12.0811)
(5.8323)
A4(3.5721)
(8.2648)
(-7.2592)
G1(-0.7944)
(-0.9541)
(0.6588)
G2(0.6747)
(-0.5981)
(0.7040)
G3(-0.4342)
(-2.4365)
(0.8663)
G4(0.4129)
(1.1792)
(0.3576)
A1(-1.0873)
(7.8269)
(-1.6430)
A2(-1.2306)
(9.1363)
(1.0822)
A3(-1.1444)
(8.6814)
(-7.1012)
A4(5.0661)
(7.9918)
(-7.1012)
G1(1.2308)
(1.1323)
(0.9466)
G2(0.7966)
(-0.2160)
(0.6604)
G3(1.5335)
(-0.0186)
(0.5773)
G4(0.2847)
(0.9211)
(0.1495)
A1(2.0453)
(9.9106)
(2.5148)
A2(5.1475)
(10.4818)
(-2.4373)
A3(-2.9592)
(7.9104)
(-3.8164)
A4(3.2034)
(4.9368)
(-6.3877)
G1(1.2638)
(1.1802)
(0.4374)
G2(0.7423)
(0.9663)
(0.8152)
G3(0.5741)
(0.6880)
(0.3900)
G4(0.1054)
(0.1517)
(0.3842)
