A1(-0.1389)
(10.8111)
(3.3291)
A2(3.2322)
(3.8068)
(5.4923)
A3(4.2952)
(8.2456)
(-9.1171)
A4(3.5243)
(-0.2634)
(-5.1188)
G1(1.5463)
(2.1737)
(-0.6768)
G2(-0.8445)
(3.6290)
(2.2045)
G3(-0.0830)
(1.7757)
(-1.2739)
G4(1.2835)
(3.7014)
(-3.1379)
A1(-5.9157)
(7.3192)
(6.9695)
A2(2.9640)
(4.6304)
(6.0142)
A3(0.4310)
(9.1028)
(-5.1858)
A4(-2.2601)
(47.7500)
(-2.7102)
G1(0.0942)
(4.2404)
(-1.0259)
G2(-0.9551)
(2.8500)
(1.1217)
G3(-0.1346)
(0.7359)
(-0.9945)
G4(-0.2192)
(-5.7191)
(1.6767)
A1(-7.4964)
(1.7196)
(9.4747)
A2(2.6001)
(7.5561)
(10.3334)
A3(-0.9529)
(17.6979)
(6.4739)
A4(-8.7197)
(-12.0716)
(-11.0325)
G1(-7.9684)
(4.4229)
(-0.8626)
G2(1.1371)
(2.1886)
(0.1995)
G3(0.8876)
(1.5160)
(-1.7049)
G4(1.4665)
(2.7420)
(-1.4239)
A1(8.9095)
(25.8758)
(-0.2395)
A2(4.7501)
(4.6160)
(2.9688)
A3(-4.4628)
(32.0201)
(22.5677)
A4(4.4341)
(13.9821)
(-16.8935)
G1(-8.4968)
(6.9042)
(-3.1943)
G2(1.8209)
(0.9940)
(-0.3166)
G3(3.8807)
(4.6368)
(-3.7764)
G4(-0.0027)
(2.4424)
(-0.5710)
A1(-13.3882)
(30.9532)
(19.6152)
A2(5.0039)
(6.1962)
(17.6213)
A3(-0.0527)
(27.8781)
(-1.7621)
A4(-7.7045)
(12.6174)
(-3.3184)
G1(-10.1873)
(-1.3627)
(-6.1055)
G2(0.2251)
(-0.4794)
(-0.2373)
G3(5.3009)
(7.7864)
(-4.7262)
G4(-1.4207)
(-0.3272)
(0.5587)
A1(4.4739)
(12.9139)
(4.4978)
A2(11.2384)
(16.0651)
(4.0270)
A3(-12.6845)
(5.6647)
(-41.1276)
A4(8.8585)
(11.5161)
(1.2210)
G1(-6.8951)
(2.0529)
(-1.3500)
G2(2.2184)
(4.8550)
(1.9358)
G3(-9.9580)
(-6.5014)
(4.8066)
G4(0.7615)
(0.2261)
(-0.5380)
A1(14.2073)
(-11.3859)
(0.1006)
A2(-1.0056)
(9.4619)
(4.3335)
A3(-16.7834)
(3.2801)
(-15.9406)
A4(2.5618)
(5.3439)
(-4.7501)
G1(-3.5689)
(2.2184)
(-3.1820)
G2(1.8954)
(1.4340)
(-1.2675)
G3(-15.0636)
(1.5591)
(3.5268)
G4(1.2925)
(3.6152)
(-1.6043)
A1(-0.3832)
(-2.7830)
(39.7909)
A2(-2.8587)
(-1.2785)
(5.3630)
A3(-1.1827)
(15.6293)
(16.1178)
A4(-1.0726)
(0.9385)
(-5.0613)
G1(-4.3452)
(-4.0148)
(-1.5894)
G2(0.2650)
(-0.1756)
(-0.5640)
G3(-17.4160)
(7.3245)
(-0.7748)
G4(1.3532)
(0.4252)
(-0.4539)
A1(1.8106)
(16.0610)
(-4.3062)
A2(0.7949)
(10.9319)
(8.8059)
A3(0.9912)
(46.0836)
(37.0287)
A4(-8.4036)
(18.0619)
(-9.1459)
G1(-3.6556)
(-5.3211)
(-0.2602)
G2(-0.5167)
(4.1111)
(-0.0053)
G3(-13.6960)
(0.9966)
(-3.0043)
G4(1.5075)
(1.7836)
(-1.3452)
A1(-0.8143)
(1.9879)
(3.2524)
A2(2.2314)
(6.2680)
(7.1299)
A3(3.8403)
(28.3665)
(-8.5473)
A4(6.7852)
(-5.3056)
(-10.9654)
G1(-1.2122)
(-0.3161)
(0.8695)
G2(-0.8003)
(4.1201)
(0.5752)
G3(-6.2284)
(-2.6207)
(-0.0665)
G4(1.0738)
(0.3166)
(1.2212)
A1(2.0932)
(-3.2620)
(2.9363)
A2(-4.3910)
(8.7771)
(-1.4461)
A3(9.1075)
(-8.1163)
(-33.3273)
A4(-4.3383)
(4.2856)
(-9.5337)
G1(1.1988)
(-1.4309)
(2.6127)
G2(0.5875)
(2.1827)
(1.2483)
G3(-4.0377)
(2.6925)
(-0.1905)
G4(-0.5587)
(-0.7061)
(0.5848)
A1(-6.3181)
(-1.1783)
(2.4669)
A2(-3.1412)
(16.1609)
(2.8874)
A3(-2.4517)
(-3.4285)
(-21.4904)
A4(7.7812)
(14.8010)
(-13.5799)
G1(4.6922)
(0.7301)
(2.8378)
G2(-0.1910)
(4.8938)
(0.2873)
G3(-0.2001)
(-2.4051)
(3.6045)
G4(-0.2128)
(0.5704)
(0.5816)
A1(-2.8788)
(-2.9938)
(3.9901)
A2(11.6502)
(7.7045)
(-3.7541)
A3(5.0996)
(-6.4356)
(-18.2630)
A4(-0.0718)
(8.4180)
(-2.5235)
G1(4.4612)
(1.1185)
(3.2438)
G2(0.1527)
(-1.9821)
(0.2081)
G3(4.1606)
(1.4724)
(1.8411)
G4(-1.5586)
(0.4044)
(-0.6902)
A1(-2.3375)
(0.1389)
(8.7562)
A2(-0.2394)
(10.0892)
(-2.8922)
A3(-2.5857)
(13.4219)
(-2.7485)
A4(-4.0223)
(9.0740)
(-0.4980)
G1(4.6273)
(0.9764)
(3.9935)
G2(0.8769)
(-1.4309)
(-0.2102)
G3(6.6195)
(0.4177)
(3.1778)
G4(-0.6380)
(0.5869)
(-0.4885)
A1(-12.1284)
(3.0034)
(9.1681)
A2(2.1883)
(15.0069)
(8.4851)
A3(-0.8571)
(13.6374)
(1.5275)
A4(2.7246)
(9.9407)
(-1.9824)
G1(3.8174)
(0.7779)
(4.4650)
G2(-0.7540)
(-1.9507)
(-0.8407)
G3(8.2020)
(0.9940)
(2.9234)
G4(-0.4172)
(0.3416)
(-0.2549)
A1(-7.6497)
(8.2101)
(11.0075)
A2(-4.9656)
(11.7555)
(6.0669)
A3(-6.2680)
(17.6261)
(0.3400)
A4(0.3400)
(9.1506)
(-3.1173)
G1(3.1017)
(-0.9828)
(3.3257)
G2(-0.3310)
(-0.8019)
(0.1495)
G3(6.1704)
(2.4637)
(1.9981)
G4(0.1900)
(0.4374)
(-0.2623)
A1(-7.3815)
(8.5071)
(7.5012)
A2(1.2833)
(7.1012)
(7.3310)
A3(-7.2018)
(22.4672)
(1.3551)
A4(1.2306)
(9.9359)
(-1.7142)
G1(3.5742)
(-3.1427)
(2.1215)
G2(0.5486)
(-0.7950)
(0.1910)
G3(3.4763)
(1.3968)
(1.4915)
G4(0.3746)
(0.1735)
(-0.1942)
A1(-7.9946)
(8.5406)
(7.0414)
A2(-3.7541)
(6.9384)
(4.7740)
A3(-11.6023)
(11.8130)
(1.2450)
A4(-1.1061)
(7.8817)
(-6.0765)
G1(1.8863)
(-0.8253)
(0.3342)
G2(0.8014)
(-0.8136)
(0.4076)
G3(1.4207)
(0.3645)
(1.2020)
G4(0.3991)
(0.0484)
(0.1697)
A1(-5.2738)
(7.4820)
(4.4499)
A2(0.8954)
(9.9503)
(3.5961)
A3(-8.7340)
(22.6635)
(3.7397)
A4(3.2848)
(9.2368)
(-4.2713)
G1(2.0140)
(0.4417)
(0.3092)
G2(0.8828)
(0.8046)
(0.1091)
G3(1.4708)
(2.0625)
(0.0931)
G4(0.5720)
(0.1974)
(-0.1405)
A1(-3.4153)
(10.6722)
(7.5108)
A2(-0.3352)
(6.3398)
(2.7485)
A3(-3.2992)
(16.5583)
(3.7541)
A4(-2.6624)
(6.9288)
(-8.8729)
G1(1.4777)
(-0.3203)
(0.1101)
G2(0.5949)
(-0.2054)
(0.2480)
G3(0.0798)
(0.0133)
(0.0713)
G4(0.3874)
(-0.1282)
(0.2911)
