A1(6.8498)
(9.6519)
(-2.0358)
A2(6.5410)
(5.4205)
(8.4372)
A3(-0.6321)
(8.7293)
(-6.1148)
A4(-3.1173)
(5.5450)
(-5.1571)
G1(0.4810)
(1.8278)
(0.0851)
G2(-0.8631)
(1.4356)
(1.1228)
G3(-0.2176)
(0.5092)
(-0.5257)
G4(1.4548)
(1.2201)
(-2.8154)
A1(2.0980)
(11.8218)
(5.8055)
A2(5.7269)
(6.8426)
(6.9192)
A3(0.9577)
(9.6726)
(-6.5936)
A4(-4.0941)
(-2.5953)
(-1.6616)
G1(0.9748)
(2.7430)
(-1.1744)
G2(-0.6295)
(3.4369)
(1.3564)
G3(-0.1043)
(1.0860)
(-0.5550)
G4(1.3133)
(1.6426)
(-2.7484)
A1(1.4418)
(32.1076)
(9.8483)
A2(2.0686)
(6.0190)
(9.6486)
A3(3.3710)
(22.5486)
(16.1656)
A4(-8.2265)
(-11.2432)
(-30.4686)
G1(-10.4427)
(1.6927)
(0.2203)
G2(0.6162)
(0.8354)
(0.3751)
G3(2.3030)
(1.0594)
(-2.3104)
G4(-0.3789)
(5.7383)
(-0.6710)
A1(-7.3431)
(19.7350)
(0.3736)
A2(2.3655)
(8.7724)
(6.8953)
A3(0.0670)
(33.5092)
(10.6446)
A4(-2.2936)
(10.5105)
(-15.2367)
G1(-8.1706)
(3.7705)
(-4.9375)
G2(2.0114)
(1.2212)
(-0.9951)
G3(4.5267)
(2.6648)
(-2.7739)
G4(-1.6682)
(1.7826)
(-0.6327)
A1(-3.8033)
(25.0136)
(17.2202)
A2(2.0877)
(12.5169)
(15.8688)
A3(7.4555)
(17.3292)
(-34.1509)
A4(-3.5769)
(11.4634)
(0.9146)
G1(-9.7180)
(-0.7045)
(-3.6530)
G2(0.9881)
(1.5644)
(-0.0463)
G3(1.1446)
(2.2173)
(-2.7164)
G4(-0.4049)
(2.1460)
(-0.3097)
A1(-5.5996)
(-6.0115)
(1.5568)
A2(11.7986)
(5.4636)
(1.2306)
A3(-25.9340)
(18.0571)
(-17.4633)
A4(4.1468)
(10.3382)
(-0.9433)
G1(-6.2348)
(-1.7890)
(-2.4451)
G2(2.3216)
(4.1936)
(2.0556)
G3(-12.7957)
(-6.3023)
(2.7744)
G4(0.3406)
(0.7375)
(-0.3927)
A1(-15.9365)
(6.4857)
(28.5151)
A2(-4.8842)
(6.7612)
(6.2728)
A3(1.4700)
(25.7999)
(9.6726)
A4(-4.0031)
(9.9024)
(-1.6855)
G1(-4.9024)
(-2.2306)
(-0.9530)
G2(0.6534)
(0.0809)
(-0.6619)
G3(-16.4125)
(8.9672)
(0.2283)
G4(0.7886)
(0.4140)
(0.1038)
A1(-7.4677)
(10.2555)
(-6.5336)
A2(7.5848)
(7.1012)
(2.9353)
A3(1.0008)
(28.5724)
(-1.2546)
A4(-3.5626)
(7.6854)
(-4.7980)
G1(-2.1577)
(2.4291)
(1.0541)
G2(0.0883)
(3.3353)
(-0.0021)
G3(-6.3348)
(-2.2338)
(1.2840)
G4(1.0887)
(1.3196)
(-0.9993)
A1(12.9954)
(-8.6508)
(0.3784)
A2(-7.0964)
(14.5328)
(-0.4884)
A3(-4.4532)
(-1.0678)
(-34.0599)
A4(10.2903)
(12.2104)
(-6.3015)
G1(-0.7258)
(-1.3633)
(1.3271)
G2(0.9009)
(0.1160)
(0.6306)
G3(-2.9990)
(4.7762)
(-0.4890)
G4(0.7529)
(0.9147)
(0.1937)
A1(0.2970)
(2.0214)
(-1.1975)
A2(-7.4891)
(11.9710)
(4.8507)
A3(15.5527)
(0.2251)
(-15.7251)
A4(8.2887)
(5.4061)
(-8.6957)
G1(2.6403)
(-2.3738)
(1.4793)
G2(1.0924)
(3.3081)
(0.3570)
G3(-3.2799)
(0.1687)
(1.4878)
G4(0.0654)
(0.3656)
(0.3895)
A1(-5.2355)
(-2.3567)
(9.4891)
A2(-1.3599)
(1.1779)
(7.3263)
A3(1.2833)
(-6.9001)
(-12.5121)
A4(-1.3168)
(8.2073)
(-5.6599)
G1(5.3914)
(0.5092)
(2.4860)
G2(-0.1032)
(-1.7762)
(0.6965)
G3(4.0813)
(-0.4901)
(1.8486)
G4(0.2405)
(-0.0282)
(-0.4672)
A1(-11.9128)
(-0.8047)
(12.3631)
A2(7.4412)
(11.2240)
(1.7047)
A3(0.7039)
(11.3964)
(-0.7853)
A4(-1.0295)
(9.1171)
(-6.2297)
G1(4.9151)
(2.2705)
(3.4550)
G2(-1.0233)
(0.4417)
(-0.7593)
G3(5.9017)
(-0.4917)
(1.9156)
G4(0.2969)
(0.6827)
(-0.5784)
A1(-5.6187)
(2.4238)
(6.2797)
A2(-0.1341)
(10.4052)
(4.4005)
A3(-1.2689)
(14.4083)
(4.1899)
A4(-0.4310)
(11.2671)
(-5.0853)
G1(2.9043)
(2.4365)
(4.0845)
G2(-0.2692)
(-1.5570)
(0.2405)
G3(7.3277)
(1.3228)
(1.2271)
G4(-0.0532)
(1.3127)
(-0.4603)
A1(-11.2710)
(10.2986)
(9.2256)
A2(-8.7580)
(10.2376)
(3.1173)
A3(-3.5578)
(14.1258)
(-0.0048)
A4(-0.2203)
(6.9576)
(-6.1531)
G1(2.7537)
(-1.5463)
(3.0038)
G2(0.2852)
(2.3136)
(-0.0564)
G3(6.1081)
(4.0957)
(0.9972)
G4(0.2458)
(0.6337)
(-0.3576)
A1(-10.0160)
(8.0521)
(4.6942)
A2(12.6222)
(8.4803)
(0.2394)
A3(-11.6789)
(19.2207)
(-0.0910)
A4(-0.4214)
(8.6766)
(-5.7221)
G1(2.7617)
(-0.5396)
(1.4920)
G2(0.7082)
(-1.5027)
(1.1829)
G3(2.4355)
(2.6169)
(0.3310)
G4(0.4161)
(0.6678)
(-0.2400)
A1(-1.8490)
(9.3310)
(5.9013)
A2(1.1396)
(6.4835)
(4.1851)
A3(-7.0868)
(14.1258)
(3.0885)
A4(-1.7478)
(7.9535)
(-8.1977)
G1(1.2691)
(-0.7684)
(0.7705)
G2(0.6667)
(1.7379)
(0.4459)
G3(-0.5800)
(0.4959)
(0.3283)
G4(0.2405)
(-0.1942)
(0.4001)
A1(-6.4618)
(6.3708)
(2.0741)
A2(1.6807)
(11.3677)
(0.9002)
A3(-12.4546)
(15.2032)
(4.5059)
A4(-0.0383)
(8.1834)
(-6.9049)
G1(1.7911)
(-1.4000)
(0.5811)
G2(0.3453)
(-0.2682)
(0.3714)
G3(-0.4959)
(0.8572)
(0.0559)
G4(0.2613)
(0.6795)
(0.0458)
A1(-3.5303)
(8.3730)
(0.5173)
A2(-0.3687)
(9.7588)
(1.6137)
A3(-7.2592)
(9.5720)
(-0.5028)
A4(0.1245)
(8.0110)
(-4.8459)
G1(0.8977)
(-0.3028)
(0.6753)
G2(0.9876)
(-0.8663)
(0.0415)
G3(-0.2661)
(1.5804)
(-0.2959)
G4(0.4188)
(0.5321)
(0.2458)
A1(3.1902)
(9.5705)
(0.4407)
A2(-1.4605)
(10.2472)
(2.9305)
A3(-0.1149)
(10.6015)
(1.9728)
A4(1.8483)
(5.5641)
(-8.2073)
G1(-0.2410)
(-0.6284)
(0.1256)
G2(1.1536)
(0.7322)
(0.5390)
G3(0.4156)
(0.3421)
(0.9019)
G4(0.5832)
(0.5954)
(0.2256)
A1(1.8777)
(14.7006)
(5.9828)
A2(-0.2873)
(6.3686)
(0.0192)
A3(-10.1945)
(9.3278)
(1.6137)
A4(0.9146)
(7.0725)
(-8.8442)
G1(-0.6566)
(-1.5266)
(2.2876)
G2(0.8775)
(0.4273)
(0.9461)
G3(-0.4363)
(-5.5515)
(1.0557)
G4(0.3847)
(0.6146)
(0.1793)
