A1(1.8011)
(7.0749)
(8.9238)
A2(0.3735)
(8.7676)
(1.2833)
A3(5.5402)
(7.7812)
(1.0774)
A4(-0.1293)
(8.1882)
(-2.8204)
G1(-0.8567)
(-0.5023)
(0.1889)
G2(-0.2687)
(-1.4500)
(-0.0096)
G3(0.8881)
(0.1320)
(2.2083)
G4(0.5624)
(-0.8870)
(0.4906)
A1(7.0557)
(13.4792)
(2.5675)
A2(-1.4030)
(9.5529)
(-0.0958)
A3(4.2856)
(4.4293)
(-5.1667)
A4(1.8914)
(26.7049)
(10.1754)
G1(3.8115)
(-1.4309)
(-0.4464)
G2(0.5587)
(-1.0765)
(0.2097)
G3(0.3576)
(-1.7363)
(3.1618)
G4(2.7053)
(-1.4202)
(0.9163)
A1(-2.6106)
(8.9143)
(7.5922)
A2(-0.4405)
(10.4962)
(3.3327)
A3(14.3604)
(75.6041)
(-5.4253)
A4(-13.6469)
(13.0532)
(-31.7136)
G1(0.3815)
(-8.9012)
(-1.0834)
G2(0.5023)
(-2.2285)
(0.3970)
G3(-1.6059)
(4.6171)
(-2.8564)
G4(0.2059)
(-0.3501)
(5.0726)
A1(2.3950)
(17.1531)
(4.7182)
A2(1.0199)
(8.7340)
(8.0541)
A3(-6.9623)
(-10.7883)
(0.5842)
A4(-24.1958)
(7.0964)
(-29.1422)
G1(0.5034)
(1.6070)
(0.2214)
G2(-0.7396)
(-0.8519)
(1.2382)
G3(-0.5279)
(-3.0543)
(0.4651)
G4(-5.5175)
(2.9522)
(0.1729)
A1(1.0442)
(9.1633)
(0.7616)
A2(6.5362)
(34.4095)
(9.9072)
A3(-1.3599)
(25.5126)
(5.5498)
A4(15.2846)
(2.8874)
(-13.5464)
G1(-2.3940)
(-6.9356)
(-0.1431)
G2(-7.1010)
(-2.6105)
(3.0426)
G3(0.5358)
(0.4321)
(-0.7333)
G4(-13.4609)
(4.6150)
(-0.0984)
A1(15.2227)
(3.8225)
(2.3136)
A2(10.5680)
(28.3186)
(9.2512)
A3(-1.1827)
(4.1515)
(0.7183)
A4(-14.8153)
(18.4210)
(5.0039)
G1(-1.4463)
(-5.7915)
(0.2261)
G2(-7.8327)
(1.3047)
(4.0079)
G3(-0.7120)
(-2.1237)
(-0.0591)
G4(-13.8711)
(-0.4619)
(6.8972)
A1(-6.9887)
(12.1140)
(-0.7472)
A2(-10.3094)
(4.5633)
(-1.3647)
A3(0.0910)
(8.9878)
(0.4836)
A4(-20.4944)
(-8.2456)
(-20.0107)
G1(0.5188)
(1.0424)
(0.0559)
G2(-5.6792)
(-1.3026)
(2.4248)
G3(0.8567)
(-1.8528)
(0.8088)
G4(-2.3019)
(2.5999)
(-3.2267)
A1(1.8298)
(10.8686)
(4.0380)
A2(2.7964)
(12.2583)
(3.6440)
A3(0.4932)
(-1.5562)
(-12.4403)
A4(1.4796)
(-4.3239)
(-8.4755)
G1(-0.2373)
(0.9493)
(0.2831)
G2(-6.2188)
(1.5942)
(0.1155)
G3(1.5591)
(0.6683)
(-0.9307)
G4(4.5272)
(-0.0223)
(-6.1374)
A1(5.2499)
(12.8756)
(6.2414)
A2(3.3184)
(3.0119)
(4.2138)
A3(1.3695)
(9.2273)
(-8.3701)
A4(2.0303)
(-1.3024)
(-5.0182)
G1(0.4597)
(1.2712)
(-0.6087)
G2(-2.3046)
(2.9538)
(-2.3557)
G3(0.3262)
(1.0440)
(0.3432)
G4(4.9486)
(-1.5096)
(-5.3227)
A1(5.7145)
(9.1202)
(7.4341)
A2(3.8595)
(-1.2737)
(3.8020)
A3(3.0789)
(10.4722)
(-7.4220)
A4(5.5737)
(11.8465)
(-3.2705)
G1(-0.1298)
(-1.7464)
(-1.1398)
G2(2.2157)
(2.9091)
(-1.6884)
G3(0.2022)
(0.2368)
(-0.2395)
G4(5.6383)
(-2.4929)
(-1.4426)
A1(-0.4598)
(8.8328)
(3.5829)
A2(7.4986)
(-4.5394)
(9.1459)
A3(0.2490)
(8.9974)
(-7.7812)
A4(11.0516)
(18.9238)
(-8.3031)
G1(-0.0271)
(-1.3580)
(-1.6176)
G2(5.6489)
(-1.1696)
(-2.7867)
G3(-0.2267)
(-1.4037)
(1.5298)
G4(2.0124)
(-2.2774)
(-0.1219)
A1(-1.0490)
(11.5200)
(0.7185)
A2(5.5976)
(3.4429)
(8.4803)
A3(0.9098)
(6.2201)
(-5.5833)
A4(6.2584)
(29.5014)
(5.0135)
G1(-0.4922)
(-0.4832)
(-0.7450)
G2(4.3250)
(-1.1605)
(-5.0907)
G3(0.3203)
(-1.0360)
(0.4901)
G4(1.1084)
(0.6779)
(-2.2886)
A1(-0.8287)
(12.3535)
(-1.7292)
A2(3.9456)
(8.7484)
(12.8233)
A3(3.4237)
(10.3765)
(-4.2665)
A4(25.0290)
(17.4394)
(8.8538)
G1(0.5603)
(1.2052)
(-0.4305)
G2(4.5544)
(3.1996)
(-4.4149)
G3(0.4778)
(-1.7773)
(0.8647)
G4(0.8455)
(4.6193)
(-1.9183)
A1(-0.8574)
(18.5422)
(2.1268)
A2(10.2807)
(12.3541)
(0.3208)
A3(2.8156)
(3.4237)
(-10.8170)
A4(-6.5745)
(1.8531)
(-7.1826)
G1(-0.8173)
(-0.8620)
(-0.2512)
G2(6.4519)
(0.3182)
(-1.5346)
G3(0.4049)
(-0.0979)
(-0.7003)
G4(0.0154)
(-1.3069)
(-0.1485)
A1(-0.3066)
(8.1862)
(2.0406)
A2(-1.5897)
(12.3349)
(5.5785)
A3(-0.1197)
(5.4779)
(-10.1610)
A4(-0.6847)
(9.5529)
(-3.8642)
G1(0.1107)
(-0.3672)
(-0.9855)
G2(-2.4472)
(-1.1095)
(-0.3400)
G3(-0.2820)
(-0.5928)
(-0.0660)
G4(-0.2033)
(-1.2084)
(-0.2070)
A1(-1.2502)
(7.9850)
(3.2764)
A2(6.3494)
(11.1187)
(1.1492)
A3(3.2034)
(2.2984)
(-7.5082)
A4(1.5371)
(9.6199)
(-3.4764)
G1(0.5247)
(-2.1865)
(-0.2506)
G2(1.7091)
(-1.9321)
(-0.8296)
G3(-0.4103)
(-1.5591)
(1.4601)
G4(-0.0021)
(-0.5667)
(0.0202)
A1(-2.2082)
(9.2783)
(2.9315)
A2(-2.9161)
(8.7005)
(5.0422)
A3(-1.2115)
(5.7461)
(-4.9560)
A4(1.9968)
(9.5385)
(-2.4229)
G1(1.4777)
(-0.4049)
(-0.1054)
G2(0.5082)
(-0.3624)
(-0.4129)
G3(-1.3548)
(-0.8062)
(0.7061)
G4(-0.0367)
(-0.4874)
(0.2027)
A1(-1.2550)
(10.0160)
(2.8549)
A2(1.7526)
(8.7867)
(2.0830)
A3(-0.9673)
(7.7428)
(-5.6790)
A4(0.2586)
(9.5241)
(-3.3662)
G1(1.7198)
(0.2661)
(-0.0351)
G2(-0.6492)
(-0.5193)
(-0.4454)
G3(-1.2765)
(-0.5066)
(0.5635)
G4(0.1410)
(0.0468)
(0.0814)
A1(-0.3928)
(10.6195)
(0.7664)
A2(0.6129)
(8.2025)
(2.6001)
A3(-4.6543)
(7.5465)
(-5.1427)
A4(2.0016)
(8.6670)
(-4.8507)
G1(0.4970)
(-1.0935)
(0.0101)
G2(0.7769)
(-1.1270)
(0.1751)
G3(-1.1478)
(-0.5018)
(0.2671)
G4(0.0500)
(0.2937)
(0.1027)
A1(-1.4562)
(9.0963)
(-0.9388)
A2(0.0862)
(9.6295)
(1.5897)
A3(-1.4509)
(10.0748)
(-4.1946)
A4(2.4038)
(8.9352)
(-4.0941)
G1(0.9977)
(1.0557)
(0.1479)
G2(-0.7295)
(0.1804)
(-0.2043)
G3(-0.1368)
(0.5561)
(-0.2522)
G4(-0.1788)
(0.1644)
(0.2150)
