A1(-0.9676)
(12.1475)
(8.6700)
A2(1.1013)
(9.5529)
(-0.2251)
A3(2.4469)
(7.2449)
(-2.2841)
A4(1.1923)
(15.1649)
(4.3814)
G1(1.8055)
(-1.6150)
(-0.3672)
G2(0.4720)
(-0.6268)
(0.2613)
G3(0.7120)
(-2.0736)
(2.0407)
G4(1.8140)
(-0.0697)
(0.2751)
A1(3.2333)
(11.7835)
(10.7920)
A2(-0.7709)
(9.4571)
(1.4269)
A3(0.5698)
(5.2529)
(-3.4668)
A4(3.4333)
(34.0599)
(20.2837)
G1(0.6917)
(-3.2363)
(-0.9461)
G2(0.6667)
(-1.1084)
(0.3751)
G3(0.6880)
(-0.8274)
(1.9848)
G4(3.4103)
(-1.2728)
(0.6252)
A1(-1.7723)
(5.5756)
(5.4223)
A2(-1.1540)
(9.9120)
(2.4852)
A3(16.6493)
(-3.3471)
(-3.6488)
A4(-9.0405)
(13.9965)
(-35.4677)
G1(0.2783)
(-3.6492)
(-0.5534)
G2(-1.0483)
(-1.7017)
(0.5784)
G3(0.2304)
(1.9991)
(-1.1430)
G4(-0.7960)
(1.0680)
(4.3809)
A1(6.1360)
(11.6973)
(5.1206)
A2(2.6576)
(12.1817)
(8.8921)
A3(-3.2753)
(10.3142)
(0.7087)
A4(-26.5948)
(4.0797)
(-30.0616)
G1(0.2410)
(-1.5091)
(1.2063)
G2(-2.9240)
(-2.9240)
(0.5369)
G3(-0.3735)
(-2.8936)
(1.6985)
G4(-11.4005)
(5.0939)
(-0.9131)
A1(5.1972)
(6.1312)
(4.8140)
A2(-9.8545)
(31.2060)
(12.4594)
A3(0.7087)
(20.4513)
(1.0726)
A4(7.3933)
(15.4234)
(3.9696)
G1(-1.7858)
(-2.5281)
(0.2666)
G2(-6.3731)
(-3.1097)
(3.1118)
G3(0.8801)
(0.3517)
(-0.2474)
G4(-14.9236)
(-6.2821)
(6.9510)
A1(2.5818)
(6.8593)
(2.0549)
A2(10.9942)
(18.6365)
(26.1399)
A3(-3.3471)
(11.0038)
(-4.8554)
A4(-1.6281)
(39.6911)
(32.9203)
G1(-0.8120)
(-1.7379)
(-0.5869)
G2(-10.8610)
(-1.0866)
(4.4070)
G3(0.7253)
(-1.0355)
(1.1712)
G4(-14.5171)
(-0.7226)
(8.1764)
A1(-8.2628)
(9.5513)
(-2.4860)
A2(0.7518)
(-0.6321)
(6.8570)
A3(5.1332)
(4.8171)
(-3.0646)
A4(-21.8255)
(1.7142)
(-19.7091)
G1(-0.5098)
(-0.9163)
(-1.0477)
G2(-5.1679)
(0.9445)
(1.4644)
G3(1.1595)
(-0.8014)
(0.0011)
G4(-3.4188)
(-0.9216)
(-0.0857)
A1(-0.3449)
(10.6578)
(1.8250)
A2(4.5538)
(-18.8807)
(11.4730)
A3(6.8283)
(3.1747)
(-7.9631)
A4(0.9577)
(-1.2067)
(-16.8648)
G1(0.5241)
(-0.6726)
(-0.3900)
G2(-5.0178)
(0.8610)
(5.7473)
G3(1.3893)
(-0.7343)
(0.5784)
G4(0.3549)
(3.3619)
(-3.8413)
A1(2.8884)
(13.6181)
(4.8715)
A2(14.5041)
(8.5712)
(-0.3783)
A3(3.3950)
(3.7685)
(-11.4491)
A4(-4.3287)
(5.3151)
(-4.9512)
G1(0.9716)
(-0.2112)
(-0.9637)
G2(-2.7351)
(1.5830)
(-1.1228)
G3(0.8141)
(0.2863)
(-0.1501)
G4(4.2867)
(-1.8039)
(-4.1936)
A1(6.3516)
(6.9551)
(3.9326)
A2(-7.1778)
(-8.3941)
(5.2050)
A3(1.0104)
(-3.4524)
(-9.3996)
A4(7.0964)
(12.3110)
(-0.8284)
G1(-0.2400)
(-0.1804)
(-0.3171)
G2(-0.6747)
(0.9583)
(-1.7182)
G3(0.2767)
(0.6337)
(0.5449)
G4(4.0744)
(-1.9204)
(-4.0111)
A1(3.1423)
(4.4835)
(2.7782)
A2(2.2553)
(0.2442)
(6.9959)
A3(9.4379)
(9.7683)
(-0.6081)
A4(5.3965)
(12.8090)
(-0.5650)
G1(-0.6683)
(-0.7450)
(-0.4299)
G2(4.0584)
(-0.0692)
(-2.6941)
G3(-0.6029)
(0.3938)
(-0.0181)
G4(2.7888)
(-4.8933)
(-2.2764)
A1(0.0766)
(8.8999)
(1.9687)
A2(3.4524)
(-0.4884)
(9.0166)
A3(0.6608)
(13.7954)
(-4.7692)
A4(14.0492)
(18.3109)
(1.6089)
G1(0.0740)
(-2.1258)
(-0.7811)
G2(4.4245)
(0.3746)
(-3.2336)
G3(-0.3555)
(-0.6316)
(0.7721)
G4(1.6134)
(-4.2979)
(-3.3135)
A1(3.1902)
(11.4386)
(2.2896)
A2(6.4883)
(-0.6704)
(6.9815)
A3(1.2402)
(7.9535)
(-7.5896)
A4(16.1561)
(15.6581)
(-0.4645)
G1(0.2959)
(0.7950)
(-0.6832)
G2(3.8307)
(-2.2939)
(-4.7688)
G3(-0.2027)
(-1.3548)
(1.0461)
G4(0.1133)
(-2.0284)
(-1.2584)
A1(1.5568)
(7.5683)
(2.5675)
A2(0.9577)
(8.8729)
(6.6224)
A3(2.5379)
(12.0811)
(-4.5490)
A4(7.3933)
(10.4052)
(-7.8721)
G1(0.8258)
(0.8237)
(-0.3331)
G2(2.7622)
(-0.2320)
(-5.0247)
G3(0.3507)
(0.2187)
(0.0830)
G4(-0.2171)
(-0.9248)
(-2.5084)
A1(1.0825)
(10.0591)
(1.2789)
A2(8.2217)
(10.6829)
(7.3598)
A3(1.0582)
(7.8051)
(-7.4795)
A4(4.6783)
(9.4044)
(1.1492)
G1(1.4175)
(0.4911)
(-0.8296)
G2(2.5664)
(2.7393)
(-1.9608)
G3(0.2160)
(0.1570)
(-0.5188)
G4(0.8248)
(-0.7785)
(-0.2501)
A1(3.0417)
(9.0053)
(2.6585)
A2(10.1418)
(11.7986)
(5.6264)
A3(4.3910)
(4.7597)
(-7.7907)
A4(4.4245)
(8.9399)
(1.3360)
G1(0.8588)
(0.4523)
(-0.7519)
G2(4.1223)
(0.2102)
(-1.1462)
G3(0.1745)
(0.1373)
(-0.5257)
G4(-0.0468)
(-0.7439)
(-0.2070)
A1(-0.7712)
(9.2017)
(1.3125)
A2(4.0558)
(7.8195)
(9.3901)
A3(1.7382)
(7.3502)
(-6.9959)
A4(6.2297)
(9.9886)
(-4.8554)
G1(1.1201)
(-0.7210)
(-0.7992)
G2(-1.3388)
(-2.3801)
(-0.1777)
G3(-0.1112)
(0.1692)
(-0.6146)
G4(-0.0851)
(1.0695)
(-1.1307)
A1(-2.5387)
(9.9010)
(-0.9293)
A2(3.6583)
(7.9200)
(2.6336)
A3(1.0104)
(8.9016)
(-6.8666)
A4(4.0270)
(10.2376)
(0.6033)
G1(0.6981)
(-0.3533)
(-0.8205)
G2(0.8248)
(1.5639)
(-0.3017)
G3(0.1038)
(-0.3118)
(-0.4417)
G4(0.4379)
(-0.5917)
(-0.5390)
A1(-3.2524)
(7.1659)
(-3.9949)
A2(0.8906)
(11.1857)
(3.0023)
A3(0.6225)
(6.6846)
(-7.0294)
A4(5.9137)
(9.0788)
(-2.5331)
G1(0.6231)
(-0.3485)
(-0.3943)
G2(1.0328)
(-0.3257)
(-0.9711)
G3(0.1064)
(-1.1648)
(-0.0628)
G4(0.3395)
(0.3459)
(-0.9562)
A1(-3.2429)
(10.0399)
(-2.7447)
A2(6.0525)
(8.1786)
(0.7901)
A3(0.7805)
(5.8419)
(-6.6798)
A4(0.1437)
(8.9543)
(-3.6679)
G1(0.5114)
(-0.9381)
(-0.4784)
G2(1.2276)
(0.9663)
(-0.2490)
G3(0.0612)
(-0.9355)
(-0.3602)
G4(0.1511)
(-1.0610)
(-0.3203)
