A1(-0.7808)
(7.4533)
(-2.0693)
A2(3.0454)
(7.8338)
(3.6631)
A3(-0.3974)
(8.2265)
(-5.6407)
A4(5.6743)
(6.9815)
(-4.9368)
G1(0.6593)
(1.6671)
(-0.6375)
G2(-0.4991)
(0.0814)
(-0.2448)
G3(-0.2022)
(0.3762)
(-0.2112)
G4(1.1270)
(1.3691)
(-0.9237)
A1(-0.1293)
(9.2687)
(-1.8011)
A2(3.4716)
(8.2744)
(4.1420)
A3(-0.2107)
(8.1259)
(-5.2289)
A4(-9.8162)
(5.8419)
(-1.1205)
G1(0.5965)
(1.8752)
(-0.5699)
G2(-0.8716)
(0.4246)
(0.2203)
G3(-0.2847)
(0.8594)
(-0.2703)
G4(1.1142)
(2.4067)
(-2.0965)
A1(1.5280)
(11.9464)
(-1.9687)
A2(5.7509)
(5.5402)
(5.0757)
A3(0.1389)
(9.1075)
(-3.5530)
A4(6.7900)
(8.8155)
(-3.4955)
G1(0.4342)
(2.0055)
(-0.6188)
G2(-1.2042)
(1.9662)
(1.4676)
G3(0.0883)
(0.5960)
(-0.4150)
G4(1.2015)
(2.0556)
(-1.3393)
A1(0.7089)
(12.9044)
(0.5844)
A2(1.4461)
(7.3981)
(1.7813)
A3(0.8954)
(10.6781)
(-2.8874)
A4(4.6926)
(5.8466)
(-0.8380)
G1(0.2331)
(1.9752)
(-1.3931)
G2(0.1187)
(1.2989)
(0.8136)
G3(0.4661)
(0.6598)
(-0.6598)
G4(1.2760)
(0.3352)
(-0.1485)
A1(-7.0414)
(14.9880)
(9.6759)
A2(8.9639)
(5.3247)
(12.1721)
A3(10.1514)
(22.8790)
(17.1329)
A4(0.4980)
(10.9367)
(-9.4427)
G1(-10.4007)
(2.7553)
(-0.2815)
G2(0.6604)
(4.0063)
(-0.3677)
G3(2.6904)
(1.0871)
(-2.4983)
G4(-0.5263)
(0.6279)
(-0.5555)
A1(-1.3173)
(18.2165)
(-3.7793)
A2(10.6877)
(8.8873)
(12.6749)
A3(-2.2505)
(32.5564)
(12.3254)
A4(-3.9025)
(10.8984)
(-5.8802)
G1(-9.1869)
(5.6739)
(-1.7884)
G2(0.6268)
(-2.2072)
(0.1607)
G3(5.0423)
(1.6708)
(-2.2274)
G4(-0.5736)
(2.5025)
(-0.5970)
A1(4.4643)
(20.8798)
(-6.9599)
A2(0.1293)
(6.0669)
(3.8068)
A3(25.1343)
(1.1109)
(-23.3722)
A4(1.5275)
(8.0780)
(-6.2824)
G1(-5.7505)
(-0.8971)
(-2.2620)
G2(2.5414)
(6.0081)
(1.2036)
G3(-7.8646)
(-0.4124)
(1.7916)
G4(-0.3858)
(1.0461)
(-0.8966)
A1(3.7985)
(-4.7373)
(7.5683)
A2(1.9154)
(7.6184)
(1.9393)
A3(-20.1544)
(15.7874)
(-25.6994)
A4(3.4812)
(3.2609)
(-2.0542)
G1(-4.7209)
(-2.4435)
(-1.8704)
G2(1.9167)
(6.6243)
(0.5795)
G3(-12.5664)
(-5.8149)
(3.3502)
G4(-0.0596)
(3.1145)
(-1.7209)
A1(-32.6920)
(-8.9670)
(8.1574)
A2(6.6750)
(6.8666)
(5.8514)
A3(-2.9736)
(11.6837)
(0.4980)
A4(-2.3703)
(9.9407)
(-4.5394)
G1(-5.4121)
(-4.3250)
(-3.8647)
G2(0.5880)
(0.9206)
(0.1304)
G3(-17.1399)
(6.6408)
(3.0027)
G4(0.7141)
(3.7067)
(-1.2553)
A1(-12.6361)
(7.7599)
(0.2108)
A2(0.8571)
(5.7844)
(2.1500)
A3(10.4339)
(34.9984)
(-13.5272)
A4(-9.9982)
(13.1490)
(-6.3063)
G1(-2.6914)
(-0.5773)
(1.2095)
G2(-0.5156)
(6.8169)
(0.0527)
G3(-8.1243)
(-0.4502)
(-1.4144)
G4(0.3555)
(0.8546)
(1.0371)
A1(5.9540)
(-12.8181)
(1.0203)
A2(-3.5769)
(4.4293)
(1.1444)
A3(2.8252)
(10.1945)
(-28.5245)
A4(0.6752)
(-1.4030)
(-9.9838)
G1(-0.6806)
(-0.3555)
(2.2647)
G2(0.6055)
(2.0188)
(2.1093)
G3(-3.6051)
(4.7789)
(-1.7528)
G4(0.0995)
(-2.1817)
(1.9656)
A1(-1.4562)
(-0.0287)
(5.6379)
A2(22.1751)
(15.3277)
(1.0008)
A3(-0.0814)
(-5.4588)
(-18.8855)
A4(6.3542)
(7.6231)
(-7.2975)
G1(3.9866)
(-0.1027)
(3.3608)
G2(-1.2366)
(1.2584)
(-0.9791)
G3(3.1262)
(4.0590)
(0.4810)
G4(0.1506)
(1.4841)
(-1.3510)
A1(-6.8019)
(-1.2502)
(10.3944)
A2(-0.5171)
(4.4101)
(2.0111)
A3(10.9894)
(-0.4022)
(-11.2671)
A4(-0.1628)
(2.6576)
(-9.4092)
G1(4.2952)
(0.3384)
(3.5896)
G2(0.9605)
(-4.5102)
(-0.0239)
G3(3.1576)
(1.4734)
(2.7750)
G4(-0.5066)
(0.2841)
(-0.4475)
A1(-11.0027)
(1.6334)
(9.4268)
A2(4.0558)
(11.6023)
(7.5513)
A3(-3.5482)
(12.3397)
(0.9002)
A4(2.1835)
(15.6724)
(-6.1675)
G1(3.7402)
(1.9018)
(3.9201)
G2(0.1995)
(0.7721)
(-0.7588)
G3(4.4431)
(-0.5252)
(3.5902)
G4(0.1836)
(0.7168)
(-0.0724)
A1(-0.5509)
(4.8954)
(6.3372)
A2(-2.1644)
(10.4196)
(1.0343)
A3(-8.8873)
(21.4425)
(10.4387)
A4(3.8403)
(7.2640)
(-6.9192)
G1(2.1136)
(-0.4816)
(3.8855)
G2(0.5209)
(-0.7003)
(0.8461)
G3(6.4396)
(2.6249)
(3.2124)
G4(0.5135)
(1.2526)
(-0.2959)
A1(-11.8601)
(13.4792)
(8.1239)
A2(-1.1444)
(10.7739)
(8.8490)
A3(-9.6822)
(16.9270)
(5.9807)
A4(0.9337)
(6.6607)
(-8.2169)
G1(3.2305)
(-0.2182)
(2.1833)
G2(0.1336)
(-1.4750)
(0.6226)
G3(5.7591)
(3.6971)
(2.6739)
G4(0.4145)
(1.4330)
(-0.2873)
A1(-5.6283)
(7.1659)
(5.1206)
A2(4.3287)
(9.4284)
(1.2354)
A3(-15.0883)
(19.5367)
(0.9098)
A4(-2.3511)
(5.7557)
(-8.8202)
G1(2.4983)
(-0.0841)
(1.1770)
G2(-0.0218)
(1.4995)
(0.7396)
G3(1.0807)
(1.4500)
(0.8514)
G4(0.0851)
(0.8375)
(-0.1128)
A1(-6.0977)
(9.4076)
(3.5494)
A2(1.9154)
(10.4866)
(3.4860)
A3(-5.4971)
(12.7228)
(3.0598)
A4(-0.8715)
(6.6176)
(-9.5481)
G1(2.0300)
(0.9690)
(1.2941)
G2(0.8046)
(-0.2692)
(1.0307)
G3(0.6087)
(1.9113)
(0.5284)
G4(-0.0553)
(0.3246)
(0.1288)
A1(-6.0115)
(9.6328)
(3.1758)
A2(-0.9864)
(10.8553)
(-0.6225)
A3(-5.3486)
(10.1754)
(0.6033)
A4(0.6464)
(8.9016)
(-6.2728)
G1(1.0419)
(0.5885)
(0.7524)
G2(0.2724)
(0.4182)
(0.2932)
G3(0.4858)
(1.6474)
(0.3347)
G4(-0.2352)
(0.2054)
(0.5225)
A1(-3.1614)
(8.3586)
(1.2694)
A2(1.2402)
(11.2432)
(1.6999)
A3(-10.7691)
(9.3613)
(-5.4205)
A4(1.5993)
(8.7771)
(-5.3199)
G1(0.0490)
(-0.0623)
(0.6838)
G2(0.9775)
(0.3294)
(0.3868)
G3(-0.8104)
(0.5566)
(0.9291)
G4(-0.2182)
(-0.0069)
(0.6928)
