A1(1.1448)
(6.6294)
(5.9301)
A2(0.3256)
(9.4810)
(0.0766)
A3(4.2473)
(7.7237)
(-1.9201)
A4(1.4940)
(11.5784)
(3.6440)
G1(-0.4587)
(-1.2505)
(0.3831)
G2(0.2735)
(-1.3617)
(0.1580)
G3(1.0211)
(-0.9051)
(1.3617)
G4(1.5878)
(-0.3076)
(0.2437)
A1(3.7602)
(9.4843)
(0.5892)
A2(-2.0016)
(8.7676)
(1.3551)
A3(-2.7102)
(8.1116)
(-1.8914)
A4(-1.8196)
(33.0017)
(10.0987)
G1(0.3177)
(-2.0699)
(-0.4342)
G2(0.0202)
(-1.0605)
(0.2916)
G3(0.9472)
(-0.9514)
(1.6847)
G4(2.8963)
(-2.2684)
(1.8603)
A1(4.5026)
(10.8638)
(6.8929)
A2(-2.5187)
(7.3071)
(2.6001)
A3(-7.5609)
(14.3461)
(1.2210)
A4(-4.6495)
(14.0971)
(-14.0731)
G1(0.7104)
(-6.5115)
(-0.0420)
G2(-0.9009)
(-0.5827)
(0.1250)
G3(0.2059)
(1.3665)
(-0.7199)
G4(2.1827)
(-0.9929)
(4.3772)
A1(4.4452)
(6.8162)
(3.9470)
A2(5.0087)
(6.8522)
(6.2632)
A3(0.8906)
(9.8928)
(-8.6574)
A4(-6.3111)
(-0.0287)
(-30.5165)
G1(0.6816)
(-1.7017)
(-0.0266)
G2(-3.0479)
(-4.8199)
(0.5380)
G3(0.8604)
(-0.6593)
(1.2787)
G4(-7.4187)
(5.3733)
(-0.9259)
A1(3.3195)
(6.5671)
(6.8402)
A2(1.2450)
(12.7324)
(17.6884)
A3(7.8290)
(10.5058)
(0.1532)
A4(5.3965)
(7.3358)
(-18.4641)
G1(0.8631)
(-1.1786)
(0.6795)
G2(-9.2625)
(-6.3838)
(-0.0436)
G3(0.0388)
(-1.0419)
(0.5651)
G4(-10.1096)
(6.1427)
(-2.1242)
A1(6.6582)
(9.9106)
(6.1504)
A2(7.1682)
(14.5951)
(20.5758)
A3(0.4980)
(17.8943)
(0.6847)
A4(-3.1077)
(22.8455)
(-0.2490)
G1(-1.3521)
(-2.4914)
(-0.2634)
G2(-8.4265)
(-1.3691)
(4.9114)
G3(0.4661)
(0.1596)
(0.9344)
G4(-10.8865)
(-0.1426)
(7.4272)
A1(3.6213)
(6.0881)
(-0.7041)
A2(4.7309)
(16.8265)
(3.8164)
A3(-2.9305)
(9.7875)
(-7.2544)
A4(19.8240)
(32.6378)
(11.2384)
G1(-1.7352)
(-2.5733)
(-1.3287)
G2(-5.8176)
(-0.0617)
(5.2844)
G3(0.4347)
(-1.4255)
(1.6352)
G4(-3.1022)
(2.6425)
(5.1413)
A1(-2.3854)
(8.3395)
(-0.4407)
A2(1.4126)
(-14.1306)
(0.4262)
A3(3.1939)
(7.5226)
(-7.3119)
A4(-16.9988)
(-7.5130)
(-12.1578)
G1(-0.3852)
(0.4746)
(-0.8652)
G2(-3.3002)
(-0.1165)
(0.7503)
G3(0.1692)
(-2.1439)
(0.9110)
G4(-2.0305)
(0.8993)
(-0.6689)
A1(-0.9915)
(9.3933)
(1.5999)
A2(3.2130)
(-9.2464)
(17.1616)
A3(6.1292)
(1.1636)
(-7.1347)
A4(-2.2362)
(-4.3527)
(-11.1474)
G1(0.2038)
(0.2160)
(-0.2852)
G2(-3.9988)
(1.8262)
(2.0268)
G3(0.0537)
(-1.8661)
(0.1197)
G4(1.1307)
(1.2366)
(-3.6375)
A1(5.3696)
(8.3011)
(3.4728)
A2(5.9855)
(1.5754)
(4.5586)
A3(4.4963)
(0.6033)
(-9.2464)
A4(3.0311)
(7.2927)
(-0.7853)
G1(0.4150)
(0.3134)
(-0.9307)
G2(-0.7913)
(0.8668)
(-0.7551)
G3(0.3751)
(-0.5044)
(0.2746)
G4(3.2698)
(-0.5608)
(-4.3106)
A1(4.9912)
(10.0830)
(5.8055)
A2(-0.8811)
(-2.9113)
(3.3279)
A3(-0.2921)
(7.0581)
(-7.5322)
A4(5.2816)
(6.2297)
(0.2777)
G1(-0.0979)
(-0.7779)
(-0.6077)
G2(0.8386)
(1.2787)
(-1.8315)
G3(0.6332)
(-0.0851)
(0.3347)
G4(4.5746)
(-1.1802)
(-3.6583)
A1(3.0177)
(10.2315)
(4.0811)
A2(1.7669)
(-4.7788)
(8.1068)
A3(0.0910)
(15.3564)
(-5.8610)
A4(8.7053)
(13.6805)
(2.8156)
G1(0.0910)
(-0.7301)
(-0.8790)
G2(3.8105)
(0.7279)
(-2.0875)
G3(0.0921)
(-0.8258)
(0.4459)
G4(2.9846)
(-4.4783)
(-2.5446)
A1(2.6824)
(9.5465)
(4.7134)
A2(4.8411)
(-4.1707)
(9.6391)
A3(5.5210)
(1.6137)
(-1.8818)
A4(13.3022)
(15.9837)
(0.7183)
G1(0.0564)
(-0.4661)
(-0.6162)
G2(4.2085)
(0.5225)
(-2.5259)
G3(-0.3618)
(0.2677)
(-0.1192)
G4(1.9555)
(-3.1448)
(-2.2567)
A1(2.3806)
(10.7872)
(2.1938)
A2(11.7699)
(-3.1029)
(12.2392)
A3(2.4086)
(6.4883)
(-7.4651)
A4(12.2392)
(10.1323)
(-1.7669)
G1(0.6588)
(-0.3315)
(-0.6290)
G2(3.3869)
(-4.2548)
(-3.7860)
G3(-0.1075)
(-0.8785)
(0.3251)
G4(1.0451)
(-0.6114)
(-1.6607)
A1(0.8287)
(9.5992)
(1.9064)
A2(-0.3879)
(4.3622)
(7.9392)
A3(3.9409)
(6.8187)
(-6.9671)
A4(8.7053)
(10.9846)
(-2.4134)
G1(0.6832)
(0.3299)
(-0.4597)
G2(2.3950)
(-1.5905)
(-4.1803)
G3(-0.0729)
(-0.9578)
(0.5566)
G4(-0.0037)
(-0.4523)
(-0.3363)
A1(2.1507)
(9.0963)
(-0.4119)
A2(8.4276)
(7.2927)
(6.2106)
A3(2.5953)
(7.9775)
(-5.5545)
A4(6.6942)
(9.8545)
(-0.7757)
G1(1.0972)
(0.1006)
(-0.8924)
G2(1.9560)
(2.2189)
(-1.3111)
G3(0.1240)
(-0.8503)
(0.0660)
G4(0.2506)
(-1.1749)
(0.0835)
A1(-1.2742)
(9.1154)
(4.0811)
A2(9.2703)
(8.3510)
(5.8897)
A3(4.1946)
(4.3144)
(-7.8003)
A4(9.5337)
(6.9480)
(-0.3879)
G1(1.5266)
(1.5900)
(-0.8104)
G2(2.9133)
(0.4145)
(-1.1855)
G3(0.2081)
(-0.1357)
(-0.4523)
G4(-0.1628)
(-0.3368)
(-0.5316)
A1(1.4418)
(9.9729)
(0.9532)
A2(3.3806)
(6.5314)
(5.6934)
A3(3.0119)
(6.8666)
(-6.6607)
A4(1.9297)
(8.4084)
(-1.7909)
G1(1.1552)
(1.4261)
(-0.9551)
G2(2.2822)
(0.1091)
(-0.4438)
G3(0.3086)
(0.3565)
(-0.6316)
G4(0.3975)
(0.1235)
(-0.5092)
A1(-0.0335)
(10.8255)
(-0.3353)
A2(3.5386)
(7.0246)
(3.8403)
A3(0.9337)
(8.5281)
(-6.4787)
A4(7.2257)
(14.3269)
(-4.2713)
G1(0.6476)
(-0.0633)
(-0.5619)
G2(1.5320)
(0.7572)
(-0.4975)
G3(0.3182)
(-0.3501)
(-0.4752)
G4(-0.5933)
(-0.4933)
(-1.1988)
A1(-3.1614)
(8.6987)
(-3.1327)
A2(2.7821)
(8.5090)
(3.5578)
A3(0.9385)
(10.2520)
(-7.7620)
A4(-0.7183)
(10.5489)
(-2.3367)
G1(-0.3480)
(-0.9839)
(-0.1767)
G2(0.3922)
(-0.1261)
(-0.6758)
G3(0.3235)
(-0.2613)
(-0.5167)
G4(-0.6689)
(-1.4543)
(-0.1378)
