A1(1.7148)
(11.5392)
(-0.0671)
A2(8.1642)
(5.9137)
(5.9616)
A3(-0.6081)
(6.5218)
(-8.6957)
A4(5.5737)
(6.2584)
(-1.9872)
G1(1.1824)
(3.3321)
(-0.4087)
G2(-0.8152)
(2.4461)
(1.3611)
G3(0.1176)
(1.3186)
(-1.1068)
G4(1.3058)
(3.9536)
(-4.2292)
A1(2.4046)
(10.8015)
(2.9650)
A2(3.5721)
(5.1427)
(5.6599)
A3(-1.9632)
(7.2401)
(-6.7373)
A4(-1.3168)
(1.5036)
(1.1971)
G1(2.6898)
(2.6435)
(-0.8205)
G2(-0.4794)
(0.9291)
(0.8195)
G3(0.0420)
(1.5453)
(-1.8289)
G4(2.3679)
(0.9754)
(-1.8991)
A1(-8.5502)
(0.7712)
(6.9072)
A2(4.1228)
(7.1060)
(12.0955)
A3(-3.5817)
(16.4673)
(2.1404)
A4(-11.0038)
(9.7013)
(-12.6366)
G1(-5.6505)
(3.6801)
(-0.5108)
G2(0.0681)
(3.7152)
(-0.3251)
G3(0.7891)
(1.9007)
(-1.8592)
G4(0.3837)
(-3.5476)
(-1.1776)
A1(4.5505)
(33.7698)
(-4.2104)
A2(10.5632)
(5.5929)
(6.8761)
A3(7.5896)
(31.4359)
(18.2869)
A4(4.8842)
(6.3303)
(-14.8871)
G1(-8.1642)
(3.3768)
(-0.5108)
G2(2.4062)
(1.0823)
(-0.3496)
G3(3.2336)
(1.5873)
(-3.2869)
G4(-1.6224)
(2.6111)
(-1.1089)
A1(-12.0182)
(21.1720)
(6.1073)
A2(0.5028)
(14.9159)
(9.6534)
A3(-3.7781)
(26.2835)
(-4.5155)
A4(-6.9767)
(10.1227)
(-7.9918)
G1(-6.5604)
(1.6698)
(-5.0450)
G2(1.4447)
(-0.8578)
(-0.9339)
G3(3.7141)
(4.0164)
(-4.0377)
G4(-1.0876)
(1.6538)
(-0.3555)
A1(-0.4072)
(20.5109)
(8.0712)
A2(-12.6270)
(14.8871)
(1.4892)
A3(22.3571)
(14.0731)
(-35.8220)
A4(5.1619)
(14.8201)
(1.6759)
G1(-8.9320)
(-1.0626)
(-4.3761)
G2(2.4158)
(4.2654)
(0.2543)
G3(-0.4390)
(-2.8372)
(0.1070)
G4(-0.2905)
(0.3097)
(0.0447)
A1(-1.0730)
(-3.7698)
(3.9709)
A2(1.7142)
(9.8881)
(4.0366)
A3(-32.5994)
(7.4795)
(-23.3483)
A4(1.7909)
(3.7014)
(-5.2768)
G1(-4.6198)
(0.8312)
(-1.2840)
G2(0.9892)
(0.8280)
(-0.2895)
G3(-12.7244)
(-0.5289)
(5.0694)
G4(0.4097)
(2.1593)
(-1.5900)
A1(-14.9210)
(-9.5849)
(35.6044)
A2(-0.4501)
(2.9497)
(6.3829)
A3(-1.7813)
(12.1386)
(11.5544)
A4(-0.6943)
(10.3860)
(-3.0167)
G1(-2.5621)
(-7.8848)
(-4.9322)
G2(1.1073)
(3.7658)
(0.0213)
G3(-16.8339)
(10.2655)
(-2.3881)
G4(1.0280)
(1.5830)
(-0.3991)
A1(4.8379)
(14.6048)
(6.0211)
A2(2.4086)
(1.4365)
(3.3615)
A3(23.6882)
(35.6018)
(40.7685)
A4(-6.2489)
(10.8936)
(-5.4300)
G1(-12.6473)
(-6.2997)
(-0.1830)
G2(-0.4326)
(2.7649)
(-0.7567)
G3(-16.3513)
(-0.4315)
(-5.6649)
G4(1.4628)
(2.2311)
(-0.2794)
A1(-10.4758)
(16.7508)
(-1.0442)
A2(-3.3184)
(8.9974)
(5.9855)
A3(18.8519)
(34.2179)
(8.9160)
A4(-4.2329)
(3.3710)
(-11.4970)
G1(-2.9011)
(0.4363)
(1.0243)
G2(-0.2905)
(1.9869)
(0.4049)
G3(-7.7843)
(-3.5859)
(-0.2128)
G4(0.6199)
(0.9530)
(0.6401)
A1(-2.8213)
(0.3593)
(1.8633)
A2(-0.5267)
(20.3555)
(1.2019)
A3(18.2965)
(-9.6391)
(-21.0402)
A4(5.6647)
(8.5281)
(-9.0070)
G1(1.2308)
(-0.6439)
(2.9362)
G2(-0.8551)
(3.6232)
(0.0894)
G3(-4.3798)
(-3.7088)
(2.8963)
G4(0.1272)
(-0.8780)
(0.4417)
A1(-2.0645)
(-0.1150)
(5.0439)
A2(11.4730)
(4.9560)
(-1.3455)
A3(-5.6407)
(-6.8618)
(-13.3740)
A4(6.0382)
(6.2106)
(-8.8825)
G1(4.0558)
(0.6721)
(3.8780)
G2(0.0548)
(-0.2948)
(-0.1900)
G3(1.9768)
(2.6254)
(1.1148)
G4(-0.2496)
(0.7567)
(-0.0984)
A1(-4.8906)
(-5.1924)
(8.3203)
A2(-2.5283)
(11.3868)
(2.2458)
A3(8.2696)
(-4.6735)
(-14.3748)
A4(1.2354)
(6.9336)
(-7.1156)
G1(3.3491)
(0.1298)
(3.5476)
G2(0.7162)
(-1.1270)
(0.5534)
G3(3.9387)
(2.2280)
(2.7505)
G4(-0.2666)
(0.4023)
(-0.5747)
A1(-8.1766)
(-1.9256)
(7.8030)
A2(6.6798)
(11.8992)
(5.6168)
A3(0.5986)
(13.1873)
(-1.2641)
A4(-2.4229)
(8.3127)
(-7.1826)
G1(3.5221)
(-0.4768)
(3.6812)
G2(0.1841)
(-0.3507)
(0.0436)
G3(5.0205)
(0.5364)
(4.2181)
G4(-0.1809)
(0.5215)
(-0.5795)
A1(-6.5576)
(8.2484)
(6.3276)
A2(-1.1588)
(9.3853)
(3.3471)
A3(-6.2489)
(17.9421)
(2.7533)
A4(2.3846)
(4.2234)
(-6.4165)
G1(3.0288)
(1.2638)
(4.2947)
G2(0.2027)
(-0.0889)
(1.2249)
G3(8.2110)
(2.0822)
(3.1129)
G4(0.1431)
(0.8945)
(-0.5119)
A1(-10.4135)
(6.6198)
(9.4028)
A2(-2.2410)
(11.4156)
(5.7221)
A3(-4.8171)
(13.1681)
(0.4980)
A4(0.6129)
(9.5720)
(-5.4684)
G1(2.9080)
(-0.2618)
(2.8755)
G2(0.4693)
(-0.0862)
(0.8418)
G3(5.8085)
(4.0967)
(1.8475)
G4(0.3948)
(0.3288)
(-0.1213)
A1(-8.6269)
(13.3690)
(8.7658)
A2(-0.7326)
(6.4596)
(5.2960)
A3(-11.5209)
(19.8910)
(-2.2601)
A4(-1.7717)
(8.5042)
(-6.0908)
G1(1.8342)
(-1.7645)
(1.9635)
G2(0.2629)
(0.6332)
(0.3618)
G3(1.9497)
(2.5807)
(0.9243)
G4(0.3682)
(0.4699)
(0.0388)
A1(-8.1526)
(7.7694)
(6.5576)
A2(3.9792)
(8.9878)
(2.5857)
A3(-5.2481)
(16.0651)
(-3.0071)
A4(1.2450)
(6.8761)
(-9.3518)
G1(3.0038)
(-0.5667)
(1.2255)
G2(0.6279)
(0.6673)
(0.9690)
G3(1.1946)
(2.2742)
(0.6247)
G4(0.3113)
(0.5555)
(0.3006)
A1(-4.9960)
(8.3347)
(4.9577)
A2(0.2059)
(8.5425)
(2.0255)
A3(4.0893)
(11.5927)
(1.8435)
A4(2.2266)
(6.6128)
(-7.3215)
G1(1.7916)
(-1.3872)
(0.8370)
G2(0.7279)
(0.3012)
(-0.1618)
G3(-0.5348)
(0.7907)
(-0.0197)
G4(0.2469)
(0.7620)
(0.2134)
A1(-6.2797)
(7.6545)
(2.0406)
A2(1.1109)
(13.6996)
(1.5897)
A3(-12.2152)
(11.7220)
(-2.6911)
A4(-0.0479)
(7.0868)
(-7.5800)
G1(1.3122)
(0.5992)
(0.1926)
G2(0.4778)
(-0.6588)
(0.2448)
G3(-0.3890)
(0.4007)
(0.3092)
G4(0.2538)
(0.7966)
(0.3852)
