A1(1.3700)
(8.6077)
(5.4271)
A2(0.0192)
(10.0987)
(-0.9002)
A3(-2.6193)
(10.8936)
(-0.5124)
A4(0.7901)
(9.6151)
(-2.9640)
G1(-0.6614)
(-0.9158)
(-0.2975)
G2(0.3076)
(-0.2661)
(0.0436)
G3(0.7237)
(-0.7434)
(0.4789)
G4(0.1378)
(-0.0532)
(0.0032)
A1(-0.9820)
(7.4341)
(7.5252)
A2(-0.2969)
(9.3757)
(0.3879)
A3(-1.8387)
(8.4851)
(-2.8683)
A4(0.7135)
(9.8928)
(-3.0215)
G1(-0.6167)
(-0.7050)
(-0.2602)
G2(0.4448)
(-0.4677)
(0.0692)
G3(0.2448)
(-2.1620)
(1.5878)
G4(0.5438)
(-0.3911)
(0.1096)
A1(3.3722)
(7.0318)
(5.5085)
A2(-0.7230)
(9.2751)
(0.6225)
A3(-0.0862)
(8.0972)
(-1.8962)
A4(2.0925)
(11.6885)
(2.2170)
G1(0.4954)
(-1.1004)
(-0.4752)
G2(0.1751)
(-0.2677)
(-0.0043)
G3(0.3852)
(-0.6502)
(1.2829)
G4(0.9679)
(-0.5071)
(0.1235)
A1(2.2992)
(14.3222)
(4.8379)
A2(-1.0199)
(9.5960)
(1.0151)
A3(2.3128)
(5.6934)
(-4.1180)
A4(1.3312)
(35.4055)
(17.8416)
G1(1.9795)
(-5.5856)
(-0.5199)
G2(0.3714)
(-0.4512)
(0.0426)
G3(1.1776)
(0.1022)
(1.2414)
G4(4.1319)
(-2.3450)
(0.3805)
A1(9.1346)
(7.2425)
(6.0019)
A2(1.9680)
(9.1698)
(5.8083)
A3(1.7909)
(2.2601)
(-14.3604)
A4(0.2825)
(13.9965)
(-28.8693)
G1(0.5678)
(-2.2402)
(-0.8312)
G2(-1.9055)
(-1.6990)
(0.2006)
G3(0.2857)
(-0.7194)
(0.5896)
G4(-2.0891)
(2.9825)
(1.0499)
A1(5.1110)
(12.0086)
(6.7683)
A2(1.6999)
(1.7382)
(21.0881)
A3(5.9999)
(11.3868)
(4.2329)
A4(-2.4517)
(12.9957)
(-16.1513)
G1(-0.4959)
(0.0490)
(0.6726)
G2(-7.4448)
(-5.3387)
(2.9330)
G3(0.0803)
(-1.7464)
(0.3262)
G4(-12.7127)
(1.7661)
(1.8970)
A1(2.5100)
(8.7083)
(6.5001)
A2(4.3048)
(17.8320)
(5.5067)
A3(-2.4565)
(13.4219)
(2.8778)
A4(14.5041)
(7.5657)
(-6.6367)
G1(-2.0167)
(-3.1288)
(0.9876)
G2(-5.3946)
(2.4046)
(3.5891)
G3(0.8258)
(0.7577)
(-0.5475)
G4(-13.0245)
(-3.5306)
(5.9080)
A1(5.1637)
(11.2901)
(0.6658)
A2(3.6631)
(10.1849)
(6.4308)
A3(-2.4660)
(13.2974)
(-8.6574)
A4(1.9441)
(13.5943)
(-4.0893)
G1(-1.3532)
(-2.1551)
(-1.5655)
G2(-7.4368)
(-1.9539)
(3.2326)
G3(0.7519)
(-1.4500)
(1.3611)
G4(-4.7789)
(4.9822)
(2.8266)
A1(-2.0501)
(8.9861)
(-0.9341)
A2(5.2481)
(-8.8298)
(5.8514)
A3(3.9600)
(0.8859)
(-9.1075)
A4(-12.6127)
(-1.4940)
(-7.7716)
G1(-0.1421)
(0.6125)
(-0.4879)
G2(-4.0063)
(0.3730)
(1.5410)
G3(0.2623)
(-2.0678)
(0.7274)
G4(-0.8849)
(3.3230)
(-2.4754)
A1(5.3648)
(8.5790)
(3.7746)
A2(2.8635)
(6.4643)
(0.9337)
A3(2.2218)
(3.5578)
(-8.8825)
A4(-0.9242)
(2.4277)
(-4.9895)
G1(0.2602)
(0.8242)
(-0.3842)
G2(-2.3014)
(1.8081)
(-0.3214)
G3(0.0931)
(0.6960)
(-0.6428)
G4(3.1687)
(-0.6476)
(-3.5423)
A1(5.2307)
(8.6843)
(5.3936)
A2(3.0598)
(-1.1540)
(2.9497)
A3(4.5729)
(6.4356)
(-6.9049)
A4(4.0366)
(7.1156)
(-0.0670)
G1(0.1266)
(-0.5124)
(-0.5683)
G2(-0.6705)
(1.3766)
(-0.6470)
G3(0.0878)
(0.2224)
(0.1181)
G4(4.8603)
(-0.4539)
(-3.9765)
A1(5.4415)
(6.5624)
(5.4942)
A2(4.1132)
(-3.0598)
(5.6647)
A3(3.4812)
(13.6853)
(-5.2050)
A4(10.5919)
(15.3373)
(3.7924)
G1(0.5827)
(-0.5050)
(-0.8939)
G2(3.9148)
(1.1015)
(-2.0077)
G3(-0.2714)
(-0.6721)
(0.9796)
G4(4.2867)
(-1.8102)
(-2.4940)
A1(-5.8534)
(9.3406)
(3.4871)
A2(6.0238)
(-0.6273)
(12.1051)
A3(3.3710)
(14.8680)
(-4.2186)
A4(12.9047)
(17.8176)
(4.7980)
G1(-0.2043)
(-0.7317)
(-1.0201)
G2(5.2402)
(0.1979)
(-2.8149)
G3(0.0793)
(-0.0873)
(0.2261)
G4(2.4142)
(-2.5052)
(-1.6378)
A1(-0.0431)
(10.0687)
(0.4886)
A2(3.3567)
(1.8004)
(9.7875)
A3(2.0494)
(10.9367)
(-7.5896)
A4(14.5711)
(14.5424)
(4.4867)
G1(0.3480)
(0.5428)
(0.0011)
G2(3.7998)
(-2.3243)
(-3.2725)
G3(0.2847)
(-0.3448)
(0.5087)
G4(0.6790)
(-1.7097)
(-0.7333)
A1(4.9673)
(11.2087)
(4.9912)
A2(-1.1396)
(7.8003)
(7.6902)
A3(6.5170)
(3.5482)
(-2.2458)
A4(3.9744)
(12.8233)
(-0.5794)
G1(0.5587)
(1.8667)
(-0.3656)
G2(2.7665)
(0.9674)
(-3.4635)
G3(0.4523)
(-0.8578)
(0.1208)
G4(0.8966)
(-3.1373)
(-0.0080)
A1(9.9872)
(11.5967)
(13.0050)
A2(6.9288)
(5.8179)
(10.8170)
A3(2.2170)
(3.3519)
(-8.4707)
A4(5.8802)
(11.3150)
(-2.0494)
G1(3.5657)
(2.5813)
(-1.5431)
G2(2.6446)
(1.1573)
(-1.9257)
G3(0.5864)
(-0.4917)
(-0.2144)
G4(0.2586)
(-1.2755)
(-0.0670)
A1(2.6058)
(11.3428)
(-0.0240)
A2(3.7685)
(7.6950)
(5.5162)
A3(1.7573)
(3.3567)
(-9.9742)
A4(-1.6376)
(9.8976)
(-1.4413)
G1(1.6187)
(0.0415)
(-0.7960)
G2(2.3759)
(2.3833)
(-1.0057)
G3(0.3746)
(-0.5204)
(-0.2416)
G4(-0.2724)
(-0.4789)
(-0.5438)
A1(-1.9879)
(9.0196)
(0.6658)
A2(0.7709)
(8.6095)
(4.7501)
A3(1.5371)
(8.0541)
(-7.8003)
A4(5.3199)
(8.6479)
(0.3639)
G1(0.7146)
(-0.1357)
(-0.7705)
G2(0.9903)
(1.1653)
(-0.2107)
G3(-0.0122)
(-0.4214)
(-0.3374)
G4(0.1910)
(-0.4805)
(-0.5034)
A1(-2.0262)
(8.6987)
(-1.2933)
A2(4.4149)
(10.3238)
(3.6392)
A3(-0.0479)
(7.1874)
(-7.4316)
A4(0.6416)
(9.8402)
(-0.4836)
G1(2.0422)
(0.7407)
(-0.9700)
G2(0.9748)
(0.1857)
(-0.8301)
G3(-0.0090)
(-0.2905)
(-0.4784)
G4(-0.0426)
(-0.6630)
(-0.3597)
A1(-3.9470)
(9.4460)
(-3.0992)
A2(3.8403)
(8.3222)
(1.1588)
A3(0.3448)
(6.0190)
(-7.4747)
A4(1.0918)
(9.5481)
(-1.8340)
G1(0.3155)
(-2.5142)
(-0.2921)
G2(0.8344)
(0.0740)
(0.0064)
G3(-0.2288)
(-0.7827)
(-0.0750)
G4(0.1213)
(-0.4379)
(-0.2112)
