A1(-1.3077)
(9.2160)
(-1.6430)
A2(2.5714)
(8.5904)
(3.4524)
A3(0.3591)
(7.5226)
(-6.2968)
A4(10.5249)
(9.4379)
(-1.2163)
G1(0.2442)
(0.0261)
(-0.1000)
G2(0.0772)
(-0.1410)
(0.0208)
G3(-0.1410)
(-0.1362)
(0.0069)
G4(0.7849)
(2.2615)
(-1.0312)
A1(0.2874)
(9.0963)
(0.1150)
A2(3.9504)
(8.9112)
(2.8012)
A3(-0.5890)
(8.1930)
(-6.0286)
A4(5.3343)
(5.3008)
(-5.2577)
G1(0.5593)
(2.1253)
(-0.5215)
G2(-1.5586)
(0.3922)
(-0.1399)
G3(-0.3704)
(-0.2128)
(-0.0341)
G4(0.5938)
(1.3585)
(-1.0621)
A1(1.9831)
(11.3045)
(1.2023)
A2(3.1651)
(8.8490)
(4.7453)
A3(-1.4844)
(8.2696)
(-2.2936)
A4(-5.4779)
(8.1307)
(-2.6671)
G1(0.2123)
(2.0481)
(-0.3932)
G2(-0.6502)
(1.0371)
(0.3858)
G3(-0.1740)
(0.2762)
(-0.2384)
G4(1.4271)
(2.9415)
(-1.9683)
A1(2.0358)
(11.4051)
(-1.5328)
A2(3.3854)
(7.8673)
(5.4684)
A3(-0.2346)
(8.8873)
(-4.4436)
A4(4.9656)
(6.3542)
(-3.7397)
G1(1.1887)
(2.1465)
(-0.9014)
G2(-1.2462)
(1.4926)
(0.9828)
G3(0.2458)
(0.7359)
(-0.3640)
G4(0.2054)
(2.5355)
(-2.3046)
A1(-2.1172)
(7.7790)
(7.9658)
A2(0.6560)
(3.5099)
(9.4906)
A3(0.7614)
(12.8425)
(-4.7740)
A4(0.0000)
(13.1681)
(-11.1426)
G1(-3.1075)
(3.1655)
(-0.1453)
G2(-0.0404)
(1.2973)
(0.5694)
G3(0.8338)
(0.6433)
(-0.9887)
G4(0.2123)
(-3.6120)
(1.7538)
A1(-11.4099)
(15.3760)
(5.7864)
A2(6.3111)
(5.3822)
(11.8992)
A3(5.7892)
(22.4480)
(11.8561)
A4(-4.6352)
(8.3079)
(-12.7180)
G1(-9.6334)
(1.8895)
(-1.4271)
G2(0.5651)
(3.7152)
(0.1245)
G3(2.0603)
(1.2388)
(-1.8049)
G4(-0.5864)
(0.3092)
(-0.5550)
A1(-4.7517)
(23.1215)
(13.6468)
A2(-6.8666)
(14.7962)
(7.2401)
A3(-7.0198)
(11.9950)
(-21.1743)
A4(-1.2115)
(16.5918)
(3.0981)
G1(-10.1889)
(0.1697)
(-5.8362)
G2(1.4559)
(-0.7599)
(-0.3858)
G3(1.4394)
(1.7262)
(-2.4051)
G4(-0.5507)
(0.1926)
(0.2927)
A1(6.4761)
(19.1745)
(-7.4629)
A2(-4.5203)
(11.6741)
(0.6752)
A3(16.1561)
(12.2535)
(-23.8750)
A4(2.7725)
(8.0206)
(0.4980)
G1(-6.1965)
(1.4112)
(-1.7757)
G2(2.5286)
(4.8119)
(0.3320)
G3(-5.0354)
(-0.0059)
(2.2445)
G4(-0.5023)
(-0.2927)
(0.1027)
A1(-18.0968)
(0.1677)
(25.4926)
A2(1.0965)
(7.3406)
(7.0677)
A3(-19.6803)
(10.2185)
(5.8993)
A4(-0.0144)
(11.8226)
(2.2266)
G1(-5.7165)
(-4.6235)
(-5.2770)
G2(0.1373)
(-0.3783)
(-0.2022)
G3(-17.3969)
(9.0480)
(0.4997)
G4(1.1291)
(1.2414)
(-0.5875)
A1(-22.1491)
(11.9943)
(-0.5892)
A2(-1.5419)
(7.8721)
(3.8355)
A3(15.7443)
(34.5962)
(3.4524)
A4(-1.5754)
(9.3422)
(-7.4795)
G1(-3.1959)
(0.8136)
(0.5358)
G2(0.6944)
(4.7230)
(0.1979)
G3(-7.2830)
(-4.0026)
(-0.5736)
G4(1.0041)
(2.1971)
(-1.0562)
A1(7.5347)
(-8.9382)
(-0.5413)
A2(0.4022)
(0.8236)
(3.3950)
A3(-7.7668)
(5.7748)
(-30.5740)
A4(1.4078)
(-3.3088)
(-13.6853)
G1(-0.9653)
(-0.6928)
(2.1295)
G2(-0.0537)
(1.2797)
(0.6204)
G3(-4.8316)
(1.4181)
(-0.1697)
G4(0.8477)
(1.8427)
(-0.0293)
A1(-1.4226)
(0.7520)
(4.6894)
A2(12.4163)
(3.5626)
(-3.0167)
A3(-0.3400)
(-7.4603)
(-18.6413)
A4(5.4875)
(0.9194)
(-10.8457)
G1(3.4550)
(0.2224)
(3.8445)
G2(-1.8188)
(3.9089)
(1.7288)
G3(1.8651)
(2.0242)
(1.3760)
G4(0.6470)
(1.2068)
(-1.0334)
A1(-10.7584)
(-1.3412)
(9.3214)
A2(4.8890)
(9.2703)
(3.6392)
A3(1.1157)
(12.8233)
(-2.5809)
A4(-0.4070)
(20.8966)
(-2.8395)
G1(3.5258)
(2.1029)
(4.5820)
G2(0.3932)
(0.9807)
(0.2746)
G3(5.6963)
(1.0541)
(3.4390)
G4(-0.6098)
(-0.8838)
(0.6018)
A1(-6.9839)
(-0.9867)
(6.2223)
A2(2.6671)
(11.5305)
(2.4421)
A3(-4.0749)
(15.3947)
(4.3814)
A4(4.5203)
(1.2977)
(-2.9975)
G1(2.7654)
(1.6187)
(4.2606)
G2(0.4507)
(0.1341)
(0.2134)
G3(7.2963)
(2.6441)
(2.8910)
G4(0.2597)
(0.3570)
(-0.4459)
A1(-13.0768)
(11.9990)
(3.9470)
A2(-1.8818)
(11.4299)
(6.8714)
A3(-5.4827)
(18.9190)
(1.8340)
A4(-0.4549)
(8.8442)
(-6.7469)
G1(2.7042)
(-1.0493)
(3.6285)
G2(0.2708)
(-1.3053)
(0.4108)
G3(7.3788)
(1.2302)
(3.0022)
G4(0.4182)
(0.8264)
(-0.4172)
A1(-12.6697)
(8.6221)
(6.2845)
A2(-2.7869)
(4.6543)
(2.8587)
A3(-12.3493)
(14.6765)
(-5.8419)
A4(-2.4612)
(8.1211)
(-9.5816)
G1(2.4153)
(-1.4718)
(1.9454)
G2(0.3076)
(0.9525)
(0.2506)
G3(3.7796)
(1.4766)
(1.4351)
G4(0.3602)
(0.6965)
(0.0032)
A1(-6.1648)
(10.1836)
(4.2967)
A2(-2.0590)
(9.9599)
(3.0694)
A3(-8.1930)
(12.9143)
(-5.7604)
A4(-1.7621)
(7.8290)
(-9.2608)
G1(3.2608)
(1.1036)
(1.3000)
G2(0.4800)
(0.3672)
(0.4528)
G3(-0.1431)
(1.7214)
(0.0692)
G4(-0.2730)
(0.2368)
(0.1894)
A1(-8.9286)
(10.5141)
(3.2285)
A2(-0.9960)
(9.1794)
(0.3735)
A3(-4.8507)
(14.7626)
(-0.5746)
A4(-1.2929)
(10.3717)
(-6.7756)
G1(-1.0898)
(1.7991)
(0.6327)
G2(0.6428)
(0.7274)
(-0.3166)
G3(-0.9993)
(1.5947)
(0.1149)
G4(-0.3278)
(-0.0298)
(0.6960)
A1(-0.2635)
(8.2772)
(-1.1927)
A2(-0.4022)
(12.6510)
(0.5219)
A3(-5.8706)
(19.9054)
(4.8698)
A4(2.1883)
(6.5984)
(-6.2776)
G1(0.7859)
(-1.0834)
(0.1022)
G2(0.3331)
(-1.1504)
(0.8375)
G3(0.1522)
(2.6180)
(0.1815)
G4(-0.1735)
(0.3193)
(0.3948)
A1(-1.0011)
(8.6700)
(-0.9915)
A2(-2.0351)
(10.3813)
(-0.1724)
A3(2.7246)
(6.8522)
(-1.9968)
A4(3.1795)
(9.6199)
(-5.0470)
G1(0.7897)
(1.1792)
(0.7120)
G2(0.6582)
(-1.1680)
(0.7428)
G3(-0.2895)
(-0.7955)
(0.7923)
G4(0.3124)
(0.9754)
(0.0676)
