A1(0.1868)
(6.5911)
(8.9909)
A2(1.2737)
(9.1554)
(0.3639)
A3(-0.6321)
(8.2887)
(-2.0159)
A4(1.6807)
(9.1650)
(-3.2322)
G1(-0.9248)
(-0.3118)
(-0.0708)
G2(0.3315)
(-1.4447)
(0.1117)
G3(0.6731)
(-1.4346)
(1.3196)
G4(0.2692)
(-0.4236)
(0.3246)
A1(0.2108)
(13.3019)
(15.6826)
A2(-0.6608)
(8.9591)
(0.2634)
A3(6.9384)
(4.2856)
(-0.2059)
A4(5.3678)
(23.2621)
(10.1562)
G1(0.2086)
(-3.5221)
(-0.7753)
G2(0.5316)
(-0.7976)
(0.1501)
G3(0.8184)
(-1.5484)
(2.3450)
G4(2.1774)
(-2.7798)
(1.8369)
A1(3.4153)
(12.0134)
(2.8836)
A2(0.8092)
(9.2751)
(0.4932)
A3(-3.7062)
(1.1253)
(-4.4388)
A4(5.3917)
(34.4861)
(12.0716)
G1(1.6160)
(-3.4305)
(-0.5364)
G2(0.9094)
(-0.9376)
(0.3272)
G3(1.0903)
(-1.8480)
(2.4349)
G4(3.8482)
(-4.6054)
(2.1827)
A1(3.7458)
(14.5473)
(5.4942)
A2(0.9050)
(12.6701)
(4.9033)
A3(-3.7014)
(15.7060)
(-11.4682)
A4(-3.6057)
(33.0783)
(-32.6090)
G1(1.2829)
(-2.3051)
(0.0383)
G2(-1.4234)
(-2.5424)
(0.6481)
G3(-1.6565)
(-2.5701)
(0.8099)
G4(-3.4784)
(4.3314)
(1.3196)
A1(2.7160)
(6.3420)
(4.2296)
A2(5.0039)
(1.6664)
(11.4251)
A3(5.5833)
(5.7126)
(-5.4205)
A4(-10.2424)
(0.6369)
(-25.9053)
G1(-0.4661)
(-0.3182)
(0.2389)
G2(-4.7651)
(-5.4414)
(0.0351)
G3(-0.8833)
(-1.0397)
(0.5454)
G4(-12.1460)
(3.0751)
(-0.7599)
A1(1.7388)
(7.8365)
(2.4908)
A2(5.8610)
(9.1889)
(11.5401)
A3(-1.6616)
(17.8655)
(-1.8866)
A4(9.6247)
(28.8980)
(-9.6438)
G1(-0.8141)
(-1.0839)
(-0.6721)
G2(-6.5343)
(-0.2522)
(4.4697)
G3(0.0846)
(-1.0509)
(0.3517)
G4(-13.5556)
(-2.1609)
(8.8299)
A1(7.3144)
(3.1039)
(-2.9746)
A2(7.8530)
(23.1663)
(20.4513)
A3(-2.2170)
(3.8547)
(-3.7972)
A4(15.1601)
(50.1394)
(13.1585)
G1(-0.9184)
(-2.0071)
(-1.3069)
G2(-10.4741)
(-0.2384)
(4.1595)
G3(-0.0857)
(-2.6254)
(1.7363)
G4(-5.1711)
(5.9442)
(2.1923)
A1(-7.5970)
(11.2662)
(-2.9746)
A2(3.7541)
(-7.2784)
(1.0056)
A3(5.6407)
(8.9830)
(-1.0678)
A4(-22.7066)
(0.4980)
(-18.7849)
G1(0.8812)
(-0.2208)
(-1.2691)
G2(-3.6806)
(-0.4528)
(1.1717)
G3(1.0424)
(-0.9961)
(-0.3214)
G4(-3.1836)
(1.5687)
(-0.0942)
A1(-1.8777)
(9.9010)
(0.4790)
A2(7.5369)
(-7.0964)
(19.9245)
A3(12.1769)
(0.3256)
(-5.1236)
A4(-0.4693)
(-3.9983)
(-14.1210)
G1(-0.2591)
(0.2969)
(0.2895)
G2(-4.4453)
(1.0844)
(3.1905)
G3(0.7615)
(-3.7886)
(3.1283)
G4(0.7987)
(2.6999)
(-3.8067)
A1(5.1301)
(6.9982)
(4.6176)
A2(8.0685)
(9.6295)
(7.9392)
A3(6.6272)
(-2.2553)
(-9.9120)
A4(0.5315)
(10.6877)
(-3.4764)
G1(-0.0537)
(0.2623)
(-0.7274)
G2(-0.9631)
(-0.5683)
(-0.5582)
G3(0.8939)
(0.5076)
(-0.1144)
G4(3.5848)
(-1.4436)
(-4.9779)
A1(5.4942)
(10.2028)
(4.5074)
A2(0.3112)
(-5.6551)
(3.1651)
A3(-0.8763)
(12.0141)
(-8.5329)
A4(8.9352)
(11.7651)
(-0.4453)
G1(-0.2267)
(-0.5507)
(-0.4560)
G2(0.0553)
(1.2462)
(-2.2987)
G3(-0.9892)
(-1.2143)
(1.7730)
G4(4.4575)
(-1.2600)
(-4.3766)
A1(1.3987)
(8.7754)
(0.5173)
A2(2.5187)
(-0.7901)
(6.3255)
A3(3.4620)
(14.8824)
(-5.3103)
A4(14.0252)
(18.1193)
(4.8698)
G1(-0.0090)
(-2.0694)
(-0.8429)
G2(4.4011)
(-0.2155)
(-3.1091)
G3(-0.1474)
(-1.0456)
(0.9301)
G4(3.5801)
(-5.3962)
(-3.0549)
A1(0.3593)
(10.2267)
(2.1172)
A2(5.5019)
(-2.2170)
(11.7890)
A3(5.0470)
(2.8635)
(-5.2768)
A4(7.4460)
(9.8354)
(-5.1284)
G1(0.1894)
(0.0878)
(-0.8711)
G2(4.3745)
(0.9621)
(-3.4327)
G3(0.1352)
(-0.6039)
(0.4284)
G4(2.0327)
(-1.8794)
(-3.4178)
A1(2.0597)
(9.1059)
(1.3987)
A2(7.8578)
(-1.2067)
(10.2041)
A3(1.8483)
(8.3893)
(-7.2496)
A4(8.2313)
(13.6853)
(-2.0255)
G1(0.4938)
(0.1618)
(-0.4816)
G2(2.9953)
(-2.8894)
(-3.8536)
G3(0.3230)
(-0.4981)
(0.4997)
G4(-0.0633)
(-1.8970)
(-1.0174)
A1(1.6765)
(8.9430)
(0.1533)
A2(-4.3814)
(10.0556)
(8.6526)
A3(7.9248)
(8.3941)
(-6.6319)
A4(9.3470)
(11.8848)
(-2.9544)
G1(0.8365)
(0.4273)
(-0.3938)
G2(2.4770)
(0.9663)
(-4.5277)
G3(0.3837)
(-0.2352)
(-0.1538)
G4(0.8205)
(-0.5704)
(-1.6996)
A1(3.1375)
(11.0315)
(0.4646)
A2(12.1003)
(10.3190)
(7.2209)
A3(4.5873)
(4.0701)
(-7.3837)
A4(5.1954)
(7.9966)
(-1.0008)
G1(2.0279)
(1.0350)
(-0.7434)
G2(2.4222)
(1.0887)
(-1.5053)
G3(0.0564)
(-0.4299)
(-0.1708)
G4(0.8482)
(-0.0511)
(0.1639)
A1(4.0093)
(8.1910)
(2.3854)
A2(3.3471)
(8.5617)
(5.8802)
A3(1.8723)
(7.8051)
(-8.4803)
A4(3.2274)
(9.2943)
(1.2402)
G1(1.0908)
(0.5635)
(-1.2505)
G2(2.6856)
(-1.2404)
(-1.4771)
G3(0.1729)
(0.5662)
(-0.8610)
G4(0.3246)
(-0.3060)
(-0.4762)
A1(-1.9879)
(8.9286)
(-0.8143)
A2(7.4172)
(8.8202)
(5.2912)
A3(1.1779)
(9.1363)
(-6.8043)
A4(5.8371)
(10.5058)
(-5.1332)
G1(0.5869)
(-0.1442)
(-0.6247)
G2(0.3203)
(0.6593)
(0.3283)
G3(-0.1080)
(-0.2453)
(-0.5412)
G4(-0.1256)
(-0.0974)
(-1.2388)
A1(-2.2513)
(10.0735)
(-1.8873)
A2(4.2090)
(8.3941)
(2.1979)
A3(1.3743)
(8.0637)
(-6.2776)
A4(2.9497)
(8.0254)
(-1.8340)
G1(0.2613)
(-1.0440)
(-0.8391)
G2(0.9935)
(1.0738)
(-0.4640)
G3(0.1059)
(-0.5534)
(-0.5944)
G4(-0.0133)
(-0.5444)
(-0.5875)
A1(-2.3998)
(3.8751)
(-3.5350)
A2(0.9720)
(10.3477)
(3.1556)
A3(0.9337)
(6.1483)
(-6.9863)
A4(2.6384)
(9.0644)
(-3.1460)
G1(0.3001)
(0.8993)
(-0.7056)
G2(0.7418)
(-0.4933)
(-1.0584)
G3(-0.0521)
(-1.1105)
(0.0197)
G4(0.0543)
(-0.3028)
(-0.6268)
