A1(0.4215)
(7.4054)
(6.8977)
A2(1.3503)
(9.7540)
(-0.4214)
A3(-0.5650)
(6.8331)
(-3.4955)
A4(0.2586)
(9.8258)
(-1.5131)
G1(0.2118)
(-1.1584)
(-0.0128)
G2(0.4156)
(-0.7998)
(0.1155)
G3(0.6396)
(-1.0041)
(1.0296)
G4(0.5630)
(-0.4879)
(0.1628)
A1(4.1194)
(6.7683)
(9.6998)
A2(-0.7901)
(9.6438)
(-0.1628)
A3(5.4779)
(5.5785)
(-2.4900)
A4(0.3831)
(11.2001)
(0.7518)
G1(0.5928)
(-1.1919)
(-0.2985)
G2(0.7322)
(-1.4175)
(0.0718)
G3(1.0451)
(-0.4773)
(1.4032)
G4(1.1260)
(-0.4390)
(0.1687)
A1(-1.7867)
(9.2879)
(6.4378)
A2(-1.7669)
(9.1937)
(1.2689)
A3(1.6664)
(5.0278)
(-4.2329)
A4(1.5562)
(16.2949)
(4.0079)
G1(3.0027)
(-3.4614)
(-0.1623)
G2(0.4959)
(-0.8136)
(0.1320)
G3(0.4294)
(-0.8642)
(1.8869)
G4(2.0252)
(-0.6061)
(0.1596)
A1(3.1279)
(11.5488)
(8.4257)
A2(-0.3065)
(8.6526)
(0.8092)
A3(3.7110)
(2.6959)
(-2.8778)
A4(8.7676)
(38.0630)
(13.4506)
G1(2.0822)
(-4.0946)
(-0.4119)
G2(0.1479)
(-0.7843)
(0.1692)
G3(0.9690)
(-1.1664)
(1.9183)
G4(4.5027)
(-1.1073)
(1.0844)
A1(-1.2646)
(11.9464)
(-1.0825)
A2(-1.1109)
(8.6143)
(2.1404)
A3(-3.2944)
(4.4484)
(-4.0079)
A4(2.2218)
(13.6182)
(-20.7434)
G1(0.6779)
(-4.4687)
(0.1729)
G2(-0.3523)
(-1.1829)
(0.3996)
G3(-1.0568)
(-2.0657)
(0.4369)
G4(3.3316)
(0.5880)
(1.8049)
A1(3.5255)
(7.9898)
(7.0701)
A2(-2.2553)
(11.7172)
(6.1866)
A3(-0.0862)
(2.0782)
(-8.9112)
A4(-0.5890)
(13.2256)
(-32.2834)
G1(0.1176)
(-1.7006)
(-0.3182)
G2(-1.0328)
(-1.2090)
(0.4592)
G3(-0.6295)
(2.5930)
(-0.8562)
G4(-4.7326)
(2.9894)
(5.0418)
A1(6.9599)
(9.2544)
(4.9577)
A2(10.1610)
(3.3040)
(6.3111)
A3(1.6472)
(8.0828)
(1.8387)
A4(-17.5926)
(-3.7733)
(-31.3545)
G1(-1.6304)
(0.1788)
(1.5288)
G2(-5.2748)
(-5.4675)
(1.3729)
G3(-0.4709)
(-2.6340)
(0.5491)
G4(-10.5912)
(2.6132)
(0.0218)
A1(1.4179)
(7.2713)
(4.7134)
A2(-2.2122)
(19.7043)
(23.3339)
A3(4.9129)
(18.7801)
(4.0031)
A4(15.5863)
(19.5702)
(-11.1570)
G1(-0.8695)
(-2.7856)
(0.7742)
G2(-9.2694)
(-2.1588)
(2.2386)
G3(0.3400)
(-0.2272)
(-0.3028)
G4(-11.9667)
(1.6506)
(0.7987)
A1(-4.3925)
(4.8427)
(-2.8309)
A2(6.9480)
(18.5838)
(1.5610)
A3(2.2410)
(13.4267)
(-1.9537)
A4(18.5838)
(7.1443)
(-10.6494)
G1(0.0330)
(-1.6432)
(-0.5672)
G2(-5.2780)
(-5.0758)
(2.6132)
G3(0.5034)
(-0.3246)
(-0.3735)
G4(-12.7957)
(-3.6146)
(7.5049)
A1(11.0171)
(6.9887)
(3.9422)
A2(12.1578)
(17.6309)
(19.3978)
A3(2.2601)
(-6.0956)
(-8.6910)
A4(-17.0371)
(23.8846)
(9.5146)
G1(-0.4778)
(-2.3887)
(-1.5176)
G2(-9.2029)
(-0.0926)
(3.9137)
G3(-0.0117)
(-2.1891)
(1.0174)
G4(-13.3262)
(4.7060)
(9.6578)
A1(-12.1475)
(8.7754)
(-1.7915)
A2(-5.4013)
(0.5986)
(4.6304)
A3(5.0709)
(4.4436)
(-6.5266)
A4(-41.7788)
(-1.2833)
(-21.6196)
G1(-0.8242)
(0.4629)
(0.0181)
G2(-4.9651)
(0.1804)
(3.7338)
G3(1.8395)
(-1.0727)
(0.2187)
G4(-3.0985)
(0.4507)
(1.8432)
A1(-0.4646)
(8.1479)
(0.2108)
A2(3.1173)
(-16.5104)
(4.5873)
A3(4.1132)
(13.4602)
(-4.0701)
A4(10.9702)
(1.4892)
(-8.1594)
G1(1.5234)
(1.4378)
(-0.6673)
G2(-3.6083)
(-2.5818)
(3.8972)
G3(0.6699)
(-4.1915)
(2.3147)
G4(0.6513)
(3.8834)
(-4.0611)
A1(-1.1975)
(13.8336)
(3.2141)
A2(16.6972)
(2.2553)
(5.0278)
A3(0.0144)
(-5.6407)
(-13.5560)
A4(-10.6015)
(-5.1954)
(-10.3669)
G1(0.4417)
(-0.6444)
(-0.5656)
G2(-7.9359)
(1.4873)
(-0.2533)
G3(0.9727)
(1.7767)
(-1.6533)
G4(3.7950)
(-4.5261)
(-2.5164)
A1(2.7686)
(7.8844)
(3.7746)
A2(1.2163)
(7.7764)
(2.0638)
A3(6.4787)
(-1.8052)
(-7.9200)
A4(-2.9975)
(11.6023)
(-3.5099)
G1(-0.5976)
(0.2368)
(-0.8689)
G2(-1.0456)
(1.2691)
(-1.1222)
G3(0.3810)
(0.4970)
(0.6321)
G4(3.0437)
(-1.3361)
(-6.4822)
A1(4.7230)
(12.0517)
(5.0008)
A2(0.1149)
(-6.3111)
(4.4628)
A3(-10.6925)
(17.1808)
(-13.5608)
A4(8.2983)
(11.9471)
(-1.8004)
G1(-0.3161)
(-0.3932)
(-0.5236)
G2(0.0899)
(0.5960)
(-1.5644)
G3(-0.0255)
(-0.4417)
(0.7577)
G4(4.4133)
(-1.2079)
(-4.8326)
A1(5.6810)
(10.0208)
(5.0583)
A2(7.3119)
(-0.3591)
(3.2992)
A3(6.4404)
(6.1914)
(-4.7453)
A4(8.1977)
(16.4530)
(0.2394)
G1(-0.0766)
(0.2964)
(0.3246)
G2(2.1497)
(0.3379)
(-2.5557)
G3(-0.6481)
(-0.4959)
(0.4768)
G4(4.0308)
(-3.4167)
(-3.6732)
A1(2.0693)
(10.1405)
(0.3305)
A2(-0.1293)
(1.8052)
(5.1332)
A3(1.3024)
(15.2702)
(-3.4907)
A4(6.6798)
(11.1666)
(-4.0989)
G1(0.0591)
(-0.7215)
(-0.7482)
G2(3.8392)
(1.1185)
(-3.9153)
G3(-0.3634)
(-0.9743)
(0.9009)
G4(3.0543)
(-3.9616)
(-3.8009)
A1(1.6717)
(9.1777)
(6.9024)
A2(6.1339)
(-2.4134)
(11.2049)
A3(4.4532)
(5.1427)
(-5.5785)
A4(12.5887)
(21.0450)
(-4.2665)
G1(-0.3267)
(-0.2597)
(-0.7673)
G2(3.5210)
(0.7019)
(-3.2666)
G3(0.1985)
(0.4539)
(-0.2948)
G4(0.8833)
(-2.0045)
(-2.9963)
A1(2.0214)
(11.2374)
(1.5903)
A2(13.9247)
(-1.6712)
(13.3213)
A3(-0.4070)
(8.4180)
(-6.5505)
A4(11.3533)
(14.6860)
(-6.2106)
G1(0.4065)
(-0.4438)
(-0.6619)
G2(4.1319)
(-1.4426)
(-4.2750)
G3(0.1554)
(-0.0740)
(0.3517)
G4(0.1107)
(-2.0997)
(-2.1343)
A1(1.6382)
(9.4986)
(2.3950)
A2(5.8179)
(1.0391)
(6.1818)
A3(1.8675)
(7.1587)
(-6.5074)
A4(11.1570)
(16.3668)
(-4.7884)
G1(1.0068)
(0.4736)
(-0.4768)
G2(2.5914)
(-1.6261)
(-4.7204)
G3(0.1809)
(-0.5034)
(0.3735)
G4(-0.7077)
(-2.2673)
(-1.1073)
