A1(-0.5892)
(9.4172)
(-1.4274)
A2(3.1795)
(8.6095)
(3.5482)
A3(-0.4262)
(7.8099)
(-5.8897)
A4(3.8451)
(8.4707)
(-3.1843)
G1(0.0186)
(0.0138)
(0.0016)
G2(-0.0048)
(0.0314)
(-0.0213)
G3(-0.0234)
(0.0921)
(-0.0527)
G4(-0.0346)
(0.0372)
(-0.0043)
A1(2.1555)
(10.0878)
(-2.6106)
A2(3.2465)
(8.5665)
(3.7350)
A3(-0.5076)
(7.8578)
(-5.5976)
A4(5.5450)
(9.6295)
(-2.6336)
G1(-0.1176)
(0.3682)
(-0.3608)
G2(-0.0154)
(0.0245)
(-0.0186)
G3(0.0011)
(0.0809)
(-0.0436)
G4(0.3523)
(0.0468)
(-0.2453)
A1(0.9293)
(9.7573)
(0.7425)
A2(3.4046)
(8.6095)
(3.5482)
A3(0.8811)
(7.5609)
(-8.4180)
A4(5.3870)
(6.2489)
(-6.0717)
G1(1.4314)
(2.4445)
(-0.5928)
G2(-0.0851)
(-0.0282)
(-0.0271)
G3(-0.0639)
(-0.3299)
(-0.0740)
G4(1.2515)
(1.8986)
(-1.7028)
A1(6.2750)
(10.9021)
(-0.9197)
A2(6.2393)
(6.0238)
(2.8922)
A3(3.1412)
(8.3414)
(-5.8993)
A4(11.1474)
(8.7053)
(-1.2258)
G1(1.6038)
(1.7789)
(-0.1112)
G2(-0.9551)
(0.6029)
(1.1228)
G3(0.1272)
(1.4410)
(-0.8849)
G4(1.9848)
(6.3321)
(-3.9110)
A1(-0.2060)
(12.7894)
(2.7447)
A2(3.7158)
(8.6191)
(10.8601)
A3(-0.1580)
(7.8482)
(-5.3534)
A4(8.1882)
(-0.1484)
(-0.5171)
G1(2.1120)
(3.6104)
(-1.2084)
G2(-0.5028)
(1.8544)
(0.8014)
G3(-0.1000)
(1.4085)
(-0.7742)
G4(1.9422)
(-2.5031)
(-0.5098)
A1(-0.8335)
(13.3355)
(8.1287)
A2(3.1939)
(7.6614)
(12.4307)
A3(5.4348)
(22.4720)
(13.0676)
A4(-4.3000)
(0.4741)
(-9.7492)
G1(-9.2976)
(5.4653)
(-1.2265)
G2(-0.1559)
(3.1937)
(-0.5172)
G3(2.3099)
(1.8581)
(-2.3126)
G4(0.0138)
(1.0350)
(-1.0483)
A1(-9.4555)
(36.4666)
(10.2124)
A2(-2.9401)
(9.1363)
(10.8409)
A3(-1.0199)
(16.0459)
(-11.5065)
A4(-0.9529)
(17.0946)
(-2.9736)
G1(-8.3797)
(-1.1350)
(-6.1933)
G2(0.5204)
(0.2432)
(0.1905)
G3(1.2872)
(4.7938)
(-3.9866)
G4(-0.0005)
(0.4837)
(-0.1080)
A1(7.3671)
(-3.6452)
(6.0881)
A2(15.4857)
(14.6190)
(4.9991)
A3(-16.0699)
(-0.7661)
(-16.8743)
A4(2.1165)
(-1.3695)
(-2.3798)
G1(-5.8016)
(1.2297)
(-2.6121)
G2(1.7725)
(5.9570)
(1.6836)
G3(-14.2271)
(-6.6131)
(6.4455)
G4(-0.3485)
(2.5893)
(-1.0025)
A1(7.8700)
(7.1611)
(1.8250)
A2(-6.1723)
(7.5369)
(10.5919)
A3(15.6102)
(37.2298)
(6.1627)
A4(-1.8244)
(5.2816)
(-6.4548)
G1(-10.5268)
(0.1580)
(-1.1754)
G2(-0.5566)
(1.5075)
(-0.0287)
G3(-12.8761)
(6.4747)
(-1.5101)
G4(2.0492)
(3.3145)
(-0.6151)
A1(4.6847)
(-6.7923)
(0.2922)
A2(2.1308)
(3.4524)
(-2.6671)
A3(7.1491)
(11.6598)
(-14.9781)
A4(-0.2873)
(-5.7317)
(-11.6933)
G1(-0.5864)
(-1.0972)
(1.1611)
G2(-0.5789)
(0.2778)
(1.1925)
G3(-3.8477)
(-0.8248)
(0.7567)
G4(0.9413)
(0.4842)
(1.7038)
A1(-2.7064)
(-0.4694)
(1.3556)
A2(-23.5111)
(15.1170)
(10.7787)
A3(20.4225)
(-17.0850)
(-33.1214)
A4(13.0963)
(5.2912)
(-9.2703)
G1(2.2242)
(-1.2558)
(2.8149)
G2(2.9921)
(5.6633)
(5.8692)
G3(-3.3991)
(-1.9427)
(3.7136)
G4(-0.1011)
(-0.4507)
(0.9732)
A1(-3.8416)
(-2.4381)
(7.0270)
A2(6.3877)
(11.1905)
(-1.6664)
A3(2.9928)
(-4.3862)
(-15.6389)
A4(1.9728)
(8.8250)
(-1.0630)
G1(4.2973)
(-0.7487)
(3.1943)
G2(-0.8179)
(-1.5830)
(-0.1953)
G3(4.6677)
(1.5804)
(2.3227)
G4(-0.3012)
(1.2164)
(-0.9711)
A1(-12.8134)
(7.4820)
(13.1391)
A2(1.9728)
(10.1658)
(4.0989)
A3(0.3112)
(10.6159)
(0.6560)
A4(-1.6281)
(15.3133)
(-0.0670)
G1(4.9343)
(2.9554)
(4.7837)
G2(-0.0341)
(1.5857)
(0.5656)
G3(6.8903)
(-0.3608)
(2.8250)
G4(-1.3329)
(-0.1176)
(0.3677)
A1(-12.9618)
(21.2199)
(2.1124)
A2(-6.5936)
(11.4156)
(9.3470)
A3(-8.2983)
(13.1059)
(-6.2441)
A4(1.7861)
(10.0269)
(-7.7189)
G1(5.1195)
(-0.4571)
(2.2695)
G2(1.4527)
(-1.2744)
(0.7742)
G3(4.5320)
(5.0519)
(-0.8860)
G4(-0.9152)
(0.9993)
(-0.2607)
A1(-0.9388)
(16.8945)
(6.9264)
A2(13.9247)
(7.7189)
(4.2952)
A3(-0.5363)
(26.0250)
(10.0030)
A4(-1.6712)
(10.1945)
(-4.1707)
G1(2.6936)
(-2.7686)
(2.5472)
G2(-1.0844)
(-3.9589)
(0.1815)
G3(-0.0271)
(1.7533)
(2.4674)
G4(-0.4241)
(-0.7753)
(0.6992)
A1(10.2938)
(21.7611)
(0.3497)
A2(8.7101)
(3.8930)
(1.7190)
A3(-23.4919)
(18.1816)
(6.9480)
A4(-3.7637)
(9.4715)
(-6.2872)
G1(-0.8253)
(-0.0947)
(0.2602)
G2(-0.7721)
(-0.6401)
(0.8838)
G3(-2.2551)
(-7.4655)
(-0.2554)
G4(0.0921)
(1.1206)
(0.2985)
A1(3.4440)
(0.0000)
(1.1304)
A2(-5.2337)
(12.3493)
(2.2889)
A3(5.3726)
(7.8626)
(8.8346)
A4(5.5067)
(11.8465)
(-5.7030)
G1(-1.4596)
(-1.5868)
(1.1808)
G2(1.1004)
(-3.1091)
(-0.1554)
G3(0.7620)
(0.2975)
(0.7625)
G4(0.0410)
(0.4683)
(0.0942)
A1(2.7734)
(8.4065)
(-1.3460)
A2(1.1253)
(11.6598)
(-0.5411)
A3(3.3279)
(10.3669)
(-15.8879)
A4(0.0814)
(8.5617)
(-5.6455)
G1(1.7650)
(3.2422)
(0.3310)
G2(1.4537)
(1.0408)
(1.0706)
G3(1.0126)
(0.6407)
(0.5247)
G4(0.5571)
(1.7501)
(-0.1532)
A1(0.1772)
(8.5981)
(0.1868)
A2(8.7005)
(9.1459)
(0.9864)
A3(3.4429)
(9.4332)
(-4.0989)
A4(0.1724)
(6.4500)
(-3.4572)
G1(-0.7450)
(-0.2581)
(0.7998)
G2(-0.3592)
(2.1173)
(1.0382)
G3(0.2112)
(0.4688)
(0.4012)
G4(0.8147)
(4.3825)
(-2.8803)
A1(-0.5796)
(8.6604)
(1.0586)
A2(3.3232)
(7.5513)
(1.0008)
A3(-0.0479)
(10.0796)
(-0.2825)
A4(6.8139)
(4.9847)
(-3.7637)
G1(0.6423)
(1.2984)
(0.1171)
G2(-0.7013)
(2.3243)
(-0.1735)
G3(0.3640)
(0.7572)
(0.1203)
G4(-0.8604)
(1.4351)
(-1.2297)
