A1(2.5675)
(9.0532)
(1.3460)
A2(6.0047)
(8.0206)
(3.7397)
A3(0.7230)
(6.7469)
(-8.1786)
A4(-3.2848)
(7.9775)
(-0.8428)
G1(1.0488)
(1.7953)
(-0.0899)
G2(-0.1809)
(0.2639)
(0.9780)
G3(-0.3171)
(0.9493)
(-0.6135)
G4(1.5373)
(4.1824)
(-3.0336)
A1(2.8692)
(9.2160)
(0.3209)
A2(2.0590)
(6.7469)
(9.7061)
A3(0.2873)
(8.3127)
(-7.6471)
A4(4.3287)
(4.2186)
(-3.3998)
G1(1.3606)
(1.7395)
(-0.2293)
G2(-1.0839)
(1.1781)
(1.0754)
G3(-0.2230)
(1.1967)
(-0.8583)
G4(1.4404)
(4.0441)
(-2.8702)
A1(2.6872)
(11.7116)
(0.8095)
A2(4.6352)
(5.1858)
(6.1531)
A3(-4.6017)
(8.3797)
(-6.8905)
A4(0.7709)
(0.0239)
(-3.2561)
G1(2.6361)
(1.8895)
(-0.5954)
G2(-0.3400)
(2.4413)
(1.5186)
G3(0.1724)
(1.3893)
(-1.1313)
G4(2.0577)
(0.1139)
(-1.1233)
A1(-0.6467)
(6.7252)
(3.4009)
A2(3.0215)
(5.0087)
(7.6998)
A3(4.8842)
(9.5385)
(-6.3303)
A4(-4.4197)
(18.0427)
(-7.4843)
G1(-0.7210)
(2.8904)
(-0.5082)
G2(-0.4991)
(1.4277)
(0.5337)
G3(0.1548)
(0.6737)
(-1.2063)
G4(1.3212)
(-0.4938)
(0.4065)
A1(-13.2636)
(3.0513)
(11.9943)
A2(4.9177)
(4.9560)
(9.4619)
A3(-3.0694)
(16.1752)
(3.2848)
A4(-6.4308)
(7.7668)
(-9.1842)
G1(-6.1613)
(4.9337)
(-1.5894)
G2(0.4315)
(1.3122)
(0.2985)
G3(0.6577)
(1.0813)
(-1.4410)
G4(0.4730)
(-1.0493)
(-0.7827)
A1(-9.3502)
(20.8175)
(13.1008)
A2(6.1052)
(8.2121)
(10.8457)
A3(-5.6790)
(28.6203)
(-1.4796)
A4(-9.5768)
(13.9773)
(-4.0079)
G1(-7.1468)
(2.6004)
(-6.5391)
G2(1.5155)
(-0.4699)
(-0.4464)
G3(4.4091)
(2.9974)
(-2.9756)
G4(-1.0802)
(0.8248)
(-0.1570)
A1(-3.9374)
(34.4116)
(7.6593)
A2(-12.6174)
(15.6916)
(-2.1691)
A3(18.3540)
(22.4193)
(-40.6009)
A4(-0.7374)
(10.6398)
(-3.0358)
G1(-9.7478)
(-1.2840)
(-4.5065)
G2(1.6011)
(2.3764)
(-0.1868)
G3(-0.9003)
(-2.1428)
(-1.2457)
G4(-1.0339)
(-0.9472)
(0.2235)
A1(4.1051)
(5.5517)
(-8.7418)
A2(5.3295)
(21.4520)
(5.1475)
A3(9.5241)
(2.3750)
(-34.2371)
A4(5.4109)
(8.7580)
(4.1994)
G1(-4.9726)
(-0.2017)
(-2.3344)
G2(2.7069)
(8.4643)
(0.9360)
G3(-10.9046)
(-4.6986)
(-0.0846)
G4(-0.6997)
(0.2591)
(-0.8806)
A1(-0.1054)
(-10.4614)
(5.3696)
A2(5.3439)
(7.4891)
(2.0111)
A3(-29.2188)
(7.6662)
(-19.5127)
A4(-2.1165)
(5.6072)
(-4.1899)
G1(-2.6451)
(3.4114)
(-0.9567)
G2(1.4904)
(2.1322)
(0.4401)
G3(-14.8635)
(-0.4401)
(4.9902)
G4(0.2400)
(2.7856)
(-1.3069)
A1(0.6946)
(14.5426)
(40.3082)
A2(-5.1188)
(7.6184)
(9.1937)
A3(8.1786)
(37.4549)
(13.0628)
A4(5.0326)
(11.7412)
(2.5426)
G1(-3.8307)
(-0.6242)
(-1.8613)
G2(1.1605)
(0.9062)
(-1.2420)
G3(-15.5920)
(8.8895)
(-4.4399)
G4(1.3143)
(4.1819)
(-1.6868)
A1(-4.8810)
(5.4654)
(-13.8241)
A2(5.2241)
(3.4477)
(2.3846)
A3(9.2464)
(64.3609)
(18.8472)
A4(-9.9455)
(10.1275)
(-8.3222)
G1(-4.7879)
(-4.3756)
(-0.4927)
G2(0.1027)
(4.1680)
(-0.1591)
G3(-12.8138)
(1.9587)
(-5.3233)
G4(1.2717)
(2.6377)
(-0.5954)
A1(-1.2167)
(3.7793)
(-0.1389)
A2(-2.6815)
(7.6279)
(8.0828)
A3(-0.8475)
(27.4376)
(3.3615)
A4(-0.4262)
(-2.4277)
(-11.7460)
G1(-1.4745)
(-0.7482)
(0.6274)
G2(-0.4033)
(2.5621)
(-0.4491)
G3(-4.5884)
(-2.1487)
(-0.0458)
G4(0.2554)
(0.8402)
(0.6955)
A1(-1.4179)
(-6.6582)
(3.8129)
A2(-4.9081)
(1.9201)
(1.6376)
A3(29.6689)
(-17.5543)
(-43.8330)
A4(1.3503)
(-2.8299)
(-14.7962)
G1(-0.2155)
(-0.5640)
(3.0527)
G2(-1.0578)
(5.2913)
(0.9796)
G3(-4.0818)
(3.5710)
(-1.1946)
G4(0.7583)
(0.6572)
(0.4262)
A1(-2.4812)
(4.4212)
(0.8526)
A2(-5.5115)
(21.6627)
(3.0311)
A3(-17.9948)
(9.5098)
(-15.8736)
A4(-1.4174)
(10.1466)
(-9.7779)
G1(3.2065)
(1.1930)
(3.4061)
G2(-1.0312)
(4.2766)
(1.1728)
G3(-1.3782)
(-3.8387)
(5.6154)
G4(-0.7790)
(0.1687)
(-0.5358)
A1(0.5365)
(-0.2539)
(4.5362)
A2(11.8369)
(5.1284)
(-3.1987)
A3(7.2305)
(-6.8378)
(-21.2031)
A4(0.9720)
(5.5689)
(4.0654)
G1(3.7950)
(0.9679)
(4.1425)
G2(-0.6157)
(-0.2325)
(-0.2730)
G3(3.2438)
(3.5604)
(0.9897)
G4(0.1740)
(3.6977)
(-2.5217)
A1(-15.6395)
(0.6706)
(7.4294)
A2(7.0102)
(10.8793)
(1.5323)
A3(0.6704)
(19.5415)
(0.7087)
A4(10.7691)
(12.2152)
(-8.1163)
G1(3.0554)
(1.0679)
(5.0471)
G2(0.4071)
(1.1169)
(0.3757)
G3(5.1876)
(0.9291)
(4.2686)
G4(1.2749)
(3.3747)
(-1.0302)
A1(-10.4662)
(1.4322)
(14.0444)
A2(-1.4844)
(5.7174)
(-1.1205)
A3(-6.1004)
(18.9286)
(4.0558)
A4(-5.8083)
(12.9957)
(-0.3160)
G1(2.7665)
(1.5059)
(4.0121)
G2(1.4101)
(0.3406)
(0.6561)
G3(5.1498)
(2.4286)
(3.9323)
G4(0.3560)
(-1.2004)
(-0.2235)
A1(-3.7123)
(8.2724)
(11.2183)
A2(-2.2027)
(8.7676)
(7.3837)
A3(-8.2121)
(26.3027)
(9.6726)
A4(1.8196)
(2.1500)
(-11.9088)
G1(2.6047)
(-2.7132)
(3.7535)
G2(0.3182)
(-0.3070)
(0.6625)
G3(6.2592)
(1.7698)
(4.3404)
G4(0.3384)
(0.1692)
(-0.2751)
A1(-14.7581)
(13.0481)
(9.7286)
A2(-1.7526)
(12.6605)
(10.6925)
A3(-13.4458)
(15.3229)
(4.5921)
A4(-1.2450)
(10.3046)
(-6.5888)
G1(3.5609)
(-1.9278)
(1.1957)
G2(-0.8019)
(0.4459)
(0.5231)
G3(5.9565)
(1.4495)
(2.6622)
G4(0.0362)
(1.5240)
(-0.5039)
A1(-11.7356)
(7.6784)
(5.4127)
A2(-2.8060)
(5.3343)
(-8.2313)
A3(-19.7857)
(19.2063)
(2.2601)
A4(-4.6783)
(8.1977)
(-6.1818)
G1(1.8502)
(0.9509)
(0.6236)
G2(0.2629)
(3.6349)
(0.4236)
G3(2.3158)
(-0.1916)
(1.5437)
G4(0.0021)
(0.5263)
(0.0325)
