A1(-1.2023)
(6.7731)
(4.9625)
A2(1.4030)
(9.4332)
(0.0000)
A3(-2.4708)
(7.5561)
(-2.1548)
A4(-0.3352)
(8.9830)
(-5.4348)
G1(-0.2719)
(-0.6002)
(-0.6321)
G2(0.1298)
(-0.6923)
(-0.0255)
G3(0.9216)
(-0.2889)
(0.2416)
G4(0.1580)
(-0.3336)
(0.2006)
A1(0.1006)
(7.2138)
(8.4784)
A2(0.3735)
(9.7683)
(-0.1149)
A3(2.2889)
(6.0286)
(-3.1412)
A4(0.9960)
(9.5050)
(-3.0550)
G1(0.8301)
(-0.6609)
(-0.0122)
G2(0.3890)
(-1.0924)
(-0.0213)
G3(1.4867)
(-0.5396)
(0.8626)
G4(0.3762)
(-0.6109)
(0.1995)
A1(-0.6419)
(8.4496)
(8.0137)
A2(-0.7230)
(9.3470)
(1.2498)
A3(3.8403)
(4.9321)
(-3.7493)
A4(5.2241)
(18.9573)
(6.4787)
G1(2.9554)
(-2.3307)
(-0.1591)
G2(0.6348)
(-0.6928)
(0.0670)
G3(0.2724)
(-0.6981)
(2.2535)
G4(2.4546)
(-1.4314)
(0.5619)
A1(6.0019)
(17.6082)
(-5.7624)
A2(-0.6225)
(9.2225)
(-0.1245)
A3(-0.9242)
(2.8778)
(0.3352)
A4(5.8083)
(36.7079)
(17.9086)
G1(2.4690)
(-1.7757)
(-0.3539)
G2(0.9828)
(-0.9275)
(0.2139)
G3(0.4385)
(0.5970)
(0.8881)
G4(4.1345)
(-3.2289)
(1.2175)
A1(-5.4511)
(8.3730)
(6.7587)
A2(-2.4756)
(8.3031)
(3.6296)
A3(9.5816)
(40.6248)
(6.8426)
A4(-3.9552)
(14.0061)
(-16.8695)
G1(0.0521)
(-7.8258)
(-0.2735)
G2(0.0702)
(-1.2563)
(0.6125)
G3(-0.0436)
(3.7551)
(-1.2276)
G4(3.3449)
(1.8512)
(1.4213)
A1(-1.1592)
(5.9492)
(7.0222)
A2(9.8976)
(8.2408)
(4.5681)
A3(6.9288)
(10.3765)
(-2.3032)
A4(-10.0461)
(5.0182)
(-29.9802)
G1(0.1378)
(-0.9988)
(0.2144)
G2(-4.7209)
(-4.1797)
(1.9273)
G3(-0.9019)
(-1.5793)
(0.6481)
G4(-6.4811)
(3.2070)
(0.4294)
A1(3.8129)
(3.6117)
(9.5130)
A2(2.9688)
(12.9909)
(17.7219)
A3(2.4660)
(15.8544)
(0.8188)
A4(0.7757)
(16.1609)
(-18.6221)
G1(-0.9951)
(-1.2765)
(1.1898)
G2(-9.2162)
(-3.8445)
(1.0318)
G3(-0.3092)
(-0.1474)
(-0.0830)
G4(-10.1405)
(5.7207)
(0.8466)
A1(-2.8597)
(9.3358)
(-0.1245)
A2(8.3366)
(17.1521)
(22.7689)
A3(-1.1684)
(7.2544)
(-1.3695)
A4(-2.9353)
(20.3411)
(2.2649)
G1(-0.9402)
(-0.6039)
(-0.9908)
G2(-8.2733)
(-2.7680)
(4.1228)
G3(0.3390)
(-2.5121)
(1.4793)
G4(-13.8860)
(-1.4223)
(5.4153)
A1(15.6586)
(13.1966)
(3.4967)
A2(-0.0335)
(14.2072)
(4.5298)
A3(0.9337)
(-1.9154)
(-7.8817)
A4(-5.1284)
(24.4640)
(8.6814)
G1(0.2889)
(-3.3635)
(-2.8500)
G2(-6.6248)
(-1.0312)
(5.0827)
G3(-0.3134)
(-4.6895)
(1.9486)
G4(-11.6283)
(2.6254)
(5.9655)
A1(-19.8164)
(12.1619)
(-3.0848)
A2(-0.2011)
(6.7325)
(1.7382)
A3(2.5857)
(-1.8100)
(-9.3757)
A4(-16.7020)
(7.1491)
(-13.5177)
G1(-0.3911)
(-1.4952)
(-0.1437)
G2(-6.9223)
(2.0162)
(4.2048)
G3(1.2015)
(0.3177)
(-0.7231)
G4(-3.4949)
(2.5297)
(-0.3459)
A1(-3.1231)
(9.9202)
(2.2944)
A2(11.0373)
(-13.1825)
(8.6957)
A3(-5.1332)
(8.6000)
(-9.6199)
A4(2.0016)
(-4.4436)
(-14.5089)
G1(-0.1176)
(-0.5667)
(-0.1729)
G2(-4.3516)
(-1.2473)
(1.3260)
G3(0.6295)
(-0.6651)
(0.3464)
G4(3.6780)
(0.2618)
(-5.8692)
A1(3.5877)
(8.8424)
(3.5207)
A2(-4.9704)
(9.6343)
(-5.2289)
A3(4.7692)
(-3.0646)
(-12.7036)
A4(-2.0446)
(2.6719)
(-6.0238)
G1(0.0426)
(0.8519)
(-0.5401)
G2(-5.5004)
(4.4660)
(0.0250)
G3(1.6107)
(0.7849)
(-0.6082)
G4(3.5221)
(-1.4835)
(-5.0748)
A1(4.5122)
(10.7824)
(6.0642)
A2(11.4251)
(-1.0534)
(4.8028)
A3(-1.7621)
(16.4003)
(-7.9535)
A4(8.2552)
(10.8553)
(-1.0870)
G1(0.4661)
(-0.8306)
(-1.3654)
G2(-0.9466)
(2.9569)
(-1.8837)
G3(-0.1112)
(-0.9083)
(0.8168)
G4(6.0938)
(-1.9151)
(-3.9339)
A1(2.1459)
(11.6446)
(4.6559)
A2(0.3687)
(1.0822)
(4.5203)
A3(3.9456)
(21.5478)
(-7.9966)
A4(5.0039)
(14.8967)
(-2.6288)
G1(-0.2852)
(-0.2735)
(-0.4624)
G2(4.5432)
(2.4860)
(-3.0996)
G3(-0.3379)
(-0.9264)
(1.5261)
G4(3.1012)
(-3.7647)
(-1.7964)
A1(1.3268)
(9.7094)
(1.2406)
A2(6.2297)
(-7.0533)
(10.2711)
A3(3.5674)
(12.3349)
(-2.0399)
A4(14.8153)
(20.9684)
(-3.9696)
G1(0.3938)
(-0.2464)
(-0.5380)
G2(4.4884)
(-0.3081)
(-2.3535)
G3(-0.4480)
(-0.6673)
(0.3805)
G4(1.5330)
(-2.9037)
(-2.2035)
A1(3.9614)
(12.5978)
(3.2381)
A2(13.6948)
(0.5555)
(13.2878)
A3(4.8937)
(6.1627)
(-8.6239)
A4(12.0859)
(15.4234)
(-1.8196)
G1(1.0850)
(0.1799)
(-0.6933)
G2(4.2250)
(-2.6526)
(-4.8146)
G3(0.0282)
(-0.5028)
(0.3645)
G4(1.0791)
(-2.7707)
(-1.1089)
A1(2.6537)
(9.1633)
(2.2992)
A2(2.6671)
(3.5578)
(7.9918)
A3(1.7190)
(6.4979)
(-7.2975)
A4(3.2178)
(7.7381)
(-12.9861)
G1(1.4106)
(0.3443)
(-0.9195)
G2(3.0910)
(0.1064)
(-4.4979)
G3(0.0702)
(-0.0452)
(-0.0521)
G4(0.6417)
(0.1282)
(-2.2625)
A1(-0.4742)
(9.1681)
(-2.8740)
A2(7.7620)
(11.0612)
(10.1131)
A3(4.0510)
(8.4803)
(-6.7947)
A4(16.5391)
(16.2901)
(9.0884)
G1(1.7501)
(0.5619)
(-1.1855)
G2(2.5706)
(2.4621)
(-3.0075)
G3(-0.1745)
(-0.3416)
(-0.0644)
G4(-0.8913)
(1.2191)
(-0.2496)
A1(2.9938)
(8.7849)
(0.5988)
A2(7.1922)
(12.3493)
(6.0717)
A3(-0.5363)
(10.7883)
(-2.6528)
A4(-5.5115)
(12.3445)
(7.5513)
G1(1.1488)
(0.7487)
(-0.9935)
G2(3.1969)
(0.4539)
(-1.5298)
G3(-0.3033)
(-0.1708)
(-0.2751)
G4(-0.3767)
(0.2980)
(-0.7242)
A1(-1.6142)
(8.9909)
(-2.7974)
A2(7.5034)
(4.1946)
(3.7158)
A3(2.2458)
(9.7061)
(-3.1651)
A4(12.9047)
(10.1706)
(-3.8834)
G1(-0.0192)
(0.9450)
(-0.4789)
G2(3.0586)
(1.3106)
(0.1644)
G3(0.2134)
(-0.3741)
(-0.3262)
G4(0.8258)
(0.5491)
(-1.3037)
