A1(-1.6334)
(10.1549)
(-1.5711)
A2(4.0701)
(7.8817)
(10.7164)
A3(1.7621)
(6.1244)
(-10.7643)
A4(8.8202)
(-0.2059)
(-1.0151)
G1(2.4371)
(2.3418)
(-0.8264)
G2(-1.8299)
(3.1283)
(1.1323)
G3(-0.3767)
(0.4842)
(-0.9871)
G4(2.2088)
(4.1648)
(-4.6246)
A1(2.6872)
(6.1265)
(3.2668)
A2(4.7453)
(6.3686)
(-0.0575)
A3(-1.7957)
(7.6950)
(-6.4883)
A4(-3.6440)
(-7.3933)
(5.0326)
G1(2.0226)
(2.1253)
(-0.8610)
G2(-0.2964)
(1.4426)
(1.2797)
G3(-0.5231)
(0.5310)
(-1.1339)
G4(1.1004)
(-1.2435)
(-0.9626)
A1(-6.9743)
(16.0083)
(6.6103)
A2(1.8340)
(7.0485)
(4.0749)
A3(-0.3065)
(17.0467)
(8.9256)
A4(-6.7277)
(-7.0246)
(-15.9885)
G1(-8.2062)
(2.7814)
(-1.3888)
G2(1.2946)
(1.7427)
(0.0005)
G3(1.3196)
(1.7363)
(-1.9039)
G4(-0.2001)
(0.3858)
(-0.3900)
A1(-0.1341)
(29.3150)
(4.4404)
A2(3.6296)
(7.7907)
(6.4691)
A3(-2.6288)
(41.9656)
(15.3037)
A4(2.8204)
(13.3166)
(-14.2551)
G1(-8.6878)
(5.6798)
(-3.8445)
G2(2.7351)
(1.5586)
(-1.5442)
G3(4.5421)
(3.6162)
(-2.8383)
G4(-1.1531)
(1.5825)
(-0.8157)
A1(-6.8641)
(30.0000)
(13.4600)
A2(-0.3304)
(11.8705)
(11.0899)
A3(-4.3287)
(18.1385)
(-19.2781)
A4(-8.4755)
(12.8138)
(-13.3692)
G1(-8.6607)
(-0.6407)
(-5.5297)
G2(0.2538)
(-1.1015)
(0.2405)
G3(2.5627)
(4.1079)
(-3.8333)
G4(-2.1125)
(-0.9222)
(0.4087)
A1(-2.2130)
(-0.5556)
(-1.6238)
A2(10.4244)
(13.0053)
(-2.0303)
A3(-13.0771)
(6.2106)
(-25.2397)
A4(0.6608)
(1.2977)
(8.1451)
G1(-5.4111)
(2.7611)
(-2.0949)
G2(2.3913)
(3.2267)
(0.8977)
G3(-12.1141)
(-2.9931)
(3.1081)
G4(-1.0515)
(5.6218)
(-1.1398)
A1(-1.2119)
(-8.0473)
(5.1780)
A2(-3.9217)
(20.5183)
(3.9265)
A3(-11.9950)
(8.5952)
(-4.8363)
A4(-3.5530)
(13.7188)
(1.3455)
G1(-4.1063)
(3.1469)
(-4.5538)
G2(2.3690)
(0.5087)
(-0.1272)
G3(-14.6033)
(5.7681)
(0.8950)
G4(0.9541)
(3.9121)
(-0.7285)
A1(8.4353)
(2.9650)
(-7.3192)
A2(-2.2458)
(8.5904)
(7.4699)
A3(-1.4844)
(37.0383)
(-4.8650)
A4(5.1380)
(3.9983)
(0.1772)
G1(-6.3997)
(0.2389)
(-3.7370)
G2(1.8273)
(2.0545)
(-1.6660)
G3(-11.8741)
(6.3380)
(-5.4520)
G4(2.4451)
(5.4978)
(-1.0328)
A1(8.0089)
(-10.4231)
(1.2023)
A2(-12.7755)
(-0.0287)
(15.3468)
A3(4.2856)
(17.0132)
(-19.2829)
A4(6.3686)
(3.7541)
(4.4532)
G1(-1.5889)
(-0.8328)
(0.4236)
G2(-0.6566)
(7.0505)
(0.6332)
G3(-6.4487)
(-2.1662)
(-1.1903)
G4(1.2382)
(-1.9842)
(0.7577)
A1(-3.3243)
(-2.2561)
(1.6286)
A2(1.9537)
(-0.5315)
(5.9664)
A3(19.9102)
(-4.5250)
(-23.9564)
A4(8.8777)
(9.0453)
(-9.1267)
G1(0.6045)
(-1.8757)
(1.9890)
G2(-1.0254)
(4.8635)
(2.2838)
G3(-5.1578)
(-1.9821)
(1.6511)
G4(1.0158)
(0.1027)
(0.4709)
A1(-1.0299)
(-4.3446)
(5.8007)
A2(7.2688)
(10.7356)
(-1.4557)
A3(-8.4036)
(-7.2736)
(-17.0036)
A4(3.7876)
(6.4691)
(-15.1649)
G1(3.7737)
(-0.9977)
(2.6233)
G2(1.3585)
(1.1100)
(-0.1048)
G3(0.7700)
(-1.6272)
(2.0901)
G4(0.0915)
(1.0344)
(-0.2916)
A1(-4.2009)
(-2.2130)
(6.2510)
A2(2.2745)
(10.5919)
(0.9098)
A3(2.0255)
(-14.5137)
(-13.0388)
A4(-2.1308)
(1.8962)
(-7.3071)
G1(4.0834)
(0.1820)
(3.2725)
G2(-1.5713)
(0.1751)
(-1.4277)
G3(3.7136)
(0.9637)
(2.0673)
G4(0.0362)
(2.0268)
(-1.4239)
A1(-5.3888)
(2.4285)
(5.8007)
A2(3.0406)
(16.7594)
(1.7765)
A3(-0.0048)
(11.4491)
(-0.2634)
A4(0.4070)
(14.0348)
(3.0981)
G1(3.9743)
(2.2056)
(5.2876)
G2(0.1511)
(-0.1469)
(-0.0474)
G3(8.1770)
(0.9935)
(2.2136)
G4(0.6337)
(-0.0388)
(0.1176)
A1(-4.3206)
(7.2761)
(6.2318)
A2(-3.3615)
(7.4172)
(-1.0343)
A3(0.2682)
(10.3669)
(-1.2737)
A4(2.0877)
(5.2577)
(-1.1971)
G1(2.7255)
(1.2787)
(5.2418)
G2(1.1648)
(0.1474)
(0.8195)
G3(8.1035)
(3.1565)
(2.1279)
G4(1.1845)
(0.5470)
(-0.2916)
A1(-10.7776)
(12.2194)
(8.2389)
A2(-1.9249)
(9.8881)
(10.4196)
A3(-1.9728)
(14.1018)
(-2.7869)
A4(4.6495)
(2.9401)
(-5.5019)
G1(1.4016)
(-0.1495)
(3.5146)
G2(0.5332)
(-0.9200)
(0.6194)
G3(6.0938)
(4.5166)
(1.1174)
G4(1.3202)
(1.1079)
(-0.3028)
A1(-8.8999)
(12.2912)
(9.1777)
A2(-3.4381)
(3.8259)
(3.0789)
A3(-19.5223)
(13.1968)
(-0.6416)
A4(-1.3072)
(8.6000)
(-12.7372)
G1(1.8071)
(0.0059)
(2.1950)
G2(-0.4145)
(2.7994)
(0.2442)
G3(0.1485)
(4.7789)
(-0.6199)
G4(1.0695)
(0.7035)
(0.0899)
A1(-11.0267)
(11.8649)
(5.0918)
A2(8.5569)
(8.0014)
(-0.2969)
A3(-3.8547)
(20.7769)
(-4.0462)
A4(0.5507)
(8.5281)
(-11.0325)
G1(0.5678)
(-0.6093)
(1.5777)
G2(-0.4805)
(1.5463)
(0.9477)
G3(0.0580)
(3.3411)
(-0.3805)
G4(0.6556)
(1.0488)
(0.3155)
A1(-2.7639)
(9.7381)
(4.8284)
A2(1.2067)
(15.0500)
(1.8052)
A3(-11.2575)
(22.2757)
(3.6105)
A4(3.5817)
(7.7141)
(-10.2328)
G1(0.1043)
(-1.2329)
(0.8679)
G2(-0.2219)
(-1.5564)
(1.2334)
G3(1.2882)
(2.6419)
(0.9802)
G4(0.1650)
(1.5043)
(0.5444)
A1(-5.4223)
(7.3192)
(3.9326)
A2(-1.2546)
(12.1338)
(3.3136)
A3(3.0358)
(2.0542)
(-7.8530)
A4(2.1165)
(6.4165)
(-7.4220)
G1(0.0394)
(1.3409)
(0.2501)
G2(0.9961)
(1.2393)
(0.4321)
G3(0.4789)
(-1.6682)
(1.4633)
G4(-0.4470)
(1.5378)
(0.1054)
A1(6.0307)
(12.0422)
(2.7974)
A2(4.2329)
(11.3916)
(-0.7614)
A3(-4.8171)
(12.2392)
(-2.3415)
A4(2.6528)
(5.3678)
(-5.9616)
G1(1.6421)
(1.2398)
(0.3922)
G2(0.0623)
(0.1655)
(0.9408)
G3(0.0250)
(-1.2856)
(1.4532)
G4(-0.3517)
(0.5566)
(0.2033)
