A1(-0.0910)
(9.1011)
(-0.9341)
A2(2.6384)
(7.6854)
(4.7836)
A3(0.9864)
(7.4651)
(-6.5505)
A4(8.0780)
(9.8210)
(-2.1979)
G1(0.7215)
(0.8077)
(-0.1288)
G2(0.0293)
(-0.1070)
(0.1495)
G3(-0.1820)
(0.2102)
(-0.2065)
G4(0.4778)
(1.5469)
(-0.9099)
A1(1.3173)
(10.9883)
(-1.1017)
A2(3.7876)
(7.4939)
(4.0223)
A3(-0.1245)
(7.7572)
(-5.9711)
A4(-1.6233)
(6.1148)
(-2.3990)
G1(0.4699)
(1.7985)
(-0.1527)
G2(-0.3411)
(0.6167)
(0.2309)
G3(-0.0740)
(0.4991)
(-0.3097)
G4(0.5901)
(1.1116)
(-1.3367)
A1(1.6382)
(7.9658)
(-2.1076)
A2(5.2481)
(5.5306)
(7.9775)
A3(-0.4214)
(7.7333)
(-6.0813)
A4(2.0734)
(6.5793)
(-1.7190)
G1(0.8892)
(1.2414)
(-0.6093)
G2(-0.9376)
(1.3580)
(1.0919)
G3(-0.1070)
(0.6263)
(-0.5491)
G4(-0.0596)
(3.0602)
(-2.6212)
A1(1.8921)
(11.9703)
(-1.0155)
A2(4.1803)
(4.7884)
(5.1475)
A3(-0.2729)
(7.7189)
(-4.9895)
A4(-0.6800)
(7.0485)
(-3.8403)
G1(0.8934)
(1.5623)
(-0.8397)
G2(-0.5710)
(1.4734)
(1.0642)
G3(0.0718)
(0.8684)
(-0.7295)
G4(0.9802)
(1.9028)
(-1.9848)
A1(-7.6162)
(12.2050)
(4.2679)
A2(3.4812)
(4.6017)
(9.5864)
A3(0.3543)
(10.0556)
(-4.4197)
A4(-3.7876)
(24.4304)
(-11.4347)
G1(-1.8289)
(2.7005)
(-1.1158)
G2(-0.2400)
(2.2748)
(0.2959)
G3(0.5970)
(0.8062)
(-1.2345)
G4(1.0828)
(-4.2542)
(1.5208)
A1(-9.8483)
(8.2868)
(5.7624)
A2(6.5410)
(3.2753)
(6.6415)
A3(1.6759)
(24.9045)
(4.4053)
A4(-0.3831)
(-0.7087)
(-17.4777)
G1(-7.6140)
(5.6952)
(-0.5060)
G2(0.0074)
(2.8431)
(-0.1767)
G3(1.8991)
(1.7831)
(-1.8980)
G4(-0.9525)
(1.1914)
(-0.8200)
A1(-6.4857)
(27.7535)
(14.0923)
A2(-3.8020)
(18.2007)
(9.0357)
A3(-2.3894)
(25.5844)
(-9.4284)
A4(-4.6112)
(21.9740)
(-1.4700)
G1(-9.8191)
(2.3009)
(-5.7755)
G2(0.9738)
(-0.7178)
(-0.7492)
G3(2.3248)
(2.2067)
(-3.2012)
G4(-2.3237)
(0.5651)
(0.5598)
A1(-2.3711)
(21.0714)
(-5.7241)
A2(-4.9177)
(15.7155)
(1.3743)
A3(25.6323)
(18.4066)
(-31.8094)
A4(0.2969)
(12.4498)
(2.5618)
G1(-7.2000)
(-2.3445)
(-3.5965)
G2(3.1049)
(5.2887)
(-0.0894)
G3(-1.8262)
(-0.2927)
(1.4521)
G4(-2.1503)
(2.7835)
(-1.4931)
A1(6.6534)
(3.3578)
(-4.7230)
A2(4.3718)
(19.1488)
(2.0351)
A3(-24.7273)
(8.4036)
(-27.0162)
A4(-0.0144)
(2.1165)
(17.4537)
G1(-6.2113)
(-0.8924)
(-0.5252)
G2(4.0685)
(6.3204)
(1.3510)
G3(-10.3507)
(-5.6686)
(5.1471)
G4(0.5837)
(5.7133)
(-0.5800)
A1(12.2865)
(-4.5410)
(13.7139)
A2(-2.4134)
(0.8236)
(2.4565)
A3(4.7405)
(27.5237)
(-0.5315)
A4(-7.2401)
(1.3503)
(9.4332)
G1(-9.8324)
(-3.7982)
(-3.1480)
G2(0.3725)
(-0.9051)
(-0.6896)
G3(-14.0951)
(6.8350)
(-2.3386)
G4(-0.6396)
(0.2325)
(0.0277)
A1(-15.9844)
(10.7824)
(-3.6979)
A2(-11.9471)
(-3.2226)
(0.3256)
A3(15.4474)
(35.6545)
(1.7334)
A4(-8.8729)
(3.5291)
(-2.9401)
G1(-3.6013)
(-4.9337)
(0.0410)
G2(0.0899)
(6.6913)
(-0.2139)
G3(-12.4025)
(-0.1559)
(-3.5284)
G4(0.6572)
(-0.1277)
(-0.1144)
A1(-3.3866)
(-4.4499)
(3.5350)
A2(-11.8992)
(2.4469)
(7.3023)
A3(15.7634)
(-4.5298)
(-28.0217)
A4(2.8539)
(4.9560)
(-15.0691)
G1(1.4191)
(-0.6444)
(2.4983)
G2(1.4048)
(3.4752)
(0.6646)
G3(-3.8035)
(-0.7944)
(1.8220)
G4(0.3017)
(2.0396)
(-0.6103)
A1(-2.1364)
(0.6610)
(3.7027)
A2(6.5074)
(16.9174)
(4.6112)
A3(-14.7004)
(-8.8250)
(-18.3779)
A4(2.6815)
(15.7538)
(-5.4971)
G1(4.2915)
(0.5236)
(3.2682)
G2(-2.2301)
(4.3197)
(0.4289)
G3(0.1963)
(0.8971)
(2.6223)
G4(-0.5656)
(1.1414)
(-0.4550)
A1(-2.0453)
(0.0096)
(4.3446)
A2(14.1354)
(12.3445)
(-7.7955)
A3(6.9145)
(-4.8076)
(-15.9933)
A4(-1.2546)
(1.7717)
(-6.2249)
G1(4.8454)
(1.2579)
(3.6774)
G2(0.4470)
(-3.2645)
(-0.4486)
G3(3.3076)
(2.3062)
(1.2100)
G4(-0.2687)
(3.1969)
(-1.2297)
A1(-9.0915)
(2.3040)
(9.4124)
A2(8.5952)
(12.3014)
(1.3982)
A3(-1.6712)
(13.7810)
(-1.0870)
A4(-1.3312)
(7.7859)
(0.3831)
G1(3.4742)
(2.4791)
(3.7668)
G2(-0.3118)
(0.8721)
(0.5832)
G3(6.0443)
(1.5894)
(2.2742)
G4(0.5752)
(0.4693)
(0.0734)
A1(-10.2986)
(2.6010)
(9.0628)
A2(-9.1698)
(7.1539)
(3.2034)
A3(-3.0646)
(18.8472)
(5.7221)
A4(-1.2737)
(11.2097)
(0.0287)
G1(2.0369)
(1.8395)
(3.7674)
G2(0.2395)
(0.8775)
(1.3090)
G3(5.7372)
(2.4892)
(2.2918)
G4(0.4518)
(-1.2483)
(0.3129)
A1(-7.7311)
(10.3609)
(3.6021)
A2(-2.0351)
(7.2065)
(6.4404)
A3(-9.6678)
(18.6508)
(4.1851)
A4(1.2641)
(4.9560)
(-9.7492)
G1(1.3915)
(0.3129)
(2.8601)
G2(0.6779)
(-1.7741)
(0.6119)
G3(6.1805)
(3.9765)
(1.9587)
G4(0.6279)
(0.2097)
(0.1346)
A1(-12.5739)
(11.5632)
(3.0896)
A2(-4.8411)
(6.9480)
(2.6097)
A3(-12.3589)
(11.9854)
(-5.6982)
A4(1.4796)
(22.9317)
(-6.4596)
G1(2.0827)
(-0.8184)
(1.1573)
G2(0.3581)
(0.8780)
(0.1793)
G3(2.3392)
(1.6543)
(0.9110)
G4(0.4922)
(0.4385)
(0.0234)
A1(-7.7311)
(7.0940)
(3.8656)
A2(5.2481)
(11.1713)
(-0.7805)
A3(-8.7101)
(14.8967)
(-2.4852)
A4(2.5139)
(7.9727)
(-6.7421)
G1(2.1604)
(-1.0637)
(0.0867)
G2(1.0488)
(1.3585)
(1.0280)
G3(0.1117)
(1.3095)
(0.4571)
G4(-0.0298)
(0.6646)
(0.4507)
A1(-6.2558)
(6.1696)
(3.2908)
A2(1.3934)
(16.1034)
(4.1037)
A3(-9.0549)
(13.1633)
(-2.1356)
A4(0.8619)
(7.3119)
(-4.4915)
G1(0.8679)
(0.7886)
(0.4821)
G2(-0.0048)
(-1.9970)
(1.0387)
G3(-0.4752)
(0.6848)
(0.1032)
G4(0.1873)
(0.0101)
(0.7407)
