A1(-0.8718)
(8.7849)
(-2.3471)
A2(2.4325)
(9.0166)
(3.0933)
A3(0.7374)
(8.0014)
(-5.3630)
A4(1.2019)
(10.8314)
(-1.7765)
G1(0.4965)
(0.5444)
(-0.1229)
G2(-0.3448)
(0.3783)
(0.0170)
G3(-0.0357)
(0.1485)
(-0.1634)
G4(1.1510)
(1.6331)
(-1.1760)
A1(2.8022)
(10.6674)
(-0.3305)
A2(4.9273)
(6.8139)
(4.9895)
A3(1.2210)
(10.3430)
(-4.6926)
A4(-0.7949)
(3.7924)
(-3.5195)
G1(0.4204)
(0.6204)
(-0.6625)
G2(-0.7082)
(1.3915)
(0.5667)
G3(0.0511)
(0.1564)
(-0.2432)
G4(0.9041)
(2.5068)
(-2.1199)
A1(1.4322)
(9.5370)
(-1.2215)
A2(4.1372)
(6.3829)
(5.0470)
A3(0.2586)
(10.3477)
(-0.5650)
A4(4.6256)
(10.5967)
(1.3264)
G1(1.1281)
(2.1960)
(-1.2739)
G2(-0.7811)
(0.7066)
(0.5885)
G3(0.5752)
(0.0899)
(-0.6029)
G4(-0.3645)
(-0.5619)
(-0.5332)
A1(-9.1633)
(1.3412)
(10.4614)
A2(1.9249)
(7.0964)
(4.0989)
A3(2.8539)
(13.5368)
(1.8962)
A4(3.3567)
(8.3222)
(-9.1650)
G1(-5.4233)
(6.9829)
(-1.1520)
G2(0.0085)
(2.4929)
(-0.1346)
G3(1.3095)
(0.9908)
(-1.5442)
G4(0.3203)
(1.2957)
(-0.9142)
A1(-7.8605)
(19.8451)
(20.3193)
A2(3.1556)
(10.2472)
(10.0652)
A3(-6.0286)
(30.6171)
(1.4365)
A4(-6.5314)
(8.1738)
(-5.3582)
G1(-8.4744)
(3.5981)
(-4.7464)
G2(0.8551)
(-2.2615)
(0.1681)
G3(4.1505)
(2.7521)
(-2.9213)
G4(-0.3746)
(1.8667)
(-0.7700)
A1(-4.8619)
(33.1327)
(6.8258)
A2(-10.6207)
(11.7986)
(-1.6281)
A3(0.9816)
(18.7418)
(-20.3603)
A4(-4.1037)
(14.6094)
(-2.8778)
G1(-7.4139)
(0.5954)
(-6.4700)
G2(1.2595)
(4.8491)
(-0.3656)
G3(-0.6763)
(3.4603)
(-2.7963)
G4(0.0160)
(-0.8870)
(0.1256)
A1(-1.0299)
(0.6035)
(12.6649)
A2(2.9544)
(11.2432)
(3.1987)
A3(-16.2423)
(17.7793)
(-11.8226)
A4(1.9632)
(9.9982)
(-1.0199)
G1(-5.2041)
(1.1169)
(-2.9293)
G2(1.1499)
(2.8782)
(0.5087)
G3(-12.0140)
(-5.0093)
(3.9653)
G4(0.8801)
(1.6043)
(-0.8753)
A1(-2.1220)
(-6.0402)
(-1.0586)
A2(-0.2490)
(9.2656)
(7.0294)
A3(-4.5681)
(22.4289)
(-4.0414)
A4(-0.9625)
(0.1437)
(-7.2065)
G1(-6.0448)
(-1.6352)
(-3.1017)
G2(0.6886)
(-0.8152)
(-0.7348)
G3(-14.1531)
(4.6299)
(2.5382)
G4(0.6444)
(2.9655)
(-1.0977)
A1(-7.3527)
(3.3482)
(-0.8287)
A2(4.5011)
(3.3471)
(4.4915)
A3(17.2861)
(29.1326)
(-1.2689)
A4(-6.8809)
(8.0828)
(-7.1922)
G1(-3.2938)
(-0.4353)
(0.8620)
G2(-1.3979)
(4.6315)
(0.5491)
G3(-9.1225)
(0.8993)
(-0.7428)
G4(0.6146)
(1.2345)
(-0.2953)
A1(-2.7399)
(-1.0394)
(1.5472)
A2(-7.4939)
(7.1826)
(3.7014)
A3(3.6488)
(-8.8825)
(-23.9420)
A4(5.4923)
(-3.6871)
(-14.3317)
G1(1.8486)
(-1.2888)
(2.4658)
G2(0.9333)
(3.0059)
(1.7347)
G3(-2.2413)
(-0.3193)
(2.4009)
G4(0.3608)
(0.5146)
(0.1697)
A1(0.9101)
(-0.2922)
(1.8490)
A2(5.0661)
(8.2025)
(1.3695)
A3(-4.4772)
(-6.5314)
(-18.6987)
A4(4.2665)
(8.9399)
(-12.2344)
G1(4.1792)
(-0.9429)
(2.7393)
G2(-0.5215)
(1.5559)
(-0.5321)
G3(1.8459)
(-0.4337)
(2.3759)
G4(-1.9353)
(-1.1600)
(-1.1515)
A1(-11.9943)
(0.3545)
(8.4879)
A2(3.6631)
(9.0932)
(0.5986)
A3(0.3639)
(-0.3639)
(-8.7580)
A4(1.4653)
(13.8959)
(-3.4333)
G1(4.7342)
(1.3766)
(3.9430)
G2(1.2569)
(-0.7492)
(0.2996)
G3(5.8963)
(-0.0633)
(2.5020)
G4(-0.3129)
(0.4933)
(-0.2959)
A1(-2.2274)
(6.5576)
(5.0870)
A2(-5.2577)
(7.4220)
(4.8363)
A3(-1.1827)
(22.1895)
(5.4444)
A4(7.4747)
(2.0973)
(-11.1666)
G1(2.5015)
(-0.6194)
(4.3005)
G2(0.9796)
(-0.1564)
(0.1314)
G3(6.7866)
(2.9937)
(1.1036)
G4(1.7842)
(2.0188)
(-1.0302)
A1(-9.0675)
(12.3823)
(12.5547)
A2(-0.4070)
(12.0237)
(7.1730)
A3(-4.2473)
(15.2654)
(1.4030)
A4(4.3383)
(13.5751)
(-3.9169)
G1(2.6930)
(-0.9903)
(2.9303)
G2(0.3539)
(-0.0921)
(0.7263)
G3(5.7607)
(2.9468)
(0.9573)
G4(-0.0090)
(2.8564)
(-0.5784)
A1(-4.2583)
(8.8520)
(4.4835)
A2(5.9472)
(8.4755)
(1.0582)
A3(-9.6103)
(20.1304)
(4.6926)
A4(1.2785)
(10.8649)
(-2.9928)
G1(1.7485)
(-0.7205)
(1.7278)
G2(-0.8487)
(0.2198)
(0.3491)
G3(1.5644)
(4.3367)
(0.2815)
G4(-0.1479)
(0.3421)
(-0.0048)
A1(-6.2031)
(7.1898)
(1.6047)
A2(-0.2203)
(16.0603)
(3.9792)
A3(-5.8514)
(18.9621)
(3.5578)
A4(-4.0175)
(8.0780)
(-7.4412)
G1(1.7038)
(0.8822)
(0.9951)
G2(-0.2682)
(3.6955)
(1.4596)
G3(0.8008)
(1.5548)
(0.1149)
G4(-0.0740)
(0.1341)
(-0.0245)
A1(-3.6644)
(9.2448)
(2.8501)
A2(-6.1962)
(8.6670)
(1.7382)
A3(-4.7405)
(10.5441)
(0.9960)
A4(-0.7901)
(9.8545)
(-3.9456)
G1(1.5458)
(0.3390)
(0.6423)
G2(0.6779)
(0.3602)
(-0.0250)
G3(0.3677)
(1.5836)
(0.1634)
G4(-0.1687)
(0.5726)
(0.1884)
A1(-6.1696)
(9.2352)
(0.3305)
A2(2.9497)
(7.9775)
(-0.4741)
A3(-2.3798)
(10.4244)
(1.3024)
A4(-0.9481)
(9.3901)
(-4.3191)
G1(-0.3390)
(-0.0607)
(0.5268)
G2(1.1568)
(0.8402)
(0.2570)
G3(0.2283)
(1.1813)
(0.4001)
G4(0.1697)
(0.2432)
(0.2959)
A1(1.5137)
(9.1250)
(0.2730)
A2(-1.6281)
(10.3238)
(1.1636)
A3(-8.9256)
(12.6174)
(4.1420)
A4(0.7709)
(8.6814)
(-4.5538)
G1(-0.1399)
(0.2341)
(1.2478)
G2(0.7577)
(-0.5167)
(0.6768)
G3(0.5603)
(1.3760)
(0.2144)
G4(0.2373)
(0.9748)
(0.3049)
A1(0.9963)
(9.6328)
(0.7041)
A2(-0.8428)
(8.5952)
(-1.4653)
A3(-3.0981)
(9.8928)
(-2.5474)
A4(1.7861)
(8.9160)
(-6.2010)
G1(1.3526)
(0.8461)
(-0.3485)
G2(0.7891)
(0.3145)
(0.5039)
G3(0.4730)
(-0.9136)
(0.9887)
G4(0.2198)
(1.3303)
(0.2033)
