A1(1.8154)
(9.4843)
(-1.6909)
A2(3.7637)
(8.6048)
(3.2226)
A3(-1.1588)
(7.4508)
(-7.5705)
A4(1.7478)
(9.2895)
(-3.2992)
G1(1.2095)
(1.3697)
(-0.4848)
G2(-0.4278)
(0.2953)
(-0.1107)
G3(-0.3954)
(0.7471)
(-0.4230)
G4(1.7666)
(1.5176)
(-1.4628)
A1(4.0188)
(8.8855)
(0.1724)
A2(4.1420)
(7.6088)
(3.5051)
A3(0.8811)
(7.8913)
(-6.9384)
A4(-10.6398)
(9.2464)
(-1.3743)
G1(1.1946)
(1.5298)
(-0.3948)
G2(-0.6486)
(0.6093)
(0.0756)
G3(-0.3608)
(0.5497)
(-0.3480)
G4(1.2201)
(4.4117)
(-4.2377)
A1(-0.5748)
(10.2219)
(3.7027)
A2(4.2090)
(6.8426)
(4.3574)
A3(0.6752)
(8.6957)
(-2.9018)
A4(-3.6966)
(4.8267)
(-6.6511)
G1(0.7428)
(0.9913)
(-1.0908)
G2(-0.4842)
(1.3558)
(0.9817)
G3(-0.0410)
(0.1458)
(-0.5183)
G4(0.3347)
(-0.2421)
(-0.9057)
A1(-4.2919)
(13.0529)
(3.9757)
A2(1.6568)
(8.5329)
(5.2720)
A3(0.7326)
(10.2568)
(-0.0958)
A4(13.5129)
(23.7218)
(6.6415)
G1(-1.3856)
(3.8876)
(-0.9136)
G2(-0.2139)
(1.6660)
(0.6353)
G3(0.5507)
(-0.1022)
(-0.8908)
G4(1.6001)
(-1.3143)
(1.8331)
A1(21.7659)
(38.0329)
(-0.9628)
A2(6.8857)
(4.6017)
(4.8746)
A3(7.3694)
(31.9530)
(16.7020)
A4(-0.7661)
(10.3142)
(-10.4052)
G1(-7.5384)
(5.2057)
(-1.2052)
G2(2.1710)
(1.2547)
(-0.8322)
G3(3.8589)
(2.6840)
(-2.8378)
G4(-0.4305)
(2.1966)
(-0.8993)
A1(-8.7801)
(15.5772)
(12.5068)
A2(3.1173)
(13.8241)
(12.4115)
A3(-6.2728)
(26.2165)
(-6.0142)
A4(-3.5243)
(13.5655)
(-3.0119)
G1(-8.2004)
(1.6900)
(-7.9333)
G2(0.2996)
(0.2448)
(0.0867)
G3(4.8986)
(3.3763)
(-2.2194)
G4(-0.3283)
(1.4160)
(-0.0926)
A1(-0.7999)
(2.4717)
(-1.6574)
A2(10.2615)
(13.2878)
(6.0334)
A3(23.4871)
(9.9599)
(-25.6898)
A4(1.8244)
(-1.3551)
(-11.6598)
G1(-5.4174)
(1.4314)
(-2.2301)
G2(2.3285)
(8.1435)
(1.4468)
G3(-10.1873)
(-5.3036)
(-1.4090)
G4(0.3778)
(2.1072)
(-1.1845)
A1(2.0118)
(-11.4242)
(18.5135)
A2(4.5155)
(9.5481)
(3.2705)
A3(-35.8125)
(17.9613)
(-17.9709)
A4(-2.6480)
(8.5186)
(1.0918)
G1(-5.4100)
(0.3453)
(-3.5391)
G2(0.6699)
(0.6534)
(-0.0351)
G3(-16.3673)
(-2.5430)
(4.2202)
G4(0.4539)
(1.4399)
(-0.8136)
A1(-14.0157)
(0.4838)
(24.2376)
A2(-1.6472)
(3.1364)
(4.7740)
A3(18.4114)
(38.0917)
(13.0436)
A4(-3.5817)
(7.3310)
(-6.4643)
G1(-6.3172)
(-0.9908)
(-1.2457)
G2(-0.8924)
(0.7795)
(-0.5369)
G3(-14.3867)
(4.5261)
(-1.6655)
G4(1.5208)
(1.8342)
(-0.7253)
A1(-0.7185)
(-1.1640)
(2.2034)
A2(1.5850)
(4.5921)
(1.1109)
A3(3.5674)
(21.6819)
(-5.3630)
A4(-4.7788)
(3.9409)
(-6.8618)
G1(-2.1221)
(-0.8546)
(0.6263)
G2(1.1882)
(5.8139)
(0.6646)
G3(-5.7926)
(-1.3021)
(0.1117)
G4(0.7497)
(0.2091)
(0.4369)
A1(-0.9005)
(-2.2609)
(2.9076)
A2(-4.4293)
(11.9950)
(5.5354)
A3(16.0459)
(-5.9999)
(-29.9754)
A4(5.7748)
(-4.1132)
(-12.8281)
G1(-0.7242)
(-0.7662)
(2.3259)
G2(-0.1681)
(0.8796)
(1.4058)
G3(-4.8704)
(1.4388)
(0.7199)
G4(-0.2980)
(0.2033)
(0.3948)
A1(-3.1854)
(-3.4057)
(5.3026)
A2(9.6055)
(13.5464)
(-4.9416)
A3(5.3486)
(-6.7229)
(-18.7945)
A4(4.3527)
(8.3414)
(-8.7053)
G1(3.1230)
(0.3102)
(3.5652)
G2(-0.2293)
(1.0828)
(-1.0546)
G3(2.0598)
(1.6400)
(1.7086)
G4(0.0367)
(0.8551)
(-0.4177)
A1(-4.2871)
(-3.6931)
(6.6677)
A2(2.2553)
(7.9535)
(2.9449)
A3(-0.2538)
(5.0230)
(-7.5226)
A4(0.9050)
(7.5657)
(-7.5465)
G1(3.1480)
(0.3294)
(4.0595)
G2(1.2978)
(-1.9821)
(1.3670)
G3(3.9594)
(1.4021)
(2.6265)
G4(-0.1916)
(-0.4081)
(-0.5305)
A1(-10.1501)
(2.5723)
(6.7635)
A2(3.7350)
(10.3334)
(2.7102)
A3(-1.1684)
(8.3079)
(-0.2538)
A4(-1.7478)
(9.0932)
(-6.0908)
G1(3.5396)
(0.6917)
(4.3601)
G2(-0.1203)
(-0.6545)
(-0.3666)
G3(5.7112)
(1.4633)
(3.3534)
G4(0.1133)
(0.4480)
(-0.4044)
A1(-1.3556)
(6.9120)
(5.6858)
A2(-1.5371)
(10.3525)
(2.9209)
A3(-6.3207)
(16.0268)
(0.8715)
A4(3.6057)
(4.5633)
(-7.1682)
G1(1.8874)
(0.7992)
(4.7358)
G2(0.2911)
(-0.5326)
(0.8141)
G3(5.7628)
(4.2526)
(3.0932)
G4(0.5965)
(0.8578)
(-0.6316)
A1(-9.5657)
(11.3524)
(6.9551)
A2(-0.5794)
(10.7643)
(9.7731)
A3(-5.0087)
(15.0308)
(0.3783)
A4(0.6273)
(6.7181)
(-7.3454)
G1(2.6345)
(-1.3638)
(2.7010)
G2(0.0484)
(-0.1527)
(0.4464)
G3(5.1684)
(3.2416)
(2.4302)
G4(0.4688)
(0.3565)
(-0.3358)
A1(-10.0543)
(10.6770)
(5.6235)
A2(4.9416)
(9.2464)
(3.7924)
A3(-10.9750)
(17.0467)
(-0.4022)
A4(-3.7733)
(7.5944)
(-8.7532)
G1(1.2036)
(-0.1559)
(1.5516)
G2(0.5204)
(0.5869)
(0.6582)
G3(1.1776)
(3.5875)
(1.2106)
G4(0.4879)
(0.3177)
(-0.0043)
A1(-8.0185)
(10.3561)
(2.8549)
A2(1.6041)
(9.1028)
(2.4852)
A3(-5.4636)
(15.8113)
(-0.3400)
A4(3.2034)
(8.4563)
(-10.0269)
G1(2.8250)
(-0.1815)
(1.1584)
G2(0.7678)
(-0.1862)
(0.4970)
G3(0.0761)
(-0.0170)
(0.7913)
G4(0.4757)
(0.7343)
(0.1426)
A1(-3.5111)
(8.8041)
(3.6452)
A2(-1.2881)
(11.7124)
(2.1596)
A3(-2.1213)
(19.9437)
(4.8267)
A4(-0.0527)
(5.5067)
(-9.0214)
G1(0.1612)
(1.1185)
(0.7333)
G2(0.2272)
(-0.6194)
(0.0282)
G3(-0.1016)
(3.3140)
(0.3198)
G4(-0.1873)
(1.1430)
(0.0106)
A1(-0.6227)
(8.8568)
(2.1795)
A2(-0.3687)
(12.9957)
(3.0167)
A3(-4.8171)
(13.1729)
(5.8706)
A4(-0.2155)
(7.4172)
(-8.7867)
G1(0.0825)
(0.7551)
(1.0626)
G2(-0.0585)
(-1.1616)
(0.0782)
G3(0.3597)
(2.1567)
(0.5587)
G4(-0.4954)
(0.6481)
(0.2623)
