A1(1.0921)
(7.7694)
(5.3457)
A2(1.3216)
(9.7157)
(-0.2298)
A3(-3.5147)
(12.4451)
(0.9577)
A4(-0.2873)
(8.8202)
(-5.8275)
G1(-2.1604)
(-0.8588)
(-0.4555)
G2(0.0367)
(0.0223)
(-0.0367)
G3(0.5875)
(-0.6838)
(0.3400)
G4(-0.1479)
(-0.2320)
(0.0506)
A1(-0.0383)
(6.5192)
(6.6198)
A2(1.6233)
(9.4332)
(-0.8092)
A3(-2.0830)
(9.8162)
(-1.4892)
A4(0.7853)
(8.5904)
(-4.6304)
G1(-1.0403)
(-0.9216)
(-0.4512)
G2(0.1405)
(-0.6396)
(0.0074)
G3(0.7354)
(-1.1488)
(0.3624)
G4(-0.0479)
(-0.3970)
(0.0958)
A1(-0.7137)
(6.2510)
(7.1084)
A2(-0.4693)
(9.8450)
(0.7757)
A3(1.0918)
(6.4931)
(-0.2203)
A4(-0.8284)
(9.0309)
(-4.4963)
G1(0.1495)
(-0.5076)
(0.0894)
G2(0.3304)
(-0.8131)
(-0.0016)
G3(1.0770)
(-1.0717)
(0.7487)
G4(0.5050)
(-0.2373)
(0.1767)
A1(-0.5556)
(5.6858)
(9.1777)
A2(0.3256)
(9.2177)
(0.9529)
A3(2.3272)
(4.9464)
(-3.7397)
A4(-0.9960)
(10.1993)
(-2.1452)
G1(1.1079)
(-0.6396)
(0.0915)
G2(0.3187)
(-0.7386)
(0.0825)
G3(0.3437)
(-0.6715)
(1.3659)
G4(0.6795)
(-0.4432)
(0.3161)
A1(-0.3497)
(8.4496)
(5.7049)
A2(-2.3032)
(9.7157)
(1.1971)
A3(2.4181)
(4.6735)
(-2.7677)
A4(1.9872)
(14.9925)
(1.6999)
G1(3.2523)
(-1.6139)
(0.0846)
G2(0.5348)
(-1.1398)
(0.3986)
G3(0.5726)
(-0.9051)
(2.0300)
G4(1.6543)
(-0.7434)
(0.6114)
A1(3.2620)
(11.6063)
(11.3332)
A2(-2.2410)
(9.4044)
(1.6233)
A3(-4.8650)
(5.8945)
(-3.0358)
A4(3.3184)
(29.1231)
(11.0421)
G1(0.0623)
(-2.8271)
(0.5167)
G2(0.4544)
(-0.5619)
(0.1926)
G3(-0.2219)
(-0.2400)
(0.6029)
G4(2.9623)
(-3.2693)
(1.6049)
A1(1.6957)
(9.2591)
(3.0321)
A2(-0.5986)
(10.6446)
(4.1372)
A3(7.5274)
(-5.1619)
(-21.8686)
A4(-13.1202)
(9.6582)
(-27.5477)
G1(0.3198)
(-2.8032)
(-1.1121)
G2(0.0984)
(-1.1659)
(0.5406)
G3(1.2600)
(0.8413)
(-1.0664)
G4(1.7565)
(0.4816)
(6.7270)
A1(7.6497)
(10.8494)
(6.9503)
A2(4.9991)
(11.2288)
(6.1579)
A3(7.3741)
(16.2375)
(-10.7931)
A4(-22.8263)
(22.8263)
(-33.5188)
G1(0.0937)
(-2.5760)
(0.8040)
G2(-1.9608)
(-3.3534)
(1.3239)
G3(-1.6634)
(0.0649)
(0.4363)
G4(-3.8818)
(5.3972)
(-1.1589)
A1(3.0992)
(9.4507)
(5.0295)
A2(6.1914)
(-7.1826)
(12.3014)
A3(1.2737)
(11.6167)
(0.4741)
A4(-2.4565)
(-6.9719)
(-17.1138)
G1(-1.6634)
(-1.0094)
(0.5768)
G2(-7.7891)
(-6.7823)
(1.5341)
G3(-0.3900)
(-1.4202)
(0.4374)
G4(-11.4080)
(3.5327)
(-0.9307)
A1(3.1375)
(6.7300)
(6.0642)
A2(2.4038)
(45.4515)
(11.2575)
A3(-0.2777)
(18.9094)
(4.7118)
A4(13.4889)
(1.0726)
(-9.5146)
G1(-1.9491)
(-2.4339)
(0.6886)
G2(-7.9705)
(-6.5338)
(3.6588)
G3(0.7742)
(-0.1618)
(-0.0889)
G4(-13.1198)
(0.3070)
(4.0643)
A1(5.5996)
(7.2138)
(1.4562)
A2(11.1091)
(20.8631)
(11.8657)
A3(6.6942)
(-9.7923)
(-11.1618)
A4(0.5794)
(35.9801)
(17.3436)
G1(-1.5660)
(-3.7977)
(-1.6341)
G2(-8.1717)
(0.7136)
(3.7344)
G3(-0.1261)
(-4.1627)
(1.6251)
G4(-9.6605)
(-0.7184)
(5.6457)
A1(2.5866)
(9.3262)
(4.1913)
A2(-0.7566)
(9.2656)
(0.2251)
A3(-3.8403)
(5.3726)
(-3.7206)
A4(-12.4546)
(8.6335)
(-15.2223)
G1(-0.6880)
(-3.8126)
(0.3060)
G2(-5.3052)
(-0.7008)
(2.7473)
G3(0.7125)
(-0.5917)
(-0.0692)
G4(-2.6685)
(1.3580)
(2.8644)
A1(-11.1704)
(10.3800)
(-2.4573)
A2(-3.6105)
(-6.1435)
(3.8211)
A3(8.4467)
(8.0302)
(-4.8411)
A4(-27.8446)
(-3.8259)
(-12.3493)
G1(-0.7976)
(-0.9344)
(-0.7811)
G2(-2.1146)
(-1.3223)
(1.8544)
G3(1.0429)
(-0.3810)
(0.1612)
G4(-3.6045)
(1.4729)
(-0.0537)
A1(1.1544)
(7.3048)
(-0.2778)
A2(-1.0822)
(-5.8945)
(14.1641)
A3(5.0374)
(6.6798)
(-7.4699)
A4(2.0542)
(-0.6177)
(-10.6111)
G1(0.8854)
(1.2994)
(0.5401)
G2(-4.8002)
(2.5094)
(4.0930)
G3(0.9647)
(-3.9030)
(1.3984)
G4(0.4438)
(2.9921)
(-4.5724)
A1(1.6334)
(11.6398)
(2.5339)
A2(-2.0063)
(7.8482)
(3.6488)
A3(4.9704)
(4.7022)
(-5.3103)
A4(1.9489)
(7.8243)
(-3.2370)
G1(1.3729)
(0.8014)
(-1.0813)
G2(-0.6279)
(1.3473)
(-0.7295)
G3(1.0413)
(1.2398)
(0.1219)
G4(4.3202)
(-0.2171)
(-5.7250)
A1(5.2499)
(9.9968)
(5.6522)
A2(1.5897)
(-3.1508)
(4.8459)
A3(-0.9385)
(3.3088)
(-11.8657)
A4(3.9648)
(13.4841)
(-0.5315)
G1(0.0830)
(1.5963)
(-0.3193)
G2(-0.2698)
(3.1826)
(-1.7799)
G3(-0.6864)
(-1.6778)
(1.0828)
G4(5.7000)
(-1.6591)
(-4.3117)
A1(7.8700)
(9.3118)
(4.4787)
A2(6.0430)
(-0.5411)
(5.3486)
A3(0.6560)
(15.6964)
(-4.4293)
A4(2.6288)
(14.5184)
(0.1389)
G1(-0.1990)
(-0.8844)
(0.7827)
G2(2.7249)
(2.2274)
(-2.1306)
G3(-0.6231)
(2.7271)
(-0.3267)
G4(5.4329)
(-4.0744)
(-3.1852)
A1(-1.6334)
(11.4769)
(2.7112)
A2(2.7869)
(-2.3080)
(7.3789)
A3(3.8930)
(5.2098)
(-8.9974)
A4(7.2544)
(21.1504)
(-6.8714)
G1(-0.1969)
(-1.0179)
(-0.9386)
G2(4.2659)
(-0.0862)
(-2.2524)
G3(-0.4842)
(-0.0090)
(0.3326)
G4(3.9531)
(-3.3890)
(-1.7310)
A1(2.3567)
(9.5274)
(2.4046)
A2(17.3723)
(-0.1772)
(11.9902)
A3(0.0718)
(3.8403)
(-7.9248)
A4(8.7628)
(14.8632)
(-8.3701)
G1(0.8365)
(-0.3980)
(-0.8226)
G2(4.0116)
(-2.4461)
(-4.2920)
G3(-0.4837)
(-0.5358)
(0.5667)
G4(1.1291)
(-1.6080)
(-1.0195)
A1(0.9388)
(8.5646)
(0.4072)
A2(1.8387)
(0.2777)
(9.0022)
A3(5.0996)
(8.9591)
(-6.7133)
A4(13.3309)
(9.9024)
(-31.6226)
G1(1.6134)
(1.0312)
(-0.5992)
G2(3.4050)
(-2.4153)
(-5.2700)
G3(-0.5156)
(-0.5800)
(0.4331)
G4(-5.2658)
(-3.7902)
(-2.3370)
