A1(-0.0192)
(6.2893)
(7.4820)
A2(1.9106)
(10.3477)
(-0.4214)
A3(-0.8236)
(5.7126)
(-1.8627)
A4(0.8667)
(8.8298)
(-4.4915)
G1(0.1852)
(-0.7545)
(-0.1027)
G2(0.3826)
(-0.8354)
(0.0234)
G3(0.5044)
(-1.3893)
(0.8413)
G4(0.0963)
(-0.3432)
(0.2575)
A1(0.1485)
(9.7573)
(9.6280)
A2(-1.1396)
(9.8593)
(2.8778)
A3(2.1069)
(3.6966)
(-3.0885)
A4(4.8267)
(14.7291)
(0.6321)
G1(2.5573)
(-1.4729)
(-0.4299)
G2(0.8413)
(-1.1957)
(0.0851)
G3(0.1963)
(-2.1444)
(3.0006)
G4(1.2356)
(-0.6981)
(0.5438)
A1(-2.8118)
(9.7908)
(16.8514)
A2(-0.4884)
(8.3941)
(1.0822)
A3(-3.0885)
(5.1380)
(-2.0542)
A4(4.7166)
(29.8318)
(11.9519)
G1(-0.5976)
(-2.1811)
(-0.5518)
G2(0.4927)
(-0.9078)
(0.1224)
G3(1.7256)
(-0.4885)
(1.9683)
G4(2.5728)
(-2.6595)
(1.5309)
A1(-6.1983)
(9.0436)
(1.1065)
A2(-2.0973)
(10.8457)
(3.8307)
A3(7.9871)
(-13.8912)
(-28.3186)
A4(0.2155)
(11.0899)
(-22.0506)
G1(1.0094)
(-4.2415)
(-1.2835)
G2(0.7870)
(-1.5186)
(0.5965)
G3(0.7290)
(-4.4171)
(1.6075)
G4(-0.8743)
(-1.3654)
(4.5022)
A1(2.2609)
(8.6652)
(7.5012)
A2(4.4819)
(1.9393)
(12.0093)
A3(4.9752)
(11.0660)
(-0.5124)
A4(-1.6328)
(7.3741)
(-32.3936)
G1(-0.6071)
(0.0548)
(0.1586)
G2(-6.8573)
(-4.9417)
(0.6641)
G3(-0.8157)
(-1.9587)
(0.5603)
G4(-9.7722)
(4.9747)
(1.2489)
A1(3.8272)
(7.4437)
(5.4080)
A2(2.7102)
(40.6966)
(8.9974)
A3(-1.8100)
(18.6844)
(2.0159)
A4(9.4810)
(-1.1396)
(-12.5887)
G1(-2.8793)
(-2.6446)
(0.1075)
G2(-8.5793)
(-7.2734)
(1.3931)
G3(0.3219)
(-0.1735)
(-0.0149)
G4(-13.6434)
(1.4149)
(1.8922)
A1(16.1281)
(7.6593)
(9.3406)
A2(-4.7788)
(36.4206)
(4.3527)
A3(3.6152)
(-5.2098)
(-9.4523)
A4(-15.6054)
(21.0115)
(5.1667)
G1(-0.7029)
(-3.5034)
(-2.1354)
G2(-9.3503)
(-2.4456)
(4.0430)
G3(0.1070)
(-1.8374)
(0.2788)
G4(-16.6115)
(-2.5786)
(9.0688)
A1(-10.0303)
(7.9275)
(-1.2263)
A2(7.8721)
(8.5617)
(-2.9880)
A3(3.3662)
(9.2512)
(-2.2936)
A4(-10.5872)
(12.6558)
(-9.0405)
G1(-1.1467)
(-5.8878)
(0.0372)
G2(-6.5381)
(1.3920)
(3.7674)
G3(0.3278)
(-1.2547)
(0.1948)
G4(-3.2113)
(0.8338)
(1.7602)
A1(-0.0431)
(8.7945)
(-0.4024)
A2(2.2649)
(-18.1289)
(12.6605)
A3(-3.9025)
(11.2432)
(-4.6543)
A4(9.1937)
(-0.9194)
(-10.3477)
G1(0.6311)
(0.0575)
(-0.4597)
G2(-4.1712)
(1.5516)
(4.4862)
G3(1.2856)
(-1.9188)
(0.4656)
G4(1.0307)
(3.2581)
(-4.6299)
A1(2.5100)
(5.9684)
(-0.6898)
A2(6.5553)
(6.5697)
(4.3144)
A3(-1.0056)
(3.5530)
(-9.3278)
A4(1.7478)
(8.4515)
(-2.1548)
G1(0.7418)
(-0.1517)
(-0.7636)
G2(-1.4809)
(2.0146)
(-1.3798)
G3(0.6870)
(-0.8987)
(0.8860)
G4(3.6216)
(-1.1052)
(-5.3541)
A1(4.7565)
(13.1295)
(5.5996)
A2(-1.0008)
(-7.7668)
(4.0462)
A3(2.3703)
(10.1754)
(-10.6590)
A4(11.6071)
(12.6462)
(1.7382)
G1(1.2851)
(-0.2815)
(-1.3085)
G2(0.2762)
(1.5602)
(-1.9284)
G3(-0.2464)
(-1.4591)
(1.5346)
G4(5.7069)
(-1.5820)
(-4.2766)
A1(2.4860)
(8.5311)
(-3.1183)
A2(1.1732)
(-1.5467)
(7.3071)
A3(2.0063)
(19.8000)
(1.4748)
A4(8.9926)
(13.9773)
(-2.7485)
G1(0.2054)
(-2.3019)
(0.5513)
G2(4.3176)
(1.0275)
(-2.7457)
G3(-0.4486)
(-0.1575)
(1.4537)
G4(4.1409)
(-3.5215)
(-3.4210)
A1(6.8689)
(10.8925)
(-1.2837)
A2(11.7795)
(-0.9529)
(12.2392)
A3(-1.8244)
(16.6828)
(-9.7588)
A4(11.8465)
(13.0388)
(-7.3789)
G1(0.8397)
(0.2618)
(0.1011)
G2(4.4128)
(-2.1460)
(-3.8589)
G3(-0.3416)
(-1.0318)
(0.3076)
G4(1.4213)
(-1.9374)
(-1.8730)
A1(1.6669)
(9.3166)
(2.1747)
A2(8.6143)
(2.3032)
(6.0669)
A3(5.2337)
(5.1332)
(-7.8817)
A4(11.9662)
(14.6046)
(-2.9353)
G1(0.1878)
(0.1213)
(-0.0713)
G2(3.2693)
(-1.0264)
(-4.0244)
G3(-0.0639)
(1.1802)
(-0.6886)
G4(0.5853)
(-1.0115)
(-1.3638)
A1(1.1400)
(7.7455)
(0.1772)
A2(9.3374)
(9.7444)
(11.2336)
A3(0.6656)
(9.3039)
(-5.7461)
A4(11.3389)
(9.1698)
(-3.3902)
G1(0.2730)
(0.8131)
(-0.2559)
G2(1.6751)
(1.3462)
(-2.6941)
G3(-0.0117)
(0.3688)
(-0.3443)
G4(-0.3645)
(-1.0323)
(0.3485)
A1(3.4584)
(10.8542)
(3.8081)
A2(7.1970)
(7.1778)
(4.2760)
A3(2.6001)
(8.3893)
(-4.6208)
A4(6.2632)
(8.6239)
(-1.4078)
G1(0.4640)
(1.0392)
(-0.2677)
G2(2.0167)
(2.4919)
(-1.5309)
G3(-0.0814)
(0.4667)
(-0.4060)
G4(-0.3491)
(-0.6534)
(0.9897)
A1(2.9890)
(9.8387)
(3.1902)
A2(5.4875)
(6.4356)
(5.6455)
A3(1.1301)
(7.8817)
(-5.4971)
A4(5.5976)
(9.4140)
(0.0814)
G1(0.7795)
(-0.0569)
(-0.7008)
G2(1.7230)
(0.8269)
(-0.6114)
G3(0.1426)
(0.2762)
(-0.4523)
G4(-0.3852)
(0.0378)
(-0.0580)
A1(2.1651)
(6.5624)
(-2.1268)
A2(5.0757)
(9.1985)
(7.6758)
A3(2.2793)
(7.5513)
(-5.6790)
A4(9.3470)
(11.5640)
(-0.7422)
G1(1.1744)
(0.4629)
(-1.1786)
G2(1.2297)
(0.1197)
(-0.3693)
G3(0.1543)
(-0.6008)
(-0.1538)
G4(-0.5752)
(-0.8226)
(-1.6261)
A1(-2.1603)
(10.7345)
(-1.2981)
A2(5.7604)
(6.2201)
(3.4716)
A3(1.9968)
(8.5808)
(-5.0757)
A4(3.6152)
(11.7890)
(-4.5346)
G1(0.7423)
(0.2155)
(-0.7263)
G2(1.7400)
(1.1462)
(-0.1676)
G3(0.0686)
(-0.6327)
(-0.2639)
G4(1.1621)
(-0.3847)
(-1.1254)
A1(-3.3961)
(8.2628)
(-0.4646)
A2(3.8642)
(12.2918)
(5.9711)
A3(-1.3360)
(10.3430)
(-6.4787)
A4(4.3191)
(8.7388)
(-3.9121)
G1(-0.1905)
(-0.5013)
(-0.7418)
G2(1.1265)
(1.1781)
(-1.2829)
G3(0.4432)
(-0.9599)
(-0.0649)
G4(-0.0255)
(0.4560)
(-0.7114)
