A1(2.1268)
(9.2304)
(-0.1916)
A2(6.5888)
(7.8003)
(4.2904)
A3(-1.9441)
(7.1347)
(-6.7804)
A4(2.5331)
(8.1211)
(-3.3758)
G1(0.7013)
(1.4271)
(-0.4438)
G2(0.1123)
(0.7726)
(-0.3837)
G3(-0.1889)
(0.5784)
(-0.3304)
G4(1.3063)
(2.0779)
(-1.6229)
A1(3.3530)
(7.5299)
(0.1581)
A2(5.2960)
(6.3015)
(3.7397)
A3(-0.3879)
(7.7428)
(-6.7900)
A4(-1.4126)
(6.7516)
(-1.7573)
G1(0.7237)
(1.2068)
(-0.5837)
G2(-0.5502)
(0.5449)
(0.4230)
G3(-0.1873)
(0.6843)
(-0.5156)
G4(1.3228)
(3.2720)
(-3.0277)
A1(1.0730)
(12.9331)
(2.4908)
A2(2.0542)
(4.8937)
(6.6319)
A3(-1.0008)
(8.4324)
(-6.6319)
A4(2.9401)
(3.6248)
(-8.2552)
G1(1.5495)
(2.9389)
(-1.0578)
G2(-1.0807)
(1.4293)
(1.1632)
G3(0.3693)
(0.3171)
(-0.9482)
G4(1.5900)
(0.8929)
(-0.6540)
A1(-3.5542)
(8.5790)
(8.5837)
A2(0.7326)
(5.7365)
(5.5498)
A3(2.7246)
(12.2583)
(-3.3710)
A4(5.5162)
(24.0378)
(-3.3136)
G1(-2.3801)
(5.1019)
(-0.7407)
G2(-0.4432)
(1.9827)
(0.7231)
G3(0.4991)
(0.6018)
(-0.9482)
G4(1.1052)
(-0.6045)
(0.9360)
A1(-6.0498)
(4.7038)
(7.6018)
A2(4.4245)
(8.2552)
(11.0899)
A3(2.1213)
(22.1464)
(7.1491)
A4(-0.7326)
(0.8954)
(-9.3039)
G1(-8.2116)
(3.5029)
(-1.7485)
G2(-0.1543)
(2.7872)
(0.1862)
G3(1.7964)
(1.0211)
(-1.6793)
G4(0.6891)
(0.9365)
(-0.6646)
A1(-15.8550)
(18.3602)
(10.0878)
A2(0.7518)
(12.2104)
(10.9128)
A3(-4.9991)
(13.6709)
(-5.3151)
A4(-4.0749)
(15.3564)
(-2.9401)
G1(-7.4001)
(0.8918)
(-5.0700)
G2(1.1004)
(-0.0277)
(-0.5922)
G3(2.6228)
(5.1237)
(-3.0575)
G4(-0.3725)
(1.1031)
(-0.1240)
A1(-2.3088)
(23.7730)
(3.8847)
A2(-11.6502)
(11.8321)
(2.4229)
A3(20.7290)
(22.8072)
(-27.4423)
A4(1.7957)
(14.8153)
(0.8859)
G1(-8.8128)
(-1.1925)
(-2.8399)
G2(2.2354)
(4.3915)
(-0.6822)
G3(-2.2072)
(-2.9814)
(-0.0229)
G4(0.1006)
(0.2788)
(-0.2575)
A1(0.3257)
(0.3832)
(10.1740)
A2(3.2465)
(12.1865)
(4.8650)
A3(-28.5197)
(11.1666)
(-23.1711)
A4(-0.1006)
(-2.4229)
(-6.9528)
G1(-4.1116)
(1.5346)
(-2.9639)
G2(0.7630)
(1.3297)
(0.0825)
G3(-14.2489)
(1.7884)
(4.2936)
G4(0.2857)
(2.0343)
(-0.7008)
A1(0.7568)
(0.2970)
(15.6682)
A2(-5.5210)
(5.1188)
(6.9097)
A3(11.7124)
(32.1446)
(9.8258)
A4(-6.2680)
(8.8394)
(-3.1077)
G1(-6.2624)
(-4.1585)
(-3.1059)
G2(-0.3533)
(1.0786)
(-0.1341)
G3(-12.8675)
(7.1085)
(-2.4765)
G4(1.1760)
(-0.1394)
(-0.2081)
A1(-7.3623)
(8.2772)
(6.8402)
A2(1.0199)
(1.3599)
(1.4126)
A3(15.0260)
(36.5403)
(11.9135)
A4(-2.6959)
(8.0828)
(-6.5697)
G1(-5.6079)
(-1.8619)
(-0.1064)
G2(-0.4975)
(6.7036)
(-0.1064)
G3(-12.3349)
(-0.3251)
(-1.3851)
G4(1.5367)
(1.8049)
(-0.6364)
A1(1.4610)
(-3.1806)
(2.2609)
A2(-10.9607)
(12.6893)
(3.6344)
A3(8.8538)
(-0.7374)
(-27.5956)
A4(-4.1899)
(-14.9733)
(-14.0779)
G1(-0.1261)
(-1.0483)
(2.5068)
G2(1.3936)
(0.4720)
(0.4065)
G3(-4.1212)
(1.2478)
(0.6385)
G4(0.5066)
(0.3884)
(-0.0005)
A1(-3.6788)
(3.0656)
(1.7148)
A2(-4.4628)
(12.8856)
(4.0031)
A3(0.1724)
(0.5794)
(-20.1640)
A4(12.9957)
(12.6893)
(-11.3006)
G1(2.4945)
(-0.5954)
(3.0730)
G2(-0.3310)
(5.0008)
(-1.1142)
G3(-1.7464)
(-1.5915)
(3.2853)
G4(-0.4539)
(-0.8051)
(0.1719)
A1(-3.7985)
(-0.9724)
(6.1217)
A2(10.8074)
(5.7078)
(-2.0830)
A3(3.6152)
(-3.4429)
(-17.4968)
A4(-1.3695)
(-1.1013)
(-7.5178)
G1(3.4140)
(0.1192)
(3.5141)
G2(-0.9041)
(-0.7998)
(0.1144)
G3(2.7218)
(1.4069)
(1.7294)
G4(-0.7577)
(0.4986)
(-0.4949)
A1(-15.5533)
(-3.9757)
(10.1932)
A2(5.5785)
(8.9830)
(1.5562)
A3(-1.4413)
(11.5305)
(1.3455)
A4(1.2019)
(-14.5376)
(-8.0732)
G1(3.8057)
(1.5846)
(3.9275)
G2(-0.1538)
(-0.9073)
(0.6848)
G3(6.3901)
(0.4699)
(3.3406)
G4(1.1015)
(1.3111)
(0.4204)
A1(-5.2595)
(0.8862)
(7.7647)
A2(0.2825)
(8.2504)
(1.8627)
A3(-4.5490)
(17.0802)
(7.1922)
A4(5.0422)
(15.7874)
(-10.7883)
G1(3.1182)
(1.1111)
(4.2266)
G2(0.2559)
(-0.1213)
(1.1228)
G3(6.6876)
(2.4722)
(3.0394)
G4(0.3459)
(1.4511)
(-0.4752)
A1(-12.8708)
(8.8759)
(8.6891)
A2(-2.6911)
(11.0277)
(2.1596)
A3(-10.3382)
(13.5895)
(0.9242)
A4(-1.2737)
(6.4165)
(-5.9903)
G1(3.4726)
(-1.1116)
(2.4323)
G2(0.0479)
(-1.6666)
(-0.7476)
G3(4.5357)
(2.9750)
(1.9028)
G4(-0.0958)
(0.3778)
(-0.0372)
A1(-8.5071)
(6.0594)
(6.9120)
A2(4.5059)
(10.9798)
(6.1866)
A3(-12.1817)
(19.2590)
(-0.3687)
A4(-0.5267)
(7.3215)
(-4.7645)
G1(2.3259)
(-0.2943)
(1.2978)
G2(0.2192)
(0.2261)
(1.2872)
G3(1.5320)
(1.5516)
(0.8477)
G4(-0.0271)
(-0.2575)
(0.2283)
A1(-5.5948)
(7.3910)
(5.0295)
A2(-3.4860)
(11.0660)
(3.3615)
A3(-10.1514)
(18.7322)
(2.2362)
A4(-0.3448)
(8.0780)
(-7.8721)
G1(1.2914)
(0.5066)
(0.6907)
G2(0.4842)
(-0.2602)
(0.0197)
G3(0.2772)
(1.7166)
(0.6284)
G4(-0.0181)
(-0.1932)
(0.2826)
A1(-5.3217)
(7.5299)
(2.4142)
A2(-1.0343)
(8.8346)
(1.4174)
A3(-9.0309)
(12.0572)
(2.1308)
A4(0.6225)
(7.1347)
(-7.6902)
G1(1.9326)
(-0.1937)
(0.5034)
G2(1.0690)
(-0.9195)
(-0.3294)
G3(0.5449)
(0.7843)
(0.2543)
G4(-0.0495)
(0.6141)
(0.1219)
A1(-6.5671)
(7.8078)
(5.3696)
A2(0.5986)
(10.7835)
(2.2984)
A3(-4.6735)
(7.7285)
(-0.6704)
A4(-0.5315)
(8.1930)
(-5.7844)
G1(3.3528)
(1.0520)
(0.8599)
G2(1.0483)
(-0.4725)
(0.1144)
G3(0.1974)
(1.1185)
(-0.0293)
G4(0.0702)
(0.6055)
(0.1485)
