A1(1.4514)
(9.7094)
(1.0299)
A2(3.8882)
(6.1531)
(5.6599)
A3(-0.0479)
(8.5138)
(-6.3111)
A4(-2.1548)
(5.7509)
(-3.6440)
G1(0.6928)
(1.5128)
(-0.3735)
G2(-1.0371)
(-0.4773)
(-0.2677)
G3(-0.0165)
(1.1323)
(-0.6098)
G4(0.9339)
(2.0199)
(-1.9475)
A1(0.0862)
(10.1932)
(-0.5125)
A2(3.0071)
(5.4444)
(4.0749)
A3(1.5179)
(8.2121)
(-6.3877)
A4(6.7038)
(4.5969)
(-2.1356)
G1(2.1391)
(1.2563)
(-0.7497)
G2(-0.6635)
(2.2955)
(1.5011)
G3(0.0277)
(0.6433)
(-0.7450)
G4(0.5779)
(2.8170)
(-2.2578)
A1(1.4131)
(12.3344)
(5.8870)
A2(3.1029)
(6.6894)
(5.7652)
A3(0.5794)
(8.4946)
(-3.6775)
A4(-0.4070)
(12.7467)
(-4.0127)
G1(-0.0974)
(2.8080)
(-1.2223)
G2(-0.2975)
(1.3063)
(0.7737)
G3(0.0851)
(1.6315)
(-1.0392)
G4(1.9800)
(-0.4156)
(-0.7710)
A1(-1.8298)
(22.7383)
(3.7219)
A2(5.1954)
(4.5633)
(10.7643)
A3(2.0590)
(26.7480)
(13.3692)
A4(0.3783)
(3.9025)
(-14.0444)
G1(-9.2545)
(3.3539)
(-1.0648)
G2(0.8232)
(2.8165)
(-0.1735)
G3(2.5877)
(1.9145)
(-2.3360)
G4(-0.3922)
(2.3759)
(-1.7645)
A1(4.9050)
(21.0379)
(2.7016)
A2(7.5034)
(10.1227)
(7.6950)
A3(-4.6064)
(31.2779)
(6.1052)
A4(-0.1149)
(11.3581)
(-9.5864)
G1(-7.4693)
(5.0210)
(-3.5774)
G2(1.4473)
(-0.5805)
(-0.2102)
G3(5.1423)
(4.3559)
(-4.6379)
G4(-0.8141)
(0.8184)
(-0.4661)
A1(-1.4466)
(17.1196)
(-5.6906)
A2(-5.7365)
(11.9327)
(4.1994)
A3(42.4492)
(11.8321)
(-25.6132)
A4(4.2856)
(12.1530)
(3.5147)
G1(-6.3992)
(1.6639)
(-2.2503)
G2(2.6696)
(4.6911)
(0.5358)
G3(-8.9092)
(-1.2420)
(3.0054)
G4(-0.7306)
(-0.5161)
(0.0713)
A1(3.1135)
(0.3449)
(7.9563)
A2(9.2081)
(9.0501)
(2.6384)
A3(-17.2239)
(15.7826)
(-24.7752)
A4(2.0877)
(2.0638)
(-1.1971)
G1(-4.9917)
(1.0536)
(-2.4647)
G2(2.8750)
(6.5391)
(0.8030)
G3(-13.5630)
(-6.7701)
(3.0267)
G4(-0.1495)
(1.8672)
(-0.9174)
A1(-2.9363)
(-3.7458)
(3.7458)
A2(-4.5633)
(2.4086)
(8.5281)
A3(-10.8553)
(22.5917)
(-0.4597)
A4(-2.7342)
(10.8936)
(-2.8156)
G1(-13.8913)
(-5.5164)
(-0.7646)
G2(-0.6087)
(1.7677)
(-1.3734)
G3(-14.5554)
(2.6228)
(-5.0407)
G4(0.8242)
(1.9353)
(-0.3299)
A1(-9.6902)
(14.1689)
(-8.1239)
A2(1.7861)
(6.1818)
(2.7390)
A3(19.3021)
(28.3282)
(-2.7725)
A4(-1.5323)
(7.0725)
(-12.3684)
G1(-4.1297)
(-1.5596)
(1.1536)
G2(0.0984)
(4.2548)
(0.1985)
G3(-8.5920)
(-3.9174)
(-2.2189)
G4(0.2762)
(3.8605)
(-1.3606)
A1(-5.2020)
(-2.5818)
(3.0321)
A2(-7.7572)
(5.8849)
(1.5419)
A3(30.4782)
(-20.1975)
(-37.6752)
A4(-7.7141)
(8.0685)
(-9.1602)
G1(1.3425)
(-1.5974)
(2.4695)
G2(-0.4619)
(3.0501)
(0.8551)
G3(-3.9376)
(-0.4901)
(2.4467)
G4(0.1256)
(-0.5768)
(0.8429)
A1(-0.0144)
(3.1518)
(1.2742)
A2(13.8672)
(10.0413)
(0.6369)
A3(-23.3913)
(-0.9912)
(-15.8209)
A4(1.7813)
(3.2178)
(-4.1755)
G1(5.0226)
(1.0020)
(3.6907)
G2(-0.6369)
(4.4368)
(0.6625)
G3(0.4997)
(-3.7370)
(5.2402)
G4(0.2261)
(1.8885)
(-0.9317)
A1(-12.2625)
(2.2753)
(8.1574)
A2(-2.1787)
(8.0972)
(3.1556)
A3(4.0749)
(7.4651)
(-10.1179)
A4(14.1306)
(17.5974)
(5.0613)
G1(4.2633)
(1.2792)
(5.0646)
G2(0.2043)
(-0.2927)
(0.2873)
G3(5.2227)
(1.5586)
(2.5265)
G4(-0.0452)
(0.1548)
(0.1761)
A1(-10.8494)
(0.6035)
(10.7872)
A2(5.0230)
(8.9830)
(-2.7869)
A3(-0.5363)
(19.2925)
(0.7326)
A4(-4.5969)
(14.2455)
(-3.2130)
G1(3.3693)
(2.5478)
(4.3282)
G2(0.9828)
(1.5910)
(-0.0553)
G3(5.9453)
(1.5506)
(2.5871)
G4(-0.0772)
(0.5119)
(-0.0490)
A1(-9.1107)
(19.0787)
(10.5333)
A2(-2.2410)
(8.0349)
(8.0254)
A3(-6.7325)
(28.5772)
(8.0302)
A4(15.4665)
(45.9160)
(6.5793)
G1(1.8379)
(0.6768)
(4.5852)
G2(-0.2788)
(-0.3597)
(0.6183)
G3(7.2921)
(4.4352)
(3.0868)
G4(-0.5406)
(-1.0706)
(-0.7205)
A1(-11.2470)
(6.7540)
(3.7602)
A2(-1.9489)
(12.9143)
(5.6168)
A3(-8.5521)
(14.9494)
(-2.4995)
A4(-22.8598)
(-11.7843)
(-6.7947)
G1(2.2003)
(-2.9798)
(1.9310)
G2(0.2975)
(-0.2820)
(0.3257)
G3(4.6528)
(3.8365)
(2.3487)
G4(-0.9126)
(-3.8456)
(1.9023)
A1(-5.0870)
(9.0819)
(6.1696)
A2(10.7835)
(41.5250)
(8.7436)
A3(-8.7101)
(19.3308)
(3.4381)
A4(0.1245)
(4.2282)
(-7.2209)
G1(0.1181)
(0.1804)
(0.9759)
G2(-1.8651)
(-5.5020)
(2.8947)
G3(0.2261)
(-1.1573)
(2.0204)
G4(-0.2911)
(-0.1809)
(0.2123)
A1(-4.7948)
(7.8173)
(1.9783)
A2(-9.0022)
(-2.8395)
(5.5210)
A3(-12.9478)
(13.9438)
(1.7095)
A4(0.0335)
(10.4866)
(-4.4388)
G1(0.9706)
(0.5119)
(0.0458)
G2(0.5720)
(0.9929)
(-1.1802)
G3(0.2192)
(0.6077)
(0.2182)
G4(-0.2751)
(-0.5369)
(0.1602)
A1(-2.9746)
(8.3538)
(3.1950)
A2(4.3287)
(5.9759)
(0.6464)
A3(-4.0270)
(8.4132)
(-0.7230)
A4(0.9625)
(10.0461)
(-2.9688)
G1(0.8546)
(-0.2762)
(-0.0809)
G2(-0.4448)
(-1.5240)
(-0.0713)
G3(0.1240)
(0.5912)
(-0.7535)
G4(0.0857)
(0.2331)
(0.0037)
A1(-4.9242)
(6.8498)
(1.0730)
A2(-3.9696)
(11.2432)
(4.1563)
A3(-3.6631)
(8.2839)
(-1.8292)
A4(0.5171)
(8.9160)
(-4.4915)
G1(0.7817)
(0.5880)
(0.0500)
G2(1.1260)
(0.1112)
(0.3006)
G3(-0.1176)
(0.3789)
(-0.9104)
G4(0.3193)
(0.2315)
(0.1277)
A1(-3.1518)
(8.7993)
(2.7495)
A2(3.1460)
(10.6877)
(0.2586)
A3(-2.9449)
(8.3462)
(-3.2896)
A4(0.8332)
(9.1171)
(-3.9121)
G1(1.9763)
(0.2708)
(0.2075)
G2(0.6119)
(0.6556)
(0.3267)
G3(-0.1564)
(1.0807)
(-1.0084)
G4(0.6412)
(0.4608)
(0.2059)
