A1(2.2465)
(8.2628)
(-0.2108)
A2(4.5155)
(7.4939)
(2.9449)
A3(-1.6807)
(8.4803)
(-5.4779)
A4(-0.6895)
(7.4124)
(-2.1691)
G1(0.4544)
(0.9339)
(-0.2347)
G2(-0.8030)
(0.5672)
(0.1889)
G3(-0.2815)
(1.1052)
(-0.3182)
G4(0.7136)
(3.6237)
(-3.3002)
A1(4.5649)
(11.8074)
(-0.3449)
A2(5.5450)
(7.9871)
(5.5067)
A3(1.6568)
(8.8633)
(-3.9313)
A4(4.6064)
(1.6041)
(-5.2194)
G1(0.4411)
(0.8487)
(-0.3006)
G2(-0.8540)
(0.7881)
(1.1238)
G3(-0.0809)
(0.5773)
(-0.3624)
G4(-0.0080)
(1.6746)
(-0.8833)
A1(-0.9436)
(13.2109)
(2.1316)
A2(-1.8627)
(4.6687)
(6.9959)
A3(1.0582)
(10.9080)
(-2.6001)
A4(6.0286)
(-2.3846)
(-6.4260)
G1(0.3916)
(3.8945)
(-0.8461)
G2(-0.1873)
(1.3851)
(-0.0250)
G3(0.7056)
(0.0128)
(-0.9578)
G4(0.9722)
(0.7450)
(-1.8682)
A1(-8.5694)
(1.0921)
(11.8841)
A2(10.8793)
(6.7995)
(8.9687)
A3(-0.8763)
(16.6062)
(0.1772)
A4(0.7949)
(13.8481)
(-7.1443)
G1(-5.9581)
(4.6517)
(-1.3260)
G2(0.2692)
(1.4394)
(-0.7992)
G3(1.4904)
(0.4672)
(-1.4878)
G4(0.8274)
(-0.2506)
(-0.4305)
A1(-8.2724)
(18.0968)
(9.3166)
A2(-0.6225)
(8.8969)
(9.3039)
A3(-6.1579)
(26.8965)
(2.1548)
A4(-6.3303)
(11.5592)
(-5.8131)
G1(-9.3370)
(2.1609)
(-5.4323)
G2(0.9951)
(0.5726)
(0.4438)
G3(3.4598)
(3.3145)
(-1.9725)
G4(-0.6646)
(0.4741)
(0.0170)
A1(-3.1566)
(27.4613)
(8.3778)
A2(8.6479)
(14.4706)
(5.2625)
A3(4.0414)
(21.7729)
(-22.8503)
A4(0.5507)
(14.3221)
(-2.2075)
G1(-8.8320)
(-4.1750)
(-4.7299)
G2(2.5318)
(6.9845)
(0.2331)
G3(-1.0084)
(1.4058)
(-2.9314)
G4(-0.2559)
(-0.2267)
(-0.1985)
A1(-0.7808)
(-3.8416)
(10.1740)
A2(5.0949)
(7.5226)
(2.6911)
A3(-26.1543)
(18.6460)
(-16.3045)
A4(4.2617)
(2.9592)
(-5.2625)
G1(-6.0618)
(-0.3512)
(-0.2751)
G2(1.9566)
(4.2314)
(-0.0628)
G3(-11.7565)
(-4.7800)
(6.5040)
G4(0.5449)
(2.6058)
(-2.2061)
A1(-21.1672)
(-7.7982)
(18.0632)
A2(4.5490)
(6.0765)
(5.6551)
A3(1.3168)
(22.5725)
(5.8083)
A4(-0.3879)
(1.8292)
(-5.7892)
G1(-6.1262)
(-2.2492)
(-5.6585)
G2(-0.1474)
(-0.7567)
(-0.5976)
G3(-14.7262)
(6.6354)
(0.9046)
G4(1.0211)
(3.8280)
(-2.3078)
A1(4.0141)
(3.7219)
(3.1614)
A2(-4.9273)
(9.3613)
(6.9959)
A3(1.7765)
(35.7263)
(11.9135)
A4(-8.6000)
(5.3726)
(-8.0589)
G1(-7.9253)
(-0.5768)
(0.1548)
G2(0.3640)
(4.3404)
(-1.2558)
G3(-15.6414)
(2.9915)
(-3.5348)
G4(1.1233)
(1.5394)
(-0.0357)
A1(8.2293)
(-9.1538)
(1.0490)
A2(-1.2929)
(9.6199)
(2.2697)
A3(-4.2904)
(11.4203)
(-25.6563)
A4(2.5666)
(5.1667)
(-10.8936)
G1(-0.3198)
(-0.0234)
(2.2402)
G2(0.0740)
(4.3655)
(1.7650)
G3(-2.4903)
(3.3880)
(-0.3874)
G4(0.6119)
(-0.5167)
(1.1068)
A1(-1.5903)
(0.9580)
(-0.6131)
A2(-18.7035)
(13.1154)
(3.4429)
A3(27.1072)
(-8.0110)
(-21.0355)
A4(7.6279)
(-5.1140)
(-11.1091)
G1(1.4170)
(-0.3805)
(3.2113)
G2(-0.9025)
(2.1471)
(2.8181)
G3(-4.2808)
(-3.6492)
(3.3177)
G4(-0.6923)
(-0.0681)
(-0.5284)
A1(-3.2381)
(-3.7075)
(8.6604)
A2(4.0893)
(8.8107)
(2.9736)
A3(8.4946)
(-1.0056)
(-12.3349)
A4(-6.3494)
(-19.2685)
(0.1580)
G1(3.8674)
(-0.4512)
(3.1256)
G2(0.9903)
(-2.7143)
(0.5571)
G3(4.0935)
(1.2563)
(3.2023)
G4(0.4858)
(-2.1923)
(-0.3911)
A1(-14.6384)
(-1.5520)
(10.9261)
A2(1.9249)
(6.7900)
(-0.3065)
A3(-2.1644)
(14.0109)
(1.7238)
A4(-1.2258)
(14.2263)
(-11.1713)
G1(3.5987)
(1.4617)
(3.9297)
G2(0.7859)
(1.0041)
(0.0048)
G3(5.9198)
(-0.0202)
(4.8587)
G4(0.7056)
(0.8551)
(-0.0686)
A1(-5.1780)
(4.7852)
(4.5936)
A2(7.3263)
(15.1792)
(16.3428)
A3(-7.1443)
(21.9309)
(5.4971)
A4(0.0766)
(8.2169)
(-5.9041)
G1(2.5302)
(1.6112)
(4.7331)
G2(-1.3633)
(-2.6249)
(-0.3751)
G3(8.0775)
(0.8226)
(3.2682)
G4(-0.3815)
(-0.2049)
(0.0910)
A1(-11.2470)
(7.0797)
(10.6099)
A2(6.0286)
(13.8816)
(12.1673)
A3(-4.9704)
(12.9239)
(-2.7725)
A4(-1.7717)
(8.9256)
(-5.9855)
G1(2.8622)
(-0.8620)
(3.1741)
G2(-0.6008)
(1.0568)
(0.9014)
G3(4.6698)
(3.0985)
(1.9800)
G4(0.1846)
(0.6545)
(-0.0261)
A1(-8.1143)
(8.9334)
(4.8092)
A2(-5.6503)
(6.1100)
(0.9720)
A3(-13.7284)
(16.0747)
(-4.5298)
A4(-1.6712)
(7.2018)
(-7.2353)
G1(3.1522)
(-1.8145)
(2.1806)
G2(0.1559)
(-1.7240)
(0.1926)
G3(2.6457)
(2.2269)
(0.5779)
G4(0.0729)
(0.2368)
(0.1139)
A1(-7.9323)
(10.0160)
(4.2392)
A2(-0.1293)
(6.5122)
(2.6576)
A3(-9.1411)
(19.2111)
(-2.4900)
A4(-0.6704)
(8.0158)
(-7.3502)
G1(1.8225)
(0.3879)
(0.6827)
G2(0.5023)
(-0.5342)
(0.4454)
G3(-0.0064)
(1.3053)
(0.0883)
G4(-0.0277)
(0.7066)
(0.0665)
A1(-1.4179)
(7.5252)
(2.8118)
A2(-0.5650)
(12.9095)
(3.9121)
A3(-7.9535)
(12.3110)
(-0.2921)
A4(-0.3160)
(7.5513)
(-6.3734)
G1(2.1332)
(-0.5039)
(0.7652)
G2(1.1052)
(0.1634)
(0.0394)
G3(-0.1623)
(0.7513)
(0.0670)
G4(-0.0718)
(0.0947)
(0.4294)
A1(2.5196)
(8.2341)
(4.0476)
A2(-0.7470)
(11.0995)
(2.4517)
A3(-5.2529)
(20.7769)
(7.8243)
A4(3.3854)
(7.4699)
(-5.8993)
G1(-0.2363)
(-2.7468)
(1.4037)
G2(1.2467)
(0.6902)
(0.4305)
G3(-0.1458)
(1.9981)
(0.4087)
G4(-0.1383)
(0.1671)
(0.5960)
A1(-3.7937)
(5.9828)
(-1.1879)
A2(-1.5706)
(8.1786)
(-0.7757)
A3(0.0335)
(6.6032)
(-6.1100)
A4(1.1013)
(10.3430)
(-5.9424)
G1(1.6080)
(1.9193)
(0.1389)
G2(0.5885)
(-0.3698)
(0.8365)
G3(0.9881)
(-2.5552)
(0.7636)
G4(0.0851)
(1.1393)
(0.0835)
