A1(-3.0034)
(8.6125)
(-2.2609)
A2(3.3040)
(8.3270)
(3.5434)
A3(1.2019)
(8.1259)
(-5.4684)
A4(2.9640)
(9.5624)
(-2.6336)
G1(-0.3145)
(-0.1788)
(0.1916)
G2(-0.2480)
(0.0825)
(0.0479)
G3(0.0149)
(0.2634)
(-0.0559)
G4(-0.0341)
(0.2054)
(-0.1453)
A1(-4.9002)
(9.2735)
(-1.6142)
A2(3.2896)
(9.0644)
(3.9073)
A3(0.5746)
(8.1977)
(-5.0613)
A4(4.7836)
(8.8059)
(-4.6304)
G1(-0.1144)
(0.0154)
(0.1144)
G2(-0.2261)
(0.3214)
(0.0346)
G3(-0.0559)
(0.1857)
(0.0043)
G4(-0.2512)
(0.9876)
(-0.5156)
A1(-2.4381)
(9.6567)
(0.3640)
A2(3.5003)
(9.4284)
(3.0646)
A3(1.0008)
(7.5369)
(-7.1443)
A4(3.7685)
(8.2361)
(1.5514)
G1(0.2448)
(2.1311)
(-0.3262)
G2(-0.3161)
(0.1155)
(0.0351)
G3(-0.1926)
(0.0984)
(-0.0309)
G4(0.2969)
(2.9671)
(-1.2755)
A1(-0.7904)
(10.2986)
(0.5556)
A2(4.2665)
(9.4427)
(2.7007)
A3(1.4748)
(8.6191)
(-4.9991)
A4(0.2346)
(8.1355)
(-0.0239)
G1(0.7114)
(0.7391)
(-0.2293)
G2(0.0521)
(0.7811)
(0.7513)
G3(-0.1884)
(0.6066)
(-0.3251)
G4(1.1238)
(4.1350)
(-3.0490)
A1(-1.1113)
(11.3524)
(-0.9293)
A2(0.7853)
(3.4524)
(9.0501)
A3(0.6943)
(9.5481)
(-3.4860)
A4(-5.5641)
(20.3890)
(0.0144)
G1(-0.5257)
(2.7776)
(-0.8652)
G2(-0.2288)
(1.0642)
(0.6055)
G3(0.1767)
(0.7588)
(-0.3661)
G4(-0.8493)
(-3.4651)
(1.5990)
A1(-0.6658)
(5.6714)
(2.9363)
A2(6.2393)
(6.4117)
(5.5450)
A3(-0.4549)
(12.3972)
(-0.2442)
A4(-0.7853)
(10.6925)
(-7.5226)
G1(-2.1487)
(2.4594)
(-0.5571)
G2(0.7029)
(3.3837)
(-0.0862)
G3(1.7139)
(0.8908)
(-1.0004)
G4(0.6013)
(-0.0293)
(-0.2714)
A1(-3.2189)
(15.5149)
(-5.3601)
A2(1.5850)
(11.0373)
(10.6063)
A3(-5.6886)
(14.0109)
(-1.7382)
A4(-2.9401)
(8.4898)
(-7.8386)
G1(-4.2447)
(2.0082)
(-0.3166)
G2(-0.5369)
(-0.3113)
(0.2198)
G3(3.2028)
(1.3957)
(-1.2686)
G4(0.4800)
(0.9067)
(-0.6737)
A1(-2.6633)
(16.7651)
(7.6449)
A2(4.9512)
(6.2872)
(-0.0910)
A3(8.8681)
(16.2518)
(-6.6128)
A4(-2.1548)
(8.1930)
(-9.6534)
G1(-7.6183)
(4.4788)
(-0.2416)
G2(1.6139)
(0.9461)
(-0.0367)
G3(3.1693)
(5.8655)
(-5.2381)
G4(0.1006)
(2.3275)
(-0.5071)
A1(-8.5071)
(9.1394)
(13.4504)
A2(-1.7190)
(8.8394)
(3.6919)
A3(14.3077)
(4.8363)
(-23.4967)
A4(-3.5865)
(15.7012)
(2.4325)
G1(-6.3960)
(5.8852)
(0.2097)
G2(1.4223)
(4.2622)
(-0.0335)
G3(-1.9252)
(-1.9566)
(-3.6705)
G4(0.3262)
(5.0769)
(-1.1595)
A1(4.9242)
(12.8181)
(7.3815)
A2(-3.9552)
(13.1825)
(0.6416)
A3(16.0316)
(2.0973)
(-13.5847)
A4(-10.9271)
(-7.2353)
(-3.0406)
G1(-0.2900)
(7.2511)
(-1.1818)
G2(1.3590)
(4.9854)
(1.5511)
G3(6.2060)
(-2.6095)
(-8.5862)
G4(0.4587)
(10.1623)
(-5.7287)
A1(-29.3773)
(-2.4956)
(4.9385)
A2(-12.5313)
(3.6919)
(20.1592)
A3(8.2217)
(-2.5809)
(7.7524)
A4(2.1739)
(13.0292)
(3.0454)
G1(1.9342)
(-6.9403)
(1.3734)
G2(-1.4388)
(6.9164)
(1.6708)
G3(3.3475)
(-7.0074)
(-6.3252)
G4(-1.3452)
(-1.9965)
(2.1343)
A1(3.0273)
(-1.8777)
(-1.2023)
A2(7.5465)
(2.4517)
(23.4775)
A3(-19.5223)
(27.4423)
(-14.2455)
A4(12.3589)
(9.1602)
(1.7382)
G1(-3.2331)
(-1.9912)
(3.6466)
G2(2.7696)
(1.0898)
(1.5107)
G3(0.6726)
(-0.8471)
(-7.3570)
G4(-0.2139)
(-0.9099)
(0.6513)
A1(-5.2355)
(6.9120)
(3.7937)
A2(5.3965)
(3.0167)
(1.4844)
A3(5.2864)
(6.2632)
(-1.3647)
A4(1.3743)
(8.2456)
(-6.2441)
G1(0.1745)
(-0.6045)
(2.6058)
G2(0.1692)
(-0.3868)
(0.1634)
G3(-10.3070)
(-4.3559)
(6.1943)
G4(0.1527)
(-0.5880)
(0.3198)
A1(-15.2227)
(10.4614)
(2.8501)
A2(0.2298)
(10.4148)
(2.6719)
A3(-2.4134)
(-8.4324)
(-6.1770)
A4(2.3990)
(9.1123)
(-5.5258)
G1(0.5523)
(-3.8419)
(2.2269)
G2(-0.3650)
(-0.4885)
(0.2570)
G3(-0.7881)
(5.8059)
(1.1855)
G4(-0.2565)
(-0.3001)
(-0.0144)
A1(-5.4942)
(7.1898)
(4.6128)
A2(-0.8380)
(13.0676)
(-0.0096)
A3(-3.6344)
(-0.1101)
(-10.1514)
A4(1.9058)
(9.2943)
(-2.9544)
G1(0.3044)
(-0.6928)
(1.6905)
G2(0.1086)
(-1.6762)
(-0.0649)
G3(-3.1405)
(4.0345)
(-0.2315)
G4(-0.1543)
(0.0490)
(-0.0463)
A1(-7.0893)
(7.7263)
(3.0848)
A2(0.0958)
(8.9974)
(0.6752)
A3(-0.7183)
(1.5227)
(-9.4427)
A4(0.0527)
(9.1698)
(-4.3431)
G1(1.1722)
(-1.4580)
(1.2159)
G2(0.2884)
(-0.5917)
(0.0495)
G3(-3.1980)
(1.9901)
(-1.8007)
G4(-0.2192)
(-0.1336)
(0.0798)
A1(-5.1876)
(7.8126)
(3.9709)
A2(2.1261)
(9.2512)
(1.1109)
A3(-1.7957)
(4.3096)
(-10.8888)
A4(0.2682)
(9.6199)
(-2.8922)
G1(1.5586)
(-0.1383)
(0.8636)
G2(-0.2325)
(-0.9051)
(0.0803)
G3(-3.7567)
(-0.4730)
(-0.1075)
G4(-0.2352)
(0.0053)
(0.1187)
A1(-5.5133)
(9.4316)
(1.2981)
A2(1.2210)
(9.4954)
(0.0958)
A3(-1.1492)
(9.9551)
(-7.4220)
A4(0.9816)
(9.4044)
(-3.1556)
G1(1.5171)
(0.0128)
(0.6822)
G2(0.3118)
(-0.7263)
(0.1655)
G3(-2.1364)
(1.2978)
(-1.1137)
G4(-0.1591)
(0.4821)
(0.1724)
A1(-4.0667)
(9.3214)
(1.2502)
A2(-0.8092)
(9.6486)
(1.2402)
A3(-3.4955)
(9.5098)
(-4.8937)
A4(1.4317)
(8.8250)
(-3.3327)
G1(0.2597)
(0.0569)
(0.5944)
G2(0.2410)
(0.1713)
(0.1809)
G3(-1.9012)
(0.6210)
(-0.7269)
G4(-0.3182)
(0.0601)
(0.4454)
A1(-4.1817)
(11.0985)
(-2.8213)
A2(1.5945)
(9.1602)
(0.7230)
A3(-1.0630)
(11.4586)
(-5.2864)
A4(1.1827)
(9.7731)
(-0.4549)
G1(0.7290)
(0.0905)
(0.3358)
G2(0.3491)
(0.4528)
(0.3124)
G3(-0.3464)
(1.4165)
(-0.1953)
G4(0.0181)
(1.0360)
(0.3299)
