A1(-4.2536)
(6.9982)
(1.0107)
A2(2.9880)
(8.7915)
(2.9113)
A3(2.2841)
(8.0254)
(-4.7740)
A4(4.6112)
(9.5912)
(-4.6304)
G1(-1.7959)
(0.7577)
(0.1841)
G2(-0.0101)
(0.2315)
(0.0261)
G3(-0.0447)
(-0.1383)
(0.0532)
G4(0.0729)
(1.5495)
(-0.7215)
A1(-1.4514)
(9.1107)
(0.0479)
A2(3.4955)
(10.0940)
(1.5036)
A3(0.6081)
(8.1116)
(-6.0382)
A4(-4.1899)
(8.9495)
(-1.5802)
G1(0.3943)
(2.4850)
(-0.5417)
G2(-0.8801)
(0.1266)
(-0.0319)
G3(-0.1511)
(0.2687)
(-0.1644)
G4(0.9174)
(4.7294)
(-2.4472)
A1(-0.1054)
(8.7179)
(0.6610)
A2(2.8204)
(10.6877)
(1.5131)
A3(0.8667)
(8.7676)
(-4.0223)
A4(-4.4197)
(9.9359)
(-1.2163)
G1(-0.0351)
(2.5100)
(-0.4065)
G2(-0.0202)
(1.7139)
(0.3187)
G3(-0.0239)
(0.5976)
(-0.4161)
G4(0.6604)
(6.4859)
(-3.9946)
A1(1.5616)
(13.2013)
(2.9650)
A2(-0.3687)
(6.5362)
(7.3071)
A3(-0.2107)
(11.2575)
(-0.8523)
A4(7.2257)
(5.8179)
(-9.3901)
G1(-0.2086)
(2.4083)
(-1.1994)
G2(-0.5513)
(2.0556)
(1.5772)
G3(0.7391)
(1.0158)
(-0.4486)
G4(1.7480)
(0.6609)
(-0.5028)
A1(1.1736)
(3.5494)
(14.5186)
A2(7.4268)
(6.3925)
(6.7900)
A3(-0.7135)
(21.1935)
(9.9934)
A4(6.9576)
(5.4444)
(5.9137)
G1(-8.3233)
(1.2063)
(-1.7086)
G2(0.5582)
(4.4123)
(0.7700)
G3(2.8053)
(1.7586)
(-1.0807)
G4(-1.1467)
(-4.7864)
(0.6614)
A1(-1.7005)
(29.7845)
(-3.8320)
A2(4.4245)
(10.9032)
(7.8386)
A3(-5.1667)
(26.5661)
(4.4915)
A4(-6.7181)
(11.2671)
(-5.1332)
G1(-6.7743)
(4.9614)
(0.9041)
G2(0.9147)
(1.0360)
(-0.2959)
G3(4.6177)
(1.7166)
(-1.3239)
G4(0.8471)
(1.8087)
(-1.1041)
A1(1.7627)
(21.8809)
(12.8277)
A2(-0.6943)
(2.0686)
(1.4940)
A3(26.4799)
(21.8782)
(-18.6796)
A4(-4.3096)
(9.6582)
(-3.5482)
G1(-8.1711)
(5.8591)
(0.3624)
G2(1.2302)
(0.3496)
(-0.1889)
G3(2.8505)
(5.0114)
(-6.2465)
G4(-0.3730)
(2.5073)
(-0.2128)
A1(-8.2580)
(9.6519)
(8.3490)
A2(-10.7835)
(13.2447)
(3.7924)
A3(24.4592)
(-0.1341)
(-13.8193)
A4(-2.8874)
(15.1361)
(1.6712)
G1(-5.3057)
(5.3977)
(0.1820)
G2(1.3670)
(6.1012)
(0.0835)
G3(0.6375)
(-3.3087)
(-3.7168)
G4(0.6183)
(4.4639)
(-0.7263)
A1(2.0166)
(7.3431)
(0.0287)
A2(-3.5721)
(11.4395)
(1.0199)
A3(14.1785)
(-3.1460)
(-6.1627)
A4(-2.1883)
(1.3216)
(-8.5281)
G1(-0.7790)
(3.7929)
(-0.4209)
G2(0.6870)
(3.7743)
(0.7567)
G3(3.2645)
(-5.0998)
(-9.1656)
G4(0.4954)
(7.1628)
(-2.7292)
A1(-19.1793)
(-9.3645)
(8.7610)
A2(-7.0629)
(8.6143)
(13.8816)
A3(1.3982)
(-12.8712)
(2.9449)
A4(1.6328)
(19.4744)
(0.5124)
G1(0.4103)
(3.4135)
(0.5161)
G2(-1.2255)
(7.6789)
(1.6128)
G3(-0.0532)
(-4.6746)
(-6.6844)
G4(-0.4299)
(-0.1091)
(0.1235)
A1(9.0149)
(8.4879)
(1.2694)
A2(13.3692)
(9.9359)
(5.7317)
A3(-3.5674)
(-12.0859)
(-1.4605)
A4(2.1787)
(8.4563)
(-0.5219)
G1(-1.8480)
(-3.7450)
(1.3085)
G2(0.8971)
(9.2077)
(1.9396)
G3(-3.2336)
(-2.3993)
(-7.9684)
G4(-0.1165)
(0.9030)
(0.2645)
A1(-27.2218)
(7.0653)
(-4.5074)
A2(-0.3543)
(12.8569)
(7.0964)
A3(-0.6273)
(-15.3612)
(2.3320)
A4(2.7007)
(5.9999)
(-5.0853)
G1(0.6806)
(3.3172)
(1.2462)
G2(1.3154)
(0.0234)
(-0.9307)
G3(-11.5665)
(0.1240)
(11.7570)
G4(-0.4055)
(0.7008)
(-0.2059)
A1(-3.0225)
(9.0292)
(4.9721)
A2(6.9719)
(9.3470)
(0.5507)
A3(-5.9903)
(-4.2329)
(-6.6463)
A4(-4.8076)
(7.8338)
(-3.3758)
G1(-1.0594)
(-4.4032)
(3.6226)
G2(0.3230)
(-1.4324)
(-0.7524)
G3(0.5268)
(4.2787)
(1.3223)
G4(0.1272)
(-1.2904)
(0.5071)
A1(-20.1613)
(6.0402)
(-1.5184)
A2(1.8100)
(7.0437)
(-1.4222)
A3(0.5267)
(-2.8299)
(-7.5896)
A4(2.2410)
(7.6902)
(-6.7900)
G1(0.6928)
(-1.9662)
(1.7129)
G2(0.7333)
(-0.1820)
(-0.1107)
G3(-1.3995)
(4.3059)
(1.3766)
G4(-0.1165)
(1.6751)
(-0.1538)
A1(-5.6522)
(7.0605)
(6.1360)
A2(-1.2546)
(7.8482)
(2.7725)
A3(-5.6599)
(2.2362)
(-11.7124)
A4(-1.3599)
(8.5473)
(-5.4684)
G1(1.1430)
(-1.4532)
(1.6155)
G2(-1.0584)
(-2.0587)
(0.5390)
G3(-1.5543)
(2.7739)
(0.5582)
G4(-0.1304)
(0.4076)
(-0.1176)
A1(-8.8568)
(7.1515)
(0.3066)
A2(-2.5762)
(10.7931)
(3.7254)
A3(-1.5323)
(-1.7909)
(-11.2623)
A4(1.0774)
(9.4284)
(-3.3758)
G1(1.0531)
(-2.0582)
(1.7060)
G2(0.8540)
(2.7361)
(-0.7817)
G3(-2.0822)
(3.0804)
(0.1644)
G4(-0.1724)
(0.0032)
(0.0947)
A1(-6.0115)
(7.3335)
(3.5973)
A2(-3.7397)
(9.2560)
(1.3216)
A3(-3.5769)
(2.7246)
(-10.5393)
A4(0.2634)
(9.2225)
(-3.0502)
G1(1.4793)
(-0.5981)
(0.6502)
G2(-0.0665)
(-1.5963)
(-0.0979)
G3(-3.1538)
(0.6423)
(-0.1352)
G4(-0.0287)
(-0.1224)
(0.1884)
A1(-5.5373)
(9.2591)
(2.4477)
A2(1.8196)
(8.4946)
(1.2737)
A3(-0.7805)
(6.5410)
(-9.1746)
A4(-0.0048)
(9.6103)
(-3.1651)
G1(1.9406)
(-0.7939)
(0.6332)
G2(-0.2155)
(-0.0798)
(0.0229)
G3(-2.8021)
(0.3528)
(-0.4007)
G4(0.2187)
(-0.2602)
(0.3219)
A1(-6.2606)
(8.4448)
(2.6489)
A2(2.1500)
(9.0692)
(-0.2729)
A3(-1.8914)
(7.0437)
(-7.2401)
A4(0.0575)
(8.7388)
(-4.5346)
G1(1.3297)
(-0.4917)
(0.2857)
G2(-0.2426)
(-0.9344)
(-0.0117)
G3(-2.8718)
(-0.3986)
(0.1564)
G4(0.2065)
(-0.0415)
(0.2857)
A1(-6.1600)
(8.2868)
(1.5041)
A2(-0.7853)
(9.7971)
(1.2306)
A3(-2.5091)
(8.9495)
(-6.1244)
A4(0.9481)
(8.7005)
(-5.1858)
G1(1.1722)
(1.0222)
(0.1979)
G2(-0.3491)
(-0.8498)
(0.1160)
G3(-1.6437)
(1.0408)
(-0.8445)
G4(0.2011)
(0.2639)
(0.4491)
