A1(0.2970)
(11.0219)
(-0.5604)
A2(3.7637)
(8.1020)
(3.1173)
A3(1.0534)
(8.3222)
(-7.4747)
A4(3.4572)
(6.4260)
(-3.5195)
G1(0.0229)
(1.1781)
(-0.5002)
G2(-0.1399)
(0.0314)
(-0.0926)
G3(-0.2224)
(0.4518)
(-0.3570)
G4(1.0743)
(2.9101)
(-1.9768)
A1(-2.2274)
(8.6508)
(1.2598)
A2(3.9696)
(9.0884)
(2.5331)
A3(1.2594)
(8.0014)
(-5.2720)
A4(-13.1106)
(11.6741)
(2.5091)
G1(0.0000)
(1.5995)
(-0.0011)
G2(-0.3906)
(0.5050)
(0.2331)
G3(-0.3129)
(-0.0112)
(-0.1410)
G4(1.1036)
(6.1890)
(-4.5038)
A1(-0.0575)
(11.0075)
(3.5542)
A2(6.8905)
(6.4979)
(2.0255)
A3(-1.6951)
(10.2759)
(-4.1132)
A4(6.0669)
(9.8497)
(-6.3063)
G1(-0.1288)
(3.7141)
(-1.9220)
G2(-1.0131)
(3.2076)
(1.6123)
G3(0.4640)
(0.0585)
(-0.2469)
G4(1.2356)
(1.6336)
(-0.4028)
A1(0.0862)
(9.7477)
(6.6534)
A2(-2.6528)
(8.1307)
(5.3630)
A3(-4.4341)
(13.3836)
(1.8387)
A4(-5.8897)
(22.9365)
(3.0885)
G1(-2.9665)
(3.3465)
(-1.5261)
G2(0.6529)
(0.8514)
(1.3361)
G3(1.4138)
(2.1343)
(-1.1504)
G4(0.8950)
(-0.7338)
(0.8258)
A1(-5.1732)
(20.0607)
(-6.8450)
A2(12.2056)
(9.1315)
(7.2496)
A3(-8.1977)
(23.1376)
(1.8818)
A4(-9.3565)
(10.9176)
(-11.3916)
G1(-5.3270)
(4.0366)
(0.7875)
G2(2.2077)
(3.1778)
(-0.1894)
G3(4.9896)
(1.4724)
(-1.0493)
G4(0.1219)
(1.5782)
(-0.2863)
A1(-8.7801)
(9.1442)
(27.3032)
A2(4.9273)
(12.3301)
(12.7180)
A3(3.7350)
(20.6189)
(-5.9041)
A4(-0.9242)
(7.3885)
(-6.4979)
G1(-9.1949)
(4.2202)
(0.0527)
G2(2.0513)
(0.2826)
(-0.4704)
G3(2.0614)
(3.3347)
(-4.6400)
G4(0.1208)
(1.7948)
(-0.4161)
A1(-11.1321)
(10.5093)
(13.3882)
A2(-1.9345)
(10.6446)
(5.9185)
A3(22.7784)
(2.8108)
(-11.0277)
A4(-4.9129)
(13.2639)
(-2.5570)
G1(-5.5898)
(5.8697)
(-0.1788)
G2(1.6964)
(7.3235)
(1.1738)
G3(-0.5859)
(-4.5054)
(-2.9256)
G4(0.0628)
(4.0127)
(-0.7439)
A1(-1.1017)
(11.4865)
(11.2805)
A2(2.1117)
(10.9559)
(2.7007)
A3(16.2566)
(7.4508)
(-20.5614)
A4(0.1676)
(16.6493)
(5.9185)
G1(-4.6475)
(7.1596)
(-2.2705)
G2(1.5080)
(3.7423)
(0.2714)
G3(0.5747)
(-2.0321)
(-5.3844)
G4(1.8938)
(9.3274)
(-3.3949)
A1(1.3316)
(6.8450)
(-8.1143)
A2(-10.6159)
(14.5759)
(5.2960)
A3(9.9790)
(-8.0828)
(-5.6264)
A4(4.5107)
(4.0749)
(-2.6576)
G1(1.1233)
(2.8846)
(-2.4594)
G2(1.1158)
(4.5559)
(1.5123)
G3(4.2303)
(-7.5464)
(-5.3978)
G4(-0.6939)
(6.6440)
(-2.9580)
A1(-15.5245)
(-2.7207)
(-4.3829)
A2(-10.5680)
(3.8355)
(13.5512)
A3(5.8562)
(-8.7388)
(1.2641)
A4(2.3798)
(16.3045)
(0.9481)
G1(1.2898)
(-0.5146)
(-0.2607)
G2(-0.0580)
(9.8068)
(1.5814)
G3(-0.6284)
(-6.1874)
(-5.3680)
G4(-1.4021)
(-1.5133)
(1.6256)
A1(7.2665)
(2.1986)
(-0.5988)
A2(11.0373)
(4.7788)
(8.4946)
A3(-5.7174)
(11.8800)
(-2.0925)
A4(1.1779)
(2.0734)
(-4.0079)
G1(-3.1347)
(1.1573)
(3.4050)
G2(0.6321)
(-2.7622)
(1.2265)
G3(-3.6492)
(0.1756)
(-8.8219)
G4(-0.3943)
(-0.6604)
(-0.3613)
A1(-13.5127)
(3.8129)
(3.8416)
A2(-4.6783)
(9.0549)
(6.2776)
A3(24.1862)
(58.3515)
(20.5662)
A4(9.2751)
(10.4531)
(-2.2889)
G1(-0.2176)
(-6.8137)
(2.1269)
G2(0.0617)
(-0.1735)
(-0.2187)
G3(10.6156)
(17.4357)
(1.7363)
G4(-0.1740)
(-0.7865)
(0.9913)
A1(-11.2087)
(4.8715)
(2.3088)
A2(6.8283)
(2.9066)
(3.3232)
A3(-8.4659)
(-5.7844)
(-11.1330)
A4(4.0031)
(7.7045)
(-5.2385)
G1(-0.9237)
(-1.5559)
(3.0628)
G2(0.2708)
(0.4017)
(0.0383)
G3(2.3807)
(2.2695)
(6.9004)
G4(0.1389)
(-0.9009)
(0.3842)
A1(-10.5716)
(9.2400)
(4.9146)
A2(3.6727)
(12.7850)
(-0.6081)
A3(-7.0964)
(-6.1914)
(-2.0734)
A4(-1.3312)
(8.8538)
(-6.1866)
G1(2.6563)
(-4.0111)
(1.8337)
G2(0.3139)
(-0.4581)
(0.0899)
G3(1.5165)
(6.2481)
(1.6852)
G4(0.0053)
(-0.3310)
(0.3767)
A1(-11.1416)
(6.3037)
(3.3913)
A2(6.9959)
(9.7348)
(2.0877)
A3(-4.2617)
(-1.8244)
(-6.5027)
A4(-0.2394)
(9.5720)
(-3.8116)
G1(1.5745)
(-2.3519)
(2.1934)
G2(-0.2607)
(-0.6449)
(0.1772)
G3(-3.5343)
(3.0229)
(0.5976)
G4(-0.2070)
(-0.0809)
(0.1362)
A1(-8.3826)
(4.0715)
(0.9005)
A2(-1.2977)
(11.5927)
(1.4892)
A3(-1.1779)
(2.7007)
(-12.1673)
A4(1.0199)
(8.6910)
(-4.2329)
G1(1.3713)
(-0.3358)
(1.6740)
G2(-0.0521)
(-0.9328)
(-0.0314)
G3(-3.4992)
(1.9156)
(-0.5082)
G4(-0.2708)
(0.5092)
(-0.0926)
A1(-5.8534)
(8.2580)
(2.7447)
A2(0.2969)
(9.2512)
(1.0822)
A3(0.2873)
(7.4651)
(-10.0844)
A4(1.6520)
(9.8833)
(-2.3224)
G1(1.8906)
(0.0633)
(0.7742)
G2(0.3672)
(-0.8950)
(0.2112)
G3(-2.7686)
(0.4949)
(-1.1696)
G4(-0.0947)
(0.3448)
(-0.0511)
A1(-5.3217)
(7.6305)
(1.2933)
A2(0.1053)
(9.5912)
(0.2298)
A3(-7.2496)
(3.7493)
(-11.3581)
A4(0.0000)
(9.5289)
(-3.3710)
G1(2.0178)
(-0.4347)
(0.9621)
G2(-0.2017)
(-0.7120)
(0.1011)
G3(-2.7436)
(1.3292)
(-0.6848)
G4(-0.1096)
(-0.1554)
(0.3767)
A1(-5.9109)
(7.9994)
(1.9543)
A2(1.4844)
(8.9974)
(2.7677)
A3(-0.7039)
(8.6191)
(-7.2496)
A4(0.4022)
(8.8202)
(-3.9887)
G1(1.6634)
(-0.0559)
(0.3086)
G2(-0.5183)
(-0.2379)
(0.1916)
G3(-2.7212)
(0.5353)
(-0.4741)
G4(-0.0474)
(-0.0548)
(0.3464)
A1(-5.7816)
(8.9526)
(1.5759)
A2(1.9201)
(9.3326)
(1.3982)
A3(-6.2297)
(9.9168)
(-5.3870)
A4(1.2450)
(8.9304)
(-3.8690)
G1(1.4857)
(-0.0495)
(0.6141)
G2(-0.1373)
(-0.4613)
(0.2788)
G3(-2.2716)
(0.7258)
(-0.5295)
G4(0.0165)
(-0.0410)
(0.5023)
