A1(1.7100)
(8.4065)
(3.7171)
A2(2.8730)
(9.3182)
(0.2442)
A3(-4.0079)
(8.8777)
(-4.3383)
A4(-2.3367)
(8.8585)
(-4.8363)
G1(1.2888)
(-1.2239)
(-1.0350)
G2(-0.1884)
(0.1703)
(0.0607)
G3(0.4954)
(-2.1396)
(1.6362)
G4(0.7412)
(-0.5502)
(0.3539)
A1(0.5940)
(6.0690)
(9.9729)
A2(4.1468)
(8.7101)
(0.9194)
A3(8.1116)
(3.8259)
(-5.4636)
A4(-1.1636)
(9.7444)
(-3.6919)
G1(0.0569)
(-4.0201)
(0.6055)
G2(-0.2980)
(-0.8753)
(0.0447)
G3(-0.6024)
(-3.7839)
(4.0260)
G4(0.9413)
(-0.2315)
(0.3879)
A1(-5.6043)
(15.6251)
(5.6714)
A2(-2.7773)
(10.6829)
(2.7007)
A3(-16.7211)
(9.5289)
(-5.4731)
A4(-6.9192)
(25.1678)
(9.0118)
G1(2.0917)
(2.2306)
(-0.0011)
G2(0.0756)
(-1.5229)
(0.0122)
G3(-0.3320)
(-6.3779)
(3.0463)
G4(2.5142)
(-1.9922)
(2.2162)
A1(8.7131)
(12.5595)
(-6.8066)
A2(-0.9098)
(8.8538)
(0.3400)
A3(13.0436)
(6.1196)
(11.2480)
A4(-0.8332)
(20.1640)
(-7.5322)
G1(-0.0952)
(0.1054)
(1.3718)
G2(-0.0537)
(0.2187)
(0.1953)
G3(0.5369)
(4.5187)
(-1.4899)
G4(3.1203)
(-0.6114)
(2.9942)
A1(7.1276)
(12.1954)
(5.4127)
A2(2.6049)
(10.0987)
(9.2464)
A3(3.3710)
(9.7396)
(-4.1468)
A4(-29.6306)
(18.9812)
(-23.1136)
G1(2.0492)
(-6.1140)
(-0.8471)
G2(-1.8486)
(-4.8816)
(1.4314)
G3(0.0362)
(0.1740)
(0.1591)
G4(0.2357)
(-1.9539)
(5.5563)
A1(8.3969)
(6.5719)
(2.6441)
A2(0.3304)
(1.4605)
(13.4123)
A3(1.8292)
(5.8849)
(-5.7078)
A4(-12.1769)
(-5.4013)
(-21.5239)
G1(2.0800)
(-5.7181)
(-1.5091)
G2(-6.4269)
(-4.1207)
(1.8337)
G3(-0.7013)
(-2.6223)
(1.0759)
G4(-1.1105)
(3.0368)
(6.6067)
A1(-2.2178)
(1.2215)
(14.7773)
A2(13.2495)
(6.9719)
(15.3947)
A3(6.5410)
(9.5337)
(-1.1253)
A4(-3.8499)
(-5.6647)
(-8.5952)
G1(-0.9525)
(-9.0007)
(-0.0681)
G2(-7.6528)
(-3.5976)
(0.6758)
G3(-0.4848)
(-4.1079)
(0.6055)
G4(-2.7686)
(5.2669)
(6.4130)
A1(-10.0926)
(6.9120)
(-11.4674)
A2(-1.4605)
(22.0602)
(23.6547)
A3(2.6240)
(12.1147)
(0.6656)
A4(-0.3017)
(-6.4452)
(-3.7924)
G1(3.3422)
(-6.8807)
(-0.3682)
G2(-8.3238)
(-2.4280)
(1.1659)
G3(-0.0186)
(-6.8243)
(1.6043)
G4(-4.3644)
(3.9600)
(3.6556)
A1(-1.4322)
(9.5849)
(18.9781)
A2(10.3190)
(13.0723)
(9.8402)
A3(15.2175)
(4.4532)
(5.3870)
A4(-1.3838)
(-9.1650)
(-5.1475)
G1(1.1414)
(1.2973)
(0.1266)
G2(-5.5324)
(-5.7340)
(-1.3580)
G3(-1.4356)
(-11.1073)
(3.7477)
G4(-5.5957)
(5.5095)
(4.9178)
A1(-18.8919)
(0.3497)
(-0.2826)
A2(-9.7588)
(12.6701)
(8.3749)
A3(-5.3917)
(15.1170)
(2.8491)
A4(-16.8743)
(38.5706)
(14.8153)
G1(0.1277)
(-3.3337)
(0.3421)
G2(-1.2036)
(-4.9348)
(2.5238)
G3(-0.3858)
(0.8439)
(-1.0014)
G4(9.7930)
(-17.4363)
(0.3560)
A1(0.6467)
(13.6612)
(1.5232)
A2(-1.9058)
(3.3279)
(-12.3780)
A3(-4.2329)
(11.2432)
(-3.7493)
A4(2.3798)
(-1.7286)
(5.2625)
G1(-0.7529)
(0.8508)
(-0.6162)
G2(-1.4516)
(-0.1383)
(0.5295)
G3(-0.4550)
(-2.1183)
(-0.2033)
G4(-8.6053)
(1.3505)
(-6.3268)
A1(-3.5446)
(9.9824)
(2.1651)
A2(-5.9903)
(3.8116)
(15.4857)
A3(1.8004)
(9.2416)
(-3.4333)
A4(7.0629)
(-1.0056)
(1.1253)
G1(-0.0798)
(1.1185)
(-0.3390)
G2(-1.4436)
(-4.6017)
(0.5608)
G3(0.1107)
(1.4447)
(-0.4395)
G4(2.9144)
(-4.2298)
(-1.5288)
A1(-0.0192)
(11.7404)
(1.0155)
A2(5.8179)
(4.9129)
(-5.6934)
A3(-1.1349)
(9.5577)
(-3.5865)
A4(5.4827)
(-5.4923)
(-2.7677)
G1(-0.0516)
(1.0855)
(-0.1894)
G2(-1.5639)
(5.8022)
(-1.9321)
G3(-0.0048)
(1.2446)
(-0.2607)
G4(2.6643)
(-3.1709)
(-0.0346)
A1(-2.5291)
(9.5418)
(-0.3545)
A2(19.6277)
(3.1460)
(-2.1596)
A3(1.5945)
(9.3613)
(-2.9161)
A4(3.9073)
(-2.5522)
(-7.7764)
G1(0.3171)
(0.6705)
(0.1841)
G2(0.3166)
(1.1148)
(-2.0678)
G3(0.2751)
(1.0727)
(-0.1059)
G4(-2.7973)
(-5.1104)
(-0.7290)
A1(-1.7148)
(8.2580)
(-0.6227)
A2(4.8937)
(2.9592)
(7.3167)
A3(-0.0144)
(8.9591)
(-3.5626)
A4(0.6608)
(0.5315)
(-9.4858)
G1(-0.2677)
(1.3117)
(0.0841)
G2(0.0564)
(3.3358)
(-2.4642)
G3(-0.0809)
(0.3416)
(-0.1995)
G4(-5.2972)
(-4.0020)
(0.0372)
A1(-0.9867)
(10.5333)
(0.5940)
A2(12.2056)
(3.6871)
(1.5850)
A3(1.8340)
(9.3948)
(-2.0207)
A4(-2.4469)
(7.6231)
(-11.6262)
G1(-0.1586)
(1.6384)
(-0.0889)
G2(0.5843)
(3.8818)
(-2.2072)
G3(0.0484)
(0.9653)
(-0.3182)
G4(-3.9541)
(-0.6039)
(-0.6854)
A1(-1.0251)
(9.6376)
(-0.7089)
A2(9.5337)
(5.9137)
(6.8857)
A3(2.8539)
(9.3518)
(-3.4237)
A4(6.4739)
(6.4739)
(-7.7189)
G1(0.2299)
(-0.0479)
(-0.3693)
G2(0.8551)
(1.8661)
(-2.8564)
G3(-0.0027)
(1.9704)
(-0.5332)
G4(-2.3312)
(-1.9337)
(1.4213)
A1(1.3316)
(10.6483)
(1.5663)
A2(4.3622)
(5.1092)
(7.7716)
A3(-1.1684)
(10.2041)
(-5.1092)
A4(2.0255)
(13.1681)
(-10.1849)
G1(0.1048)
(0.2783)
(0.3448)
G2(0.1995)
(-0.3480)
(-1.9901)
G3(0.0298)
(0.4826)
(-0.1309)
G4(-1.8991)
(-0.8014)
(0.6008)
A1(-1.8490)
(9.2208)
(-1.0634)
A2(14.0492)
(7.1012)
(-0.5890)
A3(0.2682)
(9.1315)
(-3.2370)
A4(3.0406)
(8.6862)
(-7.9679)
G1(0.1309)
(0.0740)
(-0.7407)
G2(2.6914)
(1.9087)
(-1.9050)
G3(0.1799)
(-0.4060)
(-0.1724)
G4(-1.4149)
(-1.2302)
(0.5635)
A1(0.3497)
(11.0458)
(4.6368)
A2(6.6798)
(7.0198)
(6.1818)
A3(1.1157)
(9.1602)
(-2.2362)
A4(3.6105)
(14.0348)
(-2.8060)
G1(1.9715)
(-0.2522)
(-1.2467)
G2(1.6389)
(-1.1813)
(-1.1206)
G3(0.3698)
(-0.0043)
(-0.2309)
G4(0.1506)
(-2.0779)
(0.2442)
