A1(-0.2156)
(8.3347)
(-0.8095)
A2(4.3191)
(7.1635)
(2.3511)
A3(1.4892)
(9.4858)
(-4.1563)
A4(-0.1437)
(9.3039)
(5.2433)
G1(-0.8104)
(1.7549)
(-0.1431)
G2(-1.1611)
(0.6635)
(0.2857)
G3(0.0873)
(1.0855)
(-0.4864)
G4(1.0749)
(7.2405)
(-6.1533)
A1(-0.7760)
(9.4555)
(2.8788)
A2(9.1650)
(6.3351)
(7.6423)
A3(0.1915)
(9.6965)
(-4.6974)
A4(10.5824)
(-0.2298)
(-7.1156)
G1(-1.5522)
(3.0357)
(-1.4149)
G2(-2.0183)
(1.1648)
(1.1228)
G3(0.1490)
(0.9562)
(-0.4156)
G4(1.4553)
(2.0236)
(-1.7246)
A1(0.5604)
(1.2119)
(9.5082)
A2(-3.0215)
(5.6455)
(5.6934)
A3(-1.8579)
(19.7234)
(6.6272)
A4(-4.0893)
(11.7076)
(-5.3103)
G1(-6.2342)
(5.0497)
(-0.7120)
G2(-0.5555)
(4.4724)
(0.3150)
G3(2.5446)
(2.2077)
(-1.2717)
G4(0.7950)
(0.1543)
(-0.6284)
A1(-6.5911)
(19.9793)
(4.8763)
A2(11.7364)
(10.9319)
(6.8666)
A3(6.1004)
(28.2133)
(9.4667)
A4(0.5124)
(10.5632)
(-5.9616)
G1(-7.8556)
(3.3587)
(0.5843)
G2(1.0302)
(5.0136)
(-1.1355)
G3(3.7301)
(4.4224)
(-3.2767)
G4(-0.5209)
(0.2038)
(-0.5933)
A1(-11.0506)
(14.8300)
(15.3281)
A2(-17.1568)
(17.0228)
(-2.6959)
A3(16.2135)
(15.2942)
(-13.3501)
A4(-2.8491)
(9.5912)
(-4.5011)
G1(-6.8158)
(-0.7641)
(-0.9073)
G2(1.1265)
(-0.0814)
(-1.1611)
G3(2.6153)
(6.5200)
(-6.2247)
G4(0.1910)
(1.8821)
(-0.5976)
A1(-11.1656)
(7.4725)
(15.8023)
A2(-1.3982)
(3.2609)
(8.9495)
A3(17.6932)
(3.5769)
(-17.1138)
A4(-4.0797)
(9.9311)
(-5.0182)
G1(-6.5578)
(2.2769)
(0.3134)
G2(0.6699)
(6.2220)
(0.9264)
G3(-3.5109)
(-2.5174)
(-1.3643)
G4(0.3964)
(2.5680)
(-0.2081)
A1(3.2764)
(10.8782)
(12.4062)
A2(-3.8307)
(9.4619)
(5.4061)
A3(10.8170)
(11.1426)
(-18.9669)
A4(-9.3087)
(9.2225)
(-9.6917)
G1(-3.8935)
(6.7078)
(0.3113)
G2(0.9860)
(3.1762)
(0.7732)
G3(0.2112)
(1.0855)
(-9.3349)
G4(1.3803)
(7.7619)
(-4.6251)
A1(5.7528)
(11.8410)
(-4.7613)
A2(-7.9918)
(10.7308)
(4.6591)
A3(12.5935)
(-0.9002)
(-10.1083)
A4(-0.2729)
(-4.5011)
(-4.2808)
G1(-0.8737)
(6.6354)
(0.3384)
G2(0.9631)
(4.1494)
(1.6368)
G3(3.3709)
(-4.8305)
(-8.5766)
G4(-0.6886)
(6.3039)
(-3.2065)
A1(9.1681)
(-0.7137)
(-0.3497)
A2(-1.7526)
(10.9750)
(20.4513)
A3(10.4196)
(-9.4284)
(5.8275)
A4(-18.8663)
(10.6686)
(6.7900)
G1(-0.6109)
(3.5662)
(-1.0573)
G2(0.0223)
(11.3393)
(2.4302)
G3(-0.7764)
(-2.2157)
(-11.2201)
G4(-1.4803)
(7.3118)
(-2.5052)
A1(-7.4868)
(8.0473)
(-13.0481)
A2(40.1460)
(4.9704)
(-12.7180)
A3(0.2490)
(1.9872)
(0.2634)
A4(44.8482)
(29.2524)
(15.5815)
G1(-3.1336)
(-4.9902)
(4.3362)
G2(4.6283)
(6.4966)
(0.8636)
G3(-1.4229)
(0.0208)
(-7.7268)
G4(-1.7272)
(0.3193)
(-2.4174)
A1(-3.4919)
(4.3637)
(3.0321)
A2(-9.3613)
(7.3406)
(4.2952)
A3(-28.2899)
(17.4585)
(2.6288)
A4(-7.0437)
(9.5529)
(-3.4764)
G1(-1.7735)
(-1.0068)
(1.3707)
G2(1.7533)
(3.9259)
(1.0887)
G3(-9.1800)
(0.3427)
(4.5783)
G4(0.1820)
(-1.7022)
(0.9110)
A1(-8.5598)
(9.2831)
(0.3928)
A2(14.6908)
(13.4363)
(12.3541)
A3(-6.5362)
(-8.7388)
(-7.0533)
A4(1.0199)
(9.4619)
(-4.3814)
G1(0.7061)
(-3.4337)
(2.8138)
G2(0.3262)
(5.9730)
(-1.8720)
G3(3.9557)
(1.3920)
(0.9887)
G4(0.3469)
(0.9711)
(0.0814)
A1(-6.4713)
(9.2591)
(0.5173)
A2(-13.5033)
(10.9463)
(0.8188)
A3(-2.2170)
(-6.7804)
(-7.1587)
A4(3.5721)
(8.2983)
(-3.5051)
G1(0.9658)
(2.1104)
(2.1625)
G2(-0.3139)
(-1.3697)
(0.2410)
G3(-2.8718)
(5.1764)
(0.9493)
G4(0.0575)
(-0.9871)
(0.1517)
A1(-5.1589)
(10.2507)
(1.0538)
A2(3.7781)
(9.8545)
(2.7533)
A3(-2.2314)
(-3.0263)
(-7.8434)
A4(-0.0910)
(9.2608)
(-4.7788)
G1(2.4057)
(-1.4394)
(2.1354)
G2(0.2661)
(3.5774)
(-0.2554)
G3(-4.4953)
(3.9520)
(0.1043)
G4(-0.1080)
(-0.8567)
(0.1884)
A1(-6.7013)
(8.0760)
(-0.3880)
A2(3.3375)
(9.2608)
(1.5706)
A3(-1.2258)
(2.1261)
(-11.2527)
A4(-1.4126)
(9.1411)
(-4.7597)
G1(2.4121)
(-2.0997)
(1.0275)
G2(0.3794)
(-1.1999)
(0.0766)
G3(-3.5338)
(1.0025)
(-0.3501)
G4(-0.0894)
(-0.7923)
(0.2474)
A1(-5.3457)
(8.2245)
(0.6323)
A2(-0.1676)
(10.6350)
(0.2634)
A3(4.6448)
(8.1786)
(-11.4299)
A4(1.0199)
(8.7676)
(-1.9968)
G1(1.5766)
(-1.6751)
(0.8184)
G2(0.4438)
(-1.1973)
(0.2331)
G3(-3.6386)
(-1.3335)
(1.7948)
G4(0.0772)
(-0.2639)
(0.0628)
A1(-5.8151)
(7.0845)
(0.6227)
A2(0.4262)
(9.9455)
(0.4166)
A3(-1.5850)
(10.5105)
(-4.1659)
A4(-0.2394)
(9.3470)
(-4.3096)
G1(1.8682)
(-1.4415)
(0.4959)
G2(0.2810)
(-0.9158)
(0.0410)
G3(-3.0463)
(0.6689)
(0.4443)
G4(-0.1101)
(-0.5167)
(0.3576)
A1(-4.7565)
(9.1729)
(-0.5940)
A2(-0.5746)
(8.0828)
(-0.5794)
A3(-1.7957)
(9.9503)
(-5.4540)
A4(0.0575)
(8.8442)
(-5.1811)
G1(0.5672)
(-0.5741)
(0.6944)
G2(-0.1357)
(-1.4724)
(-0.1868)
G3(-2.1646)
(0.5013)
(-0.1341)
G4(-0.1165)
(0.1591)
(0.1458)
A1(-5.0774)
(9.3789)
(-1.4274)
A2(-1.2210)
(9.6965)
(-0.5794)
A3(-1.4413)
(9.3901)
(-8.8729)
A4(2.2362)
(9.8354)
(-2.1596)
G1(0.7125)
(-1.5633)
(0.1133)
G2(0.0314)
(-0.9488)
(0.1410)
G3(-0.9578)
(0.0506)
(1.0844)
G4(0.0559)
(0.3054)
(0.2597)
A1(-3.5686)
(8.4065)
(-2.7303)
A2(0.4693)
(9.5289)
(-0.0096)
A3(-2.4565)
(12.7946)
(-4.8459)
A4(1.8866)
(10.3860)
(-1.7142)
G1(0.7684)
(-0.2559)
(-0.2331)
G2(-0.2575)
(-0.7354)
(0.2336)
G3(-0.2182)
(0.2176)
(0.2613)
G4(0.2070)
(-0.0718)
(0.3581)
