A1(-1.2119)
(8.7658)
(5.9396)
A2(2.7821)
(9.0261)
(-1.2498)
A3(0.1389)
(11.2192)
(0.2251)
A4(1.8100)
(9.3757)
(-2.8874)
G1(-2.6749)
(-1.3697)
(0.1117)
G2(-0.0596)
(0.3453)
(-0.0399)
G3(0.8594)
(-0.6875)
(0.3203)
G4(0.2038)
(-0.3751)
(0.1394)
A1(-0.6898)
(9.7573)
(4.6320)
A2(3.7014)
(8.6431)
(-1.2258)
A3(-10.1801)
(9.8162)
(-6.6511)
A4(0.9002)
(9.8545)
(-2.7629)
G1(-0.4411)
(-1.5825)
(-1.8800)
G2(-0.2027)
(-0.5752)
(0.0724)
G3(0.1884)
(-2.0327)
(1.5383)
G4(0.4837)
(-0.3374)
(0.1091)
A1(-1.6095)
(6.4426)
(4.0428)
A2(4.4484)
(8.5856)
(-0.2059)
A3(7.4843)
(4.8698)
(-1.9201)
A4(-0.2107)
(10.4052)
(-2.7390)
G1(1.1983)
(-4.1691)
(-0.3203)
G2(-0.5635)
(-1.0366)
(0.0474)
G3(-0.4443)
(-2.2609)
(2.9841)
G4(0.9307)
(-0.8673)
(0.5204)
A1(-10.0495)
(5.2451)
(11.3045)
A2(1.3886)
(9.2991)
(0.5171)
A3(-3.6583)
(8.2935)
(0.9290)
A4(-0.2059)
(20.5422)
(10.4339)
G1(2.2024)
(-0.2128)
(0.4576)
G2(-0.2698)
(-2.6276)
(0.0782)
G3(-2.1620)
(-10.2884)
(4.5469)
G4(2.9538)
(-3.4784)
(3.6508)
A1(6.6150)
(7.1084)
(-5.3888)
A2(-0.7614)
(10.4818)
(1.2402)
A3(-20.7051)
(3.6727)
(9.0884)
A4(-1.2258)
(26.9635)
(0.4980)
G1(1.4771)
(-2.1002)
(-0.4044)
G2(-0.4454)
(-2.4605)
(0.3704)
G3(0.9935)
(0.5130)
(-0.7854)
G4(4.9247)
(-2.7606)
(4.0446)
A1(6.7587)
(11.9320)
(0.0910)
A2(-0.2394)
(10.2185)
(5.5593)
A3(-5.4540)
(1.3599)
(-0.9768)
A4(-40.0694)
(25.0721)
(-18.6221)
G1(1.6203)
(-3.1161)
(-1.0472)
G2(-1.4346)
(-3.6849)
(1.6974)
G3(0.6481)
(0.2490)
(0.5715)
G4(0.5757)
(-1.1786)
(4.7677)
A1(10.6770)
(12.7415)
(4.5026)
A2(-0.3304)
(3.8738)
(8.4707)
A3(3.6296)
(9.8785)
(-2.0686)
A4(-13.4363)
(-8.4276)
(-24.9284)
G1(2.4647)
(-5.2802)
(-0.8083)
G2(-4.7603)
(-3.5694)
(1.4489)
G3(-0.3890)
(-2.5270)
(0.9285)
G4(-0.1075)
(2.0188)
(6.6030)
A1(7.8796)
(4.2919)
(30.8766)
A2(4.2138)
(11.7986)
(18.8088)
A3(9.0453)
(13.5225)
(-0.6369)
A4(-10.1323)
(-6.4452)
(-12.3541)
G1(-1.3069)
(-11.6277)
(-0.8737)
G2(-8.1732)
(-4.2484)
(0.1224)
G3(-0.7194)
(-3.0719)
(0.4241)
G4(1.8182)
(6.7807)
(7.7550)
A1(-29.8707)
(-4.0907)
(-8.1143)
A2(1.0726)
(17.8512)
(21.2557)
A3(5.7174)
(18.6652)
(7.5800)
A4(-4.1228)
(-5.2433)
(-3.2417)
G1(1.6448)
(-11.1930)
(-0.8865)
G2(-9.4365)
(-3.9392)
(-1.0589)
G3(-0.3464)
(-7.6731)
(2.1955)
G4(-0.1091)
(8.1583)
(4.2276)
A1(-6.0642)
(19.3086)
(5.5708)
A2(0.6752)
(13.2591)
(13.9582)
A3(-6.1052)
(2.7725)
(2.2601)
A4(-3.4381)
(-13.6326)
(-0.3304)
G1(0.3097)
(-0.9663)
(0.5800)
G2(-5.2131)
(-10.4943)
(1.1648)
G3(-3.0974)
(-8.0557)
(3.8935)
G4(-6.9781)
(3.3959)
(4.3181)
A1(0.7616)
(9.8052)
(0.2826)
A2(-6.9480)
(14.0779)
(8.9016)
A3(-2.5474)
(18.1050)
(1.3408)
A4(22.0267)
(71.1222)
(-103.0273)
G1(1.0206)
(-1.9752)
(-0.4512)
G2(-1.4287)
(-7.3740)
(2.8527)
G3(-0.3134)
(1.0770)
(-1.8853)
G4(4.2133)
(-0.4592)
(7.0329)
A1(-2.0645)
(9.9824)
(1.0969)
A2(-0.8332)
(2.2601)
(-9.8689)
A3(-6.1196)
(9.6199)
(1.3024)
A4(17.5926)
(18.9286)
(-42.7748)
G1(-0.3437)
(0.5965)
(-0.0341)
G2(1.9832)
(2.2929)
(1.3063)
G3(-0.0420)
(1.1648)
(-0.9759)
G4(-13.9509)
(-1.3766)
(-2.6100)
A1(-1.7053)
(10.9931)
(-1.4897)
A2(18.5694)
(-7.3550)
(-7.5465)
A3(-4.4341)
(12.1482)
(0.4357)
A4(10.4770)
(-5.5785)
(-3.2130)
G1(-0.3852)
(0.1479)
(-0.4033)
G2(0.8466)
(-4.5852)
(-0.2666)
G3(0.2655)
(0.2873)
(-0.1543)
G4(3.1969)
(-1.1595)
(-0.6071)
A1(1.5711)
(9.5226)
(1.1304)
A2(13.1011)
(-3.0981)
(3.9409)
A3(0.9242)
(8.3127)
(-6.1531)
A4(11.3916)
(-3.1603)
(-9.6965)
G1(-0.2277)
(0.1618)
(-0.0793)
G2(0.1203)
(-1.8491)
(-0.1713)
G3(0.1889)
(0.0575)
(-0.0809)
G4(1.7964)
(-0.9615)
(-1.9326)
A1(-1.8537)
(10.0016)
(-0.9963)
A2(4.3239)
(-1.5658)
(3.0023)
A3(4.8459)
(8.5569)
(-3.4620)
A4(8.9830)
(-0.5459)
(-5.7174)
G1(-0.1160)
(-0.2453)
(0.2506)
G2(-1.2808)
(-1.1542)
(-1.2808)
G3(0.3986)
(0.5795)
(-0.2815)
G4(3.3491)
(-3.0006)
(0.4736)
A1(-1.5376)
(9.9777)
(0.0096)
A2(17.9805)
(1.1253)
(-6.9528)
A3(-0.0670)
(9.6774)
(-0.4501)
A4(13.5608)
(-6.5841)
(-5.2194)
G1(-0.0479)
(1.0658)
(-0.4704)
G2(-1.0264)
(1.3143)
(-1.2574)
G3(0.0245)
(1.7044)
(-0.5225)
G4(-0.5247)
(-2.4530)
(-0.6343)
A1(1.6047)
(8.0137)
(2.2130)
A2(1.7190)
(2.9497)
(6.4452)
A3(-4.3814)
(9.0214)
(-4.9321)
A4(1.1588)
(-0.8859)
(-6.4691)
G1(0.2943)
(0.6609)
(0.8519)
G2(-1.1126)
(0.2687)
(-1.0701)
G3(-0.0277)
(0.1421)
(-0.2198)
G4(-2.9197)
(-4.1287)
(-0.2086)
A1(-0.0240)
(10.0543)
(1.2789)
A2(17.0228)
(4.7405)
(-2.2889)
A3(0.6273)
(8.9064)
(-6.4883)
A4(3.7062)
(-1.0774)
(-9.6055)
G1(0.3070)
(1.7671)
(-0.2937)
G2(-1.3266)
(3.7125)
(-1.6591)
G3(0.1910)
(1.0887)
(-0.4762)
G4(-4.7273)
(-2.6723)
(0.5603)
A1(-1.2646)
(10.3848)
(1.2885)
A2(7.4124)
(3.9217)
(1.6281)
A3(-0.0718)
(8.2600)
(-3.2274)
A4(-1.8675)
(1.1588)
(-9.9503)
G1(-0.2070)
(1.0562)
(-0.1304)
G2(0.5465)
(1.6240)
(-1.4665)
G3(0.1155)
(2.0114)
(-0.7008)
G4(-3.3544)
(-1.7922)
(-0.1623)
A1(-0.5556)
(8.6221)
(1.0203)
A2(7.8865)
(6.2824)
(3.6440)
A3(0.9960)
(9.0118)
(-3.4907)
A4(5.7317)
(8.3270)
(-9.7492)
G1(0.2613)
(1.1983)
(-0.4603)
G2(1.4394)
(1.6394)
(-2.6536)
G3(0.1602)
(0.4411)
(-0.2203)
G4(-2.6292)
(-1.9433)
(1.3186)
