A1(-1.3556)
(10.1501)
(0.5461)
A2(5.2529)
(9.2464)
(2.3320)
A3(2.9018)
(8.4132)
(-4.9799)
A4(5.0326)
(9.8450)
(4.9991)
G1(-0.2198)
(1.0280)
(-0.5603)
G2(-0.1011)
(0.6774)
(0.6364)
G3(0.0803)
(0.6071)
(-0.1495)
G4(0.3927)
(8.3983)
(-5.3743)
A1(-2.0597)
(9.2591)
(2.0932)
A2(4.5729)
(5.3391)
(4.7405)
A3(1.0678)
(9.2033)
(-3.0742)
A4(10.9080)
(5.0374)
(-2.8204)
G1(-0.6327)
(2.8633)
(-0.6412)
G2(-0.4060)
(1.5128)
(1.4527)
G3(0.2655)
(0.5901)
(-0.3235)
G4(1.8055)
(2.3658)
(-0.8626)
A1(-3.3578)
(6.3755)
(10.0256)
A2(2.2793)
(6.0861)
(8.5042)
A3(-2.6001)
(14.2838)
(-2.8587)
A4(1.0678)
(12.9095)
(-9.3326)
G1(-3.7652)
(4.4362)
(-0.6151)
G2(-1.0041)
(6.4237)
(0.3230)
G3(1.9385)
(1.6166)
(-0.8365)
G4(0.6258)
(-0.5337)
(0.2820)
A1(1.9927)
(13.3786)
(9.6950)
A2(9.7731)
(6.0525)
(6.1387)
A3(2.7821)
(23.7744)
(11.4203)
A4(-0.7901)
(3.4955)
(-4.6017)
G1(-8.3308)
(1.7166)
(-0.4965)
G2(0.8876)
(2.7947)
(0.0862)
G3(3.1741)
(1.1169)
(-0.9817)
G4(0.5380)
(-0.0537)
(-0.3826)
A1(0.1677)
(16.9232)
(-1.0011)
A2(6.5074)
(8.7245)
(11.0947)
A3(1.6281)
(19.4601)
(-2.9688)
A4(-2.2027)
(11.2144)
(-8.1259)
G1(-5.4696)
(6.9414)
(2.1072)
G2(0.6375)
(-0.3773)
(-0.1133)
G3(3.7094)
(2.6105)
(-2.7782)
G4(0.4624)
(2.4780)
(-1.0275)
A1(-1.6430)
(21.0953)
(11.8170)
A2(-3.9792)
(4.8315)
(3.1029)
A3(29.5684)
(14.7531)
(-16.8648)
A4(-5.9185)
(9.4954)
(-6.2489)
G1(-7.4948)
(3.3454)
(-0.1240)
G2(1.6522)
(3.7285)
(-0.1176)
G3(0.6470)
(4.2069)
(-4.6517)
G4(-0.3012)
(4.2814)
(-0.9706)
A1(-8.6412)
(4.5410)
(10.2219)
A2(-2.2601)
(13.2735)
(5.0135)
A3(14.3652)
(-3.5913)
(-19.0578)
A4(-6.2584)
(18.7610)
(4.5346)
G1(-5.8862)
(5.7580)
(0.0266)
G2(1.3665)
(4.7848)
(1.9204)
G3(-1.4505)
(-2.1343)
(-2.5637)
G4(0.4672)
(7.3948)
(-2.4765)
A1(14.4420)
(14.8922)
(5.9923)
A2(-4.5059)
(9.7923)
(2.9161)
A3(17.2239)
(-6.1866)
(-11.1187)
A4(-5.6695)
(-5.6934)
(-6.4069)
G1(1.6847)
(5.3062)
(-2.2620)
G2(1.4468)
(4.7555)
(1.8773)
G3(6.4641)
(-4.5389)
(-8.0966)
G4(-0.7646)
(7.4304)
(-2.4552)
A1(3.1614)
(2.4333)
(-27.8253)
A2(-10.4675)
(10.6159)
(10.7835)
A3(8.3510)
(-8.1020)
(8.7724)
A4(1.0056)
(14.7626)
(0.5411)
G1(0.7428)
(7.5310)
(-2.5169)
G2(1.4026)
(6.7174)
(2.7595)
G3(8.1344)
(-10.3044)
(-5.0380)
G4(-0.9610)
(0.0995)
(-0.5018)
A1(-4.2488)
(0.8335)
(8.2916)
A2(-5.9233)
(4.0318)
(31.7375)
A3(10.4004)
(-5.1715)
(8.1499)
A4(3.1412)
(12.5935)
(3.0263)
G1(2.4967)
(3.4007)
(0.6731)
G2(-0.6657)
(9.6882)
(3.1304)
G3(-0.2857)
(-7.3394)
(-7.0494)
G4(-0.7476)
(1.3031)
(0.7455)
A1(-1.8250)
(3.3099)
(-2.6154)
A2(-0.8571)
(4.3574)
(12.2392)
A3(-4.7549)
(50.8912)
(-54.3963)
A4(0.3112)
(5.9616)
(-5.9185)
G1(-0.9935)
(-4.7438)
(2.9016)
G2(-0.1458)
(-1.1760)
(1.3494)
G3(8.8368)
(3.9456)
(-5.3115)
G4(-0.2006)
(-1.8964)
(0.5789)
A1(-19.6727)
(0.6802)
(0.9341)
A2(-3.0119)
(9.5864)
(6.4404)
A3(-8.8969)
(-17.6309)
(-0.4932)
A4(6.5553)
(8.7436)
(-4.5011)
G1(0.8067)
(0.6173)
(1.1297)
G2(0.5917)
(2.3264)
(-0.2075)
G3(-1.3691)
(-1.8980)
(13.8913)
G4(-0.1799)
(-0.4220)
(0.3608)
A1(-5.0918)
(1.9016)
(-1.5711)
A2(11.1282)
(4.4724)
(3.0646)
A3(1.9010)
(5.4444)
(-7.7812)
A4(3.3040)
(8.1499)
(-3.1364)
G1(-1.8235)
(2.8606)
(3.0346)
G2(0.1857)
(-0.0867)
(-0.0096)
G3(-2.6845)
(0.9823)
(2.2370)
G4(-0.0117)
(-0.2054)
(0.3810)
A1(-15.3042)
(8.2724)
(-0.6706)
A2(2.6480)
(8.0637)
(-0.4214)
A3(-1.6041)
(-5.8035)
(-6.0669)
A4(-1.8435)
(9.6103)
(-3.2992)
G1(-0.5034)
(-1.7906)
(2.6872)
G2(0.3975)
(-0.5582)
(0.1373)
G3(-1.3936)
(4.3037)
(-0.1596)
G4(-0.0809)
(0.2203)
(0.0984)
A1(-10.6099)
(4.6080)
(-0.5030)
A2(3.5147)
(7.8003)
(1.3647)
A3(-3.4668)
(-3.6583)
(-7.4316)
A4(2.1261)
(8.5617)
(-4.7453)
G1(-0.5550)
(-0.0729)
(2.1870)
G2(0.1431)
(0.0979)
(0.6258)
G3(-2.1785)
(4.0153)
(0.8280)
G4(-0.0548)
(-0.3624)
(-0.1048)
A1(-6.9456)
(8.3347)
(4.1961)
A2(0.4741)
(9.3230)
(1.0582)
A3(-1.8340)
(-3.3232)
(-9.8833)
A4(0.1628)
(10.0987)
(-4.0989)
G1(0.2948)
(-0.2724)
(2.0029)
G2(-0.0548)
(-0.2091)
(-0.0176)
G3(-4.6012)
(2.9458)
(-2.5600)
G4(-0.1979)
(0.0559)
(0.1341)
A1(-9.6711)
(6.4043)
(-0.5125)
A2(2.9018)
(9.8737)
(2.0207)
A3(0.2298)
(2.7294)
(-10.8553)
A4(2.4852)
(8.9160)
(-4.6639)
G1(0.4406)
(-0.7721)
(1.6533)
G2(0.0250)
(-0.1596)
(-0.2123)
G3(-3.9999)
(1.8337)
(-2.3056)
G4(-0.2240)
(-0.3805)
(0.2065)
A1(-7.1419)
(7.7455)
(2.7686)
A2(2.9353)
(8.6670)
(0.7709)
A3(-0.2251)
(4.3000)
(-12.7036)
A4(0.5219)
(8.2456)
(-4.0606)
G1(1.2329)
(-0.5215)
(0.9860)
G2(0.0426)
(-0.3661)
(0.0841)
G3(-3.8046)
(0.4752)
(-1.9044)
G4(-0.3709)
(-0.2900)
(0.3395)
A1(-5.7912)
(7.3719)
(1.2071)
A2(2.8635)
(9.4763)
(0.6321)
A3(-2.1979)
(6.9528)
(-10.7212)
A4(2.0782)
(9.1602)
(-3.0742)
G1(1.5053)
(-0.1266)
(0.8716)
G2(-0.2171)
(-0.1836)
(-0.0271)
G3(-3.5045)
(0.2107)
(-0.5593)
G4(-0.1916)
(0.0963)
(0.4273)
A1(-4.8523)
(8.2772)
(1.5089)
A2(0.6560)
(9.6007)
(1.6328)
A3(-2.3655)
(9.5912)
(-8.4755)
A4(1.6185)
(9.7923)
(-1.5371)
G1(1.2702)
(-0.2490)
(0.9312)
G2(-0.0495)
(-0.7806)
(0.3991)
G3(-1.5570)
(2.1689)
(-1.1041)
G4(-0.0011)
(-0.3081)
(0.6162)
