A1(-2.5291)
(8.3299)
(1.7723)
A2(2.3750)
(9.0980)
(-0.0431)
A3(-1.7861)
(9.1554)
(-3.6583)
A4(0.1628)
(8.0349)
(-6.2201)
G1(-0.6348)
(0.4225)
(0.0213)
G2(-0.1857)
(0.1777)
(0.0048)
G3(0.0995)
(0.0101)
(0.0048)
G4(0.1974)
(0.3645)
(-0.1176)
A1(-3.2429)
(7.0701)
(4.1817)
A2(2.4421)
(8.5808)
(-0.6800)
A3(-2.4086)
(10.2041)
(-3.1173)
A4(0.1389)
(8.4084)
(-4.7309)
G1(-1.3361)
(-0.9871)
(-0.3225)
G2(-0.4427)
(0.2043)
(-0.0676)
G3(0.0261)
(-0.9998)
(0.6588)
G4(0.3161)
(-0.3342)
(0.1144)
A1(-4.3446)
(7.4868)
(4.3637)
A2(2.0255)
(10.1179)
(0.2969)
A3(-4.2904)
(11.8178)
(-0.6800)
A4(-0.0383)
(8.3414)
(-5.6982)
G1(-1.0621)
(-1.6485)
(-1.6533)
G2(-0.2847)
(0.3262)
(-0.0234)
G3(0.5646)
(-0.4608)
(0.4640)
G4(0.5151)
(-0.1288)
(0.1612)
A1(-2.0310)
(9.1250)
(10.8494)
A2(2.7916)
(7.8578)
(1.4222)
A3(7.4891)
(4.8698)
(-2.1787)
A4(-1.0391)
(9.5433)
(-6.4739)
G1(0.4060)
(-7.0835)
(-0.1703)
G2(-0.7572)
(-1.9640)
(0.0303)
G3(-0.5507)
(-4.1537)
(4.2713)
G4(0.6343)
(-1.0738)
(0.9546)
A1(-0.3114)
(4.2248)
(2.6441)
A2(0.0048)
(10.9271)
(3.7637)
A3(-11.3054)
(-1.9441)
(-9.0309)
A4(-8.9495)
(35.5730)
(1.7478)
G1(1.1233)
(-2.8388)
(-1.0653)
G2(0.0926)
(-0.9828)
(0.1580)
G3(0.7992)
(-0.4353)
(2.3567)
G4(2.3966)
(-3.3390)
(4.4857)
A1(0.9580)
(13.8049)
(7.0557)
A2(2.5474)
(11.6262)
(2.6432)
A3(1.0151)
(41.7549)
(-10.1993)
A4(-8.9830)
(5.7269)
(-9.2656)
G1(2.3056)
(-6.5280)
(0.6055)
G2(0.0984)
(-3.2523)
(-0.0788)
G3(3.5034)
(-0.0069)
(-2.0960)
G4(0.6316)
(-4.3202)
(6.2523)
A1(6.5528)
(10.0160)
(3.5159)
A2(4.0510)
(4.6878)
(10.5153)
A3(8.2935)
(8.0302)
(-5.2194)
A4(-21.2461)
(0.9050)
(-19.7522)
G1(2.2732)
(-5.5345)
(-1.3393)
G2(-4.8736)
(-5.5638)
(1.9529)
G3(0.2011)
(0.1022)
(0.0745)
G4(-0.9147)
(-0.0255)
(5.2935)
A1(8.9191)
(9.7286)
(7.8940)
A2(13.0819)
(12.0524)
(3.4285)
A3(7.3646)
(9.4140)
(-3.6057)
A4(-2.6959)
(-2.0925)
(-14.2168)
G1(0.5731)
(-7.5299)
(-1.5697)
G2(-6.6413)
(-7.7657)
(-2.0353)
G3(-0.6822)
(-2.8468)
(0.6204)
G4(1.8752)
(5.9575)
(7.8822)
A1(6.1648)
(7.4868)
(21.0953)
A2(-5.3295)
(8.0110)
(22.5438)
A3(6.4021)
(13.1585)
(-1.4030)
A4(-4.3670)
(-4.3622)
(-6.9432)
G1(-1.2781)
(-10.1900)
(-1.3074)
G2(-7.1968)
(-5.0795)
(2.5749)
G3(-0.5789)
(-5.0780)
(1.1244)
G4(1.2590)
(7.7380)
(5.2621)
A1(5.5469)
(2.4285)
(5.5277)
A2(15.5719)
(3.5865)
(10.1370)
A3(9.0022)
(0.0144)
(-4.7549)
A4(-6.7421)
(-11.7124)
(-0.8763)
G1(0.1458)
(1.5101)
(0.2182)
G2(-4.9295)
(-6.9904)
(0.4284)
G3(-2.1694)
(-9.1523)
(4.2095)
G4(-4.6092)
(4.2989)
(2.9357)
A1(-3.1806)
(8.8280)
(-0.6514)
A2(-5.4253)
(12.0285)
(8.0397)
A3(-8.4036)
(24.2245)
(2.3128)
A4(-14.1114)
(46.9359)
(-36.0232)
G1(0.2219)
(-1.1185)
(-0.5534)
G2(-0.0580)
(-4.3681)
(2.2833)
G3(-1.0546)
(-0.3464)
(-0.8359)
G4(6.6232)
(-0.6886)
(1.3798)
A1(-4.2009)
(7.5970)
(3.8751)
A2(18.2151)
(-3.9744)
(-10.7548)
A3(0.1580)
(10.7787)
(-3.6631)
A4(12.3206)
(10.1658)
(-11.6933)
G1(-0.2038)
(1.4500)
(-0.2458)
G2(0.2921)
(0.4374)
(-1.3963)
G3(-0.3539)
(-0.4981)
(-0.1043)
G4(5.9868)
(1.0291)
(-2.5355)
A1(-0.3976)
(11.7883)
(1.5807)
A2(5.9999)
(5.9855)
(1.3264)
A3(-4.6639)
(10.9271)
(0.0192)
A4(6.9623)
(-4.9847)
(-0.9050)
G1(-0.0984)
(1.1472)
(-0.1862)
G2(-0.9924)
(-4.5985)
(2.3530)
G3(-0.2895)
(-0.1692)
(0.0250)
G4(1.7469)
(-3.1767)
(-0.1793)
A1(-1.9639)
(10.1357)
(1.3412)
A2(11.1139)
(1.3120)
(-3.4668)
A3(2.3128)
(9.2608)
(-3.4381)
A4(6.1723)
(-3.7397)
(-4.2186)
G1(0.1149)
(1.2313)
(0.2086)
G2(-1.4293)
(0.3496)
(-1.3611)
G3(0.2517)
(0.7955)
(-0.2395)
G4(-0.0064)
(-3.7530)
(-1.2930)
A1(-0.6035)
(9.4028)
(0.8095)
A2(8.0541)
(2.6145)
(-0.2873)
A3(-0.2729)
(8.8825)
(-2.8012)
A4(4.9321)
(-3.2657)
(-6.1531)
G1(0.3331)
(0.9945)
(0.1868)
G2(-0.0905)
(3.7312)
(-2.1593)
G3(0.1383)
(1.0339)
(-0.4177)
G4(-4.8805)
(-5.0508)
(-0.7992)
A1(-1.4035)
(9.2639)
(0.6898)
A2(11.3485)
(3.9792)
(-1.6328)
A3(0.8954)
(8.6670)
(-4.5729)
A4(0.0527)
(0.6273)
(-11.0181)
G1(0.4198)
(1.1616)
(-0.0154)
G2(-0.4448)
(1.9380)
(-1.7113)
G3(0.0521)
(0.5305)
(-0.2554)
G4(-4.5288)
(-3.2704)
(-1.9087)
A1(1.5089)
(9.3981)
(-0.9580)
A2(9.4954)
(5.1954)
(3.7972)
A3(0.3112)
(9.2177)
(-2.7102)
A4(0.2011)
(7.0198)
(-11.7603)
G1(0.1245)
(0.2629)
(-0.1224)
G2(0.3501)
(2.8112)
(-2.0944)
G3(-0.1213)
(0.3416)
(-0.2575)
G4(-2.7696)
(0.4805)
(-0.0521)
A1(-1.4466)
(7.8269)
(0.2347)
A2(9.3374)
(6.4452)
(4.9416)
A3(2.1021)
(9.1985)
(-1.8052)
A4(10.8840)
(11.0133)
(-8.4515)
G1(-0.2405)
(-0.1389)
(-0.5044)
G2(2.1050)
(1.1366)
(-1.8730)
G3(0.0287)
(0.4145)
(-0.2778)
G4(-2.6169)
(-1.8667)
(1.1887)
A1(0.3209)
(9.2160)
(0.2060)
A2(5.5306)
(6.9384)
(5.1619)
A3(-0.0670)
(9.6247)
(-2.9018)
A4(1.9297)
(12.8760)
(-4.2329)
G1(-0.2996)
(-0.6082)
(-0.4470)
G2(1.1733)
(-0.1043)
(-1.7618)
G3(-0.0085)
(-0.2437)
(-0.1697)
G4(-2.1833)
(-2.7989)
(0.9993)
A1(-3.9470)
(9.6663)
(2.8597)
A2(8.1594)
(7.0581)
(3.3232)
A3(0.8906)
(9.5481)
(-3.5961)
A4(-1.3647)
(3.4955)
(-14.9685)
G1(-0.5007)
(-0.0362)
(-1.0584)
G2(2.5078)
(-0.5172)
(-1.4692)
G3(0.2272)
(-0.2575)
(-0.1639)
G4(0.6337)
(1.7411)
(-2.4578)
