A1(-1.5759)
(7.8030)
(2.7112)
A2(2.7102)
(8.7340)
(1.4748)
A3(-2.6576)
(8.5665)
(-5.2050)
A4(0.4645)
(7.9057)
(-7.0581)
G1(-1.0376)
(-0.8040)
(-0.4092)
G2(-0.1341)
(0.3102)
(-0.0213)
G3(0.2613)
(-0.3480)
(0.1740)
G4(0.1948)
(-0.0506)
(0.0660)
A1(-4.2344)
(7.0797)
(4.7373)
A2(3.4141)
(9.2799)
(1.1109)
A3(-4.4628)
(10.0604)
(-5.1763)
A4(0.2011)
(7.2880)
(-7.6567)
G1(-0.7785)
(-2.8585)
(-1.2845)
G2(-0.2059)
(0.1830)
(-0.0639)
G3(0.1426)
(-1.7730)
(1.2366)
G4(0.0601)
(-0.5986)
(0.3411)
A1(3.0560)
(7.7120)
(7.4533)
A2(3.5099)
(9.5624)
(0.7374)
A3(0.6800)
(7.2544)
(-4.4772)
A4(-0.1532)
(8.6383)
(-6.2153)
G1(0.5066)
(-2.4163)
(-0.5268)
G2(-0.1735)
(-0.6284)
(-0.0479)
G3(-0.1187)
(-2.7383)
(2.3227)
G4(-0.0351)
(-0.9424)
(0.5459)
A1(-7.6736)
(13.0097)
(8.9047)
A2(2.2697)
(11.2144)
(3.4237)
A3(1.3312)
(14.6717)
(10.3525)
A4(11.6741)
(20.9828)
(2.7629)
G1(2.5201)
(0.3161)
(0.2501)
G2(0.0894)
(-2.8851)
(-0.1495)
G3(-3.0181)
(-10.1421)
(5.1838)
G4(1.8432)
(-2.2918)
(2.2817)
A1(11.1033)
(17.8189)
(3.3722)
A2(-0.5507)
(10.7787)
(2.7581)
A3(16.6684)
(37.4310)
(-3.2370)
A4(0.4741)
(15.8496)
(-7.0054)
G1(2.6771)
(-7.1793)
(1.6437)
G2(0.7779)
(-2.2508)
(0.0234)
G3(1.8113)
(3.2219)
(-0.9546)
G4(2.8181)
(-4.9236)
(5.5558)
A1(8.3826)
(14.0492)
(2.9698)
A2(1.4269)
(9.5529)
(9.9072)
A3(9.9264)
(11.2767)
(-8.7819)
A4(-23.4009)
(0.9337)
(-29.0560)
G1(1.4213)
(-5.7287)
(-1.0110)
G2(-3.1458)
(-5.2104)
(1.7730)
G3(-0.2102)
(-1.7959)
(0.2426)
G4(0.1596)
(2.6717)
(5.6202)
A1(13.5271)
(9.1298)
(6.1935)
A2(-6.9049)
(6.0430)
(13.5751)
A3(3.8211)
(7.8578)
(-2.3607)
A4(-7.2927)
(-0.9577)
(-20.3268)
G1(0.8008)
(-7.1936)
(-1.1142)
G2(-9.0300)
(-2.5648)
(0.8599)
G3(-0.3225)
(-1.0935)
(0.4166)
G4(2.3636)
(3.4545)
(6.3545)
A1(-9.9489)
(8.4832)
(11.1033)
A2(-1.7478)
(9.8593)
(23.0035)
A3(4.1803)
(12.0572)
(-1.2115)
A4(-5.8706)
(-5.1763)
(-7.9775)
G1(-0.8594)
(-11.9156)
(-2.6089)
G2(-7.9460)
(-3.0134)
(0.9477)
G3(0.0000)
(-6.1805)
(1.6458)
G4(-0.4225)
(9.0433)
(4.4288)
A1(-1.0778)
(12.7702)
(8.5358)
A2(9.1506)
(5.5067)
(13.0292)
A3(7.4603)
(-1.6520)
(-6.8666)
A4(-1.4844)
(-15.2271)
(2.5043)
G1(-0.1868)
(-1.5266)
(0.2538)
G2(-5.2711)
(-10.2458)
(1.1999)
G3(-2.3620)
(-8.2738)
(4.4900)
G4(-8.4590)
(2.6254)
(1.7373)
A1(-5.7193)
(6.4522)
(4.7421)
A2(-7.1204)
(9.6917)
(3.7637)
A3(12.4020)
(6.6750)
(0.8140)
A4(-8.7867)
(17.5830)
(-12.7467)
G1(0.1900)
(-1.2340)
(-0.9695)
G2(0.5321)
(-0.8147)
(2.9415)
G3(-0.9663)
(-1.5181)
(-0.1235)
G4(9.0895)
(-7.2149)
(0.4640)
A1(-4.6032)
(9.8148)
(3.2285)
A2(-1.2833)
(1.2594)
(-15.3325)
A3(-0.3208)
(5.4540)
(-7.9104)
A4(19.7043)
(-3.2130)
(6.5841)
G1(0.1878)
(-0.1447)
(0.0293)
G2(1.0190)
(-0.0532)
(1.4734)
G3(-0.4108)
(0.3884)
(-0.9211)
G4(-6.8174)
(3.7072)
(-3.6285)
A1(-0.3688)
(9.9537)
(1.9304)
A2(-0.6416)
(13.7427)
(13.9726)
A3(-0.4980)
(8.5090)
(-2.1500)
A4(8.0541)
(-9.2320)
(0.4022)
G1(-0.0293)
(1.2824)
(-0.1070)
G2(-0.0325)
(-7.2293)
(0.4709)
G3(-0.0947)
(0.1272)
(-0.2410)
G4(3.2017)
(-3.9211)
(1.5814)
A1(-2.5675)
(10.5956)
(0.1437)
A2(15.2942)
(6.2872)
(-2.6432)
A3(0.1101)
(9.7157)
(-3.2609)
A4(9.9695)
(-4.1037)
(-5.4540)
G1(0.2671)
(1.5506)
(0.2038)
G2(-0.8397)
(-0.1123)
(-1.1041)
G3(0.2841)
(0.7263)
(-0.3320)
G4(0.9142)
(-3.1304)
(-2.1827)
A1(-1.1831)
(10.4758)
(0.7904)
A2(7.9727)
(3.0167)
(2.0303)
A3(0.3208)
(8.9447)
(-3.6057)
A4(7.1922)
(-2.8683)
(-7.0150)
G1(-0.0394)
(1.7586)
(0.1857)
G2(-0.8221)
(3.4492)
(-2.2833)
G3(0.0197)
(0.7194)
(-0.4730)
G4(-3.2496)
(-4.3899)
(-1.8342)
A1(-0.7377)
(8.2197)
(1.7819)
A2(12.9383)
(3.3710)
(0.3160)
A3(1.6328)
(8.6622)
(-4.8267)
A4(5.0422)
(-1.7621)
(-5.9903)
G1(0.0585)
(1.2627)
(-0.1213)
G2(-0.7343)
(1.9231)
(-1.7171)
G3(0.0027)
(1.4995)
(-0.6183)
G4(-3.8796)
(-3.8482)
(-1.9667)
A1(-1.2742)
(9.4268)
(0.4551)
A2(7.9009)
(4.8842)
(4.0558)
A3(1.0391)
(9.2895)
(-3.6583)
A4(0.4549)
(1.9345)
(-11.8369)
G1(0.0277)
(0.9376)
(-0.0420)
G2(-0.8258)
(2.8814)
(-1.4681)
G3(-0.2107)
(0.2288)
(-0.2246)
G4(-4.7475)
(-0.1591)
(-0.3570)
A1(0.2108)
(8.3778)
(0.4215)
A2(8.6718)
(6.3063)
(2.6719)
A3(0.9720)
(9.4236)
(-2.0542)
A4(5.6503)
(10.1610)
(-8.7532)
G1(-0.1431)
(-0.0772)
(-0.0532)
G2(1.5176)
(2.0050)
(-1.8182)
G3(-0.0069)
(0.4560)
(-0.2959)
G4(-3.2070)
(-1.5852)
(1.9731)
A1(-0.1341)
(8.8280)
(-0.0575)
A2(6.2728)
(7.1347)
(4.3622)
A3(1.4940)
(9.1650)
(-3.2657)
A4(-0.0718)
(9.0836)
(-1.5754)
G1(-0.1149)
(-1.3819)
(-0.4768)
G2(2.0050)
(-0.1330)
(-1.7544)
G3(0.2959)
(-0.3922)
(-0.1086)
G4(-2.6574)
(-2.2876)
(0.4257)
A1(-2.3519)
(8.5358)
(-2.4621)
A2(9.5816)
(7.1539)
(0.5507)
A3(-0.3831)
(9.4906)
(-2.0782)
A4(-0.2107)
(3.1460)
(-13.4746)
G1(-1.3266)
(1.1031)
(-0.4486)
G2(2.1982)
(-1.0376)
(-1.5410)
G3(0.3294)
(-0.0394)
(-0.2543)
G4(0.4145)
(-0.8929)
(-1.9502)
A1(-4.1003)
(11.7739)
(1.0346)
A2(1.7621)
(8.0924)
(1.1971)
A3(0.8811)
(6.6224)
(-8.1211)
A4(0.8428)
(11.9806)
(-6.2058)
G1(0.0564)
(1.2100)
(0.0702)
G2(2.1726)
(0.2405)
(-1.6618)
G3(0.4693)
(-0.1383)
(-0.1751)
G4(-0.4592)
(-0.5310)
(-0.1948)
