A1(-3.3387)
(9.4076)
(-0.3880)
A2(2.9401)
(8.8250)
(3.1651)
A3(-0.7326)
(7.2784)
(-6.7516)
A4(5.3822)
(12.0141)
(0.8380)
G1(0.1469)
(1.1105)
(-0.2070)
G2(-0.2400)
(0.3874)
(0.0862)
G3(-0.0330)
(0.3065)
(0.0335)
G4(0.7460)
(1.6485)
(-0.7375)
A1(-0.4119)
(9.5370)
(1.7484)
A2(2.3128)
(9.3470)
(2.9688)
A3(-1.4461)
(8.5569)
(-4.7788)
A4(-16.9509)
(14.4897)
(-6.2489)
G1(0.2230)
(2.3072)
(-0.2655)
G2(-0.2517)
(0.3709)
(0.2373)
G3(-0.2150)
(0.5279)
(-0.2070)
G4(1.8656)
(4.1973)
(-4.0483)
A1(-0.7281)
(10.8207)
(1.7723)
A2(3.6392)
(6.9767)
(6.5841)
A3(-0.9673)
(8.8346)
(-4.9273)
A4(-6.6272)
(-4.3527)
(-5.9616)
G1(0.1421)
(3.0730)
(-0.7822)
G2(-1.0270)
(1.6506)
(1.1041)
G3(0.0591)
(0.9743)
(-0.4709)
G4(2.0263)
(-0.9296)
(-0.7583)
A1(-2.9746)
(9.5465)
(9.4412)
A2(0.1676)
(5.9185)
(6.3782)
A3(0.5842)
(10.7595)
(-2.0782)
A4(10.2951)
(22.8215)
(2.4517)
G1(-2.0486)
(5.1104)
(-0.8551)
G2(-0.5710)
(1.5250)
(0.6470)
G3(0.5593)
(0.3347)
(-0.4060)
G4(-0.1352)
(1.1382)
(-0.2288)
A1(3.2045)
(30.8095)
(6.0307)
A2(4.1372)
(10.0940)
(5.7126)
A3(5.9233)
(31.7902)
(13.4602)
A4(-0.7853)
(3.5961)
(-7.3071)
G1(-9.7185)
(2.0343)
(-0.8727)
G2(1.5857)
(0.9653)
(0.1506)
G3(3.9946)
(2.6451)
(-2.7079)
G4(-0.2730)
(1.5532)
(-0.9466)
A1(-12.7223)
(13.5989)
(24.7789)
A2(-3.2274)
(7.6279)
(-3.4477)
A3(18.6604)
(12.8760)
(-14.3221)
A4(-4.0654)
(9.2416)
(-6.0525)
G1(-7.1622)
(1.7405)
(-0.2554)
G2(0.7466)
(0.6460)
(0.7072)
G3(2.1269)
(5.7835)
(-8.6724)
G4(0.1522)
(1.5378)
(-0.5396)
A1(-6.9551)
(5.2451)
(12.4781)
A2(7.3550)
(7.5178)
(2.9736)
A3(3.5051)
(-1.1205)
(-22.2709)
A4(-1.4940)
(15.4713)
(-4.4053)
G1(-4.2452)
(7.7720)
(-0.4592)
G2(0.4028)
(1.9034)
(1.9587)
G3(-2.7654)
(0.6470)
(-4.7949)
G4(0.5028)
(6.7115)
(-1.9225)
A1(9.0867)
(10.8590)
(-9.2304)
A2(-9.2991)
(13.6278)
(8.1068)
A3(8.9447)
(-4.3910)
(-6.3159)
A4(-7.3741)
(0.2155)
(-1.4700)
G1(0.0388)
(6.6040)
(-2.2099)
G2(0.9599)
(5.5409)
(2.7388)
G3(3.1996)
(-4.6464)
(-8.8895)
G4(0.0490)
(7.7747)
(-5.6329)
A1(-12.5691)
(0.6419)
(7.5347)
A2(-5.4061)
(11.7651)
(16.4242)
A3(3.5817)
(-7.6806)
(1.3551)
A4(27.6674)
(14.8824)
(-1.1875)
G1(2.4945)
(0.4518)
(-0.3033)
G2(1.2302)
(9.2055)
(2.8681)
G3(0.9637)
(-5.6037)
(-7.0532)
G4(-0.9392)
(0.2421)
(0.9259)
A1(0.1964)
(6.5911)
(-1.6286)
A2(7.8721)
(1.7861)
(1.3264)
A3(-16.6110)
(25.7568)
(-1.4126)
A4(12.6366)
(5.2529)
(1.5275)
G1(-2.3748)
(-5.2046)
(3.3252)
G2(2.1960)
(2.1104)
(0.0447)
G3(-2.6536)
(1.2787)
(-9.8010)
G4(-0.7258)
(-1.1414)
(-0.1383)
A1(-10.5237)
(3.0513)
(0.4934)
A2(-12.7659)
(12.4834)
(1.4174)
A3(-13.7044)
(2.1261)
(0.6704)
A4(0.1820)
(9.3757)
(-4.7405)
G1(-1.4293)
(1.3367)
(2.8154)
G2(0.4092)
(0.9935)
(0.8258)
G3(-5.4909)
(-6.4471)
(10.8764)
G4(-0.0351)
(-0.3427)
(0.1767)
A1(-6.1456)
(4.5601)
(1.1544)
A2(3.0598)
(15.8975)
(5.4875)
A3(-9.0501)
(-8.7245)
(-4.0558)
A4(0.9242)
(8.1834)
(-4.4388)
G1(-0.0128)
(-3.6998)
(2.7372)
G2(-0.6630)
(-2.3328)
(-0.3155)
G3(-0.0585)
(6.2145)
(0.7668)
G4(0.0463)
(-0.4135)
(-0.0436)
A1(-9.3358)
(6.4618)
(3.0129)
A2(-1.5323)
(8.3031)
(2.8108)
A3(-1.9058)
(-4.1563)
(-6.6655)
A4(0.8188)
(8.7771)
(-4.2904)
G1(0.2602)
(0.3810)
(1.9640)
G2(-0.3900)
(-0.6109)
(0.4869)
G3(-2.4850)
(5.0726)
(0.0362)
G4(-0.0378)
(-0.6992)
(0.1006)
A1(-7.1324)
(8.9957)
(2.2561)
A2(5.4636)
(8.8873)
(1.0774)
A3(-4.0175)
(-0.9146)
(-11.8178)
A4(0.6129)
(8.2313)
(-4.0462)
G1(1.1845)
(-1.3510)
(1.9417)
G2(0.0218)
(-0.5619)
(-0.1410)
G3(-4.0137)
(1.9262)
(-0.4778)
G4(0.1006)
(0.5662)
(-0.2591)
A1(-6.5145)
(7.7934)
(0.4455)
A2(-2.7964)
(10.0030)
(2.7485)
A3(5.3486)
(7.2927)
(-10.9702)
A4(1.0822)
(8.6957)
(-3.9648)
G1(1.0483)
(-0.5896)
(1.3766)
G2(0.3650)
(-0.0415)
(-0.0378)
G3(-3.2283)
(0.8578)
(-0.2916)
G4(0.1038)
(-0.1149)
(-0.0777)
A1(-5.2643)
(9.6663)
(1.2263)
A2(1.0822)
(10.7548)
(-0.2155)
A3(-3.9744)
(6.4787)
(-9.6486)
A4(0.0814)
(9.4715)
(-4.5059)
G1(1.1882)
(-0.4949)
(0.8790)
G2(0.5151)
(-0.3267)
(0.1282)
G3(-2.5690)
(0.0537)
(0.4624)
G4(0.0857)
(0.1495)
(0.0623)
A1(-3.9662)
(7.9323)
(3.3722)
A2(0.3112)
(9.8976)
(0.4645)
A3(-3.1747)
(8.5569)
(-5.9568)
A4(0.8092)
(8.4515)
(-4.9273)
G1(1.2201)
(-0.0367)
(0.3815)
G2(0.2911)
(-0.8184)
(0.0027)
G3(-2.0194)
(-0.2001)
(0.0415)
G4(0.0564)
(-0.1852)
(-0.0085)
A1(-4.4691)
(9.2160)
(0.3209)
A2(-0.7278)
(10.2855)
(1.6712)
A3(-1.4988)
(8.5473)
(-3.0933)
A4(-0.4693)
(9.2225)
(-4.4197)
G1(0.8636)
(-0.9615)
(0.3842)
G2(0.0314)
(-0.0511)
(-0.1399)
G3(-1.7022)
(-0.5199)
(0.0878)
G4(0.0080)
(-0.3879)
(0.4326)
A1(-5.2786)
(9.5418)
(-1.2550)
A2(1.1061)
(9.4810)
(0.7518)
A3(-1.5179)
(11.3581)
(-3.0742)
A4(0.2873)
(8.6957)
(-4.3048)
G1(0.7189)
(-1.0828)
(-0.3129)
G2(-0.1112)
(-0.7013)
(0.0670)
G3(0.0862)
(-0.4560)
(0.1974)
G4(-0.0692)
(-0.8413)
(0.4943)
A1(-2.5531)
(9.3981)
(-0.2443)
A2(0.5315)
(9.0836)
(0.6033)
A3(-0.0144)
(9.7348)
(-3.4524)
A4(1.1684)
(8.7580)
(-5.0278)
G1(0.5938)
(-0.4331)
(0.2458)
G2(-0.0564)
(-0.6220)
(-0.1368)
G3(-0.1825)
(1.3787)
(-0.1974)
G4(-0.1644)
(-0.0399)
(0.2703)
