A1(-2.2274)
(9.4124)
(-0.7568)
A2(3.5195)
(7.4412)
(4.2090)
A3(0.9146)
(7.5513)
(-6.1914)
A4(3.8930)
(9.2751)
(-3.3950)
G1(-0.0410)
(-0.0968)
(0.0468)
G2(0.2714)
(0.3847)
(-0.0208)
G3(-0.0750)
(0.0947)
(0.0074)
G4(0.1043)
(0.7146)
(-0.3299)
A1(-4.9002)
(8.7131)
(-2.0980)
A2(3.4668)
(9.0357)
(2.4277)
A3(1.4844)
(8.0302)
(-5.7557)
A4(0.8188)
(8.4994)
(-1.4030)
G1(0.2895)
(1.4952)
(-0.3453)
G2(-0.3640)
(-0.0591)
(-0.0096)
G3(-0.0740)
(-0.3017)
(0.0559)
G4(1.0967)
(2.3030)
(-1.5798)
A1(0.4503)
(10.1788)
(-0.8862)
A2(3.7781)
(9.2273)
(2.1691)
A3(-0.3639)
(8.4228)
(-6.3494)
A4(-8.8250)
(10.5105)
(-2.7342)
G1(0.5108)
(2.6015)
(-0.5289)
G2(-0.1250)
(0.1937)
(0.1006)
G3(-0.1687)
(-0.0266)
(-0.1772)
G4(0.7322)
(4.4830)
(-3.3443)
A1(-0.3784)
(11.2231)
(0.8383)
A2(4.5107)
(6.1770)
(4.9321)
A3(0.7566)
(10.1754)
(-2.7677)
A4(5.4588)
(6.4979)
(4.2856)
G1(-0.5869)
(2.2987)
(-1.0004)
G2(-0.7460)
(0.8477)
(1.1776)
G3(0.2639)
(0.7253)
(-0.1969)
G4(1.0483)
(0.0745)
(-0.1352)
A1(-2.4429)
(7.0653)
(5.2738)
A2(4.0606)
(6.9001)
(7.3741)
A3(-1.8962)
(13.8481)
(-0.5363)
A4(-0.0766)
(16.4434)
(-5.1954)
G1(-3.0735)
(3.9738)
(-1.0084)
G2(-0.5475)
(5.2504)
(0.5614)
G3(1.8315)
(0.7859)
(-0.6252)
G4(0.2416)
(-1.8134)
(0.7657)
A1(-1.2023)
(5.7864)
(6.0929)
A2(8.3653)
(7.0725)
(6.7133)
A3(1.9585)
(20.4800)
(5.6407)
A4(2.5187)
(5.5641)
(-4.4819)
G1(-8.5053)
(1.4335)
(-1.7054)
G2(1.1126)
(1.4990)
(-0.1006)
G3(2.9165)
(0.7035)
(-1.0924)
G4(0.2123)
(-1.0924)
(0.2065)
A1(-10.6866)
(7.5922)
(11.2710)
A2(-0.7470)
(10.9319)
(5.1092)
A3(12.5600)
(9.0980)
(-5.0996)
A4(-4.4101)
(9.4427)
(-4.8842)
G1(-6.1895)
(4.1861)
(0.0873)
G2(2.2673)
(2.7696)
(-0.8892)
G3(2.1114)
(3.6067)
(-4.1095)
G4(-0.0074)
(1.0770)
(-0.1697)
A1(-8.0521)
(13.7043)
(13.3403)
A2(0.5363)
(12.7611)
(2.8970)
A3(17.8655)
(5.4061)
(-11.2767)
A4(-4.6256)
(11.2575)
(-1.6376)
G1(-5.9879)
(2.2439)
(0.8152)
G2(1.5766)
(2.8702)
(1.0068)
G3(-2.1588)
(-1.6091)
(-2.6781)
G4(-0.0325)
(3.3715)
(-0.2836)
A1(-6.2654)
(7.9131)
(12.4685)
A2(-4.3527)
(9.9599)
(4.4149)
A3(10.5201)
(9.3901)
(-17.6501)
A4(-2.1356)
(18.0427)
(6.9815)
G1(-5.7793)
(6.0113)
(-0.0958)
G2(1.5266)
(3.5827)
(0.3118)
G3(-3.0953)
(0.5954)
(-3.8818)
G4(1.0807)
(5.6095)
(-1.1962)
A1(5.5708)
(9.6855)
(-0.5413)
A2(-9.2464)
(11.9710)
(3.1747)
A3(16.3811)
(-2.0638)
(-10.3717)
A4(2.0159)
(2.9305)
(-1.3360)
G1(0.0255)
(5.5510)
(-0.2373)
G2(0.9243)
(5.1636)
(1.2861)
G3(5.8820)
(-4.0419)
(-9.2795)
G4(-0.3672)
(7.6906)
(-4.1946)
A1(-12.6888)
(4.5362)
(33.2525)
A2(-5.1380)
(14.9398)
(15.8161)
A3(3.1268)
(-9.7492)
(6.2824)
A4(-1.2402)
(14.5184)
(0.2251)
G1(2.2812)
(1.9247)
(1.5022)
G2(-1.5995)
(8.9278)
(-0.0830)
G3(1.8704)
(-5.6111)
(-8.0658)
G4(-0.2804)
(-0.5337)
(0.5167)
A1(-2.4285)
(2.0406)
(-3.4728)
A2(2.2984)
(3.2322)
(15.6533)
A3(-15.0930)
(73.7510)
(-62.5365)
A4(1.6089)
(8.0349)
(-3.8307)
G1(-2.3732)
(-7.6002)
(3.1544)
G2(2.0380)
(0.4720)
(-0.2820)
G3(4.2979)
(-8.7985)
(-8.4478)
G4(-0.1501)
(0.4981)
(0.1655)
A1(-17.3831)
(8.0808)
(-4.1769)
A2(-1.6041)
(15.0021)
(8.3510)
A3(23.9995)
(-37.0096)
(24.0426)
A4(1.7095)
(7.6567)
(-3.0263)
G1(0.4315)
(-0.7673)
(1.3941)
G2(-0.5273)
(0.3858)
(-0.4273)
G3(-4.3367)
(0.1681)
(7.8050)
G4(-0.0628)
(-0.3267)
(0.2836)
A1(-9.0005)
(10.0016)
(0.4838)
A2(9.7013)
(7.4172)
(0.7087)
A3(-6.4212)
(-5.4492)
(-2.1596)
A4(-0.9816)
(12.3589)
(-2.5379)
G1(-0.6444)
(-2.2003)
(2.1726)
G2(0.5507)
(-0.2815)
(-0.0601)
G3(-0.0963)
(2.3706)
(3.8158)
G4(-0.0506)
(-0.8381)
(0.3113)
A1(-9.1777)
(8.1910)
(3.4249)
A2(2.6480)
(9.3470)
(0.0479)
A3(-4.0510)
(-5.6072)
(-10.7691)
A4(-1.0774)
(8.9399)
(-6.2393)
G1(1.4452)
(0.3991)
(0.9344)
G2(0.2687)
(-0.3991)
(-0.0601)
G3(-2.8149)
(4.2197)
(0.3209)
G4(-0.2001)
(-0.1506)
(0.1575)
A1(-7.6736)
(6.6582)
(3.7458)
A2(0.8236)
(11.4203)
(1.3216)
A3(-6.1148)
(0.5890)
(-11.8705)
A4(2.6193)
(9.2560)
(-4.4341)
G1(0.4757)
(-1.1424)
(1.8805)
G2(-0.3741)
(-0.8019)
(-0.0080)
G3(-3.6561)
(2.8409)
(0.0553)
G4(-0.1644)
(0.5571)
(-0.4007)
A1(-6.6677)
(8.1047)
(1.7579)
A2(-1.7669)
(11.5688)
(0.6273)
A3(-0.5267)
(2.4086)
(-9.7013)
A4(1.5083)
(9.6534)
(-2.9353)
G1(0.8594)
(-0.6188)
(1.1951)
G2(0.4805)
(-0.2852)
(-0.1554)
G3(-2.3785)
(1.5495)
(-1.0610)
G4(-0.3102)
(0.2911)
(-0.1048)
A1(-5.2355)
(9.2639)
(2.1316)
A2(0.6129)
(8.8298)
(1.9297)
A3(-0.2873)
(4.5298)
(-10.8074)
A4(-0.0144)
(9.5816)
(-3.4141)
G1(1.7698)
(-0.7194)
(0.9482)
G2(0.2943)
(-0.6832)
(0.1272)
G3(-3.0772)
(0.2501)
(-0.3118)
G4(-0.1352)
(-0.2325)
(0.1756)
A1(-5.9780)
(7.7934)
(1.5280)
A2(1.4653)
(9.7588)
(0.9625)
A3(-1.2929)
(5.6934)
(-9.4858)
A4(-0.0479)
(9.5481)
(-3.4285)
G1(2.2184)
(-0.8924)
(0.7827)
G2(0.3805)
(-0.0043)
(-0.0649)
G3(-3.6226)
(-0.1261)
(0.1213)
G4(-0.0213)
(0.1101)
(0.1149)
A1(-5.9828)
(8.2293)
(2.9794)
A2(-0.3352)
(10.0940)
(0.7997)
A3(-1.1875)
(10.9463)
(-6.5936)
A4(1.0870)
(9.4810)
(-3.3040)
G1(2.0827)
(-0.1564)
(0.4055)
G2(0.0101)
(-0.7577)
(0.0857)
G3(-2.2732)
(1.2499)
(-0.8732)
G4(0.1830)
(0.0537)
(0.3139)
