A1(-1.7675)
(9.1538)
(-0.5221)
A2(4.5011)
(8.4659)
(2.3128)
A3(3.6583)
(9.0549)
(-4.7022)
A4(4.8267)
(11.5017)
(4.4341)
G1(0.4230)
(1.4037)
(-0.3012)
G2(-0.2841)
(1.2872)
(0.8274)
G3(-0.1032)
(0.8716)
(-0.6194)
G4(0.1208)
(7.5023)
(-5.8256)
A1(-0.5509)
(10.0639)
(4.2009)
A2(6.6176)
(7.2305)
(5.3965)
A3(2.2553)
(9.4332)
(-6.6702)
A4(9.6151)
(4.1659)
(-6.9097)
G1(-0.2208)
(4.6602)
(-1.6421)
G2(-0.6359)
(2.8154)
(1.2973)
G3(-0.0851)
(0.7322)
(-0.5390)
G4(1.7581)
(1.3303)
(-0.7253)
A1(-1.0059)
(2.4477)
(8.6125)
A2(-3.9983)
(2.7773)
(11.3342)
A3(-1.2689)
(18.1768)
(6.9192)
A4(2.6097)
(3.1412)
(-8.9783)
G1(-6.2912)
(3.1182)
(-0.1719)
G2(-0.4507)
(4.3245)
(0.2017)
G3(2.2301)
(1.9976)
(-1.2127)
G4(-0.1011)
(-0.6572)
(0.1548)
A1(-6.5671)
(22.1779)
(-0.0383)
A2(15.0691)
(7.9440)
(6.1723)
A3(6.8378)
(26.7576)
(13.6086)
A4(-6.1962)
(4.7501)
(-4.8459)
G1(-6.8962)
(2.9208)
(0.4784)
G2(0.9514)
(4.8209)
(-0.2299)
G3(3.4667)
(0.5880)
(-1.4128)
G4(-0.1325)
(0.9019)
(-0.7875)
A1(3.3195)
(24.0699)
(17.6561)
A2(-2.4852)
(8.8346)
(-4.7118)
A3(13.7523)
(18.3156)
(-10.3669)
A4(-6.9049)
(10.1993)
(-5.8275)
G1(-8.8187)
(4.0723)
(-0.3193)
G2(0.7056)
(0.2841)
(-0.1639)
G3(3.5572)
(5.7351)
(-5.8862)
G4(-0.2251)
(2.1040)
(-0.3054)
A1(-8.3107)
(12.8277)
(12.3487)
A2(-11.9519)
(7.6854)
(3.7254)
A3(38.5802)
(12.5025)
(-16.0842)
A4(-5.0135)
(13.0628)
(-1.9776)
G1(-6.0485)
(2.8271)
(1.0584)
G2(1.9784)
(6.4875)
(0.0990)
G3(-0.6556)
(-1.6128)
(-2.3567)
G4(0.0298)
(3.6492)
(-0.8131)
A1(4.3206)
(15.0359)
(7.6401)
A2(-2.3511)
(10.7548)
(1.2258)
A3(14.2742)
(-1.4509)
(-14.9446)
A4(-10.5967)
(2.8970)
(-5.6024)
G1(-1.7932)
(8.2254)
(-1.2680)
G2(0.8477)
(4.3458)
(0.7178)
G3(3.4561)
(-3.3124)
(-10.3278)
G4(0.7998)
(9.1624)
(-4.5368)
A1(8.1622)
(6.3851)
(-1.0538)
A2(-5.2337)
(13.8098)
(6.8091)
A3(14.1689)
(-9.2464)
(-0.6033)
A4(5.2768)
(1.4317)
(0.1963)
G1(1.9678)
(4.0212)
(-1.7714)
G2(1.3899)
(4.0031)
(1.4191)
G3(5.3642)
(-7.9508)
(-8.3637)
G4(-1.0062)
(7.4666)
(-5.4164)
A1(-12.1236)
(-4.9577)
(-18.0824)
A2(-11.8752)
(5.6503)
(13.1298)
A3(6.8091)
(-5.5785)
(4.3048)
A4(16.4865)
(17.1760)
(-0.4741)
G1(2.4967)
(-1.1472)
(-1.6123)
G2(0.3283)
(6.1134)
(1.7804)
G3(0.3789)
(-6.9755)
(-5.9347)
G4(-1.0318)
(-1.9018)
(1.3324)
A1(5.7768)
(3.5015)
(-5.0295)
A2(22.6444)
(1.5897)
(13.1346)
A3(-10.8362)
(14.7004)
(3.7541)
A4(10.7643)
(7.2496)
(-1.6137)
G1(-2.1008)
(4.3639)
(3.6742)
G2(1.2893)
(-0.4076)
(1.4175)
G3(-3.7610)
(0.7822)
(-8.2600)
G4(-0.6364)
(-1.1068)
(0.5055)
A1(-5.7624)
(3.9997)
(-1.3508)
A2(6.7852)
(9.8114)
(-11.1857)
A3(17.5974)
(27.0305)
(9.1506)
A4(3.2370)
(11.8800)
(-2.8299)
G1(-3.9962)
(-13.3310)
(0.5364)
G2(0.9339)
(-2.8085)
(-0.1000)
G3(11.6442)
(14.5437)
(-0.3837)
G4(-0.2490)
(-0.2602)
(0.2969)
A1(-4.2057)
(2.9890)
(2.3471)
A2(13.8433)
(3.9696)
(3.5195)
A3(-6.6942)
(-2.5235)
(-9.0597)
A4(3.4764)
(9.8402)
(-3.3806)
G1(-1.0839)
(3.1038)
(2.1598)
G2(0.1229)
(1.8576)
(0.7737)
G3(-1.2052)
(0.5795)
(5.0833)
G4(-0.0404)
(-1.1313)
(0.2565)
A1(-3.7027)
(7.7647)
(7.1755)
A2(1.3312)
(13.0484)
(2.6863)
A3(-4.9321)
(-7.4891)
(-4.0941)
A4(1.4078)
(9.4523)
(-3.8690)
G1(0.2959)
(-5.2541)
(2.6334)
G2(-0.3597)
(-0.5295)
(0.1564)
G3(0.3443)
(4.8018)
(2.1093)
G4(0.1107)
(-0.7859)
(0.1304)
A1(-14.5665)
(8.3059)
(0.3640)
A2(-1.0630)
(7.4077)
(2.9113)
A3(-4.8890)
(-4.5681)
(-8.8921)
A4(-0.5315)
(8.7436)
(-3.8451)
G1(-0.2235)
(-0.7790)
(2.2189)
G2(-0.0899)
(0.1868)
(0.2458)
G3(-2.7782)
(5.9341)
(0.5044)
G4(0.1192)
(-0.6141)
(0.2623)
A1(-5.0870)
(6.8498)
(4.4931)
A2(3.0885)
(8.8059)
(1.6903)
A3(-2.6193)
(-0.4549)
(-10.5776)
A4(0.1006)
(8.5760)
(-4.9129)
G1(0.8668)
(-1.6373)
(1.0259)
G2(-0.2160)
(-0.8317)
(-0.0005)
G3(-2.5259)
(2.8266)
(-0.7487)
G4(0.1032)
(-0.0766)
(0.0915)
A1(-6.5815)
(8.1047)
(1.9783)
A2(-0.7901)
(9.6247)
(0.7422)
A3(1.7765)
(-1.7861)
(-12.4163)
A4(0.9673)
(8.8346)
(-4.5873)
G1(1.4250)
(-0.7497)
(1.5873)
G2(0.0543)
(-0.7231)
(-0.1309)
G3(-3.3576)
(2.1088)
(-0.8817)
G4(0.0740)
(0.3837)
(-0.0032)
A1(-5.0679)
(9.0484)
(2.3232)
A2(2.0494)
(9.7013)
(0.9577)
A3(0.6512)
(4.7549)
(-8.8969)
A4(-0.3400)
(9.4810)
(-3.7972)
G1(1.9417)
(-0.6577)
(0.6678)
G2(0.2187)
(-0.5875)
(-0.0101)
G3(-3.0277)
(0.9110)
(-0.8391)
G4(0.1527)
(0.0106)
(0.1799)
A1(-5.7624)
(9.2927)
(1.1496)
A2(0.6847)
(9.4427)
(0.9481)
A3(-1.7765)
(3.9073)
(-10.5345)
A4(0.4549)
(9.1411)
(-3.7589)
G1(2.3253)
(-0.9855)
(0.2091)
G2(0.1070)
(-0.2528)
(-0.0181)
G3(-3.0549)
(0.7221)
(-0.2959)
G4(0.2144)
(-0.0106)
(0.1942)
A1(-5.6475)
(7.7503)
(1.1879)
A2(0.1772)
(9.8928)
(1.4461)
A3(-2.2314)
(11.6215)
(-4.8937)
A4(0.8284)
(9.0309)
(-4.2904)
G1(0.9589)
(-0.1501)
(0.7960)
G2(-0.1857)
(-0.9291)
(0.2017)
G3(-2.3237)
(0.9679)
(-0.6417)
G4(0.4193)
(0.3193)
(0.3246)
A1(-5.2355)
(10.5620)
(0.1581)
A2(0.5028)
(9.1889)
(1.8196)
A3(-4.4724)
(9.5624)
(-4.3096)
A4(0.6991)
(8.5329)
(-5.6551)
G1(0.7418)
(-0.8306)
(0.8338)
G2(-0.3081)
(-0.5284)
(0.2267)
G3(-1.9316)
(0.8748)
(-0.7742)
G4(0.3826)
(0.0697)
(0.6524)
