A1(-0.6850)
(8.9717)
(0.5892)
A2(3.1939)
(8.7197)
(2.4086)
A3(1.5131)
(7.3885)
(-7.9631)
A4(5.2337)
(11.7555)
(-1.3503)
G1(0.4518)
(1.2063)
(-0.2586)
G2(-0.3304)
(0.3182)
(0.0968)
G3(-0.1745)
(0.3698)
(-0.2299)
G4(0.5098)
(2.2434)
(-1.2611)
A1(-2.9123)
(9.8292)
(-0.0766)
A2(3.8930)
(9.6678)
(2.7102)
A3(1.4413)
(8.0206)
(-6.8809)
A4(-3.2801)
(9.5241)
(1.7142)
G1(0.5502)
(0.8104)
(-0.1740)
G2(-0.2410)
(0.6790)
(0.1272)
G3(-0.2474)
(0.2395)
(-0.3719)
G4(1.4447)
(4.4309)
(-2.3535)
A1(-1.6095)
(10.4567)
(1.4658)
A2(6.0861)
(8.8921)
(3.1268)
A3(0.6321)
(9.6726)
(-3.0981)
A4(14.4083)
(3.1795)
(-5.5833)
G1(0.7205)
(1.9188)
(-1.0946)
G2(-0.5529)
(1.5527)
(0.3900)
G3(-0.3539)
(0.5752)
(-0.5406)
G4(1.9997)
(6.3103)
(-3.5598)
A1(0.1772)
(13.3786)
(4.5649)
A2(1.5993)
(6.1292)
(3.6871)
A3(-2.2936)
(9.0692)
(-4.7214)
A4(-3.1173)
(-2.5139)
(-2.6576)
G1(-1.7491)
(2.7872)
(-1.0770)
G2(-0.5273)
(0.7253)
(1.2457)
G3(-0.0921)
(0.1713)
(-0.3858)
G4(-1.5346)
(-2.4786)
(0.9844)
A1(-4.5553)
(3.3530)
(3.7506)
A2(8.0828)
(7.9009)
(3.5961)
A3(-2.0446)
(25.2971)
(13.4841)
A4(1.4269)
(8.2456)
(-5.6168)
G1(-8.0471)
(2.7627)
(-1.6043)
G2(0.5087)
(6.5285)
(0.3948)
G3(2.9405)
(1.5250)
(-1.4335)
G4(-0.0149)
(-1.6267)
(-0.1107)
A1(1.7532)
(20.4487)
(11.7691)
A2(4.8411)
(11.1187)
(10.7500)
A3(-4.2425)
(19.8336)
(4.8219)
A4(1.9728)
(10.7117)
(-6.7469)
G1(-9.5073)
(5.6787)
(2.0715)
G2(1.7336)
(-0.8508)
(-0.6673)
G3(3.9233)
(3.1607)
(-3.0554)
G4(0.0165)
(1.2675)
(-0.9237)
A1(-7.0557)
(15.3904)
(21.5504)
A2(-15.6964)
(8.1738)
(1.9393)
A3(32.4462)
(20.5279)
(-17.1185)
A4(-4.6543)
(8.1786)
(-7.1491)
G1(-7.5725)
(2.0135)
(1.0754)
G2(2.0534)
(5.1849)
(-2.2540)
G3(0.3815)
(5.6042)
(-4.1829)
G4(0.1458)
(3.0554)
(-0.8924)
A1(-7.6353)
(7.5156)
(17.5076)
A2(5.6838)
(9.9647)
(6.3877)
A3(14.5855)
(-6.3734)
(-23.5111)
A4(-2.5809)
(15.2032)
(-2.6624)
G1(-6.6679)
(5.9804)
(1.2888)
G2(1.1004)
(4.9513)
(1.9571)
G3(-0.9360)
(-2.3913)
(-3.1384)
G4(0.5885)
(4.7315)
(-1.3319)
A1(-2.6154)
(14.8635)
(12.7223)
A2(-4.8123)
(11.0468)
(2.5762)
A3(9.6391)
(4.9321)
(-21.6627)
A4(-6.0813)
(15.8017)
(-6.0382)
G1(-4.7911)
(8.9150)
(-0.2272)
G2(0.9349)
(4.9710)
(0.6609)
G3(0.6306)
(-2.6196)
(-5.9602)
G4(1.5548)
(8.6681)
(-4.8167)
A1(2.5291)
(4.9529)
(-14.7677)
A2(-14.1880)
(14.1976)
(13.4171)
A3(8.1307)
(-8.4803)
(-3.5865)
A4(2.8012)
(10.1849)
(-2.9209)
G1(0.2251)
(6.0166)
(-1.8587)
G2(0.9647)
(7.8550)
(2.1029)
G3(2.1024)
(-7.6656)
(-6.1539)
G4(-0.9653)
(3.9525)
(-3.1251)
A1(-26.3500)
(0.1150)
(9.8435)
A2(-5.9185)
(6.8809)
(19.2685)
A3(7.0964)
(-11.7124)
(6.8474)
A4(6.6846)
(12.9670)
(0.2251)
G1(2.4126)
(-0.8195)
(-0.7093)
G2(-1.3952)
(10.6423)
(1.9433)
G3(-1.9396)
(-5.1109)
(-5.5244)
G4(-0.9115)
(1.9938)
(0.1841)
A1(-1.8154)
(8.8137)
(-6.2845)
A2(-4.6160)
(10.6111)
(27.9212)
A3(-58.2509)
(46.9838)
(0.3496)
A4(11.8944)
(4.5873)
(-0.6943)
G1(-1.1605)
(-8.6021)
(4.4559)
G2(0.3331)
(-3.7764)
(0.7604)
G3(3.0165)
(10.6263)
(-7.5587)
G4(-0.9078)
(1.1377)
(-0.1389)
A1(-21.8617)
(2.2801)
(1.1352)
A2(1.3599)
(9.4140)
(-1.2258)
A3(65.7113)
(-48.7364)
(15.5958)
A4(-3.2848)
(11.9758)
(-0.9673)
G1(0.3310)
(-1.6857)
(1.4340)
G2(2.1364)
(3.1730)
(-0.7519)
G3(11.4213)
(1.6714)
(-1.7794)
G4(-0.2996)
(-0.7811)
(0.5598)
A1(-1.3173)
(3.2381)
(0.9772)
A2(9.2273)
(11.3868)
(0.3017)
A3(-4.1563)
(26.1974)
(0.0718)
A4(3.2753)
(9.8306)
(-3.0502)
G1(0.6109)
(2.5525)
(2.9293)
G2(0.2714)
(1.6474)
(0.1607)
G3(-6.9568)
(-2.3546)
(6.9733)
G4(-0.0106)
(-0.5624)
(-0.0713)
A1(-13.8815)
(3.3147)
(1.6669)
A2(0.9912)
(13.2256)
(2.0877)
A3(-0.2921)
(-4.8123)
(-2.6576)
A4(0.1532)
(8.4994)
(-4.2569)
G1(2.6999)
(-3.3193)
(2.2487)
G2(0.1868)
(-0.7184)
(-0.0628)
G3(-2.5355)
(6.4870)
(1.6852)
G4(0.1250)
(-0.1096)
(-0.0750)
A1(-4.4547)
(9.7956)
(7.0988)
A2(0.2346)
(8.3031)
(1.2306)
A3(-3.7254)
(-6.4260)
(-13.3213)
A4(-1.1636)
(8.6048)
(-6.1435)
G1(1.5687)
(1.5410)
(2.1460)
G2(0.1250)
(0.1410)
(-0.2416)
G3(-4.6539)
(4.3122)
(0.0814)
G4(0.0734)
(0.2900)
(-0.0005)
A1(-7.7168)
(7.0893)
(1.5280)
A2(-0.3208)
(9.1554)
(2.3272)
A3(-6.2249)
(5.5306)
(-12.1673)
A4(0.7135)
(8.8729)
(-3.9648)
G1(2.3791)
(-1.0084)
(1.2686)
G2(-0.0745)
(-0.9126)
(0.1479)
G3(-3.3741)
(1.5979)
(-0.3166)
G4(0.1815)
(-0.1320)
(0.3879)
A1(-6.1265)
(6.6007)
(0.4407)
A2(-2.7198)
(9.8354)
(0.9529)
A3(-3.5003)
(7.7572)
(-7.7045)
A4(-0.7278)
(8.2217)
(-5.8419)
G1(1.6575)
(-0.4406)
(0.7306)
G2(0.2043)
(0.0952)
(-0.0160)
G3(-3.0458)
(1.1786)
(-0.2128)
G4(0.0420)
(0.2224)
(-0.0192)
A1(-6.4187)
(7.0797)
(0.9628)
A2(-1.5036)
(8.8777)
(0.5650)
A3(-2.9497)
(10.4962)
(-4.3479)
A4(-0.2346)
(8.5856)
(-5.0996)
G1(1.2941)
(-1.9172)
(0.6566)
G2(0.0160)
(-1.3383)
(0.2102)
G3(-2.0050)
(0.5231)
(0.2937)
G4(0.1144)
(-0.4566)
(0.3347)
A1(-4.9433)
(7.5012)
(4.0907)
A2(-0.4453)
(9.1937)
(0.6943)
A3(-1.8914)
(9.0884)
(-5.5545)
A4(-0.0862)
(8.1977)
(-6.7469)
G1(2.8080)
(-0.4417)
(-0.3384)
G2(-0.0160)
(-0.4810)
(0.0032)
G3(-2.1167)
(-0.6071)
(0.3485)
G4(0.0170)
(-0.1048)
(0.3299)
