A1(-2.9411)
(9.4172)
(-0.9915)
A2(2.8826)
(8.4132)
(3.2370)
A3(1.1205)
(7.4795)
(-7.1826)
A4(6.3398)
(9.4858)
(-2.1452)
G1(0.1554)
(0.5896)
(-0.0894)
G2(-0.1112)
(-0.0612)
(0.0846)
G3(-0.0474)
(-0.1117)
(0.0404)
G4(0.5827)
(2.5249)
(-0.9088)
A1(-0.8335)
(10.0160)
(2.8788)
A2(4.3096)
(9.7205)
(3.2370)
A3(1.6903)
(8.2217)
(-5.6695)
A4(-1.9297)
(12.0380)
(2.0111)
G1(0.4177)
(1.8145)
(-0.4257)
G2(-0.6215)
(0.8322)
(0.5890)
G3(-0.2826)
(-0.0490)
(-0.2570)
G4(1.1100)
(4.3341)
(-3.2150)
A1(0.4742)
(9.6567)
(0.6275)
A2(5.4300)
(7.7859)
(4.3431)
A3(1.2450)
(8.7915)
(-4.6160)
A4(7.6184)
(2.0446)
(-5.6360)
G1(0.2022)
(1.2095)
(-0.3890)
G2(-0.5263)
(1.6134)
(0.9099)
G3(-0.1979)
(0.5257)
(-0.5183)
G4(1.0552)
(4.6560)
(-2.8910)
A1(-1.8202)
(10.3561)
(4.1961)
A2(-2.1404)
(4.2808)
(8.8681)
A3(-2.0063)
(11.8657)
(-0.7326)
A4(2.3559)
(21.9931)
(1.1540)
G1(-2.0944)
(3.8828)
(-1.4367)
G2(-0.6758)
(1.3212)
(0.3241)
G3(0.5337)
(0.0117)
(-0.4480)
G4(1.4229)
(-1.2664)
(-0.8093)
A1(2.4381)
(21.9623)
(5.1637)
A2(6.2776)
(7.9440)
(8.1882)
A3(8.5665)
(27.5285)
(14.5807)
A4(-1.5323)
(7.3598)
(-4.9991)
G1(-8.3834)
(1.8698)
(0.5619)
G2(2.0273)
(1.0674)
(-0.7327)
G3(3.9733)
(1.4740)
(-2.3424)
G4(-0.0553)
(0.0596)
(-0.3688)
A1(-7.5204)
(8.2005)
(3.6692)
A2(18.2630)
(10.1945)
(10.5632)
A3(7.2592)
(12.7132)
(-5.9328)
A4(1.1588)
(7.9392)
(-6.6990)
G1(-6.4870)
(4.9598)
(1.4692)
G2(0.6891)
(-1.5256)
(-0.2474)
G3(2.8516)
(3.3842)
(-3.2922)
G4(0.7184)
(1.9550)
(-0.8450)
A1(-5.5085)
(13.7522)
(16.0945)
A2(5.4157)
(4.1372)
(5.0949)
A3(23.0083)
(12.1769)
(-13.4363)
A4(-1.9106)
(9.4523)
(-5.7317)
G1(-5.4840)
(2.0098)
(0.3448)
G2(0.9557)
(4.0866)
(1.0004)
G3(-1.7373)
(-0.8540)
(-2.6228)
G4(0.0681)
(3.4800)
(-0.9147)
A1(-11.5440)
(4.8475)
(12.7319)
A2(-5.5162)
(14.1880)
(1.7478)
A3(8.1882)
(5.2625)
(-22.0841)
A4(-2.5379)
(13.1633)
(-3.5865)
G1(-5.8234)
(5.5398)
(-1.0589)
G2(1.3361)
(3.2023)
(0.9099)
G3(-3.0352)
(0.0101)
(-2.8441)
G4(0.6886)
(5.6649)
(-2.0321)
A1(2.8692)
(10.7488)
(5.4463)
A2(-2.6815)
(11.0852)
(2.5762)
A3(12.3732)
(4.1851)
(-14.8345)
A4(-7.6614)
(-13.6326)
(-7.0390)
G1(-1.8964)
(3.1975)
(-2.0210)
G2(0.8093)
(4.0095)
(1.3441)
G3(2.6563)
(-3.7056)
(-7.0058)
G4(0.6566)
(7.5422)
(-5.7372)
A1(-23.4472)
(2.6585)
(5.3840)
A2(0.6943)
(2.4181)
(13.0197)
A3(3.9456)
(-4.5681)
(-0.3639)
A4(-0.7135)
(15.0500)
(2.8826)
G1(0.9498)
(1.0419)
(-0.7178)
G2(-1.4191)
(9.3881)
(2.1231)
G3(0.0372)
(-4.3745)
(-6.4136)
G4(-1.4638)
(0.0468)
(0.4326)
A1(1.8873)
(-0.2730)
(8.2628)
A2(4.0510)
(12.4738)
(3.2944)
A3(0.8188)
(-16.8983)
(3.1651)
A4(7.2257)
(13.6757)
(-0.7949)
G1(1.2239)
(3.4981)
(-0.7375)
G2(1.1451)
(10.9982)
(0.2235)
G3(-2.9452)
(-2.0896)
(-7.0223)
G4(-0.7444)
(5.7984)
(-0.9770)
A1(-7.0461)
(3.1758)
(2.6872)
A2(-12.1482)
(9.4188)
(0.2873)
A3(3.5578)
(26.3841)
(-16.8121)
A4(1.0487)
(12.3589)
(2.2793)
G1(-0.4800)
(-5.3733)
(2.1753)
G2(1.1456)
(3.1916)
(0.3709)
G3(1.4777)
(1.5516)
(-3.0724)
G4(-0.5529)
(-3.2363)
(1.2771)
A1(-6.5001)
(4.4691)
(-0.9867)
A2(10.4483)
(3.6344)
(3.6105)
A3(-3.1699)
(5.3870)
(-7.5992)
A4(0.1580)
(8.7628)
(-5.7126)
G1(-0.5390)
(0.2735)
(3.0804)
G2(0.8024)
(-0.0325)
(0.0665)
G3(-0.8333)
(-2.8298)
(4.9428)
G4(0.1431)
(-0.7497)
(0.3799)
A1(-10.6770)
(6.5719)
(0.1341)
A2(2.0111)
(12.4834)
(5.4779)
A3(-9.1842)
(-10.0461)
(-3.8211)
A4(1.9968)
(9.0261)
(-5.3870)
G1(0.6800)
(-4.4128)
(3.8142)
G2(-0.3954)
(-2.2333)
(-0.4193)
G3(0.5997)
(2.2333)
(3.3092)
G4(0.0990)
(-0.5864)
(0.2623)
A1(-5.6906)
(6.1552)
(3.9853)
A2(3.3471)
(11.6933)
(1.0151)
A3(-3.3950)
(-4.2665)
(-9.9024)
A4(0.2634)
(8.9447)
(-4.8219)
G1(0.9301)
(0.2027)
(2.2226)
G2(0.1394)
(0.4028)
(0.1830)
G3(-3.8360)
(4.7555)
(0.5784)
G4(0.1905)
(-0.1250)
(0.1426)
A1(-7.5635)
(7.8557)
(2.2513)
A2(4.8459)
(9.9359)
(1.5850)
A3(-3.3998)
(-1.3551)
(-8.8346)
A4(0.5363)
(8.0206)
(-5.7748)
G1(1.5378)
(-2.3360)
(3.0054)
G2(-0.0069)
(-0.8157)
(0.0665)
G3(-5.1274)
(3.2571)
(-0.5859)
G4(0.1298)
(0.4619)
(0.0388)
A1(-7.5252)
(7.2617)
(3.3434)
A2(-0.2155)
(9.5768)
(0.3879)
A3(-0.7661)
(7.0725)
(-10.9032)
A4(0.8906)
(9.6247)
(-2.3942)
G1(2.0811)
(-0.0926)
(0.7077)
G2(-0.1325)
(-0.0612)
(-0.0388)
G3(-4.9588)
(0.2889)
(-0.3640)
G4(0.1219)
(-0.7019)
(0.4544)
A1(-5.7289)
(8.5454)
(1.3364)
A2(1.7621)
(10.2089)
(1.5610)
A3(-8.0828)
(13.5608)
(-3.1556)
A4(1.4317)
(8.4084)
(-5.6551)
G1(0.8737)
(0.4496)
(0.6811)
G2(0.0756)
(-1.5655)
(0.1495)
G3(-3.2911)
(1.0642)
(-0.3858)
G4(0.2320)
(0.4603)
(0.2639)
A1(-5.6187)
(10.3704)
(1.0921)
A2(0.0192)
(8.2887)
(1.3982)
A3(-5.8610)
(9.8689)
(-3.4285)
A4(1.6903)
(8.6431)
(-5.3103)
G1(-0.2772)
(-0.8939)
(1.1158)
G2(-0.3049)
(-2.0327)
(0.2948)
G3(-1.8145)
(1.9071)
(-0.9434)
G4(0.2027)
(0.4587)
(0.4092)
A1(-4.4068)
(8.9861)
(-2.9459)
A2(-1.3599)
(10.0413)
(0.3687)
A3(-2.5283)
(18.1289)
(-1.2354)
A4(2.7390)
(7.4939)
(-7.0437)
G1(1.3787)
(0.1240)
(-0.3033)
G2(-0.5071)
(0.3592)
(0.2873)
G3(-0.6939)
(0.3725)
(0.0032)
G4(-0.1235)
(-0.1708)
(0.6252)
