A1(-4.2727)
(8.7466)
(6.4043)
A2(2.6097)
(8.8155)
(0.8859)
A3(-2.4852)
(11.7412)
(-0.0383)
A4(1.4222)
(8.9591)
(-2.9018)
G1(-0.4720)
(-3.1533)
(-1.4053)
G2(-0.0958)
(0.2661)
(-0.1181)
G3(0.9200)
(-1.6112)
(0.8876)
G4(0.3246)
(-0.7450)
(0.2240)
A1(3.5590)
(4.7900)
(12.3008)
A2(3.9935)
(9.4858)
(1.2402)
A3(-0.8619)
(5.2960)
(-8.1882)
A4(0.5171)
(8.0685)
(-7.7093)
G1(-0.1910)
(-1.7448)
(-0.8221)
G2(-0.1383)
(-0.3661)
(0.0548)
G3(0.3187)
(-3.8983)
(2.8867)
G4(0.4592)
(0.1022)
(0.2996)
A1(-9.8914)
(5.7864)
(8.2580)
A2(1.9632)
(8.3797)
(2.2936)
A3(7.7189)
(12.9766)
(10.4770)
A4(-1.4700)
(10.9702)
(-4.5538)
G1(0.5151)
(-3.4619)
(-0.6646)
G2(-0.2559)
(-2.7994)
(0.0718)
G3(-0.6204)
(-6.9691)
(4.6028)
G4(0.6130)
(-0.6242)
(0.9913)
A1(-7.5922)
(9.0915)
(3.9087)
A2(1.3024)
(12.9718)
(1.6759)
A3(-0.2921)
(0.9385)
(-3.3710)
A4(-8.7101)
(29.2236)
(2.3894)
G1(1.4042)
(-1.3957)
(-0.8226)
G2(0.0372)
(0.2570)
(-0.1107)
G3(1.0669)
(-0.1431)
(0.7827)
G4(2.7319)
(-1.8581)
(3.3002)
A1(13.3738)
(21.2965)
(-0.4215)
A2(0.9816)
(9.3278)
(2.0734)
A3(0.1532)
(11.5927)
(-4.8890)
A4(-5.5593)
(9.2895)
(-5.5354)
G1(1.9348)
(-3.9307)
(1.2792)
G2(0.7636)
(-2.4365)
(0.3597)
G3(2.0843)
(1.5437)
(-0.8493)
G4(1.3920)
(-3.4076)
(5.5265)
A1(11.9128)
(15.7688)
(1.9208)
A2(-4.3622)
(8.6000)
(10.2185)
A3(3.6392)
(13.0388)
(-2.7629)
A4(-39.7677)
(6.0908)
(-26.5517)
G1(1.9161)
(-5.1003)
(-0.9184)
G2(-2.9607)
(-1.0951)
(1.5389)
G3(0.5720)
(-0.4672)
(0.0968)
G4(0.4177)
(-0.1373)
(5.1642)
A1(12.2481)
(14.0204)
(7.7886)
A2(1.0247)
(12.4594)
(7.9248)
A3(2.4038)
(8.0349)
(-6.1148)
A4(-11.5305)
(2.7294)
(-27.3945)
G1(2.9862)
(-6.9308)
(-1.0828)
G2(-8.1993)
(-3.2411)
(-1.7655)
G3(-0.7098)
(-1.7655)
(0.6854)
G4(1.6623)
(4.7044)
(6.9425)
A1(-15.2419)
(9.5849)
(12.8660)
A2(-8.3701)
(15.0547)
(24.3251)
A3(9.1650)
(13.0101)
(-0.6512)
A4(-8.3653)
(-7.1635)
(-2.4756)
G1(0.0537)
(-13.3927)
(-0.1650)
G2(-9.0911)
(-3.9467)
(2.3966)
G3(-0.3927)
(-5.4685)
(1.7459)
G4(2.7872)
(9.4556)
(5.0865)
A1(-6.0163)
(-0.1150)
(6.0929)
A2(20.4273)
(30.2005)
(12.2344)
A3(30.2579)
(12.7898)
(10.3046)
A4(-5.2720)
(-8.4372)
(-0.3974)
G1(1.6256)
(-3.6705)
(-0.6268)
G2(-6.3422)
(-2.2833)
(-1.8507)
G3(-1.5985)
(-9.2497)
(4.2941)
G4(-2.1412)
(7.3777)
(2.4424)
A1(8.8999)
(-1.2598)
(-3.8225)
A2(-7.5465)
(12.2535)
(12.4163)
A3(-76.6001)
(67.5069)
(-21.0786)
A4(1.0199)
(21.8495)
(-10.1754)
G1(-0.1410)
(-0.1926)
(1.9513)
G2(-3.4667)
(-9.1944)
(2.1104)
G3(-0.8881)
(-2.3658)
(-0.3767)
G4(-3.2619)
(3.7748)
(2.2168)
A1(-6.6198)
(7.2617)
(7.7120)
A2(-6.1579)
(12.4211)
(4.3383)
A3(44.3023)
(-18.2007)
(-6.8474)
A4(-7.2257)
(-4.9895)
(16.8552)
G1(-0.6747)
(-0.5103)
(-1.5969)
G2(1.1797)
(-5.4653)
(2.8260)
G3(-2.1598)
(0.9216)
(-2.5217)
G4(9.0534)
(-11.8267)
(-6.2502)
A1(-2.7543)
(9.8675)
(2.5148)
A2(11.2958)
(-3.1077)
(-3.1364)
A3(-4.5681)
(9.5960)
(-1.0008)
A4(6.8953)
(-5.7988)
(-1.9154)
G1(-0.0005)
(1.2377)
(-0.0596)
G2(-0.7726)
(0.9908)
(1.0392)
G3(-0.2155)
(0.7748)
(-0.5161)
G4(2.5169)
(-1.9938)
(-1.2558)
A1(-1.2598)
(10.5477)
(0.0958)
A2(-3.0837)
(-1.4174)
(5.9280)
A3(-1.2019)
(9.8545)
(-0.6225)
A4(5.1332)
(-5.7892)
(2.1069)
G1(0.3762)
(1.8438)
(-0.0074)
G2(-3.3550)
(2.1716)
(0.5225)
G3(-0.1804)
(0.8849)
(-0.4241)
G4(1.4686)
(-3.2331)
(-0.0149)
A1(-1.3700)
(8.9813)
(-0.5556)
A2(6.1962)
(-0.2825)
(2.2697)
A3(1.3264)
(8.8442)
(-4.7118)
A4(4.9225)
(-3.6871)
(-6.5457)
G1(0.3304)
(0.0287)
(0.0702)
G2(-0.5757)
(-0.5635)
(-0.7875)
G3(0.0628)
(1.5942)
(-0.3645)
G4(-3.8903)
(-4.5118)
(-1.0041)
A1(-0.5413)
(9.9010)
(-0.6562)
A2(3.3998)
(2.8970)
(4.3527)
A3(1.5802)
(9.0644)
(-2.3990)
A4(2.9161)
(-0.9002)
(-10.8218)
G1(0.1048)
(0.1761)
(-0.0399)
G2(-0.1006)
(1.8496)
(-2.0188)
G3(0.0553)
(0.7040)
(-0.1442)
G4(-3.3002)
(-4.5586)
(-3.1607)
A1(-2.4908)
(8.7227)
(0.0192)
A2(11.3916)
(3.1029)
(0.4357)
A3(2.3320)
(9.3422)
(-3.8355)
A4(-0.5938)
(4.0654)
(-13.9869)
G1(0.0670)
(0.8679)
(-0.2953)
G2(0.8939)
(0.8594)
(-1.9257)
G3(0.0319)
(0.0952)
(-0.0947)
G4(-2.3796)
(-1.8060)
(-0.9371)
A1(-0.7377)
(9.6519)
(-2.1459)
A2(7.8865)
(5.9903)
(5.6168)
A3(-0.1245)
(9.1459)
(-3.6871)
A4(7.4699)
(9.4619)
(-11.7220)
G1(-0.2112)
(1.1685)
(-0.3304)
G2(0.6502)
(0.9003)
(-2.6047)
G3(-0.0506)
(0.1266)
(-0.0686)
G4(-2.3839)
(0.8179)
(-1.4175)
A1(2.0358)
(10.7345)
(0.7425)
A2(11.6262)
(7.3598)
(0.1293)
A3(0.2490)
(9.3805)
(-3.2513)
A4(4.2090)
(9.5481)
(-8.8202)
G1(0.1453)
(-0.0591)
(-0.3092)
G2(2.1205)
(2.0098)
(-2.1449)
G3(0.0495)
(0.7386)
(-0.2352)
G4(-2.3477)
(-1.4106)
(1.3569)
A1(0.8718)
(7.1180)
(-0.6514)
A2(6.5362)
(6.1627)
(5.0853)
A3(4.1899)
(9.1363)
(-3.0694)
A4(4.7118)
(10.9942)
(-6.8714)
G1(-0.1708)
(0.5795)
(-0.0250)
G2(1.2925)
(0.0873)
(-2.1992)
G3(0.1266)
(0.5273)
(-0.2426)
G4(-2.5334)
(-2.2099)
(1.0004)
A1(-0.7760)
(8.9478)
(1.7388)
A2(6.6798)
(8.9783)
(1.7765)
A3(1.8004)
(8.4324)
(-3.5817)
A4(3.0837)
(14.1737)
(-0.2825)
G1(0.7806)
(0.4454)
(-1.1238)
G2(2.1678)
(0.6455)
(-1.8512)
G3(0.4326)
(0.3161)
(-0.2144)
G4(-0.7487)
(-1.3617)
(-0.2192)
