A1(-1.9879)
(8.7993)
(-1.2598)
A2(3.7397)
(8.2552)
(4.0462)
A3(0.7183)
(8.2744)
(-5.6934)
A4(2.1117)
(9.4284)
(-2.8252)
G1(-0.2469)
(-0.4060)
(0.1320)
G2(0.0761)
(-0.1857)
(0.0074)
G3(0.0080)
(0.0303)
(-0.0506)
G4(-0.0122)
(-0.1990)
(0.0293)
A1(-3.0848)
(9.8292)
(-1.4658)
A2(2.8252)
(9.2751)
(3.3184)
A3(0.1197)
(8.0780)
(-5.5019)
A4(3.9265)
(9.2703)
(-4.7597)
G1(-0.1644)
(0.9110)
(0.0293)
G2(-0.0282)
(-0.1777)
(0.0000)
G3(0.0043)
(-0.1256)
(0.0697)
G4(-0.0388)
(0.8801)
(-0.4001)
A1(-1.2023)
(10.0208)
(-0.6993)
A2(2.9640)
(8.2025)
(2.8730)
A3(0.8475)
(7.9440)
(-5.4444)
A4(5.3582)
(9.9838)
(-2.2122)
G1(0.2059)
(0.9477)
(-0.1437)
G2(-0.1112)
(-0.0133)
(-0.0654)
G3(0.0404)
(0.2432)
(-0.0899)
G4(0.1171)
(1.7565)
(-0.6572)
A1(0.3832)
(10.4902)
(0.6754)
A2(3.1412)
(9.9982)
(3.1460)
A3(1.7334)
(7.7045)
(-5.7557)
A4(-3.2226)
(10.0748)
(-2.1787)
G1(0.6114)
(1.5947)
(-0.3166)
G2(-0.4826)
(0.6917)
(0.1399)
G3(-0.1389)
(-0.0303)
(-0.1107)
G4(0.8184)
(3.7854)
(-2.4919)
A1(-0.2299)
(8.5646)
(0.3018)
A2(6.8187)
(5.3151)
(5.8131)
A3(0.9720)
(9.0022)
(-5.4205)
A4(3.7972)
(4.1468)
(-3.4668)
G1(0.5082)
(2.0007)
(-1.0876)
G2(-0.6066)
(0.7045)
(1.0770)
G3(-0.0708)
(0.6162)
(-0.3044)
G4(1.2366)
(0.9786)
(-0.8455)
A1(0.0479)
(12.7415)
(3.1806)
A2(0.3160)
(7.8147)
(7.8051)
A3(-0.8475)
(9.3039)
(-2.9544)
A4(-8.5186)
(17.0419)
(-4.8459)
G1(-1.1941)
(2.6457)
(-0.9924)
G2(0.1522)
(0.7348)
(0.8833)
G3(0.3650)
(0.4778)
(-0.1857)
G4(0.2070)
(0.4363)
(-0.9259)
A1(-4.0859)
(3.1279)
(7.9515)
A2(9.8210)
(5.2529)
(5.7317)
A3(1.9632)
(17.8464)
(4.7214)
A4(-4.7405)
(2.6193)
(-8.1834)
G1(-6.1273)
(4.8183)
(-0.7035)
G2(0.8663)
(3.7397)
(0.1330)
G3(2.5898)
(1.8071)
(-1.0616)
G4(0.2650)
(-0.1453)
(-0.6242)
A1(-5.9923)
(6.4857)
(12.7655)
A2(3.4812)
(15.3708)
(11.9327)
A3(10.2999)
(16.0747)
(-7.2832)
A4(-2.1452)
(6.7756)
(-6.2489)
G1(-6.6865)
(5.0583)
(1.8667)
G2(1.9172)
(2.0130)
(-0.7492)
G3(3.4039)
(2.1976)
(-2.5009)
G4(0.4986)
(1.4447)
(-0.8077)
A1(-0.1485)
(17.3639)
(16.7364)
A2(-0.0910)
(7.0006)
(-3.1699)
A3(10.4722)
(14.8680)
(-8.0349)
A4(-5.8227)
(8.7197)
(-8.2456)
G1(-7.0622)
(5.5159)
(0.3821)
G2(1.1265)
(3.3683)
(0.4055)
G3(3.6210)
(4.6491)
(-5.7692)
G4(-0.2464)
(1.7698)
(-0.7460)
A1(-7.9754)
(6.8450)
(11.1704)
A2(0.7901)
(9.9599)
(3.3998)
A3(14.4945)
(0.4693)
(-16.5679)
A4(-6.4165)
(11.3437)
(-6.5122)
G1(-5.3249)
(6.0890)
(0.1937)
G2(1.6948)
(2.7856)
(1.4106)
G3(-2.1040)
(-0.1219)
(-3.9185)
G4(-0.1830)
(6.2348)
(-1.8762)
A1(3.1902)
(10.1693)
(3.1710)
A2(-2.4421)
(12.1003)
(5.6982)
A3(13.1537)
(-0.3783)
(-10.2424)
A4(-5.7652)
(-1.5562)
(-8.5138)
G1(-0.6183)
(6.1523)
(-0.9402)
G2(1.4468)
(5.2211)
(1.7299)
G3(6.4588)
(-4.4729)
(-8.0110)
G4(-0.5960)
(7.3405)
(-3.3704)
A1(-22.7431)
(-3.3339)
(-6.6055)
A2(-6.5841)
(6.2010)
(8.3797)
A3(7.2927)
(-5.9089)
(6.1148)
A4(8.1690)
(10.2855)
(3.1268)
G1(1.9151)
(-4.2127)
(-0.8397)
G2(0.4480)
(9.1667)
(1.9465)
G3(2.1146)
(-6.2731)
(-6.0475)
G4(-1.6192)
(-1.4346)
(1.1004)
A1(6.8019)
(-9.7238)
(0.0910)
A2(8.1882)
(10.6829)
(8.7053)
A3(-1.4461)
(-17.3053)
(4.3670)
A4(0.3639)
(11.1282)
(5.2529)
G1(-0.9333)
(3.0442)
(-1.8416)
G2(1.9981)
(8.3616)
(1.1307)
G3(-3.0910)
(-1.7272)
(-5.2807)
G4(-0.3938)
(1.9300)
(-0.7088)
A1(-21.9527)
(13.7426)
(-4.0715)
A2(8.7149)
(6.0908)
(1.6041)
A3(30.8421)
(1.3647)
(11.1809)
A4(2.8730)
(8.3845)
(-1.1971)
G1(-0.5539)
(-5.9932)
(2.3530)
G2(2.2349)
(1.1850)
(-1.2946)
G3(2.7281)
(17.4357)
(5.1657)
G4(0.1314)
(-0.5332)
(0.4331)
A1(-6.2079)
(3.3722)
(-1.5759)
A2(5.1236)
(8.9591)
(5.3008)
A3(-5.4827)
(-7.0629)
(-6.7325)
A4(0.9864)
(9.1937)
(-1.8052)
G1(-1.0626)
(1.9188)
(2.7069)
G2(-0.2905)
(1.3675)
(0.1155)
G3(-0.6157)
(2.8851)
(2.9091)
G4(0.2277)
(-0.6545)
(0.2650)
A1(-2.4381)
(11.2039)
(16.2670)
A2(7.7859)
(8.1068)
(2.4134)
A3(-5.0039)
(-6.7516)
(-6.4117)
A4(-2.1691)
(9.6295)
(-5.1619)
G1(0.5970)
(-4.3825)
(2.2732)
G2(-0.7966)
(-0.9402)
(0.3097)
G3(-2.4695)
(5.1093)
(1.6176)
G4(-0.2708)
(-2.8968)
(0.4454)
A1(-9.5465)
(8.0281)
(0.6802)
A2(3.2657)
(7.5369)
(1.4988)
A3(-1.6376)
(-2.1308)
(-10.0604)
A4(-2.7342)
(8.8442)
(-5.0566)
G1(1.2898)
(-2.4850)
(1.5447)
G2(-0.0979)
(0.8700)
(0.1767)
G3(-4.2340)
(2.6850)
(-0.7950)
G4(0.0905)
(-0.3837)
(0.1729)
A1(-4.6942)
(8.8759)
(0.2587)
A2(4.3718)
(8.5425)
(0.1437)
A3(-1.6664)
(1.8387)
(-11.7938)
A4(0.0431)
(8.7771)
(-4.8076)
G1(0.9637)
(-0.4135)
(1.2292)
G2(-0.4528)
(-1.8369)
(0.0250)
G3(-3.9068)
(1.5649)
(-0.4789)
G4(0.2182)
(-0.1692)
(0.1112)
A1(-7.4437)
(9.7334)
(3.1758)
A2(-4.1228)
(11.1043)
(3.3232)
A3(-0.4788)
(6.2776)
(-10.4914)
A4(-0.2394)
(9.0022)
(-5.1332)
G1(1.3846)
(-1.8975)
(1.0818)
G2(0.1176)
(-0.3161)
(-0.0591)
G3(-2.6856)
(0.4326)
(0.4853)
G4(0.1421)
(-0.1357)
(0.1852)
A1(-5.7720)
(7.2282)
(1.5951)
A2(4.2952)
(9.2703)
(0.8140)
A3(-0.9864)
(7.2161)
(-9.6391)
A4(0.4932)
(9.2320)
(-3.8642)
G1(2.1077)
(-0.6290)
(0.4821)
G2(-0.3975)
(-1.3431)
(0.0138)
G3(-2.7808)
(-0.0905)
(-0.1229)
G4(0.1181)
(0.2001)
(0.1676)
