A1(-1.9783)
(8.4257)
(6.9647)
A2(2.0734)
(8.1307)
(0.1484)
A3(-2.8204)
(10.2472)
(-1.4653)
A4(-0.3352)
(9.0357)
(-3.8403)
G1(-0.9307)
(-2.9915)
(-1.2265)
G2(-0.3507)
(0.5491)
(-0.0569)
G3(0.6252)
(-2.0827)
(0.9104)
G4(0.1469)
(-1.0749)
(0.3496)
A1(2.3088)
(5.5852)
(8.5454)
A2(4.3574)
(9.1459)
(1.0774)
A3(5.4348)
(5.9616)
(-3.7733)
A4(-1.7095)
(8.1642)
(-6.5027)
G1(-0.4592)
(-2.6994)
(-0.4656)
G2(-0.0740)
(-1.3979)
(-0.0420)
G3(-0.0926)
(-2.8856)
(3.4023)
G4(0.4289)
(-0.7189)
(0.5087)
A1(-6.3660)
(7.5826)
(7.2952)
A2(1.8771)
(8.5329)
(2.0159)
A3(6.9480)
(10.1849)
(4.4388)
A4(-1.1492)
(10.6829)
(-4.8363)
G1(1.2185)
(-4.3740)
(-0.6465)
G2(-0.0835)
(-2.8920)
(0.1022)
G3(-0.9716)
(-7.3102)
(5.0811)
G4(0.6146)
(-1.2717)
(1.0477)
A1(5.0200)
(5.7672)
(0.8047)
A2(-0.4166)
(10.6255)
(1.8962)
A3(-16.4290)
(-2.2697)
(-7.9296)
A4(-5.4300)
(30.6027)
(5.3486)
G1(0.4587)
(-0.5013)
(-0.7641)
G2(-0.0154)
(-0.9812)
(-0.1857)
G3(0.6502)
(4.0031)
(-0.5007)
G4(2.8069)
(-2.1662)
(2.8431)
A1(-2.2369)
(8.3586)
(-2.2130)
A2(1.9154)
(9.3278)
(7.4795)
A3(-3.0598)
(6.0956)
(-10.7212)
A4(-10.0413)
(23.5685)
(-17.2383)
G1(1.1126)
(0.5736)
(-0.7444)
G2(-0.1479)
(-3.6253)
(1.1589)
G3(0.8232)
(2.7398)
(-0.2198)
G4(3.0293)
(-3.3177)
(9.1273)
A1(12.8660)
(14.1450)
(6.0211)
A2(-2.9544)
(10.2520)
(6.2632)
A3(10.4004)
(6.6559)
(-9.7061)
A4(-36.5164)
(12.1961)
(-30.6218)
G1(2.2977)
(-4.9433)
(-0.0665)
G2(-2.3519)
(-2.9080)
(1.5293)
G3(-0.3182)
(-0.3794)
(-0.0383)
G4(-1.3047)
(1.2015)
(4.2266)
A1(12.5739)
(11.2758)
(5.1349)
A2(11.0038)
(16.4721)
(14.6429)
A3(9.8833)
(10.2999)
(1.7238)
A4(-7.1587)
(-3.5769)
(-14.1306)
G1(0.9355)
(-7.7747)
(-0.8093)
G2(-6.8946)
(-4.1707)
(0.4363)
G3(-0.4220)
(-1.8933)
(0.0005)
G4(-1.1190)
(4.7715)
(7.6544)
A1(-0.6562)
(6.4570)
(16.8849)
A2(-1.0534)
(14.2024)
(22.1943)
A3(5.8610)
(10.7212)
(0.8428)
A4(-7.4843)
(-4.2138)
(-10.3813)
G1(-0.4656)
(-10.2480)
(-0.4949)
G2(-8.9038)
(-2.1966)
(2.7281)
G3(-0.2097)
(-3.0479)
(0.0122)
G4(-0.4342)
(6.4960)
(7.4267)
A1(-3.4824)
(2.1124)
(5.9875)
A2(9.4619)
(3.9121)
(15.8831)
A3(26.9970)
(2.4756)
(5.8466)
A4(-1.4269)
(-4.9321)
(-4.0366)
G1(1.0791)
(-0.9046)
(-0.0617)
G2(-6.3822)
(-8.9911)
(-0.2597)
G3(-1.1297)
(-8.8804)
(4.6416)
G4(-3.3278)
(3.6008)
(4.8608)
A1(2.0885)
(16.5065)
(6.4234)
A2(-4.9177)
(9.2416)
(4.0510)
A3(-14.3987)
(6.9049)
(-4.4628)
A4(-17.6405)
(33.4662)
(-26.2213)
G1(-0.4651)
(-3.0969)
(0.0516)
G2(-1.8374)
(-4.5778)
(1.5059)
G3(-0.8530)
(-0.1884)
(-1.0163)
G4(-3.0644)
(3.8014)
(-2.3785)
A1(-6.4234)
(6.5863)
(2.7016)
A2(-2.3415)
(9.6199)
(-0.4118)
A3(7.5848)
(25.8765)
(7.0629)
A4(16.3620)
(-65.1845)
(13.0292)
G1(-0.1868)
(-0.4448)
(-0.3219)
G2(0.2235)
(-1.2169)
(1.4841)
G3(-1.0334)
(-0.7263)
(1.2441)
G4(10.0516)
(-6.5237)
(-6.5865)
A1(-2.7878)
(10.8782)
(2.7399)
A2(15.8400)
(-16.2135)
(-2.3032)
A3(0.6991)
(9.8258)
(-4.0175)
A4(11.6693)
(-6.5697)
(-4.8794)
G1(-0.1112)
(1.0658)
(-0.3927)
G2(0.7838)
(-0.0117)
(-0.2969)
G3(0.1666)
(1.1355)
(-0.3698)
G4(3.2368)
(-2.6515)
(-1.3558)
A1(1.1975)
(10.7441)
(3.1566)
A2(10.3956)
(1.5945)
(-3.0311)
A3(2.9018)
(9.1363)
(-2.5953)
A4(7.9918)
(-1.9154)
(-3.1508)
G1(0.2570)
(-0.1229)
(-0.3608)
G2(-0.0021)
(0.4901)
(-0.6949)
G3(-0.0208)
(0.5236)
(-0.0910)
G4(2.1205)
(-1.9060)
(-0.0814)
A1(-2.1555)
(10.4040)
(1.5903)
A2(7.9631)
(-1.0247)
(-0.1915)
A3(1.4940)
(9.3182)
(-1.3934)
A4(7.6662)
(-2.6432)
(-4.8028)
G1(0.4778)
(0.0474)
(0.0681)
G2(-1.0467)
(0.9291)
(-2.0034)
G3(-0.1506)
(0.6183)
(-0.1320)
G4(0.2246)
(-2.9543)
(-1.2004)
A1(-1.1257)
(8.7322)
(0.7233)
A2(7.8578)
(1.1396)
(1.4126)
A3(1.1492)
(9.4954)
(-1.2067)
A4(4.5059)
(-1.1971)
(-6.2201)
G1(0.3320)
(-0.2086)
(0.0436)
G2(0.1346)
(1.1584)
(-1.7278)
G3(-0.1639)
(-0.6109)
(0.0133)
G4(-2.4695)
(-3.8286)
(-0.4864)
A1(-1.4274)
(9.4076)
(0.9484)
A2(9.6295)
(2.7677)
(1.1636)
A3(1.1588)
(9.2560)
(-1.8818)
A4(2.8204)
(-3.9217)
(-7.3741)
G1(0.1830)
(-0.0341)
(-0.1240)
G2(-0.0724)
(1.5761)
(-1.6533)
G3(-0.1059)
(-0.1160)
(0.0117)
G4(-2.9974)
(-3.2661)
(-1.3489)
A1(-1.6574)
(10.5333)
(0.1437)
A2(9.0022)
(4.5633)
(1.5275)
A3(0.3639)
(9.1602)
(-1.9249)
A4(4.2377)
(4.2234)
(-9.8689)
G1(0.0351)
(0.1330)
(0.0122)
G2(0.1830)
(1.3202)
(-1.8470)
G3(0.2841)
(0.5869)
(-0.1208)
G4(-2.8409)
(-0.1767)
(-0.9142)
A1(0.6131)
(9.7286)
(-1.7005)
A2(7.4843)
(4.5873)
(0.8428)
A3(1.2115)
(8.7724)
(-3.9025)
A4(5.7317)
(7.2401)
(-9.5768)
G1(-0.2751)
(2.0790)
(-0.5241)
G2(0.6002)
(2.1721)
(-2.4669)
G3(0.3629)
(0.8764)
(-0.2293)
G4(-3.7243)
(0.0947)
(-0.9961)
A1(0.1150)
(9.6950)
(-0.5030)
A2(5.3391)
(8.4420)
(4.7932)
A3(1.4317)
(8.7005)
(-3.0119)
A4(9.8881)
(13.5608)
(-6.5888)
G1(0.0553)
(1.3665)
(-0.0245)
G2(1.8161)
(1.0509)
(-2.3807)
G3(0.3608)
(1.3510)
(-0.3762)
G4(-2.7920)
(-1.7427)
(1.1329)
A1(-1.0538)
(8.8759)
(-0.3832)
A2(7.8961)
(8.0828)
(1.4748)
A3(3.6152)
(9.2129)
(-2.3942)
A4(2.5522)
(8.9399)
(-4.0797)
G1(-0.6401)
(1.6410)
(0.3629)
G2(1.7161)
(1.6123)
(-1.7145)
G3(0.4464)
(0.8775)
(-0.2762)
G4(-1.3404)
(-1.1238)
(0.0362)
