A1(2.8644)
(9.4460)
(5.3026)
A2(2.4181)
(8.7149)
(-0.7422)
A3(-1.4365)
(9.8833)
(-1.6041)
A4(0.3591)
(9.5002)
(-3.5386)
G1(-1.9055)
(-0.9695)
(0.3922)
G2(-0.0021)
(0.0511)
(-0.0266)
G3(0.1815)
(-0.0564)
(0.1304)
G4(0.1591)
(-0.2975)
(0.0937)
A1(-5.9732)
(7.0366)
(3.6404)
A2(2.5043)
(9.6486)
(-2.1356)
A3(-4.8076)
(10.5249)
(-4.8363)
A4(0.0622)
(9.8210)
(-2.5905)
G1(-0.8210)
(-3.1416)
(-1.3186)
G2(0.0511)
(-0.2160)
(0.0170)
G3(-0.0995)
(-1.6416)
(1.2329)
G4(0.7732)
(-0.3092)
(0.1000)
A1(5.2643)
(7.3575)
(7.9515)
A2(2.9975)
(9.1842)
(0.4166)
A3(-0.2682)
(6.9288)
(-4.4197)
A4(-2.0973)
(7.3885)
(-6.3015)
G1(-0.1426)
(-1.4293)
(-0.5704)
G2(-0.6263)
(-1.1238)
(0.1086)
G3(-0.0192)
(-2.8479)
(1.8635)
G4(0.9679)
(-1.0147)
(0.5454)
A1(-4.4643)
(6.2654)
(11.7500)
A2(3.3040)
(8.8442)
(1.9106)
A3(16.6110)
(4.8650)
(4.7788)
A4(-2.8156)
(9.4715)
(-5.9759)
G1(0.9190)
(-5.6335)
(-0.1128)
G2(-0.9977)
(-1.5373)
(-0.0234)
G3(-2.1476)
(-3.5971)
(3.9531)
G4(0.7333)
(-1.8374)
(1.1318)
A1(-5.3840)
(13.3307)
(0.9484)
A2(-1.1444)
(10.6063)
(1.0199)
A3(-15.9885)
(14.2168)
(-0.5938)
A4(-7.5369)
(28.1175)
(7.9727)
G1(1.9433)
(-0.9567)
(-0.6981)
G2(-0.3927)
(-2.7680)
(0.2219)
G3(-0.2804)
(-5.6681)
(2.7558)
G4(3.5747)
(-2.1689)
(3.0863)
A1(-1.5472)
(5.3936)
(3.4105)
A2(2.6671)
(8.6622)
(6.2776)
A3(5.5833)
(4.4484)
(-12.8186)
A4(-15.3468)
(22.7353)
(-12.9766)
G1(1.8246)
(-6.1576)
(-0.9472)
G2(-0.1820)
(-3.4981)
(1.1957)
G3(2.1343)
(-3.9579)
(1.2808)
G4(1.7629)
(-4.8114)
(8.7107)
A1(6.9887)
(8.7658)
(6.5911)
A2(-0.8811)
(11.3437)
(5.6982)
A3(8.2361)
(6.9623)
(-3.6583)
A4(-8.3989)
(1.1588)
(-24.4687)
G1(2.1875)
(-6.9026)
(-1.0695)
G2(-6.4066)
(-1.2201)
(1.9252)
G3(-0.3480)
(-1.6884)
(0.1383)
G4(-0.2724)
(3.3864)
(7.0707)
A1(-2.2561)
(6.3755)
(8.8616)
A2(0.7183)
(12.4786)
(23.7457)
A3(8.7771)
(11.1761)
(0.3926)
A4(-7.9583)
(-3.8307)
(-11.1330)
G1(1.9827)
(-6.3997)
(-0.5454)
G2(-6.8435)
(-6.5061)
(1.6533)
G3(-0.6806)
(-4.7949)
(0.8338)
G4(2.7824)
(7.1564)
(7.1255)
A1(-9.9777)
(1.7675)
(3.3387)
A2(3.8451)
(22.9939)
(13.5033)
A3(22.0889)
(8.3127)
(9.3134)
A4(-4.3096)
(-4.5586)
(-2.0973)
G1(0.5470)
(-4.4527)
(0.5805)
G2(-7.2766)
(-4.5772)
(-0.1064)
G3(-1.2553)
(-7.3474)
(2.0758)
G4(0.5837)
(7.4097)
(3.0027)
A1(-9.6232)
(3.2955)
(0.1581)
A2(-1.4078)
(13.8145)
(11.1618)
A3(-5.4588)
(11.8561)
(3.8259)
A4(-3.0837)
(-9.3948)
(-2.9784)
G1(-0.6098)
(-1.8757)
(-0.2586)
G2(-3.2406)
(-8.3472)
(2.4690)
G3(-2.3913)
(-6.3928)
(1.7629)
G4(-4.6161)
(1.4825)
(4.8225)
A1(-6.9312)
(8.5790)
(1.4658)
A2(-0.2969)
(3.6919)
(-2.9066)
A3(3.2082)
(10.6781)
(-0.5794)
A4(-6.3111)
(6.3877)
(21.1025)
G1(-0.8152)
(-1.0605)
(-0.3698)
G2(0.8434)
(-0.5380)
(1.9278)
G3(-0.1501)
(-1.0733)
(-0.0809)
G4(7.0904)
(-12.5813)
(-5.7277)
A1(-1.4610)
(10.7872)
(0.7041)
A2(6.4979)
(-0.9768)
(0.7230)
A3(-3.3471)
(10.0987)
(-3.2801)
A4(-2.8299)
(15.8592)
(-11.7986)
G1(-0.1559)
(0.3251)
(-0.3863)
G2(0.1623)
(-1.7783)
(1.5277)
G3(0.1479)
(0.2219)
(-0.2554)
G4(2.0353)
(-1.8230)
(-1.7363)
A1(-2.5148)
(9.2783)
(0.2730)
A2(0.4501)
(1.4988)
(0.8523)
A3(-0.1628)
(7.9823)
(-5.1475)
A4(5.8371)
(-7.2113)
(-3.2322)
G1(0.1165)
(0.6008)
(-0.3283)
G2(-2.7665)
(0.1224)
(-0.7604)
G3(0.0819)
(0.1916)
(-0.1889)
G4(1.5575)
(-3.3018)
(-1.1414)
A1(-2.1316)
(10.4854)
(0.3784)
A2(5.6264)
(-1.2163)
(0.5076)
A3(0.7853)
(9.1985)
(-1.7861)
A4(6.7277)
(-4.8602)
(-6.3877)
G1(0.1612)
(1.1350)
(-0.2022)
G2(-1.0440)
(-0.8955)
(-1.1749)
G3(-0.0223)
(1.5947)
(-0.5167)
G4(-1.2664)
(-3.8094)
(-2.2354)
A1(-0.2922)
(9.0101)
(1.3795)
A2(12.5935)
(6.4596)
(-2.1787)
A3(1.0104)
(8.9064)
(-2.5809)
A4(3.5578)
(-0.4693)
(-7.6519)
G1(-0.2389)
(2.0407)
(-0.2320)
G2(0.2304)
(4.7065)
(-2.3456)
G3(-0.1171)
(0.8918)
(-0.2852)
G4(-3.6758)
(-4.2324)
(-1.3489)
A1(-0.7808)
(8.8664)
(-0.2395)
A2(7.7764)
(5.9711)
(3.7302)
A3(0.5459)
(9.2512)
(-2.3320)
A4(4.2425)
(3.5626)
(-11.3533)
G1(-0.2852)
(-0.3198)
(-0.1187)
G2(-0.0899)
(2.0556)
(-1.9023)
G3(-0.0160)
(0.7364)
(-0.2341)
G4(-2.9734)
(-1.1648)
(0.0096)
A1(-1.3556)
(9.9729)
(-0.1868)
A2(10.5105)
(6.4117)
(-0.2825)
A3(-0.1484)
(9.0501)
(-2.6719)
A4(8.4084)
(6.3877)
(-10.5153)
G1(0.0761)
(0.4624)
(0.0649)
G2(1.1345)
(2.2125)
(-2.3301)
G3(0.0788)
(0.1735)
(-0.1463)
G4(-2.8771)
(-1.4277)
(0.7359)
A1(-0.5940)
(9.4316)
(-0.6131)
A2(6.4069)
(6.4596)
(5.3439)
A3(2.3463)
(8.6957)
(-3.0454)
A4(0.0287)
(10.7069)
(-9.3134)
G1(0.1878)
(0.0926)
(-0.2198)
G2(1.1664)
(-0.0761)
(-2.3738)
G3(0.1942)
(0.3874)
(-0.1799)
G4(-3.0123)
(-0.5529)
(0.7583)
A1(1.3604)
(10.6914)
(1.1736)
A2(7.6567)
(6.2776)
(1.6041)
A3(2.2793)
(9.2799)
(-1.5036)
A4(4.4772)
(8.9064)
(-2.6671)
G1(-0.2235)
(0.7561)
(-0.1724)
G2(2.1859)
(0.5821)
(-1.3526)
G3(0.1612)
(0.1309)
(-0.2230)
G4(-2.6212)
(-0.5832)
(0.4901)
A1(0.9867)
(10.7776)
(4.3350)
A2(4.9991)
(7.7237)
(0.8475)
A3(-1.1157)
(9.0261)
(-4.3096)
A4(11.1522)
(8.6431)
(-7.6662)
G1(0.4166)
(0.5071)
(-0.8274)
G2(1.9257)
(1.0844)
(-1.0839)
G3(0.3182)
(-0.2554)
(-0.1995)
G4(-1.3888)
(0.8769)
(-0.3677)
