A1(-0.6706)
(7.2856)
(4.8715)
A2(0.9673)
(8.3606)
(2.8874)
A3(-9.5672)
(9.5002)
(-6.2153)
A4(-1.0870)
(8.0445)
(-6.4452)
G1(-0.2474)
(-2.5345)
(-1.2616)
G2(-0.3996)
(-0.0027)
(0.1341)
G3(0.4624)
(-1.9662)
(1.2643)
G4(-0.1240)
(-1.0637)
(0.5970)
A1(-4.4931)
(4.7709)
(7.0605)
A2(3.7254)
(9.2560)
(0.5890)
A3(4.9416)
(6.9384)
(0.2538)
A4(-0.3400)
(10.3525)
(-5.9185)
G1(1.0786)
(-3.8121)
(-0.3257)
G2(0.4581)
(-2.5494)
(-0.0192)
G3(-0.8753)
(-4.4277)
(3.1900)
G4(0.4933)
(-0.4943)
(0.8120)
A1(-7.0940)
(11.7595)
(11.3237)
A2(-0.4453)
(10.0940)
(2.7533)
A3(9.4954)
(7.9871)
(6.5362)
A4(3.8834)
(15.8352)
(1.0151)
G1(1.4218)
(0.0218)
(0.5289)
G2(0.4076)
(-3.1022)
(0.1878)
G3(-2.6345)
(-8.1828)
(4.2830)
G4(1.2191)
(-2.1519)
(2.1205)
A1(6.8306)
(7.4294)
(-1.3221)
A2(0.2155)
(10.1993)
(0.2825)
A3(15.8257)
(11.4922)
(-0.7135)
A4(-3.4093)
(20.7386)
(-6.8091)
G1(1.0483)
(-3.2629)
(1.0940)
G2(0.5667)
(-1.2499)
(0.6247)
G3(1.9092)
(2.0987)
(-0.7865)
G4(3.0602)
(-1.3388)
(2.5494)
A1(-0.0623)
(7.4677)
(1.3556)
A2(3.5721)
(14.2263)
(3.8690)
A3(5.2481)
(25.6706)
(20.0059)
A4(-8.3031)
(23.0179)
(-1.5802)
G1(1.8837)
(-5.8383)
(-1.4904)
G2(0.1815)
(-2.9495)
(0.8418)
G3(0.1442)
(2.2450)
(0.2655)
G4(4.1319)
(-5.0146)
(7.6310)
A1(7.5299)
(10.7776)
(5.8199)
A2(-1.1205)
(1.3503)
(16.0268)
A3(4.9081)
(7.4124)
(-4.3622)
A4(-12.2009)
(-9.5672)
(-26.1160)
G1(2.2578)
(-6.6855)
(-0.6385)
G2(-8.5463)
(-1.7288)
(1.5272)
G3(-0.4438)
(-1.5612)
(0.8216)
G4(1.3814)
(5.4547)
(6.2827)
A1(13.0433)
(10.7057)
(12.6792)
A2(2.3272)
(26.7337)
(-8.9878)
A3(8.3941)
(9.3518)
(-2.9688)
A4(-9.2560)
(-5.4827)
(-14.8871)
G1(0.3539)
(-7.7023)
(-1.6937)
G2(-8.3281)
(-9.3333)
(-0.6321)
G3(-0.5720)
(-1.7938)
(0.6439)
G4(3.0011)
(7.8838)
(6.9286)
A1(-5.3505)
(6.7587)
(1.5424)
A2(2.4517)
(25.9196)
(20.4321)
A3(4.9943)
(10.6398)
(-0.9529)
A4(-8.5521)
(-6.3686)
(-2.8683)
G1(2.0779)
(-5.7048)
(0.4103)
G2(-11.6261)
(-3.4688)
(1.0977)
G3(-0.5034)
(-8.1961)
(3.3624)
G4(-3.9669)
(7.5815)
(3.3837)
A1(-22.2641)
(14.3893)
(10.0974)
A2(16.6780)
(5.0135)
(10.1323)
A3(17.5782)
(-0.0287)
(5.7700)
A4(-8.4372)
(-14.7435)
(3.8738)
G1(-1.1233)
(-2.5605)
(-1.2462)
G2(-5.4999)
(-8.2525)
(-0.9349)
G3(-3.5354)
(-11.2696)
(6.5876)
G4(-5.9639)
(3.7594)
(2.0284)
A1(-14.1450)
(5.3169)
(6.1312)
A2(-11.4634)
(13.9965)
(5.0805)
A3(27.0305)
(-1.5467)
(-8.1786)
A4(-11.1043)
(-37.7278)
(42.6312)
G1(0.2416)
(-1.7347)
(-0.8168)
G2(0.5289)
(-3.4098)
(3.5907)
G3(-0.8508)
(-0.6997)
(-0.3938)
G4(15.7133)
(-17.4363)
(-7.4506)
A1(0.3880)
(8.9526)
(4.6368)
A2(-1.9106)
(-0.4884)
(-17.3771)
A3(0.6273)
(4.5250)
(3.9744)
A4(0.8811)
(6.5745)
(6.0765)
G1(-0.6992)
(0.6401)
(-0.1815)
G2(0.1501)
(2.0327)
(1.3031)
G3(-1.6043)
(-4.1851)
(0.7269)
G4(-10.7556)
(2.6223)
(-2.4573)
A1(-1.2310)
(9.9010)
(0.8335)
A2(-6.3877)
(5.8131)
(7.8578)
A3(1.9920)
(8.2456)
(-2.0255)
A4(5.8658)
(-6.3111)
(-1.6281)
G1(-0.1298)
(-0.0144)
(-0.3964)
G2(-0.5986)
(-3.8355)
(-0.0889)
G3(0.1043)
(1.0680)
(-0.6933)
G4(1.1334)
(-3.9307)
(-0.6928)
A1(-3.2812)
(8.8424)
(2.1411)
A2(-0.4453)
(-4.0941)
(-8.8585)
A3(-0.0479)
(9.0932)
(-5.2625)
A4(6.1244)
(-2.2266)
(-3.8547)
G1(0.0213)
(0.8466)
(0.1261)
G2(-0.5353)
(1.8353)
(-2.4988)
G3(0.0436)
(0.4800)
(-0.3496)
G4(1.7730)
(-2.9612)
(0.3427)
A1(-1.6286)
(10.7632)
(1.5232)
A2(4.1994)
(-1.3264)
(2.6193)
A3(1.8292)
(6.8570)
(-2.2362)
A4(6.3351)
(-3.3806)
(-5.6647)
G1(0.1208)
(1.6895)
(0.2240)
G2(0.3411)
(-1.6229)
(-1.3569)
G3(0.1048)
(1.8390)
(-0.7317)
G4(-2.4765)
(-4.3048)
(-2.9287)
A1(-1.0203)
(8.7370)
(1.5472)
A2(1.8483)
(0.1293)
(1.4557)
A3(-1.1013)
(9.8737)
(-4.3383)
A4(6.1866)
(-3.3088)
(-8.7484)
G1(0.4613)
(1.6820)
(0.5513)
G2(-1.6953)
(3.6455)
(-2.3477)
G3(0.2261)
(2.0220)
(-0.6699)
G4(-3.6684)
(-4.0802)
(-2.7234)
A1(-0.2443)
(10.1166)
(1.4658)
A2(8.2744)
(2.4229)
(1.2641)
A3(-0.0958)
(9.6917)
(-3.4764)
A4(2.1979)
(6.1196)
(-10.3094)
G1(-0.1985)
(0.6673)
(0.4028)
G2(0.0734)
(3.0586)
(-1.5405)
G3(0.4097)
(1.6953)
(-0.4071)
G4(-2.8596)
(-0.4608)
(-2.3620)
A1(0.6275)
(11.6494)
(-0.1102)
A2(8.0254)
(5.8658)
(2.3750)
A3(-1.2019)
(9.2703)
(-3.3710)
A4(5.1380)
(6.4548)
(-8.8490)
G1(0.0676)
(0.4310)
(0.1208)
G2(0.0851)
(2.1753)
(-1.5559)
G3(0.4512)
(0.9190)
(-0.2900)
G4(-1.2707)
(-0.2091)
(-0.1421)
A1(0.0287)
(9.3118)
(0.0719)
A2(8.0349)
(4.9368)
(5.4636)
A3(1.2354)
(8.4228)
(-5.8419)
A4(2.8108)
(5.5593)
(-11.2767)
G1(0.4379)
(0.4704)
(-0.4305)
G2(0.4470)
(1.6618)
(-1.5298)
G3(0.0793)
(0.3927)
(-0.2246)
G4(-1.7762)
(-0.5821)
(0.3288)
A1(-0.1629)
(9.4555)
(1.7388)
A2(6.3446)
(6.5841)
(7.7620)
A3(2.3272)
(8.3558)
(-5.2002)
A4(3.9456)
(6.9480)
(-8.6526)
G1(0.2884)
(0.2065)
(-0.4677)
G2(1.0844)
(0.2150)
(-1.6948)
G3(-0.0745)
(0.2139)
(-0.2480)
G4(-2.1050)
(-0.9163)
(-0.0527)
A1(0.1245)
(8.7227)
(0.4455)
A2(8.2121)
(7.2209)
(1.6807)
A3(1.3168)
(8.9256)
(-2.7629)
A4(4.2090)
(8.6718)
(-8.7005)
G1(-0.3246)
(0.3757)
(-0.2916)
G2(1.8321)
(1.0387)
(-1.8709)
G3(0.0043)
(0.1894)
(-0.2682)
G4(-2.7388)
(-1.5921)
(0.6891)
