A1(1.1736)
(8.1287)
(-1.4131)
A2(3.3854)
(6.8139)
(3.0071)
A3(1.8435)
(8.4324)
(-5.3199)
A4(9.8641)
(7.5417)
(-1.6424)
G1(-0.2363)
(2.2806)
(-0.7716)
G2(-0.7013)
(1.0515)
(1.0743)
G3(0.2251)
(0.8977)
(-0.5284)
G4(1.6772)
(1.8858)
(-1.0014)
A1(-0.1293)
(13.7426)
(1.4370)
A2(-3.2130)
(6.1100)
(4.9704)
A3(-0.6752)
(10.1083)
(-2.9018)
A4(3.2848)
(11.0421)
(-1.9920)
G1(-1.7256)
(3.4183)
(-0.9945)
G2(-0.5114)
(1.3063)
(1.0536)
G3(0.5566)
(0.6274)
(-0.2868)
G4(2.2535)
(0.1612)
(-0.1314)
A1(-0.3784)
(9.0005)
(6.1408)
A2(1.4126)
(6.9719)
(8.5569)
A3(-1.4509)
(13.4458)
(1.3072)
A4(2.6480)
(7.3502)
(-9.9120)
G1(-2.0880)
(2.9921)
(-1.1834)
G2(-0.3895)
(5.5675)
(0.1240)
G3(1.5341)
(1.4394)
(-1.0105)
G4(0.5555)
(-0.0777)
(-0.4193)
A1(-5.1397)
(0.9772)
(9.6328)
A2(9.0022)
(9.4092)
(7.4077)
A3(3.3615)
(18.6556)
(6.7900)
A4(3.6296)
(10.9607)
(-0.9290)
G1(-7.5613)
(3.2097)
(-1.3244)
G2(0.9706)
(2.6632)
(-0.2565)
G3(2.5478)
(1.4335)
(-1.4527)
G4(-0.1671)
(-2.6717)
(0.2719)
A1(-5.2547)
(10.3800)
(17.7423)
A2(-9.0501)
(16.5104)
(4.5777)
A3(9.0549)
(19.8910)
(1.1109)
A4(-5.6599)
(8.4228)
(-5.9616)
G1(-7.6901)
(5.0710)
(0.3746)
G2(2.3594)
(2.0720)
(-1.0935)
G3(4.6097)
(5.9527)
(-4.3415)
G4(-0.0617)
(1.9119)
(-0.5151)
A1(-7.7694)
(19.6583)
(18.8105)
A2(3.7397)
(0.3831)
(4.9560)
A3(16.5822)
(18.7466)
(-16.1465)
A4(-6.2920)
(9.3805)
(-6.6990)
G1(-7.7050)
(1.6198)
(-0.1431)
G2(1.3633)
(1.7687)
(0.7466)
G3(2.7899)
(4.5544)
(-5.5308)
G4(-0.0740)
(2.5914)
(-0.2655)
A1(-11.7021)
(10.4088)
(11.3332)
A2(-9.3853)
(15.1649)
(0.7374)
A3(28.8262)
(7.8147)
(-18.2438)
A4(-6.0765)
(15.1553)
(1.8818)
G1(-6.1299)
(3.9956)
(1.6825)
G2(1.2707)
(3.2645)
(0.4677)
G3(-1.2531)
(-2.0625)
(-3.3028)
G4(0.4193)
(4.8726)
(-1.0296)
A1(-7.4198)
(5.4702)
(13.2301)
A2(-1.7813)
(8.9783)
(3.9552)
A3(10.1466)
(2.5522)
(-19.4601)
A4(0.6416)
(19.3068)
(6.2106)
G1(-5.4866)
(8.3361)
(-0.1208)
G2(1.4974)
(6.2188)
(0.6518)
G3(-0.4741)
(-0.4432)
(-4.3005)
G4(2.3328)
(10.4321)
(-5.5004)
A1(9.4651)
(17.0861)
(12.3727)
A2(-2.0782)
(11.1618)
(1.2067)
A3(13.6517)
(0.0910)
(-20.7098)
A4(-12.8712)
(-5.7174)
(-2.1691)
G1(-1.3835)
(7.8811)
(-2.5770)
G2(0.8913)
(2.9522)
(1.4527)
G3(3.5550)
(-2.0912)
(-8.6176)
G4(0.7939)
(15.0508)
(-11.4048)
A1(4.9577)
(7.6210)
(-8.1287)
A2(-12.1865)
(10.2472)
(7.8530)
A3(7.5753)
(-1.4509)
(-3.9313)
A4(23.5542)
(18.1241)
(3.8164)
G1(0.0819)
(3.4896)
(-2.4014)
G2(0.8977)
(5.5616)
(2.1024)
G3(7.1771)
(-8.8623)
(-4.6379)
G4(-2.5685)
(8.8325)
(-3.7466)
A1(1.9927)
(-15.8981)
(2.3711)
A2(12.8569)
(-0.2107)
(32.0631)
A3(5.1858)
(-18.6844)
(7.2496)
A4(-9.5481)
(11.7843)
(1.4988)
G1(-1.3627)
(3.8722)
(1.6815)
G2(-0.1618)
(17.4357)
(2.4796)
G3(-5.1594)
(-4.9306)
(-6.1406)
G4(-1.8709)
(6.2417)
(-2.2625)
A1(1.3652)
(1.1783)
(-7.2665)
A2(13.6757)
(1.5945)
(14.9733)
A3(-0.6369)
(9.0932)
(1.0199)
A4(24.5023)
(12.4786)
(5.3534)
G1(-2.4110)
(-2.6148)
(2.3599)
G2(0.0841)
(-7.0718)
(2.7771)
G3(-3.4316)
(-0.6784)
(-10.2942)
G4(-1.1323)
(-0.0074)
(0.6247)
A1(-12.1140)
(8.2101)
(1.3508)
A2(-0.8667)
(12.4786)
(2.5187)
A3(27.6578)
(5.7652)
(36.4398)
A4(-2.5857)
(13.2016)
(3.5243)
G1(0.6902)
(-5.0716)
(1.8938)
G2(0.9700)
(-3.5045)
(-0.2804)
G3(6.9547)
(17.4357)
(0.2464)
G4(0.0266)
(1.5032)
(-0.1389)
A1(-8.7993)
(0.2730)
(2.4717)
A2(-8.3127)
(12.8186)
(5.6312)
A3(-11.4922)
(19.9629)
(-6.5410)
A4(3.5243)
(8.5904)
(-3.2561)
G1(-1.0115)
(1.8097)
(2.9362)
G2(0.7215)
(3.0591)
(-0.0777)
G3(-12.5717)
(-1.6543)
(5.5664)
G4(0.1016)
(0.4752)
(0.3400)
A1(-4.9673)
(4.9721)
(-1.8873)
A2(28.1510)
(5.9089)
(4.7214)
A3(-12.6031)
(-5.6838)
(-6.1052)
A4(2.0494)
(9.7157)
(-2.9975)
G1(0.4810)
(-3.2746)
(2.4036)
G2(0.6433)
(2.8841)
(0.0016)
G3(1.6272)
(0.3672)
(5.3749)
G4(0.0181)
(-0.6236)
(0.2480)
A1(-13.9342)
(8.1574)
(1.9112)
A2(-9.1889)
(11.0516)
(2.2697)
A3(-6.0382)
(-4.3814)
(-2.4948)
A4(-0.3065)
(9.6055)
(-3.4285)
G1(0.1405)
(-2.7324)
(2.7085)
G2(-0.7748)
(-0.8604)
(0.5433)
G3(-0.0197)
(5.8602)
(-1.0515)
G4(0.1974)
(-0.4017)
(0.2458)
A1(-9.4220)
(6.3947)
(2.5004)
A2(3.5721)
(10.1801)
(2.6097)
A3(-3.6152)
(-0.9960)
(-6.0478)
A4(-0.0479)
(10.1275)
(-3.9504)
G1(1.4873)
(-1.5782)
(2.3040)
G2(-0.3895)
(-0.6625)
(0.1192)
G3(-3.2448)
(4.3777)
(-1.0632)
G4(0.1963)
(-0.4566)
(0.1868)
A1(-5.2259)
(6.8450)
(1.3843)
A2(-0.6177)
(9.4619)
(2.7102)
A3(0.7949)
(-1.7765)
(-14.1641)
A4(0.6273)
(8.6766)
(-5.1858)
G1(1.0243)
(-0.5880)
(2.5791)
G2(-0.4188)
(-0.9589)
(0.2735)
G3(-4.5065)
(2.3663)
(-1.0073)
G4(0.0037)
(-0.4619)
(0.2543)
A1(-8.0521)
(6.1456)
(2.8309)
A2(1.1636)
(9.3709)
(1.3695)
A3(-0.6321)
(1.5850)
(-10.1993)
A4(0.4070)
(8.9830)
(-4.0462)
G1(1.4819)
(-1.7086)
(1.7645)
G2(-0.0867)
(-0.2155)
(-0.2001)
G3(-4.1361)
(2.2737)
(-0.7322)
G4(0.0298)
(-0.2187)
(0.1501)
A1(-4.8906)
(10.3177)
(2.2130)
A2(0.7805)
(10.1801)
(2.5762)
A3(-0.0239)
(5.7844)
(-11.9806)
A4(0.5794)
(9.4858)
(-3.4046)
G1(1.6724)
(-0.0766)
(1.0903)
G2(-0.2932)
(-0.9237)
(0.0500)
G3(-3.4236)
(0.8413)
(-1.1675)
G4(-0.0048)
(-0.2469)
(0.2661)
