A1(1.4514)
(6.1792)
(5.7241)
A2(5.3726)
(9.3422)
(2.2553)
A3(-5.2433)
(7.2018)
(-6.4212)
A4(-2.3511)
(7.9679)
(-8.0685)
G1(0.5640)
(-2.3158)
(-0.6524)
G2(-0.2192)
(-0.1937)
(0.2150)
G3(0.1176)
(-2.3360)
(1.7613)
G4(0.4869)
(-0.6987)
(0.5640)
A1(-1.9016)
(8.2293)
(12.9762)
A2(4.4724)
(8.9256)
(2.5091)
A3(11.0995)
(3.0885)
(-1.1492)
A4(0.0192)
(8.4611)
(-6.5027)
G1(-0.3480)
(-4.8683)
(-0.4129)
G2(0.1820)
(-2.2306)
(0.1272)
G3(-1.5527)
(-3.6003)
(4.6948)
G4(0.5321)
(-0.4119)
(0.6071)
A1(-6.7300)
(10.0016)
(11.4434)
A2(-1.0822)
(11.3868)
(2.7869)
A3(-8.8155)
(13.3644)
(-1.2737)
A4(4.0366)
(21.4377)
(0.3783)
G1(2.1822)
(0.4294)
(-0.1745)
G2(-0.1160)
(-1.1275)
(-0.0745)
G3(-0.9642)
(-6.3614)
(3.1778)
G4(2.4823)
(-2.1258)
(2.1795)
A1(3.8656)
(6.5911)
(-2.0597)
A2(3.7445)
(9.8162)
(-1.8435)
A3(3.0358)
(7.0629)
(0.2825)
A4(-9.2895)
(35.5204)
(2.2984)
G1(0.6939)
(-2.0369)
(-1.0610)
G2(0.0255)
(-0.9525)
(-0.3395)
G3(0.9041)
(0.2379)
(0.0814)
G4(3.9461)
(-1.5495)
(4.4064)
A1(0.5317)
(8.9334)
(2.4429)
A2(-6.4883)
(12.2200)
(13.6661)
A3(11.4539)
(-5.9185)
(-17.4298)
A4(-26.3506)
(31.2683)
(-24.6699)
G1(2.0726)
(-4.8534)
(-2.0944)
G2(-0.9615)
(-3.5715)
(1.4016)
G3(0.9892)
(-2.7936)
(1.2627)
G4(0.3517)
(-0.3570)
(8.3031)
A1(9.4412)
(13.9534)
(9.7190)
A2(-2.3272)
(7.2065)
(7.2784)
A3(5.8897)
(9.2943)
(-9.0836)
A4(-13.9773)
(-8.4036)
(-20.3699)
G1(1.9060)
(-6.2725)
(-1.7703)
G2(-4.0196)
(-2.5116)
(1.5814)
G3(0.5369)
(-0.4406)
(-0.3049)
G4(0.7726)
(3.4343)
(5.1971)
A1(3.3961)
(10.8686)
(2.4765)
A2(5.7604)
(13.3261)
(22.5917)
A3(8.9830)
(9.3853)
(-3.9552)
A4(-12.0572)
(-7.0342)
(-11.0038)
G1(0.5177)
(-10.4502)
(-2.5717)
G2(-6.4630)
(-7.7976)
(1.2372)
G3(-0.4715)
(-3.4907)
(1.1919)
G4(2.3860)
(7.0372)
(7.7412)
A1(-8.5167)
(9.6232)
(-0.9053)
A2(-2.8012)
(18.4689)
(18.1385)
A3(13.3453)
(8.5281)
(1.6281)
A4(-8.0685)
(-4.0079)
(-4.6064)
G1(2.8617)
(-2.3126)
(-1.4431)
G2(-9.8483)
(-3.3390)
(2.1662)
G3(-1.2866)
(-6.3715)
(3.1687)
G4(0.8487)
(8.8501)
(5.3594)
A1(-2.6728)
(7.1372)
(10.8159)
A2(14.8824)
(15.9597)
(5.1188)
A3(12.9239)
(-0.7183)
(0.1580)
A4(-6.6559)
(-7.3071)
(-1.1205)
G1(0.7950)
(0.6502)
(-1.4042)
G2(-5.7926)
(-6.4769)
(0.0229)
G3(-2.3035)
(-7.1830)
(3.7264)
G4(-2.3376)
(5.9511)
(5.0098)
A1(-5.1014)
(11.9368)
(2.1268)
A2(-6.7516)
(15.5144)
(6.9767)
A3(16.0842)
(14.8393)
(9.0357)
A4(58.4425)
(14.5184)
(-55.5311)
G1(0.8764)
(-1.7666)
(-0.7987)
G2(-1.8714)
(-7.8221)
(2.1120)
G3(-0.2017)
(2.8505)
(-2.1859)
G4(1.3085)
(2.0391)
(1.2164)
A1(-6.3708)
(2.6297)
(3.8129)
A2(-2.8060)
(8.0924)
(0.0479)
A3(-4.4245)
(8.7963)
(-4.2473)
A4(-12.3541)
(-30.5117)
(24.3921)
G1(0.4028)
(-1.6804)
(-0.0857)
G2(0.0128)
(-1.9651)
(1.5602)
G3(-0.9860)
(-2.6882)
(-0.0048)
G4(8.5340)
(-4.7512)
(-7.9136)
A1(-0.3545)
(10.5046)
(0.5604)
A2(7.8578)
(-7.6950)
(4.5729)
A3(-3.5003)
(10.4627)
(-0.3543)
A4(12.8377)
(-15.1649)
(-4.8076)
G1(-0.1272)
(0.5646)
(-0.3086)
G2(0.7093)
(-4.2968)
(0.8508)
G3(0.0176)
(0.9546)
(-0.4193)
G4(4.9098)
(-1.9028)
(-1.4138)
A1(-1.2454)
(10.5141)
(0.3305)
A2(-9.3422)
(3.6679)
(3.8164)
A3(-1.4078)
(9.8881)
(-2.6145)
A4(6.5936)
(-6.2249)
(-0.9768)
G1(-0.0266)
(-0.2102)
(0.0005)
G2(-2.9059)
(3.2613)
(0.2416)
G3(0.1522)
(0.6401)
(-0.2277)
G4(0.9887)
(-4.5826)
(-0.0639)
A1(-3.0225)
(9.2304)
(-0.2922)
A2(5.0422)
(0.0000)
(-0.6369)
A3(2.2649)
(9.3996)
(-2.9257)
A4(6.0621)
(-5.7030)
(-5.4444)
G1(0.2112)
(0.6923)
(0.0591)
G2(-0.7423)
(3.7152)
(-2.6116)
G3(0.3714)
(0.9099)
(-0.2410)
G4(-0.5023)
(-3.4710)
(-1.1126)
A1(-0.1485)
(10.7728)
(-0.0479)
A2(5.5929)
(3.8547)
(-1.0439)
A3(2.5905)
(7.9487)
(-4.5155)
A4(2.6480)
(-0.6943)
(-9.0453)
G1(0.2751)
(0.6492)
(0.0293)
G2(0.2065)
(-0.8716)
(-2.0082)
G3(0.0527)
(0.4784)
(-0.1320)
G4(-4.0212)
(-3.0586)
(-3.2523)
A1(-1.8681)
(8.2532)
(0.1389)
A2(9.1411)
(3.8259)
(3.2992)
A3(1.7430)
(8.6766)
(-3.9025)
A4(3.4381)
(1.7478)
(-9.6247)
G1(-0.1692)
(0.4981)
(0.2975)
G2(-0.2235)
(3.2044)
(-1.9949)
G3(-0.0963)
(0.3432)
(-0.1250)
G4(-4.1962)
(-1.5751)
(-1.7645)
A1(-1.8106)
(9.4124)
(-0.7472)
A2(10.4914)
(5.6934)
(1.3264)
A3(1.2115)
(8.3222)
(-3.7733)
A4(4.3383)
(5.6503)
(-8.9878)
G1(0.1219)
(1.4745)
(-0.3331)
G2(0.4071)
(2.2184)
(-1.7230)
G3(0.0309)
(0.3783)
(-0.2597)
G4(-2.1215)
(0.7838)
(-1.1962)
A1(-0.1102)
(10.1166)
(-0.0240)
A2(9.3470)
(5.7269)
(2.7533)
A3(1.1875)
(8.3510)
(-4.1324)
A4(4.4628)
(6.7995)
(-8.7484)
G1(-0.1373)
(1.1393)
(-0.1000)
G2(0.9131)
(2.1529)
(-1.9183)
G3(-0.0793)
(0.4704)
(-0.2235)
G4(-1.9193)
(-1.4596)
(-0.1799)
A1(-0.7425)
(8.8903)
(-0.2299)
A2(7.9631)
(6.4548)
(4.6448)
A3(2.2793)
(8.7149)
(-3.3088)
A4(5.4731)
(9.6822)
(-7.5848)
G1(-0.1655)
(-0.1815)
(-0.0410)
G2(1.2579)
(2.2870)
(-1.6283)
G3(0.1256)
(-0.0399)
(-0.0511)
G4(-1.6788)
(-1.8698)
(0.9791)
A1(-1.1736)
(8.9574)
(1.0825)
A2(10.0365)
(7.6184)
(3.2082)
A3(1.5514)
(9.4236)
(-2.5618)
A4(3.1316)
(9.7636)
(-6.0669)
G1(-0.1266)
(-0.2458)
(-0.5028)
G2(1.7831)
(1.9129)
(-1.6448)
G3(0.2575)
(0.1463)
(-0.2059)
G4(-1.7251)
(-1.7948)
(0.7891)
