A1(-0.6035)
(10.8255)
(-0.5940)
A2(3.5530)
(7.9057)
(4.0079)
A3(0.5459)
(7.4603)
(-6.2106)
A4(2.6049)
(8.5904)
(-2.5570)
G1(-0.2480)
(-0.2990)
(0.1846)
G2(-0.0867)
(0.0984)
(0.0479)
G3(-0.0394)
(0.2416)
(-0.0165)
G4(0.1953)
(1.3037)
(-0.4629)
A1(-5.3936)
(8.4448)
(0.2922)
A2(3.4381)
(8.5473)
(3.9456)
A3(1.1396)
(7.6662)
(-5.9520)
A4(7.0485)
(13.9103)
(-0.6369)
G1(-0.0458)
(0.0458)
(-0.0569)
G2(-0.1059)
(0.0559)
(-0.0144)
G3(0.0043)
(0.0266)
(0.0569)
G4(0.9695)
(1.8773)
(-0.8626)
A1(1.7436)
(11.7452)
(3.1183)
A2(4.0127)
(9.1459)
(2.5762)
A3(-0.8715)
(7.7859)
(-5.1811)
A4(-3.5769)
(10.0126)
(2.2889)
G1(0.3570)
(2.2769)
(-0.3586)
G2(-0.1075)
(0.5859)
(0.2607)
G3(-0.1804)
(-0.2724)
(-0.0005)
G4(1.1371)
(7.9279)
(-4.3239)
A1(-1.5663)
(8.2484)
(-3.0177)
A2(6.4979)
(6.5122)
(4.4724)
A3(3.7972)
(9.4236)
(-4.3048)
A4(11.7555)
(4.0749)
(-4.5825)
G1(0.5140)
(1.5596)
(-0.4166)
G2(-0.6604)
(0.8280)
(0.4943)
G3(-0.0144)
(1.3468)
(-0.6460)
G4(1.2324)
(5.5223)
(-2.7159)
A1(2.7782)
(12.0901)
(5.0343)
A2(-1.2881)
(7.3263)
(7.8913)
A3(-2.9113)
(11.6933)
(-1.0487)
A4(-0.7183)
(15.0835)
(-0.2298)
G1(-1.6245)
(2.6446)
(-1.3947)
G2(0.3970)
(2.6978)
(1.5958)
G3(0.8982)
(0.9131)
(-0.5108)
G4(1.4468)
(0.1442)
(-0.4656)
A1(-3.9901)
(5.4127)
(4.7182)
A2(4.2473)
(5.7030)
(7.0198)
A3(-2.3655)
(16.4769)
(1.6999)
A4(-1.1636)
(3.7014)
(-6.9671)
G1(-5.3674)
(3.1639)
(-0.7258)
G2(0.0410)
(5.0455)
(0.3523)
G3(2.0013)
(0.9919)
(-0.9935)
G4(1.3250)
(0.0782)
(-0.4081)
A1(0.1629)
(11.6398)
(10.5716)
A2(7.0246)
(11.9997)
(12.5169)
A3(3.0837)
(16.5870)
(-3.5291)
A4(5.0949)
(7.4699)
(-8.3941)
G1(-7.1702)
(6.0996)
(0.7902)
G2(1.2739)
(-1.0445)
(-0.6614)
G3(3.5598)
(3.5210)
(-4.4384)
G4(0.4119)
(1.3548)
(-0.6838)
A1(1.5041)
(19.5625)
(12.3583)
A2(-6.9671)
(7.6854)
(4.2665)
A3(11.6310)
(16.4051)
(1.4365)
A4(-7.6710)
(9.1746)
(-7.6662)
G1(-6.9622)
(2.9245)
(-1.1951)
G2(0.9977)
(3.8669)
(0.2911)
G3(4.1989)
(8.6351)
(-5.9602)
G4(-0.3209)
(2.0971)
(-0.7391)
A1(-0.5892)
(9.3549)
(11.9559)
A2(4.0223)
(10.3621)
(1.5993)
A3(8.0685)
(4.9799)
(-20.3555)
A4(-10.5776)
(20.0730)
(2.6624)
G1(-5.9703)
(5.5553)
(-0.6002)
G2(1.5596)
(1.9773)
(1.7485)
G3(-0.4321)
(-3.5934)
(-2.4323)
G4(1.1228)
(8.3206)
(-3.2789)
A1(2.6202)
(10.0926)
(5.8630)
A2(-8.0924)
(12.1578)
(3.0071)
A3(11.7124)
(6.1818)
(-18.8088)
A4(-11.3102)
(-3.7924)
(-7.7093)
G1(-4.1058)
(6.3545)
(-0.7567)
G2(1.9672)
(5.6580)
(1.2329)
G3(1.7964)
(0.6864)
(-8.9033)
G4(0.7114)
(11.6474)
(-6.8009)
A1(7.8365)
(8.7275)
(-4.2296)
A2(-6.2010)
(8.2456)
(9.2033)
A3(9.7109)
(-1.8914)
(5.6312)
A4(14.4610)
(6.8809)
(0.9816)
G1(0.9110)
(6.4343)
(-1.5782)
G2(0.4512)
(6.7302)
(2.3269)
G3(7.9801)
(-8.9480)
(-4.9236)
G4(-1.9401)
(-1.1377)
(0.9722)
A1(-23.2604)
(16.0850)
(22.4557)
A2(-12.2248)
(5.2960)
(11.4012)
A3(9.4667)
(-1.3408)
(6.1292)
A4(-9.9742)
(0.3783)
(-5.0853)
G1(1.4798)
(-1.0669)
(1.2164)
G2(0.4667)
(11.1557)
(1.6597)
G3(2.5760)
(-9.1593)
(-5.4967)
G4(-0.8892)
(3.8610)
(-0.5896)
A1(-2.3663)
(11.5200)
(-5.1445)
A2(7.1970)
(-0.0335)
(10.7835)
A3(-16.5152)
(5.9951)
(6.6080)
A4(3.2992)
(11.5496)
(1.0199)
G1(0.9605)
(-7.1654)
(2.0428)
G2(2.4408)
(2.7468)
(0.5678)
G3(-1.3425)
(0.9945)
(-8.7809)
G4(-0.5263)
(0.8477)
(0.1650)
A1(-14.4515)
(-3.3243)
(3.1806)
A2(-7.6710)
(11.9614)
(11.6885)
A3(25.6084)
(-15.0021)
(38.8004)
A4(0.9864)
(9.8833)
(1.1109)
G1(-1.6522)
(0.7077)
(0.5225)
G2(0.4725)
(0.8913)
(1.7368)
G3(1.2670)
(7.3900)
(7.2750)
G4(-0.2107)
(0.3267)
(0.0963)
A1(-5.6379)
(5.0535)
(-0.8718)
A2(7.7333)
(10.9319)
(6.0047)
A3(-3.6536)
(-7.1635)
(-4.5825)
A4(0.8954)
(9.7300)
(-1.2833)
G1(-0.9232)
(-2.7851)
(3.1166)
G2(-0.5119)
(-0.8333)
(0.7029)
G3(-0.0580)
(1.4926)
(3.6663)
G4(-0.2900)
(-2.2902)
(0.7487)
A1(-11.1943)
(9.3933)
(-0.5461)
A2(-0.9194)
(6.7612)
(2.9544)
A3(-0.7422)
(-2.8635)
(-3.0071)
A4(-0.0192)
(9.7061)
(-1.7190)
G1(-0.8429)
(-0.0090)
(2.6510)
G2(-0.2123)
(0.3852)
(0.1692)
G3(-1.5128)
(4.5123)
(-0.7721)
G4(-0.3262)
(-2.1476)
(0.2746)
A1(-4.6847)
(8.9861)
(1.0155)
A2(5.4253)
(8.6479)
(2.3846)
A3(-4.2904)
(-3.9648)
(-10.1466)
A4(0.2346)
(8.5473)
(-4.0031)
G1(0.6135)
(-0.7838)
(2.0061)
G2(-0.3443)
(-1.4234)
(-0.1000)
G3(-3.1820)
(3.2948)
(0.8626)
G4(0.0378)
(-0.4991)
(0.1506)
A1(-7.2713)
(8.0233)
(1.2454)
A2(1.7047)
(8.7867)
(2.3032)
A3(-2.3511)
(-1.1923)
(-8.1930)
A4(0.0622)
(9.4763)
(-3.3327)
G1(0.4837)
(-1.8693)
(1.6267)
G2(-0.4177)
(-2.1343)
(-0.0974)
G3(-4.6086)
(2.7579)
(-0.6949)
G4(-0.0303)
(-0.2442)
(0.0128)
A1(-7.3719)
(6.2510)
(0.7377)
A2(2.8156)
(8.9783)
(1.5179)
A3(0.7614)
(4.8746)
(-10.1897)
A4(-0.2538)
(9.5768)
(-1.9201)
G1(1.8533)
(-2.0614)
(0.9035)
G2(0.3177)
(-0.4949)
(0.0122)
G3(-3.2853)
(0.2288)
(-1.1600)
G4(-0.0782)
(-0.5949)
(0.2293)
A1(-5.1685)
(9.2591)
(1.5424)
A2(1.2737)
(10.1035)
(2.3894)
A3(-1.7095)
(2.5570)
(-12.5169)
A4(-0.4980)
(10.4483)
(-0.9960)
G1(1.5931)
(-0.2857)
(0.7008)
G2(0.2139)
(-1.5080)
(0.0654)
G3(-3.2416)
(0.5279)
(-0.5364)
G4(-0.0165)
(-0.4310)
(0.1548)
