A1(-2.3232)
(8.0377)
(-2.8980)
A2(2.8443)
(9.0884)
(2.0446)
A3(0.4262)
(8.2313)
(-5.1523)
A4(2.2601)
(9.6391)
(-0.7853)
G1(-0.4145)
(-0.0713)
(0.2155)
G2(-0.0027)
(-0.0766)
(-0.0218)
G3(-0.0250)
(0.0952)
(-0.0367)
G4(0.1208)
(0.3161)
(-0.0367)
A1(-3.5542)
(8.8664)
(-0.4934)
A2(2.5043)
(8.8729)
(1.6951)
A3(0.7949)
(8.2456)
(-5.1811)
A4(5.5450)
(10.7404)
(-1.0151)
G1(-0.1639)
(0.4853)
(-0.0309)
G2(-0.1330)
(-0.0186)
(0.0101)
G3(-0.0873)
(-0.0160)
(0.0000)
G4(0.5640)
(1.6251)
(-0.7396)
A1(1.8202)
(11.3476)
(1.9927)
A2(2.7438)
(9.2847)
(1.8818)
A3(-1.5179)
(9.4379)
(-3.7158)
A4(-15.6916)
(10.7787)
(-6.0382)
G1(-0.1431)
(3.0224)
(-0.3448)
G2(-0.6348)
(0.4587)
(0.0458)
G3(-0.0027)
(0.3656)
(-0.1570)
G4(1.4213)
(3.9680)
(-3.3188)
A1(-4.4931)
(9.9154)
(2.1890)
A2(7.7955)
(5.1140)
(6.9001)
A3(2.0111)
(9.2177)
(-4.7549)
A4(1.7286)
(5.0374)
(2.8683)
G1(-0.4922)
(2.2535)
(-0.8982)
G2(-1.6320)
(0.9291)
(0.8705)
G3(0.4794)
(0.5513)
(-0.2714)
G4(0.1703)
(0.0016)
(-0.4055)
A1(-0.1772)
(10.4423)
(5.8534)
A2(0.4214)
(7.9344)
(5.9472)
A3(-3.4237)
(11.9471)
(-0.9194)
A4(8.6622)
(5.3534)
(-9.9359)
G1(-1.8645)
(4.0382)
(-0.6593)
G2(-0.6715)
(-0.4560)
(1.1270)
G3(1.0036)
(0.5092)
(-0.4097)
G4(2.0747)
(1.1180)
(-0.7322)
A1(3.0848)
(26.5368)
(0.8383)
A2(10.9463)
(5.8323)
(6.2393)
A3(-6.4069)
(25.1774)
(3.9552)
A4(2.8252)
(7.7668)
(-5.7509)
G1(-6.9579)
(3.3145)
(0.9780)
G2(1.0451)
(2.9032)
(-0.2176)
G3(4.3234)
(2.4504)
(-1.8464)
G4(-0.1107)
(1.3164)
(-0.8684)
A1(-3.9662)
(12.3487)
(13.6133)
A2(-12.1290)
(9.6103)
(-1.0630)
A3(14.7243)
(14.1018)
(-12.1051)
A4(-3.6488)
(8.9447)
(-7.6184)
G1(-7.2538)
(3.5987)
(-1.7554)
G2(0.9684)
(0.7992)
(-0.5055)
G3(2.3929)
(5.6782)
(-7.4565)
G4(0.1383)
(2.5110)
(-0.6673)
A1(-7.7838)
(5.8917)
(14.0540)
A2(1.8292)
(9.0740)
(2.6576)
A3(13.0484)
(5.8466)
(-23.2094)
A4(-1.2689)
(17.2574)
(5.5306)
G1(-6.0906)
(5.3977)
(0.0096)
G2(1.3223)
(3.8174)
(0.8642)
G3(-1.7608)
(-1.9401)
(-3.2251)
G4(0.7077)
(6.5806)
(-1.6698)
A1(9.4843)
(10.9788)
(0.4886)
A2(-10.8888)
(13.1154)
(6.8426)
A3(14.1593)
(-4.5538)
(-9.5385)
A4(-3.8211)
(0.3208)
(-2.0207)
G1(-0.9003)
(5.9442)
(-1.2792)
G2(1.6256)
(6.6764)
(1.5931)
G3(6.2763)
(-6.2449)
(-7.5395)
G4(-0.8402)
(8.0924)
(-4.2463)
A1(23.4520)
(-43.4169)
(-2.5435)
A2(-3.0933)
(8.6910)
(19.4170)
A3(7.7524)
(-10.3525)
(8.1163)
A4(-11.6310)
(13.2160)
(0.3065)
G1(-6.7951)
(5.1631)
(-0.3842)
G2(-1.2904)
(10.8498)
(1.5809)
G3(-3.5322)
(-5.1785)
(-8.6436)
G4(-0.5518)
(3.0634)
(-1.2803)
A1(-6.6055)
(23.6484)
(-9.0867)
A2(26.9252)
(10.0509)
(-13.7858)
A3(-6.9192)
(1.9154)
(28.6059)
A4(26.0537)
(9.0118)
(-0.5698)
G1(-1.2020)
(-5.3775)
(2.0481)
G2(3.3715)
(5.1386)
(1.1180)
G3(-2.8702)
(0.4895)
(-9.5089)
G4(0.1554)
(1.0052)
(0.9211)
A1(-9.8866)
(5.1876)
(5.2738)
A2(-16.1800)
(16.6732)
(-1.5371)
A3(-23.9229)
(25.6563)
(-7.4460)
A4(0.3831)
(10.2568)
(0.7901)
G1(-1.0520)
(1.5144)
(2.5850)
G2(0.1963)
(0.3225)
(0.2607)
G3(-7.1915)
(1.0690)
(1.4936)
G4(0.0202)
(-1.3595)
(0.1910)
A1(-12.5164)
(5.9923)
(4.3781)
A2(3.6105)
(19.0195)
(1.0343)
A3(-3.6488)
(-5.1475)
(-4.8890)
A4(-0.0814)
(9.6391)
(-7.3885)
G1(1.0860)
(-1.7953)
(1.5431)
G2(0.1213)
(-3.1661)
(-0.3235)
G3(-0.3145)
(4.8295)
(0.1905)
G4(0.3837)
(0.9248)
(-0.1937)
A1(-9.2304)
(6.8258)
(3.6308)
A2(9.0980)
(11.0421)
(0.5555)
A3(-1.3024)
(-2.6384)
(-14.8632)
A4(-2.1069)
(8.8442)
(-5.5115)
G1(1.2925)
(-2.0321)
(1.6793)
G2(-0.2799)
(0.3868)
(0.6279)
G3(-2.3291)
(3.4768)
(-0.9019)
G4(-0.0436)
(0.7311)
(-0.0585)
A1(-5.9349)
(6.5528)
(3.5303)
A2(2.8443)
(9.4763)
(2.1931)
A3(1.8723)
(-0.6704)
(-15.7299)
A4(0.1293)
(8.9399)
(-4.0223)
G1(0.6258)
(-1.0605)
(1.3574)
G2(0.1181)
(0.4289)
(0.0803)
G3(-2.6068)
(0.5545)
(-2.0327)
G4(-0.2804)
(-0.1932)
(0.1580)
A1(-5.4223)
(8.0233)
(2.5723)
A2(3.3806)
(9.5002)
(2.1596)
A3(-1.5754)
(0.9912)
(-9.3039)
A4(0.7997)
(9.0214)
(-3.7445)
G1(0.4757)
(-0.6045)
(1.1387)
G2(0.4119)
(0.1320)
(-0.0474)
G3(-2.9665)
(1.1988)
(-0.8125)
G4(-0.3272)
(-0.2698)
(0.1761)
A1(-6.0115)
(7.9850)
(2.3663)
A2(-0.4453)
(9.2751)
(1.4126)
A3(0.7518)
(4.6591)
(-9.9695)
A4(1.3455)
(9.2464)
(-2.8970)
G1(1.5426)
(-0.8849)
(0.7870)
G2(0.4518)
(-0.5566)
(0.0591)
G3(-2.3168)
(0.7035)
(-0.8503)
G4(-0.2277)
(-0.0404)
(0.1357)
A1(-5.2451)
(8.0712)
(2.1459)
A2(0.1006)
(9.0261)
(1.2594)
A3(1.2881)
(4.4628)
(-8.4276)
A4(1.1779)
(9.3039)
(-3.1843)
G1(2.4041)
(-0.0346)
(0.4140)
G2(0.2943)
(-0.5060)
(0.0947)
G3(-2.5791)
(0.3847)
(-0.6284)
G4(-0.1197)
(-0.0543)
(0.2182)
A1(-5.5181)
(10.0543)
(1.8969)
A2(-0.6656)
(9.6486)
(1.6041)
A3(0.3974)
(8.6000)
(-6.0238)
A4(1.0630)
(9.4571)
(-3.3184)
G1(2.0279)
(-0.2214)
(0.7354)
G2(0.1011)
(-0.6896)
(0.1916)
G3(-2.2311)
(0.7104)
(-0.5795)
G4(0.1064)
(-0.0011)
(0.2762)
A1(-6.2127)
(7.2234)
(-5.6762)
A2(0.7566)
(9.2464)
(1.0582)
A3(-1.8004)
(15.5958)
(-7.1060)
A4(1.3264)
(8.9974)
(-3.8786)
G1(2.7414)
(-1.4617)
(-0.1144)
G2(-0.0154)
(0.1681)
(0.2650)
G3(-0.1873)
(-1.2026)
(0.3406)
G4(0.2783)
(0.1000)
(0.2320)
