A1(-4.0955)
(10.9931)
(3.1327)
A2(1.4796)
(9.3996)
(0.3352)
A3(-1.3216)
(9.3996)
(-2.2649)
A4(-0.8236)
(7.7716)
(-6.5505)
G1(-3.4598)
(1.5665)
(0.3773)
G2(-0.3113)
(0.2389)
(-0.0819)
G3(0.1862)
(0.2916)
(-0.0990)
G4(0.2629)
(0.2687)
(-0.2389)
A1(-2.8980)
(8.2580)
(3.9853)
A2(1.7286)
(9.1889)
(1.7095)
A3(-1.5658)
(9.2656)
(-3.1364)
A4(-1.6664)
(7.2927)
(-7.0964)
G1(-0.8152)
(-0.9966)
(-0.2219)
G2(-0.2458)
(0.7764)
(0.3017)
G3(0.1979)
(-0.1979)
(0.1133)
G4(0.1948)
(-0.4278)
(0.1580)
A1(-5.6427)
(6.4043)
(4.8284)
A2(3.0789)
(9.6103)
(1.4653)
A3(-2.7533)
(11.1235)
(-3.4620)
A4(-0.3735)
(8.6000)
(-4.7357)
G1(-0.7327)
(-1.8794)
(-1.2547)
G2(-0.2645)
(-0.6465)
(-0.0979)
G3(0.2650)
(-1.7373)
(1.0025)
G4(0.4773)
(-0.4188)
(0.1644)
A1(3.1183)
(6.5911)
(9.9202)
A2(2.2649)
(9.0070)
(2.2266)
A3(3.0023)
(7.4268)
(-3.0358)
A4(-1.6999)
(6.9384)
(-7.2927)
G1(-1.0578)
(-2.7319)
(-0.4757)
G2(-0.2251)
(-1.3218)
(-0.2634)
G3(0.3735)
(-3.1336)
(2.5148)
G4(0.7928)
(-0.0857)
(0.3762)
A1(-5.0870)
(5.7959)
(9.0819)
A2(-0.6800)
(9.0309)
(4.2234)
A3(-19.0291)
(8.9447)
(-10.5919)
A4(-0.1245)
(10.2472)
(-7.7093)
G1(0.4512)
(0.0665)
(-0.9227)
G2(-0.1910)
(-1.1456)
(0.1320)
G3(0.2283)
(-4.5309)
(2.9426)
G4(1.0988)
(-0.0984)
(1.0680)
A1(-2.3327)
(14.2264)
(0.8814)
A2(0.4357)
(9.3039)
(2.7725)
A3(-12.5217)
(4.9560)
(2.1165)
A4(-4.5203)
(15.6102)
(-7.7907)
G1(0.5763)
(-2.1646)
(0.4007)
G2(0.1948)
(-1.9401)
(-0.1772)
G3(1.2233)
(1.2132)
(0.4395)
G4(2.0598)
(-3.5178)
(4.2010)
A1(1.7053)
(10.0208)
(5.0200)
A2(2.8443)
(10.7643)
(6.2872)
A3(-0.7853)
(8.7484)
(-6.8283)
A4(-12.9431)
(17.6644)
(-14.1641)
G1(1.7326)
(-2.2434)
(-0.9621)
G2(-0.6737)
(-2.0327)
(0.4613)
G3(0.3991)
(-0.2799)
(0.2666)
G4(1.2409)
(-2.0832)
(6.9728)
A1(1.4179)
(9.6232)
(2.9171)
A2(-2.4181)
(15.6341)
(5.2912)
A3(6.5122)
(8.7532)
(-3.8786)
A4(-8.7005)
(2.9736)
(-21.4904)
G1(1.3468)
(-3.1294)
(-1.1047)
G2(-4.5474)
(-6.3146)
(-1.0371)
G3(-0.3746)
(0.2027)
(-0.0239)
G4(-0.4374)
(1.9518)
(6.7525)
A1(5.8343)
(15.0311)
(7.4150)
A2(-4.5155)
(10.1610)
(15.6246)
A3(5.4923)
(5.5402)
(-9.9695)
A4(-3.4237)
(-2.9305)
(-13.1154)
G1(2.3924)
(-10.0734)
(-0.9424)
G2(-5.9251)
(-3.5093)
(-0.2496)
G3(-1.0828)
(-2.2258)
(0.5071)
G4(3.5497)
(4.6060)
(5.9655)
A1(-9.1059)
(-8.7658)
(-2.3088)
A2(13.4027)
(10.1418)
(16.6349)
A3(31.4981)
(12.6414)
(16.0555)
A4(-1.2019)
(-3.1651)
(-0.9864)
G1(2.2615)
(-8.5165)
(0.4438)
G2(-5.0503)
(-5.4004)
(-0.8301)
G3(-1.4404)
(-8.2185)
(3.4018)
G4(0.8195)
(7.7023)
(3.0730)
A1(15.8646)
(20.9133)
(7.1803)
A2(2.3798)
(8.0254)
(9.6055)
A3(-74.0383)
(7.1299)
(8.9256)
A4(-0.0431)
(-3.8499)
(5.4396)
G1(0.2480)
(-3.4241)
(-1.6708)
G2(-2.2434)
(-7.6981)
(0.5193)
G3(-3.3869)
(-3.2885)
(3.1767)
G4(-3.6173)
(1.9720)
(4.9098)
A1(-0.3353)
(6.0450)
(4.4691)
A2(-9.0453)
(4.8411)
(0.5315)
A3(1.2929)
(6.6367)
(-3.9840)
A4(-12.5217)
(24.2724)
(-5.3678)
G1(-0.4023)
(-0.2767)
(-0.4523)
G2(1.4564)
(-2.5238)
(2.5126)
G3(-1.3489)
(-4.7119)
(0.5640)
G4(4.8885)
(-4.9694)
(-1.6905)
A1(-4.4164)
(10.2555)
(0.6658)
A2(10.5489)
(4.9560)
(4.5586)
A3(-1.8435)
(11.0995)
(-0.8236)
A4(4.3862)
(1.5131)
(-5.9137)
G1(-0.1820)
(0.6093)
(-0.0431)
G2(1.6554)
(-6.5296)
(1.7443)
G3(-0.2277)
(-0.6556)
(-0.1399)
G4(-8.2605)
(2.9468)
(-2.5201)
A1(-3.8895)
(7.1611)
(1.1736)
A2(13.3261)
(-1.1923)
(-1.6424)
A3(-0.3448)
(9.3996)
(-2.3846)
A4(4.8076)
(-6.0525)
(-2.9592)
G1(0.0410)
(0.9711)
(0.2038)
G2(-0.5013)
(5.5797)
(-1.5713)
G3(0.0298)
(0.9067)
(-0.2719)
G4(0.1485)
(-2.3509)
(1.5931)
A1(0.2347)
(9.3741)
(1.5855)
A2(2.9113)
(-0.5842)
(-0.1006)
A3(0.6273)
(9.1506)
(-1.8340)
A4(6.8761)
(-7.0485)
(-3.6488)
G1(-0.3214)
(2.3078)
(0.1921)
G2(-0.9360)
(-1.2984)
(-1.3548)
G3(0.4741)
(4.0520)
(-0.7620)
G4(1.5575)
(-1.1675)
(-1.4915)
A1(0.7568)
(11.2374)
(2.4094)
A2(7.9392)
(3.2082)
(0.1389)
A3(0.6273)
(9.8881)
(-2.6049)
A4(6.2249)
(-8.5425)
(-2.4612)
G1(-0.4459)
(1.3058)
(-0.0532)
G2(-1.2654)
(0.1298)
(-1.2675)
G3(0.1905)
(1.6267)
(-0.2528)
G4(-0.4762)
(-2.3243)
(-0.4975)
A1(-0.9005)
(9.4028)
(2.2657)
A2(10.4914)
(4.4436)
(-6.6942)
A3(4.2617)
(8.5281)
(-3.4572)
A4(5.7748)
(-4.0654)
(-4.6448)
G1(0.2214)
(0.9200)
(0.0463)
G2(-0.7652)
(2.1279)
(-0.6971)
G3(-0.0968)
(0.5236)
(-0.0607)
G4(-3.7493)
(-3.9935)
(-1.8028)
A1(-0.3784)
(9.3358)
(1.6765)
A2(7.6614)
(5.9185)
(0.7087)
A3(1.9249)
(8.7005)
(-2.6815)
A4(1.2689)
(-0.7374)
(-7.6854)
G1(0.2267)
(0.7439)
(0.1527)
G2(-1.0844)
(2.4009)
(-0.8982)
G3(-0.1974)
(0.3033)
(-0.1277)
G4(-5.3839)
(-3.6561)
(-3.0389)
A1(0.4263)
(8.9574)
(0.1581)
A2(7.9775)
(4.8028)
(2.1883)
A3(1.4557)
(9.0549)
(-3.2657)
A4(2.9161)
(4.3191)
(-8.8155)
G1(0.1953)
(2.1817)
(-0.3640)
G2(-0.2347)
(2.3461)
(-0.8269)
G3(0.0027)
(-0.2283)
(-0.0809)
G4(-3.2336)
(0.0564)
(-1.3750)
A1(0.9197)
(9.0484)
(1.1257)
A2(7.1587)
(6.5553)
(4.1276)
A3(1.7909)
(9.3613)
(-1.6759)
A4(1.1492)
(9.6822)
(-10.3717)
G1(0.3038)
(0.0915)
(-0.5103)
G2(1.5314)
(2.3094)
(-0.8471)
G3(0.1740)
(0.4273)
(-0.4379)
G4(-3.3236)
(-0.5050)
(1.6043)
