A1(-2.2705)
(8.9717)
(-0.8143)
A2(4.0223)
(8.6431)
(4.4724)
A3(1.8531)
(7.7716)
(-6.2872)
A4(3.0406)
(10.9990)
(-1.7382)
G1(0.2554)
(0.9482)
(-0.2480)
G2(-0.1027)
(-0.0479)
(0.1155)
G3(-0.0883)
(-0.1250)
(0.0543)
G4(0.8583)
(1.9433)
(-0.8971)
A1(-0.2539)
(11.0410)
(1.9304)
A2(5.3678)
(8.1403)
(3.3136)
A3(1.9441)
(9.0261)
(-3.3136)
A4(-1.1492)
(7.6327)
(-0.6416)
G1(0.2134)
(1.9310)
(-0.3139)
G2(-0.2352)
(0.5454)
(0.7577)
G3(0.0692)
(0.6891)
(-0.3863)
G4(0.4832)
(3.5274)
(-3.1799)
A1(-0.4790)
(10.4710)
(1.0346)
A2(4.8459)
(6.0621)
(4.6926)
A3(1.5419)
(9.3422)
(-4.2521)
A4(6.5505)
(5.7269)
(-1.4653)
G1(0.3491)
(1.4889)
(-0.6641)
G2(-0.3704)
(0.4331)
(0.9637)
G3(0.3453)
(0.1820)
(-0.2506)
G4(0.4145)
(2.6643)
(-2.3695)
A1(1.2358)
(8.9143)
(5.3936)
A2(0.7997)
(4.9368)
(7.4508)
A3(-1.2163)
(14.2694)
(-0.9625)
A4(3.7781)
(2.2841)
(-3.2944)
G1(-2.6212)
(2.1050)
(-1.1467)
G2(-0.5353)
(2.2641)
(-0.1293)
G3(1.1909)
(0.4938)
(-0.6151)
G4(0.8003)
(-0.9030)
(0.1043)
A1(-3.6165)
(8.2532)
(6.8402)
A2(6.4691)
(7.3310)
(8.1594)
A3(-3.1364)
(18.1672)
(4.7932)
A4(2.2601)
(7.7381)
(-5.9999)
G1(-7.2123)
(1.9699)
(-0.8003)
G2(0.3081)
(3.1969)
(-0.1479)
G3(2.2492)
(0.9248)
(-0.8897)
G4(1.4920)
(-0.5342)
(-0.2347)
A1(-6.0833)
(8.3155)
(18.7386)
A2(3.0215)
(11.4826)
(6.6702)
A3(7.3741)
(15.3804)
(-5.3917)
A4(-1.5897)
(8.0397)
(-4.3766)
G1(-7.3538)
(5.3632)
(0.3868)
G2(1.4564)
(1.2212)
(0.0154)
G3(2.6536)
(4.4905)
(-4.0903)
G4(0.2655)
(0.8429)
(-0.3464)
A1(2.7686)
(15.6347)
(11.3620)
A2(-5.5785)
(6.5362)
(-3.9504)
A3(12.5169)
(16.1321)
(-9.9790)
A4(-3.0550)
(7.9200)
(-7.9200)
G1(-7.2878)
(3.4609)
(-0.9903)
G2(1.1424)
(1.5330)
(-2.0689)
G3(3.8243)
(5.8570)
(-6.1762)
G4(0.3453)
(2.8181)
(-0.7317)
A1(-3.9470)
(8.2676)
(15.7257)
A2(-3.5721)
(8.8155)
(4.3766)
A3(9.1985)
(5.7413)
(-21.4712)
A4(-4.2138)
(14.6429)
(-0.9242)
G1(-6.4348)
(5.1940)
(-0.5635)
G2(1.5346)
(4.8204)
(0.2011)
G3(-3.5125)
(-1.2122)
(-1.7677)
G4(0.4736)
(4.7560)
(-1.0094)
A1(-0.3593)
(9.3118)
(10.0974)
A2(-1.7957)
(9.6438)
(0.9098)
A3(8.0014)
(8.8490)
(-18.9812)
A4(-9.9934)
(15.2415)
(-4.5873)
G1(-4.4352)
(5.3887)
(0.1543)
G2(1.3830)
(3.9892)
(1.0546)
G3(0.4906)
(-0.5848)
(-8.0950)
G4(1.0387)
(9.4391)
(-4.7512)
A1(6.7300)
(7.3288)
(-29.5258)
A2(-7.8673)
(8.6862)
(10.8505)
A3(8.6766)
(-4.6878)
(-2.0925)
A4(8.6622)
(8.7963)
(0.4884)
G1(0.1107)
(7.2415)
(-2.5169)
G2(1.4798)
(7.3841)
(1.4830)
G3(3.4108)
(-5.5356)
(-7.3650)
G4(-1.4399)
(-0.3054)
(0.1410)
A1(-10.5764)
(-1.3316)
(12.0422)
A2(-6.5074)
(8.0637)
(12.6031)
A3(9.1889)
(-9.3374)
(3.0837)
A4(-4.1659)
(17.1904)
(3.8595)
G1(2.2423)
(3.9924)
(-1.3441)
G2(-2.3940)
(10.2953)
(1.2781)
G3(0.2017)
(-5.3669)
(-7.3054)
G4(-1.1632)
(1.6320)
(-0.3235)
A1(-6.1456)
(5.2786)
(-2.6776)
A2(9.5002)
(-1.6759)
(4.1515)
A3(-12.0380)
(27.2700)
(-13.4554)
A4(7.6614)
(9.2608)
(1.3551)
G1(-2.8181)
(-5.9948)
(2.3785)
G2(1.0115)
(-0.1064)
(0.5784)
G3(-4.6139)
(-2.9756)
(-7.3751)
G4(-0.2086)
(-2.0172)
(0.7790)
A1(-20.4199)
(3.9374)
(3.4680)
A2(-11.0373)
(18.0714)
(3.3136)
A3(21.3850)
(-19.7091)
(28.3665)
A4(0.6512)
(10.2999)
(-1.0391)
G1(-0.5646)
(-6.2928)
(1.2590)
G2(0.5571)
(2.6531)
(-0.3927)
G3(5.5265)
(8.0493)
(7.7268)
G4(-0.0458)
(-1.4920)
(0.6678)
A1(-9.3645)
(5.3361)
(0.3784)
A2(8.3414)
(6.1531)
(4.2952)
A3(-5.0566)
(-11.5640)
(-2.7390)
A4(3.8499)
(9.1506)
(-4.1994)
G1(0.8365)
(-2.9138)
(2.5797)
G2(-0.7258)
(-1.3106)
(-0.3001)
G3(2.8878)
(3.2097)
(4.8630)
G4(0.1203)
(-1.2489)
(0.2118)
A1(-6.9360)
(5.1589)
(3.7793)
A2(-1.6855)
(12.4738)
(3.2082)
A3(-5.1140)
(-6.0525)
(-3.9552)
A4(-2.9832)
(9.1937)
(-2.2458)
G1(0.5747)
(-3.9584)
(2.4259)
G2(-0.7077)
(-1.6703)
(0.4661)
G3(2.0550)
(4.4501)
(-0.3842)
G4(-0.2458)
(-2.5009)
(0.8727)
A1(-9.9250)
(4.1482)
(2.6441)
A2(10.1275)
(10.3046)
(1.7286)
A3(-2.8012)
(-2.3224)
(-9.8593)
A4(-1.1779)
(8.6862)
(-2.4134)
G1(1.1935)
(-3.4327)
(2.4733)
G2(-0.0367)
(-0.8897)
(-0.1043)
G3(-4.4389)
(4.8646)
(-0.8929)
G4(-0.4214)
(-1.0781)
(0.4246)
A1(-5.9205)
(7.9419)
(7.3335)
A2(-1.6807)
(8.7293)
(2.7533)
A3(-1.9968)
(-2.0638)
(-10.0748)
A4(2.7773)
(9.1411)
(-4.7357)
G1(0.7955)
(-0.7641)
(1.9486)
G2(-0.1815)
(-3.1874)
(-0.2272)
G3(-4.4437)
(3.0607)
(-0.9551)
G4(-0.1660)
(-0.3086)
(-0.0383)
A1(-8.3969)
(7.7359)
(3.7267)
A2(1.8483)
(7.3310)
(0.1532)
A3(1.0247)
(2.3080)
(-12.0811)
A4(0.7374)
(9.6822)
(-3.1747)
G1(2.3860)
(-1.8464)
(1.3106)
G2(0.2336)
(-0.7082)
(-0.2384)
G3(-4.3234)
(0.4592)
(-0.6455)
G4(-0.2022)
(0.1197)
(-0.0282)
A1(-8.3299)
(8.6700)
(1.7771)
A2(0.2490)
(10.7212)
(3.0071)
A3(-2.4852)
(5.1236)
(-12.2823)
A4(-1.0487)
(9.7731)
(-2.1596)
G1(3.1788)
(-0.1830)
(0.5167)
G2(-0.0383)
(-1.3973)
(-0.0005)
G3(-4.2995)
(-0.9775)
(-0.4773)
G4(-0.1064)
(0.0090)
(0.1399)
A1(-5.3122)
(7.1563)
(1.6526)
A2(0.5890)
(10.1179)
(1.3024)
A3(-4.7597)
(10.8266)
(-6.7229)
A4(-0.1867)
(9.8785)
(-2.7438)
G1(1.1717)
(0.1075)
(0.6141)
G2(0.2831)
(-0.2554)
(0.1383)
G3(-2.8010)
(2.1082)
(-1.6346)
G4(0.2645)
(0.3411)
(0.2166)
