A1(-1.9879)
(8.2676)
(2.3711)
A2(1.7095)
(8.9687)
(0.2969)
A3(-1.7334)
(9.4092)
(-2.1739)
A4(0.2203)
(7.9871)
(-6.3686)
G1(0.1282)
(0.5412)
(-0.1250)
G2(0.4257)
(0.3954)
(0.0750)
G3(0.0937)
(0.1458)
(-0.0974)
G4(0.0043)
(0.0122)
(-0.0096)
A1(-3.2333)
(9.0149)
(1.7532)
A2(2.4086)
(9.1123)
(0.5890)
A3(-2.3176)
(9.2943)
(-2.6336)
A4(0.6033)
(7.9871)
(-6.4117)
G1(-0.1330)
(-0.1463)
(0.0122)
G2(-0.1165)
(0.1133)
(-0.0378)
G3(-0.0245)
(0.2437)
(-0.1091)
G4(-0.0261)
(-0.0649)
(0.0085)
A1(-3.0369)
(9.1538)
(1.7005)
A2(2.6097)
(9.3278)
(-0.2825)
A3(-1.5275)
(9.2081)
(-2.3272)
A4(0.2873)
(8.0493)
(-6.2058)
G1(0.0250)
(0.0213)
(0.0112)
G2(0.0000)
(-0.0548)
(-0.0676)
G3(0.0341)
(0.1176)
(-0.0420)
G4(-0.0287)
(-0.0474)
(0.0154)
A1(-3.3674)
(8.5167)
(2.1938)
A2(2.0734)
(9.2225)
(0.3017)
A3(-1.4940)
(9.3901)
(-2.0638)
A4(0.3926)
(8.0206)
(-6.2968)
G1(-0.1884)
(0.1346)
(0.1229)
G2(0.0165)
(-0.1352)
(-0.0213)
G3(-0.0149)
(0.1032)
(-0.0410)
G4(-0.0319)
(-0.0782)
(0.0223)
A1(-0.2826)
(8.8041)
(2.5723)
A2(2.3415)
(9.3326)
(-0.1293)
A3(-2.4373)
(9.9838)
(-0.5219)
A4(-0.1341)
(8.7005)
(-5.4492)
G1(-1.1126)
(-0.2347)
(-0.2261)
G2(-0.0548)
(-0.0974)
(-0.0591)
G3(0.2112)
(0.1804)
(0.0277)
G4(0.1070)
(-0.0170)
(0.0383)
A1(-3.1902)
(8.5502)
(3.1135)
A2(1.5036)
(9.4332)
(1.4940)
A3(-3.9935)
(10.3094)
(-4.3862)
A4(-0.0431)
(7.9966)
(-6.2920)
G1(-0.8567)
(-0.8210)
(-0.7508)
G2(-0.1783)
(-0.4805)
(-0.0223)
G3(0.2964)
(-1.0323)
(0.6582)
G4(-0.0521)
(-0.3448)
(0.2426)
A1(1.6095)
(6.9599)
(4.9721)
A2(2.5187)
(10.5153)
(-0.9290)
A3(-1.3360)
(9.5864)
(-4.3096)
A4(-0.4741)
(8.4084)
(-6.0478)
G1(0.0463)
(-2.0140)
(-0.8077)
G2(0.1751)
(-0.0442)
(-0.0479)
G3(0.0681)
(-2.3567)
(1.6336)
G4(0.0809)
(-0.6768)
(0.4113)
A1(-7.4389)
(7.6736)
(10.7345)
A2(2.6480)
(9.8402)
(0.8332)
A3(11.5448)
(4.3048)
(4.1276)
A4(0.7949)
(12.5073)
(-1.4222)
G1(0.8450)
(-1.9289)
(0.0234)
G2(-0.0665)
(-2.3605)
(-0.0234)
G3(-2.4568)
(-5.3334)
(4.6549)
G4(0.6731)
(-0.7875)
(0.9195)
A1(3.4824)
(13.9965)
(-0.2874)
A2(-0.0239)
(11.0899)
(4.0031)
A3(-8.1786)
(13.0915)
(0.9720)
A4(2.0207)
(11.6023)
(-1.4222)
G1(1.8331)
(-5.4760)
(0.6433)
G2(0.5875)
(-2.1843)
(0.4603)
G3(0.1298)
(-0.1027)
(0.3395)
G4(1.1696)
(-3.5902)
(4.3266)
A1(11.1656)
(14.6288)
(4.3398)
A2(-1.6281)
(8.3701)
(9.5720)
A3(10.2615)
(13.4458)
(-10.9750)
A4(-31.6801)
(-0.3400)
(-24.7082)
G1(1.2036)
(-5.3397)
(-0.0772)
G2(-3.6535)
(-1.9199)
(1.7139)
G3(0.2677)
(0.0154)
(-0.1634)
G4(0.8902)
(1.5825)
(4.6166)
A1(14.2983)
(8.5215)
(21.5408)
A2(8.6431)
(10.5297)
(16.6253)
A3(7.7428)
(8.7532)
(-4.4532)
A4(-8.8969)
(-2.2266)
(-10.3046)
G1(-1.0908)
(-10.1729)
(-2.6813)
G2(-7.5092)
(-8.1828)
(-0.1612)
G3(-0.3656)
(-2.1295)
(0.6774)
G4(2.9867)
(5.9267)
(7.2782)
A1(-3.9614)
(7.6593)
(11.3620)
A2(11.5448)
(19.6372)
(8.8442)
A3(23.3818)
(5.8323)
(-0.0718)
A4(-5.0853)
(-6.7804)
(-3.4860)
G1(0.6311)
(-1.3234)
(-1.2026)
G2(-6.5205)
(-3.4460)
(-1.6575)
G3(-3.0634)
(-11.9475)
(6.0198)
G4(-1.9103)
(7.0436)
(1.7560)
A1(-5.7624)
(8.3921)
(1.8298)
A2(-10.6159)
(14.6860)
(3.4524)
A3(11.3342)
(7.3598)
(0.0144)
A4(16.6349)
(9.0501)
(-17.3292)
G1(0.6380)
(-1.1568)
(-0.4821)
G2(1.3888)
(-2.7819)
(3.0410)
G3(-0.7540)
(0.2432)
(-0.7966)
G4(3.0772)
(0.4337)
(4.4442)
A1(-1.5328)
(7.4629)
(2.2417)
A2(22.7784)
(1.1684)
(-6.3877)
A3(-3.6009)
(7.5369)
(1.3838)
A4(0.5028)
(7.0868)
(0.8284)
G1(-0.3054)
(0.5795)
(-0.1447)
G2(-1.1233)
(-1.0153)
(0.4156)
G3(-1.0946)
(-1.9842)
(-0.0580)
G4(-9.3205)
(6.0714)
(-8.3712)
A1(-3.5925)
(9.0532)
(1.6286)
A2(-9.4571)
(2.2793)
(-4.6831)
A3(-1.4748)
(9.7396)
(-2.8060)
A4(5.4779)
(-4.4772)
(-0.0622)
G1(0.1442)
(0.0697)
(-0.3092)
G2(-4.2612)
(3.8243)
(-1.6086)
G3(0.1325)
(0.2655)
(-0.1948)
G4(2.9516)
(-3.9020)
(0.5044)
A1(-1.7053)
(9.5944)
(-0.1724)
A2(7.3502)
(2.3607)
(-3.9600)
A3(2.9257)
(8.8059)
(-3.5769)
A4(2.8491)
(-2.3990)
(-4.9033)
G1(0.1548)
(0.5273)
(-0.0261)
G2(0.5396)
(-0.5268)
(-1.5293)
G3(0.3390)
(0.6284)
(-0.2075)
G4(-4.0526)
(-4.1186)
(-1.4106)
A1(-5.7145)
(10.7967)
(-0.0144)
A2(6.7516)
(3.1029)
(0.4357)
A3(1.6233)
(8.1547)
(-4.6160)
A4(-6.5793)
(-0.5267)
(-7.3694)
G1(0.1341)
(0.5561)
(-0.0431)
G2(-0.1921)
(0.5353)
(-1.5884)
G3(0.2964)
(0.7662)
(-0.3065)
G4(-4.8859)
(-1.3760)
(-1.5314)
A1(-1.6382)
(9.8866)
(1.0921)
A2(8.6048)
(4.5011)
(-0.4597)
A3(-1.7669)
(8.9016)
(-2.6145)
A4(9.8928)
(3.7110)
(-14.0109)
G1(-0.2533)
(2.1657)
(0.1532)
G2(-0.2719)
(1.9316)
(-2.4456)
G3(0.1830)
(1.7310)
(-0.5130)
G4(-3.9903)
(-0.4651)
(-0.1985)
A1(4.7709)
(10.0974)
(-0.4455)
A2(10.1035)
(7.2880)
(2.6432)
A3(2.6145)
(10.0556)
(-2.7007)
A4(-0.8906)
(8.4276)
(-3.2944)
G1(-0.3432)
(0.0192)
(-0.9131)
G2(1.6283)
(1.0834)
(-2.1588)
G3(0.4401)
(1.3606)
(-0.3363)
G4(-2.5451)
(-0.8583)
(0.0112)
A1(2.7495)
(8.7418)
(3.7650)
A2(8.2408)
(6.0621)
(0.8715)
A3(4.2521)
(7.3406)
(-4.9512)
A4(1.6951)
(10.1466)
(-5.3486)
G1(1.0866)
(2.6467)
(-1.2079)
G2(1.2654)
(-0.2128)
(-0.9865)
G3(0.5002)
(0.5130)
(-0.3049)
G4(0.4236)
(-0.3288)
(-0.3017)
