A1(-0.0048)
(9.7334)
(3.3195)
A2(2.6624)
(8.9735)
(1.6807)
A3(-4.0079)
(9.0309)
(-5.3295)
A4(-0.9720)
(7.8530)
(-6.4596)
G1(-0.0117)
(-1.6841)
(-1.1951)
G2(-0.4342)
(-0.3379)
(0.1032)
G3(0.4869)
(-2.0657)
(1.5846)
G4(0.5380)
(-0.5694)
(0.4119)
A1(-8.6700)
(8.6460)
(10.2842)
A2(1.9920)
(9.5768)
(2.0255)
A3(16.0603)
(9.0597)
(10.1179)
A4(8.4420)
(12.3684)
(-7.8578)
G1(0.8684)
(-4.3910)
(0.0261)
G2(-0.4007)
(-2.2429)
(0.1719)
G3(-2.1423)
(-5.9107)
(3.9515)
G4(1.1121)
(-1.7049)
(1.7256)
A1(-8.5885)
(10.2315)
(9.4076)
A2(-0.8140)
(9.7827)
(3.1987)
A3(-7.6998)
(13.2351)
(2.0351)
A4(-1.6568)
(24.1814)
(3.2274)
G1(2.0039)
(0.3719)
(-0.0394)
G2(-0.3618)
(-1.7235)
(0.0442)
G3(-2.0359)
(-10.6204)
(4.2888)
G4(1.9667)
(-3.6769)
(3.3869)
A1(-3.2716)
(12.0469)
(0.9293)
A2(5.3534)
(12.4882)
(8.2456)
A3(-8.2504)
(10.0030)
(-2.2075)
A4(-0.9768)
(12.7132)
(-0.2298)
G1(1.8033)
(-4.6374)
(0.0559)
G2(0.8828)
(-3.0102)
(0.2687)
G3(0.7040)
(2.1865)
(-0.5848)
G4(1.6660)
(-5.5345)
(6.3923)
A1(2.0406)
(10.6051)
(1.1065)
A2(0.0048)
(5.7700)
(7.8147)
A3(8.9878)
(10.8936)
(-9.1602)
A4(-13.3884)
(31.4023)
(-14.0252)
G1(1.4005)
(-4.4703)
(-1.0052)
G2(-1.3074)
(-6.1613)
(1.4846)
G3(0.7684)
(-0.0718)
(-0.1628)
G4(1.4122)
(-3.5769)
(9.7616)
A1(9.0436)
(15.3425)
(7.2138)
A2(6.9576)
(10.0844)
(1.4988)
A3(1.5419)
(7.4508)
(-4.7740)
A4(-8.2696)
(2.7390)
(-24.2820)
G1(2.4339)
(-7.3602)
(-1.4213)
G2(-6.1629)
(-5.3653)
(-1.9454)
G3(-0.2528)
(-1.9284)
(0.9956)
G4(1.4979)
(3.3677)
(6.9941)
A1(9.5178)
(7.5156)
(6.6438)
A2(7.5992)
(12.9670)
(23.3052)
A3(13.8241)
(8.5473)
(-6.7038)
A4(-6.8761)
(-0.8475)
(-15.9119)
G1(0.7104)
(-9.8547)
(-1.4968)
G2(-5.8793)
(-9.8941)
(-0.1091)
G3(-0.6667)
(-3.1315)
(0.7710)
G4(2.9091)
(4.5810)
(7.8769)
A1(-22.1444)
(0.5556)
(-9.1777)
A2(17.6405)
(25.3307)
(10.4531)
A3(18.1672)
(8.2456)
(9.0309)
A4(-1.8148)
(-5.5881)
(-2.4948)
G1(2.0013)
(-5.1971)
(-0.5726)
G2(-4.2000)
(-3.6551)
(-0.5241)
G3(-1.4543)
(-10.1878)
(4.1015)
G4(-0.5326)
(7.5624)
(2.8394)
A1(2.4717)
(5.2164)
(3.7267)
A2(8.1977)
(8.6048)
(14.6190)
A3(9.9551)
(1.7238)
(4.3287)
A4(1.5562)
(-5.2672)
(0.3783)
G1(0.3469)
(2.7989)
(-1.0690)
G2(-5.7293)
(-8.5947)
(0.3150)
G3(-2.6622)
(-10.2836)
(5.9123)
G4(-5.4446)
(3.5274)
(3.6737)
A1(-7.9275)
(7.4533)
(0.4263)
A2(-4.8219)
(11.5544)
(6.6511)
A3(6.1148)
(15.1792)
(6.9623)
A4(-17.1999)
(75.5083)
(-60.7122)
G1(0.7434)
(-2.0577)
(0.0069)
G2(0.1362)
(-5.9682)
(3.0229)
G3(-0.0899)
(3.8887)
(-2.2732)
G4(8.2557)
(6.4418)
(2.9708)
A1(-3.8368)
(8.9478)
(2.3136)
A2(-7.2736)
(7.8195)
(-6.6272)
A3(-2.2841)
(13.2782)
(-4.5777)
A4(4.6256)
(-23.8271)
(16.2901)
G1(-0.2410)
(-0.3139)
(-0.6343)
G2(0.9743)
(-2.2482)
(4.3362)
G3(-1.3649)
(-2.7356)
(0.0750)
G4(-1.5905)
(2.6153)
(-10.9881)
A1(-0.6514)
(9.5034)
(0.4215)
A2(3.7924)
(-1.3599)
(-0.5507)
A3(-3.3088)
(14.6765)
(2.0494)
A4(7.3598)
(-6.8570)
(-2.0590)
G1(-0.0644)
(0.3512)
(-0.4060)
G2(-1.8624)
(-4.4123)
(0.1155)
G3(0.0027)
(1.1089)
(-0.3602)
G4(1.0073)
(-2.2301)
(-1.3393)
A1(-2.7878)
(10.8446)
(0.0910)
A2(-0.9290)
(3.5291)
(-12.1769)
A3(1.1253)
(8.2025)
(-3.2896)
A4(5.2960)
(-3.6583)
(-3.3471)
G1(-0.0670)
(0.6779)
(0.0410)
G2(-2.2801)
(3.6503)
(-0.5960)
G3(0.2128)
(0.7572)
(-0.3411)
G4(1.5825)
(-3.3028)
(-0.9397)
A1(-2.0645)
(8.2532)
(0.8766)
A2(1.7190)
(-1.8914)
(5.1715)
A3(3.4141)
(7.5274)
(-5.2241)
A4(4.0606)
(-2.9449)
(-8.0541)
G1(-0.0117)
(1.7145)
(0.3390)
G2(-1.2856)
(-0.2538)
(-1.1988)
G3(-0.0197)
(0.9243)
(-0.2107)
G4(-2.3211)
(-5.0811)
(-1.0860)
A1(-1.1448)
(10.4327)
(1.7340)
A2(7.3310)
(4.6495)
(0.4214)
A3(1.4557)
(9.6630)
(-1.3072)
A4(4.4628)
(-3.3854)
(-8.2983)
G1(-0.2070)
(0.6391)
(-0.0298)
G2(-0.4432)
(4.4937)
(-1.9965)
G3(-0.0431)
(1.1015)
(-0.3065)
G4(-4.1899)
(-4.5469)
(-0.4374)
A1(0.1150)
(10.4040)
(1.2694)
A2(6.8426)
(4.3862)
(0.5746)
A3(1.8531)
(8.7628)
(-2.9736)
A4(-1.3216)
(1.0726)
(-8.8825)
G1(0.0979)
(0.6779)
(0.1309)
G2(-0.5028)
(2.3652)
(-1.7820)
G3(0.0202)
(0.4236)
(-0.1325)
G4(-2.9170)
(-1.3356)
(-0.5326)
A1(-0.8287)
(9.2208)
(-0.8383)
A2(7.0629)
(5.3965)
(5.4875)
A3(2.2697)
(9.1602)
(-2.9688)
A4(1.0774)
(2.1452)
(-14.5376)
G1(0.0074)
(0.3523)
(-0.0415)
G2(0.0303)
(3.5407)
(-1.7996)
G3(0.0016)
(0.1325)
(-0.0490)
G4(-3.6679)
(-1.2968)
(-0.9285)
A1(0.0287)
(9.6950)
(1.2502)
A2(11.1761)
(6.1579)
(1.8387)
A3(0.7326)
(9.5385)
(-2.7438)
A4(4.6208)
(4.9225)
(-8.5329)
G1(-0.1681)
(0.6822)
(-0.2128)
G2(1.2733)
(1.0323)
(-1.8464)
G3(-0.0958)
(0.1086)
(-0.1990)
G4(-2.5222)
(-0.2059)
(0.3624)
A1(-0.3497)
(8.9526)
(0.0623)
A2(3.9648)
(6.2297)
(6.4021)
A3(1.4126)
(9.2320)
(-2.3511)
A4(1.7047)
(12.2870)
(-10.1035)
G1(-0.0697)
(-0.0218)
(-0.0686)
G2(1.5649)
(0.5869)
(-1.9241)
G3(0.0027)
(0.1820)
(-0.1953)
G4(-2.1428)
(-0.7508)
(0.7662)
A1(0.9532)
(11.1177)
(3.9997)
A2(6.4452)
(8.1259)
(3.4381)
A3(1.7861)
(9.3134)
(-2.3032)
A4(0.1149)
(10.0365)
(-3.0646)
G1(1.1196)
(0.4209)
(-0.5773)
G2(2.0460)
(0.1261)
(-1.8656)
G3(0.3980)
(-0.0404)
(-0.1623)
G4(-1.7134)
(-1.2691)
(0.3868)
