A1(-0.7999)
(9.8387)
(5.6666)
A2(2.5905)
(8.0206)
(6.0142)
A3(-7.1347)
(10.2089)
(-2.1117)
A4(-0.0527)
(7.8530)
(-7.2449)
G1(-1.3297)
(-1.5931)
(-0.9993)
G2(-1.5905)
(-0.1245)
(-0.2549)
G3(0.7093)
(-1.1531)
(0.6593)
G4(0.2921)
(-0.7689)
(0.3113)
A1(0.6083)
(8.0329)
(3.3434)
A2(3.6966)
(11.6933)
(-1.5562)
A3(-1.8914)
(9.1411)
(-4.2665)
A4(-0.7135)
(8.1499)
(-4.9225)
G1(0.2591)
(-0.7285)
(-0.5236)
G2(-0.4049)
(-1.1180)
(-0.0388)
G3(0.4730)
(-2.1316)
(1.5016)
G4(0.6747)
(-0.2506)
(0.3469)
A1(-1.6765)
(4.1051)
(10.2172)
A2(1.3072)
(9.6295)
(-0.3017)
A3(14.9063)
(5.1667)
(3.1651)
A4(-0.2586)
(8.8585)
(-8.9016)
G1(0.2735)
(-3.7078)
(-0.1192)
G2(0.0431)
(-1.6639)
(0.1330)
G3(-1.7895)
(-3.0123)
(3.9626)
G4(0.6790)
(-0.0282)
(0.3943)
A1(-5.8391)
(5.1445)
(9.4316)
A2(-0.8236)
(8.9208)
(2.0877)
A3(-24.3059)
(8.5808)
(-15.3277)
A4(-7.0916)
(34.1557)
(9.3278)
G1(1.6602)
(-1.2329)
(-1.0179)
G2(-0.1666)
(-1.3095)
(0.1974)
G3(1.3558)
(-1.5038)
(1.1903)
G4(2.4972)
(-3.0043)
(3.1522)
A1(5.4990)
(14.8970)
(-3.0992)
A2(2.2553)
(10.5249)
(2.5331)
A3(37.7039)
(24.1766)
(-7.0102)
A4(-6.1100)
(14.0875)
(-14.0492)
G1(1.5644)
(-3.6444)
(2.1582)
G2(-0.5555)
(-1.4564)
(0.3868)
G3(2.5105)
(3.1070)
(-1.4564)
G4(2.4089)
(-1.8411)
(4.0510)
A1(10.7153)
(13.0289)
(3.2093)
A2(4.5203)
(11.2192)
(9.8833)
A3(9.3805)
(9.0549)
(-8.4180)
A4(-39.2266)
(22.6013)
(-23.1328)
G1(1.7182)
(-5.5217)
(-0.7194)
G2(-1.1834)
(-5.3312)
(1.6974)
G3(0.1990)
(0.2230)
(-0.0979)
G4(1.0328)
(-2.5536)
(5.1977)
A1(8.6269)
(10.9644)
(10.1309)
A2(-4.0558)
(-0.1006)
(18.2390)
A3(-0.1820)
(8.1738)
(-2.1548)
A4(-8.3462)
(-2.8539)
(-22.6970)
G1(3.0884)
(-8.3180)
(-1.1031)
G2(-8.3925)
(-1.1568)
(1.2318)
G3(-0.5124)
(-1.6102)
(0.4385)
G4(1.2755)
(3.6391)
(5.9139)
A1(3.0273)
(5.6379)
(13.9007)
A2(2.0016)
(8.8633)
(24.8805)
A3(7.4555)
(11.0852)
(-1.1396)
A4(-8.1882)
(-6.4787)
(-3.8642)
G1(-1.5511)
(-10.5412)
(-1.2457)
G2(-7.5166)
(-3.9467)
(0.7040)
G3(-0.3342)
(-4.8007)
(1.2611)
G4(3.0735)
(8.2882)
(5.1540)
A1(-10.4231)
(3.5686)
(-1.9639)
A2(-1.8914)
(24.4017)
(22.2757)
A3(12.4259)
(13.4506)
(6.5697)
A4(-5.1523)
(-5.4540)
(1.0439)
G1(3.8802)
(-9.6589)
(-2.0699)
G2(-8.6639)
(-3.8371)
(-0.7817)
G3(-0.3421)
(-8.2179)
(2.8186)
G4(-1.0222)
(8.3664)
(2.4110)
A1(-5.5325)
(15.5341)
(5.6331)
A2(-2.6384)
(11.0468)
(10.2855)
A3(-6.7900)
(7.5369)
(0.4741)
A4(6.1148)
(-6.0956)
(-4.7022)
G1(0.0149)
(-0.6880)
(0.9360)
G2(-3.4805)
(-8.6032)
(0.4411)
G3(-3.0990)
(-8.3382)
(4.1515)
G4(-6.9265)
(3.5737)
(5.2025)
A1(-11.1608)
(2.6920)
(-4.5649)
A2(-3.5961)
(11.7699)
(7.7141)
A3(-2.7438)
(15.3756)
(6.6415)
A4(-16.4338)
(66.5636)
(-10.2520)
G1(0.8689)
(-0.7636)
(0.4975)
G2(0.2027)
(-6.5327)
(1.6448)
G3(-0.4246)
(2.8782)
(-1.5703)
G4(6.9111)
(-16.8456)
(3.1623)
A1(-0.2491)
(7.9131)
(2.1172)
A2(5.9280)
(-2.4804)
(-22.1128)
A3(-1.8675)
(5.5402)
(-9.6343)
A4(15.1314)
(6.8091)
(-12.8664)
G1(-0.0516)
(-0.5007)
(-0.1575)
G2(0.4129)
(1.7618)
(0.9727)
G3(-0.6252)
(0.7418)
(-0.5002)
G4(5.5542)
(0.6843)
(-1.2345)
A1(-3.8608)
(9.3406)
(1.9783)
A2(6.4404)
(4.5346)
(-7.0437)
A3(0.5363)
(10.1131)
(-1.6041)
A4(1.7717)
(-4.7118)
(0.7518)
G1(0.0819)
(0.2852)
(-0.1059)
G2(-2.0151)
(-3.1650)
(0.3182)
G3(-0.3852)
(0.1783)
(-0.1793)
G4(2.2657)
(-2.3722)
(0.6258)
A1(-0.9245)
(10.2794)
(0.2682)
A2(13.1633)
(-0.9194)
(-3.1125)
A3(-0.6895)
(10.0269)
(-3.7828)
A4(7.1635)
(-6.3686)
(-5.2768)
G1(0.2219)
(0.0788)
(0.3198)
G2(-0.3235)
(-1.4548)
(-0.4778)
G3(0.0724)
(0.3618)
(0.0106)
G4(-1.2952)
(-3.7168)
(-1.2558)
A1(-3.2237)
(11.3380)
(1.6190)
A2(6.1962)
(5.3056)
(-1.2881)
A3(4.0031)
(7.9775)
(-3.6631)
A4(4.6687)
(-3.6344)
(-7.5226)
G1(0.5151)
(0.2937)
(-0.0298)
G2(-1.3995)
(-0.6274)
(-1.3532)
G3(-0.0021)
(0.1245)
(-0.0681)
G4(-3.2363)
(-4.4362)
(-1.4388)
A1(-1.7915)
(9.4460)
(0.3928)
A2(11.5496)
(5.2289)
(-0.4310)
A3(0.7661)
(9.1171)
(-3.7350)
A4(0.3591)
(0.8475)
(-10.5872)
G1(0.5332)
(1.4463)
(-0.0788)
G2(-0.9871)
(0.9732)
(-2.1082)
G3(-0.1208)
(-0.2166)
(-0.0011)
G4(-4.2564)
(-2.8197)
(-1.6868)
A1(-1.2071)
(8.6460)
(-1.4131)
A2(8.6143)
(4.0606)
(1.7861)
A3(1.7957)
(8.1499)
(-3.5243)
A4(3.1173)
(4.6400)
(-10.6829)
G1(-0.0585)
(1.8512)
(-0.2480)
G2(0.5236)
(2.6223)
(-1.6176)
G3(-0.2410)
(0.3374)
(-0.2565)
G4(-2.8904)
(-0.6247)
(-0.7184)
A1(-0.4455)
(9.9585)
(1.4658)
A2(8.7340)
(6.3351)
(3.2322)
A3(2.1979)
(9.3470)
(-1.4700)
A4(-1.5371)
(4.4819)
(-10.5919)
G1(-0.0532)
(0.1761)
(-0.1437)
G2(-0.1277)
(1.3915)
(-1.9273)
G3(0.1107)
(1.1903)
(-0.4315)
G4(-2.4578)
(0.2246)
(-0.5454)
A1(-0.2826)
(9.6280)
(-1.3508)
A2(9.7827)
(6.1627)
(3.7589)
A3(2.5426)
(9.0932)
(-4.6400)
A4(6.9959)
(5.9951)
(-10.1897)
G1(0.0670)
(0.0984)
(-0.2049)
G2(0.2943)
(1.3037)
(-2.1716)
G3(0.1032)
(0.5736)
(-0.1921)
G4(-2.9426)
(0.8775)
(-0.7045)
A1(-0.8430)
(9.2304)
(-0.0719)
A2(8.5473)
(9.3853)
(2.3176)
A3(2.4421)
(9.2799)
(-1.7765)
A4(2.3942)
(10.4148)
(-7.5705)
G1(0.1213)
(0.2506)
(-0.3374)
G2(1.5155)
(0.4214)
(-1.6043)
G3(0.0963)
(0.0947)
(-0.1836)
G4(-2.4472)
(-2.1205)
(1.8358)
