A1(-2.6297)
(8.1479)
(-1.1592)
A2(3.4860)
(8.8538)
(2.6719)
A3(0.2490)
(7.9583)
(-6.0430)
A4(2.5522)
(8.9208)
(-3.6919)
G1(-0.5199)
(-0.0862)
(0.3432)
G2(-0.0208)
(-0.2203)
(-0.0394)
G3(-0.0686)
(0.2724)
(0.0165)
G4(-0.1948)
(-0.0043)
(0.0974)
A1(-1.6286)
(9.0484)
(-0.8335)
A2(1.9010)
(9.3661)
(2.5235)
A3(-0.2346)
(7.9392)
(-4.5921)
A4(3.0789)
(9.7013)
(-2.7390)
G1(-0.2384)
(0.6683)
(0.2240)
G2(-0.2363)
(-0.4470)
(-0.0144)
G3(-0.0074)
(0.1064)
(0.1985)
G4(0.0367)
(0.7029)
(-0.1330)
A1(-0.8383)
(10.1166)
(-0.8862)
A2(2.2170)
(8.9639)
(2.2649)
A3(1.1205)
(8.2887)
(-4.9129)
A4(5.2768)
(10.5584)
(-2.6576)
G1(-0.2783)
(1.0382)
(0.0468)
G2(-0.0617)
(0.0059)
(0.0596)
G3(0.0899)
(0.2410)
(0.0452)
G4(0.3608)
(1.5894)
(-0.8950)
A1(-1.0107)
(10.4231)
(0.9101)
A2(3.9792)
(8.6383)
(2.4181)
A3(1.9537)
(7.6327)
(-6.1244)
A4(2.2745)
(7.9392)
(-2.4325)
G1(0.6098)
(1.2372)
(-0.3076)
G2(-0.4347)
(0.8461)
(0.1666)
G3(0.1804)
(0.1144)
(-0.1213)
G4(1.0834)
(4.9412)
(-2.6675)
A1(-1.1736)
(7.6162)
(-2.0741)
A2(7.7476)
(7.5705)
(5.8897)
A3(1.8914)
(8.2361)
(-5.6790)
A4(2.0016)
(8.0397)
(3.0646)
G1(0.5295)
(1.1238)
(-0.4576)
G2(-0.8429)
(1.5202)
(1.0781)
G3(0.0495)
(0.6912)
(-0.3549)
G4(0.3656)
(5.9102)
(-4.0520)
A1(0.1293)
(8.8089)
(-0.0479)
A2(3.6871)
(5.4013)
(5.0422)
A3(1.0965)
(8.6670)
(-4.7214)
A4(6.8905)
(6.1435)
(-4.5681)
G1(0.3427)
(1.2026)
(-0.9147)
G2(0.1570)
(2.6393)
(1.5298)
G3(0.2634)
(1.0536)
(-0.4182)
G4(0.6641)
(3.1097)
(-1.6150)
A1(-0.7472)
(10.2172)
(7.0605)
A2(3.5482)
(3.7302)
(7.1970)
A3(-2.3415)
(9.9216)
(-4.8028)
A4(7.4316)
(5.6790)
(-2.0925)
G1(-1.9619)
(2.7127)
(-0.8636)
G2(-0.5805)
(2.9804)
(0.7583)
G3(1.5474)
(0.4885)
(-0.7497)
G4(1.6799)
(1.2739)
(-0.3682)
A1(-1.7148)
(4.1194)
(12.4541)
A2(7.7859)
(6.0669)
(6.0765)
A3(0.3160)
(16.4769)
(5.2098)
A4(-5.1188)
(3.3327)
(-11.0995)
G1(-7.0542)
(2.6089)
(-0.7333)
G2(0.3943)
(2.7207)
(0.4182)
G3(2.1433)
(0.4730)
(-0.4512)
G4(0.6327)
(0.1836)
(-0.5688)
A1(-5.5277)
(11.0650)
(27.4805)
A2(9.0166)
(12.9718)
(11.7795)
A3(8.2744)
(15.9837)
(-10.2999)
A4(-0.5698)
(6.0430)
(-7.5800)
G1(-7.4693)
(4.8353)
(1.4990)
G2(1.5149)
(1.1717)
(-0.4337)
G3(3.0698)
(2.7425)
(-3.8866)
G4(0.4001)
(1.2984)
(-1.0041)
A1(-11.5248)
(11.5584)
(4.9864)
A2(-1.2929)
(10.9271)
(3.6919)
A3(42.5306)
(13.5272)
(-8.2456)
A4(-1.7765)
(10.8409)
(-7.1778)
G1(-6.0975)
(4.7103)
(1.2308)
G2(1.8523)
(4.8577)
(0.1969)
G3(1.3638)
(-0.2097)
(-2.7351)
G4(0.0883)
(4.8598)
(-1.5639)
A1(-1.1831)
(11.3141)
(13.1918)
A2(-1.3886)
(11.7555)
(2.2697)
A3(19.4505)
(0.6704)
(-21.0690)
A4(-15.9454)
(14.1210)
(-9.6247)
G1(-4.7257)
(9.3008)
(-0.3581)
G2(2.1402)
(4.3181)
(1.7379)
G3(3.4843)
(-3.9041)
(-4.8960)
G4(0.5177)
(9.2715)
(-5.1008)
A1(5.4846)
(5.3409)
(-29.7797)
A2(-4.9512)
(11.7076)
(5.9424)
A3(12.0189)
(-5.8754)
(-3.0071)
A4(1.5754)
(6.9384)
(-3.8978)
G1(0.7141)
(6.6998)
(-3.1038)
G2(0.9844)
(3.9664)
(2.3104)
G3(5.3147)
(-9.0661)
(-5.0269)
G4(-1.5298)
(3.4795)
(-2.1274)
A1(5.5612)
(-4.3541)
(5.2547)
A2(4.7740)
(-1.2881)
(3.9025)
A3(0.7087)
(-20.3699)
(11.0756)
A4(1.6664)
(6.4883)
(-1.8435)
G1(-1.9864)
(2.7122)
(1.0126)
G2(0.9738)
(9.2960)
(1.6629)
G3(-3.6700)
(-2.8266)
(-6.5413)
G4(-0.6625)
(0.8727)
(0.1373)
A1(1.1783)
(5.4606)
(-4.3973)
A2(5.2960)
(7.1587)
(29.2476)
A3(-8.6862)
(10.2472)
(-10.1993)
A4(6.7373)
(5.3008)
(-3.1795)
G1(-2.0720)
(-6.4018)
(2.3626)
G2(-0.0282)
(-0.4395)
(0.8519)
G3(-4.4006)
(-0.1298)
(-8.3531)
G4(-0.7359)
(-2.0454)
(0.7928)
A1(-12.9044)
(3.6261)
(-0.9053)
A2(0.7614)
(4.2521)
(-0.9481)
A3(-6.0908)
(25.9723)
(2.5187)
A4(0.9768)
(5.7796)
(-5.5545)
G1(-1.1765)
(5.1977)
(2.9836)
G2(0.7811)
(0.5013)
(0.1948)
G3(-6.8382)
(-9.7393)
(6.1810)
G4(0.1963)
(0.2107)
(0.1405)
A1(-8.5023)
(4.6559)
(-0.7712)
A2(11.3916)
(3.3232)
(3.2082)
A3(-5.1811)
(-4.0797)
(-2.2122)
A4(-1.1109)
(8.8969)
(-4.7166)
G1(0.1687)
(-0.7716)
(2.3743)
G2(0.5853)
(-0.2975)
(-0.4262)
G3(2.6941)
(2.2854)
(2.5499)
G4(0.0325)
(-0.3336)
(0.4007)
A1(-11.2662)
(6.4570)
(3.3866)
A2(-0.5267)
(6.9959)
(0.9242)
A3(-2.4134)
(-6.7325)
(-9.4092)
A4(-0.4022)
(9.1075)
(-5.1140)
G1(0.8003)
(1.0679)
(2.0236)
G2(-0.6343)
(0.3858)
(0.7865)
G3(-2.8170)
(4.5182)
(1.1329)
G4(0.0000)
(-0.7551)
(0.3193)
A1(-6.5288)
(8.3442)
(2.9698)
A2(5.9185)
(9.6822)
(1.7334)
A3(-5.6503)
(-1.9058)
(-12.6462)
A4(0.7039)
(8.7580)
(-4.1372)
G1(1.9316)
(-1.4708)
(1.6485)
G2(-0.2006)
(-1.3686)
(-0.1330)
G3(-3.8296)
(2.7414)
(-0.7008)
G4(0.0314)
(0.4246)
(0.0724)
A1(-9.0149)
(7.3862)
(0.7041)
A2(-1.8818)
(10.0892)
(1.3216)
A3(-1.1205)
(0.4741)
(-10.6734)
A4(0.7757)
(9.5098)
(-4.1276)
G1(1.7129)
(-1.3393)
(1.0525)
G2(-0.0346)
(-1.3697)
(0.0218)
G3(-3.2246)
(2.1551)
(-1.3798)
G4(-0.0208)
(0.2006)
(0.1511)
A1(-5.4080)
(8.1862)
(1.7340)
A2(2.0830)
(9.2416)
(1.9441)
A3(-2.0973)
(2.7054)
(-10.4148)
A4(1.3982)
(9.4619)
(-3.2753)
G1(2.3573)
(-0.6800)
(0.5555)
G2(0.0021)
(-0.0963)
(0.2033)
G3(-3.5141)
(0.4081)
(-0.5438)
G4(0.0500)
(-0.0942)
(0.3097)
