A1(-0.5844)
(9.6663)
(1.8250)
A2(3.9265)
(6.5314)
(2.1069)
A3(1.3408)
(8.5952)
(-5.6072)
A4(-19.6037)
(10.9271)
(-0.7422)
G1(0.3336)
(1.2148)
(-0.1235)
G2(-0.4938)
(0.7237)
(0.2405)
G3(-0.0617)
(1.0850)
(-0.6029)
G4(0.2990)
(5.1466)
(-6.0373)
A1(-4.8810)
(10.2651)
(9.1969)
A2(2.6815)
(9.3422)
(4.1946)
A3(-2.0399)
(10.2999)
(-2.4756)
A4(10.3238)
(23.5398)
(4.7692)
G1(-1.5389)
(4.5911)
(-1.9151)
G2(-0.4736)
(1.4457)
(1.2441)
G3(-0.1554)
(0.5757)
(-0.6896)
G4(0.0851)
(-2.7547)
(3.1107)
A1(2.3759)
(4.7278)
(12.6744)
A2(-3.6536)
(7.4891)
(6.5266)
A3(-6.2968)
(19.5271)
(9.4763)
A4(-8.9926)
(0.8188)
(-5.8562)
G1(-6.2624)
(1.4128)
(-1.9566)
G2(0.3427)
(2.4083)
(1.0738)
G3(1.7198)
(0.5406)
(-1.5421)
G4(0.8732)
(-0.2985)
(-1.9129)
A1(-9.1873)
(10.8734)
(5.1110)
A2(17.0659)
(11.9327)
(11.7699)
A3(5.8993)
(11.7938)
(-6.1962)
A4(-0.7135)
(7.6854)
(-6.7660)
G1(-5.8995)
(7.4996)
(-0.6678)
G2(2.1460)
(-0.4406)
(-0.6912)
G3(2.9240)
(3.3528)
(-3.4194)
G4(0.2900)
(1.3143)
(-0.7354)
A1(-4.8619)
(14.9306)
(27.0685)
A2(-12.1290)
(10.5249)
(-1.8244)
A3(16.2949)
(15.9693)
(-10.9080)
A4(-3.5626)
(9.3230)
(-7.5322)
G1(-6.9638)
(1.2207)
(0.2650)
G2(0.0670)
(-1.7778)
(0.4826)
G3(2.3652)
(4.6523)
(-6.2443)
G4(0.3012)
(2.6818)
(-0.9919)
A1(-7.7072)
(6.9216)
(14.3318)
A2(2.6001)
(11.6502)
(3.3471)
A3(-1.1827)
(6.5410)
(-22.2661)
A4(-3.2944)
(16.9126)
(-0.6273)
G1(-5.0040)
(7.8284)
(-0.3618)
G2(1.1568)
(4.5517)
(1.3015)
G3(-3.6785)
(1.2425)
(-2.4185)
G4(1.2893)
(7.2426)
(-3.6210)
A1(16.2718)
(18.0584)
(10.4854)
A2(-4.9656)
(10.1418)
(3.3615)
A3(4.0127)
(10.6303)
(-19.9293)
A4(-15.2559)
(-3.5865)
(-8.4803)
G1(-1.6070)
(6.0081)
(-2.6755)
G2(1.1696)
(3.7152)
(1.4681)
G3(0.7263)
(-0.0937)
(-10.3725)
G4(1.4702)
(10.1836)
(-7.0010)
A1(-23.1407)
(10.3417)
(12.6601)
A2(-10.2951)
(6.0621)
(16.9653)
A3(4.6400)
(-9.6151)
(5.4540)
A4(9.8497)
(9.1794)
(1.3264)
G1(2.8989)
(-0.9759)
(-0.1176)
G2(-0.2469)
(9.6137)
(3.0682)
G3(1.2600)
(-6.4061)
(-8.3802)
G4(-1.3292)
(-0.1873)
(0.1043)
A1(6.3372)
(-0.9676)
(-7.1659)
A2(15.5096)
(4.2808)
(-1.8914)
A3(-13.1825)
(21.7729)
(-6.2297)
A4(16.8600)
(6.7564)
(3.8738)
G1(-3.1767)
(-6.5551)
(2.5520)
G2(2.3876)
(-2.3158)
(1.7560)
G3(-4.2840)
(2.3471)
(-11.6921)
G4(-1.0052)
(0.4528)
(-0.7567)
A1(-28.0840)
(15.0982)
(-0.5604)
A2(-3.4572)
(13.5608)
(5.8131)
A3(82.0541)
(6.7086)
(58.1264)
A4(-1.5036)
(9.4284)
(-0.1820)
G1(-0.9748)
(-7.8396)
(0.5741)
G2(-0.3347)
(1.7405)
(-0.4454)
G3(5.4446)
(17.4357)
(4.2824)
G4(-0.5130)
(-0.4746)
(0.2841)
A1(-5.8822)
(6.2558)
(-1.5951)
A2(11.7843)
(2.1404)
(11.0229)
A3(-3.0837)
(-3.5147)
(-4.7692)
A4(0.4453)
(9.8545)
(-4.7070)
G1(-1.4660)
(-1.3707)
(1.5155)
G2(0.7886)
(-0.2033)
(0.6486)
G3(4.8459)
(1.9662)
(1.1100)
G4(0.1889)
(0.2501)
(0.1368)
A1(-11.0698)
(6.1744)
(0.0719)
A2(-1.7813)
(12.6031)
(5.0518)
A3(-8.3941)
(-17.7123)
(-2.2601)
A4(0.4022)
(8.3031)
(-3.9887)
G1(0.5624)
(-4.8140)
(1.7597)
G2(0.0740)
(-0.4422)
(0.1575)
G3(-0.7758)
(4.9327)
(2.4291)
G4(0.5007)
(1.7352)
(-0.5928)
A1(-7.3671)
(7.8700)
(0.1677)
A2(-0.9337)
(11.6023)
(3.2322)
A3(-7.8721)
(-2.9736)
(-6.9863)
A4(-1.1492)
(8.0397)
(-4.2329)
G1(-0.1389)
(-0.0835)
(1.6570)
G2(-0.4720)
(-0.4422)
(0.2932)
G3(-3.1315)
(2.0321)
(1.2819)
G4(0.2496)
(0.7482)
(-0.2480)
A1(-8.9143)
(7.6689)
(0.6802)
A2(0.8475)
(11.4539)
(2.9449)
A3(-2.7869)
(-2.8683)
(-7.0150)
A4(-0.9290)
(9.3805)
(-3.6248)
G1(0.7093)
(-0.9754)
(1.9082)
G2(-0.0851)
(-0.6907)
(0.2400)
G3(-2.9037)
(1.8645)
(0.3656)
G4(0.3134)
(1.5165)
(-0.6577)
A1(-6.5671)
(4.5170)
(2.2801)
A2(-1.5179)
(7.5753)
(1.8244)
A3(-2.9880)
(-1.6855)
(-11.0708)
A4(2.3846)
(8.3270)
(-4.9273)
G1(1.3164)
(-0.0043)
(1.5389)
G2(0.2863)
(0.7093)
(-0.1548)
G3(-3.6758)
(1.6948)
(-0.1841)
G4(0.2458)
(0.8455)
(-0.1112)
A1(-6.6486)
(8.6556)
(0.1820)
A2(-0.7949)
(8.6383)
(2.0399)
A3(-2.1500)
(4.6783)
(-10.6590)
A4(1.1205)
(7.6088)
(-5.8227)
G1(1.0759)
(-0.9344)
(1.2930)
G2(0.3783)
(0.3852)
(0.2533)
G3(-2.5238)
(0.1767)
(0.3358)
G4(-0.0335)
(-0.5209)
(0.2123)
A1(-6.6677)
(7.5587)
(1.2310)
A2(0.1484)
(9.3422)
(2.0686)
A3(-1.2689)
(4.5633)
(-9.5098)
A4(0.4214)
(9.4188)
(-5.2337)
G1(0.6886)
(-0.1580)
(1.3079)
G2(0.0814)
(0.6348)
(0.0122)
G3(-2.3205)
(-0.3129)
(0.5890)
G4(-0.0548)
(-0.2884)
(0.0825)
A1(-4.5649)
(9.1538)
(1.1209)
A2(0.0335)
(9.3709)
(-0.3639)
A3(-1.6855)
(7.9248)
(-7.6423)
A4(0.9864)
(9.3039)
(-3.9217)
G1(0.6971)
(0.0591)
(0.9285)
G2(0.1075)
(-1.1653)
(-0.0032)
G3(-1.8315)
(-0.4975)
(0.9865)
G4(0.0825)
(0.0474)
(-0.0915)
A1(-1.8777)
(9.3118)
(1.2646)
A2(-0.2490)
(9.9072)
(0.9242)
A3(-4.9799)
(7.5848)
(-7.2832)
A4(0.1484)
(9.1602)
(-5.0182)
G1(0.8775)
(-1.0105)
(0.6816)
G2(-0.0112)
(-0.9796)
(0.0458)
G3(-1.6293)
(-0.7583)
(0.9594)
G4(-0.0729)
(-0.7402)
(0.2097)
A1(-3.5255)
(8.9382)
(-0.5173)
A2(0.8523)
(9.2943)
(2.3367)
A3(-3.1220)
(9.0692)
(-5.6120)
A4(0.5219)
(9.0166)
(-5.7509)
G1(0.8865)
(-0.0234)
(0.3411)
G2(-0.2708)
(0.0277)
(-0.0160)
G3(-1.0892)
(-0.3533)
(0.2927)
G4(-0.0096)
(-0.1070)
(0.0670)
