A1(-3.7123)
(6.2750)
(2.4860)
A2(1.6233)
(9.3805)
(1.3455)
A3(-5.7221)
(7.7189)
(-5.7940)
A4(0.1915)
(8.7101)
(-5.0470)
G1(-0.6534)
(-3.2054)
(-1.4484)
G2(-0.9663)
(0.5853)
(-0.0362)
G3(0.7721)
(-1.9699)
(1.3606)
G4(0.2820)
(-0.4954)
(0.3789)
A1(-1.1257)
(8.4400)
(3.6500)
A2(4.3814)
(9.9407)
(0.2825)
A3(-5.8466)
(8.3366)
(-7.6231)
A4(-1.4796)
(8.7388)
(-5.6120)
G1(0.1155)
(-2.5376)
(-1.3457)
G2(-0.5241)
(-0.1889)
(0.0867)
G3(0.6311)
(-2.7984)
(1.8108)
G4(0.3331)
(-0.5412)
(0.4688)
A1(-11.0219)
(7.1803)
(10.3177)
A2(2.3607)
(9.4954)
(0.9194)
A3(24.8183)
(9.7252)
(13.6853)
A4(5.0661)
(15.4953)
(7.6567)
G1(1.9795)
(-4.9763)
(0.0601)
G2(-0.1990)
(-3.0596)
(0.3001)
G3(-2.8936)
(-6.9914)
(4.7135)
G4(1.9380)
(-3.1927)
(3.1049)
A1(-11.5057)
(13.8001)
(8.3203)
A2(-0.7374)
(9.8354)
(3.7445)
A3(-12.9287)
(19.7426)
(11.9375)
A4(-6.6319)
(30.8086)
(9.8593)
G1(1.6033)
(0.0734)
(-0.5640)
G2(0.4784)
(-2.2072)
(0.2442)
G3(-1.9858)
(-10.3948)
(5.1870)
G4(3.0171)
(-2.5616)
(3.3656)
A1(-2.4190)
(13.2588)
(1.8681)
A2(5.3917)
(11.3485)
(7.1587)
A3(8.9591)
(-0.0814)
(4.8363)
A4(-18.5982)
(33.2267)
(-27.2652)
G1(2.7345)
(-5.9868)
(-1.3792)
G2(0.3682)
(-3.8355)
(1.5836)
G3(0.4464)
(0.9541)
(0.7811)
G4(3.7849)
(-4.6374)
(11.0839)
A1(12.5547)
(11.5344)
(3.6548)
A2(-3.7014)
(8.7867)
(12.5600)
A3(-6.0334)
(9.9455)
(-7.2018)
A4(-47.8218)
(4.8602)
(-33.4805)
G1(1.7895)
(-5.6074)
(-1.0360)
G2(-3.1304)
(-3.6913)
(2.2721)
G3(-0.0974)
(-2.3599)
(0.8093)
G4(2.0130)
(2.2684)
(5.2966)
A1(5.5229)
(4.4212)
(22.6856)
A2(17.7650)
(20.1544)
(18.8136)
A3(7.7812)
(9.3901)
(-2.0973)
A4(-15.0691)
(-6.0669)
(-14.2694)
G1(-1.5516)
(-15.8490)
(-2.7744)
G2(-8.1961)
(-6.4662)
(-0.2469)
G3(-0.3932)
(-3.7647)
(1.1605)
G4(1.3079)
(7.9343)
(8.8208)
A1(-20.9804)
(5.5564)
(-9.6088)
A2(-3.8259)
(17.6884)
(31.2635)
A3(7.8961)
(11.7076)
(-5.6312)
A4(-11.4060)
(-6.1627)
(-1.5897)
G1(3.6726)
(-8.3350)
(-1.4473)
G2(-10.2368)
(-3.4438)
(2.2897)
G3(-0.9126)
(-8.4563)
(3.0985)
G4(-0.4879)
(10.5843)
(5.5824)
A1(-4.4020)
(19.6152)
(11.9943)
A2(2.9113)
(12.8569)
(18.4880)
A3(-0.4980)
(-1.5227)
(6.5266)
A4(-6.5122)
(-7.8626)
(1.8100)
G1(-0.4129)
(-1.7129)
(0.8642)
G2(-6.1831)
(-12.1731)
(1.2047)
G3(-4.5027)
(-8.6649)
(4.6352)
G4(-5.0226)
(-0.1192)
(6.9372)
A1(-8.1143)
(-0.3401)
(8.7610)
A2(-14.7531)
(19.7186)
(9.5577)
A3(-12.5935)
(25.5653)
(6.7756)
A4(-21.7537)
(14.8249)
(63.3937)
G1(0.5550)
(-1.4266)
(-0.6497)
G2(-1.9805)
(-9.1614)
(3.8690)
G3(-1.2388)
(3.4912)
(-3.2693)
G4(5.3972)
(-17.4363)
(-4.5272)
A1(-7.2665)
(9.0867)
(0.3257)
A2(12.8138)
(-2.3415)
(11.9806)
A3(-2.8635)
(10.2807)
(1.6855)
A4(8.9064)
(7.7285)
(-7.1395)
G1(-0.3368)
(1.5261)
(-0.0208)
G2(0.3150)
(5.0742)
(-0.6800)
G3(0.0271)
(1.2622)
(-0.6476)
G4(3.8913)
(-0.0968)
(-2.2849)
A1(2.7495)
(10.9931)
(-1.2167)
A2(7.3263)
(6.7373)
(2.9161)
A3(-1.2929)
(10.0796)
(-0.9290)
A4(5.0566)
(-4.4724)
(-2.8347)
G1(0.0383)
(1.2122)
(-0.0239)
G2(0.3294)
(-3.8280)
(0.2857)
G3(0.4406)
(1.1456)
(-0.3682)
G4(1.9497)
(-3.8770)
(0.0325)
A1(-1.3412)
(10.0016)
(0.1581)
A2(8.0924)
(-1.8148)
(-1.1827)
A3(1.3312)
(8.9208)
(-7.3550)
A4(11.6262)
(-3.8738)
(-6.3590)
G1(-0.0032)
(0.3246)
(0.1203)
G2(-0.9386)
(-0.6444)
(-1.7182)
G3(0.2522)
(0.5922)
(-0.1389)
G4(0.1820)
(-3.5609)
(-2.2115)
A1(-0.4598)
(10.6243)
(0.9628)
A2(2.2936)
(3.6727)
(2.0255)
A3(1.1923)
(9.3996)
(-3.4046)
A4(8.2456)
(-2.6288)
(-6.2920)
G1(0.3741)
(0.2464)
(0.0325)
G2(-1.6490)
(2.2998)
(-2.7042)
G3(0.1431)
(-0.1777)
(0.1112)
G4(-1.2451)
(-4.1005)
(-1.0004)
A1(-1.5999)
(8.4927)
(-0.2347)
A2(14.4897)
(4.5681)
(-1.8771)
A3(1.8052)
(8.4851)
(-5.3295)
A4(2.5857)
(1.3312)
(-10.1610)
G1(0.1405)
(0.7710)
(-0.5172)
G2(-0.5667)
(0.5406)
(-1.9544)
G3(-0.1389)
(-0.2937)
(-0.0245)
G4(-2.8276)
(-3.0229)
(-2.4589)
A1(1.5759)
(11.1129)
(4.4978)
A2(7.8673)
(5.0901)
(2.5283)
A3(1.7430)
(8.6191)
(-2.9113)
A4(1.8579)
(2.4181)
(-10.3525)
G1(0.2453)
(1.2404)
(-0.4640)
G2(-0.0931)
(2.0087)
(-1.6762)
G3(-0.2815)
(-0.3480)
(-0.0106)
G4(-2.7968)
(-1.8682)
(-1.8209)
A1(-1.1017)
(11.1608)
(0.5988)
A2(9.1411)
(5.7221)
(1.6376)
A3(0.8859)
(9.2464)
(-3.1364)
A4(2.0973)
(2.1069)
(-12.7276)
G1(0.0756)
(0.9615)
(-0.2134)
G2(0.2810)
(1.6017)
(-1.5202)
G3(-0.1575)
(0.1825)
(-0.1325)
G4(-2.7324)
(-1.2212)
(-0.6657)
A1(1.2310)
(9.1154)
(-1.3987)
A2(8.5521)
(5.8419)
(4.3287)
A3(0.2634)
(9.0644)
(-3.3950)
A4(3.9361)
(8.1355)
(-9.5337)
G1(0.5263)
(1.0791)
(-0.3475)
G2(0.2176)
(1.2600)
(-1.6080)
G3(-0.1373)
(0.4571)
(-0.2230)
G4(-1.7714)
(-0.9307)
(1.4394)
A1(-0.7808)
(10.0064)
(-0.0623)
A2(6.5170)
(7.1299)
(4.6543)
A3(2.3990)
(8.9447)
(-2.5379)
A4(8.5904)
(7.6662)
(-10.4483)
G1(-0.1990)
(-0.2831)
(-0.2767)
G2(0.4619)
(1.1797)
(-1.6182)
G3(0.0170)
(0.4837)
(-0.2352)
G4(-2.4248)
(-0.2799)
(0.3996)
A1(-0.7999)
(7.6784)
(1.5424)
A2(7.4124)
(8.0685)
(5.1475)
A3(1.4796)
(9.0357)
(-3.7541)
A4(3.0694)
(10.9223)
(-6.8666)
G1(1.3079)
(0.6699)
(-0.4108)
G2(1.2521)
(0.4342)
(-1.6219)
G3(-0.0181)
(0.2166)
(-0.2022)
G4(-2.4302)
(-2.0822)
(1.3750)
