A1(-0.8287)
(6.5719)
(4.4020)
A2(2.7629)
(10.1706)
(0.6991)
A3(-4.0270)
(8.4084)
(-4.6831)
A4(-0.5746)
(8.7340)
(-4.9464)
G1(-0.7045)
(-2.7026)
(-0.6902)
G2(-0.0569)
(0.2171)
(0.0915)
G3(0.2022)
(-2.6419)
(1.5415)
G4(0.1458)
(-0.8924)
(0.4033)
A1(-8.4544)
(8.3921)
(11.6254)
A2(2.6049)
(9.9216)
(0.4501)
A3(14.9446)
(7.1395)
(9.3230)
A4(7.9344)
(16.8217)
(3.2801)
G1(1.3925)
(-4.8401)
(0.6369)
G2(0.1272)
(-1.8949)
(0.0341)
G3(-2.4536)
(-5.5207)
(4.0249)
G4(1.6527)
(-1.9231)
(2.1167)
A1(-20.7505)
(10.4710)
(8.0137)
A2(-0.1245)
(10.2328)
(2.2218)
A3(-2.8826)
(11.3102)
(2.7677)
A4(-5.1858)
(26.5230)
(9.9359)
G1(1.3037)
(0.3379)
(-0.8700)
G2(-0.1522)
(-2.8872)
(0.1580)
G3(-3.3300)
(-9.8005)
(4.4639)
G4(2.6244)
(-2.1561)
(2.1902)
A1(-4.2919)
(0.6323)
(4.8331)
A2(1.1492)
(12.7084)
(4.7980)
A3(20.4513)
(-8.7724)
(-3.3615)
A4(-3.2370)
(26.7815)
(1.7142)
G1(1.7980)
(-5.9559)
(-0.1841)
G2(-0.0585)
(-3.6471)
(1.1925)
G3(0.3193)
(0.0841)
(0.0043)
G4(2.4887)
(-8.5516)
(8.4127)
A1(5.3840)
(16.0131)
(1.7196)
A2(2.1308)
(9.3374)
(11.1618)
A3(4.3000)
(7.1299)
(-0.2203)
A4(-35.2570)
(32.4031)
(-23.3387)
G1(1.8624)
(-4.9002)
(-0.7790)
G2(-1.9475)
(-4.8694)
(2.1588)
G3(0.2772)
(-1.1196)
(0.6268)
G4(0.8812)
(-3.4688)
(6.6472)
A1(4.9577)
(6.5097)
(16.0945)
A2(13.4650)
(23.5015)
(-3.1603)
A3(7.5896)
(8.3558)
(-2.2458)
A4(-8.3941)
(-5.7126)
(-19.0052)
G1(-0.2410)
(-7.1920)
(-0.8189)
G2(-7.6582)
(-7.9897)
(-1.4335)
G3(0.1224)
(-2.1689)
(0.4135)
G4(1.4862)
(5.9453)
(7.9365)
A1(7.3910)
(9.6376)
(13.8767)
A2(-2.9257)
(11.6215)
(26.5804)
A3(4.1946)
(12.9526)
(0.7661)
A4(-11.0516)
(-4.9368)
(-8.7819)
G1(-2.8830)
(-15.9128)
(-2.4759)
G2(-7.8476)
(-7.6209)
(0.6508)
G3(0.4954)
(-4.4378)
(1.1973)
G4(2.0348)
(7.6975)
(7.0292)
A1(3.1758)
(16.4298)
(19.6008)
A2(17.6979)
(7.6279)
(7.8769)
A3(18.7083)
(-19.4649)
(0.1197)
A4(-8.1594)
(-15.5623)
(0.5028)
G1(0.0447)
(-0.5215)
(-0.9631)
G2(-5.7330)
(-6.7046)
(-0.9440)
G3(-4.3245)
(-12.1678)
(9.3290)
G4(-4.8656)
(4.2111)
(3.2443)
A1(-17.0956)
(11.5584)
(5.2451)
A2(-9.1746)
(15.0212)
(10.5919)
A3(43.6559)
(19.7234)
(9.8737)
A4(-18.2725)
(43.9815)
(-27.2939)
G1(0.4129)
(-2.4658)
(-0.9498)
G2(-0.5912)
(-5.8963)
(2.9591)
G3(0.2272)
(2.9309)
(-0.6561)
G4(6.2459)
(-4.0744)
(0.1155)
A1(0.7712)
(8.8520)
(3.3530)
A2(-8.7293)
(4.2665)
(-13.8959)
A3(-13.6230)
(7.6614)
(-6.6176)
A4(10.4531)
(-30.1143)
(6.5218)
G1(-0.2666)
(0.5656)
(0.0314)
G2(0.6859)
(-1.4867)
(2.8899)
G3(-1.4138)
(-3.9227)
(0.0101)
G4(-1.7001)
(2.3009)
(-8.8022)
A1(-2.6776)
(12.7463)
(1.7388)
A2(5.4540)
(9.7779)
(6.7373)
A3(0.9050)
(9.4427)
(1.6233)
A4(6.9623)
(-9.0022)
(-0.8906)
G1(-0.2166)
(1.9204)
(0.1160)
G2(2.5584)
(-5.8421)
(1.7996)
G3(-0.3523)
(1.9002)
(-0.9115)
G4(3.3975)
(-2.5355)
(-1.2180)
A1(-0.9197)
(9.6519)
(0.5652)
A2(-1.4940)
(-2.5666)
(-11.8992)
A3(-2.5235)
(7.4077)
(-2.1596)
A4(4.5442)
(-1.6664)
(-4.7645)
G1(-0.2937)
(1.3521)
(-0.0080)
G2(-3.0432)
(5.5185)
(-1.1914)
G3(-0.0708)
(3.2757)
(-1.1914)
G4(1.4287)
(-5.1929)
(-0.7338)
A1(-2.3327)
(10.1309)
(0.5796)
A2(-1.5802)
(1.9441)
(2.6049)
A3(3.1508)
(8.5952)
(-3.8930)
A4(7.0773)
(-2.7773)
(-7.7716)
G1(0.2320)
(1.6091)
(-0.2341)
G2(-0.6524)
(-0.3022)
(-1.4133)
G3(-0.0383)
(0.6199)
(-0.2437)
G4(-3.3316)
(-5.1093)
(-2.7351)
A1(-3.4728)
(8.5502)
(-0.8862)
A2(17.3915)
(8.3414)
(-1.5897)
A3(2.0494)
(8.4180)
(-4.6352)
A4(-5.6216)
(7.4603)
(-10.3190)
G1(0.0495)
(1.4963)
(-0.3751)
G2(-0.0532)
(1.4250)
(-1.9204)
G3(-0.1634)
(0.6582)
(-0.1963)
G4(-3.5731)
(-1.2670)
(-2.6834)
A1(2.5339)
(10.7345)
(-1.6813)
A2(6.6607)
(3.7397)
(0.8906)
A3(1.8866)
(8.6910)
(-4.5538)
A4(5.7844)
(6.7516)
(-12.4115)
G1(0.1979)
(2.2588)
(-0.0043)
G2(0.4667)
(2.2253)
(-1.9034)
G3(-0.4534)
(0.4651)
(-0.1985)
G4(-1.9608)
(0.5156)
(-1.2866)
A1(-0.4407)
(8.7849)
(4.6224)
A2(8.7819)
(3.8882)
(2.7294)
A3(3.6727)
(8.4707)
(-2.2745)
A4(2.2553)
(6.3542)
(-10.4339)
G1(-0.2889)
(-1.3170)
(-0.3134)
G2(1.1584)
(2.1806)
(-1.7075)
G3(-0.2469)
(0.4778)
(-0.3379)
G4(-0.9658)
(-1.4234)
(0.7955)
A1(-1.1592)
(9.2065)
(-0.0096)
A2(9.1889)
(6.4500)
(7.5992)
A3(2.8587)
(9.8497)
(-1.4269)
A4(2.5474)
(7.9009)
(-8.6574)
G1(-0.2496)
(-0.2107)
(0.0138)
G2(0.7237)
(0.8556)
(-1.9630)
G3(-0.1857)
(-0.5161)
(-0.0106)
G4(-1.8278)
(-0.5981)
(0.3741)
A1(-0.9293)
(10.2363)
(2.2322)
A2(7.4077)
(8.5712)
(3.4955)
A3(1.4365)
(9.9551)
(-0.5267)
A4(1.1157)
(7.9535)
(-8.0541)
G1(-0.3102)
(1.0397)
(-0.4060)
G2(1.4537)
(0.0341)
(-1.6506)
G3(-0.0399)
(-0.1064)
(-0.1836)
G4(-1.7719)
(-1.3537)
(0.9562)
A1(-0.7472)
(9.2544)
(0.9676)
A2(4.6639)
(7.5082)
(3.0215)
A3(-0.1484)
(9.9934)
(-1.0199)
A4(2.7629)
(8.6526)
(-6.6224)
G1(-0.2320)
(0.4699)
(-0.1261)
G2(1.5383)
(-0.0122)
(-1.7767)
G3(0.1011)
(-0.0154)
(-0.2331)
G4(-2.3881)
(-1.6863)
(0.9951)
A1(-1.6957)
(9.3933)
(1.8585)
A2(5.5450)
(8.7963)
(0.7949)
A3(0.4693)
(9.4284)
(-2.4469)
A4(1.3072)
(14.5711)
(-6.9049)
G1(0.1618)
(0.2214)
(-0.3182)
G2(1.4841)
(0.1644)
(-1.1142)
G3(0.1650)
(0.0309)
(-0.3400)
G4(-2.3887)
(0.3943)
(-0.2655)
