A1(-2.5387)
(9.2639)
(-1.2263)
A2(2.2170)
(8.9160)
(2.9688)
A3(1.2689)
(7.2927)
(-6.3877)
A4(2.8108)
(8.7819)
(-3.4093)
G1(-0.4337)
(-0.6093)
(0.0250)
G2(0.0122)
(0.2815)
(-0.0314)
G3(-0.0027)
(0.4033)
(-0.1101)
G4(-0.0372)
(-0.0160)
(-0.0080)
A1(-3.7171)
(9.4268)
(-1.2454)
A2(3.8882)
(8.4755)
(2.7102)
A3(0.7709)
(7.7668)
(-5.8562)
A4(3.0981)
(8.9543)
(-3.6631)
G1(-0.1352)
(-0.0208)
(0.0654)
G2(-0.0287)
(0.3544)
(-0.0277)
G3(-0.0532)
(-0.3177)
(0.0176)
G4(-0.1277)
(-0.0580)
(0.0277)
A1(-2.0166)
(9.3837)
(-0.5173)
A2(2.9305)
(9.1698)
(2.4469)
A3(1.2833)
(7.4124)
(-6.4643)
A4(2.7054)
(9.0118)
(-3.3998)
G1(0.0074)
(-0.3001)
(0.0032)
G2(-0.1873)
(-0.2272)
(-0.0777)
G3(-0.0873)
(0.1804)
(-0.1038)
G4(-0.1554)
(0.0777)
(-0.0154)
A1(-1.8537)
(9.5897)
(-0.3593)
A2(3.1508)
(8.8490)
(2.9880)
A3(0.9912)
(7.4843)
(-6.1531)
A4(4.7214)
(9.7827)
(-2.3367)
G1(0.1320)
(-0.4805)
(0.0213)
G2(-0.0686)
(-0.0532)
(-0.0346)
G3(-0.1112)
(0.0543)
(-0.0825)
G4(-0.1341)
(0.7162)
(-0.2629)
A1(-4.3015)
(9.3981)
(-2.1555)
A2(2.6911)
(8.8681)
(3.2513)
A3(1.4509)
(7.3741)
(-5.9807)
A4(7.7476)
(9.0357)
(-4.0845)
G1(0.2629)
(0.6252)
(-0.1815)
G2(-0.1277)
(0.0952)
(0.0080)
G3(-0.1846)
(-0.1820)
(0.0782)
G4(0.5491)
(3.1411)
(-1.4527)
A1(-0.0192)
(9.3597)
(2.0549)
A2(4.4388)
(7.4316)
(2.3655)
A3(2.3415)
(9.0166)
(-3.5051)
A4(-3.6536)
(10.0126)
(1.0678)
G1(0.8328)
(1.5570)
(-0.2533)
G2(-1.1025)
(1.1212)
(0.6859)
G3(-0.1735)
(0.4970)
(-0.3225)
G4(0.3757)
(5.3637)
(-3.4124)
A1(-1.4705)
(11.4386)
(0.9388)
A2(5.3630)
(7.3071)
(5.3582)
A3(0.9385)
(8.8298)
(-6.3877)
A4(4.2234)
(10.5919)
(-5.0278)
G1(0.1820)
(3.5598)
(-1.2882)
G2(0.0963)
(3.2555)
(1.6735)
G3(0.2171)
(1.3877)
(-0.4885)
G4(0.7322)
(3.7328)
(-1.4931)
A1(1.9879)
(-0.2347)
(13.6708)
A2(5.1954)
(5.8562)
(9.1985)
A3(-4.7357)
(17.8655)
(3.3423)
A4(-10.4722)
(37.6321)
(16.2949)
G1(-6.6264)
(4.5283)
(-1.0163)
G2(-0.4645)
(4.6799)
(0.7609)
G3(1.7650)
(1.8656)
(-1.1084)
G4(-1.4096)
(-4.7709)
(-0.3118)
A1(6.6055)
(27.5954)
(4.0811)
A2(7.5417)
(5.7796)
(6.4643)
A3(0.9433)
(29.0034)
(12.5648)
A4(6.6463)
(3.8355)
(-5.3917)
G1(-8.9081)
(3.7876)
(-0.2698)
G2(0.7641)
(3.1863)
(0.2996)
G3(3.9307)
(1.5458)
(-1.3713)
G4(1.2467)
(1.5969)
(-0.1309)
A1(1.2742)
(16.5687)
(23.9310)
A2(8.0397)
(2.0207)
(6.2632)
A3(18.6413)
(18.4114)
(-7.2784)
A4(-7.2880)
(10.8457)
(-7.7045)
G1(-7.1473)
(4.4862)
(-1.4793)
G2(1.0664)
(2.0422)
(0.3118)
G3(4.6751)
(5.1998)
(-7.2782)
G4(-0.0974)
(2.2705)
(-0.6566)
A1(-6.7923)
(2.6297)
(9.8819)
A2(9.1794)
(9.3805)
(7.0485)
A3(14.6621)
(-9.4810)
(-19.5606)
A4(4.1515)
(13.7762)
(1.3982)
G1(-4.4181)
(8.7368)
(-0.2347)
G2(1.4191)
(7.3256)
(2.5339)
G3(-0.2469)
(-0.5353)
(-3.6524)
G4(1.6464)
(10.5050)
(-4.7236)
A1(7.0509)
(3.7410)
(-7.4294)
A2(-14.0300)
(10.8745)
(10.5105)
A3(14.0779)
(-7.4124)
(-3.0263)
A4(3.3662)
(8.6910)
(-1.3695)
G1(1.6304)
(2.8755)
(-1.6070)
G2(2.2290)
(6.3018)
(2.4296)
G3(5.8687)
(-8.4388)
(-7.1255)
G4(-1.1579)
(-2.7941)
(1.0174)
A1(-38.5215)
(-0.9484)
(-7.7359)
A2(-7.1922)
(5.3247)
(17.3053)
A3(8.1977)
(-5.1858)
(6.5122)
A4(-0.7039)
(13.9773)
(1.2163)
G1(1.7262)
(-5.9362)
(1.5469)
G2(-0.6476)
(8.9358)
(3.1437)
G3(2.7558)
(-8.8570)
(-5.5936)
G4(-0.7306)
(-0.4821)
(1.1850)
A1(11.6254)
(0.9628)
(-7.5060)
A2(8.1499)
(4.3144)
(22.9748)
A3(-12.6414)
(-2.0590)
(-1.8723)
A4(12.0428)
(2.4038)
(-5.4396)
G1(-2.5914)
(-2.6031)
(2.1173)
G2(0.6768)
(-4.9747)
(0.8812)
G3(-4.8156)
(-1.2169)
(-8.7415)
G4(-0.3480)
(1.0350)
(0.8120)
A1(-2.3519)
(-0.2539)
(-0.6083)
A2(6.3638)
(10.5776)
(-0.6608)
A3(-10.3525)
(7.7237)
(-13.5608)
A4(7.5369)
(10.6877)
(-2.3463)
G1(-0.0133)
(4.2606)
(2.4328)
G2(0.3677)
(3.8051)
(-0.0341)
G3(-11.2622)
(2.3429)
(11.8879)
G4(0.1479)
(0.0809)
(0.2554)
A1(-5.5373)
(4.4547)
(-4.3015)
A2(1.0678)
(11.9710)
(1.8866)
A3(-8.2648)
(-6.8043)
(-2.7677)
A4(-2.0830)
(11.8896)
(-3.1795)
G1(-0.8487)
(-7.2192)
(2.9825)
G2(0.5497)
(-1.1334)
(-0.7875)
G3(0.8322)
(3.7386)
(3.2315)
G4(0.4874)
(1.0754)
(-0.3576)
A1(-8.4065)
(6.0977)
(4.4212)
A2(3.0071)
(7.9727)
(1.4365)
A3(-3.2705)
(-4.4388)
(-8.9639)
A4(2.4421)
(7.3358)
(-5.9137)
G1(1.0174)
(0.8796)
(1.5325)
G2(-0.4284)
(0.3416)
(0.6912)
G3(-2.0109)
(4.1106)
(0.0011)
G4(0.1437)
(-0.9365)
(0.2458)
A1(-6.4187)
(9.4603)
(-1.6574)
A2(-0.5315)
(12.0955)
(2.0159)
A3(-5.5210)
(-2.6193)
(-9.8545)
A4(2.7054)
(10.7787)
(-5.2625)
G1(1.3388)
(-1.7033)
(2.5158)
G2(-0.1032)
(0.9328)
(-0.1208)
G3(-2.7484)
(3.7519)
(-1.2664)
G4(0.0623)
(-0.4023)
(0.1511)
A1(-8.0712)
(6.9887)
(0.3880)
A2(3.9696)
(9.8689)
(0.4549)
A3(1.1109)
(1.3982)
(-12.1578)
A4(1.7861)
(8.4898)
(-5.6934)
G1(1.5623)
(-1.8842)
(0.8918)
G2(-0.0681)
(-0.3634)
(-0.2895)
G3(-3.5194)
(1.4803)
(-0.9120)
G4(-0.0479)
(-0.4060)
(0.2884)
A1(-4.9098)
(7.5395)
(1.4849)
A2(1.5562)
(8.9687)
(0.3543)
A3(-1.4796)
(4.9656)
(-10.8697)
A4(1.0439)
(8.2025)
(-4.8028)
G1(2.9107)
(-0.6678)
(0.6992)
G2(-0.1123)
(-0.0835)
(0.0011)
G3(-2.9591)
(1.2318)
(-0.1836)
G4(-0.0298)
(-0.4103)
(0.3187)
