A1(2.9507)
(7.6257)
(7.3767)
A2(5.3582)
(8.6191)
(-0.1341)
A3(-0.4310)
(8.3606)
(-4.8985)
A4(-0.5938)
(8.5952)
(-6.1004)
G1(-0.1777)
(-1.8656)
(-1.1350)
G2(-0.4033)
(0.2214)
(-0.0372)
G3(0.3193)
(-2.4493)
(1.9773)
G4(0.3491)
(-0.8918)
(0.4816)
A1(-10.6291)
(19.9745)
(10.1070)
A2(1.3838)
(9.7013)
(1.5514)
A3(11.7699)
(5.2816)
(4.4293)
A4(-1.4844)
(20.3938)
(7.9679)
G1(3.3784)
(-1.8459)
(0.5007)
G2(0.0681)
(-2.2636)
(0.1256)
G3(-2.8085)
(-6.3071)
(5.2232)
G4(2.0625)
(-3.2225)
(3.2587)
A1(-1.2789)
(1.7867)
(5.4463)
A2(-0.3160)
(10.3717)
(1.5323)
A3(-20.1927)
(15.1840)
(-5.6455)
A4(-7.1347)
(39.3272)
(8.8202)
G1(1.2664)
(-1.1808)
(-0.9557)
G2(0.2746)
(-2.2929)
(0.1916)
G3(-0.8093)
(-9.6302)
(3.7056)
G4(2.6696)
(-1.6751)
(3.2544)
A1(-2.7064)
(6.6677)
(2.2705)
A2(1.9968)
(14.6573)
(8.8202)
A3(2.8060)
(4.5394)
(-4.0845)
A4(-17.5543)
(34.7447)
(-30.9618)
G1(1.4340)
(-4.5022)
(-1.7139)
G2(-0.4395)
(-3.6716)
(1.5484)
G3(-0.0314)
(-2.6478)
(0.5444)
G4(1.9917)
(-3.6966)
(10.0787)
A1(12.9714)
(14.3557)
(4.8379)
A2(-1.1396)
(5.4300)
(14.1066)
A3(8.4803)
(11.8657)
(-6.0094)
A4(-22.1320)
(-13.2591)
(-23.8558)
G1(1.6448)
(-6.6908)
(-0.7881)
G2(-4.4964)
(-4.1787)
(2.2099)
G3(0.4422)
(-0.7178)
(0.2863)
G4(2.3269)
(2.3227)
(6.9574)
A1(5.0104)
(6.3899)
(16.9376)
A2(13.0628)
(13.4219)
(13.8768)
A3(11.4730)
(9.4858)
(-2.8299)
A4(-10.6255)
(-7.1347)
(-14.3030)
G1(-0.0388)
(-7.8503)
(-0.7678)
G2(-7.3283)
(-4.7475)
(-1.9614)
G3(-0.5997)
(-2.9883)
(0.1979)
G4(1.0046)
(8.7676)
(6.6940)
A1(-18.5039)
(4.4212)
(3.5111)
A2(-6.7612)
(8.0876)
(24.3395)
A3(8.3318)
(13.8241)
(3.4524)
A4(-6.2201)
(-9.6247)
(-3.7637)
G1(-0.7077)
(-9.9952)
(-0.0772)
G2(-9.4056)
(-2.2913)
(3.4061)
G3(-0.4816)
(-5.5340)
(0.5231)
G4(-1.4654)
(9.9127)
(2.8260)
A1(-7.0270)
(9.3693)
(1.8873)
A2(2.6911)
(13.2591)
(16.8600)
A3(-0.9577)
(9.7444)
(7.4986)
A4(-3.0311)
(-7.4077)
(0.4453)
G1(0.6055)
(-1.9129)
(-0.1485)
G2(-5.2009)
(-10.3762)
(0.5976)
G3(-2.4009)
(-9.4195)
(3.7977)
G4(-6.2880)
(3.3512)
(2.5398)
A1(-7.5922)
(7.8173)
(1.9495)
A2(-2.8252)
(9.2608)
(1.4653)
A3(-2.0686)
(12.6653)
(-2.2697)
A4(-3.4955)
(-28.8980)
(11.7124)
G1(-0.2831)
(-0.2065)
(0.1548)
G2(0.4177)
(-2.4493)
(3.3252)
G3(-0.3602)
(-0.9158)
(-0.3533)
G4(6.3343)
(-2.0124)
(-4.8188)
A1(1.2646)
(18.6333)
(4.5889)
A2(-1.4222)
(0.5363)
(-5.9999)
A3(-7.9631)
(9.7971)
(-1.1157)
A4(-6.3303)
(7.0533)
(-11.3772)
G1(-0.9440)
(1.7320)
(0.5805)
G2(0.6848)
(0.7247)
(1.6724)
G3(-0.3219)
(-1.5703)
(-0.1767)
G4(-5.2190)
(0.4832)
(-1.2600)
A1(-1.3173)
(9.5849)
(-0.0048)
A2(10.5345)
(5.3870)
(-12.0764)
A3(3.5195)
(6.0142)
(-9.3039)
A4(5.8658)
(-1.8675)
(-4.6352)
G1(0.3150)
(-0.5901)
(-0.2027)
G2(-2.3131)
(-0.5412)
(-0.8195)
G3(0.4076)
(-0.5220)
(-0.0431)
G4(1.5511)
(-3.4619)
(0.2623)
A1(-1.8825)
(10.7632)
(2.6010)
A2(5.3630)
(-3.4429)
(6.4835)
A3(2.9353)
(9.9264)
(-4.2425)
A4(7.1922)
(-4.1132)
(-5.5593)
G1(0.0330)
(1.0999)
(-0.0399)
G2(-1.1808)
(0.7189)
(-0.7870)
G3(0.0101)
(0.1352)
(-0.1070)
G4(-1.4452)
(-4.8784)
(-1.5825)
A1(-2.4333)
(9.0244)
(3.9183)
A2(16.8504)
(6.1196)
(-5.3008)
A3(3.5338)
(7.6758)
(-5.5881)
A4(2.6671)
(0.9098)
(-9.6726)
G1(0.5561)
(0.0420)
(-0.0447)
G2(-0.0559)
(3.3406)
(-2.1306)
G3(-0.0761)
(0.3932)
(-0.1341)
G4(-4.3048)
(-4.3229)
(-2.1263)
A1(3.3099)
(11.2039)
(-2.0597)
A2(11.9135)
(4.7118)
(2.4229)
A3(-0.1149)
(8.9256)
(-5.6024)
A4(6.7469)
(0.7566)
(-13.9582)
G1(0.2810)
(1.5612)
(0.5119)
G2(-0.7721)
(2.2934)
(-2.2131)
G3(-0.0990)
(-0.1543)
(0.0149)
G4(-2.3126)
(-0.2139)
(-1.3324)
A1(0.9484)
(9.3933)
(1.8777)
A2(8.6095)
(5.5593)
(-0.0096)
A3(1.8771)
(10.2568)
(-1.6855)
A4(6.6032)
(3.7397)
(-11.6119)
G1(-0.3241)
(0.3741)
(0.0378)
G2(0.5800)
(1.8565)
(-2.0609)
G3(-0.1059)
(0.1836)
(-0.1235)
G4(-2.5078)
(-1.3649)
(0.7976)
A1(-0.6083)
(10.6387)
(1.0969)
A2(8.5234)
(6.8618)
(5.6503)
A3(-0.5746)
(9.2129)
(-4.1420)
A4(5.4684)
(4.0510)
(-10.3477)
G1(-0.5853)
(0.6524)
(-0.0857)
G2(1.4388)
(1.1786)
(-1.8065)
G3(-0.0564)
(-0.0133)
(-0.0527)
G4(-2.1684)
(-1.9119)
(0.5199)
A1(-1.3747)
(9.2831)
(0.5269)
A2(8.9495)
(6.2632)
(2.0207)
A3(3.2848)
(9.1219)
(-2.3846)
A4(1.2019)
(7.6950)
(-10.5441)
G1(0.0607)
(0.1548)
(-0.5667)
G2(0.6838)
(1.5862)
(-2.7973)
G3(0.1799)
(0.4049)
(-0.2730)
G4(-2.2460)
(-1.6836)
(0.7162)
A1(-0.2299)
(8.8280)
(0.5940)
A2(5.2577)
(7.9344)
(3.2657)
A3(2.0686)
(9.2225)
(-2.1596)
A4(3.8164)
(10.6925)
(-1.3455)
G1(-0.7907)
(0.5295)
(-0.3060)
G2(1.5139)
(-0.5268)
(-1.6304)
G3(0.2506)
(0.5555)
(-0.3411)
G4(-2.0641)
(-1.6166)
(0.2703)
A1(-0.7664)
(10.7872)
(1.0251)
A2(2.9257)
(9.6295)
(1.7190)
A3(0.0910)
(9.2033)
(-2.5618)
A4(-0.7470)
(3.4333)
(-2.9209)
G1(-0.7471)
(0.7700)
(-0.4475)
G2(1.4920)
(0.5151)
(-1.6703)
G3(0.3453)
(0.3049)
(-0.3022)
G4(-0.1543)
(-0.1245)
(-0.5864)
A1(-1.3508)
(10.1549)
(0.7089)
A2(4.8171)
(7.3454)
(0.2059)
A3(0.2490)
(9.3087)
(-3.9313)
A4(1.6281)
(11.1426)
(-3.4477)
G1(-0.2889)
(0.5412)
(-0.6162)
G2(1.2866)
(0.0372)
(-1.2217)
G3(0.2964)
(0.1043)
(-0.4044)
G4(-0.5268)
(-0.4172)
(-0.1479)
