A1(-0.2251)
(10.0160)
(0.1868)
A2(3.9361)
(8.4420)
(2.8156)
A3(0.2729)
(7.5226)
(-7.0485)
A4(-4.4867)
(7.4555)
(-2.5762)
G1(0.1777)
(2.2051)
(-0.4528)
G2(-0.4640)
(0.3773)
(0.1070)
G3(-0.0798)
(0.3219)
(-0.1075)
G4(1.2930)
(4.8412)
(-3.1166)
A1(0.6562)
(9.2879)
(-2.1076)
A2(5.1140)
(6.2728)
(2.9161)
A3(1.6616)
(9.4619)
(-4.7405)
A4(6.8714)
(0.5794)
(-3.7972)
G1(-0.1000)
(1.7964)
(-0.6327)
G2(-0.2543)
(2.6366)
(1.1898)
G3(-0.0596)
(1.0084)
(-0.3927)
G4(-0.1075)
(3.1097)
(-2.1497)
A1(-1.1879)
(11.8793)
(2.0693)
A2(5.8754)
(5.8466)
(5.6455)
A3(1.9058)
(9.3134)
(-3.1268)
A4(2.9401)
(13.7762)
(3.4285)
G1(-0.5624)
(1.4293)
(-1.2366)
G2(-1.0099)
(2.0013)
(1.4537)
G3(0.2395)
(0.9190)
(-0.2719)
G4(1.3383)
(0.2011)
(1.2994)
A1(-3.5494)
(3.3099)
(8.3395)
A2(7.3358)
(6.1914)
(7.7428)
A3(3.8690)
(15.3325)
(-0.8380)
A4(4.2760)
(8.9064)
(-9.2225)
G1(-4.2750)
(1.9763)
(-0.3783)
G2(0.2155)
(4.1797)
(-0.7098)
G3(1.5006)
(0.6444)
(-0.5683)
G4(1.0781)
(-0.5997)
(0.6747)
A1(-1.5041)
(12.6840)
(5.3936)
A2(7.2257)
(12.5648)
(12.8425)
A3(0.0383)
(14.9255)
(-3.8499)
A4(-0.2777)
(10.2376)
(-7.3454)
G1(-6.3135)
(5.3371)
(1.9741)
G2(-0.0915)
(-1.1728)
(0.1932)
G3(2.6031)
(2.5674)
(-2.4036)
G4(0.4353)
(1.1254)
(-0.7333)
A1(-1.4658)
(18.3267)
(15.0359)
A2(1.5275)
(4.5011)
(1.4653)
A3(22.5151)
(13.6326)
(-11.9710)
A4(-4.7932)
(10.0461)
(-10.2328)
G1(-5.6478)
(4.7033)
(-0.1117)
G2(1.5820)
(0.7428)
(0.4395)
G3(1.2973)
(3.6945)
(-3.7110)
G4(-0.3459)
(3.6120)
(-0.9094)
A1(-5.7672)
(9.4891)
(10.1836)
A2(-7.6423)
(14.7100)
(3.2226)
A3(17.5878)
(2.3655)
(-17.3149)
A4(-6.0142)
(15.9454)
(-1.4269)
G1(-6.9898)
(4.7768)
(0.4901)
G2(1.5224)
(4.0510)
(0.9653)
G3(-1.1339)
(-2.2147)
(-2.0566)
G4(0.4459)
(7.1670)
(-2.2540)
A1(0.4790)
(8.5071)
(5.6283)
A2(-0.8763)
(15.1936)
(1.1732)
A3(18.8950)
(5.4396)
(-15.6006)
A4(-9.9982)
(-3.5291)
(-7.1826)
G1(-2.9873)
(6.2247)
(-0.8115)
G2(1.3425)
(4.8614)
(1.6033)
G3(4.1244)
(0.1692)
(-8.0067)
G4(0.2645)
(8.4303)
(-4.7975)
A1(-12.1427)
(1.4179)
(-27.8205)
A2(-9.4715)
(3.2753)
(10.6207)
A3(6.3015)
(-5.2194)
(2.7533)
A4(4.0941)
(15.0739)
(0.5602)
G1(0.7418)
(4.1952)
(-1.7847)
G2(-1.0653)
(7.5086)
(1.4213)
G3(4.6895)
(-8.5856)
(-4.6789)
G4(-1.2404)
(-2.8372)
(1.5442)
A1(12.3248)
(7.3575)
(1.8011)
A2(14.2311)
(5.3534)
(15.0404)
A3(-3.9409)
(-19.1057)
(6.9192)
A4(8.7771)
(7.1251)
(-2.3511)
G1(-2.3615)
(-1.7379)
(1.5229)
G2(3.0293)
(-1.8581)
(0.6854)
G3(-5.8415)
(-5.3855)
(-6.7988)
G4(-0.2235)
(0.9860)
(0.1868)
A1(-11.6302)
(5.5996)
(2.5291)
A2(5.4971)
(11.8705)
(-6.3159)
A3(-14.9111)
(64.8685)
(-39.8060)
A4(4.1420)
(7.8290)
(-4.1803)
G1(-1.4729)
(-8.8740)
(3.0751)
G2(0.3698)
(-1.0759)
(0.1836)
G3(12.5877)
(2.7281)
(-5.1737)
G4(-0.1623)
(-0.2847)
(0.2581)
A1(-3.8991)
(2.8884)
(0.0958)
A2(8.4132)
(4.0175)
(4.0270)
A3(-4.1659)
(6.1483)
(-4.1468)
A4(2.0063)
(9.9311)
(-3.0454)
G1(-1.6751)
(2.3174)
(2.9915)
G2(0.3038)
(3.0847)
(0.5763)
G3(0.2256)
(0.3006)
(4.7459)
G4(-0.1176)
(-1.1047)
(0.3778)
A1(-12.8804)
(6.3516)
(1.3795)
A2(-0.7997)
(9.3182)
(-0.0383)
A3(-1.2210)
(-4.6256)
(-4.5586)
A4(0.0383)
(9.8737)
(-3.2370)
G1(0.5385)
(-0.8301)
(1.9518)
G2(0.0809)
(-0.9546)
(-0.0223)
G3(-2.5818)
(5.7266)
(-0.0660)
G4(-0.0670)
(-0.5444)
(0.2820)
A1(-5.7624)
(8.4400)
(0.8814)
A2(7.1922)
(10.0509)
(2.6815)
A3(-1.8340)
(-0.3017)
(-8.5569)
A4(2.7007)
(8.9160)
(-4.3191)
G1(0.8870)
(-0.6337)
(1.8204)
G2(-0.1043)
(-0.5545)
(-0.0208)
G3(-4.0143)
(2.8856)
(-0.2373)
G4(-0.0394)
(-0.0436)
(0.0388)
A1(-3.6069)
(8.6652)
(1.2263)
A2(-0.3831)
(9.2273)
(1.1157)
A3(-3.4524)
(-1.9201)
(-13.5320)
A4(0.3591)
(9.2608)
(-4.4580)
G1(1.4718)
(-1.2042)
(1.7113)
G2(-0.2655)
(-1.2388)
(0.1352)
G3(-3.3087)
(3.0756)
(-1.6389)
G4(-0.1027)
(-0.1426)
(0.2182)
A1(-7.4198)
(8.3538)
(3.9518)
A2(4.5490)
(9.7492)
(1.6568)
A3(3.9217)
(1.8483)
(-12.5360)
A4(2.2745)
(9.9982)
(-1.8196)
G1(2.3567)
(-1.2882)
(0.3081)
G2(0.0037)
(-0.2363)
(0.2490)
G3(-4.8582)
(-1.4404)
(0.5034)
G4(0.0692)
(-0.1240)
(0.2336)
A1(-5.3265)
(9.6376)
(2.5483)
A2(1.5993)
(9.7252)
(2.8778)
A3(-2.9209)
(11.3725)
(-2.3798)
A4(1.0295)
(8.5617)
(-6.1387)
G1(-0.4289)
(-0.0947)
(0.9573)
G2(0.0096)
(-1.1318)
(0.1144)
G3(-3.0016)
(2.0497)
(-1.4090)
G4(0.2751)
(1.1887)
(0.1836)
A1(-5.3792)
(7.0940)
(-3.3722)
A2(-3.7541)
(9.6055)
(2.2553)
A3(-13.9438)
(5.7317)
(-9.6678)
A4(3.3567)
(8.2648)
(-4.4867)
G1(1.5139)
(-1.1898)
(0.2480)
G2(-0.0905)
(-0.6902)
(0.3751)
G3(-0.7966)
(-1.1142)
(0.0623)
G4(0.0729)
(0.2778)
(0.3065)
A1(-2.1459)
(8.5742)
(-3.6883)
A2(2.1739)
(10.1466)
(2.0494)
A3(-0.7422)
(3.4764)
(-5.6695)
A4(2.3224)
(8.8202)
(-4.6543)
G1(0.9434)
(-0.0436)
(0.0553)
G2(-0.7008)
(0.8535)
(0.2863)
G3(-0.7184)
(1.8587)
(-0.5444)
G4(-0.0208)
(0.0963)
(0.4581)
A1(-2.6202)
(10.8446)
(-1.3556)
A2(4.0127)
(8.5760)
(-0.6943)
A3(-0.5459)
(8.7580)
(-4.1180)
A4(3.2130)
(9.5912)
(-4.2952)
G1(0.2453)
(-0.1181)
(-0.1070)
G2(0.1543)
(-0.5491)
(0.3006)
G3(-0.4906)
(0.6987)
(0.0803)
G4(-0.0937)
(-0.4284)
(0.4299)
