A1(-2.6537)
(9.8004)
(9.0723)
A2(2.3655)
(8.8969)
(-0.1437)
A3(-2.7198)
(10.6111)
(-1.5945)
A4(0.2346)
(8.1355)
(-6.7229)
G1(-3.2916)
(-0.6279)
(-0.2831)
G2(-0.2166)
(0.0181)
(0.0043)
G3(0.4379)
(-0.8695)
(0.3278)
G4(0.1564)
(0.1751)
(0.0027)
A1(-1.4945)
(7.1228)
(1.8011)
A2(1.5850)
(9.5624)
(0.0575)
A3(-5.4540)
(8.6526)
(-4.5394)
A4(0.1149)
(8.7149)
(-5.6503)
G1(0.2964)
(-3.0618)
(-1.4883)
G2(-0.4182)
(-0.2964)
(-0.0548)
G3(0.5220)
(-2.0944)
(1.3649)
G4(-0.0138)
(-0.4943)
(0.1995)
A1(2.3615)
(5.6954)
(8.2149)
A2(3.5051)
(9.7827)
(0.5076)
A3(2.1596)
(4.4532)
(-5.5881)
A4(0.4836)
(9.5672)
(-5.6264)
G1(0.1995)
(-2.3519)
(-0.1761)
G2(-0.3294)
(0.0484)
(-0.0090)
G3(0.0436)
(-3.8796)
(2.9671)
G4(0.0074)
(-0.9035)
(0.3443)
A1(-8.2868)
(7.5874)
(9.2879)
A2(0.9433)
(10.2089)
(2.5235)
A3(0.8380)
(10.9032)
(2.9497)
A4(-3.5434)
(12.9574)
(-1.3599)
G1(0.9998)
(1.0876)
(0.3821)
G2(0.4576)
(-2.0231)
(0.1261)
G3(-2.1258)
(-6.5657)
(2.6707)
G4(1.2292)
(-0.5417)
(0.7593)
A1(4.3829)
(12.0278)
(-4.7757)
A2(-1.6855)
(8.5090)
(2.1117)
A3(17.4777)
(16.7881)
(-1.9058)
A4(1.8962)
(26.3793)
(0.6800)
G1(0.9291)
(-3.6274)
(2.0641)
G2(0.1123)
(-2.5334)
(0.4305)
G3(1.3830)
(-0.3294)
(-0.0069)
G4(3.0224)
(-2.0194)
(3.4337)
A1(-3.9374)
(6.5240)
(2.1986)
A2(-2.4181)
(11.6262)
(3.0167)
A3(-1.9154)
(9.9455)
(-8.0349)
A4(-7.4412)
(11.5592)
(-7.4220)
G1(2.0263)
(-0.7407)
(-0.4518)
G2(-0.9301)
(-2.1002)
(0.4486)
G3(0.7668)
(-0.3555)
(0.0575)
G4(1.4814)
(-2.8676)
(5.0242)
A1(1.6574)
(10.1022)
(2.9698)
A2(3.5530)
(1.9920)
(8.8155)
A3(-0.7614)
(7.1012)
(-7.7237)
A4(-25.2397)
(6.1387)
(-23.3866)
G1(1.5772)
(-5.3371)
(-0.3421)
G2(-3.9414)
(-2.8787)
(1.8746)
G3(-0.0128)
(-0.1809)
(0.4709)
G4(-1.2451)
(1.1281)
(4.4985)
A1(9.2112)
(11.1129)
(8.8903)
A2(4.3910)
(11.1666)
(4.0318)
A3(3.0550)
(8.8969)
(-4.0558)
A4(-3.1173)
(1.6424)
(-16.3380)
G1(2.5121)
(-8.9735)
(-1.1557)
G2(-6.3002)
(-6.2779)
(-1.9800)
G3(-0.7460)
(-2.3738)
(0.4730)
G4(-0.8067)
(2.5935)
(7.4480)
A1(0.3161)
(0.6898)
(17.3687)
A2(-1.1779)
(11.4203)
(17.4968)
A3(7.8961)
(10.0365)
(-3.0119)
A4(-3.2944)
(-0.8571)
(-10.1466)
G1(-2.4238)
(-6.9457)
(0.0479)
G2(-7.5954)
(-2.4349)
(1.6825)
G3(-0.5539)
(-3.9408)
(0.8657)
G4(0.2150)
(3.1070)
(6.3215)
A1(-9.2591)
(5.8295)
(7.5778)
A2(8.6191)
(5.7269)
(13.4219)
A3(20.2214)
(4.6926)
(-0.4788)
A4(-0.7422)
(-5.0853)
(-3.3710)
G1(2.0082)
(2.9043)
(-0.9482)
G2(-5.3754)
(-6.2858)
(-0.4496)
G3(-1.6038)
(-11.7884)
(6.9164)
G4(-2.2157)
(4.3537)
(3.2427)
A1(1.7867)
(4.4260)
(8.1143)
A2(-0.8619)
(8.4324)
(7.3741)
A3(-21.7681)
(15.8400)
(-11.3677)
A4(-0.6321)
(-0.1676)
(-2.5379)
G1(1.2478)
(-1.1201)
(0.2070)
G2(-2.3562)
(-5.5388)
(1.3409)
G3(-1.3489)
(0.0809)
(-1.5809)
G4(-5.6505)
(-0.1197)
(5.1498)
A1(-2.7974)
(8.9574)
(2.4908)
A2(1.1827)
(-0.9768)
(-22.9795)
A3(-10.1370)
(8.5329)
(-1.3024)
A4(5.7174)
(-21.3419)
(9.7588)
G1(-0.5518)
(0.5481)
(-0.1373)
G2(-0.6886)
(-1.1073)
(0.4901)
G3(-0.7444)
(-0.6721)
(-0.6486)
G4(-2.2242)
(-1.2457)
(-3.4683)
A1(-1.0586)
(8.5119)
(-0.1150)
A2(17.6213)
(-1.4126)
(-0.7135)
A3(-9.0261)
(13.8912)
(1.5754)
A4(0.6033)
(26.0633)
(-16.5248)
G1(-0.3879)
(1.7395)
(0.1692)
G2(-1.1430)
(-2.1130)
(-0.2336)
G3(-0.4784)
(-0.7035)
(-0.2990)
G4(-1.2675)
(3.4683)
(1.2584)
A1(-1.6190)
(9.2208)
(2.4429)
A2(0.2107)
(-2.0446)
(-19.8479)
A3(3.6440)
(7.7812)
(-7.0437)
A4(7.0246)
(-3.0406)
(-5.0422)
G1(-0.1256)
(1.1377)
(-0.1261)
G2(-2.8723)
(-1.0749)
(-2.1987)
G3(0.4417)
(2.5680)
(-0.6540)
G4(2.6297)
(-2.1167)
(-0.5156)
A1(-3.1566)
(10.6004)
(0.6562)
A2(-3.1125)
(0.6943)
(5.6168)
A3(0.8954)
(9.7396)
(-0.8284)
A4(6.6990)
(-5.6647)
(-4.4005)
G1(-0.3049)
(1.7262)
(0.1634)
G2(-1.9757)
(1.9944)
(-0.9115)
G3(0.2219)
(1.0296)
(-0.2107)
G4(1.0578)
(-4.6070)
(-1.7820)
A1(1.5184)
(12.1044)
(0.4359)
A2(11.4156)
(5.8945)
(-1.6185)
A3(2.5043)
(8.8442)
(-3.3902)
A4(4.9991)
(-3.3088)
(-5.5115)
G1(0.4278)
(0.3251)
(0.0101)
G2(-0.7412)
(5.8543)
(-2.1545)
G3(0.2565)
(1.2553)
(-0.3374)
G4(-1.7549)
(-3.8892)
(-0.9445)
A1(0.0000)
(9.6998)
(-0.1868)
A2(5.4971)
(5.1858)
(5.4540)
A3(3.3902)
(8.7676)
(-3.0598)
A4(2.8683)
(-0.0766)
(-9.1267)
G1(0.5092)
(1.0408)
(-0.0394)
G2(-0.2139)
(1.5969)
(-1.1393)
G3(-0.2027)
(0.2692)
(-0.1527)
G4(-3.9121)
(-2.7234)
(-1.9374)
A1(0.1772)
(8.9957)
(0.8957)
A2(10.8218)
(5.0230)
(0.8667)
A3(1.2737)
(9.2751)
(-2.7390)
A4(5.3199)
(2.5666)
(-11.7699)
G1(0.2783)
(0.1394)
(-0.2134)
G2(0.5624)
(1.2941)
(-1.4154)
G3(-0.3895)
(0.0330)
(-0.0777)
G4(-3.2693)
(0.1889)
(-0.6332)
A1(-0.7041)
(8.8328)
(-0.0958)
A2(9.2560)
(5.2433)
(5.1380)
A3(2.2984)
(9.1506)
(-2.3559)
A4(2.5474)
(5.8610)
(-8.8250)
G1(-0.1219)
(0.3182)
(-0.1660)
G2(0.7343)
(0.2421)
(-1.3739)
G3(-0.3544)
(-0.0750)
(-0.0979)
G4(-3.3709)
(-0.4608)
(-0.4555)
A1(1.6382)
(9.9681)
(3.0608)
A2(6.8378)
(7.8434)
(4.1132)
A3(-0.1101)
(10.0221)
(-0.7997)
A4(3.1220)
(9.9024)
(-9.0788)
G1(0.7471)
(0.3453)
(-0.2666)
G2(1.5703)
(1.6107)
(-1.6942)
G3(-0.0101)
(-0.0511)
(-0.1304)
G4(-3.0575)
(-1.8688)
(1.4442)
