A1(0.7904)
(7.9467)
(4.4739)
A2(2.7869)
(10.2089)
(1.0726)
A3(-3.4812)
(9.0836)
(-3.5482)
A4(-1.1301)
(7.5178)
(-6.9528)
G1(-0.1958)
(-2.2844)
(-1.4910)
G2(0.0984)
(-0.4720)
(-0.0378)
G3(0.2831)
(-1.7118)
(1.3638)
G4(0.1128)
(-1.0605)
(0.6130)
A1(-11.8122)
(7.1563)
(11.6877)
A2(4.6495)
(8.4276)
(0.5411)
A3(7.0102)
(8.0158)
(1.6137)
A4(10.6829)
(14.0300)
(-5.8658)
G1(0.4539)
(-5.2567)
(-0.4071)
G2(0.0591)
(-3.7056)
(-0.0197)
G3(-1.4500)
(-6.6088)
(4.4399)
G4(0.8684)
(-2.1710)
(1.3782)
A1(7.5108)
(6.3276)
(-4.5457)
A2(-1.4892)
(10.9176)
(1.7765)
A3(-26.5756)
(-0.1676)
(-3.3567)
A4(-4.8411)
(30.0951)
(3.8451)
G1(-0.4688)
(-1.5458)
(1.0429)
G2(0.4076)
(-1.7751)
(-0.1149)
G3(1.1004)
(4.9572)
(-1.3218)
G4(4.0584)
(-2.0816)
(3.4337)
A1(0.8622)
(10.5046)
(0.9484)
A2(0.3783)
(10.4675)
(6.5027)
A3(-6.0956)
(5.8849)
(-6.1004)
A4(-22.2565)
(26.4368)
(-22.9269)
G1(1.5857)
(-3.8999)
(-1.7187)
G2(-0.2405)
(-4.0483)
(1.7123)
G3(0.3406)
(2.0689)
(-0.3938)
G4(1.4069)
(-1.0217)
(7.0143)
A1(8.5742)
(11.6542)
(0.6658)
A2(-0.9864)
(22.9317)
(0.4741)
A3(5.7078)
(8.8777)
(-2.6097)
A4(-8.8394)
(2.5570)
(-20.9205)
G1(1.0467)
(-5.6095)
(-1.0818)
G2(-7.3006)
(-5.2046)
(-0.1559)
G3(-0.4113)
(-0.6215)
(0.2293)
G4(1.1350)
(4.4309)
(6.7110)
A1(-4.3685)
(11.5871)
(8.9047)
A2(-2.8252)
(12.2775)
(16.6780)
A3(7.1347)
(13.4123)
(-0.3783)
A4(-5.8945)
(-3.8834)
(-7.2305)
G1(-0.5050)
(-10.0575)
(-2.2652)
G2(-8.9661)
(-2.7218)
(1.7640)
G3(-0.3810)
(-5.2658)
(1.1643)
G4(2.3163)
(8.6740)
(4.8098)
A1(-10.2842)
(13.5606)
(11.9990)
A2(7.1635)
(4.7645)
(13.8002)
A3(15.4905)
(0.3687)
(6.4404)
A4(-4.6208)
(-10.8697)
(-0.9673)
G1(-0.3597)
(-3.8301)
(0.5071)
G2(-6.1502)
(-7.9237)
(-0.3118)
G3(-3.4763)
(-11.9864)
(5.6223)
G4(-5.9889)
(3.7328)
(2.1535)
A1(-13.4025)
(9.9920)
(6.4857)
A2(-5.2672)
(10.6111)
(6.1675)
A3(22.8263)
(-8.3414)
(4.0558)
A4(-10.2089)
(62.7712)
(-58.9069)
G1(-0.2043)
(-2.8846)
(-0.9743)
G2(-0.7987)
(-4.6831)
(2.5685)
G3(-0.2283)
(1.5692)
(-2.2061)
G4(7.0452)
(7.2378)
(2.6765)
A1(-2.8644)
(8.6412)
(3.3482)
A2(16.5775)
(3.3375)
(-3.9504)
A3(-7.3071)
(11.8130)
(3.3184)
A4(5.8083)
(-0.6800)
(-5.8514)
G1(-0.2570)
(-0.4464)
(0.0090)
G2(0.3076)
(-0.4135)
(0.1873)
G3(-0.5938)
(-1.3909)
(-0.1570)
G4(-5.9187)
(2.7909)
(-3.0181)
A1(-2.1890)
(9.8483)
(3.3339)
A2(0.3400)
(2.6432)
(-5.9999)
A3(-0.9912)
(9.5050)
(-2.7916)
A4(3.0933)
(-0.8906)
(-2.4421)
G1(0.0857)
(0.3565)
(-0.1554)
G2(-2.3461)
(6.7780)
(-1.1664)
G3(0.0878)
(-0.2261)
(-0.0601)
G4(0.3645)
(-2.6228)
(-0.6715)
A1(-1.7340)
(10.3992)
(1.9927)
A2(2.5714)
(-2.4181)
(1.3647)
A3(0.9912)
(9.3996)
(-2.2218)
A4(2.2793)
(-3.1843)
(-4.6400)
G1(0.3225)
(0.9280)
(0.1852)
G2(-0.6486)
(-1.7624)
(-0.4592)
G3(0.0607)
(0.3267)
(-0.1235)
G4(-0.9977)
(-3.5561)
(-1.6049)
A1(-1.6669)
(8.7322)
(1.2694)
A2(13.8672)
(2.8299)
(-2.5043)
A3(1.9201)
(8.7245)
(-3.2082)
A4(3.4668)
(-2.7102)
(-8.8346)
G1(0.8296)
(1.8709)
(0.5837)
G2(-0.3272)
(1.4697)
(-1.6054)
G3(0.1767)
(1.7044)
(-0.5726)
G4(-3.4241)
(-4.1856)
(-1.6049)
A1(-2.5627)
(8.3634)
(0.1724)
A2(7.1730)
(4.8985)
(3.0885)
A3(-0.6560)
(9.6678)
(-1.3934)
A4(6.2345)
(-0.2634)
(-11.4539)
G1(0.3182)
(1.7400)
(0.0005)
G2(-0.3225)
(3.3199)
(-2.4988)
G3(0.0367)
(3.7072)
(-1.1973)
G4(-2.7782)
(-1.2952)
(-0.6880)
A1(-0.3353)
(9.2400)
(1.1352)
A2(10.4770)
(5.6168)
(2.6576)
A3(0.8140)
(9.9264)
(-3.0550)
A4(3.3232)
(5.4971)
(-11.9423)
G1(0.0761)
(0.5970)
(0.0974)
G2(0.7742)
(1.2893)
(-2.1173)
G3(-0.0192)
(0.4550)
(-0.0064)
G4(-2.0853)
(-0.8359)
(-0.2682)
A1(-0.7281)
(9.5513)
(0.1916)
A2(7.8865)
(8.7101)
(3.4668)
A3(1.1061)
(9.3326)
(-2.5666)
A4(3.7110)
(7.5561)
(-9.0214)
G1(0.3725)
(0.2458)
(-0.1729)
G2(1.5591)
(1.2808)
(-1.7326)
G3(-0.0761)
(0.6045)
(-0.1266)
G4(-1.9768)
(-0.2671)
(0.0974)
A1(-1.0107)
(9.9585)
(-0.9628)
A2(7.9009)
(7.2927)
(3.7158)
A3(0.1293)
(9.1650)
(-2.6049)
A4(2.7773)
(8.8298)
(-5.2385)
G1(-0.1235)
(0.6625)
(-0.1463)
G2(1.7065)
(0.0500)
(-1.2499)
G3(-0.1101)
(0.2065)
(-0.0921)
G4(-1.5085)
(-0.4119)
(-0.1197)
A1(0.4024)
(9.3645)
(0.3640)
A2(5.2672)
(8.2361)
(1.8196)
A3(2.3463)
(9.8019)
(-1.4222)
A4(3.8211)
(13.7331)
(-3.8211)
G1(-0.3363)
(0.3932)
(-0.1022)
G2(1.2106)
(1.0951)
(-1.1850)
G3(0.0788)
(0.2767)
(-0.2373)
G4(0.0133)
(-0.0756)
(-0.3299)
A1(-1.3460)
(10.3321)
(0.7233)
A2(4.2090)
(8.9304)
(1.4174)
A3(2.3846)
(9.1842)
(-2.2410)
A4(1.7765)
(8.3941)
(-5.5593)
G1(-0.0990)
(0.5422)
(-0.3693)
G2(1.2084)
(0.3092)
(-0.5890)
G3(0.3390)
(0.1591)
(-0.3900)
G4(-0.6295)
(0.3267)
(-0.5092)
A1(-2.2992)
(8.9813)
(0.4551)
A2(4.9321)
(8.8825)
(-0.5650)
A3(0.9242)
(8.9208)
(-4.0654)
A4(0.1628)
(8.8681)
(-3.0502)
G1(-0.3794)
(0.4704)
(-0.2395)
G2(0.7726)
(1.0898)
(-0.4395)
G3(0.0873)
(-0.0569)
(-0.3837)
G4(-0.6279)
(-0.3230)
(-0.3698)
A1(-4.0380)
(10.8207)
(3.1183)
A2(3.5530)
(8.6910)
(-1.5850)
A3(-0.0622)
(10.1131)
(-2.2314)
A4(-2.4948)
(10.2951)
(-0.7805)
G1(-0.0309)
(0.2528)
(-0.3187)
G2(1.0169)
(0.0835)
(-0.1926)
G3(0.1799)
(-0.1139)
(-0.3299)
G4(-0.3570)
(-0.5055)
(-0.1016)
