A1(-3.9709)
(8.6748)
(3.5350)
A2(1.9824)
(8.8059)
(-2.5714)
A3(-1.5514)
(10.1370)
(-0.3256)
A4(0.3112)
(9.1937)
(-4.3574)
G1(-2.9522)
(-0.3959)
(0.9200)
G2(-0.0234)
(0.4177)
(-0.0442)
G3(0.3879)
(0.1639)
(0.0181)
G4(0.0601)
(-0.0878)
(0.0830)
A1(-2.6776)
(8.2149)
(5.4223)
A2(3.4716)
(8.5712)
(-1.3551)
A3(-2.8491)
(10.9032)
(-1.5754)
A4(1.0918)
(9.2177)
(-4.9033)
G1(-1.6836)
(-2.7420)
(-1.3585)
G2(-0.2783)
(-0.1783)
(-0.0005)
G3(0.8306)
(-1.7655)
(0.7769)
G4(0.2187)
(-0.4539)
(0.1554)
A1(1.7771)
(9.4412)
(8.7706)
A2(3.2992)
(9.1267)
(-1.0965)
A3(-1.2210)
(5.3870)
(-6.1148)
A4(-0.2538)
(10.7117)
(-1.7478)
G1(-0.4752)
(-2.7899)
(0.0106)
G2(-0.3826)
(-0.4571)
(-0.0287)
G3(0.6199)
(-2.9442)
(2.3966)
G4(1.0940)
(-0.9094)
(0.2794)
A1(-6.7492)
(13.4169)
(8.7131)
A2(2.5283)
(9.5433)
(2.4804)
A3(-11.2384)
(15.8736)
(1.4269)
A4(-7.8482)
(16.1034)
(1.9058)
G1(0.9078)
(1.4708)
(-0.0835)
G2(-0.4746)
(-2.1934)
(0.2543)
G3(-3.7221)
(-12.6568)
(4.1915)
G4(1.9348)
(-2.5323)
(1.6868)
A1(-0.9580)
(10.0351)
(3.6308)
A2(-0.2729)
(9.2225)
(2.6767)
A3(-13.9199)
(8.5712)
(1.5706)
A4(-5.5019)
(27.1407)
(8.4946)
G1(1.9715)
(-2.3174)
(0.3358)
G2(-0.9775)
(-1.8145)
(0.2214)
G3(2.1285)
(3.8977)
(-0.4486)
G4(2.6265)
(-0.8397)
(1.6102)
A1(-0.7472)
(8.1047)
(3.2860)
A2(0.0862)
(12.9143)
(2.5043)
A3(5.7461)
(8.0589)
(-15.1984)
A4(-8.5665)
(16.3524)
(-15.6102)
G1(1.4942)
(-4.0606)
(-1.0924)
G2(-1.3234)
(-3.2911)
(0.9392)
G3(0.6561)
(-0.6024)
(0.5342)
G4(0.7333)
(-4.2170)
(7.8731)
A1(3.8847)
(8.2724)
(4.5745)
A2(-1.3743)
(3.6775)
(10.8314)
A3(4.7884)
(6.9911)
(-2.0303)
A4(-10.9271)
(0.2873)
(-19.4984)
G1(1.8177)
(-6.1597)
(-1.4340)
G2(-6.7307)
(-1.5085)
(1.6299)
G3(0.0553)
(-0.9014)
(0.3688)
G4(-1.3372)
(1.6198)
(6.1768)
A1(6.3564)
(8.5646)
(7.4198)
A2(6.6032)
(5.5019)
(21.4090)
A3(5.0661)
(9.4332)
(-2.2027)
A4(-3.3854)
(-3.3662)
(-13.5272)
G1(0.2794)
(-7.3692)
(-1.3494)
G2(-7.2229)
(-5.5191)
(-0.7322)
G3(-0.1724)
(-3.1884)
(0.5800)
G4(0.7918)
(5.1152)
(8.1780)
A1(-18.7434)
(3.8943)
(-13.9678)
A2(11.6071)
(8.8442)
(12.0476)
A3(13.5751)
(11.4922)
(2.3703)
A4(-0.2969)
(-5.9568)
(-1.1157)
G1(1.8464)
(-7.3501)
(-1.1563)
G2(-5.8878)
(-5.3722)
(-1.2116)
G3(-0.2597)
(-6.2837)
(3.5013)
G4(-1.6655)
(5.6995)
(3.6540)
A1(-4.3637)
(19.3661)
(10.8207)
A2(1.6472)
(9.1123)
(5.4444)
A3(1.1013)
(2.2841)
(1.2641)
A4(-2.1117)
(-1.9680)
(-1.8579)
G1(-0.3592)
(-1.4958)
(0.1000)
G2(-2.8425)
(-5.9341)
(1.0578)
G3(-3.2938)
(-7.5379)
(3.9935)
G4(-6.2151)
(1.0254)
(4.0818)
A1(-7.9610)
(2.0932)
(7.3383)
A2(-0.6225)
(6.8522)
(4.9608)
A3(-14.3939)
(20.9157)
(-3.3184)
A4(-9.1411)
(17.7219)
(22.4145)
G1(0.5470)
(-2.8127)
(-0.0537)
G2(-0.4858)
(-4.0036)
(1.8198)
G3(-1.0286)
(0.2442)
(-1.3095)
G4(8.3036)
(-16.3545)
(-0.4103)
A1(-2.9315)
(8.7275)
(0.8766)
A2(9.1506)
(-3.1556)
(-5.8754)
A3(-5.5067)
(10.9798)
(-0.3591)
A4(9.5768)
(19.9724)
(-3.2034)
G1(-0.2203)
(0.6055)
(-0.3799)
G2(0.4204)
(1.1861)
(0.3954)
G3(-0.1032)
(1.5469)
(-0.7694)
G4(-0.6439)
(0.5694)
(-3.2746)
A1(-2.4046)
(10.0591)
(0.7329)
A2(1.9106)
(3.8595)
(-11.2144)
A3(3.4716)
(7.9344)
(-3.7781)
A4(5.4205)
(-2.5474)
(-7.0198)
G1(-0.1091)
(1.1871)
(0.0053)
G2(1.0706)
(0.1022)
(-1.4032)
G3(0.3054)
(1.0988)
(-0.3677)
G4(1.8837)
(-3.8897)
(-1.5841)
A1(0.3688)
(9.9824)
(-0.5844)
A2(2.2984)
(1.9249)
(1.9776)
A3(-0.4166)
(10.0892)
(-3.9025)
A4(4.6160)
(-4.5969)
(-8.7484)
G1(-0.2038)
(0.6582)
(0.0452)
G2(-1.8869)
(2.2599)
(-2.0082)
G3(0.1394)
(1.5719)
(-0.3741)
G4(-1.7448)
(-4.1925)
(-2.9000)
A1(0.1198)
(10.2746)
(0.2156)
A2(11.8417)
(3.4907)
(-0.3543)
A3(2.4804)
(8.9830)
(-2.7581)
A4(2.5762)
(2.0494)
(-10.9032)
G1(0.0649)
(0.8258)
(-0.3517)
G2(-0.7125)
(3.0628)
(-2.2061)
G3(0.1399)
(0.2203)
(-0.0750)
G4(-3.4374)
(-2.5813)
(-2.0268)
A1(0.3114)
(9.8004)
(-1.2263)
A2(9.9599)
(6.2537)
(3.3088)
A3(2.5379)
(8.7963)
(-3.4189)
A4(3.9169)
(5.1906)
(-12.0907)
G1(-0.1580)
(0.5869)
(-0.1117)
G2(-0.0255)
(2.9021)
(-1.9513)
G3(-0.1809)
(0.2740)
(-0.1974)
G4(-3.0304)
(-0.2112)
(-0.0724)
A1(-0.4119)
(9.4795)
(0.6323)
A2(10.3525)
(6.1531)
(1.8818)
A3(1.5275)
(9.0261)
(-3.0263)
A4(6.4356)
(4.8842)
(-10.3525)
G1(0.2671)
(0.2251)
(-0.3507)
G2(0.8865)
(0.3879)
(-1.8102)
G3(-0.1644)
(0.4848)
(-0.2618)
G4(-2.1540)
(-1.4750)
(1.2228)
A1(-1.0299)
(9.5753)
(-0.0192)
A2(7.3454)
(7.6184)
(5.0087)
A3(1.0965)
(9.5481)
(-2.1213)
A4(3.9121)
(11.4826)
(-6.6224)
G1(-0.4438)
(-0.2485)
(-0.0984)
G2(1.5133)
(1.1946)
(-1.8847)
G3(0.0032)
(0.0777)
(-0.2017)
G4(-1.9188)
(-1.4702)
(0.6407)
A1(-0.9628)
(9.3597)
(0.3976)
A2(7.6375)
(8.0397)
(0.1006)
A3(1.7047)
(9.1267)
(-2.5283)
A4(4.4245)
(12.5743)
(-4.1707)
G1(-0.1990)
(0.5768)
(-0.6987)
G2(2.3461)
(-0.2591)
(-1.4431)
G3(0.2650)
(0.1825)
(-0.3241)
G4(-0.8035)
(-0.5763)
(-0.4933)
A1(-1.8250)
(10.5764)
(0.4215)
A2(3.3423)
(8.3941)
(1.5514)
A3(2.8970)
(8.2265)
(-4.5825)
A4(2.5905)
(8.5042)
(-4.6352)
G1(0.7593)
(0.3475)
(-0.5305)
G2(1.6426)
(0.3831)
(-1.1478)
G3(0.2288)
(-0.1245)
(-0.4337)
G4(-0.5151)
(-0.2261)
(-0.4874)
