A1(-3.3578)
(8.2053)
(3.3770)
A2(2.2601)
(9.0118)
(-1.5036)
A3(-0.5986)
(10.0173)
(-0.8236)
A4(0.3543)
(9.6055)
(-2.6288)
G1(-1.2372)
(-0.5406)
(-0.1463)
G2(-0.0926)
(0.1889)
(-0.0463)
G3(0.3390)
(0.1016)
(0.0857)
G4(0.4597)
(-0.0303)
(0.1368)
A1(0.5748)
(5.3457)
(6.2414)
A2(1.7573)
(8.6143)
(-1.2737)
A3(-6.9623)
(9.0309)
(-6.1866)
A4(-0.1053)
(6.9911)
(-8.5425)
G1(-1.0695)
(-2.1971)
(-0.8493)
G2(-0.4970)
(-0.6683)
(-0.0085)
G3(0.2054)
(-2.3791)
(1.2909)
G4(0.4321)
(-0.4842)
(0.1809)
A1(-3.2668)
(8.4400)
(5.3936)
A2(2.5474)
(8.7197)
(-0.6033)
A3(-3.0119)
(10.2807)
(-2.1452)
A4(-0.9577)
(8.6335)
(-5.2481)
G1(0.0947)
(-2.8755)
(-1.3553)
G2(-1.2015)
(-1.3234)
(-0.0027)
G3(0.2214)
(-3.2150)
(1.5469)
G4(0.4486)
(-0.7418)
(0.3283)
A1(-7.7551)
(8.1335)
(7.8221)
A2(2.3080)
(10.4531)
(0.2107)
A3(9.9024)
(6.2680)
(4.2377)
A4(7.5369)
(14.8393)
(-7.1491)
G1(0.5039)
(-2.7015)
(1.0115)
G2(-0.4619)
(-1.4936)
(0.0990)
G3(-2.0039)
(-6.0810)
(4.2218)
G4(1.7831)
(-1.4798)
(1.2579)
A1(6.5336)
(0.7425)
(-0.9772)
A2(-1.2546)
(8.6048)
(1.7621)
A3(-12.1817)
(2.1261)
(2.2362)
A4(3.1891)
(29.0608)
(0.3735)
G1(0.3331)
(0.0559)
(-0.7487)
G2(0.0553)
(-1.5953)
(0.0713)
G3(0.6290)
(6.5977)
(-1.5069)
G4(3.8897)
(-0.6423)
(3.0666)
A1(2.2178)
(16.3436)
(3.7793)
A2(2.6863)
(10.1658)
(4.1276)
A3(-16.9079)
(9.4667)
(4.7022)
A4(-5.8371)
(4.2617)
(-9.1315)
G1(2.3365)
(-6.8366)
(-0.8966)
G2(-0.4917)
(-2.6654)
(0.8588)
G3(-0.4214)
(0.3549)
(1.3478)
G4(0.7380)
(-3.4752)
(5.9634)
A1(7.4198)
(9.8723)
(2.4285)
A2(1.6424)
(4.5346)
(9.9264)
A3(5.3439)
(6.3207)
(-6.4260)
A4(-21.2557)
(2.3894)
(-20.5662)
G1(1.7991)
(-5.3243)
(-0.8870)
G2(-4.1702)
(-4.2346)
(2.5047)
G3(-0.1783)
(-2.0007)
(0.7588)
G4(-0.1580)
(0.1676)
(4.4384)
A1(5.1541)
(8.5550)
(8.3730)
A2(10.0269)
(10.6350)
(2.4948)
A3(7.1635)
(8.9160)
(-3.3567)
A4(-2.5426)
(-0.3208)
(-18.0571)
G1(0.4816)
(-7.2612)
(-0.9833)
G2(-5.2216)
(-7.6475)
(-1.2137)
G3(-0.4874)
(-2.7739)
(0.2996)
G4(-0.3033)
(4.1143)
(7.6544)
A1(-0.3161)
(5.6714)
(14.1498)
A2(-0.1293)
(9.9311)
(22.5390)
A3(7.4603)
(15.5336)
(-0.2873)
A4(-4.8554)
(-1.9297)
(-11.9471)
G1(-1.5022)
(-8.9927)
(-1.9896)
G2(-6.5147)
(-5.6521)
(2.1593)
G3(-0.3209)
(-4.7832)
(0.8615)
G4(-0.2559)
(4.8726)
(6.5391)
A1(-0.8095)
(8.6173)
(11.0027)
A2(14.2790)
(9.7731)
(7.8003)
A3(6.8378)
(7.1395)
(2.0303)
A4(-3.4716)
(-6.3638)
(-1.6185)
G1(0.7322)
(0.4177)
(-0.7934)
G2(-4.8177)
(-6.8009)
(0.5651)
G3(-0.7189)
(-8.6106)
(3.4688)
G4(-2.2546)
(4.8922)
(3.3140)
A1(0.4263)
(7.2761)
(2.5962)
A2(-3.5626)
(10.0221)
(6.2776)
A3(-6.2345)
(9.8162)
(-5.1763)
A4(11.1857)
(-0.1724)
(-42.2194)
G1(0.3012)
(0.3320)
(0.0341)
G2(-1.7826)
(-5.1849)
(2.9969)
G3(-1.6064)
(-1.3340)
(-0.0319)
G4(8.8474)
(4.7028)
(3.2916)
A1(-3.1231)
(9.8771)
(0.7233)
A2(1.2546)
(2.5714)
(-8.2600)
A3(-8.0206)
(10.3956)
(-0.2682)
A4(4.5681)
(-1.7382)
(-3.8451)
G1(-0.3560)
(0.6236)
(-0.2405)
G2(0.6188)
(-0.2618)
(0.7364)
G3(-0.5566)
(-0.3411)
(-0.6811)
G4(-8.5000)
(3.3752)
(-2.6824)
A1(-0.6993)
(9.9154)
(0.5030)
A2(6.6319)
(0.6033)
(-8.6766)
A3(-3.3758)
(11.5017)
(-1.7573)
A4(16.3763)
(-6.1579)
(-6.7229)
G1(-0.1469)
(0.9003)
(-0.0569)
G2(1.0121)
(0.4209)
(0.1660)
G3(0.0846)
(1.7804)
(-0.6598)
G4(4.0749)
(-0.2331)
(-2.7739)
A1(1.0586)
(10.3609)
(2.1795)
A2(6.8618)
(-3.3902)
(3.7685)
A3(1.6041)
(9.2177)
(-3.3758)
A4(5.4061)
(-4.6017)
(-2.9257)
G1(0.3145)
(1.5995)
(-0.3400)
G2(-0.7428)
(-0.4480)
(-1.2606)
G3(0.1171)
(1.3117)
(-0.3469)
G4(3.3603)
(-3.6391)
(-0.4039)
A1(-0.2395)
(10.1453)
(1.4226)
A2(9.5864)
(5.7652)
(-2.6145)
A3(0.9002)
(8.4898)
(-4.5777)
A4(2.6671)
(-3.1603)
(-6.5984)
G1(0.3544)
(1.5330)
(0.1096)
G2(-0.9450)
(3.6099)
(-2.2881)
G3(-0.1224)
(0.7732)
(-0.3166)
G4(-3.4369)
(-5.3046)
(-1.1228)
A1(-2.2465)
(8.7466)
(0.5030)
A2(13.0723)
(2.6193)
(-0.5267)
A3(2.2649)
(9.5098)
(-2.5283)
A4(4.7932)
(-2.9736)
(-8.7484)
G1(-0.1096)
(0.6859)
(-0.1378)
G2(-0.2873)
(2.3775)
(-2.0220)
G3(-0.1804)
(0.9791)
(-0.2772)
G4(-5.6122)
(-5.0875)
(-2.2923)
A1(0.2587)
(9.8196)
(-0.8526)
A2(6.0621)
(5.1571)
(3.0981)
A3(1.6137)
(9.7683)
(-1.8579)
A4(5.5210)
(0.7709)
(-9.7013)
G1(0.0835)
(0.2975)
(0.1458)
G2(0.6183)
(3.5359)
(-1.6895)
G3(-0.1676)
(0.4949)
(-0.1117)
G4(-3.8866)
(-0.5859)
(-0.1304)
A1(1.1209)
(9.5178)
(0.4215)
A2(9.7109)
(5.8227)
(3.3567)
A3(2.0111)
(8.8346)
(-2.6815)
A4(3.8116)
(6.4739)
(-10.2568)
G1(0.1681)
(0.0282)
(-0.2166)
G2(1.6586)
(0.6635)
(-1.4654)
G3(0.0048)
(0.0575)
(-0.1485)
G4(-3.7743)
(-1.4447)
(2.1226)
A1(0.4886)
(9.3070)
(1.2550)
A2(6.8283)
(7.0342)
(6.2680)
A3(1.4605)
(9.4619)
(-2.5426)
A4(6.2345)
(12.7802)
(-9.6726)
G1(-0.2879)
(-0.4640)
(-0.2575)
G2(1.5655)
(1.8023)
(-2.1114)
G3(0.0176)
(-0.1937)
(-0.1240)
G4(-2.9979)
(-2.0273)
(1.1116)
A1(-0.7520)
(8.4544)
(2.8597)
A2(8.2265)
(8.6526)
(2.3846)
A3(1.0582)
(9.7252)
(-0.5555)
A4(6.7852)
(22.1272)
(-3.8499)
G1(0.1862)
(-0.7657)
(-0.3374)
G2(2.1492)
(-0.7455)
(-2.0279)
G3(0.4746)
(-0.3278)
(-0.2171)
G4(-0.0011)
(-1.6740)
(0.5529)
