A1(-5.7097)
(7.7407)
(5.3984)
A2(2.8060)
(9.1171)
(-0.6321)
A3(-1.7526)
(9.1794)
(-2.5522)
A4(-0.0622)
(8.5665)
(-5.2337)
G1(-1.2568)
(0.7391)
(0.7737)
G2(0.2714)
(0.0527)
(0.0383)
G3(0.1144)
(0.1469)
(-0.0506)
G4(0.0138)
(0.1176)
(-0.0027)
A1(-3.7027)
(8.0137)
(4.2057)
A2(1.9058)
(9.0932)
(-0.5315)
A3(-1.3072)
(11.0804)
(0.3112)
A4(1.2689)
(9.9934)
(-2.1835)
G1(-1.9651)
(-0.4230)
(0.3751)
G2(-0.1575)
(-0.2735)
(-0.0085)
G3(0.3650)
(0.2756)
(0.0426)
G4(0.4502)
(0.6055)
(0.0181)
A1(-3.9566)
(8.1718)
(4.6894)
A2(1.7717)
(8.9304)
(-1.2115)
A3(-2.5570)
(11.1378)
(0.3543)
A4(0.9194)
(9.9599)
(-2.9975)
G1(-1.0552)
(-2.4770)
(-0.5922)
G2(-0.0835)
(0.1820)
(-0.0043)
G3(0.8711)
(-2.1045)
(0.8370)
G4(0.7029)
(-0.0484)
(-0.0415)
A1(-1.5520)
(9.0915)
(3.5303)
A2(1.8483)
(8.2696)
(0.8715)
A3(-6.8091)
(9.2608)
(-4.0701)
A4(-0.7518)
(7.8913)
(-7.1251)
G1(-0.3299)
(-1.2004)
(-1.5325)
G2(-0.9003)
(0.0575)
(0.0410)
G3(0.6486)
(-1.3909)
(1.1643)
G4(0.4049)
(-0.4204)
(0.3044)
A1(-6.8498)
(9.7717)
(8.7131)
A2(0.9625)
(11.3389)
(2.0063)
A3(6.5888)
(5.6695)
(-0.0862)
A4(0.3448)
(14.2311)
(-2.2553)
G1(1.1414)
(-4.5900)
(0.7322)
G2(-0.3932)
(-1.5586)
(0.0788)
G3(-1.1121)
(-6.0001)
(4.7337)
G4(1.2164)
(-1.7075)
(1.5506)
A1(-11.6063)
(12.6984)
(10.5572)
A2(0.1149)
(10.4675)
(-0.2682)
A3(1.7478)
(13.5177)
(8.1786)
A4(-4.6543)
(26.6858)
(15.5432)
G1(3.1586)
(0.2198)
(0.3012)
G2(0.2634)
(-1.1100)
(-0.0463)
G3(-2.0135)
(-10.4736)
(4.6139)
G4(2.9367)
(-3.5519)
(3.0953)
A1(-4.2871)
(7.6257)
(7.3335)
A2(0.8859)
(13.7954)
(6.5505)
A3(6.5457)
(31.0432)
(13.2591)
A4(-14.6429)
(13.0436)
(-8.6526)
G1(2.7574)
(-9.5802)
(-0.8727)
G2(0.2655)
(-3.2028)
(0.7035)
G3(-0.9770)
(3.4061)
(-0.2650)
G4(1.9427)
(-5.8011)
(10.0314)
A1(12.8325)
(10.1693)
(5.6235)
A2(0.1437)
(5.7078)
(10.7500)
A3(9.3422)
(6.7373)
(-1.5514)
A4(-10.2424)
(-11.9997)
(-20.6907)
G1(2.1130)
(-6.0028)
(-1.2659)
G2(-7.0329)
(-4.0526)
(1.6655)
G3(-0.2623)
(-2.1295)
(0.9248)
G4(-1.0658)
(5.5175)
(6.0661)
A1(9.0005)
(10.2411)
(11.3189)
A2(0.1341)
(27.5812)
(10.9176)
A3(6.0573)
(8.8969)
(-3.0167)
A4(-7.5226)
(-5.5450)
(-16.5631)
G1(1.1840)
(-9.1960)
(-1.4420)
G2(-8.6160)
(-5.2966)
(-0.7748)
G3(-0.5002)
(-0.9248)
(0.0580)
G4(1.3675)
(5.6313)
(7.5188)
A1(-12.8852)
(0.0479)
(-8.6748)
A2(-0.1628)
(23.1519)
(16.9653)
A3(2.1835)
(15.3229)
(-1.4940)
A4(-3.2417)
(-6.1962)
(-2.5474)
G1(2.0215)
(-5.8729)
(-0.5901)
G2(-9.3577)
(-4.7512)
(0.1479)
G3(-0.3837)
(-6.7855)
(2.3493)
G4(-0.6784)
(5.9953)
(3.9398)
A1(-6.3133)
(19.4044)
(12.9139)
A2(0.5411)
(10.8026)
(11.0516)
A3(-2.8730)
(6.3207)
(-0.0287)
A4(-0.5219)
(0.8284)
(-0.4884)
G1(-0.4752)
(-2.1811)
(0.4539)
G2(-3.9962)
(-9.5248)
(1.6942)
G3(-3.5838)
(-8.4558)
(3.8408)
G4(-5.8107)
(1.6985)
(4.5054)
A1(-7.5347)
(8.0856)
(2.1076)
A2(-4.2138)
(5.8179)
(-0.2538)
A3(0.8092)
(9.8497)
(-4.1707)
A4(3.8834)
(-10.3190)
(2.2122)
G1(-0.4613)
(-0.8642)
(-0.4730)
G2(0.9413)
(-0.1330)
(1.9795)
G3(-1.6575)
(-3.7322)
(-0.6582)
G4(-10.3560)
(2.3413)
(-8.5942)
A1(-2.4669)
(10.5285)
(0.7137)
A2(9.4188)
(-1.9824)
(-7.2736)
A3(-8.3222)
(13.4554)
(-2.0399)
A4(17.1329)
(2.0734)
(-6.4356)
G1(-0.2884)
(0.8535)
(-0.1889)
G2(-0.3320)
(0.0388)
(0.7588)
G3(-0.4108)
(-0.3794)
(-0.3650)
G4(5.2051)
(0.1841)
(-0.8828)
A1(-1.8154)
(10.9883)
(2.7255)
A2(-1.3934)
(2.8874)
(-5.9951)
A3(1.9872)
(9.1267)
(-3.8642)
A4(8.3749)
(-2.4708)
(-3.6727)
G1(0.0793)
(1.1882)
(0.0442)
G2(-0.1054)
(1.5990)
(-0.9637)
G3(0.1777)
(0.8572)
(-0.3251)
G4(4.2957)
(-3.1065)
(-1.2420)
A1(-0.8143)
(10.0495)
(0.8383)
A2(8.2696)
(2.9161)
(-1.1205)
A3(0.3831)
(8.1068)
(-5.2625)
A4(6.5266)
(-2.4373)
(-5.3486)
G1(0.4762)
(0.6635)
(0.3161)
G2(-1.1568)
(1.7980)
(-1.6953)
G3(0.0245)
(0.4236)
(-0.1272)
G4(-2.0417)
(-4.5794)
(-1.2968)
A1(-1.5280)
(9.5801)
(0.3545)
A2(9.4810)
(1.5897)
(-1.9249)
A3(3.4333)
(8.8921)
(-2.9880)
A4(3.2370)
(-1.7238)
(-6.4165)
G1(0.2772)
(0.3602)
(-0.0245)
G2(0.2735)
(3.3204)
(-1.8432)
G3(0.0564)
(0.0649)
(-0.0649)
G4(-4.3692)
(-4.5187)
(-1.2569)
A1(-1.7723)
(8.2005)
(-0.0814)
A2(8.9160)
(3.7589)
(1.2306)
A3(2.1500)
(8.8155)
(-3.3758)
A4(-0.1628)
(3.9840)
(-8.0397)
G1(0.1628)
(1.3468)
(-0.0702)
G2(0.5507)
(2.3009)
(-1.4255)
G3(0.0059)
(-0.3230)
(-0.0319)
G4(-3.1576)
(-1.1526)
(-0.7370)
A1(-0.5365)
(10.0782)
(-0.4455)
A2(10.5728)
(4.0031)
(1.5945)
A3(0.4693)
(8.9543)
(-3.0071)
A4(3.3088)
(2.0686)
(-13.3261)
G1(-0.0575)
(0.6939)
(-0.3022)
G2(0.4145)
(1.2143)
(-2.0258)
G3(0.1756)
(0.8317)
(-0.3406)
G4(-2.3839)
(-0.5103)
(1.0786)
A1(-0.2060)
(10.2124)
(-0.7616)
A2(7.7381)
(4.7309)
(1.2737)
A3(1.6712)
(8.6000)
(-3.9935)
A4(4.8171)
(5.1523)
(-10.0844)
G1(-0.1697)
(0.2283)
(-0.2788)
G2(0.8077)
(1.7230)
(-2.2189)
G3(0.1969)
(0.7173)
(-0.2959)
G4(-2.3291)
(-1.3356)
(0.5028)
A1(0.1198)
(9.6088)
(2.3615)
A2(7.4268)
(9.2033)
(2.5666)
A3(1.3264)
(9.0166)
(-3.6057)
A4(4.1324)
(11.0038)
(-5.8802)
G1(0.2480)
(0.7194)
(-0.8019)
G2(1.4559)
(0.8572)
(-2.2061)
G3(0.1958)
(0.5853)
(-0.3081)
G4(-2.9905)
(-2.2758)
(1.0701)
