A1(-0.6754)
(8.6652)
(1.3364)
A2(3.6152)
(9.4810)
(3.1795)
A3(1.8292)
(9.6630)
(-3.6823)
A4(-5.2912)
(11.0947)
(1.2306)
G1(0.0016)
(0.4736)
(0.0841)
G2(-0.7992)
(1.2675)
(0.9796)
G3(-0.1112)
(1.2462)
(-0.5034)
G4(0.8258)
(6.0805)
(-4.1904)
A1(0.2012)
(11.8362)
(0.3018)
A2(6.1052)
(6.7373)
(4.0510)
A3(0.8906)
(9.3757)
(-4.2425)
A4(6.7277)
(4.0797)
(-2.7629)
G1(0.0261)
(2.2386)
(-1.0036)
G2(0.0154)
(2.0407)
(1.3212)
G3(0.1697)
(0.4667)
(-0.2304)
G4(0.1559)
(4.8859)
(-3.1421)
A1(-1.5041)
(9.0244)
(6.1887)
A2(-1.3216)
(5.9951)
(8.3749)
A3(-4.0462)
(16.2471)
(1.9632)
A4(1.1923)
(33.7630)
(-1.4078)
G1(-3.4859)
(3.6615)
(-1.0397)
G2(-0.2623)
(1.0855)
(0.9647)
G3(1.6283)
(1.3904)
(-0.7540)
G4(-0.3342)
(-2.4621)
(1.3984)
A1(2.7112)
(6.0498)
(15.2132)
A2(6.9911)
(6.4548)
(7.9296)
A3(-1.4030)
(21.9596)
(9.6295)
A4(0.8619)
(0.2729)
(-5.7269)
G1(-8.6170)
(3.5231)
(0.5869)
G2(0.3358)
(5.1934)
(0.5193)
G3(3.2853)
(2.1705)
(-1.3771)
G4(0.8599)
(-0.5821)
(0.8035)
A1(-3.3195)
(16.3340)
(-4.5410)
A2(5.4779)
(8.3127)
(7.6040)
A3(1.4605)
(25.0912)
(1.7334)
A4(-4.8363)
(10.3860)
(-8.8681)
G1(-6.0714)
(5.0051)
(0.8487)
G2(1.7820)
(1.7884)
(-0.3799)
G3(4.3798)
(1.3095)
(-2.1630)
G4(0.4422)
(2.6717)
(-1.0073)
A1(-1.5472)
(22.9491)
(15.0359)
A2(-15.5001)
(10.1801)
(-8.1642)
A3(29.4152)
(18.4976)
(-14.8105)
A4(-5.0230)
(9.5816)
(-5.4731)
G1(-7.8854)
(3.8046)
(0.2187)
G2(1.4181)
(0.1713)
(-2.0635)
G3(0.6912)
(2.9389)
(-2.3078)
G4(-0.3161)
(3.8701)
(-0.9764)
A1(-11.1943)
(8.2724)
(9.7525)
A2(-2.0590)
(7.8721)
(6.2441)
A3(14.7722)
(-7.0342)
(-23.0131)
A4(-2.0686)
(16.2901)
(1.6759)
G1(-5.3440)
(7.0776)
(-0.5209)
G2(1.0568)
(5.3775)
(1.8863)
G3(0.8232)
(-1.9215)
(-3.9642)
G4(1.0185)
(9.3088)
(-3.6120)
A1(3.1231)
(17.1867)
(12.0757)
A2(-1.3886)
(11.1809)
(3.8642)
A3(11.8417)
(-2.8299)
(-18.9525)
A4(-8.4898)
(2.4852)
(-10.7883)
G1(-2.6403)
(10.1399)
(-2.6957)
G2(1.4803)
(5.4009)
(0.8524)
G3(3.0304)
(-3.6099)
(-7.8673)
G4(0.9344)
(10.6359)
(-6.3337)
A1(2.1843)
(-9.0196)
(-52.7144)
A2(-9.1842)
(8.6239)
(11.5353)
A3(8.1259)
(-6.2345)
(2.7629)
A4(4.0031)
(15.9981)
(-2.1452)
G1(-2.7042)
(7.2149)
(-3.0447)
G2(0.3406)
(8.3467)
(2.8452)
G3(0.9594)
(-9.1199)
(-4.2628)
G4(-1.2712)
(-0.6061)
(1.1275)
A1(1.4035)
(-5.2643)
(19.8164)
A2(-4.5490)
(0.3352)
(17.3149)
A3(2.7390)
(-15.1649)
(6.8283)
A4(-10.2615)
(9.4715)
(-3.9696)
G1(1.2978)
(1.2584)
(-2.5728)
G2(-1.0807)
(13.8935)
(1.9709)
G3(-5.3408)
(-4.0989)
(-5.9272)
G4(-1.2733)
(-1.2467)
(1.1462)
A1(2.5531)
(7.8413)
(4.9912)
A2(27.7440)
(11.6023)
(-5.3103)
A3(-6.1723)
(-5.1236)
(0.3112)
A4(7.2018)
(3.6871)
(-4.7740)
G1(-4.6847)
(1.2888)
(3.4444)
G2(2.3344)
(4.0611)
(1.1738)
G3(-3.6322)
(-2.8138)
(-10.8450)
G4(-0.8163)
(-1.3798)
(1.4755)
A1(1.1352)
(-4.0476)
(1.8490)
A2(-0.3735)
(11.0947)
(15.6964)
A3(-16.7115)
(22.7928)
(-66.7791)
A4(2.2601)
(7.7045)
(-5.2625)
G1(-1.7948)
(-9.1156)
(3.7541)
G2(-0.0245)
(-0.7599)
(1.4058)
G3(4.0547)
(-0.8652)
(-2.4232)
G4(-0.7141)
(-0.4661)
(0.3464)
A1(0.4359)
(0.4167)
(0.2156)
A2(7.9631)
(8.4898)
(3.2801)
A3(-12.2727)
(6.6750)
(-12.0093)
A4(3.3662)
(8.3941)
(-1.8579)
G1(-0.0697)
(3.5907)
(1.7464)
G2(0.8689)
(1.2728)
(-0.1948)
G3(-3.5604)
(-4.4761)
(5.7968)
G4(-0.0074)
(0.6800)
(0.2246)
A1(-6.4330)
(7.5874)
(3.4201)
A2(8.3318)
(8.1738)
(3.1603)
A3(-9.3230)
(-8.3222)
(-3.9935)
A4(2.9066)
(9.7588)
(-3.9265)
G1(-0.4358)
(-4.7241)
(3.2475)
G2(0.7662)
(-1.9688)
(0.1474)
G3(1.1329)
(4.2473)
(2.6473)
G4(0.2097)
(-0.2150)
(0.2549)
A1(-12.7319)
(5.2930)
(-1.9352)
A2(-4.8794)
(10.6111)
(3.8068)
A3(-1.6855)
(-3.9983)
(-5.6599)
A4(-0.6273)
(8.5521)
(-4.3670)
G1(0.7423)
(-1.1994)
(2.3189)
G2(0.3863)
(0.7359)
(0.3704)
G3(-2.1343)
(5.5132)
(1.0467)
G4(0.2086)
(0.4262)
(0.1405)
A1(-6.8737)
(7.5491)
(1.9735)
A2(4.5729)
(11.2575)
(2.0590)
A3(-1.8675)
(0.6177)
(-9.4188)
A4(2.1979)
(9.2799)
(-4.0606)
G1(1.0169)
(-1.4479)
(2.0295)
G2(-0.3411)
(-1.4915)
(0.1453)
G3(-3.4380)
(2.0204)
(-0.5044)
G4(0.0287)
(-0.5800)
(0.2996)
A1(-6.9982)
(7.6066)
(1.1496)
A2(-2.2314)
(8.4851)
(0.8667)
A3(-4.5969)
(-1.0008)
(-11.1666)
A4(0.3496)
(8.4898)
(-4.3766)
G1(1.4346)
(-1.7938)
(1.9757)
G2(-0.2267)
(-0.1788)
(0.1272)
G3(-3.3949)
(2.8032)
(-1.2435)
G4(-0.0346)
(-0.4885)
(0.3884)
A1(-7.1803)
(8.3490)
(1.0538)
A2(-0.4214)
(10.2615)
(0.9194)
A3(0.0910)
(1.8387)
(-11.2815)
A4(0.6752)
(9.7109)
(-3.9983)
G1(2.0077)
(-1.0775)
(0.5060)
G2(-0.0096)
(0.7450)
(-0.0527)
G3(-2.6020)
(2.0556)
(-2.1795)
G4(0.0218)
(-0.2677)
(0.3980)
A1(-5.0679)
(7.3815)
(2.9842)
A2(0.1341)
(9.1315)
(2.7150)
A3(-4.3335)
(2.5714)
(-11.8705)
A4(1.4748)
(9.2416)
(-4.0654)
G1(1.9449)
(0.0990)
(0.9259)
G2(-0.1756)
(-1.4287)
(0.2038)
G3(-4.4884)
(-0.4145)
(0.5821)
G4(0.2001)
(-0.1410)
(0.4768)
A1(-5.7576)
(6.2175)
(0.6275)
A2(-0.0862)
(9.7683)
(2.5905)
A3(-3.1939)
(12.9766)
(-5.0374)
A4(0.8811)
(8.7771)
(-4.8363)
G1(1.2558)
(0.2618)
(1.1504)
G2(-0.3017)
(-0.4055)
(0.0750)
G3(-2.9314)
(1.5059)
(-0.7386)
G4(0.1250)
(-0.3379)
(0.5066)
