A1(-3.2237)
(13.9103)
(5.0631)
A2(2.6432)
(9.1650)
(-0.8906)
A3(-1.0870)
(9.4619)
(-3.9504)
A4(0.4693)
(9.1937)
(-4.5203)
G1(-1.9278)
(0.3805)
(0.3906)
G2(-0.1229)
(0.1043)
(-0.0484)
G3(0.0660)
(0.4459)
(-0.0287)
G4(0.2730)
(0.3134)
(-0.0298)
A1(-4.6032)
(5.2547)
(4.7373)
A2(2.4517)
(8.6095)
(-1.1732)
A3(-2.4900)
(9.4332)
(-2.7390)
A4(2.2649)
(7.6662)
(-6.7612)
G1(-1.8129)
(-2.5946)
(-1.2180)
G2(-0.0963)
(0.3235)
(-0.0128)
G3(0.1357)
(-1.0238)
(0.5342)
G4(0.2400)
(-0.2299)
(0.1086)
A1(-2.0022)
(9.9489)
(1.8537)
A2(2.0255)
(8.9591)
(1.1684)
A3(-5.9903)
(10.7452)
(-2.8922)
A4(0.1628)
(9.6869)
(-2.6624)
G1(-0.8253)
(-2.6792)
(-1.4213)
G2(-0.5981)
(0.1304)
(-0.1080)
G3(0.2724)
(-2.0545)
(1.2553)
G4(0.4284)
(-0.4230)
(0.0990)
A1(-9.7717)
(8.2676)
(13.4696)
A2(4.8698)
(9.3853)
(0.8428)
A3(20.8535)
(9.0836)
(12.7659)
A4(-0.8523)
(14.7100)
(0.7709)
G1(1.2733)
(-6.8398)
(-0.5018)
G2(-0.4997)
(-1.6245)
(0.1064)
G3(-3.2193)
(-6.1124)
(4.9162)
G4(0.7487)
(-2.5802)
(1.4580)
A1(7.4868)
(8.3969)
(-3.5015)
A2(0.1915)
(12.7419)
(4.6304)
A3(-10.7883)
(-0.3400)
(-0.9385)
A4(-6.8235)
(27.2269)
(-3.8499)
G1(0.9472)
(2.3189)
(-0.2740)
G2(-0.0580)
(-2.3344)
(0.2756)
G3(0.1474)
(2.3056)
(0.5092)
G4(3.9749)
(-3.0570)
(4.9673)
A1(5.3217)
(13.2636)
(3.9135)
A2(0.6560)
(11.2815)
(5.5833)
A3(0.1532)
(24.4496)
(7.6758)
A4(-4.8746)
(23.2238)
(3.2753)
G1(2.4520)
(-7.3410)
(-0.4204)
G2(0.9482)
(-2.7627)
(0.1942)
G3(0.7460)
(4.3064)
(-0.4071)
G4(2.5829)
(-7.6486)
(8.5846)
A1(15.1222)
(12.4302)
(3.9901)
A2(-6.0478)
(8.4946)
(8.1642)
A3(6.8570)
(7.0581)
(-7.4939)
A4(-11.5879)
(0.1197)
(-25.7137)
G1(3.0676)
(-6.6424)
(-1.0387)
G2(-5.9272)
(-0.9211)
(1.5745)
G3(-0.6662)
(-0.5146)
(0.2176)
G4(-0.0261)
(5.3701)
(4.4314)
A1(7.6401)
(2.8597)
(17.9339)
A2(6.8426)
(10.1275)
(23.2142)
A3(11.7890)
(11.6550)
(4.1707)
A4(-9.8593)
(-3.4189)
(-12.1482)
G1(-2.0806)
(-10.6955)
(0.6045)
G2(-7.6704)
(-7.1761)
(-0.1820)
G3(-1.1089)
(-4.1047)
(0.1389)
G4(1.2851)
(6.5716)
(7.7986)
A1(-16.4969)
(9.4507)
(-4.7134)
A2(-5.8754)
(22.3331)
(21.1791)
A3(3.6775)
(13.9295)
(10.6494)
A4(-5.0566)
(-5.7557)
(-3.2992)
G1(1.8071)
(-7.8801)
(-0.1203)
G2(-8.7256)
(-4.8380)
(1.3180)
G3(-0.4874)
(-7.8205)
(1.3718)
G4(-1.4250)
(7.4123)
(4.3910)
A1(-5.4415)
(14.5042)
(6.7587)
A2(3.1220)
(11.4539)
(9.7923)
A3(-0.6177)
(-0.8667)
(-2.6097)
A4(-2.7533)
(19.8000)
(-3.6727)
G1(-0.3980)
(-3.5125)
(0.2591)
G2(-5.1413)
(-8.3802)
(1.6038)
G3(-3.5657)
(-8.5276)
(3.6710)
G4(-6.6147)
(2.1162)
(7.9370)
A1(3.1518)
(29.3007)
(3.1997)
A2(-14.8919)
(12.3397)
(-10.5441)
A3(-0.0622)
(10.1562)
(6.6128)
A4(23.6595)
(-12.5791)
(-0.3160)
G1(-1.7315)
(1.3186)
(1.2441)
G2(0.3278)
(-6.9765)
(4.1329)
G3(-0.7966)
(-1.4463)
(-0.4975)
G4(-7.9524)
(4.5698)
(-11.2260)
A1(2.3519)
(12.1763)
(0.3305)
A2(0.7614)
(10.1466)
(-5.3534)
A3(8.5521)
(1.5275)
(-11.6406)
A4(9.0166)
(-7.2449)
(-5.6407)
G1(0.2746)
(0.1995)
(-0.2831)
G2(-0.1096)
(-2.1306)
(0.0718)
G3(1.0983)
(1.9167)
(-1.6405)
G4(0.9903)
(-3.6205)
(-2.8654)
A1(-3.7985)
(9.7334)
(1.4753)
A2(4.9081)
(-0.8188)
(0.6943)
A3(2.7533)
(8.5808)
(-6.9145)
A4(6.4212)
(-5.6647)
(-4.8985)
G1(0.2927)
(0.0974)
(0.0543)
G2(-1.5756)
(3.8546)
(-1.9247)
G3(0.2086)
(0.4182)
(-0.0756)
G4(-0.9919)
(-4.6837)
(-2.1396)
A1(-0.7904)
(9.4364)
(0.7568)
A2(7.3981)
(4.6208)
(3.1125)
A3(1.1492)
(8.5234)
(-3.1699)
A4(3.1747)
(-1.7861)
(-9.2943)
G1(0.0905)
(-0.4975)
(0.0910)
G2(-1.0674)
(0.4667)
(-2.5323)
G3(-0.1921)
(-0.4991)
(-0.1011)
G4(-3.9573)
(-3.1198)
(-3.2368)
A1(-0.7856)
(8.6364)
(1.3364)
A2(11.3246)
(4.4005)
(0.6369)
A3(3.0742)
(9.1842)
(-1.8914)
A4(2.5379)
(1.5467)
(-9.9599)
G1(-0.2623)
(0.6545)
(-0.2261)
G2(0.2724)
(2.6558)
(-1.9023)
G3(-0.0851)
(-0.8753)
(0.1352)
G4(-4.3644)
(-0.9073)
(-0.1969)
A1(-0.8047)
(9.9393)
(2.0166)
A2(7.5369)
(4.7214)
(3.0215)
A3(-0.2538)
(10.3046)
(-1.3072)
A4(4.5729)
(3.9456)
(-15.8257)
G1(-0.3672)
(0.1027)
(-0.1878)
G2(0.6268)
(1.2435)
(-1.9784)
G3(0.0777)
(-0.4443)
(0.0090)
G4(-4.8151)
(-0.6987)
(0.7035)
A1(2.2322)
(10.1932)
(0.4119)
A2(8.7819)
(7.0677)
(2.0446)
A3(1.6903)
(9.7013)
(-2.9544)
A4(1.3838)
(14.4179)
(-4.9752)
G1(-0.3682)
(-0.1900)
(-0.4491)
G2(1.5953)
(1.3893)
(-3.0314)
G3(0.3837)
(0.5289)
(-0.0942)
G4(-2.2530)
(-2.3695)
(1.4974)
A1(-2.0693)
(9.3166)
(0.1437)
A2(7.8769)
(8.3462)
(4.7453)
A3(2.1979)
(8.3606)
(-3.4955)
A4(3.6631)
(9.1506)
(-2.9353)
G1(-0.4826)
(-0.5981)
(-0.1564)
G2(1.8608)
(-1.9491)
(-1.6123)
G3(0.2719)
(0.0372)
(-0.1123)
G4(-1.4745)
(-0.5241)
(0.1011)
A1(-1.2502)
(10.5046)
(2.2034)
A2(6.5841)
(8.0349)
(2.4421)
A3(1.1732)
(8.5425)
(-3.3088)
A4(2.5331)
(10.7452)
(-6.6176)
G1(-0.2767)
(-0.0218)
(-0.2767)
G2(0.9200)
(-2.0667)
(-1.0834)
G3(0.2341)
(-0.3315)
(-0.1144)
G4(0.6407)
(0.5880)
(-0.9163)
A1(-0.4742)
(13.0576)
(1.6957)
A2(4.5825)
(7.1491)
(0.4070)
A3(3.3998)
(8.7963)
(-4.4676)
A4(4.0223)
(9.9599)
(-7.5465)
G1(0.6917)
(0.7913)
(-0.2421)
G2(1.2467)
(1.4740)
(-1.0610)
G3(0.2485)
(0.0798)
(-0.4406)
G4(-0.6667)
(0.3209)
(-0.3789)
