A1(1.0634)
(11.1416)
(-3.0704)
A2(0.7757)
(8.9160)
(0.2346)
A3(1.5993)
(8.2217)
(-3.9744)
A4(4.8937)
(15.0978)
(-2.5762)
G1(-0.5146)
(-0.9339)
(0.3267)
G2(0.3640)
(0.0420)
(0.0351)
G3(0.7407)
(-0.1862)
(0.1368)
G4(1.5213)
(0.4486)
(-0.5694)
A1(-1.1640)
(7.5060)
(0.3497)
A2(3.9887)
(8.9830)
(2.1787)
A3(4.6783)
(7.0773)
(-6.5888)
A4(-3.5626)
(9.7300)
(-12.2727)
G1(-0.8014)
(-1.2356)
(-0.4214)
G2(-1.8113)
(0.0144)
(0.0442)
G3(0.0516)
(-0.1554)
(-0.0937)
G4(0.3363)
(2.8112)
(0.1133)
A1(3.3387)
(11.1464)
(5.2116)
A2(7.8003)
(10.6686)
(3.6057)
A3(0.2059)
(8.7005)
(-3.4716)
A4(1.0582)
(16.2710)
(-14.5520)
G1(-0.1756)
(-1.1840)
(-0.6353)
G2(-2.7579)
(-1.2531)
(0.4592)
G3(-0.0601)
(0.0697)
(-0.0670)
G4(1.2180)
(1.5277)
(1.4005)
A1(-2.1938)
(9.0196)
(-1.3939)
A2(2.1979)
(11.2144)
(7.8578)
A3(4.6256)
(8.5281)
(-4.2569)
A4(4.7166)
(3.2465)
(-11.3198)
G1(-0.4390)
(-2.4243)
(-0.4395)
G2(-4.2941)
(-2.6685)
(2.2801)
G3(-0.0463)
(-0.9647)
(0.1016)
G4(4.1191)
(2.6973)
(2.8958)
A1(-0.7904)
(9.7765)
(1.9783)
A2(13.5272)
(9.7396)
(8.5904)
A3(1.8100)
(7.2113)
(-6.2632)
A4(4.7262)
(-5.9089)
(-5.0901)
G1(-0.1676)
(-0.7162)
(-0.4241)
G2(-3.7961)
(-1.3308)
(2.5472)
G3(-0.5976)
(-2.2663)
(0.2905)
G4(0.0383)
(5.6649)
(2.8995)
A1(-2.2753)
(7.0366)
(5.9444)
A2(11.8705)
(5.7652)
(5.7604)
A3(4.2042)
(8.2648)
(-4.9512)
A4(5.4396)
(-4.3574)
(-1.1444)
G1(0.3108)
(-1.0988)
(-0.2873)
G2(-3.1315)
(-3.4843)
(2.0034)
G3(-0.8971)
(-1.5633)
(0.2059)
G4(-2.0726)
(5.1093)
(4.8050)
A1(-0.5604)
(8.1431)
(4.6032)
A2(6.6463)
(5.0326)
(3.0454)
A3(0.5986)
(10.5584)
(0.7853)
A4(5.0374)
(-8.8394)
(-9.2320)
G1(0.1586)
(-1.3446)
(-0.1532)
G2(-0.1846)
(-3.2938)
(2.1513)
G3(-0.9333)
(-1.0142)
(-0.3900)
G4(-0.3991)
(1.1781)
(3.6439)
A1(-3.6261)
(7.8940)
(3.8272)
A2(6.0669)
(2.5857)
(-0.9960)
A3(0.3352)
(9.9359)
(1.0534)
A4(-2.1117)
(-1.3455)
(-7.2449)
G1(-0.2671)
(-0.5050)
(-0.1862)
G2(1.8555)
(-4.8002)
(2.1194)
G3(-0.7620)
(-1.8443)
(-0.1219)
G4(-2.4206)
(-1.5304)
(2.5089)
A1(-1.7484)
(11.4626)
(1.8442)
A2(7.9440)
(0.3783)
(2.9832)
A3(-6.1244)
(9.8114)
(1.2641)
A4(17.3292)
(-21.7010)
(-2.1883)
G1(0.2123)
(-0.3970)
(0.1969)
G2(4.6677)
(-3.1474)
(0.5593)
G3(0.3592)
(-0.0170)
(-0.2618)
G4(-0.5013)
(-0.2623)
(-2.3456)
A1(-1.9495)
(9.3789)
(1.4514)
A2(10.9176)
(-2.0016)
(10.7212)
A3(1.9728)
(9.3805)
(-1.8962)
A4(8.4132)
(2.5331)
(-2.4038)
G1(0.2261)
(0.6678)
(0.2426)
G2(-0.2112)
(-5.5478)
(-0.0479)
G3(-0.2293)
(-0.8610)
(0.4119)
G4(-1.1095)
(1.2659)
(-1.2962)
A1(-0.4982)
(9.8148)
(2.0070)
A2(3.6775)
(-1.9920)
(3.2753)
A3(-0.5890)
(10.0748)
(-0.6321)
A4(7.8865)
(-2.1213)
(-4.8267)
G1(0.4784)
(0.2740)
(0.1735)
G2(-1.3367)
(6.0544)
(-1.5766)
G3(0.3390)
(1.1675)
(-0.0351)
G4(1.4410)
(-0.9163)
(-0.5433)
A1(-1.9879)
(9.8052)
(2.9650)
A2(6.7660)
(-3.2417)
(2.9018)
A3(0.2346)
(9.2608)
(-2.0925)
A4(18.0331)
(-1.3455)
(-7.4316)
G1(0.2480)
(1.7379)
(0.2703)
G2(-1.6916)
(-2.7782)
(-0.0069)
G3(0.0341)
(0.4012)
(0.1080)
G4(1.3069)
(0.8429)
(-4.4070)
A1(0.8670)
(9.8675)
(1.9448)
A2(6.2106)
(0.0287)
(-1.1588)
A3(1.5083)
(8.7963)
(-3.0311)
A4(8.0589)
(2.3846)
(-7.6040)
G1(0.1634)
(0.8929)
(0.4023)
G2(-2.0715)
(2.9580)
(-2.0492)
G3(0.5816)
(2.3636)
(-0.3560)
G4(-1.3276)
(-2.1423)
(-4.4751)
A1(-0.5221)
(8.9765)
(0.4311)
A2(13.3357)
(3.5291)
(-1.9010)
A3(2.1021)
(9.4332)
(-2.4038)
A4(6.7133)
(1.9154)
(-8.5473)
G1(0.2724)
(0.2746)
(0.1985)
G2(-1.6064)
(1.2829)
(-1.9401)
G3(0.4507)
(1.6719)
(-0.1112)
G4(-0.5342)
(-2.0422)
(-3.7897)
A1(-1.1065)
(9.9920)
(0.9963)
A2(5.8849)
(3.1987)
(2.1117)
A3(1.4605)
(8.8442)
(-2.4660)
A4(5.2529)
(3.8738)
(-8.6574)
G1(0.3166)
(1.7586)
(-0.0846)
G2(-0.8072)
(2.2822)
(-2.1396)
G3(0.3432)
(0.6178)
(-0.0548)
G4(-0.6657)
(-1.3681)
(-3.0075)
A1(-0.8670)
(9.8435)
(-0.2635)
A2(8.4659)
(4.6591)
(3.5769)
A3(2.1979)
(8.9064)
(-4.1803)
A4(4.1228)
(6.8091)
(-8.7628)
G1(0.6593)
(1.1233)
(-0.1602)
G2(-0.1298)
(2.5243)
(-2.2003)
G3(0.2916)
(1.0382)
(-0.1554)
G4(-0.5380)
(-1.1568)
(-1.9827)
A1(0.3305)
(9.4076)
(-1.0538)
A2(8.7005)
(6.3351)
(3.9073)
A3(3.1268)
(8.8921)
(-2.6911)
A4(2.7964)
(8.3653)
(-8.9687)
G1(0.1352)
(1.2159)
(0.2804)
G2(0.8030)
(1.8682)
(-2.0401)
G3(0.0250)
(1.1020)
(-0.0899)
G4(-1.0807)
(-0.9919)
(-0.3358)
A1(0.2826)
(9.8819)
(0.1964)
A2(7.2065)
(8.3558)
(5.0566)
A3(3.0406)
(8.9112)
(-2.1548)
A4(1.6328)
(11.2192)
(-6.4787)
G1(-0.0468)
(0.6039)
(-0.1634)
G2(1.7703)
(1.3814)
(-1.7757)
G3(0.0553)
(0.5481)
(-0.0271)
G4(-1.3909)
(-0.8791)
(-0.1389)
A1(-0.4790)
(9.7190)
(-1.6334)
A2(5.8897)
(8.7388)
(4.7357)
A3(1.0965)
(9.3134)
(-3.0502)
A4(2.9449)
(10.5201)
(-4.9416)
G1(0.1570)
(0.7279)
(-0.0266)
G2(2.1652)
(1.0094)
(-1.5282)
G3(0.0378)
(0.4007)
(-0.0037)
G4(-1.7081)
(-1.0546)
(0.5161)
A1(-1.3460)
(9.8340)
(-0.6610)
A2(4.8602)
(8.9352)
(2.9592)
A3(2.4756)
(9.0597)
(-3.1077)
A4(5.2337)
(11.5831)
(-3.0406)
G1(0.3448)
(0.5342)
(-0.1165)
G2(2.2152)
(0.7652)
(-1.1244)
G3(0.0069)
(0.3288)
(-0.1756)
G4(-0.8673)
(1.5873)
(-0.5694)
