A1(-0.5556)
(8.7275)
(-1.6669)
A2(1.8292)
(9.4571)
(-0.2251)
A3(1.7286)
(9.1123)
(-2.7485)
A4(-0.5842)
(9.0501)
(-4.5011)
G1(-0.3586)
(0.2437)
(0.0628)
G2(-0.0330)
(0.3916)
(-0.0154)
G3(0.0106)
(0.2432)
(-0.0766)
G4(-0.0894)
(-0.0463)
(0.0372)
A1(-1.6526)
(9.6759)
(-0.9197)
A2(2.2170)
(9.4523)
(-0.4932)
A3(1.9680)
(9.3087)
(-2.4325)
A4(0.6369)
(9.4571)
(-4.3431)
G1(0.0511)
(0.1442)
(-0.0458)
G2(0.0144)
(-0.2379)
(0.0218)
G3(0.0053)
(0.0543)
(-0.0351)
G4(-0.0761)
(-0.1415)
(0.0255)
A1(-0.9724)
(9.3118)
(-0.9388)
A2(2.3128)
(9.5577)
(-0.1628)
A3(2.0016)
(9.3278)
(-1.9058)
A4(-0.3496)
(9.5816)
(-2.9880)
G1(-0.1447)
(0.3272)
(0.1724)
G2(0.1772)
(-0.0990)
(0.1543)
G3(-0.0468)
(0.2645)
(-0.0314)
G4(0.0426)
(0.2107)
(-0.0484)
A1(-1.3077)
(8.7035)
(-1.9064)
A2(1.3599)
(9.2799)
(0.1293)
A3(1.2737)
(9.6343)
(-1.1301)
A4(-0.5555)
(13.2926)
(0.6752)
G1(-0.7503)
(0.0346)
(-0.0399)
G2(-0.0330)
(-0.1564)
(0.1048)
G3(0.1729)
(0.1926)
(0.0112)
G4(0.4326)
(0.5837)
(-0.2996)
A1(0.8622)
(11.9368)
(-1.8202)
A2(2.0303)
(9.0118)
(-0.1053)
A3(0.7374)
(9.4427)
(-1.9010)
A4(8.9543)
(22.2661)
(-3.1316)
G1(-0.5497)
(0.0862)
(0.3006)
G2(-0.3911)
(0.1852)
(0.0000)
G3(0.4459)
(0.1293)
(0.0607)
G4(1.8331)
(0.5630)
(-0.8248)
A1(1.3412)
(9.8292)
(3.5015)
A2(6.1100)
(8.6191)
(5.0374)
A3(2.2745)
(6.5888)
(-6.7469)
A4(-2.0446)
(15.8975)
(-13.7667)
G1(0.0537)
(-0.4576)
(-1.1754)
G2(-2.6340)
(0.5406)
(0.3267)
G3(-0.1639)
(-0.5486)
(0.0628)
G4(1.4883)
(1.4383)
(2.2668)
A1(-4.1482)
(10.0543)
(0.0910)
A2(6.5649)
(10.8457)
(7.5609)
A3(1.8004)
(9.0692)
(-4.3335)
A4(0.5028)
(0.0958)
(-7.1443)
G1(-0.3730)
(-2.3264)
(-0.7215)
G2(-3.1778)
(-0.4805)
(2.2280)
G3(0.0415)
(-0.8280)
(-0.1192)
G4(2.5978)
(2.1726)
(4.8859)
A1(1.0251)
(9.7477)
(1.6095)
A2(8.1547)
(4.1132)
(6.6846)
A3(1.4222)
(8.9016)
(-4.5873)
A4(5.9759)
(-4.3191)
(-3.3471)
G1(-0.2075)
(-1.4463)
(-0.1974)
G2(-3.1586)
(-2.9708)
(1.7815)
G3(-0.3464)
(-1.4729)
(0.0777)
G4(1.8475)
(4.2548)
(4.2904)
A1(0.2826)
(6.9695)
(4.7278)
A2(7.1347)
(3.6152)
(2.8730)
A3(2.8635)
(8.4467)
(-3.7014)
A4(7.3263)
(-8.7580)
(-1.0295)
G1(0.3278)
(-0.1963)
(0.0404)
G2(-0.9317)
(-3.2752)
(1.4633)
G3(-0.9190)
(-1.9145)
(0.1176)
G4(-0.2469)
(2.2769)
(3.3129)
A1(-3.5829)
(9.2160)
(2.7207)
A2(7.5705)
(1.3934)
(-0.5171)
A3(0.4884)
(10.0796)
(0.2059)
A4(2.5474)
(-3.1268)
(-9.5960)
G1(-0.1889)
(-0.0138)
(-0.2203)
G2(1.2829)
(-2.8308)
(1.0264)
G3(-0.6582)
(-1.5979)
(-0.1171)
G4(-3.9073)
(-0.0819)
(0.6380)
A1(-2.0262)
(9.2400)
(3.4728)
A2(6.1244)
(1.9249)
(-2.7773)
A3(-1.9872)
(7.6710)
(-5.3726)
A4(7.5369)
(-5.1140)
(-4.2569)
G1(0.2203)
(-0.2565)
(-0.0670)
G2(3.7503)
(-1.8257)
(-0.1559)
G3(0.6141)
(2.4318)
(-0.3480)
G4(0.6391)
(-0.0527)
(-0.2128)
A1(-2.0166)
(8.6077)
(1.5807)
A2(5.2050)
(-4.8267)
(11.2623)
A3(-0.5411)
(10.5632)
(0.5794)
A4(4.6878)
(-0.3208)
(-2.5091)
G1(0.2645)
(0.3661)
(0.3278)
G2(-2.7297)
(7.6353)
(-2.6313)
G3(-0.0032)
(0.1197)
(0.1804)
G4(-0.7348)
(1.2249)
(-1.9598)
A1(0.3401)
(9.4891)
(2.7016)
A2(4.2617)
(-2.6863)
(3.0742)
A3(-0.2969)
(9.1554)
(-3.4285)
A4(14.5089)
(2.6671)
(-5.4731)
G1(0.5864)
(0.6731)
(-0.2091)
G2(-1.7065)
(-3.1666)
(0.3097)
G3(0.1070)
(0.6902)
(0.0192)
G4(1.8299)
(-0.2043)
(-3.1097)
A1(-0.0814)
(8.8855)
(0.8670)
A2(8.1834)
(-0.9720)
(1.6999)
A3(0.8667)
(9.8545)
(-0.8236)
A4(11.2144)
(-0.5363)
(-5.9137)
G1(0.1958)
(0.5534)
(0.2634)
G2(-2.0433)
(3.3262)
(-1.7177)
G3(0.2964)
(0.0325)
(0.0697)
G4(0.7487)
(-2.0289)
(-2.7079)
A1(-1.3747)
(9.8627)
(1.5184)
A2(9.2799)
(2.1835)
(0.2394)
A3(1.8483)
(8.7197)
(-3.7685)
A4(3.5291)
(0.8092)
(-7.3406)
G1(0.3006)
(-0.0181)
(-0.1171)
G2(-0.5608)
(1.6341)
(-1.0014)
G3(0.2224)
(-0.0170)
(0.0239)
G4(-0.7327)
(-1.2728)
(-2.2865)
A1(-2.1603)
(8.9765)
(0.8909)
A2(7.8961)
(4.3383)
(1.1779)
A3(0.1101)
(8.8633)
(-3.2753)
A4(1.1157)
(2.7390)
(-8.0158)
G1(0.4768)
(1.0217)
(0.0192)
G2(0.6721)
(1.3095)
(-1.2015)
G3(0.1272)
(0.4906)
(-0.0740)
G4(-1.1935)
(-1.3207)
(-0.5279)
A1(-0.0048)
(10.2507)
(1.8777)
A2(6.0525)
(5.4923)
(5.4875)
A3(0.1628)
(9.0644)
(-1.6089)
A4(1.5419)
(3.4620)
(-10.1658)
G1(-0.0543)
(1.7938)
(0.1192)
G2(1.3239)
(1.1382)
(-1.7794)
G3(0.1048)
(2.3126)
(-0.4528)
G4(-1.7948)
(-1.6022)
(-0.1320)
A1(-0.3209)
(10.9979)
(-0.8766)
A2(8.4659)
(6.9049)
(3.9648)
A3(0.2107)
(8.5808)
(-4.5442)
A4(0.9050)
(9.5385)
(-9.6438)
G1(0.3570)
(0.2586)
(-0.2240)
G2(1.5953)
(0.9780)
(-2.1029)
G3(-0.0553)
(0.5108)
(-0.0436)
G4(-2.3828)
(-0.4140)
(-1.4207)
A1(-0.1054)
(9.5274)
(-1.8346)
A2(5.2720)
(10.1323)
(3.4812)
A3(1.8675)
(9.3661)
(-2.2745)
A4(3.9169)
(13.6326)
(-2.5857)
G1(0.1719)
(0.8806)
(-0.1187)
G2(2.2311)
(1.3665)
(-1.4750)
G3(-0.0165)
(1.0211)
(-0.1942)
G4(-0.9679)
(-1.2244)
(0.1485)
A1(-1.4370)
(10.0064)
(-2.4285)
A2(4.6974)
(10.0173)
(2.5666)
A3(3.1125)
(8.3845)
(-3.0023)
A4(1.1109)
(10.0317)
(-4.8315)
G1(0.7205)
(0.2788)
(-0.4241)
G2(1.9257)
(1.1132)
(-1.2388)
G3(-0.1543)
(0.3129)
(-0.1022)
G4(-0.6534)
(0.5784)
(0.0553)
