A1(-3.5734)
(9.4172)
(1.7723)
A2(0.6991)
(9.2560)
(0.0335)
A3(-1.9249)
(8.4803)
(-1.9824)
A4(0.7183)
(9.1698)
(-3.1651)
G1(-0.1830)
(0.4874)
(0.0404)
G2(-0.4358)
(0.0788)
(-0.0335)
G3(0.0968)
(0.4480)
(-0.1032)
G4(0.2847)
(0.1399)
(-0.1314)
A1(-7.8605)
(6.0690)
(5.5277)
A2(-0.1197)
(9.5529)
(0.2969)
A3(-2.3846)
(10.3525)
(-0.9625)
A4(0.3687)
(6.6702)
(-7.7141)
G1(-2.8638)
(1.1499)
(0.3528)
G2(-0.4789)
(-0.3225)
(0.0239)
G3(0.4720)
(0.4156)
(0.0117)
G4(0.8083)
(1.4255)
(-0.3060)
A1(-7.6257)
(10.8638)
(6.7108)
A2(0.2777)
(8.9878)
(0.8954)
A3(-5.9472)
(12.6318)
(2.9018)
A4(-1.9441)
(5.7988)
(-11.9040)
G1(-3.6514)
(1.8581)
(-1.2702)
G2(-0.6034)
(-0.1112)
(0.1889)
G3(1.0962)
(0.1681)
(-0.0420)
G4(0.2905)
(1.3143)
(-0.3108)
A1(-10.7393)
(8.8568)
(8.4017)
A2(-3.8164)
(7.8721)
(2.2505)
A3(-7.6902)
(14.4562)
(-5.6407)
A4(-2.7390)
(7.3263)
(-7.3263)
G1(-3.2384)
(2.5132)
(-1.1691)
G2(-1.4042)
(1.4378)
(0.9339)
G3(1.9241)
(-1.8432)
(0.1463)
G4(-0.2698)
(0.2778)
(0.2054)
A1(-6.3420)
(10.5620)
(0.3640)
A2(3.3184)
(7.7285)
(-0.0431)
A3(-11.0373)
(6.8474)
(-11.4299)
A4(-1.1492)
(9.6534)
(-5.9664)
G1(-0.4156)
(3.4667)
(-2.9394)
G2(-0.1485)
(0.7801)
(0.8195)
G3(1.8773)
(-2.3801)
(-0.0043)
G4(-0.5082)
(1.0626)
(-0.0745)
A1(-3.7937)
(7.1132)
(0.7041)
A2(-0.6464)
(10.5824)
(4.2617)
A3(-3.1699)
(-7.3263)
(-8.1642)
A4(2.7294)
(7.0485)
(-2.8252)
G1(2.3833)
(4.7470)
(-2.5988)
G2(-0.0399)
(0.6907)
(0.4017)
G3(2.7356)
(-4.7470)
(-5.3536)
G4(-0.8721)
(-0.5699)
(0.8216)
A1(-7.6736)
(3.1806)
(-5.2164)
A2(-1.8818)
(8.9974)
(5.9376)
A3(-6.0861)
(-5.1858)
(-2.7773)
A4(0.7230)
(8.0732)
(-0.7614)
G1(4.2282)
(-0.4406)
(-1.8028)
G2(0.2980)
(3.9461)
(0.6667)
G3(1.6714)
(-4.1787)
(-4.3639)
G4(-0.4539)
(0.8008)
(0.4826)
A1(-3.3243)
(-0.7233)
(3.1806)
A2(0.0239)
(10.9942)
(12.6318)
A3(-1.8627)
(-5.1571)
(-0.0287)
A4(0.5219)
(9.3757)
(-2.5522)
G1(3.5045)
(2.0635)
(-0.4092)
G2(0.6157)
(-2.0907)
(0.8333)
G3(-0.2810)
(-1.9348)
(-0.6300)
G4(-0.3773)
(1.8459)
(0.3390)
A1(-13.1534)
(4.8140)
(-0.2778)
A2(5.4971)
(11.2527)
(1.0534)
A3(6.9288)
(25.7137)
(4.1372)
A4(7.1778)
(10.8601)
(1.8483)
G1(-1.0898)
(0.7146)
(0.6157)
G2(0.0484)
(1.9513)
(0.1586)
G3(-1.2079)
(2.4254)
(1.3106)
G4(0.0740)
(-0.2043)
(-0.2863)
A1(-9.4651)
(-0.3353)
(-0.8095)
A2(10.8409)
(4.9177)
(1.2067)
A3(-9.9120)
(6.5697)
(-0.9577)
A4(-2.1883)
(8.9878)
(-6.0238)
G1(-1.5639)
(-1.6362)
(0.6577)
G2(-0.0559)
(-1.2292)
(-0.3038)
G3(0.5662)
(-0.2112)
(-0.4725)
G4(0.1176)
(0.2405)
(-0.4299)
A1(-3.6596)
(0.5509)
(-3.1231)
A2(5.6264)
(7.8865)
(2.9784)
A3(-9.7444)
(-6.4356)
(-2.0111)
A4(-0.0527)
(9.0836)
(-2.3655)
G1(-0.6093)
(-1.8055)
(1.4968)
G2(-0.0585)
(0.3496)
(0.3725)
G3(0.1676)
(-0.6082)
(1.1009)
G4(0.2623)
(0.8062)
(-0.5321)
A1(-9.9537)
(4.6176)
(0.0623)
A2(1.1636)
(12.2727)
(2.8156)
A3(4.7788)
(1.8148)
(-0.8188)
A4(3.1556)
(9.3182)
(-2.4995)
G1(-0.0506)
(-1.3026)
(2.3631)
G2(0.2783)
(0.5241)
(-0.6508)
G3(-1.8709)
(-0.0718)
(4.0978)
G4(0.3086)
(-1.2036)
(-0.0138)
A1(-9.3118)
(4.8331)
(2.2322)
A2(4.4245)
(6.9240)
(3.4955)
A3(-2.0016)
(-1.7526)
(-4.4053)
A4(0.1006)
(8.8538)
(-4.8459)
G1(0.2054)
(-0.0862)
(2.7234)
G2(0.2474)
(-0.3368)
(-0.9610)
G3(-1.1275)
(3.3316)
(1.4133)
G4(0.2437)
(-0.7322)
(-0.0766)
A1(-0.0335)
(11.2470)
(4.6847)
A2(-1.1396)
(8.6143)
(0.4645)
A3(-9.5050)
(4.7309)
(-5.9424)
A4(1.0534)
(8.1116)
(-5.3391)
G1(0.0133)
(-1.2143)
(3.6045)
G2(0.0846)
(0.0160)
(-0.3070)
G3(-1.3271)
(2.9282)
(1.9954)
G4(-0.1527)
(-1.2749)
(0.0846)
A1(-4.4116)
(9.1442)
(3.3147)
A2(1.2689)
(10.5441)
(1.5131)
A3(-6.9576)
(6.8618)
(-6.3303)
A4(0.5028)
(9.3134)
(-4.8123)
G1(0.5800)
(-1.3580)
(1.3085)
G2(0.3092)
(0.4145)
(-0.4810)
G3(-1.4452)
(2.6994)
(2.1311)
G4(-0.0633)
(-0.6497)
(-0.0208)
A1(-8.7179)
(11.1895)
(2.9123)
A2(0.9194)
(8.5329)
(1.5993)
A3(-6.2920)
(7.4077)
(-6.7421)
A4(-0.5171)
(9.9599)
(-2.7821)
G1(1.7884)
(-1.2494)
(1.4191)
G2(0.2831)
(-1.1744)
(-0.2820)
G3(-1.0424)
(0.8727)
(2.6020)
G4(-0.1889)
(-0.7854)
(-0.0564)
A1(-4.3829)
(9.3549)
(1.9831)
A2(2.8204)
(8.6287)
(0.4262)
A3(-8.3175)
(8.7245)
(-5.9903)
A4(-0.7709)
(9.2129)
(-4.0462)
G1(1.2531)
(-0.1719)
(0.6343)
G2(0.1006)
(-0.2820)
(-0.2948)
G3(-1.2318)
(1.4516)
(1.3484)
G4(0.0436)
(-0.2645)
(-0.1634)
A1(-5.7337)
(8.2484)
(2.1986)
A2(-0.5363)
(9.0453)
(1.5467)
A3(-4.0510)
(9.5960)
(-2.8587)
A4(0.0048)
(9.0453)
(-3.8738)
G1(0.4507)
(0.0394)
(0.5731)
G2(-0.2506)
(-0.8929)
(-0.1745)
G3(-1.4766)
(0.2198)
(0.5066)
G4(0.0309)
(-0.4049)
(0.0559)
A1(-3.4009)
(9.4124)
(0.2491)
A2(0.0335)
(9.5912)
(0.7566)
A3(-1.2594)
(8.2744)
(-5.1380)
A4(1.0582)
(8.6287)
(-5.6599)
G1(0.3693)
(-1.1632)
(-0.1352)
G2(0.0708)
(0.1346)
(-0.1655)
G3(-0.2027)
(1.4170)
(0.1282)
G4(-0.0601)
(0.2655)
(-0.1857)
A1(-2.9459)
(9.4891)
(0.9532)
A2(0.2155)
(9.4044)
(-1.4269)
A3(-2.6528)
(10.3382)
(-4.0845)
A4(-0.3256)
(8.4372)
(-5.2481)
G1(0.4071)
(-0.1554)
(0.2799)
G2(0.5289)
(-0.0921)
(-0.2410)
G3(-0.0857)
(-0.3054)
(-0.3411)
G4(-0.3459)
(0.4613)
(-0.0335)
