A1(-9.3885)
(5.7337)
(8.0616)
A2(1.2402)
(10.3621)
(0.5411)
A3(-4.5825)
(11.8274)
(-2.8874)
A4(0.5698)
(6.8666)
(-9.4236)
G1(-4.3117)
(0.8322)
(-1.0610)
G2(-0.7253)
(0.2480)
(0.2086)
G3(0.6412)
(-0.2623)
(0.3320)
G4(-0.5225)
(0.1756)
(0.0532)
A1(-9.7717)
(11.4578)
(8.9670)
A2(-1.4030)
(11.2432)
(-0.4501)
A3(-8.7436)
(11.3964)
(-8.1690)
A4(-1.6520)
(8.4563)
(-5.0566)
G1(-3.4225)
(2.2083)
(-1.7459)
G2(-0.3996)
(0.6726)
(0.3624)
G3(0.9817)
(-1.7256)
(-0.4166)
G4(-0.5433)
(0.3022)
(-0.0623)
A1(-12.1284)
(10.0687)
(3.9997)
A2(2.4804)
(11.5975)
(-0.5555)
A3(-5.3151)
(23.0610)
(-8.7149)
A4(-1.2210)
(8.3079)
(-6.4212)
G1(-2.2700)
(4.6299)
(-2.8441)
G2(-0.2708)
(1.7666)
(0.3288)
G3(1.8757)
(-0.8806)
(-1.9188)
G4(-0.6018)
(0.7865)
(-0.1314)
A1(-9.1777)
(8.3155)
(-2.2178)
A2(2.1021)
(11.9806)
(7.3406)
A3(-7.3215)
(-4.3144)
(-10.9415)
A4(0.8380)
(7.8961)
(-2.6049)
G1(2.9426)
(3.6647)
(-2.6414)
G2(0.3789)
(-0.1511)
(0.7513)
G3(4.8864)
(-4.2590)
(-6.5115)
G4(-1.3319)
(0.0463)
(0.5231)
A1(-1.9160)
(6.6055)
(2.0645)
A2(-5.9711)
(11.2527)
(5.6838)
A3(-4.0223)
(-13.3932)
(-3.5721)
A4(0.7709)
(8.4707)
(-1.4653)
G1(3.4263)
(4.1398)
(-3.1746)
G2(-0.3922)
(2.7899)
(0.1330)
G3(3.2331)
(-4.9247)
(-4.2106)
G4(-0.8024)
(1.1786)
(0.2650)
A1(-5.7959)
(4.3733)
(7.8700)
A2(4.8746)
(7.0677)
(8.7915)
A3(-6.8043)
(-10.7548)
(-6.2872)
A4(-2.4469)
(10.5010)
(-1.2785)
G1(5.0402)
(4.6512)
(-0.7673)
G2(0.6843)
(-1.0190)
(0.6055)
G3(-0.6226)
(-3.9153)
(-4.3117)
G4(-0.2990)
(1.8049)
(0.3304)
A1(-5.9205)
(3.2476)
(24.2089)
A2(2.4804)
(6.6032)
(1.1588)
A3(-6.6894)
(-4.4772)
(-13.2112)
A4(11.4443)
(3.1603)
(-1.5275)
G1(-1.2127)
(2.7234)
(1.4686)
G2(0.8147)
(0.1474)
(0.1288)
G3(-2.7787)
(1.6033)
(-5.0641)
G4(-0.3421)
(-0.4198)
(-0.2363)
A1(-6.5192)
(2.8597)
(1.3556)
A2(-0.8188)
(9.4140)
(1.3503)
A3(-41.9512)
(11.7172)
(1.4461)
A4(-4.0558)
(11.8800)
(0.6943)
G1(-2.1811)
(4.2340)
(0.5481)
G2(0.1022)
(-0.3267)
(0.0963)
G3(0.0537)
(-6.5434)
(1.9970)
G4(0.2597)
(2.0981)
(-0.7620)
A1(3.8656)
(-4.1338)
(3.3961)
A2(14.1928)
(2.6863)
(0.5267)
A3(0.6752)
(-10.6398)
(-8.5808)
A4(10.7835)
(8.1211)
(0.6321)
G1(-1.4484)
(-0.1889)
(0.4629)
G2(-1.0344)
(-1.3399)
(-0.7279)
G3(0.6173)
(-1.8225)
(0.5773)
G4(0.1181)
(-1.5953)
(0.1575)
A1(-12.2146)
(6.2845)
(0.6562)
A2(0.4549)
(4.2186)
(5.0566)
A3(-0.0862)
(0.7230)
(-1.7861)
A4(0.5315)
(9.1746)
(-2.3798)
G1(-0.4406)
(-2.2343)
(2.4940)
G2(-0.1740)
(1.4021)
(-0.7040)
G3(0.6018)
(-0.7066)
(1.7927)
G4(0.5938)
(-0.0133)
(-0.0846)
A1(-8.2532)
(2.6872)
(-2.3854)
A2(10.6111)
(7.4412)
(5.0422)
A3(2.0159)
(1.7238)
(-3.2609)
A4(1.9776)
(8.1977)
(-4.6639)
G1(-0.3783)
(-0.3278)
(2.7100)
G2(-0.3842)
(-1.0222)
(-0.2895)
G3(-1.3553)
(1.1510)
(3.5838)
G4(0.5013)
(-0.5656)
(-0.1660)
A1(-8.8712)
(5.8870)
(2.5148)
A2(1.6281)
(8.0302)
(3.2513)
A3(-5.3917)
(-1.9106)
(-5.8514)
A4(0.4932)
(9.1459)
(-3.4524)
G1(0.1133)
(-1.5495)
(2.9160)
G2(0.0495)
(0.3714)
(-0.4220)
G3(-0.7694)
(2.7324)
(2.6936)
G4(0.1266)
(-1.2063)
(0.0202)
A1(-8.5646)
(7.3288)
(1.5520)
A2(4.9368)
(11.4251)
(2.3128)
A3(-10.8649)
(-1.0918)
(-7.4124)
A4(1.3312)
(9.1554)
(-3.2417)
G1(0.5396)
(-0.8115)
(2.3514)
G2(0.0947)
(-0.8615)
(-0.1501)
G3(-0.9711)
(2.8383)
(2.5813)
G4(0.1117)
(-0.3006)
(-0.2538)
A1(-6.6677)
(7.2665)
(2.8932)
A2(0.6560)
(9.3948)
(1.2785)
A3(-8.0876)
(6.5888)
(-8.0062)
A4(0.1820)
(8.5904)
(-5.7174)
G1(0.4236)
(-1.7858)
(1.7900)
G2(0.2081)
(-0.2368)
(-0.3735)
G3(-1.7592)
(2.3471)
(2.1998)
G4(-0.0591)
(-0.8689)
(0.0112)
A1(-6.6821)
(10.0208)
(2.3902)
A2(1.4557)
(9.4379)
(2.7342)
A3(-6.0334)
(5.9903)
(-7.1635)
A4(1.9106)
(8.8394)
(-5.1427)
G1(0.9147)
(-2.1817)
(1.2457)
G2(0.2043)
(-0.3336)
(-0.2315)
G3(-1.1802)
(1.4101)
(2.5430)
G4(-0.0362)
(-0.1160)
(-0.1772)
A1(-5.1972)
(8.8089)
(2.1651)
A2(1.4892)
(10.4818)
(1.8579)
A3(-7.9823)
(7.1539)
(-7.0485)
A4(-0.2346)
(9.0980)
(-4.1994)
G1(1.5857)
(-0.8615)
(0.8046)
G2(0.2405)
(-0.5529)
(-0.0883)
G3(-1.0504)
(0.9461)
(2.0848)
G4(-0.1171)
(-0.4555)
(-0.0500)
A1(-5.8917)
(9.1442)
(2.9459)
A2(3.8642)
(9.4571)
(0.0192)
A3(-6.3446)
(7.2065)
(-7.2401)
A4(-0.3639)
(9.5768)
(-3.3662)
G1(1.5016)
(-1.2095)
(0.3336)
G2(0.1841)
(-0.9216)
(-0.1719)
G3(-1.0408)
(1.0461)
(1.1829)
G4(-0.0516)
(-0.1602)
(0.0080)
A1(-1.9304)
(8.3347)
(3.2189)
A2(-0.9673)
(9.9311)
(3.4620)
A3(-3.1891)
(8.1020)
(-4.3910)
A4(-0.1437)
(9.0788)
(-4.1755)
G1(1.0062)
(0.6343)
(0.9073)
G2(0.0601)
(-0.6141)
(-0.2714)
G3(-1.7272)
(0.9163)
(-0.0623)
G4(0.1926)
(-0.4954)
(0.1485)
A1(-3.9230)
(10.5956)
(0.7999)
A2(-1.0056)
(9.2081)
(0.8045)
A3(-2.0830)
(14.2742)
(0.7135)
A4(1.0151)
(8.5377)
(-5.2768)
G1(1.6762)
(-1.3840)
(-0.0937)
G2(0.2820)
(0.1112)
(-0.2937)
G3(0.1096)
(0.7928)
(0.1650)
G4(0.1224)
(-0.3028)
(0.1309)
A1(-5.9349)
(8.6891)
(-0.7377)
A2(0.2873)
(9.6582)
(1.1588)
A3(-0.5986)
(10.5105)
(-4.0797)
A4(0.2921)
(9.0070)
(-4.1228)
G1(0.9583)
(-0.9285)
(-0.1293)
G2(0.0702)
(-0.3161)
(-0.1692)
G3(-0.2006)
(0.5550)
(0.0399)
G4(-0.0176)
(0.1586)
(0.0213)
