A1(3.4345)
(8.5406)
(-2.2417)
A2(1.7717)
(9.1650)
(0.2011)
A3(0.3735)
(9.3230)
(-1.6568)
A4(7.0725)
(10.6063)
(-3.8116)
G1(-0.9136)
(-0.4624)
(-0.0777)
G2(-0.0255)
(0.2565)
(0.0660)
G3(0.4608)
(-0.1713)
(0.2059)
G4(1.0722)
(-0.1772)
(-0.6306)
A1(-0.3784)
(8.6748)
(-0.2682)
A2(5.2816)
(6.2010)
(3.5865)
A3(3.8738)
(8.6622)
(-6.1100)
A4(4.2234)
(12.1147)
(-8.4994)
G1(-1.3968)
(-1.2212)
(-0.2522)
G2(-1.9262)
(-0.7428)
(0.2160)
G3(0.3421)
(0.0527)
(0.1139)
G4(0.4762)
(0.3070)
(0.4821)
A1(0.0000)
(11.4769)
(3.3674)
A2(4.4532)
(9.5050)
(4.5633)
A3(2.3990)
(9.0740)
(-3.9792)
A4(5.6838)
(15.0883)
(-11.5065)
G1(-1.1435)
(-1.0733)
(-0.5188)
G2(-2.7718)
(-0.2522)
(0.3693)
G3(0.1357)
(-0.2496)
(0.0404)
G4(1.3899)
(0.0341)
(1.6655)
A1(1.5616)
(9.8819)
(2.2609)
A2(8.1547)
(9.4523)
(8.3941)
A3(2.7342)
(8.2265)
(-4.5729)
A4(5.0853)
(3.8595)
(-12.5696)
G1(-0.7827)
(-1.7384)
(-0.4874)
G2(-4.5198)
(-2.6137)
(1.2414)
G3(-0.0053)
(-1.1526)
(0.1618)
G4(2.4174)
(1.8241)
(3.3981)
A1(-3.8416)
(10.1645)
(0.2922)
A2(9.9168)
(8.4515)
(9.1650)
A3(3.1508)
(8.6862)
(-4.5107)
A4(3.4716)
(-3.9552)
(-3.3088)
G1(-0.0660)
(-0.9706)
(-0.6705)
G2(-3.6822)
(-1.5782)
(2.3982)
G3(-0.1575)
(-0.7684)
(-0.3038)
G4(2.5962)
(3.4715)
(4.4123)
A1(2.2322)
(5.5804)
(8.3251)
A2(12.0907)
(6.5697)
(5.4971)
A3(1.4461)
(8.7580)
(-6.1866)
A4(2.4804)
(-9.8497)
(-0.9720)
G1(0.3656)
(-0.5773)
(-0.4310)
G2(-3.4539)
(-1.9662)
(2.1151)
G3(-0.4262)
(-1.2430)
(-0.3272)
G4(1.9672)
(4.0084)
(4.5336)
A1(-3.9853)
(9.4747)
(3.5638)
A2(7.4316)
(2.7054)
(3.2609)
A3(0.5459)
(10.2328)
(1.5897)
A4(-2.0973)
(-8.7388)
(-9.0932)
G1(0.3022)
(-0.4379)
(-0.1532)
G2(-0.8833)
(-4.7055)
(2.0593)
G3(-1.1999)
(-2.4695)
(-0.1596)
G4(-0.5954)
(0.6492)
(2.6143)
A1(-7.7168)
(11.5344)
(4.1146)
A2(3.3088)
(0.4453)
(1.4174)
A3(-1.1875)
(9.1267)
(-1.3934)
A4(39.7677)
(92.7801)
(-3.9648)
G1(-0.4145)
(2.3099)
(-0.2208)
G2(4.0781)
(-3.4848)
(1.1025)
G3(-0.5534)
(-1.0648)
(-0.4773)
G4(-0.1836)
(-0.2815)
(-4.5198)
A1(6.2893)
(8.1958)
(4.5026)
A2(8.5329)
(1.4653)
(-3.9600)
A3(-7.9775)
(7.6231)
(1.4557)
A4(8.9687)
(-50.9726)
(-8.5234)
G1(0.1149)
(-1.2276)
(-0.3805)
G2(4.5144)
(-1.8895)
(0.2336)
G3(-0.3203)
(0.5486)
(-0.8530)
G4(0.6290)
(0.3852)
(0.4677)
A1(-5.2882)
(8.7083)
(2.9267)
A2(17.5064)
(9.4763)
(15.4330)
A3(0.9098)
(10.7835)
(3.6440)
A4(10.3094)
(-4.5490)
(-4.2856)
G1(-0.1538)
(1.2717)
(0.1240)
G2(-3.3071)
(-3.6157)
(0.1804)
G3(-0.2639)
(-1.6150)
(0.2857)
G4(-0.8221)
(-1.3659)
(0.7061)
A1(-4.7757)
(10.9836)
(1.7675)
A2(21.2222)
(2.1069)
(-16.3189)
A3(-1.4892)
(9.0549)
(-2.6815)
A4(6.0142)
(4.0510)
(-2.8347)
G1(0.5449)
(-0.1820)
(0.2075)
G2(1.9779)
(-5.3238)
(0.4076)
G3(0.4603)
(1.2015)
(0.0500)
G4(-0.1830)
(1.2622)
(0.1841)
A1(-2.9028)
(7.9371)
(2.9842)
A2(5.9376)
(-3.7014)
(1.4700)
A3(-0.0383)
(8.1403)
(-5.3534)
A4(-0.1006)
(-4.7645)
(-4.3670)
G1(0.9126)
(0.0239)
(0.1506)
G2(-0.8077)
(1.6778)
(-0.5938)
G3(-0.1054)
(0.7881)
(0.0851)
G4(0.0213)
(-1.6224)
(-3.6498)
A1(-2.3902)
(8.2293)
(3.2237)
A2(16.1656)
(1.2546)
(-3.2082)
A3(-0.5411)
(9.4954)
(-1.2450)
A4(15.3947)
(-9.0692)
(-3.3471)
G1(0.4986)
(0.8620)
(0.1527)
G2(-1.6150)
(0.9562)
(-0.8679)
G3(-0.4475)
(0.3837)
(-0.0255)
G4(2.1519)
(-0.6630)
(-4.8571)
A1(-0.3209)
(9.6855)
(0.7760)
A2(0.9481)
(-0.2298)
(1.9345)
A3(-1.5754)
(10.3334)
(0.1915)
A4(2.6049)
(-3.8978)
(-5.0901)
G1(0.1878)
(0.0841)
(0.3677)
G2(-2.1763)
(2.1668)
(-0.8461)
G3(0.1793)
(1.1180)
(0.2304)
G4(-1.0962)
(-3.6221)
(-3.1251)
A1(1.1161)
(9.6376)
(0.9053)
A2(7.9248)
(3.1987)
(-3.4716)
A3(0.0431)
(9.4140)
(-3.5243)
A4(1.9537)
(4.1803)
(-12.0524)
G1(0.6742)
(-0.0553)
(0.1538)
G2(-0.2953)
(2.0300)
(-1.6554)
G3(0.3406)
(0.7173)
(0.2661)
G4(-2.2711)
(-2.1827)
(-2.3546)
A1(-1.4514)
(9.0388)
(0.5269)
A2(7.2018)
(2.9113)
(6.2537)
A3(2.5043)
(9.1028)
(-2.7964)
A4(5.9185)
(4.6495)
(-11.2911)
G1(0.7976)
(-0.0500)
(-0.0128)
G2(0.3150)
(2.3695)
(-2.3519)
G3(0.2581)
(0.6540)
(0.1937)
G4(-1.3601)
(-1.1164)
(-1.5453)
A1(-1.9495)
(9.9729)
(0.8287)
A2(9.3182)
(7.0102)
(5.5115)
A3(-0.5219)
(9.5481)
(-2.2505)
A4(8.1020)
(9.1985)
(-11.8657)
G1(0.5374)
(-0.0873)
(-0.1373)
G2(1.3058)
(2.8644)
(-3.7248)
G3(0.0128)
(0.7875)
(0.1086)
G4(-1.7107)
(-0.9514)
(-0.1346)
A1(-2.0118)
(9.2160)
(-3.2141)
A2(8.2744)
(9.8306)
(4.9895)
A3(1.0199)
(8.9878)
(-3.4716)
A4(4.7597)
(10.8553)
(-5.0805)
G1(0.8977)
(0.7098)
(-0.2299)
G2(1.7054)
(-0.6274)
(-2.7489)
G3(-0.0112)
(0.1772)
(0.1054)
G4(-1.1840)
(-0.4129)
(-0.0144)
A1(0.4024)
(9.1490)
(-1.9591)
A2(7.1204)
(10.0078)
(2.2793)
A3(0.6321)
(9.5624)
(-2.9257)
A4(3.4764)
(10.0269)
(-6.3398)
G1(0.6444)
(1.2851)
(-0.0670)
G2(2.1348)
(0.2309)
(-2.1705)
G3(-0.0724)
(0.6460)
(-0.0426)
G4(-1.0823)
(0.5295)
(0.0335)
A1(0.0623)
(9.7286)
(-0.2874)
A2(3.7110)
(8.2408)
(2.2075)
A3(0.5746)
(10.1658)
(-1.6520)
A4(6.5266)
(8.6718)
(-4.6400)
G1(1.0765)
(1.6240)
(-0.2661)
G2(1.7709)
(1.3558)
(-0.9009)
G3(-0.1905)
(0.8908)
(-0.1144)
G4(-0.1463)
(0.7120)
(-0.0053)
