A1(-4.0141)
(7.9515)
(5.2259)
A2(0.7518)
(8.8394)
(0.3112)
A3(-1.2785)
(10.4579)
(-0.8715)
A4(-1.4844)
(7.2592)
(-9.9934)
G1(-2.9692)
(1.1797)
(0.7567)
G2(-0.8290)
(0.0234)
(0.0750)
G3(0.4518)
(0.2804)
(0.0186)
G4(0.6055)
(0.2645)
(-0.1767)
A1(-3.3722)
(15.7880)
(3.7362)
A2(0.7278)
(6.1339)
(0.9577)
A3(-2.2553)
(17.3580)
(1.4222)
A4(2.0446)
(8.8298)
(-6.4117)
G1(-3.5460)
(2.7547)
(-1.5484)
G2(-1.7384)
(0.0213)
(0.7082)
G3(1.5022)
(-0.0122)
(0.1405)
G4(0.0234)
(0.4528)
(-0.3672)
A1(-13.7187)
(13.9151)
(6.2031)
A2(3.4141)
(11.7172)
(0.6177)
A3(-4.0366)
(16.2758)
(-9.7588)
A4(-0.3831)
(9.5912)
(-6.4596)
G1(-1.6192)
(1.1174)
(-3.0394)
G2(-0.6306)
(2.2343)
(0.7093)
G3(1.9906)
(-0.4550)
(-1.8922)
G4(-0.4055)
(0.6635)
(-0.1942)
A1(-8.2820)
(11.0985)
(-1.1304)
A2(1.4269)
(11.7076)
(6.1914)
A3(-9.5768)
(2.2122)
(-13.4458)
A4(-1.4557)
(6.8043)
(-7.1347)
G1(2.2652)
(5.9751)
(-3.6040)
G2(0.1117)
(-0.3060)
(0.8003)
G3(5.7846)
(-3.9765)
(-4.5565)
G4(-1.6283)
(0.1501)
(0.1293)
A1(-5.5564)
(5.4463)
(-1.5472)
A2(1.6712)
(12.6893)
(0.9385)
A3(-4.0989)
(-7.5848)
(-3.2561)
A4(1.7861)
(9.4858)
(1.2306)
G1(5.7495)
(1.9215)
(-2.3333)
G2(0.4911)
(3.0410)
(0.5023)
G3(2.1843)
(-6.6440)
(-3.4486)
G4(-0.9732)
(1.3643)
(0.3469)
A1(-5.2259)
(6.1935)
(5.6379)
A2(10.8074)
(8.6814)
(4.2090)
A3(-2.9688)
(-12.7467)
(-4.8890)
A4(0.7518)
(9.9886)
(0.0670)
G1(5.7841)
(2.2317)
(-1.2989)
G2(0.8961)
(-0.9386)
(0.4805)
G3(-1.5878)
(-5.4063)
(-1.7751)
G4(-0.6220)
(1.2137)
(0.3821)
A1(4.1051)
(-3.6740)
(6.0881)
A2(0.4836)
(5.3439)
(5.6886)
A3(-6.8235)
(7.6902)
(-5.2481)
A4(11.1953)
(9.0644)
(-2.6288)
G1(-1.3893)
(-7.2607)
(0.4156)
G2(0.9647)
(0.8913)
(-0.4001)
G3(-3.5327)
(4.9125)
(-3.6636)
G4(-0.4273)
(-0.0213)
(-0.1724)
A1(3.9278)
(-3.9183)
(6.5959)
A2(4.2186)
(5.8131)
(-1.9776)
A3(-3.7350)
(-1.3312)
(-10.4339)
A4(5.7269)
(10.2280)
(3.1364)
G1(-0.5236)
(2.9575)
(0.3251)
G2(0.1820)
(-0.7577)
(-0.2975)
G3(-1.8087)
(-0.8604)
(-0.4981)
G4(0.4108)
(0.0745)
(-0.3618)
A1(-12.3487)
(4.5122)
(1.9783)
A2(-3.1268)
(7.0198)
(4.5633)
A3(-7.0342)
(5.0135)
(0.2011)
A4(-0.9098)
(9.0453)
(-4.0845)
G1(-1.3484)
(-3.3725)
(1.7858)
G2(0.5608)
(1.5224)
(-0.0069)
G3(-0.3320)
(0.1256)
(-0.1799)
G4(0.6391)
(-0.2352)
(-0.2081)
A1(-10.5525)
(3.6979)
(-1.5616)
A2(2.7581)
(8.2361)
(2.5043)
A3(-1.5706)
(-0.2442)
(-3.4812)
A4(0.4501)
(9.8497)
(-2.7581)
G1(-0.5316)
(-2.1561)
(2.1833)
G2(-0.5092)
(-1.3255)
(-0.1559)
G3(0.4406)
(0.6933)
(3.4715)
G4(0.3459)
(-0.4709)
(-0.0851)
A1(-9.0149)
(4.5841)
(1.9256)
A2(3.6344)
(10.2663)
(1.5754)
A3(-8.1068)
(-3.3662)
(-3.5195)
A4(-0.4597)
(9.2991)
(-4.5203)
G1(-0.0218)
(-1.4484)
(2.0305)
G2(0.2277)
(0.6832)
(-0.0660)
G3(0.9876)
(2.3913)
(2.1253)
G4(0.2054)
(-0.8216)
(-0.0271)
A1(-10.0016)
(6.7875)
(0.6371)
A2(0.6033)
(8.8011)
(2.1883)
A3(-9.8545)
(0.0527)
(-5.1763)
A4(1.6807)
(9.8258)
(-3.7397)
G1(0.3608)
(-1.1132)
(1.4819)
G2(-0.0979)
(-0.9408)
(-0.2363)
G3(-0.0271)
(2.3934)
(1.6240)
G4(0.0117)
(-1.3867)
(0.0255)
A1(-5.0774)
(6.6582)
(2.0789)
A2(2.2697)
(9.1937)
(1.2881)
A3(-8.8011)
(0.0670)
(-6.2058)
A4(0.7039)
(8.9687)
(-4.8554)
G1(0.0426)
(-0.1586)
(1.4489)
G2(0.2543)
(-0.4401)
(-0.4427)
G3(-2.1966)
(1.8321)
(1.7491)
G4(-0.0537)
(-0.2325)
(-0.1650)
A1(-6.1935)
(6.1408)
(0.9197)
A2(1.5945)
(9.8067)
(0.7709)
A3(-3.6583)
(3.9265)
(-6.3590)
A4(-0.5746)
(8.9783)
(-3.9792)
G1(1.9529)
(-2.2503)
(0.7184)
G2(-0.0979)
(-1.2675)
(-0.3757)
G3(-2.7654)
(1.6261)
(1.2132)
G4(-0.1926)
(-0.1426)
(-0.0729)
A1(-5.3217)
(7.4006)
(4.5984)
A2(-0.9290)
(10.5153)
(1.6424)
A3(-5.4492)
(8.1547)
(-6.0813)
A4(0.5076)
(9.5577)
(-3.1747)
G1(1.0669)
(0.1027)
(1.1446)
G2(0.3368)
(-0.3688)
(-0.3267)
G3(-2.7798)
(1.3388)
(1.1605)
G4(-0.1506)
(-0.1570)
(-0.0043)
A1(-4.0236)
(9.7046)
(3.3147)
A2(0.0048)
(8.8873)
(1.1157)
A3(-4.1755)
(9.5193)
(-5.4588)
A4(-0.5698)
(9.7348)
(-3.1508)
G1(1.0536)
(-0.0351)
(1.1377)
G2(0.2347)
(-0.5124)
(-0.2038)
G3(-1.2936)
(1.3995)
(0.8413)
G4(-0.1469)
(-0.0979)
(0.0452)
A1(-3.0369)
(8.7322)
(2.8740)
A2(-0.2251)
(9.4571)
(0.9481)
A3(-3.5482)
(9.2129)
(-4.6304)
A4(-0.1437)
(9.5864)
(-3.5147)
G1(0.9786)
(-0.2363)
(0.5720)
G2(0.4683)
(-0.2485)
(-0.1501)
G3(-1.4165)
(0.3390)
(0.7189)
G4(-0.0947)
(-0.1064)
(0.0958)
A1(-3.5111)
(9.0867)
(2.3280)
A2(0.8667)
(9.7396)
(0.4405)
A3(-3.3567)
(9.9599)
(-2.7342)
A4(-0.0192)
(9.6869)
(-2.8539)
G1(0.9573)
(-0.7136)
(0.2650)
G2(0.0479)
(0.0601)
(-0.0942)
G3(-0.6891)
(0.8152)
(0.1985)
G4(0.0612)
(0.1479)
(0.1277)
A1(-3.9518)
(9.7621)
(0.9963)
A2(-0.0958)
(9.5385)
(1.4078)
A3(-2.1931)
(8.5186)
(-1.5179)
A4(-0.6847)
(9.0261)
(-3.8499)
G1(0.5784)
(-0.7066)
(-0.2246)
G2(0.1910)
(-0.3395)
(-0.0090)
G3(-0.2559)
(0.2363)
(0.2049)
G4(-0.0128)
(-0.1442)
(0.2027)
A1(-1.9639)
(9.3885)
(-0.0958)
A2(0.3831)
(9.3661)
(0.4453)
A3(-1.3024)
(9.9311)
(-2.9784)
A4(-0.2298)
(9.2512)
(-3.8930)
G1(0.5390)
(0.1979)
(0.3847)
G2(-0.0074)
(0.3975)
(-0.0585)
G3(0.0553)
(0.2166)
(-0.1490)
G4(-0.0490)
(-0.0287)
(0.2176)
