A1(-3.1902)
(9.4076)
(7.1898)
A2(0.6129)
(8.8011)
(0.9529)
A3(-1.8771)
(10.7978)
(-0.1484)
A4(0.6800)
(8.0685)
(-8.5281)
G1(-3.1677)
(0.4890)
(-0.0431)
G2(-0.8407)
(0.1596)
(0.0921)
G3(0.4560)
(0.7205)
(0.0314)
G4(0.2533)
(0.1054)
(-0.1517)
A1(-8.4927)
(10.7345)
(7.3910)
A2(-0.7087)
(9.0597)
(0.4788)
A3(-5.8514)
(13.9438)
(-2.0542)
A4(-0.5842)
(7.6806)
(-5.1763)
G1(-2.6036)
(2.2216)
(-0.5699)
G2(-0.9647)
(0.5342)
(0.4800)
G3(1.5080)
(-1.7070)
(0.1453)
G4(-0.2155)
(1.5304)
(-0.5853)
A1(-8.6796)
(9.5849)
(7.5012)
A2(0.3496)
(10.5824)
(-1.7669)
A3(-8.0924)
(10.4531)
(-7.0294)
A4(-2.7485)
(9.3422)
(-4.1611)
G1(-2.7899)
(4.1734)
(-1.3979)
G2(-0.8104)
(1.4048)
(0.4374)
G3(1.3824)
(0.6274)
(-1.0903)
G4(-0.2368)
(1.1446)
(-0.3241)
A1(-9.3645)
(11.3763)
(0.0287)
A2(-1.3743)
(9.3996)
(3.4907)
A3(-17.2718)
(5.4205)
(-13.1729)
A4(-0.7901)
(8.9974)
(-5.9711)
G1(-0.2293)
(3.4199)
(-3.1416)
G2(0.4507)
(-0.5231)
(1.1430)
G3(2.2045)
(-2.5440)
(-0.9956)
G4(-0.3746)
(1.2505)
(0.0085)
A1(-6.9599)
(9.6088)
(-1.6669)
A2(-2.1835)
(9.8689)
(6.8761)
A3(-9.4763)
(-4.0606)
(-11.3485)
A4(-1.1109)
(7.6806)
(-8.9160)
G1(1.9747)
(3.9797)
(-3.0990)
G2(-0.2496)
(1.3553)
(0.5481)
G3(5.2567)
(-3.1368)
(-6.2039)
G4(-0.7865)
(1.1520)
(0.1165)
A1(-5.5133)
(11.5105)
(2.9986)
A2(2.2266)
(12.2056)
(1.3743)
A3(-4.5969)
(-9.2512)
(-1.7526)
A4(0.8954)
(11.2480)
(4.9560)
G1(6.2545)
(3.3901)
(-1.4904)
G2(-0.0144)
(2.3961)
(0.5656)
G3(1.5618)
(-4.8433)
(-4.7582)
G4(-0.7524)
(1.2255)
(0.3496)
A1(-7.7168)
(1.3508)
(2.1220)
A2(3.0263)
(11.9135)
(4.1803)
A3(-7.5992)
(-12.2009)
(-9.6630)
A4(2.8874)
(10.6734)
(1.4365)
G1(6.0427)
(2.3136)
(-0.4411)
G2(1.6320)
(-0.9738)
(0.6859)
G3(-0.5768)
(-2.0438)
(-4.8241)
G4(-0.2352)
(0.6832)
(0.5784)
A1(-8.2868)
(-0.4503)
(0.8191)
A2(0.7183)
(4.7692)
(7.6902)
A3(0.6847)
(18.3396)
(-3.6966)
A4(12.2583)
(9.2703)
(-4.9656)
G1(-1.0568)
(-6.2247)
(-0.4145)
G2(1.0562)
(1.1047)
(0.2272)
G3(-2.6446)
(2.9947)
(-0.9344)
G4(-0.3523)
(-0.9642)
(0.1479)
A1(2.2274)
(-6.3372)
(4.6272)
A2(7.7764)
(6.9911)
(-2.0351)
A3(8.9160)
(-8.8394)
(-9.4188)
A4(6.9145)
(8.9783)
(-1.6999)
G1(-1.4915)
(0.9956)
(0.5433)
G2(-0.3751)
(-1.8060)
(-0.5928)
G3(-0.5880)
(2.3519)
(-1.6714)
G4(0.2975)
(-0.2847)
(-0.1708)
A1(1.7579)
(0.3736)
(2.3088)
A2(5.1763)
(14.6238)
(4.9368)
A3(-4.2856)
(-3.0454)
(-3.7158)
A4(3.5817)
(9.6486)
(-0.8332)
G1(-1.9215)
(-3.6152)
(1.5453)
G2(-0.1011)
(-0.1511)
(-0.0607)
G3(-1.0648)
(-0.7779)
(1.6708)
G4(-0.0154)
(-3.0458)
(0.1336)
A1(-8.7370)
(6.4953)
(-2.9698)
A2(10.7021)
(8.0158)
(2.3607)
A3(-2.9592)
(1.2737)
(-3.6583)
A4(1.0247)
(8.8633)
(-4.2856)
G1(-1.0264)
(-1.1025)
(2.7915)
G2(0.2916)
(0.3570)
(-0.5273)
G3(-0.1559)
(-0.4150)
(2.1141)
G4(0.2107)
(-0.2677)
(-0.0942)
A1(-13.5798)
(6.2606)
(-3.3626)
A2(2.4756)
(8.5808)
(2.0686)
A3(-10.8649)
(-3.9361)
(-6.9719)
A4(1.6233)
(9.0884)
(-3.4285)
G1(-0.4246)
(-2.4637)
(3.2948)
G2(-0.1804)
(-2.4163)
(-0.4683)
G3(1.1398)
(1.3500)
(1.5000)
G4(0.1086)
(-0.8093)
(-0.0218)
A1(-6.4426)
(8.8951)
(0.8478)
A2(2.6863)
(9.7252)
(1.3360)
A3(-7.5465)
(-3.8020)
(-7.5226)
A4(0.0144)
(9.4667)
(-3.5003)
G1(0.1070)
(-0.6125)
(2.6265)
G2(0.6699)
(0.4363)
(-0.2932)
G3(-2.2359)
(3.2565)
(2.7175)
G4(0.1016)
(-0.4214)
(-0.0495)
A1(-5.6570)
(8.7322)
(0.6706)
A2(1.8818)
(9.2368)
(1.7717)
A3(-5.1236)
(2.0159)
(-9.5672)
A4(1.3168)
(9.1459)
(-4.1611)
G1(1.3170)
(-1.7352)
(1.9805)
G2(0.0266)
(-1.6139)
(-0.3161)
G3(-3.1719)
(2.6755)
(2.0210)
G4(0.2655)
(-0.1362)
(-0.1368)
A1(-5.5038)
(9.4843)
(3.2668)
A2(-2.0686)
(9.6103)
(1.2306)
A3(-4.7549)
(3.4477)
(-9.6151)
A4(1.7957)
(8.5856)
(-4.5825)
G1(1.1994)
(-1.5351)
(1.2962)
G2(0.2458)
(-0.4374)
(-0.2368)
G3(-3.5625)
(2.1731)
(2.5738)
G4(0.3006)
(0.3932)
(-0.2740)
A1(-3.9949)
(8.8185)
(2.4525)
A2(2.7150)
(9.8641)
(1.3695)
A3(-6.7612)
(10.5297)
(-6.3542)
A4(-0.1628)
(8.7293)
(-5.2146)
G1(1.2702)
(-1.7874)
(0.7599)
G2(0.1219)
(-0.5209)
(-0.0942)
G3(-2.6776)
(-0.0537)
(2.1433)
G4(0.1213)
(-0.2889)
(-0.0670)
A1(-4.2536)
(9.4124)
(3.4919)
A2(1.7382)
(9.1985)
(0.5698)
A3(-2.2553)
(9.2129)
(-5.9328)
A4(0.4741)
(9.2129)
(-4.1515)
G1(0.8109)
(-0.5587)
(1.0110)
G2(0.0426)
(-0.8881)
(-0.1666)
G3(-2.1338)
(-0.4938)
(1.7624)
G4(0.1910)
(-0.0527)
(-0.0197)
A1(-4.5889)
(10.7201)
(4.0093)
A2(-0.4645)
(10.3190)
(0.7997)
A3(-4.2138)
(7.8195)
(-5.4827)
A4(1.8340)
(9.1746)
(-5.2050)
G1(-0.1767)
(-0.2118)
(-0.4943)
G2(0.0612)
(-0.2171)
(-0.0101)
G3(1.2345)
(0.3927)
(0.4156)
G4(-0.0069)
(0.0463)
(-0.0601)
A1(-2.8501)
(9.1202)
(-0.7233)
A2(0.9002)
(9.2512)
(0.8619)
A3(-6.1818)
(15.3468)
(-1.3982)
A4(0.5363)
(8.8442)
(-4.0701)
G1(0.4390)
(-0.4225)
(-0.0341)
G2(0.1346)
(-0.5098)
(-0.1059)
G3(-0.1320)
(0.1368)
(-0.2810)
G4(-0.0484)
(-0.1809)
(0.0979)
A1(-3.2285)
(10.0256)
(-0.6131)
A2(-0.3496)
(10.4483)
(-0.0575)
A3(-0.9290)
(8.6862)
(-3.4716)
A4(-0.0096)
(8.3510)
(-5.1140)
G1(0.1905)
(0.2086)
(0.0553)
G2(0.5555)
(-0.3762)
(-0.3831)
G3(-0.0963)
(-0.2219)
(0.0181)
G4(0.0021)
(0.0543)
(0.1490)
