A1(-4.3350)
(8.6556)
(4.6799)
A2(0.4357)
(8.4372)
(0.4693)
A3(-3.2034)
(11.5401)
(-1.5036)
A4(-0.3065)
(8.1068)
(-5.8514)
G1(-3.3475)
(1.7006)
(-0.2341)
G2(-0.8684)
(-0.1878)
(-0.0697)
G3(0.8764)
(0.2017)
(-0.0106)
G4(0.4161)
(0.4970)
(-0.1756)
A1(-9.8675)
(9.8771)
(4.2536)
A2(-1.3312)
(9.2943)
(1.1013)
A3(-5.7748)
(11.0325)
(-5.7796)
A4(0.2825)
(9.4475)
(-5.2720)
G1(-1.9193)
(1.1291)
(-1.3675)
G2(-0.9333)
(0.8588)
(0.2650)
G3(1.5607)
(0.2075)
(-0.8775)
G4(-0.0043)
(1.5671)
(-0.4864)
A1(-10.4854)
(10.5333)
(6.8066)
A2(0.0479)
(9.5529)
(-0.2107)
A3(-6.7373)
(10.0173)
(-10.1801)
A4(-2.1596)
(9.0836)
(-4.7692)
G1(-2.1721)
(3.8738)
(-1.8784)
G2(-1.0908)
(0.7226)
(0.6886)
G3(1.3776)
(-0.8796)
(-0.9562)
G4(-0.1405)
(1.1052)
(-0.1383)
A1(-5.7959)
(9.9250)
(0.1054)
A2(0.8236)
(9.0884)
(2.7246)
A3(-8.2265)
(6.9815)
(-12.2775)
A4(1.3838)
(9.1363)
(-9.3470)
G1(0.6976)
(2.3174)
(-2.8069)
G2(0.1777)
(1.3462)
(1.0355)
G3(3.1150)
(-1.7900)
(-2.7271)
G4(-0.3762)
(1.6783)
(-0.3586)
A1(-9.2879)
(8.3442)
(-1.4466)
A2(0.0766)
(9.9407)
(4.5777)
A3(-7.2544)
(-1.4796)
(-11.3246)
A4(-3.7828)
(6.2872)
(-6.2776)
G1(3.1214)
(1.9183)
(-2.9085)
G2(-0.3741)
(0.7758)
(0.6928)
G3(4.7417)
(-2.5807)
(-5.5393)
G4(-0.8109)
(1.7613)
(-0.3347)
A1(-3.7602)
(9.7765)
(5.8534)
A2(1.4653)
(12.8329)
(1.0343)
A3(-8.5952)
(-13.0580)
(-7.1970)
A4(0.1628)
(10.0844)
(-0.2011)
G1(5.6234)
(5.5526)
(-2.5818)
G2(0.4055)
(2.8750)
(1.1244)
G3(0.5119)
(-3.7429)
(-3.4204)
G4(-0.5507)
(0.3602)
(0.5396)
A1(1.6430)
(-5.6475)
(0.6035)
A2(2.4373)
(10.4866)
(7.5130)
A3(-10.9702)
(-6.8953)
(-10.9128)
A4(-1.7861)
(9.6295)
(-3.8403)
G1(5.8016)
(-0.4092)
(-0.5651)
G2(0.8599)
(0.0846)
(1.0509)
G3(0.0697)
(-1.5197)
(-4.6730)
G4(-0.4699)
(0.0580)
(1.0014)
A1(-18.2836)
(-2.7495)
(-8.9191)
A2(5.3917)
(2.9066)
(1.5897)
A3(-9.0309)
(27.8350)
(22.5103)
A4(10.3765)
(10.8314)
(1.6472)
G1(-0.1639)
(-6.2475)
(-0.3491)
G2(-0.2943)
(-0.6417)
(-0.4608)
G3(2.6888)
(3.8243)
(0.8051)
G4(-0.3379)
(-0.6375)
(0.0330)
A1(4.2392)
(-6.2414)
(2.3471)
A2(12.6845)
(4.6208)
(-2.0925)
A3(-9.0597)
(-2.9880)
(-9.8497)
A4(5.6024)
(7.0533)
(-3.3710)
G1(-1.7102)
(-0.2395)
(0.4379)
G2(0.3374)
(-0.6412)
(-0.6758)
G3(0.8987)
(1.5229)
(-0.9594)
G4(0.5518)
(-1.6022)
(0.2070)
A1(-1.8633)
(2.3327)
(2.3950)
A2(6.6894)
(15.2654)
(4.3718)
A3(-7.4316)
(0.3208)
(-1.8100)
A4(1.8340)
(8.9352)
(-5.6360)
G1(-2.1066)
(-5.9182)
(1.4064)
G2(0.3406)
(-0.2964)
(0.1511)
G3(-2.6116)
(-0.3900)
(0.6188)
G4(0.0607)
(-3.5678)
(0.3113)
A1(-7.8173)
(3.1375)
(-4.2009)
A2(12.3541)
(8.0637)
(2.2075)
A3(-3.1843)
(1.1301)
(-5.3965)
A4(1.5467)
(8.9256)
(-4.1132)
G1(-1.4904)
(-0.3437)
(3.0011)
G2(-0.0176)
(0.2011)
(-0.5965)
G3(0.6353)
(-0.4044)
(2.5999)
G4(0.0639)
(-0.4571)
(-0.1266)
A1(-7.7838)
(7.9802)
(0.9628)
A2(2.3367)
(11.9327)
(-0.5794)
A3(-14.5520)
(-2.9066)
(-7.9487)
A4(1.2498)
(8.8633)
(-3.0885)
G1(-1.3053)
(-0.7827)
(2.8101)
G2(-0.0819)
(-3.2964)
(-0.7854)
G3(1.5745)
(0.9120)
(1.8970)
G4(0.1272)
(-0.8136)
(-0.0277)
A1(-9.9298)
(9.9633)
(0.0431)
A2(4.3958)
(10.4531)
(1.5754)
A3(-8.4611)
(-3.7062)
(-7.3502)
A4(-1.2546)
(9.2368)
(-4.6591)
G1(1.0318)
(-2.4291)
(2.8590)
G2(0.5821)
(0.2325)
(-0.1570)
G3(-1.7081)
(3.4752)
(3.6104)
G4(0.1394)
(-0.1282)
(-0.1963)
A1(-3.0896)
(7.9802)
(2.8118)
A2(-0.4166)
(9.3613)
(0.7278)
A3(-4.3048)
(-0.9529)
(-10.0796)
A4(1.2498)
(9.0453)
(-3.3519)
G1(2.4227)
(-1.6719)
(1.8108)
G2(0.1756)
(-1.2664)
(-0.3347)
G3(-4.3921)
(3.7918)
(2.8936)
G4(0.2224)
(0.2299)
(-0.1469)
A1(-8.2916)
(10.0782)
(3.6069)
A2(-0.7566)
(10.7548)
(1.8866)
A3(-3.0933)
(4.7836)
(-11.2480)
A4(4.4724)
(9.0118)
(-1.8148)
G1(1.9683)
(-0.7535)
(1.4101)
G2(0.2847)
(-0.3017)
(-0.1591)
G3(-3.4912)
(0.6635)
(3.0043)
G4(0.7162)
(0.0910)
(-0.0122)
A1(-4.3541)
(16.3005)
(0.1341)
A2(2.5618)
(8.6766)
(2.2553)
A3(-10.9894)
(11.5688)
(-5.9424)
A4(0.9385)
(8.0302)
(-8.4755)
G1(1.6676)
(-1.2116)
(0.2352)
G2(0.3783)
(-0.5640)
(-0.0420)
G3(-1.8188)
(1.4500)
(0.6263)
G4(0.5672)
(0.3283)
(0.0064)
A1(-5.8247)
(9.5609)
(4.4978)
A2(3.0215)
(6.8953)
(0.1532)
A3(5.1284)
(15.4713)
(-9.8881)
A4(-0.9337)
(8.6048)
(-7.8434)
G1(0.7285)
(-1.3345)
(0.2389)
G2(-0.5039)
(-0.5486)
(-0.0043)
G3(0.0553)
(0.0074)
(1.1111)
G4(0.1272)
(-0.3555)
(-0.0905)
A1(-4.1961)
(8.2437)
(-2.6154)
A2(-0.6704)
(12.2487)
(1.3934)
A3(-4.6831)
(11.8369)
(-5.3486)
A4(0.8475)
(7.5561)
(-5.7461)
G1(0.4858)
(0.3379)
(-0.1777)
G2(-0.4805)
(0.6880)
(-0.1953)
G3(-0.4337)
(-0.6337)
(-0.0851)
G4(-0.2368)
(-0.1250)
(0.0234)
A1(-2.5675)
(8.7993)
(-0.5796)
A2(1.0199)
(12.3876)
(-1.2594)
A3(-0.8906)
(8.9878)
(-4.3527)
A4(0.6464)
(7.7189)
(-5.3008)
G1(0.3938)
(0.3549)
(0.1660)
G2(0.4204)
(1.8267)
(-0.3054)
G3(-0.1048)
(-0.3932)
(-0.1937)
G4(-0.2655)
(-0.0782)
(0.0942)
A1(-2.2465)
(9.0149)
(-1.5184)
A2(1.9201)
(8.9543)
(0.0479)
A3(-0.4357)
(8.4851)
(-4.1324)
A4(-0.0718)
(8.5042)
(-5.5258)
G1(0.1415)
(-0.1314)
(0.0750)
G2(0.3964)
(-0.8987)
(-0.0181)
G3(-0.2075)
(0.0968)
(0.0404)
G4(-0.2528)
(0.1256)
(-0.0032)
