A1(-1.8442)
(9.4460)
(-0.7760)
A2(2.6624)
(9.5433)
(-1.1779)
A3(2.1500)
(9.1411)
(-2.7294)
A4(-0.3543)
(9.1411)
(-4.0270)
G1(0.0612)
(0.0947)
(0.0122)
G2(0.0293)
(0.3203)
(-0.0388)
G3(0.0293)
(0.0367)
(0.0149)
G4(-0.0766)
(0.2363)
(-0.0468)
A1(-1.2358)
(9.4843)
(-1.2598)
A2(2.0399)
(9.3518)
(-0.6225)
A3(1.2306)
(9.0453)
(-3.0406)
A4(-0.4214)
(9.1554)
(-3.9696)
G1(0.1165)
(0.2416)
(0.0399)
G2(0.0261)
(0.1314)
(-0.0825)
G3(-0.0484)
(0.2325)
(-0.0144)
G4(-0.0772)
(0.2959)
(-0.0293)
A1(-1.6669)
(9.4172)
(-1.5903)
A2(1.9537)
(9.3278)
(-0.4645)
A3(1.2594)
(9.3805)
(-2.2841)
A4(-0.3639)
(8.9208)
(-4.6878)
G1(-0.2597)
(0.2804)
(0.2049)
G2(-0.1038)
(0.1937)
(-0.0415)
G3(-0.0239)
(0.1868)
(-0.0080)
G4(-0.0357)
(0.2703)
(-0.0218)
A1(-0.7664)
(8.4640)
(0.6562)
A2(1.8627)
(9.3853)
(-0.3735)
A3(0.7757)
(9.8258)
(-0.3543)
A4(-0.2729)
(9.1123)
(-4.2904)
G1(-1.1579)
(-0.0543)
(0.2075)
G2(-0.0341)
(0.2889)
(-0.0144)
G3(0.3006)
(0.2964)
(-0.0016)
G4(-0.0803)
(0.3076)
(-0.0378)
A1(-0.3497)
(10.4662)
(-0.0144)
A2(1.6664)
(9.5624)
(-0.9002)
A3(0.8571)
(8.9543)
(-2.7102)
A4(-0.0192)
(9.9838)
(-1.4317)
G1(-0.6087)
(-0.2075)
(0.1330)
G2(0.0537)
(0.2038)
(0.1788)
G3(0.6694)
(-0.0027)
(0.2214)
G4(0.0670)
(0.0905)
(0.0378)
A1(1.2981)
(11.8601)
(0.9580)
A2(2.5809)
(8.9112)
(-0.0048)
A3(0.9720)
(8.9160)
(-4.0366)
A4(11.3916)
(19.6229)
(-4.8267)
G1(-0.1580)
(-0.0133)
(-0.3171)
G2(-0.0463)
(-0.4145)
(0.1421)
G3(0.1495)
(0.1394)
(0.0442)
G4(1.6155)
(1.8145)
(-1.4915)
A1(0.5940)
(9.7429)
(1.6478)
A2(5.1619)
(7.3885)
(2.4660)
A3(3.8882)
(7.1491)
(-5.8371)
A4(0.1484)
(23.5973)
(-17.1568)
G1(-0.4587)
(-1.1962)
(-1.0264)
G2(-2.9410)
(-0.4305)
(0.0293)
G3(-0.1570)
(-0.1149)
(-0.0357)
G4(2.5472)
(1.4729)
(2.5983)
A1(0.9053)
(11.9703)
(3.3722)
A2(8.5712)
(8.8202)
(11.3246)
A3(1.6137)
(8.5234)
(-6.6559)
A4(1.9537)
(-3.2274)
(-5.4300)
G1(0.5161)
(-1.5564)
(-0.8280)
G2(-4.6054)
(-1.3127)
(2.7111)
G3(-0.5215)
(-2.1582)
(0.4496)
G4(1.5735)
(4.4607)
(5.1849)
A1(0.5365)
(6.3085)
(6.9408)
A2(9.3757)
(7.3263)
(6.4548)
A3(3.2370)
(7.2353)
(-4.1515)
A4(3.5817)
(-12.0045)
(-4.1851)
G1(1.1749)
(0.0261)
(-0.0846)
G2(-2.6898)
(-4.1335)
(3.4108)
G3(-1.4181)
(-2.2876)
(0.1740)
G4(0.0633)
(3.9637)
(4.1553)
A1(-13.5750)
(7.8413)
(6.6725)
A2(4.0989)
(3.2753)
(2.7773)
A3(0.4310)
(10.9080)
(3.3662)
A4(24.0761)
(100.4846)
(8.5952)
G1(-0.6321)
(-0.3730)
(0.2416)
G2(1.4048)
(-3.2725)
(2.4046)
G3(-0.9381)
(-1.4154)
(-0.4017)
G4(-4.1936)
(-6.2438)
(6.7632)
A1(-1.4035)
(10.0878)
(2.7016)
A2(36.9282)
(8.6239)
(1.4844)
A3(5.4588)
(8.3989)
(-2.1452)
A4(9.8019)
(1.5754)
(-6.9480)
G1(0.3336)
(0.6891)
(0.2027)
G2(2.6638)
(-9.6738)
(3.5758)
G3(-0.0788)
(-0.8844)
(0.6476)
G4(-0.5651)
(-0.0101)
(-2.4594)
A1(-1.3508)
(9.6184)
(1.0969)
A2(75.7382)
(24.4783)
(-17.9517)
A3(0.8332)
(9.0166)
(-3.3471)
A4(6.2010)
(-4.1755)
(-4.7501)
G1(0.2698)
(0.7035)
(0.1772)
G2(0.0798)
(4.3282)
(1.5320)
G3(0.2969)
(1.0424)
(-0.0490)
G4(0.2065)
(-2.4078)
(-4.6475)
A1(-2.0453)
(9.5849)
(1.1975)
A2(1.5323)
(1.7047)
(6.4643)
A3(1.1013)
(9.5385)
(-2.4708)
A4(3.6009)
(3.3184)
(-6.4308)
G1(0.4619)
(0.2059)
(0.3549)
G2(-1.6895)
(2.2987)
(-1.1424)
G3(0.3512)
(0.5279)
(0.1490)
G4(0.0245)
(-2.7058)
(-4.0659)
A1(1.7532)
(10.3225)
(-2.5196)
A2(6.0765)
(2.8922)
(3.0694)
A3(2.3320)
(8.4898)
(-4.0366)
A4(6.5936)
(8.1211)
(-10.6159)
G1(0.5598)
(0.5454)
(-0.1570)
G2(0.1921)
(-1.5527)
(-2.1822)
G3(0.2661)
(0.6125)
(-0.0851)
G4(0.0090)
(-2.2673)
(-0.6236)
A1(-3.7075)
(9.7286)
(-1.1544)
A2(10.3765)
(7.4795)
(3.1987)
A3(3.2322)
(7.9057)
(-2.9975)
A4(6.2489)
(10.9702)
(-8.7867)
G1(0.8801)
(0.0341)
(-0.1160)
G2(1.6464)
(3.3161)
(-3.3502)
G3(-0.0564)
(1.2542)
(-0.2118)
G4(-0.8285)
(-1.6293)
(-0.1586)
A1(-1.3316)
(8.6029)
(-0.6610)
A2(5.8466)
(9.1123)
(2.3511)
A3(3.3375)
(9.3230)
(-2.0446)
A4(3.3279)
(14.0061)
(-0.4788)
G1(0.4369)
(0.7497)
(-0.2735)
G2(1.8502)
(-1.2366)
(-1.5990)
G3(-0.3304)
(0.6800)
(-0.1325)
G4(-0.4438)
(0.3161)
(-0.1171)
A1(-0.8670)
(9.9489)
(-1.4274)
A2(4.3622)
(8.6574)
(2.5857)
A3(2.8252)
(9.1698)
(-1.2929)
A4(2.9449)
(9.5912)
(-3.8499)
G1(0.2778)
(0.7625)
(-0.0851)
G2(1.7272)
(1.6405)
(-1.1946)
G3(-0.1368)
(0.8801)
(-0.1543)
G4(-0.3868)
(0.4108)
(-0.0090)
A1(-1.2023)
(10.0687)
(-2.2657)
A2(3.6200)
(9.4715)
(1.3551)
A3(2.0159)
(9.2464)
(-2.0255)
A4(-0.4884)
(9.3757)
(-2.9592)
G1(-0.3714)
(1.1749)
(0.0596)
G2(0.6343)
(0.8764)
(-0.3113)
G3(-0.1203)
(0.2421)
(-0.1027)
G4(-0.3661)
(0.0963)
(-0.3331)
A1(-1.2454)
(9.2208)
(-2.1411)
A2(2.3607)
(9.1411)
(-1.0582)
A3(1.2402)
(9.3805)
(-2.3846)
A4(-0.0718)
(9.6486)
(-3.2561)
G1(-0.3134)
(0.1873)
(-0.1075)
G2(0.6651)
(0.1703)
(-0.3347)
G3(0.1916)
(0.0830)
(-0.2464)
G4(-0.1708)
(-0.1538)
(-0.2283)
A1(-2.4046)
(8.9286)
(-0.9820)
A2(2.9640)
(9.7061)
(-0.9098)
A3(1.1444)
(9.2177)
(-2.3607)
A4(-0.0958)
(9.3230)
(-3.4907)
G1(0.5587)
(-0.2666)
(-0.4081)
G2(0.4289)
(0.4337)
(-0.1112)
G3(0.1314)
(-0.1235)
(-0.2395)
G4(-0.1564)
(-0.0942)
(-0.2368)
