A1(-0.7808)
(8.6987)
(-1.4466)
A2(2.1548)
(9.4092)
(-0.3974)
A3(1.6185)
(9.0740)
(-2.9497)
A4(0.6369)
(9.1746)
(-3.9648)
G1(-0.0990)
(0.0654)
(0.0788)
G2(-0.0112)
(0.2687)
(-0.0192)
G3(-0.0255)
(0.1910)
(-0.0341)
G4(-0.0921)
(0.0623)
(0.0239)
A1(-1.6526)
(9.1825)
(-0.9867)
A2(2.3128)
(9.2751)
(-0.2682)
A3(1.5131)
(9.3230)
(-2.2936)
A4(1.0104)
(9.3278)
(-3.4620)
G1(-0.3533)
(0.0798)
(0.1570)
G2(-0.0059)
(0.0016)
(0.0367)
G3(-0.0245)
(0.0388)
(0.0090)
G4(-0.0277)
(0.0724)
(-0.0250)
A1(-1.2837)
(9.0580)
(-0.1964)
A2(1.8292)
(9.3613)
(-0.0766)
A3(1.2019)
(9.4523)
(-1.7430)
A4(0.8954)
(9.0453)
(-4.1946)
G1(-0.6013)
(0.3092)
(0.1905)
G2(0.0005)
(0.1415)
(0.0144)
G3(0.2719)
(-0.0415)
(0.0399)
G4(-0.0160)
(0.0559)
(0.0426)
A1(-0.5221)
(9.3693)
(0.3161)
A2(2.2075)
(9.1506)
(0.1389)
A3(1.0534)
(9.1315)
(-2.4708)
A4(1.3838)
(9.1650)
(-3.8978)
G1(-0.6854)
(0.2379)
(0.1501)
G2(0.0362)
(0.1490)
(0.0692)
G3(0.5821)
(0.0915)
(0.0958)
G4(-0.0761)
(-0.1043)
(0.0170)
A1(0.5317)
(9.8819)
(-1.1927)
A2(2.6193)
(9.4763)
(-0.2155)
A3(1.9441)
(8.3414)
(-4.2904)
A4(-0.5602)
(11.6215)
(2.2697)
G1(-0.5060)
(-0.5332)
(0.1607)
G2(0.2091)
(0.1767)
(0.1841)
G3(0.6343)
(-0.1421)
(0.2469)
G4(0.4166)
(-0.1160)
(-0.2134)
A1(0.4215)
(10.4758)
(-2.3136)
A2(2.8395)
(9.0309)
(-0.2538)
A3(2.4373)
(8.2887)
(-4.7118)
A4(6.6128)
(13.4410)
(0.7374)
G1(-0.5561)
(-0.3209)
(-0.0059)
G2(0.2969)
(-0.1208)
(0.2267)
G3(0.5582)
(-0.0639)
(0.1660)
G4(1.0765)
(0.7242)
(-0.6199)
A1(-2.5483)
(6.7108)
(-3.0608)
A2(3.6152)
(8.9064)
(-0.6033)
A3(3.6296)
(6.6942)
(-7.9487)
A4(6.8043)
(17.5591)
(-11.4156)
G1(0.1389)
(-1.3947)
(-0.2011)
G2(-1.0206)
(-0.1453)
(0.0415)
G3(0.0490)
(-0.0293)
(-0.1224)
G4(0.5789)
(1.1738)
(-0.2639)
A1(9.9729)
(14.4899)
(7.9994)
A2(11.6167)
(13.7331)
(2.5331)
A3(-1.5083)
(11.2384)
(-1.6185)
A4(-4.0654)
(1.5371)
(-14.0204)
G1(-0.3379)
(-2.6281)
(-0.5396)
G2(-3.9722)
(-1.4042)
(0.8328)
G3(-0.7157)
(-0.6141)
(0.1277)
G4(1.6666)
(0.5795)
(2.9202)
A1(-7.2377)
(12.8708)
(-0.1054)
A2(3.8595)
(10.8409)
(10.1514)
A3(2.4804)
(8.7963)
(-5.3391)
A4(2.9066)
(-4.0606)
(-5.7461)
G1(0.9653)
(-3.8568)
(-0.3012)
G2(-4.4075)
(-2.2609)
(3.8397)
G3(-0.5678)
(-2.0061)
(0.2027)
G4(3.2145)
(3.9749)
(6.1475)
A1(3.0034)
(7.2042)
(3.3578)
A2(12.3493)
(3.0742)
(6.0238)
A3(2.7246)
(5.9711)
(-3.4189)
A4(1.8818)
(-11.8944)
(-0.7135)
G1(1.4042)
(-1.6176)
(0.0208)
G2(-3.5923)
(-4.1473)
(2.5733)
G3(-1.5463)
(-1.5878)
(0.0144)
G4(0.5177)
(2.5446)
(4.2840)
A1(-16.4442)
(4.5745)
(4.9673)
A2(4.1037)
(4.6831)
(2.7102)
A3(-1.0056)
(10.8409)
(3.9792)
A4(16.7881)
(75.7908)
(-12.2631)
G1(-0.3884)
(0.9759)
(0.4023)
G2(1.6448)
(-3.7690)
(2.4706)
G3(-1.3643)
(-2.4594)
(-0.2033)
G4(1.1318)
(-5.8139)
(4.3729)
A1(-1.6813)
(10.3082)
(3.0417)
A2(1.6664)
(9.2368)
(-7.0294)
A3(-13.8145)
(10.8457)
(-6.7469)
A4(9.7109)
(0.2203)
(-1.0965)
G1(0.1101)
(-0.6641)
(0.2522)
G2(5.3568)
(-2.0220)
(0.5140)
G3(0.6588)
(2.2035)
(-0.3618)
G4(0.5587)
(-2.5520)
(-0.6391)
A1(-0.3066)
(9.4507)
(2.9650)
A2(-10.9750)
(-7.4029)
(19.2207)
A3(1.1205)
(10.1897)
(0.7230)
A4(6.9480)
(2.3272)
(-7.3119)
G1(0.1724)
(1.2286)
(0.1117)
G2(-4.4171)
(9.0246)
(-3.0155)
G3(0.1293)
(0.9881)
(0.0761)
G4(-0.9658)
(2.6217)
(-4.7002)
A1(-1.4610)
(10.0399)
(1.2694)
A2(-4.8650)
(-4.5442)
(6.0190)
A3(0.1389)
(9.7588)
(-1.3886)
A4(4.4676)
(2.6719)
(-7.7716)
G1(0.2820)
(-0.1054)
(0.3198)
G2(-2.2226)
(-2.6744)
(-1.0169)
G3(0.4299)
(0.9355)
(0.1011)
G4(-1.5469)
(-0.8072)
(-4.2734)
A1(0.3257)
(9.2448)
(2.0166)
A2(14.9111)
(5.1619)
(-0.3112)
A3(0.6081)
(8.7293)
(-2.5331)
A4(4.4772)
(3.7876)
(-10.1323)
G1(0.1884)
(1.4367)
(0.5486)
G2(-0.8727)
(4.5602)
(-2.0806)
G3(0.6321)
(1.4926)
(-0.1000)
G4(-1.2462)
(-1.8831)
(-2.9974)
A1(-2.4381)
(9.5561)
(1.9160)
A2(9.4523)
(3.8738)
(-1.6328)
A3(2.7054)
(9.1698)
(-0.5938)
A4(5.5162)
(8.2408)
(-8.7915)
G1(0.1463)
(0.8546)
(0.3570)
G2(0.6737)
(0.7992)
(-2.2120)
G3(0.8312)
(3.0639)
(-0.6039)
G4(-0.9557)
(-2.1827)
(-2.1556)
A1(2.8980)
(11.7452)
(1.4035)
A2(5.0901)
(7.6950)
(4.1324)
A3(-0.0431)
(8.2791)
(-6.1004)
A4(8.3414)
(8.4324)
(-9.9359)
G1(0.4113)
(0.5699)
(0.1799)
G2(0.2309)
(2.0955)
(-2.7430)
G3(0.2123)
(0.4683)
(0.1091)
G4(-0.8759)
(-1.7581)
(-1.1845)
A1(-2.3280)
(9.1298)
(-0.6562)
A2(9.3613)
(7.2496)
(3.7014)
A3(3.9265)
(8.4659)
(-5.0949)
A4(4.1515)
(8.9735)
(-7.6279)
G1(1.0770)
(-0.7295)
(-0.3634)
G2(0.6880)
(-0.0564)
(-2.3104)
G3(0.1979)
(0.6295)
(-0.0894)
G4(-1.1020)
(-0.3246)
(-0.7870)
A1(2.1699)
(10.6914)
(0.6658)
A2(4.7740)
(10.4387)
(3.2417)
A3(3.9409)
(8.3175)
(-3.5099)
A4(2.0351)
(10.7931)
(-3.5291)
G1(0.0341)
(0.9232)
(0.1463)
G2(1.5128)
(0.2708)
(-1.5766)
G3(-0.2384)
(0.2852)
(-0.0452)
G4(-0.8280)
(0.2198)
(-0.2943)
A1(-0.2156)
(8.2772)
(0.5125)
A2(4.4149)
(8.7101)
(3.1651)
A3(2.9928)
(8.7580)
(-2.4325)
A4(2.9401)
(9.8114)
(-3.1125)
G1(1.1036)
(0.7758)
(0.1309)
G2(1.4963)
(1.9060)
(-0.6912)
G3(-0.1596)
(0.2746)
(-0.0623)
G4(-0.4321)
(0.8109)
(-0.3986)
