A1(-2.5627)
(11.8793)
(4.9194)
A2(-0.3735)
(8.3989)
(0.2346)
A3(-5.7892)
(11.1953)
(-0.9912)
A4(-1.9920)
(9.4715)
(-5.9568)
G1(-1.9981)
(1.8140)
(-0.6737)
G2(-1.0137)
(0.5247)
(0.1548)
G3(0.6173)
(1.6293)
(-0.6412)
G4(-0.1080)
(0.3379)
(-0.0617)
A1(-9.9250)
(11.1225)
(6.2271)
A2(-0.1628)
(9.7971)
(-0.7135)
A3(-1.9441)
(12.6270)
(-8.1930)
A4(-0.8715)
(9.5241)
(-3.9313)
G1(-1.6767)
(2.9123)
(-2.1199)
G2(-0.8801)
(0.8822)
(0.6247)
G3(1.9326)
(1.3053)
(-1.9507)
G4(-0.3613)
(0.9541)
(-0.0255)
A1(-8.0712)
(12.7223)
(-0.7520)
A2(-2.1117)
(9.0549)
(3.3279)
A3(-9.0644)
(7.1491)
(-11.2623)
A4(-0.3639)
(9.2081)
(-6.3542)
G1(1.3164)
(3.4353)
(-2.8415)
G2(-0.2655)
(0.4997)
(0.4938)
G3(4.3495)
(-1.2265)
(-2.8543)
G4(-0.6529)
(0.8987)
(0.1378)
A1(-8.0856)
(8.0185)
(0.3497)
A2(-0.7039)
(10.2520)
(2.9209)
A3(-5.8035)
(-5.2912)
(-12.6318)
A4(-0.2969)
(8.4563)
(-4.1611)
G1(3.2789)
(2.8894)
(-2.4206)
G2(-0.2059)
(1.6714)
(0.3964)
G3(4.9263)
(-2.1237)
(-5.3584)
G4(-0.9945)
(0.5667)
(0.1176)
A1(-6.5815)
(8.9957)
(0.4167)
A2(-0.5890)
(11.4395)
(1.8627)
A3(-6.4212)
(-10.5105)
(-7.4747)
A4(-1.0008)
(10.9415)
(2.1548)
G1(6.0746)
(0.2331)
(-2.6276)
G2(-0.3171)
(1.0451)
(0.1501)
G3(2.9080)
(-2.9224)
(-2.8883)
G4(-0.2107)
(1.4415)
(0.4645)
A1(10.9596)
(-3.9518)
(11.2614)
A2(-1.3024)
(7.9200)
(6.2632)
A3(-3.9265)
(3.1173)
(-10.8074)
A4(15.9597)
(6.7708)
(-4.4819)
G1(-2.8010)
(-4.2212)
(1.9236)
G2(-0.0772)
(0.5353)
(-0.2703)
G3(-0.4810)
(1.9129)
(-2.6834)
G4(-0.1075)
(0.2410)
(-0.3219)
A1(1.1209)
(-0.4694)
(0.8143)
A2(8.6191)
(9.1315)
(1.6951)
A3(-25.5509)
(-14.0540)
(-8.6143)
A4(1.2210)
(9.7731)
(-1.0918)
G1(-2.5456)
(6.3050)
(1.6692)
G2(-0.3352)
(0.1602)
(-0.4337)
G3(-0.1437)
(-7.2644)
(2.4541)
G4(0.5486)
(1.8305)
(-0.5060)
A1(-17.4070)
(5.1158)
(-2.0406)
A2(-4.7070)
(8.7867)
(3.4237)
A3(-1.7765)
(-0.4262)
(-3.7637)
A4(1.6424)
(9.5098)
(-3.0502)
G1(-1.5607)
(-5.8133)
(0.8248)
G2(0.9104)
(2.0385)
(0.1607)
G3(-0.5662)
(-0.8908)
(1.5346)
G4(0.4092)
(0.8567)
(-0.3161)
A1(-14.2456)
(3.7554)
(-1.3939)
A2(2.3894)
(11.1426)
(2.0590)
A3(-6.8043)
(-2.9975)
(-2.9544)
A4(-0.0479)
(9.8689)
(-3.7972)
G1(-0.4150)
(1.8560)
(1.4665)
G2(-0.0197)
(1.4809)
(-0.0894)
G3(-2.2753)
(-1.6490)
(3.6945)
G4(0.3219)
(1.1967)
(-0.3155)
A1(-6.9935)
(5.2834)
(0.7472)
A2(-2.6624)
(8.5042)
(2.1835)
A3(-8.9064)
(-2.7581)
(-4.5203)
A4(-0.7566)
(9.9455)
(-2.5905)
G1(-0.4060)
(-1.5910)
(0.6476)
G2(0.1070)
(0.0388)
(0.0144)
G3(-1.5527)
(0.6902)
(2.0077)
G4(0.1474)
(0.4869)
(-0.2442)
A1(-10.8303)
(3.5207)
(-1.6765)
A2(0.7518)
(9.0788)
(1.4940)
A3(-9.7444)
(-2.9975)
(-4.7788)
A4(0.0192)
(9.2847)
(-3.2561)
G1(-0.3656)
(0.6274)
(0.4331)
G2(0.2948)
(0.6290)
(-0.0404)
G3(-0.1857)
(0.6353)
(-0.1107)
G4(-0.0074)
(0.9206)
(-0.2708)
A1(-5.5804)
(4.3829)
(1.3604)
A2(-0.3496)
(11.0085)
(2.1596)
A3(-8.0637)
(-1.2067)
(-4.9560)
A4(3.6200)
(9.5385)
(-1.8340)
G1(0.1123)
(-0.8210)
(0.6784)
G2(0.0383)
(0.9067)
(-0.0351)
G3(-0.1368)
(0.4550)
(0.0814)
G4(-0.2384)
(-0.9014)
(0.2208)
A1(-7.2042)
(4.6703)
(-0.0479)
A2(0.7087)
(9.0932)
(1.8196)
A3(-6.7373)
(-1.6185)
(-4.8650)
A4(1.4653)
(9.5768)
(-2.5139)
G1(-0.2299)
(-1.3468)
(0.8493)
G2(0.0889)
(0.5491)
(-0.3166)
G3(-0.3379)
(0.4603)
(0.4103)
G4(-0.2996)
(-1.1025)
(0.2410)
A1(-5.3313)
(5.5660)
(2.0358)
A2(1.1444)
(8.7197)
(1.3120)
A3(-5.5354)
(0.0383)
(-5.0135)
A4(2.9544)
(8.8298)
(-0.8954)
G1(-0.2033)
(-0.4220)
(1.3537)
G2(0.4315)
(-0.8695)
(-0.3203)
G3(-0.8556)
(0.8599)
(1.1664)
G4(-0.3129)
(-2.4876)
(0.3805)
A1(-8.1814)
(7.6689)
(0.5413)
A2(1.0391)
(8.9591)
(2.0446)
A3(-5.1619)
(1.0439)
(-5.8035)
A4(-0.2155)
(8.9256)
(-2.5139)
G1(0.8636)
(-1.2664)
(1.5772)
G2(0.4411)
(-0.9610)
(-0.1575)
G3(-1.3436)
(1.2984)
(1.8081)
G4(0.2320)
(-0.0016)
(-0.1250)
A1(-4.3541)
(9.2304)
(3.7267)
A2(0.6177)
(10.0748)
(1.4844)
A3(-3.5243)
(5.4061)
(-5.9759)
A4(2.6001)
(8.2935)
(-5.0613)
G1(0.8892)
(-0.8003)
(1.3191)
G2(0.1256)
(-2.3482)
(-0.2001)
G3(-1.7091)
(0.9621)
(1.9098)
G4(-0.2575)
(0.0756)
(-0.2927)
A1(-5.1685)
(9.2735)
(3.5159)
A2(-1.5371)
(10.1801)
(0.3974)
A3(-4.0845)
(8.1834)
(-6.7947)
A4(0.8859)
(10.3573)
(0.6129)
G1(0.7008)
(-0.4906)
(1.4314)
G2(0.1846)
(-0.1990)
(-0.0122)
G3(-1.4591)
(0.7471)
(1.7469)
G4(-0.1979)
(-0.7279)
(0.0096)
A1(-4.1146)
(9.8340)
(2.3854)
A2(0.4549)
(9.2368)
(-0.5124)
A3(-5.4061)
(9.1889)
(-6.1196)
A4(-0.7518)
(9.9120)
(-2.7533)
G1(0.8147)
(-1.3883)
(1.0429)
G2(0.8679)
(0.7593)
(-0.1410)
G3(-1.4793)
(0.5465)
(1.7416)
G4(-0.1048)
(-0.7944)
(-0.0692)
A1(-3.8560)
(8.7227)
(2.3519)
A2(-0.9864)
(9.7971)
(1.7334)
A3(-4.5203)
(10.3382)
(-4.4197)
A4(-0.0814)
(9.4715)
(-2.6432)
G1(0.6199)
(-0.8333)
(0.4858)
G2(-0.2985)
(-2.0476)
(-0.0686)
G3(-0.9844)
(-0.1064)
(1.0472)
G4(0.0144)
(-0.2086)
(-0.0569)
A1(-2.4812)
(10.1932)
(2.6345)
A2(-0.6464)
(9.5912)
(0.5555)
A3(-3.9504)
(9.6055)
(-3.3567)
A4(0.2155)
(9.6726)
(-2.5618)
G1(1.0435)
(-0.6689)
(-0.0112)
G2(0.2176)
(0.4842)
(-0.1144)
G3(-0.5518)
(-0.0005)
(0.2086)
G4(-0.0500)
(-0.5678)
(0.0138)
