A1(-1.0921)
(9.2208)
(-2.4908)
A2(2.2027)
(9.3805)
(0.1293)
A3(1.8579)
(9.0549)
(-2.6624)
A4(0.7039)
(9.0022)
(-4.5059)
G1(-0.5976)
(0.1362)
(0.1676)
G2(0.0138)
(0.1261)
(-0.0309)
G3(-0.0223)
(0.2017)
(-0.0623)
G4(-0.1070)
(0.0048)
(0.0192)
A1(-0.4934)
(9.0963)
(-1.5663)
A2(2.2314)
(9.3805)
(-0.1053)
A3(1.7430)
(9.2703)
(-2.2218)
A4(0.5746)
(9.2943)
(-3.4572)
G1(-0.5901)
(-0.1735)
(0.0415)
G2(0.0000)
(-0.0436)
(-0.0032)
G3(0.0112)
(0.1612)
(-0.0415)
G4(0.0080)
(-0.2347)
(-0.0649)
A1(-0.3161)
(10.8255)
(-0.0096)
A2(2.5283)
(9.5960)
(0.1437)
A3(1.2354)
(9.5960)
(-0.9768)
A4(2.0830)
(10.7978)
(-2.0590)
G1(-0.9115)
(-0.8434)
(0.0825)
G2(0.2682)
(-0.7423)
(0.1086)
G3(0.5896)
(-0.5731)
(0.1772)
G4(0.8210)
(-0.2304)
(-0.1548)
A1(-1.0730)
(11.5871)
(-0.5988)
A2(2.7150)
(8.1499)
(0.5411)
A3(3.0885)
(7.7189)
(-5.3343)
A4(10.6734)
(23.8798)
(-0.5650)
G1(-0.3507)
(-0.4353)
(-0.4922)
G2(-0.6864)
(-0.4938)
(0.0889)
G3(0.4188)
(-0.0165)
(0.0341)
G4(1.2531)
(0.8083)
(-0.7136)
A1(3.2381)
(10.7201)
(4.3398)
A2(6.2680)
(12.3780)
(2.0925)
A3(2.3990)
(7.5800)
(-6.3063)
A4(0.5315)
(20.1448)
(-14.9494)
G1(-0.1064)
(-1.0546)
(-0.7630)
G2(-2.2040)
(-0.8705)
(0.4667)
G3(-0.1368)
(-0.2900)
(-0.1059)
G4(2.5499)
(1.2329)
(3.2932)
A1(-1.3077)
(10.3800)
(-1.7100)
A2(5.6934)
(6.1962)
(7.3454)
A3(4.3000)
(8.4946)
(-3.5386)
A4(5.2529)
(-0.0383)
(-11.7460)
G1(-0.6439)
(-3.0479)
(-0.5896)
G2(-4.0967)
(-2.1226)
(3.1501)
G3(-0.3129)
(-1.7187)
(0.2788)
G4(3.1810)
(2.5946)
(6.1017)
A1(0.6898)
(8.3251)
(5.4175)
A2(8.8250)
(5.7892)
(4.8411)
A3(1.1588)
(8.8921)
(-4.5346)
A4(7.5753)
(-7.2209)
(-2.7821)
G1(0.5757)
(-0.3379)
(0.2868)
G2(-2.7393)
(-4.4197)
(2.6797)
G3(-0.7636)
(-0.4885)
(-0.4576)
G4(0.4076)
(4.0637)
(4.1319)
A1(-6.3708)
(6.5097)
(4.1961)
A2(4.4388)
(4.3096)
(2.1308)
A3(0.4405)
(10.1179)
(-0.1006)
A4(-0.9433)
(-11.5879)
(-8.1738)
G1(0.1133)
(-0.0702)
(-0.3555)
G2(-0.3299)
(-3.6290)
(2.4871)
G3(-0.7785)
(-1.4644)
(-0.4683)
G4(-1.4149)
(-0.4608)
(1.5085)
A1(3.3291)
(12.9714)
(0.3305)
A2(7.0868)
(1.9106)
(2.8491)
A3(-6.3303)
(11.7364)
(3.2705)
A4(23.3578)
(-23.0514)
(-4.6017)
G1(-0.6444)
(0.0341)
(-0.4299)
G2(3.2156)
(-3.0730)
(1.3787)
G3(0.1117)
(-0.1469)
(-0.2458)
G4(-0.5114)
(1.0020)
(-1.6277)
A1(-2.3950)
(7.6689)
(4.0907)
A2(12.6031)
(-1.7478)
(1.0822)
A3(8.9447)
(6.1483)
(-8.7101)
A4(9.6343)
(1.6472)
(-4.1946)
G1(0.6306)
(0.7396)
(0.2107)
G2(1.4952)
(-4.9822)
(0.1900)
G3(-0.1830)
(-0.5662)
(0.7013)
G4(0.7040)
(0.7891)
(-1.2361)
A1(-0.9915)
(9.7956)
(1.7532)
A2(-0.6273)
(-1.6376)
(3.7110)
A3(-1.4653)
(10.1227)
(-1.7669)
A4(4.1084)
(0.2442)
(-5.4923)
G1(0.3810)
(0.3852)
(0.5949)
G2(-2.2599)
(-4.4437)
(-0.1123)
G3(0.3288)
(1.0190)
(0.1985)
G4(-0.6093)
(-1.2829)
(-3.1427)
A1(2.5914)
(10.0160)
(1.1113)
A2(11.1809)
(0.5315)
(0.2298)
A3(1.4748)
(8.5281)
(-6.3494)
A4(3.5578)
(1.7765)
(-6.5170)
G1(0.3054)
(0.6401)
(0.0186)
G2(-1.0568)
(4.3436)
(-1.6549)
G3(0.5034)
(1.6629)
(-0.1197)
G4(-0.7918)
(-1.4149)
(-3.5306)
A1(-6.6534)
(9.7525)
(-2.9028)
A2(7.0485)
(0.1676)
(2.1213)
A3(3.7685)
(9.0118)
(-1.2163)
A4(9.5960)
(5.9903)
(-8.8250)
G1(-0.2261)
(-0.1660)
(-0.0271)
G2(0.0883)
(-0.5396)
(-1.6575)
G3(0.0628)
(0.2863)
(0.1596)
G4(0.2033)
(-2.6345)
(-0.3416)
A1(0.0431)
(10.0447)
(0.5604)
A2(8.9495)
(5.0613)
(2.2553)
A3(2.4517)
(8.9687)
(-2.9018)
A4(5.9903)
(7.8961)
(-9.2560)
G1(0.3427)
(0.0756)
(0.2884)
G2(0.6774)
(3.1304)
(-2.7542)
G3(0.1671)
(0.5092)
(0.0239)
G4(-0.9088)
(-1.3133)
(-1.3686)
A1(-0.4934)
(9.9345)
(0.3928)
A2(5.8993)
(8.8059)
(3.4716)
A3(1.8531)
(8.8538)
(-2.3942)
A4(3.8882)
(10.1083)
(-6.8714)
G1(0.2208)
(0.7380)
(-0.0846)
G2(1.1424)
(-0.2139)
(-2.4291)
G3(0.0117)
(0.7035)
(-0.1123)
G4(-0.7184)
(-0.5853)
(-0.6412)
A1(-0.6467)
(9.8387)
(-1.7532)
A2(6.0238)
(8.2983)
(2.2793)
A3(2.3367)
(8.7053)
(-3.4716)
A4(1.8771)
(8.9735)
(-5.4636)
G1(0.2943)
(0.9408)
(0.0484)
G2(1.6490)
(1.2036)
(-1.3457)
G3(-0.0750)
(0.7466)
(-0.1703)
G4(-1.2675)
(-0.2618)
(-0.1735)
A1(-0.8478)
(10.5333)
(-0.8430)
A2(3.9744)
(8.6814)
(2.6097)
A3(3.0502)
(9.0022)
(-2.5953)
A4(4.6304)
(9.4763)
(-6.0478)
G1(0.2815)
(0.4651)
(-0.2666)
G2(1.1653)
(0.2522)
(-1.0366)
G3(-0.2496)
(0.6008)
(-0.1463)
G4(-0.3294)
(1.1850)
(-0.5177)
A1(-0.3114)
(9.1346)
(-2.1028)
A2(3.8307)
(9.3565)
(1.8148)
A3(2.6815)
(8.8202)
(-2.3080)
A4(-0.3160)
(10.1418)
(-3.8738)
G1(0.1852)
(-0.0495)
(-0.3390)
G2(1.0020)
(0.8125)
(-0.7955)
G3(-0.1453)
(0.5225)
(-0.1485)
G4(-0.5731)
(0.3038)
(-0.0234)
A1(-1.6574)
(9.4268)
(-1.3508)
A2(3.7685)
(10.0796)
(0.0431)
A3(0.7901)
(9.4284)
(-2.4181)
A4(0.5602)
(10.0940)
(-0.8092)
G1(0.0665)
(-0.1751)
(-0.0532)
G2(1.1345)
(0.8099)
(-0.1554)
G3(-0.0053)
(-0.1197)
(-0.2453)
G4(-0.1272)
(-1.0531)
(0.1187)
A1(-1.5616)
(9.6807)
(0.7520)
A2(3.2896)
(10.0030)
(0.6081)
A3(-0.0287)
(9.7157)
(-2.2410)
A4(-0.1820)
(8.9639)
(-4.3191)
G1(0.6518)
(0.1250)
(-0.1426)
G2(0.4507)
(-0.2033)
(-0.1990)
G3(0.0974)
(-0.3879)
(-0.1809)
G4(-0.1075)
(0.0255)
(-0.2336)
