A1(-9.9393)
(13.6899)
(5.6570)
A2(0.1484)
(8.3941)
(0.7661)
A3(-2.6767)
(13.1346)
(0.8667)
A4(0.3017)
(9.0118)
(-6.2249)
G1(-3.1304)
(0.5444)
(-0.6173)
G2(-0.9727)
(0.5481)
(0.4294)
G3(1.3164)
(0.2022)
(0.0250)
G4(-0.1325)
(0.3108)
(-0.2943)
A1(-9.5418)
(8.5550)
(8.9095)
A2(1.4796)
(11.5975)
(-0.3926)
A3(-7.1443)
(8.8346)
(-8.1738)
A4(-2.3320)
(9.1746)
(-5.9424)
G1(-2.7095)
(3.1937)
(-1.5915)
G2(-0.7455)
(1.5458)
(0.7375)
G3(1.6442)
(0.7391)
(-1.4117)
G4(-0.5890)
(0.4965)
(0.0250)
A1(-8.6604)
(9.4843)
(1.0299)
A2(-1.0056)
(12.7228)
(5.1523)
A3(-9.5912)
(8.6766)
(-10.7356)
A4(0.8619)
(8.9543)
(-5.3439)
G1(-0.0952)
(1.9369)
(-2.9346)
G2(0.0676)
(-0.9168)
(0.7460)
G3(3.2416)
(-2.3030)
(-1.8592)
G4(-0.6002)
(1.2052)
(-0.0814)
A1(-4.6176)
(6.1552)
(-0.5221)
A2(0.7183)
(8.8442)
(3.4764)
A3(-5.9855)
(-9.9120)
(-7.9918)
A4(-0.5555)
(9.0070)
(-1.8052)
G1(1.9837)
(5.8250)
(-2.9240)
G2(-0.3533)
(2.8952)
(0.0921)
G3(3.7759)
(-5.4946)
(-4.0919)
G4(-0.9488)
(0.1064)
(0.5486)
A1(-2.9698)
(7.8652)
(0.6035)
A2(3.5578)
(10.2663)
(0.7566)
A3(-6.4356)
(-8.3031)
(-7.1108)
A4(2.8347)
(8.4420)
(-2.8730)
G1(5.5090)
(0.1293)
(-1.6581)
G2(0.5103)
(2.3466)
(0.6768)
G3(0.9551)
(-5.7644)
(-3.4316)
G4(-0.5502)
(0.6774)
(0.3049)
A1(1.1113)
(7.4150)
(17.7950)
A2(4.1563)
(7.7668)
(1.0870)
A3(-15.3133)
(3.2370)
(-6.9240)
A4(14.7674)
(5.9280)
(-1.4844)
G1(-0.3448)
(-1.2675)
(0.7891)
G2(0.4209)
(-0.2884)
(0.0729)
G3(-1.6847)
(2.6207)
(-4.6400)
G4(-0.2873)
(-0.3421)
(0.1479)
A1(-7.9563)
(0.0479)
(0.6419)
A2(2.7725)
(7.8338)
(2.6624)
A3(-15.3468)
(-6.7133)
(4.3670)
A4(-1.5419)
(9.8737)
(-3.2465)
G1(-1.9917)
(0.3991)
(0.7721)
G2(0.2410)
(-0.3288)
(-0.0995)
G3(-0.3262)
(-1.0743)
(2.0199)
G4(0.2480)
(0.7950)
(-0.1623)
A1(-6.9791)
(-0.3305)
(0.4982)
A2(2.6576)
(14.6956)
(3.2370)
A3(-3.9361)
(1.1779)
(-4.6448)
A4(-0.4884)
(9.0980)
(-2.8443)
G1(-2.1072)
(-4.4788)
(1.6033)
G2(-0.1282)
(-0.6465)
(0.4443)
G3(-0.9663)
(-1.1132)
(1.3340)
G4(-0.1272)
(-1.4090)
(-0.1298)
A1(-10.8207)
(3.2045)
(-1.9687)
A2(7.7381)
(8.6431)
(1.7430)
A3(-2.0782)
(-2.8012)
(-1.3551)
A4(2.1117)
(9.5577)
(-2.9880)
G1(-0.2070)
(-0.5875)
(2.2131)
G2(-0.0128)
(-0.8700)
(-0.4922)
G3(0.7508)
(1.2090)
(3.5189)
G4(0.2623)
(-0.5699)
(-0.1761)
A1(-7.8413)
(5.3361)
(0.0431)
A2(2.8683)
(8.5665)
(3.3232)
A3(-4.6208)
(-4.3383)
(-4.1180)
A4(0.9337)
(8.9352)
(-4.4532)
G1(0.9897)
(-1.3468)
(2.2742)
G2(0.0053)
(-0.1192)
(-0.6024)
G3(-0.1415)
(3.5311)
(2.2317)
G4(0.2645)
(-0.2192)
(-0.3001)
A1(-6.2941)
(5.5181)
(3.9422)
A2(2.7533)
(9.6534)
(2.8874)
A3(-10.1275)
(-0.7805)
(-6.5601)
A4(-0.2203)
(8.9447)
(-3.9840)
G1(0.9158)
(-2.0343)
(2.4094)
G2(0.0309)
(-0.6971)
(-0.4736)
G3(-1.2026)
(2.3594)
(2.4637)
G4(0.1165)
(-0.5364)
(-0.0809)
A1(-8.6412)
(6.8977)
(3.6740)
A2(0.7374)
(10.0844)
(2.6480)
A3(-5.8131)
(2.5714)
(-8.0589)
A4(0.6416)
(8.8538)
(-4.9656)
G1(1.5782)
(-1.5793)
(1.6575)
G2(0.1772)
(-0.4715)
(-0.4342)
G3(-1.3947)
(2.0449)
(1.6261)
G4(0.1357)
(-0.5726)
(0.0660)
A1(-5.2116)
(8.8472)
(2.9123)
A2(2.3511)
(9.3134)
(2.0159)
A3(-5.2289)
(6.5218)
(-7.5561)
A4(0.2777)
(8.7388)
(-5.3151)
G1(0.9477)
(-0.4081)
(1.6277)
G2(0.2490)
(-0.5683)
(-0.1479)
G3(-2.0965)
(1.5751)
(1.9709)
G4(0.0479)
(-0.0915)
(0.0090)
A1(-5.5564)
(8.3203)
(5.1541)
A2(-1.8387)
(10.4387)
(0.8380)
A3(-4.3000)
(11.8369)
(-4.9273)
A4(-0.4741)
(9.4284)
(-4.4963)
G1(2.1247)
(-0.3693)
(0.3528)
G2(0.2528)
(-0.5161)
(-0.1352)
G3(-2.3855)
(0.3044)
(1.5213)
G4(0.3092)
(-0.2490)
(0.2176)
A1(-1.9304)
(12.0709)
(3.3913)
A2(1.9201)
(8.4707)
(0.0910)
A3(-0.7757)
(10.7452)
(-0.1293)
A4(1.1205)
(8.0972)
(-6.0956)
G1(0.3890)
(-2.2051)
(-0.4927)
G2(0.0399)
(-0.8939)
(0.0011)
G3(-1.6091)
(1.2233)
(0.3427)
G4(0.1447)
(0.0521)
(-0.0447)
A1(-2.7734)
(8.9478)
(-1.2406)
A2(-1.2258)
(10.4244)
(2.2075)
A3(-2.5714)
(14.5232)
(-7.7189)
A4(0.0527)
(7.8817)
(-7.1491)
G1(-0.2309)
(-0.8759)
(0.5044)
G2(-0.0979)
(0.1575)
(-0.1011)
G3(0.9083)
(0.4566)
(-0.1245)
G4(-0.1362)
(0.6220)
(-0.0186)
A1(-1.7340)
(8.4400)
(1.2742)
A2(2.0734)
(10.1562)
(-0.0144)
A3(1.7095)
(10.7835)
(-3.4093)
A4(0.9098)
(7.4651)
(-5.9185)
G1(-0.0500)
(0.9828)
(0.4129)
G2(0.0585)
(0.5747)
(-0.2171)
G3(0.0474)
(0.2182)
(-0.4486)
G4(-0.3443)
(0.4129)
(0.0974)
A1(-3.5015)
(8.6460)
(0.5413)
A2(-2.0111)
(10.6207)
(-0.1293)
A3(-4.0366)
(9.4715)
(-3.2417)
A4(1.8627)
(8.9352)
(-3.6919)
G1(0.4432)
(-0.7242)
(0.1341)
G2(0.3480)
(-0.0181)
(0.0303)
G3(-0.1958)
(0.3134)
(-0.0617)
G4(-0.4076)
(-0.0532)
(0.0803)
A1(-2.5339)
(9.3310)
(0.5221)
A2(2.8108)
(9.4715)
(-0.6943)
A3(-2.5235)
(9.4379)
(-1.7190)
A4(1.4892)
(9.3326)
(-3.3902)
G1(0.2565)
(0.8258)
(0.0596)
G2(0.6534)
(-0.0511)
(-0.0921)
G3(-0.2123)
(-0.0633)
(0.2363)
G4(-0.1719)
(0.1352)
(0.0931)
A1(-1.6238)
(9.2639)
(-0.6802)
A2(0.6800)
(8.8442)
(-0.3448)
A3(-0.4645)
(9.7157)
(-1.4030)
A4(1.8435)
(8.9112)
(-4.5250)
G1(0.2708)
(-0.0085)
(0.0479)
G2(0.3166)
(-0.0623)
(0.0734)
G3(-0.1474)
(0.3544)
(0.0468)
G4(-0.0889)
(0.2432)
(0.0234)
