A1(-2.3136)
(8.3634)
(2.9171)
A2(1.1444)
(9.0884)
(2.3798)
A3(-2.6624)
(8.9256)
(-4.6352)
A4(0.3160)
(7.8673)
(-5.9616)
G1(-0.0974)
(0.3257)
(-0.1229)
G2(-0.0968)
(-0.0383)
(-0.0133)
G3(0.0176)
(0.4725)
(-0.0261)
G4(-0.0474)
(-0.1123)
(0.0000)
A1(-4.8331)
(8.1910)
(5.1349)
A2(0.9194)
(9.2320)
(2.2984)
A3(-2.6863)
(9.7683)
(-1.2019)
A4(0.2490)
(8.0732)
(-6.6846)
G1(-1.7267)
(0.5960)
(0.3065)
G2(-0.0846)
(0.0851)
(-0.0617)
G3(0.2315)
(0.1288)
(-0.0346)
G4(-0.0734)
(0.0165)
(-0.0862)
A1(-6.5911)
(10.2028)
(4.8523)
A2(0.5028)
(9.3182)
(2.2170)
A3(-4.1707)
(11.4922)
(-1.1253)
A4(1.0965)
(7.6902)
(-7.1156)
G1(-2.7824)
(2.7920)
(-0.4145)
G2(-0.1783)
(0.3315)
(0.0271)
G3(1.0946)
(0.1735)
(-0.2219)
G4(-0.1245)
(0.5502)
(-0.2911)
A1(-11.4865)
(11.2326)
(7.0414)
A2(-0.5746)
(8.8490)
(1.2929)
A3(-8.0685)
(12.4115)
(-6.5697)
A4(-3.3854)
(8.1642)
(-8.2073)
G1(-2.5206)
(1.6708)
(-2.0156)
G2(-0.2756)
(0.7136)
(0.2480)
G3(1.5431)
(-0.2240)
(-1.1994)
G4(-0.4236)
(1.0291)
(-0.2379)
A1(-4.0476)
(7.6114)
(1.2310)
A2(-1.5850)
(9.7779)
(3.8020)
A3(-9.5864)
(-1.0726)
(-11.4682)
A4(-2.9209)
(2.6959)
(-8.0445)
G1(2.1694)
(3.7237)
(-2.5291)
G2(-0.0921)
(1.7310)
(0.6119)
G3(4.4304)
(-4.3090)
(-5.5271)
G4(-1.0967)
(4.0888)
(-2.2088)
A1(-8.0233)
(4.3350)
(2.7782)
A2(-0.8715)
(13.5751)
(5.0805)
A3(-5.7461)
(-8.2552)
(1.8435)
A4(-7.8147)
(9.5385)
(-1.5323)
G1(4.5357)
(2.8165)
(-2.3440)
G2(0.4459)
(2.1056)
(1.1765)
G3(0.7652)
(-3.6221)
(-5.1461)
G4(-1.4511)
(0.2543)
(0.3129)
A1(-1.0346)
(-3.0465)
(1.0011)
A2(7.0437)
(6.0573)
(5.5929)
A3(-6.4883)
(-3.8259)
(-8.3558)
A4(1.2498)
(9.0788)
(-1.1349)
G1(2.8830)
(0.8562)
(-1.3580)
G2(1.5719)
(-1.5304)
(0.7056)
G3(-1.1036)
(-0.6029)
(-2.7920)
G4(-0.9700)
(0.1155)
(0.4358)
A1(-7.4437)
(-1.0538)
(-14.7629)
A2(7.4029)
(6.1052)
(5.5450)
A3(6.6655)
(19.9437)
(13.9103)
A4(3.8355)
(11.2958)
(2.4325)
G1(-1.1744)
(-3.6625)
(0.6300)
G2(0.3363)
(-0.2426)
(-0.5103)
G3(-1.8661)
(-0.1628)
(2.6382)
G4(-0.3102)
(-0.0729)
(-0.0835)
A1(1.6765)
(-4.0380)
(1.2023)
A2(8.5856)
(7.5178)
(7.7668)
A3(-4.3574)
(-5.9903)
(-5.3439)
A4(4.4772)
(8.1882)
(0.2969)
G1(-1.7576)
(-0.0612)
(0.9248)
G2(-0.6662)
(-0.6715)
(-1.1946)
G3(0.2969)
(-1.6267)
(1.4473)
G4(0.1165)
(-1.6852)
(0.1932)
A1(-15.6826)
(7.3767)
(-1.7292)
A2(0.5555)
(8.1259)
(4.6735)
A3(-1.9920)
(7.4412)
(-3.2657)
A4(-0.3160)
(9.5481)
(-2.6671)
G1(-0.5114)
(-3.3715)
(2.0055)
G2(-0.1027)
(0.7939)
(-0.1846)
G3(1.2808)
(-0.0543)
(1.7139)
G4(0.4581)
(-1.6618)
(-0.0543)
A1(-6.8066)
(6.2462)
(0.9820)
A2(-0.3256)
(10.7069)
(2.9832)
A3(-6.2201)
(-3.8786)
(-3.6727)
A4(1.1875)
(8.9783)
(-4.5059)
G1(0.5326)
(-1.0983)
(2.4206)
G2(-0.3022)
(-0.9594)
(-0.1437)
G3(-0.8950)
(2.6983)
(3.0048)
G4(0.6609)
(-0.2698)
(-0.2543)
A1(-9.1921)
(6.4713)
(4.1146)
A2(3.3519)
(10.2663)
(3.2513)
A3(-6.8378)
(0.8906)
(-5.7892)
A4(-0.2729)
(8.2600)
(-5.4588)
G1(0.8993)
(-1.3074)
(1.7091)
G2(0.1453)
(-0.2315)
(-0.3230)
G3(-1.6868)
(3.0623)
(2.0795)
G4(0.1479)
(-0.0559)
(-0.2623)
A1(-9.7813)
(7.7407)
(3.8272)
A2(-0.5746)
(10.0748)
(1.3503)
A3(-6.7277)
(5.0613)
(-7.4939)
A4(-0.5315)
(8.9543)
(-3.6344)
G1(1.4064)
(-1.9699)
(1.1382)
G2(0.4619)
(-0.8099)
(-0.4624)
G3(-1.6033)
(1.7352)
(1.8507)
G4(-0.0016)
(-0.1963)
(-0.1139)
A1(-7.0318)
(7.9994)
(2.0837)
A2(0.4262)
(9.7348)
(0.6895)
A3(-5.7940)
(5.8849)
(-6.8666)
A4(0.1867)
(8.8921)
(-3.5099)
G1(1.0828)
(-0.4177)
(1.3771)
G2(0.5507)
(-0.4220)
(-0.4901)
G3(-1.5570)
(1.0387)
(1.8342)
G4(0.0660)
(-0.0846)
(-0.1793)
A1(-2.3471)
(8.0904)
(3.7314)
A2(-3.0742)
(8.8155)
(0.2586)
A3(-5.1858)
(9.4571)
(-3.9313)
A4(-0.3926)
(8.9112)
(-5.5929)
G1(0.0628)
(-1.1579)
(0.7285)
G2(0.1208)
(-0.5981)
(-0.3113)
G3(-1.2382)
(0.6385)
(1.0706)
G4(0.0952)
(-0.0537)
(0.0569)
A1(-5.6187)
(7.9563)
(0.5269)
A2(-0.9816)
(9.4284)
(0.9002)
A3(-5.2720)
(8.8921)
(-5.7509)
A4(-0.2490)
(8.9399)
(-4.3383)
G1(0.6726)
(0.1479)
(0.2698)
G2(-0.1666)
(0.5944)
(-0.2288)
G3(-0.9115)
(0.0309)
(0.3789)
G4(-0.1474)
(-0.0149)
(-0.0325)
A1(-3.6356)
(9.3358)
(-0.2203)
A2(-1.4174)
(9.5050)
(1.2450)
A3(-1.4653)
(10.8888)
(-3.0550)
A4(0.0575)
(8.8729)
(-3.6488)
G1(1.0163)
(-0.4518)
(-0.0399)
G2(0.4044)
(-0.5273)
(-0.0521)
G3(-0.3108)
(0.1793)
(0.1048)
G4(-0.1916)
(-0.0484)
(0.0889)
A1(-2.9219)
(9.2639)
(0.7712)
A2(-0.5219)
(10.9176)
(1.2737)
A3(-1.9489)
(8.9830)
(-3.3375)
A4(0.1389)
(8.9735)
(-4.5777)
G1(0.2368)
(-0.1325)
(0.1288)
G2(0.1447)
(0.8711)
(-0.1979)
G3(0.0314)
(0.1437)
(0.0021)
G4(-0.1596)
(0.0649)
(0.0729)
A1(-2.5483)
(9.3166)
(0.9484)
A2(-0.3400)
(9.8114)
(0.0144)
A3(-2.0590)
(9.1985)
(-3.5626)
A4(0.3687)
(9.1794)
(-3.7541)
G1(0.1399)
(0.0878)
(0.0681)
G2(0.2347)
(-0.4092)
(0.1235)
G3(0.0170)
(0.0979)
(0.0931)
G4(-0.1681)
(-0.0144)
(0.0899)
A1(-1.8154)
(10.2459)
(0.8862)
A2(-0.0144)
(9.5385)
(0.0383)
A3(-2.1979)
(9.0070)
(-3.2417)
A4(-0.0144)
(9.2081)
(-3.8211)
G1(0.1953)
(0.0947)
(0.1932)
G2(0.1538)
(0.3539)
(-0.0282)
G3(-0.0234)
(0.1144)
(0.0032)
G4(-0.1165)
(0.1112)
(0.0170)
