A1(0.3545)
(9.4364)
(-0.9628)
A2(2.5714)
(9.1554)
(0.7757)
A3(1.0822)
(9.2512)
(-2.6863)
A4(4.5681)
(8.2839)
(-3.5482)
G1(-0.1495)
(-0.1405)
(0.0639)
G2(0.0990)
(-0.0202)
(0.0490)
G3(0.0777)
(-0.0218)
(0.0043)
G4(-0.1607)
(0.0266)
(-0.0128)
A1(1.6478)
(9.0484)
(0.1724)
A2(2.6959)
(9.1554)
(0.5602)
A3(0.6416)
(9.7492)
(-1.6233)
A4(4.7836)
(8.8633)
(-2.0446)
G1(-0.9344)
(-0.2496)
(0.1857)
G2(0.1176)
(-0.0468)
(0.0234)
G3(0.2081)
(-0.0511)
(0.1080)
G4(0.0878)
(-0.2554)
(0.0607)
A1(2.6489)
(8.3778)
(1.9064)
A2(2.9401)
(8.9878)
(1.0008)
A3(0.7805)
(9.1889)
(-2.6624)
A4(8.1547)
(10.8505)
(1.3120)
G1(-1.2329)
(-1.1792)
(-0.2128)
G2(-0.0516)
(-0.7875)
(0.1644)
G3(0.4752)
(-0.1852)
(0.2607)
G4(0.5172)
(-0.9530)
(-0.1405)
A1(1.9783)
(11.1321)
(3.0704)
A2(7.0581)
(7.8099)
(2.5666)
A3(3.7014)
(7.2880)
(-6.7660)
A4(7.7189)
(11.9902)
(-7.2784)
G1(-0.6662)
(-0.7024)
(-0.6252)
G2(-1.9113)
(-1.4372)
(0.3549)
G3(0.3544)
(0.0915)
(0.0128)
G4(1.0711)
(-0.3773)
(2.0784)
A1(0.7425)
(12.2481)
(2.4908)
A2(7.1347)
(9.2560)
(3.4237)
A3(4.3718)
(8.4659)
(-4.6495)
A4(7.6040)
(-0.5315)
(-10.5584)
G1(-0.2437)
(-2.2540)
(-0.7833)
G2(-2.6771)
(-0.4294)
(1.9864)
G3(-0.1277)
(-0.5374)
(-0.1564)
G4(2.9969)
(2.5744)
(4.7965)
A1(1.5424)
(7.1994)
(7.7934)
A2(10.2615)
(7.4364)
(5.4492)
A3(2.2649)
(7.6567)
(-7.4412)
A4(1.2019)
(-7.6519)
(-1.3599)
G1(0.2873)
(-0.9578)
(-0.4677)
G2(-3.1576)
(-2.3200)
(3.1693)
G3(-0.7024)
(-1.6464)
(-0.0484)
G4(2.6042)
(3.5242)
(2.9564)
A1(-1.9256)
(7.0749)
(3.5303)
A2(2.4134)
(4.0797)
(2.6528)
A3(1.4126)
(8.6814)
(-0.1820)
A4(2.9640)
(-4.4005)
(-9.0166)
G1(0.5534)
(0.8147)
(0.1522)
G2(0.4448)
(-3.8999)
(1.5607)
G3(-0.8014)
(-2.4445)
(0.1006)
G4(-2.2333)
(-1.3462)
(1.7522)
A1(0.5030)
(9.3741)
(4.6894)
A2(5.8802)
(2.2697)
(-3.1173)
A3(-12.4211)
(11.0421)
(-3.9073)
A4(4.1851)
(1.9920)
(-4.8554)
G1(0.1708)
(-1.6958)
(0.1219)
G2(4.1468)
(-0.6226)
(-0.0197)
G3(-0.1756)
(2.1253)
(-0.2235)
G4(-0.3432)
(-1.2409)
(-0.5965)
A1(0.3497)
(8.5311)
(1.9783)
A2(5.9424)
(-6.5362)
(11.4539)
A3(-0.2107)
(11.9279)
(3.4381)
A4(9.2177)
(-5.5976)
(-5.5881)
G1(0.0154)
(0.3049)
(0.1032)
G2(-1.7687)
(1.8475)
(-0.4459)
G3(-0.2442)
(-0.7146)
(0.0761)
G4(-0.2166)
(0.2097)
(-0.2873)
A1(0.0814)
(9.7621)
(2.3184)
A2(8.9447)
(0.8954)
(3.5865)
A3(-0.4932)
(9.8258)
(-1.9154)
A4(6.0334)
(-2.2075)
(-3.8259)
G1(0.1942)
(-0.1399)
(0.1022)
G2(1.6245)
(-1.1627)
(0.1293)
G3(0.0043)
(-0.4496)
(0.2203)
G4(-0.6470)
(-0.1724)
(-0.1809)
A1(0.7233)
(9.0580)
(2.4477)
A2(6.6176)
(-2.7294)
(-1.1396)
A3(-0.8763)
(9.4475)
(-1.9249)
A4(6.0621)
(-6.9815)
(-5.4444)
G1(0.2921)
(0.0059)
(-0.0096)
G2(-1.6027)
(-0.0841)
(-0.5028)
G3(0.0814)
(0.4848)
(0.0537)
G4(1.3792)
(-3.0676)
(-0.2277)
A1(-0.5413)
(9.6423)
(2.0932)
A2(11.7938)
(2.7246)
(-5.5593)
A3(0.5507)
(9.7300)
(-1.9249)
A4(6.2249)
(-6.3829)
(-5.7126)
G1(0.3634)
(0.9727)
(0.2661)
G2(-0.6960)
(0.2485)
(-1.3537)
G3(0.4810)
(1.6793)
(-0.1745)
G4(0.7918)
(-2.4929)
(-1.4074)
A1(-0.0287)
(9.2496)
(1.8873)
A2(7.8865)
(3.4189)
(-0.8811)
A3(0.4453)
(9.1267)
(-3.6583)
A4(5.8754)
(-6.0525)
(-5.6934)
G1(0.3081)
(0.7199)
(0.2033)
G2(-0.8040)
(0.8109)
(-1.4468)
G3(0.2746)
(1.6288)
(-0.2230)
G4(-2.6031)
(-1.9662)
(-3.2166)
A1(-1.4226)
(9.0244)
(0.3114)
A2(10.0078)
(6.1196)
(0.4836)
A3(2.1691)
(9.7588)
(-1.9824)
A4(3.6775)
(-0.7997)
(-8.5760)
G1(0.4374)
(1.2616)
(0.1660)
G2(-0.6518)
(2.6978)
(-0.8924)
G3(0.2607)
(1.6432)
(-0.0979)
G4(-4.2542)
(0.9104)
(-1.1318)
A1(2.0932)
(8.6843)
(-0.4742)
A2(5.2816)
(6.2680)
(3.3327)
A3(2.1165)
(9.7971)
(-3.0023)
A4(9.1746)
(11.5784)
(-2.0159)
G1(1.4037)
(0.8955)
(-0.6827)
G2(1.8704)
(0.4406)
(-1.3936)
G3(0.0303)
(0.7386)
(-0.0654)
G4(-2.8984)
(-0.9594)
(0.1937)
A1(0.5556)
(9.2975)
(-0.3401)
A2(9.6247)
(7.8195)
(2.7916)
A3(2.7390)
(9.4715)
(-1.7621)
A4(8.3653)
(9.2895)
(-0.7709)
G1(0.1511)
(1.1318)
(0.1038)
G2(2.3104)
(1.9912)
(-1.6128)
G3(-0.0176)
(0.1921)
(0.0708)
G4(-0.6215)
(0.6710)
(-0.7960)
A1(1.2502)
(10.1501)
(-0.5221)
A2(6.1770)
(7.1730)
(2.8347)
A3(2.4660)
(9.1363)
(-3.2130)
A4(4.8985)
(6.0669)
(-5.9233)
G1(0.2815)
(0.2384)
(-0.1203)
G2(0.5912)
(1.2116)
(-1.0525)
G3(-0.0490)
(0.3421)
(-0.0676)
G4(-0.1027)
(0.2198)
(-0.5188)
A1(0.3449)
(9.4028)
(-1.2837)
A2(4.3862)
(9.7492)
(0.3639)
A3(1.2258)
(9.1315)
(-3.7014)
A4(5.6264)
(8.0876)
(-4.0989)
G1(0.8312)
(-0.1639)
(-0.3719)
G2(0.3533)
(0.5848)
(-0.5704)
G3(-0.3560)
(0.2719)
(-0.1799)
G4(-0.1767)
(0.2900)
(-0.1735)
A1(0.0766)
(9.0771)
(-1.4274)
A2(4.1324)
(9.0405)
(1.0630)
A3(1.0630)
(9.1698)
(-2.6288)
A4(3.1077)
(8.2504)
(-4.0127)
G1(0.4587)
(-0.3523)
(-0.1650)
G2(0.0293)
(-1.0009)
(-0.3501)
G3(-0.5082)
(-0.0569)
(-0.1948)
G4(-0.1522)
(-0.1442)
(0.0420)
A1(-0.3736)
(9.0196)
(-1.8250)
A2(3.5243)
(9.2225)
(0.0335)
A3(0.1101)
(9.6534)
(-1.2067)
A4(4.5586)
(8.3558)
(-4.1851)
G1(0.5715)
(0.5225)
(-0.0176)
G2(0.2448)
(-0.1639)
(-0.1618)
G3(0.1330)
(-0.0857)
(-0.1559)
G4(-0.2442)
(0.2634)
(-0.2086)
