A1(1.6478)
(12.2673)
(3.5734)
A2(1.4700)
(9.4140)
(0.3496)
A3(1.3072)
(9.5098)
(-1.5706)
A4(2.2218)
(8.9208)
(-4.4005)
G1(-2.0800)
(1.1355)
(0.5252)
G2(-0.0841)
(0.2815)
(-0.0484)
G3(0.2192)
(0.0756)
(-0.0021)
G4(-0.1580)
(-0.1820)
(0.0729)
A1(-0.7329)
(9.9441)
(-1.0873)
A2(2.1644)
(9.5912)
(0.3831)
A3(1.3551)
(9.0214)
(-3.9840)
A4(2.3511)
(9.2081)
(-3.0119)
G1(0.2788)
(-0.4491)
(-0.1213)
G2(0.0442)
(-0.0362)
(0.0463)
G3(0.0809)
(-0.0623)
(0.0128)
G4(-0.0229)
(-0.0511)
(0.0420)
A1(2.0597)
(6.7252)
(-1.6286)
A2(2.0686)
(9.1315)
(0.7326)
A3(0.3687)
(9.7540)
(-0.3831)
A4(4.1132)
(11.6598)
(-1.5897)
G1(-1.7666)
(-1.1270)
(0.2432)
G2(-0.0128)
(-0.2448)
(0.0495)
G3(0.0410)
(-0.1735)
(0.0346)
G4(0.8508)
(-0.8216)
(-0.2246)
A1(0.1724)
(14.1546)
(-0.2443)
A2(2.5091)
(8.0828)
(1.0151)
A3(-0.9290)
(8.9687)
(-0.7039)
A4(10.8649)
(20.9588)
(-5.9041)
G1(-0.8189)
(-2.1072)
(-0.6029)
G2(-0.5981)
(-0.8716)
(0.0357)
G3(1.1430)
(-1.2228)
(0.3906)
G4(0.9504)
(-1.6362)
(0.2990)
A1(-1.1592)
(11.1416)
(3.9183)
A2(12.1530)
(13.2782)
(3.8690)
A3(1.7286)
(7.0342)
(-6.4883)
A4(3.7206)
(14.7722)
(-15.0739)
G1(-0.7434)
(-0.7205)
(-0.7583)
G2(-2.9303)
(-2.5249)
(0.4879)
G3(0.0154)
(-0.9222)
(0.1421)
G4(2.2673)
(1.2122)
(2.6441)
A1(-1.5328)
(7.4725)
(5.6235)
A2(6.7229)
(9.3039)
(6.1435)
A3(2.1548)
(8.3701)
(-4.7645)
A4(-0.2825)
(-4.3096)
(-6.7229)
G1(0.2623)
(-0.4081)
(-0.0942)
G2(-3.2837)
(0.3730)
(2.5552)
G3(-0.7726)
(-0.5241)
(-0.2352)
G4(3.9802)
(2.0093)
(5.9629)
A1(2.1603)
(10.0735)
(3.5925)
A2(7.8626)
(4.9847)
(7.4508)
A3(0.8428)
(8.6191)
(-1.5945)
A4(5.8227)
(-13.2351)
(-3.2944)
G1(0.2671)
(-0.1399)
(0.1000)
G2(-2.3530)
(-4.3841)
(1.9976)
G3(-0.6423)
(-0.8019)
(-0.5108)
G4(3.5939)
(2.1370)
(3.0634)
A1(-3.4536)
(8.3969)
(3.8129)
A2(7.7716)
(2.5139)
(0.8236)
A3(-0.8284)
(9.3757)
(-1.2306)
A4(3.0358)
(-8.4755)
(-10.7691)
G1(0.3113)
(0.5795)
(-0.3629)
G2(1.6799)
(-3.1576)
(1.3196)
G3(-0.6784)
(-1.8523)
(-0.1740)
G4(0.5193)
(1.1802)
(-0.2661)
A1(-0.5077)
(6.9791)
(5.6858)
A2(6.2058)
(4.9273)
(-0.4741)
A3(-16.5487)
(9.3853)
(-7.2592)
A4(6.9288)
(-14.8919)
(-4.3862)
G1(0.5965)
(-1.7342)
(0.1666)
G2(5.1008)
(-0.1953)
(-0.3491)
G3(-0.0032)
(2.7154)
(-0.4752)
G4(-0.4331)
(-2.3711)
(0.4640)
A1(1.1927)
(8.2197)
(1.5999)
A2(10.9798)
(9.8114)
(30.1526)
A3(-2.7198)
(10.7595)
(1.4796)
A4(7.6758)
(1.5323)
(-3.3423)
G1(-0.2203)
(0.9057)
(0.2357)
G2(-4.5528)
(-1.1866)
(-0.0319)
G3(-0.1458)
(0.6093)
(-0.0511)
G4(-0.9307)
(-0.5550)
(-0.1266)
A1(-0.7856)
(11.0410)
(2.5291)
A2(21.4233)
(0.1437)
(1.0391)
A3(-0.0622)
(8.9639)
(-3.5961)
A4(9.5816)
(-1.3264)
(-3.0119)
G1(0.6093)
(-0.0740)
(-0.2810)
G2(-0.2677)
(-3.8695)
(0.1692)
G3(0.1862)
(0.5401)
(0.1485)
G4(0.0734)
(2.2950)
(-2.7478)
A1(-3.9805)
(7.9419)
(2.3423)
A2(4.8985)
(-3.6488)
(5.6934)
A3(3.2370)
(10.2376)
(0.1915)
A4(3.0502)
(-3.1412)
(-1.2210)
G1(0.5459)
(0.0463)
(0.0160)
G2(-1.7379)
(3.2198)
(-0.8391)
G3(-0.3741)
(-0.3900)
(0.2006)
G4(0.3246)
(-2.0279)
(-1.6410)
A1(-2.0741)
(9.4124)
(1.4274)
A2(2.3990)
(-0.2107)
(5.7317)
A3(-0.4645)
(9.9647)
(0.0287)
A4(5.6168)
(-2.0877)
(-5.8275)
G1(0.1804)
(0.1873)
(0.2150)
G2(-1.0382)
(-0.3384)
(-0.5970)
G3(-0.0053)
(1.0584)
(0.1176)
G4(-0.0639)
(-2.2929)
(-2.5275)
A1(0.3305)
(9.0053)
(-0.0719)
A2(11.0804)
(2.1452)
(-1.9249)
A3(-1.4078)
(9.3805)
(-1.2833)
A4(3.4046)
(-1.3551)
(-5.4875)
G1(-0.3278)
(1.4968)
(0.5683)
G2(-1.0568)
(1.5458)
(-1.4298)
G3(0.2975)
(1.6953)
(-0.0011)
G4(-2.1364)
(-3.5731)
(-2.3844)
A1(-1.1927)
(9.9010)
(-0.3880)
A2(5.7078)
(3.3806)
(1.9824)
A3(1.0582)
(8.6335)
(-4.0175)
A4(4.9225)
(8.6048)
(-11.0564)
G1(0.5151)
(-0.0649)
(0.1426)
G2(-0.2879)
(1.7427)
(-1.9172)
G3(0.5172)
(0.7077)
(0.0660)
G4(-2.2503)
(-0.8508)
(-1.8544)
A1(-1.1736)
(9.1873)
(0.0862)
A2(10.6111)
(7.4747)
(3.5482)
A3(-0.1006)
(9.2033)
(-3.2130)
A4(5.8993)
(11.9040)
(-7.7141)
G1(0.5497)
(0.0633)
(0.3821)
G2(2.1300)
(-0.0314)
(-2.8399)
G3(0.0947)
(0.0367)
(0.0458)
G4(-2.0093)
(-1.0014)
(-0.1394)
A1(-1.6190)
(10.3752)
(-0.9197)
A2(7.0485)
(9.2416)
(3.9600)
A3(0.5602)
(9.6199)
(-3.1220)
A4(4.1899)
(11.0852)
(-2.6240)
G1(0.3709)
(0.7434)
(0.0325)
G2(2.1311)
(0.1000)
(-2.2237)
G3(-0.0511)
(0.1963)
(-0.0447)
G4(-0.3640)
(0.2065)
(-0.0867)
A1(-0.6610)
(10.0351)
(-0.2587)
A2(4.0510)
(7.8434)
(0.9098)
A3(0.8715)
(9.3757)
(-2.8252)
A4(5.4731)
(8.1163)
(-3.7637)
G1(0.5901)
(0.8950)
(-0.0096)
G2(1.6208)
(1.0935)
(-1.0850)
G3(-0.0255)
(0.3549)
(-0.1128)
G4(-0.5422)
(-0.3198)
(0.0388)
A1(-1.2454)
(9.4028)
(-0.9388)
A2(3.2130)
(8.5090)
(0.6895)
A3(2.5091)
(9.1315)
(-2.5666)
A4(3.9696)
(8.4659)
(-4.5873)
G1(0.0543)
(0.0261)
(-0.1979)
G2(0.0782)
(0.5885)
(-0.2017)
G3(0.0277)
(0.1713)
(-0.1336)
G4(-0.4177)
(0.3991)
(-0.2911)
A1(-1.0778)
(10.0926)
(-0.0671)
A2(2.4469)
(10.1658)
(-0.6225)
A3(0.4310)
(9.2081)
(-2.6815)
A4(2.9066)
(9.5912)
(-1.3312)
G1(0.6917)
(0.3219)
(-0.2788)
G2(0.5156)
(0.8434)
(-0.2873)
G3(-0.0271)
(0.0543)
(-0.1916)
G4(-0.3432)
(-0.3161)
(-0.1389)
