A1(2.6154)
(9.6040)
(-1.4658)
A2(1.1444)
(9.2799)
(-1.2689)
A3(1.4126)
(9.4379)
(-1.3599)
A4(0.9481)
(11.9997)
(0.9290)
G1(-0.9855)
(0.0506)
(0.1256)
G2(0.0367)
(0.6588)
(0.0245)
G3(0.5289)
(-0.1900)
(0.0543)
G4(0.1862)
(-0.0431)
(-0.1431)
A1(-0.8718)
(12.1906)
(-1.4466)
A2(2.6624)
(8.0397)
(-0.3065)
A3(2.3655)
(7.9871)
(-3.9217)
A4(6.6750)
(17.6501)
(-2.1644)
G1(-0.9897)
(-1.5224)
(-0.1751)
G2(0.3464)
(0.1767)
(0.2363)
G3(0.6896)
(-0.2634)
(0.2214)
G4(1.2137)
(0.7668)
(-0.9301)
A1(-4.7852)
(11.1608)
(-1.1879)
A2(2.1452)
(9.4858)
(0.3112)
A3(1.2306)
(6.2249)
(-6.6990)
A4(13.1729)
(26.0202)
(-4.8267)
G1(0.3789)
(-0.7998)
(-0.7269)
G2(-0.5896)
(0.0857)
(0.1112)
G3(0.5326)
(-0.3794)
(0.0511)
G4(1.9688)
(1.9635)
(-0.6832)
A1(7.7551)
(14.6240)
(5.6618)
A2(10.7643)
(11.3820)
(6.2345)
A3(0.8092)
(8.7819)
(-0.6800)
A4(0.0958)
(10.7835)
(-14.5855)
G1(-0.6125)
(-0.2964)
(-0.4230)
G2(-3.0155)
(-0.8939)
(0.2400)
G3(-0.2506)
(0.5289)
(-0.0372)
G4(2.8016)
(1.1903)
(1.5570)
A1(-7.9275)
(13.8145)
(1.3891)
A2(1.6951)
(13.4602)
(7.1251)
A3(3.3184)
(8.8633)
(-4.4484)
A4(1.2115)
(-4.4341)
(-8.1403)
G1(0.3624)
(-2.6074)
(-0.3847)
G2(-4.1297)
(-2.4115)
(3.4880)
G3(-0.2070)
(-1.2478)
(-0.0372)
G4(2.1880)
(3.5130)
(5.4919)
A1(-5.0870)
(7.1803)
(6.7635)
A2(13.1250)
(6.2680)
(4.7740)
A3(4.5969)
(6.3446)
(-3.7158)
A4(4.9943)
(-8.0732)
(2.0016)
G1(0.4033)
(-0.3762)
(0.0883)
G2(-4.5650)
(-2.6818)
(2.3722)
G3(-1.1691)
(-1.9039)
(-0.1740)
G4(-0.2730)
(5.8484)
(4.9353)
A1(-0.8574)
(7.3767)
(4.5266)
A2(8.6670)
(5.8993)
(7.5322)
A3(1.0774)
(8.9304)
(-0.1724)
A4(-0.4741)
(-9.9934)
(-0.6321)
G1(0.3283)
(-1.9624)
(-0.1868)
G2(-3.2384)
(-4.3016)
(2.2567)
G3(-1.2031)
(-1.1834)
(-0.4422)
G4(-0.5747)
(3.0783)
(3.3124)
A1(-17.5076)
(4.7134)
(-0.8862)
A2(4.1372)
(-0.1772)
(-2.5235)
A3(-2.4660)
(11.4443)
(3.0789)
A4(1.4844)
(13.2543)
(-14.7004)
G1(-0.3134)
(1.2255)
(0.0766)
G2(1.9039)
(-2.9979)
(1.8933)
G3(-0.7338)
(-2.4440)
(0.2235)
G4(-2.4796)
(-2.2013)
(1.1675)
A1(-4.5410)
(6.8498)
(3.3291)
A2(0.5555)
(4.1803)
(0.7087)
A3(-11.9471)
(11.9950)
(-6.1675)
A4(7.5322)
(-6.1531)
(-10.6973)
G1(0.2086)
(-2.5360)
(0.1149)
G2(5.2530)
(-0.9924)
(-0.5949)
G3(0.8604)
(3.0086)
(-0.5220)
G4(0.7540)
(-3.1512)
(0.1687)
A1(0.2778)
(8.9047)
(1.7292)
A2(11.4874)
(-0.8236)
(8.1163)
A3(-1.4940)
(10.6542)
(0.7470)
A4(3.3184)
(-1.3360)
(-0.9337)
G1(0.6226)
(1.0977)
(0.3778)
G2(-2.1088)
(-0.7971)
(-1.7916)
G3(0.1399)
(-0.3970)
(0.3794)
G4(1.7655)
(-0.4395)
(-0.6806)
A1(-1.7819)
(8.7514)
(2.4142)
A2(21.3994)
(7.8147)
(-15.5815)
A3(2.0590)
(9.1267)
(-3.1556)
A4(0.1484)
(9.7157)
(0.8188)
G1(0.7540)
(1.6112)
(0.4997)
G2(3.0256)
(5.0263)
(0.1948)
G3(0.6151)
(2.0869)
(-0.2730)
G4(0.6188)
(0.0926)
(-4.5607)
A1(0.5173)
(8.5406)
(1.1017)
A2(0.3256)
(0.9577)
(8.3941)
A3(-1.5897)
(9.1075)
(-3.2178)
A4(5.8227)
(-2.6193)
(-6.8043)
G1(0.2464)
(1.0270)
(0.0250)
G2(-1.6213)
(-0.6188)
(-0.8391)
G3(0.5475)
(2.5063)
(-0.4725)
G4(-1.0972)
(-3.1485)
(-4.6283)
A1(-1.1831)
(10.1980)
(0.5844)
A2(11.1618)
(7.0294)
(0.5363)
A3(1.1492)
(8.4228)
(-2.7581)
A4(2.0686)
(-0.1532)
(-9.9407)
G1(0.2139)
(0.5577)
(0.2001)
G2(-1.6432)
(2.0119)
(-2.6228)
G3(0.5108)
(1.1478)
(0.0330)
G4(-2.8984)
(-2.0683)
(-5.0668)
A1(-2.7495)
(9.9489)
(0.6275)
A2(6.9288)
(6.3494)
(0.0910)
A3(2.2649)
(8.2600)
(-4.1468)
A4(2.2266)
(12.1913)
(-10.1131)
G1(0.2586)
(1.7778)
(0.0782)
G2(0.0894)
(2.3887)
(-2.8415)
G3(0.5257)
(0.5869)
(-0.0543)
G4(-2.2258)
(-2.1944)
(-1.0046)
A1(-0.2060)
(9.7573)
(-3.2045)
A2(5.6790)
(9.5002)
(4.4101)
A3(2.7102)
(8.3606)
(-5.0278)
A4(5.3534)
(12.6031)
(-8.2791)
G1(0.3060)
(0.4166)
(-0.0144)
G2(2.3046)
(3.2007)
(-2.8053)
G3(0.4358)
(0.3831)
(-0.1011)
G4(-1.5458)
(-1.5873)
(-0.6210)
A1(0.5125)
(8.0281)
(1.9400)
A2(7.2688)
(7.3023)
(3.9313)
A3(3.2753)
(8.3701)
(-4.0654)
A4(0.8763)
(12.6270)
(-8.1882)
G1(0.1144)
(0.8753)
(-0.0458)
G2(2.2168)
(0.2703)
(-2.6457)
G3(0.1181)
(0.7678)
(-0.0474)
G4(-0.7418)
(-1.6224)
(-0.2395)
A1(-0.3114)
(10.0351)
(-1.4705)
A2(4.9464)
(8.4132)
(1.5897)
A3(3.1987)
(8.0349)
(-4.7166)
A4(-0.5076)
(10.4483)
(-7.4460)
G1(0.4177)
(0.9711)
(-0.2613)
G2(2.0556)
(1.0121)
(-1.7730)
G3(0.3379)
(0.1176)
(-0.0213)
G4(-0.7636)
(-0.3837)
(0.4326)
A1(-1.2358)
(8.9622)
(0.0048)
A2(3.9935)
(10.0509)
(-0.6560)
A3(1.7382)
(8.1594)
(-4.5729)
A4(1.3120)
(8.8585)
(-2.9257)
G1(-0.3565)
(-0.2474)
(-0.1389)
G2(0.7790)
(0.5593)
(-0.3975)
G3(0.0921)
(0.1160)
(-0.2847)
G4(-0.7162)
(0.0990)
(-0.2719)
A1(-2.6202)
(9.3549)
(-0.2060)
A2(4.1037)
(10.9990)
(-0.3112)
A3(2.1787)
(7.8243)
(-5.7557)
A4(-1.3886)
(9.8976)
(-1.6233)
G1(-0.3012)
(-0.0479)
(-0.0410)
G2(0.7364)
(0.2426)
(0.0383)
G3(-0.1192)
(-0.3576)
(-0.1378)
G4(-0.4895)
(-0.3129)
(-0.0814)
A1(-2.0980)
(9.6136)
(1.4705)
A2(1.5371)
(7.2784)
(-0.6225)
A3(1.1588)
(8.4659)
(-4.4053)
A4(-0.8428)
(9.5864)
(-3.4141)
G1(0.6252)
(0.0271)
(-0.3906)
G2(0.7173)
(0.5082)
(-0.1740)
G3(-0.1836)
(-0.2315)
(-0.2027)
G4(-0.1948)
(-0.1383)
(-0.1511)
