A1(-0.0144)
(9.2256)
(-2.0693)
A2(1.5802)
(9.3230)
(-0.7757)
A3(2.1117)
(8.9495)
(-2.6959)
A4(0.8715)
(11.6837)
(0.0575)
G1(-0.5507)
(0.2097)
(0.1644)
G2(-0.0181)
(0.1900)
(0.0500)
G3(0.0942)
(0.1506)
(0.0346)
G4(0.7402)
(0.6082)
(-0.2687)
A1(-1.8681)
(10.9069)
(-0.0144)
A2(2.7102)
(9.5433)
(-1.3120)
A3(2.6624)
(9.9024)
(-1.1301)
A4(10.7739)
(19.0866)
(-2.6911)
G1(-0.7019)
(0.5209)
(-0.0043)
G2(0.1101)
(-0.0708)
(0.0793)
G3(0.3427)
(0.2549)
(-0.0117)
G4(1.4511)
(1.9326)
(-0.6949)
A1(2.7543)
(10.1693)
(3.6165)
A2(5.0135)
(11.7268)
(2.5714)
A3(1.3982)
(7.4124)
(-4.2760)
A4(-0.2203)
(18.1050)
(-11.3389)
G1(-0.8317)
(0.6141)
(-0.3986)
G2(-2.5089)
(-0.3517)
(0.5523)
G3(-0.0335)
(-0.0585)
(-0.0341)
G4(1.9087)
(0.6731)
(2.5595)
A1(4.2536)
(10.9692)
(3.7314)
A2(7.1922)
(5.6455)
(4.3479)
A3(3.2130)
(10.4244)
(-1.1492)
A4(-1.2546)
(4.4867)
(-10.4244)
G1(-0.7599)
(-1.3207)
(0.2740)
G2(-4.2803)
(-0.4204)
(1.3234)
G3(-0.0628)
(-0.4097)
(-0.0702)
G4(0.7524)
(1.1387)
(1.4851)
A1(-2.4908)
(10.6243)
(-0.6706)
A2(8.3653)
(10.0221)
(9.4810)
A3(3.9121)
(8.3366)
(-4.2186)
A4(1.8962)
(1.0630)
(-8.4898)
G1(-0.6944)
(-2.5648)
(-0.4869)
G2(-3.3252)
(-1.4415)
(2.1104)
G3(0.0277)
(-1.0222)
(0.0059)
G4(1.5469)
(2.0853)
(4.8885)
A1(-1.3652)
(8.8951)
(6.1983)
A2(9.7300)
(4.1946)
(5.7940)
A3(2.0925)
(9.0022)
(-4.4915)
A4(6.6607)
(-6.8283)
(-5.6407)
G1(0.4656)
(-0.8030)
(-0.1862)
G2(-2.7547)
(-3.5811)
(2.5227)
G3(-0.3826)
(-1.8023)
(0.2315)
G4(0.1979)
(3.1698)
(4.7800)
A1(-0.2012)
(8.6221)
(3.8799)
A2(7.2927)
(3.7397)
(1.6424)
A3(1.4078)
(8.7867)
(-1.7382)
A4(7.0533)
(-8.5712)
(-6.7133)
G1(0.2623)
(-0.3954)
(0.1336)
G2(-1.0195)
(-2.1955)
(1.7624)
G3(-0.8844)
(-1.2574)
(-0.1341)
G4(0.1932)
(1.4654)
(2.8750)
A1(-11.6158)
(5.9205)
(0.7856)
A2(9.7157)
(1.8675)
(-1.4317)
A3(-0.2729)
(9.4379)
(-0.7949)
A4(2.3320)
(12.8377)
(10.0987)
G1(0.1298)
(0.4502)
(0.1623)
G2(2.1588)
(-4.2404)
(1.6613)
G3(-0.5491)
(-1.0477)
(-0.3741)
G4(-0.2682)
(-1.1015)
(-0.0899)
A1(0.4263)
(9.7334)
(2.6345)
A2(7.5513)
(0.6369)
(2.4421)
A3(-1.8675)
(10.1658)
(0.3304)
A4(4.7262)
(-1.9106)
(-8.3079)
G1(-0.1389)
(0.2027)
(-0.5028)
G2(2.8707)
(-2.2897)
(1.4426)
G3(-0.2426)
(-0.4103)
(-0.4060)
G4(0.9136)
(3.7147)
(-4.9486)
A1(-2.0980)
(8.5311)
(2.8597)
A2(8.3222)
(0.6081)
(-0.5459)
A3(4.4197)
(8.3845)
(-3.3854)
A4(7.2018)
(-0.5267)
(-4.5155)
G1(0.2230)
(0.1751)
(0.2001)
G2(3.0905)
(-1.0924)
(0.4864)
G3(-0.1543)
(-0.4512)
(0.3395)
G4(-0.5013)
(0.3602)
(-0.2421)
A1(-2.4860)
(8.7035)
(-0.1006)
A2(3.4668)
(-0.5028)
(5.5833)
A3(-0.9625)
(9.9982)
(-0.9625)
A4(0.2825)
(-1.3408)
(-0.7230)
G1(0.0676)
(0.2320)
(0.1495)
G2(-1.3266)
(8.0727)
(-2.7069)
G3(0.3283)
(1.0786)
(0.0090)
G4(-0.8040)
(-1.0653)
(-1.3303)
A1(-0.3832)
(10.3417)
(1.9256)
A2(3.3136)
(-0.9146)
(7.4124)
A3(0.3831)
(8.7245)
(-2.8730)
A4(13.0915)
(0.4645)
(-4.8746)
G1(0.1634)
(0.9094)
(-0.1932)
G2(0.0426)
(-1.5708)
(-0.1644)
G3(0.0064)
(1.3925)
(-0.0160)
G4(0.7902)
(-2.2822)
(-3.3417)
A1(-0.1677)
(9.2400)
(1.8873)
A2(-1.5562)
(-1.4940)
(0.7853)
A3(1.5562)
(9.1937)
(-3.3950)
A4(3.1412)
(-0.2442)
(-6.3734)
G1(0.2724)
(0.2006)
(-0.0537)
G2(-1.0014)
(2.9804)
(-1.0147)
G3(0.0069)
(1.3702)
(-0.0160)
G4(-0.5688)
(-1.5761)
(-3.4444)
A1(0.0671)
(10.0639)
(2.0118)
A2(15.3612)
(2.4995)
(-3.5913)
A3(1.0582)
(9.4667)
(-1.3791)
A4(5.5545)
(5.3630)
(-7.6950)
G1(0.1128)
(0.6093)
(0.2916)
G2(-0.2373)
(2.2083)
(-2.2152)
G3(-0.0660)
(0.5912)
(0.1149)
G4(-0.8918)
(-1.7028)
(-2.7734)
A1(1.2598)
(10.6291)
(2.0549)
A2(5.5115)
(4.5633)
(3.6152)
A3(2.3511)
(9.0214)
(-2.5857)
A4(5.1475)
(8.4707)
(-8.4324)
G1(0.3070)
(0.7593)
(0.0458)
G2(-0.0548)
(0.6050)
(-2.2583)
G3(0.0745)
(0.3523)
(0.1086)
G4(-0.6758)
(-1.9736)
(-1.6049)
A1(-1.4131)
(10.6435)
(-0.3880)
A2(11.9950)
(6.6224)
(0.3735)
A3(2.4995)
(8.7532)
(-2.9832)
A4(4.0654)
(9.5672)
(-7.3167)
G1(0.8886)
(0.2655)
(-0.2820)
G2(0.9551)
(3.0942)
(-2.9229)
G3(0.0665)
(0.3054)
(0.0474)
G4(-0.6673)
(-1.4692)
(-0.9222)
A1(0.0958)
(8.9047)
(-1.1257)
A2(5.7126)
(7.1778)
(3.5003)
A3(2.0877)
(9.2560)
(-2.8635)
A4(4.1755)
(10.0365)
(-5.9041)
G1(0.6476)
(0.7450)
(-0.0043)
G2(0.6417)
(-0.7482)
(-2.2248)
G3(-0.3033)
(0.5678)
(-0.0532)
G4(-0.6263)
(-0.7231)
(-0.3565)
A1(0.3832)
(9.0340)
(-1.0921)
A2(5.0805)
(8.9352)
(4.4724)
A3(2.4660)
(9.4236)
(-2.3272)
A4(3.4812)
(10.0413)
(-4.9512)
G1(0.9259)
(0.9802)
(-0.2405)
G2(0.7136)
(0.1107)
(-1.6118)
G3(-0.4278)
(0.2602)
(0.0149)
G4(-0.6130)
(-0.8743)
(0.0495)
A1(-0.5700)
(9.5609)
(-1.6047)
A2(5.6599)
(8.6383)
(1.3934)
A3(2.7390)
(9.3230)
(-0.4597)
A4(0.4118)
(8.9495)
(-5.2098)
G1(0.2873)
(-0.5731)
(0.0803)
G2(1.1733)
(1.4569)
(-1.3558)
G3(-0.1713)
(0.4672)
(0.0335)
G4(-0.5928)
(-0.3517)
(-0.1155)
A1(-1.1640)
(8.9143)
(-1.9831)
A2(4.4772)
(8.9447)
(1.0104)
A3(1.9441)
(9.3565)
(-0.6033)
A4(0.7422)
(8.8585)
(-3.8403)
G1(0.6598)
(0.1117)
(-0.1910)
G2(0.6864)
(0.1916)
(-0.7003)
G3(0.0819)
(0.1580)
(-0.0341)
G4(-0.5273)
(0.5177)
(-0.4347)
