A1(1.7053)
(9.5322)
(-0.6035)
A2(2.1979)
(9.3134)
(-0.3591)
A3(2.0255)
(8.8298)
(-3.2178)
A4(1.5850)
(10.1514)
(-2.0494)
G1(-4.4618)
(-1.0589)
(0.3613)
G2(-0.2836)
(0.7497)
(0.0032)
G3(0.3054)
(0.1703)
(0.1314)
G4(0.0165)
(-0.2921)
(0.0569)
A1(2.3902)
(11.9128)
(-0.0766)
A2(3.4237)
(9.2895)
(0.7087)
A3(1.1205)
(9.2799)
(-2.0016)
A4(8.1977)
(15.2846)
(-0.8236)
G1(-1.2052)
(-0.3959)
(-0.2772)
G2(0.0208)
(0.4140)
(0.1761)
G3(0.5188)
(-0.0096)
(0.2033)
G4(1.1111)
(-0.3411)
(-0.5619)
A1(-0.2491)
(8.2724)
(-0.3784)
A2(4.7692)
(7.1635)
(3.0311)
A3(5.4540)
(7.3071)
(-6.6990)
A4(0.2346)
(12.6749)
(-1.9441)
G1(-0.6013)
(-0.9844)
(-0.5193)
G2(-1.4053)
(-0.3704)
(0.2437)
G3(0.1820)
(0.3411)
(-0.1117)
G4(1.3457)
(0.2150)
(0.4879)
A1(4.5793)
(10.7105)
(4.2919)
A2(9.4427)
(9.3948)
(7.8243)
A3(2.5666)
(9.1123)
(-3.7733)
A4(0.3112)
(7.9918)
(-13.0580)
G1(-1.0786)
(-2.4158)
(-0.5736)
G2(-4.7433)
(-0.4651)
(1.6112)
G3(-0.1453)
(-1.0472)
(0.1123)
G4(2.5206)
(1.1568)
(3.5678)
A1(-4.1338)
(12.4924)
(-1.0490)
A2(10.8601)
(8.6957)
(11.2815)
A3(4.2042)
(10.7500)
(-3.8882)
A4(1.4078)
(-4.7932)
(-5.3534)
G1(-0.0644)
(-2.2663)
(-1.1387)
G2(-4.6193)
(-2.9766)
(1.3638)
G3(-0.2144)
(-2.6366)
(0.6981)
G4(3.4651)
(3.9962)
(4.3399)
A1(5.8486)
(7.4054)
(8.3442)
A2(10.2376)
(6.5553)
(6.4835)
A3(-6.3111)
(3.0071)
(-4.3766)
A4(6.4739)
(-13.0867)
(-3.1795)
G1(0.7242)
(-0.3469)
(-0.2990)
G2(-3.2305)
(-3.8025)
(1.9044)
G3(-1.9204)
(-3.9504)
(0.5103)
G4(0.2751)
(3.6774)
(3.7668)
A1(-3.6835)
(11.1177)
(3.0465)
A2(4.7788)
(3.4620)
(0.8715)
A3(-7.1587)
(20.1640)
(2.6432)
A4(3.7924)
(-6.5074)
(-10.8026)
G1(0.3735)
(0.5608)
(0.1985)
G2(1.4548)
(-4.1111)
(1.7389)
G3(-1.3542)
(-3.1123)
(0.2708)
G4(-1.6543)
(-0.7077)
(1.6506)
A1(-0.0287)
(11.0698)
(5.9636)
A2(3.6440)
(4.2569)
(-3.3615)
A3(1.7095)
(7.5800)
(-0.2873)
A4(24.5549)
(-44.1874)
(-3.3232)
G1(0.1724)
(-0.9216)
(-0.4379)
G2(4.1468)
(-2.2689)
(-0.4656)
G3(0.0122)
(0.7630)
(-1.0408)
G4(-0.2102)
(3.9504)
(2.0710)
A1(-5.7289)
(10.3752)
(2.6106)
A2(13.4267)
(2.6959)
(12.1865)
A3(2.6815)
(9.9168)
(-0.0527)
A4(10.8553)
(-0.4741)
(1.1827)
G1(0.5694)
(0.7237)
(0.5667)
G2(-1.4777)
(-8.7889)
(0.9679)
G3(-0.2549)
(-1.6591)
(0.9759)
G4(-0.3065)
(-0.1054)
(-1.0967)
A1(1.3364)
(9.0053)
(2.3280)
A2(38.7047)
(5.0278)
(-4.6783)
A3(0.3448)
(8.6383)
(-4.2042)
A4(14.4227)
(1.8627)
(-4.1946)
G1(0.4044)
(-0.0463)
(-0.1304)
G2(2.1423)
(0.6662)
(-0.0543)
G3(0.2671)
(1.2968)
(-0.1176)
G4(0.9381)
(1.9417)
(-5.1035)
A1(-1.7915)
(10.1740)
(1.3508)
A2(0.5171)
(0.0479)
(2.6480)
A3(4.3048)
(9.1746)
(-0.8523)
A4(9.6199)
(-0.5315)
(-5.8610)
G1(0.8753)
(0.3257)
(0.0921)
G2(-1.2787)
(5.2477)
(-1.2233)
G3(0.1362)
(-0.4204)
(0.3874)
G4(-0.0601)
(-1.5250)
(-4.6076)
A1(0.5796)
(8.7466)
(-0.0335)
A2(10.1849)
(2.1883)
(-1.9872)
A3(0.9002)
(8.2839)
(-4.4772)
A4(5.6695)
(5.1811)
(-8.2983)
G1(0.5459)
(0.5002)
(-0.1713)
G2(-0.0952)
(0.8870)
(-1.7331)
G3(0.0889)
(0.1293)
(-0.0708)
G4(-0.5683)
(-1.6581)
(-2.1822)
A1(-1.0299)
(10.3082)
(0.1245)
A2(6.1004)
(5.3391)
(5.2385)
A3(1.8818)
(9.7061)
(-0.3065)
A4(6.1339)
(7.2784)
(-9.7205)
G1(-0.3762)
(-0.1916)
(0.2134)
G2(0.7008)
(2.5217)
(-2.5978)
G3(0.2586)
(0.4278)
(-0.1235)
G4(-0.7418)
(-2.6127)
(-0.3267)
A1(-3.2668)
(9.8483)
(0.3353)
A2(12.6127)
(6.5218)
(0.6081)
A3(0.2538)
(8.6048)
(-4.3479)
A4(2.5905)
(9.7827)
(-7.2257)
G1(0.3778)
(1.3239)
(0.1447)
G2(1.2877)
(0.6290)
(-2.8388)
G3(0.1916)
(0.1618)
(0.0149)
G4(-1.2691)
(-0.8737)
(-0.5417)
A1(1.2406)
(9.8100)
(-1.0682)
A2(3.6775)
(7.9152)
(3.3998)
A3(-0.5219)
(9.0932)
(-3.9025)
A4(3.4668)
(9.7827)
(-5.7988)
G1(0.7694)
(1.3979)
(-0.4044)
G2(0.8067)
(-0.4619)
(-2.2013)
G3(0.1144)
(1.4942)
(-0.2826)
G4(-0.8088)
(-0.4315)
(-0.7178)
A1(-0.4982)
(10.0782)
(-0.8909)
A2(5.3486)
(7.7764)
(1.9920)
A3(1.5897)
(8.6862)
(-3.0119)
A4(0.9864)
(9.6486)
(-4.2234)
G1(0.1623)
(0.6013)
(0.1666)
G2(0.9865)
(1.4239)
(-1.1217)
G3(-0.0782)
(0.8524)
(-0.1809)
G4(-0.7561)
(-0.4576)
(0.0021)
A1(0.1772)
(9.8579)
(-0.8718)
A2(5.5593)
(8.8873)
(1.8483)
A3(0.9720)
(9.3326)
(-3.3854)
A4(-0.7518)
(10.3430)
(-5.4540)
G1(0.2655)
(0.8711)
(-0.2400)
G2(0.7290)
(0.9184)
(-0.6933)
G3(-0.2352)
(0.0777)
(-0.0862)
G4(-0.7231)
(-0.2852)
(0.1442)
A1(-0.6802)
(9.8435)
(-0.7520)
A2(5.1571)
(8.9639)
(1.2306)
A3(0.4549)
(9.3039)
(-2.3463)
A4(-0.1676)
(8.8825)
(-4.2856)
G1(-0.2485)
(0.8248)
(-0.0617)
G2(0.0681)
(0.3299)
(-0.6268)
G3(-0.1437)
(-0.0660)
(-0.1921)
G4(-0.6103)
(-0.1809)
(-0.1229)
A1(-0.6371)
(9.3981)
(-1.0346)
A2(3.5578)
(8.9304)
(0.5794)
A3(1.5275)
(8.9064)
(-2.4852)
A4(2.5379)
(10.5441)
(-3.6823)
G1(0.0037)
(0.5082)
(-0.1804)
G2(0.9951)
(0.5252)
(-0.1293)
G3(0.0261)
(-0.2203)
(-0.2128)
G4(-0.4922)
(-0.4156)
(-0.1378)
A1(0.3449)
(9.3454)
(-0.5269)
A2(2.3176)
(9.5624)
(-0.0718)
A3(1.8579)
(8.9735)
(-2.9161)
A4(-0.6177)
(9.6582)
(-2.2553)
G1(-0.1144)
(-0.2198)
(-0.0335)
G2(0.6747)
(0.2815)
(-0.3645)
G3(0.0601)
(0.1894)
(-0.2879)
G4(-0.1820)
(-0.7295)
(-0.0649)
