A1(10.8638)
(12.5164)
(12.0901)
A2(2.0638)
(9.4667)
(0.0958)
A3(0.6177)
(9.7109)
(-1.2929)
A4(3.6200)
(9.5816)
(-1.1396)
G1(-5.8596)
(-2.8127)
(1.3537)
G2(0.0027)
(0.3565)
(0.0080)
G3(0.2591)
(-0.0208)
(0.1261)
G4(-0.0612)
(-0.5390)
(-0.1575)
A1(-0.7137)
(16.5544)
(0.0575)
A2(3.3615)
(9.8689)
(-0.6129)
A3(0.7087)
(9.8497)
(-0.3543)
A4(10.4244)
(16.3859)
(-2.0638)
G1(-1.3133)
(-2.1194)
(-0.4534)
G2(0.1192)
(-0.3725)
(0.0894)
G3(0.9088)
(-0.6502)
(0.3193)
G4(1.2175)
(0.7317)
(-1.1515)
A1(-1.2454)
(6.7587)
(2.2944)
A2(4.6304)
(6.0669)
(1.8675)
A3(4.7932)
(6.5170)
(-9.1411)
A4(-1.8244)
(15.6054)
(-5.0613)
G1(-1.2026)
(1.3297)
(-0.3453)
G2(-1.4362)
(0.0809)
(-0.1086)
G3(-0.0777)
(-0.3874)
(-0.1852)
G4(1.2717)
(0.0074)
(1.0839)
A1(9.7525)
(13.7043)
(8.7370)
A2(10.3908)
(13.0915)
(4.4484)
A3(1.4844)
(9.3326)
(-2.0686)
A4(-0.3591)
(13.6374)
(-12.1290)
G1(0.7221)
(-2.7308)
(-0.6098)
G2(-2.7893)
(-0.7652)
(0.1745)
G3(-0.2889)
(0.5672)
(-0.3464)
G4(3.2363)
(0.8881)
(1.4979)
A1(-2.9028)
(11.4482)
(8.8903)
A2(-0.9960)
(11.5975)
(7.2784)
A3(2.6719)
(9.0070)
(-4.2713)
A4(2.4612)
(-3.7876)
(-8.0206)
G1(-0.3576)
(-1.4527)
(-0.5715)
G2(-4.1058)
(-2.6366)
(2.7649)
G3(-0.7072)
(-0.2969)
(0.0378)
G4(2.4898)
(2.0907)
(4.8013)
A1(0.8287)
(10.2986)
(2.6489)
A2(10.8074)
(5.8179)
(5.3295)
A3(-0.7135)
(9.5337)
(-2.7294)
A4(2.5043)
(-3.9600)
(-1.2354)
G1(-0.2496)
(-0.9120)
(-0.2517)
G2(-3.7711)
(-2.1641)
(1.6618)
G3(-0.7104)
(-1.0286)
(-0.2969)
G4(1.2292)
(4.3543)
(3.5950)
A1(0.3593)
(6.9312)
(3.6165)
A2(4.8411)
(5.1380)
(3.6871)
A3(2.4421)
(9.2464)
(-2.2218)
A4(5.4109)
(-8.8059)
(1.2546)
G1(0.2054)
(-0.4768)
(-0.0628)
G2(-0.8274)
(-4.2505)
(2.2189)
G3(-0.6875)
(-1.7304)
(-0.1437)
G4(0.1703)
(1.1052)
(3.9887)
A1(-2.7447)
(8.4161)
(4.5936)
A2(5.6360)
(1.1732)
(1.1636)
A3(-3.1029)
(9.9790)
(0.1915)
A4(-13.7523)
(-10.0126)
(-4.0031)
G1(-0.1644)
(0.2937)
(-0.0830)
G2(1.8299)
(-2.2450)
(1.1132)
G3(-0.5656)
(-1.2036)
(-0.3507)
G4(-4.5272)
(0.2985)
(0.2772)
A1(-6.8929)
(11.1752)
(5.8774)
A2(9.7683)
(-0.5028)
(-1.6281)
A3(-2.5091)
(10.1754)
(0.9720)
A4(41.3910)
(85.8561)
(-13.9390)
G1(-0.7402)
(1.0701)
(-0.1314)
G2(3.2305)
(-3.0687)
(0.6832)
G3(-0.0059)
(-0.1224)
(-0.2815)
G4(-3.6487)
(-4.2495)
(-3.3135)
A1(-5.3696)
(10.4040)
(3.7027)
A2(5.9137)
(1.8340)
(0.2682)
A3(-0.0862)
(6.6750)
(-4.9081)
A4(8.6574)
(-1.1396)
(-5.7844)
G1(0.4566)
(0.1080)
(0.7019)
G2(4.2670)
(0.6715)
(-1.0892)
G3(0.3022)
(0.8264)
(0.4135)
G4(-1.8544)
(2.8580)
(-1.2180)
A1(-1.5663)
(7.5108)
(2.2801)
A2(6.2345)
(-1.5179)
(-4.5825)
A3(-0.4788)
(9.1698)
(-3.1699)
A4(-0.6512)
(1.9345)
(-0.9098)
G1(0.4752)
(1.1834)
(0.0548)
G2(-0.3437)
(9.2758)
(-1.2691)
G3(0.3805)
(1.8922)
(-0.1628)
G4(-0.4119)
(0.9163)
(-3.9706)
A1(2.7016)
(9.4891)
(2.8453)
A2(-3.4668)
(-3.2657)
(7.2736)
A3(0.2538)
(9.7157)
(-2.0303)
A4(7.4843)
(-3.9265)
(-4.3574)
G1(-0.0548)
(0.5337)
(0.0176)
G2(-1.0999)
(1.9364)
(-0.6891)
G3(0.1570)
(0.9003)
(0.2363)
G4(0.3922)
(-1.9215)
(-3.0841)
A1(1.1831)
(10.0447)
(1.1879)
A2(3.7828)
(-4.3622)
(-1.6472)
A3(0.4836)
(10.4435)
(0.0622)
A4(10.1945)
(-2.9736)
(-4.9656)
G1(-0.3299)
(-0.0857)
(0.5821)
G2(-2.3211)
(4.9263)
(-1.2675)
G3(0.3544)
(0.8290)
(0.0287)
G4(0.2325)
(-1.8528)
(-2.9543)
A1(-4.4452)
(9.4316)
(1.8825)
A2(12.0859)
(-0.5938)
(-2.7821)
A3(4.3144)
(9.1602)
(-2.5331)
A4(3.2657)
(2.5331)
(-7.2496)
G1(0.4289)
(0.4555)
(0.5497)
G2(-0.6268)
(0.1841)
(-1.1786)
G3(0.1447)
(-1.6400)
(0.5789)
G4(-1.0531)
(-1.1488)
(-2.9016)
A1(-1.5184)
(9.9729)
(0.3161)
A2(9.7971)
(2.8730)
(4.6256)
A3(1.1157)
(9.4284)
(-1.8675)
A4(2.6719)
(4.5777)
(-8.3031)
G1(0.5438)
(2.1471)
(0.3485)
G2(0.8147)
(2.2711)
(-1.5479)
G3(0.8083)
(2.6744)
(-0.4959)
G4(-1.1073)
(-1.4277)
(-2.1668)
A1(2.6728)
(10.5333)
(-1.2933)
A2(7.4795)
(6.5027)
(4.3862)
A3(2.5618)
(8.6143)
(-6.6702)
A4(6.5027)
(7.6998)
(-9.6438)
G1(0.4757)
(0.1953)
(0.0234)
G2(1.0908)
(2.1827)
(-2.1141)
G3(0.3858)
(1.3697)
(-0.1149)
G4(-1.1589)
(-1.8411)
(0.0670)
A1(-0.7904)
(11.6494)
(-0.7233)
A2(9.6199)
(9.0644)
(4.3718)
A3(2.3750)
(9.0166)
(-3.3423)
A4(3.3615)
(9.5146)
(-6.5122)
G1(0.1203)
(0.1916)
(0.0367)
G2(1.6980)
(0.9429)
(-2.0289)
G3(-0.0500)
(0.0729)
(-0.0037)
G4(-1.6245)
(-0.2368)
(-0.7817)
A1(-1.6861)
(8.9957)
(-0.8047)
A2(9.7731)
(6.2441)
(2.0399)
A3(3.8451)
(8.6622)
(-3.7110)
A4(4.2377)
(11.3198)
(-4.5203)
G1(0.8828)
(0.6534)
(-0.0250)
G2(1.7682)
(0.6444)
(-2.1636)
G3(-0.0495)
(0.4773)
(-0.1602)
G4(-1.2712)
(-0.6295)
(-0.4619)
A1(0.5604)
(10.0160)
(0.6850)
A2(5.9951)
(9.4715)
(2.3798)
A3(2.0207)
(9.0980)
(-3.3998)
A4(3.7206)
(10.2472)
(-4.1707)
G1(0.1490)
(0.7178)
(0.0591)
G2(1.4122)
(-0.3751)
(-1.3760)
G3(-0.1091)
(0.0516)
(-0.1783)
G4(-0.4289)
(-0.2522)
(-0.1655)
A1(0.3832)
(10.1166)
(0.4694)
A2(3.2370)
(8.1499)
(2.6719)
A3(2.6193)
(9.1411)
(-2.2745)
A4(3.8738)
(9.4475)
(-5.6216)
G1(1.1228)
(0.5912)
(-0.2006)
G2(0.8647)
(0.9200)
(-1.1691)
G3(0.0750)
(-0.0495)
(-0.1703)
G4(-0.1288)
(0.1628)
(0.1511)
