A1(-12.1284)
(6.1312)
(5.5756)
A2(0.9194)
(6.5266)
(2.0494)
A3(-2.0255)
(10.8649)
(-1.0343)
A4(0.4549)
(6.9240)
(-9.3613)
G1(-3.2427)
(2.7074)
(-0.1756)
G2(-1.7310)
(0.4188)
(0.5869)
G3(0.6497)
(0.9833)
(-0.5385)
G4(-0.0623)
(-0.0452)
(-0.1453)
A1(-8.6412)
(10.7967)
(8.6508)
A2(-0.1867)
(10.9607)
(0.1676)
A3(-12.5791)
(15.9214)
(-2.6911)
A4(-4.3622)
(6.3015)
(-6.2297)
G1(-3.9195)
(3.5582)
(-1.9795)
G2(-0.3161)
(1.7922)
(0.1671)
G3(1.2941)
(2.4775)
(-1.7884)
G4(-0.4560)
(1.2946)
(-0.1192)
A1(-12.4876)
(15.5341)
(0.6562)
A2(1.4126)
(9.5289)
(-0.4214)
A3(-6.8426)
(22.0985)
(-5.6360)
A4(-2.2793)
(9.6678)
(-4.7884)
G1(-2.5025)
(4.6555)
(-3.5391)
G2(-0.7556)
(-0.7418)
(0.8381)
G3(2.7021)
(0.9163)
(-2.4552)
G4(-0.4225)
(0.2852)
(0.2639)
A1(-9.5370)
(8.8041)
(-2.2896)
A2(-0.8380)
(6.3877)
(5.7509)
A3(-9.1028)
(-2.7150)
(-11.3820)
A4(-0.0814)
(8.7676)
(-8.4898)
G1(3.4220)
(4.3500)
(-2.9021)
G2(0.1421)
(0.7779)
(1.1419)
G3(6.5056)
(-4.2207)
(-5.8139)
G4(-1.0004)
(0.7615)
(0.2708)
A1(0.2970)
(6.5192)
(-2.6681)
A2(-2.3511)
(14.6046)
(2.4229)
A3(-4.4436)
(-14.2455)
(-1.4030)
A4(0.9194)
(13.4458)
(3.9217)
G1(5.9511)
(-1.8454)
(-2.4051)
G2(-0.9578)
(1.4335)
(0.3629)
G3(1.0818)
(-4.6847)
(-3.2688)
G4(-0.8578)
(0.8179)
(0.2198)
A1(-3.4057)
(-8.3921)
(7.4246)
A2(0.5938)
(12.4738)
(5.6599)
A3(-4.1420)
(-7.8769)
(-10.6350)
A4(-0.6608)
(12.0380)
(-1.7813)
G1(3.8360)
(1.1424)
(-0.9323)
G2(0.4055)
(-0.4635)
(0.6635)
G3(0.1655)
(-4.1409)
(-0.4677)
G4(-0.5896)
(1.2180)
(-0.3938)
A1(-15.5628)
(-8.7179)
(-9.6807)
A2(5.5019)
(4.3048)
(6.9959)
A3(0.6177)
(47.4004)
(13.0245)
A4(21.3323)
(32.0248)
(6.9049)
G1(-1.8321)
(-2.4142)
(1.0807)
G2(0.1054)
(0.6737)
(-0.1101)
G3(-1.0025)
(1.1057)
(1.3952)
G4(-0.4342)
(0.9104)
(0.0937)
A1(-12.0709)
(4.5362)
(0.9820)
A2(1.8483)
(10.9271)
(1.2641)
A3(-14.9877)
(1.0774)
(1.2641)
A4(-8.5186)
(9.7061)
(-1.9632)
G1(-2.2296)
(1.7666)
(1.0797)
G2(-0.1628)
(0.4225)
(-0.1314)
G3(0.6604)
(-0.1878)
(0.4693)
G4(-0.0287)
(2.7952)
(-0.7615)
A1(-3.9518)
(-0.2635)
(0.5700)
A2(6.6032)
(22.5246)
(7.8769)
A3(-9.8689)
(-6.5457)
(-0.9146)
A4(-2.4612)
(9.4475)
(-0.2729)
G1(-1.9161)
(-2.8207)
(1.6565)
G2(-1.5766)
(0.2772)
(0.2033)
G3(-0.3991)
(0.3938)
(1.9853)
G4(0.1250)
(0.6768)
(-0.4315)
A1(-8.1574)
(3.1710)
(-2.1986)
A2(4.5873)
(14.0109)
(4.3622)
A3(-6.2441)
(-1.9058)
(-2.1979)
A4(0.7183)
(9.9838)
(-2.7916)
G1(-0.2746)
(-0.0761)
(1.8879)
G2(-0.2309)
(0.2687)
(0.2017)
G3(-0.0394)
(1.1659)
(2.0215)
G4(0.1948)
(0.8673)
(-0.0686)
A1(-2.4381)
(8.2772)
(9.3406)
A2(-3.3710)
(6.4931)
(4.0414)
A3(-9.4427)
(-4.7166)
(-2.7916)
A4(0.0287)
(9.3996)
(-2.4134)
G1(-0.0841)
(-2.0449)
(0.7976)
G2(0.7295)
(1.2888)
(-0.2820)
G3(1.5655)
(2.1982)
(0.7146)
G4(0.1346)
(0.5215)
(-0.0889)
A1(-8.8376)
(3.7746)
(0.8191)
A2(0.5315)
(10.6877)
(3.4046)
A3(-9.7492)
(-6.0669)
(-5.0613)
A4(0.6464)
(9.5960)
(-1.3264)
G1(-0.9562)
(1.4766)
(2.3519)
G2(0.6141)
(0.4576)
(-0.0197)
G3(-1.5687)
(2.7335)
(0.6055)
G4(0.2895)
(0.0197)
(0.1453)
A1(0.5796)
(10.5668)
(6.1169)
A2(1.7238)
(7.7428)
(3.2274)
A3(-7.9583)
(-2.6432)
(-6.3877)
A4(1.2737)
(8.5952)
(-3.8642)
G1(5.2679)
(-9.2098)
(-0.4762)
G2(0.4597)
(0.5678)
(-0.0484)
G3(-2.8154)
(2.6260)
(0.8056)
G4(0.3570)
(-0.7694)
(0.1187)
A1(-8.3874)
(8.6604)
(-0.7233)
A2(-0.1149)
(8.7245)
(2.8730)
A3(-4.4293)
(-1.7286)
(-6.8043)
A4(0.2251)
(9.6103)
(-3.4333)
G1(0.7572)
(-2.7798)
(1.9161)
G2(0.0756)
(0.2464)
(-0.2959)
G3(-3.2209)
(2.5611)
(1.7060)
G4(0.2421)
(-1.1467)
(0.2863)
A1(-4.0045)
(9.4028)
(-2.8213)
A2(0.9673)
(9.5624)
(1.2306)
A3(-4.2569)
(4.3144)
(-8.4324)
A4(-0.3639)
(10.0221)
(-2.9401)
G1(1.1605)
(0.0452)
(2.1088)
G2(0.2123)
(-0.4885)
(-0.0756)
G3(-2.9128)
(1.6442)
(1.5107)
G4(0.2363)
(-0.9094)
(0.2134)
A1(-2.7830)
(9.3741)
(3.0656)
A2(-0.1580)
(10.0413)
(1.7190)
A3(-1.3934)
(4.0606)
(-8.3941)
A4(0.6608)
(9.1506)
(-3.9887)
G1(1.3287)
(-0.4502)
(1.8688)
G2(0.3826)
(-1.2845)
(-0.1149)
G3(-3.1411)
(0.4970)
(2.6989)
G4(0.2831)
(-0.9371)
(0.1767)
A1(-5.1828)
(7.8173)
(1.5328)
A2(-0.1915)
(9.0166)
(1.2019)
A3(-4.6543)
(11.3102)
(-4.6064)
A4(-1.4796)
(8.2552)
(-5.9233)
G1(1.2372)
(-1.1749)
(1.1047)
G2(0.2863)
(-1.6953)
(-0.0750)
G3(-2.8548)
(-0.1181)
(1.7629)
G4(0.2884)
(-0.5534)
(0.2783)
A1(-5.0248)
(10.0256)
(-0.5892)
A2(-1.2833)
(8.7724)
(-0.3256)
A3(-3.9744)
(10.9559)
(-2.2889)
A4(-1.0918)
(7.9727)
(-6.9336)
G1(0.5726)
(-1.6639)
(-0.2762)
G2(-0.0617)
(-1.4585)
(-0.1453)
G3(0.0101)
(0.4379)
(0.9732)
G4(0.0952)
(-0.6598)
(0.4193)
A1(-3.9183)
(10.4567)
(0.0575)
A2(-2.8156)
(10.2185)
(2.6719)
A3(-13.6709)
(13.3644)
(-0.8954)
A4(0.6273)
(8.8729)
(-5.5162)
G1(0.8030)
(-1.1488)
(-0.5055)
G2(-0.1059)
(-1.1909)
(0.1458)
G3(-0.1086)
(-1.7890)
(0.6545)
G4(-0.0500)
(0.2559)
(0.1086)
A1(-2.0932)
(9.0915)
(-0.6179)
A2(-1.9345)
(11.1043)
(0.8188)
A3(-0.3304)
(10.0365)
(-2.3320)
A4(0.0144)
(8.5186)
(-4.4484)
G1(1.1185)
(0.1772)
(0.3911)
G2(0.1117)
(-0.9408)
(-0.1171)
G3(0.0521)
(0.4241)
(-0.2714)
G4(-0.1809)
(-0.0372)
(0.3241)
