A1(2.5962)
(8.0185)
(-0.2012)
A2(1.6999)
(9.3182)
(-0.1101)
A3(0.7374)
(9.5481)
(-2.2122)
A4(3.5578)
(9.0980)
(-2.9640)
G1(-0.9376)
(-0.1096)
(0.1293)
G2(0.1144)
(0.0404)
(0.0740)
G3(0.2214)
(0.1117)
(0.0319)
G4(-0.1660)
(-0.2980)
(0.0607)
A1(0.8191)
(11.5727)
(1.5663)
A2(2.8874)
(9.4906)
(-0.2490)
A3(0.8715)
(9.2081)
(-2.5379)
A4(10.8649)
(15.5575)
(-2.7198)
G1(-1.4548)
(-1.4058)
(-0.1117)
G2(0.4198)
(-0.5662)
(0.2645)
G3(0.3395)
(-0.0990)
(0.1022)
G4(1.5793)
(0.0357)
(-0.8088)
A1(-2.0932)
(9.0340)
(1.6621)
A2(3.3710)
(6.4787)
(3.1795)
A3(2.6049)
(7.3454)
(-6.6607)
A4(0.9242)
(8.4324)
(-10.6015)
G1(-1.0887)
(-1.7767)
(-0.1596)
G2(-2.0891)
(-1.2654)
(-0.1772)
G3(0.1006)
(-1.4431)
(0.0862)
G4(0.6955)
(0.7279)
(0.7215)
A1(-1.5568)
(11.5727)
(4.2440)
A2(-1.6759)
(15.8209)
(8.6910)
A3(1.5802)
(9.0070)
(-4.7740)
A4(4.4341)
(-3.3040)
(-8.0780)
G1(0.0633)
(-1.9055)
(-0.5225)
G2(-4.0244)
(-1.0456)
(3.0650)
G3(-0.2703)
(-0.7726)
(-0.1426)
G4(4.2644)
(1.9630)
(4.2303)
A1(-1.0011)
(7.3479)
(3.7650)
A2(12.5935)
(6.5649)
(5.4109)
A3(1.1492)
(7.8195)
(-2.9497)
A4(2.3559)
(-7.9966)
(-5.1284)
G1(0.1575)
(-0.1197)
(0.1006)
G2(-3.3071)
(-2.9325)
(2.3743)
G3(-0.7125)
(-1.9582)
(-0.1506)
G4(3.0559)
(4.1680)
(4.1925)
A1(-4.0332)
(7.5731)
(3.6596)
A2(6.4356)
(4.4245)
(-1.8196)
A3(1.1875)
(8.9399)
(-2.5570)
A4(1.7430)
(-2.4612)
(-8.3318)
G1(0.2692)
(-0.5374)
(-0.0165)
G2(2.0566)
(-3.0314)
(1.9401)
G3(-0.3959)
(-1.9811)
(-0.0761)
G4(-0.4725)
(-0.7918)
(2.7234)
A1(-9.3789)
(10.1357)
(3.3291)
A2(8.2169)
(3.2848)
(4.0797)
A3(-3.6727)
(9.9024)
(0.9768)
A4(19.1249)
(54.4825)
(-15.5623)
G1(-0.3267)
(0.1815)
(-0.1458)
G2(4.0409)
(-4.0680)
(0.2480)
G3(-0.0282)
(-0.1554)
(-0.3996)
G4(0.6955)
(0.9812)
(-2.5281)
A1(-4.2919)
(9.3406)
(2.8070)
A2(12.5743)
(4.7884)
(12.3780)
A3(4.5155)
(10.9511)
(2.7102)
A4(8.4659)
(-2.2170)
(-3.0550)
G1(0.2810)
(0.6902)
(0.4677)
G2(0.3485)
(-5.4244)
(0.5981)
G3(-0.0218)
(-0.2959)
(0.4044)
G4(-1.1456)
(0.8918)
(-1.5862)
A1(-1.8681)
(9.9345)
(3.1423)
A2(4.2713)
(2.0303)
(6.9576)
A3(-0.4118)
(9.2512)
(-1.2881)
A4(17.1281)
(-6.3015)
(-8.9016)
G1(0.1937)
(1.2175)
(0.1618)
G2(-1.4037)
(-3.1187)
(0.4241)
G3(0.0458)
(1.0653)
(0.0245)
G4(0.8258)
(1.2047)
(-4.1249)
A1(0.4982)
(9.8771)
(2.1699)
A2(9.3518)
(2.1213)
(-1.3503)
A3(0.5124)
(9.1123)
(-2.0877)
A4(9.1171)
(-3.3615)
(-8.3366)
G1(0.3528)
(0.7460)
(0.3980)
G2(-1.4771)
(1.0541)
(-1.4261)
G3(0.2027)
(1.3409)
(0.0782)
G4(-1.3510)
(-0.9849)
(-4.7150)
A1(-0.6754)
(10.1501)
(1.9735)
A2(6.9240)
(3.9025)
(0.9912)
A3(-0.4788)
(9.5289)
(-1.8100)
A4(7.0485)
(4.8507)
(-9.9120)
G1(0.2400)
(-0.3539)
(0.0963)
G2(-0.2453)
(2.8681)
(-2.4530)
G3(0.2017)
(1.2526)
(-0.0208)
G4(-0.7045)
(-1.7443)
(-2.0715)
A1(-0.4982)
(9.6807)
(1.2023)
A2(7.4316)
(6.4021)
(4.3862)
A3(0.9481)
(8.8442)
(-4.0606)
A4(9.3039)
(5.0470)
(-9.6534)
G1(0.5853)
(0.4997)
(0.0436)
G2(-0.1900)
(1.1142)
(-2.7883)
G3(0.2405)
(0.7247)
(-0.0117)
G4(-1.2851)
(-1.1201)
(-1.3585)
A1(1.0299)
(9.2017)
(-1.5376)
A2(6.5410)
(9.1411)
(3.8978)
A3(0.5459)
(9.0501)
(-2.6767)
A4(4.8602)
(9.6917)
(-5.9472)
G1(0.2565)
(0.7157)
(-0.0271)
G2(1.0807)
(1.1845)
(-1.9736)
G3(-0.2437)
(0.4486)
(-0.0410)
G4(-1.7347)
(-0.2810)
(-0.0527)
A1(0.0192)
(9.7094)
(-0.5844)
A2(4.9608)
(8.5808)
(1.9154)
A3(2.1356)
(9.6247)
(-2.6384)
A4(5.2098)
(8.8346)
(-3.3998)
G1(0.4752)
(-0.7412)
(-0.2022)
G2(1.4101)
(1.3377)
(-0.9450)
G3(-0.0149)
(0.3198)
(-0.1149)
G4(-0.7311)
(1.7113)
(-0.5002)
A1(-1.9831)
(8.9430)
(-1.8394)
A2(2.3032)
(9.2177)
(2.3320)
A3(0.3879)
(9.2751)
(-2.7485)
A4(2.5043)
(10.2137)
(-3.4860)
G1(0.0649)
(0.6002)
(-0.2735)
G2(1.0217)
(0.5513)
(-0.6359)
G3(0.0277)
(-0.5066)
(-0.0452)
G4(-0.6433)
(0.1149)
(-0.1485)
A1(-1.9543)
(9.3597)
(-0.4551)
A2(5.1906)
(10.3860)
(-2.3846)
A3(0.5411)
(9.0549)
(-3.0694)
A4(2.3798)
(8.8107)
(-3.4093)
G1(-0.3379)
(-0.0309)
(-0.0894)
G2(1.6852)
(0.6050)
(-0.0186)
G3(0.0596)
(0.3863)
(-0.2671)
G4(-0.1415)
(-0.2464)
(-0.2442)
A1(-1.6190)
(9.1729)
(-0.3545)
A2(2.6671)
(9.8689)
(2.2314)
A3(0.3974)
(9.1650)
(-3.0646)
A4(2.0016)
(8.8921)
(-4.0510)
G1(-0.1128)
(0.2873)
(-0.0825)
G2(-1.0248)
(-0.3390)
(0.0617)
G3(-0.0506)
(0.2160)
(-0.2501)
G4(-0.2251)
(-0.0500)
(-0.1437)
A1(-1.6286)
(9.4891)
(0.2443)
A2(1.4222)
(8.9064)
(-0.6560)
A3(0.0431)
(9.1267)
(-3.0358)
A4(1.9393)
(9.1889)
(-3.6727)
G1(0.0756)
(-0.0851)
(-0.0239)
G2(0.2533)
(-0.2139)
(-0.1543)
G3(0.0266)
(0.1277)
(-0.1506)
G4(-0.0617)
(0.1176)
(-0.1192)
A1(-1.3125)
(9.4699)
(-0.5700)
A2(0.8475)
(9.6678)
(-0.6560)
A3(-0.4118)
(9.1171)
(-3.1364)
A4(1.8435)
(9.3087)
(-2.9592)
G1(0.1517)
(-0.0341)
(-0.0309)
G2(-0.2283)
(-0.0926)
(-0.1101)
G3(0.0027)
(-0.0303)
(-0.0734)
G4(-0.0564)
(-0.1282)
(-0.0415)
A1(-1.8154)
(9.4891)
(-0.6850)
A2(1.2115)
(9.1746)
(-0.6656)
A3(-0.0287)
(9.0118)
(-3.1747)
A4(2.1404)
(9.1698)
(-3.3710)
G1(0.0048)
(0.0521)
(0.0979)
G2(-0.0346)
(-0.2331)
(-0.0420)
G3(0.0255)
(0.1032)
(-0.0415)
G4(0.0090)
(-0.0500)
(-0.0085)
