A1(-9.1154)
(10.7057)
(5.3457)
A2(1.6472)
(7.2113)
(2.1021)
A3(-1.2354)
(11.9662)
(-2.0303)
A4(0.7087)
(9.1219)
(-3.2082)
G1(-3.1331)
(3.7179)
(0.9232)
G2(-1.6049)
(-0.3320)
(0.1453)
G3(0.8466)
(0.4709)
(-0.0601)
G4(0.2097)
(0.0027)
(-0.1107)
A1(-3.6117)
(12.9331)
(4.0093)
A2(-1.3695)
(10.6398)
(-1.5754)
A3(-16.6062)
(11.7124)
(-4.4772)
A4(-2.8539)
(8.6095)
(-4.9991)
G1(-2.6685)
(3.7163)
(-1.6831)
G2(-0.6651)
(0.9865)
(0.3459)
G3(1.5538)
(3.8238)
(-2.6685)
G4(-0.4012)
(0.9876)
(-0.3209)
A1(-9.4076)
(10.6530)
(4.3925)
A2(-0.3639)
(7.2975)
(0.5411)
A3(5.5785)
(16.2614)
(-10.6638)
A4(-0.1676)
(8.9208)
(-4.7166)
G1(-0.9014)
(-0.4970)
(-3.0926)
G2(-0.6816)
(-0.1165)
(1.0041)
G3(2.5744)
(2.1742)
(-3.0820)
G4(-0.5135)
(0.4480)
(0.2182)
A1(-9.1298)
(11.0506)
(-1.8346)
A2(2.7485)
(8.2600)
(4.8411)
A3(-10.0556)
(-3.2465)
(-11.3820)
A4(-0.6321)
(9.6630)
(-4.5873)
G1(2.5291)
(4.7528)
(-3.3486)
G2(0.5938)
(2.3142)
(0.4576)
G3(6.0948)
(-3.0591)
(-5.7761)
G4(-0.8727)
(0.2464)
(0.1666)
A1(-2.9938)
(7.8796)
(1.3029)
A2(3.0358)
(10.1370)
(1.5993)
A3(-3.1268)
(-9.2943)
(-3.3471)
A4(3.3615)
(9.7588)
(-0.4214)
G1(6.2481)
(4.4272)
(0.0639)
G2(0.3347)
(0.9743)
(0.1235)
G3(2.9878)
(-4.1537)
(-4.2702)
G4(-0.7056)
(0.7199)
(0.1160)
A1(-15.1174)
(-4.4595)
(45.5437)
A2(2.6911)
(9.5960)
(5.1332)
A3(-8.0493)
(-12.9335)
(-13.9773)
A4(-0.8284)
(9.8162)
(-2.8826)
G1(3.2767)
(6.4497)
(0.0889)
G2(0.7881)
(0.5736)
(0.4661)
G3(0.3821)
(0.7157)
(-4.0792)
G4(-0.0905)
(1.3356)
(0.3464)
A1(1.3987)
(-3.7602)
(-22.5419)
A2(1.0534)
(5.4731)
(3.8738)
A3(-13.0436)
(5.6599)
(-6.7325)
A4(14.6238)
(10.8888)
(-2.9784)
G1(-1.3979)
(-7.1133)
(-0.1809)
G2(0.9248)
(1.1414)
(0.2315)
G3(-1.4138)
(5.2802)
(-2.6244)
G4(-0.4161)
(0.3709)
(-0.0048)
A1(5.2834)
(-4.4356)
(-4.1530)
A2(5.6647)
(7.1443)
(-4.3574)
A3(2.7629)
(3.5338)
(-11.5592)
A4(6.0621)
(9.0261)
(2.3463)
G1(-2.4823)
(0.8418)
(0.6502)
G2(0.0069)
(-0.5938)
(-0.2198)
G3(-2.3652)
(0.0048)
(-1.9023)
G4(0.3709)
(-0.7630)
(-0.1086)
A1(-12.5451)
(9.1346)
(0.9436)
A2(-5.5689)
(4.2856)
(4.8315)
A3(0.4549)
(4.3096)
(-4.1851)
A4(0.4166)
(8.8011)
(-4.2186)
G1(-2.1167)
(-2.6350)
(2.5733)
G2(0.3943)
(1.8411)
(0.0841)
G3(-0.5023)
(-1.6719)
(2.0689)
G4(0.3395)
(-1.7709)
(0.1596)
A1(-7.7503)
(7.0845)
(1.5232)
A2(3.8020)
(9.1315)
(2.2458)
A3(-8.9926)
(-5.1811)
(-7.7907)
A4(3.3567)
(8.9016)
(-4.1228)
G1(-1.9997)
(0.2559)
(2.4711)
G2(-0.7301)
(-3.5689)
(-0.4523)
G3(0.2682)
(1.8746)
(1.1914)
G4(0.1644)
(-0.8615)
(-0.1298)
A1(-7.8652)
(8.6316)
(-0.0479)
A2(-2.8060)
(9.9311)
(2.5235)
A3(-7.3646)
(-5.2720)
(-7.2353)
A4(-1.6424)
(9.5241)
(-3.9600)
G1(-0.9200)
(-1.0674)
(1.7453)
G2(-0.3230)
(-1.5245)
(-0.3033)
G3(-1.2648)
(2.7963)
(1.9310)
G4(0.0958)
(-0.7923)
(-0.0277)
A1(-12.0422)
(5.3265)
(-1.0634)
A2(5.8945)
(9.1842)
(2.3415)
A3(-6.7612)
(-1.8962)
(-7.4172)
A4(2.6719)
(8.8490)
(-4.4388)
G1(0.7460)
(-2.0790)
(1.6331)
G2(0.0628)
(-0.8147)
(-0.1713)
G3(-2.7904)
(3.2608)
(2.9085)
G4(0.1000)
(-0.1011)
(-0.3395)
A1(-6.6629)
(8.9957)
(4.8475)
A2(1.0008)
(9.6007)
(3.0023)
A3(-3.5338)
(3.8930)
(-8.4898)
A4(0.3926)
(9.5098)
(-3.1364)
G1(1.4266)
(-1.7778)
(1.4564)
G2(0.0016)
(0.1442)
(-0.4986)
G3(-2.6212)
(1.0052)
(2.7313)
G4(-0.0686)
(-0.6886)
(-0.0862)
A1(-4.7278)
(9.7908)
(3.7506)
A2(0.0575)
(9.3853)
(1.6233)
A3(-4.3622)
(8.3989)
(-8.7436)
A4(-0.7230)
(8.9543)
(-5.2529)
G1(1.3340)
(-0.8088)
(0.9073)
G2(0.5316)
(-1.0967)
(-0.3730)
G3(-1.9491)
(0.7966)
(1.7155)
G4(-0.0702)
(-0.1485)
(-0.1628)
A1(-3.9949)
(9.6423)
(1.9256)
A2(-1.2977)
(9.5146)
(0.9242)
A3(-3.8882)
(9.7636)
(-7.5753)
A4(-0.5411)
(8.8490)
(-5.6838)
G1(1.3585)
(-0.8966)
(0.4177)
G2(0.4534)
(-0.6566)
(-0.2559)
G3(-1.7368)
(0.4736)
(1.1760)
G4(-0.0841)
(0.1080)
(-0.1368)
A1(-3.3434)
(9.2352)
(3.0848)
A2(-0.2107)
(11.2192)
(1.1588)
A3(-1.6855)
(8.6718)
(-5.5306)
A4(-0.2682)
(9.1698)
(-2.8922)
G1(1.0371)
(-1.0174)
(0.2645)
G2(0.1458)
(-0.4353)
(-0.2043)
G3(-1.6166)
(-0.6018)
(0.6407)
G4(-0.2192)
(-0.3006)
(0.1043)
A1(-2.8597)
(9.5849)
(0.4598)
A2(-0.5555)
(10.1801)
(0.5171)
A3(-4.2329)
(9.0453)
(-3.5243)
A4(0.0335)
(9.1698)
(-4.4819)
G1(0.9158)
(-0.9450)
(-0.2618)
G2(0.4417)
(-0.1857)
(-0.2613)
G3(-0.6784)
(-0.2075)
(-0.0192)
G4(-0.0601)
(0.0756)
(-0.0899)
A1(-3.2381)
(9.8196)
(0.2587)
A2(0.7901)
(9.7588)
(0.8284)
A3(-0.8715)
(10.6494)
(-3.2705)
A4(0.5938)
(9.4284)
(-2.5187)
G1(0.4401)
(-0.3539)
(0.0362)
G2(0.4720)
(-0.1128)
(-0.0676)
G3(-0.4762)
(0.1272)
(-0.2363)
G4(-0.0793)
(0.0803)
(0.0772)
A1(-3.3195)
(9.7429)
(0.3401)
A2(-0.4070)
(9.6247)
(0.1437)
A3(-0.0670)
(10.4770)
(-3.2801)
A4(0.7470)
(9.3278)
(-2.9928)
G1(0.4512)
(-0.0553)
(-0.2001)
G2(0.2570)
(0.1660)
(-0.3874)
G3(-0.3805)
(0.0548)
(0.1979)
G4(-0.0176)
(0.0442)
(0.0894)
A1(-1.7148)
(8.9717)
(-0.9149)
A2(-0.3831)
(8.9639)
(-0.5076)
A3(-0.4357)
(9.5864)
(-1.9106)
A4(0.4549)
(9.0309)
(-3.9935)
G1(-0.0074)
(0.2554)
(0.1298)
G2(0.2767)
(-0.4613)
(-0.0591)
G3(-0.1910)
(0.2581)
(-0.0702)
G4(-0.0915)
(0.1123)
(0.0287)
