A1(-2.2657)
(8.3730)
(2.8261)
A2(0.2059)
(9.1794)
(0.5890)
A3(-1.6472)
(9.4044)
(-2.5714)
A4(0.6464)
(9.2177)
(-3.1029)
G1(-0.3235)
(0.0138)
(0.2059)
G2(-0.1820)
(-0.3501)
(-0.0330)
G3(0.1000)
(0.5305)
(-0.1697)
G4(0.4661)
(0.0282)
(-0.1421)
A1(-3.0321)
(7.3671)
(2.5483)
A2(0.4884)
(9.2799)
(1.3024)
A3(-1.4269)
(9.5816)
(-1.5993)
A4(0.7135)
(9.4427)
(-1.9106)
G1(-0.9897)
(0.1304)
(0.3613)
G2(-0.5007)
(0.0772)
(-0.0378)
G3(0.4172)
(0.1963)
(-0.1543)
G4(0.9535)
(-0.1266)
(-0.2288)
A1(-5.7912)
(7.0605)
(5.1972)
A2(0.5938)
(8.5521)
(1.9106)
A3(-2.2889)
(8.8921)
(-2.3224)
A4(2.0446)
(8.6957)
(-4.7405)
G1(-2.5738)
(1.6006)
(-0.1676)
G2(-0.6784)
(-0.1330)
(0.1825)
G3(0.9344)
(0.3049)
(-0.2027)
G4(0.9365)
(-0.0660)
(-0.2565)
A1(-12.1044)
(11.7164)
(11.4530)
A2(0.3448)
(7.4747)
(0.5507)
A3(-2.4134)
(8.7676)
(-9.1171)
A4(-4.5538)
(7.5848)
(-9.2320)
G1(-3.0070)
(3.0655)
(-1.2930)
G2(-1.2398)
(1.1270)
(0.6002)
G3(1.5117)
(-0.8631)
(-0.2214)
G4(0.0138)
(0.7375)
(-0.1628)
A1(-13.3546)
(11.2805)
(3.5159)
A2(-0.6943)
(12.9383)
(4.0845)
A3(-10.2472)
(8.9112)
(-14.2647)
A4(-1.9776)
(8.9399)
(-7.8434)
G1(-0.5055)
(2.7276)
(-2.4403)
G2(0.4145)
(0.4379)
(1.6410)
G3(2.0300)
(-0.7630)
(-0.4730)
G4(-0.7290)
(0.8466)
(0.3512)
A1(-5.6522)
(7.5491)
(-4.3062)
A2(0.7949)
(13.9390)
(3.6057)
A3(-8.1499)
(-6.7229)
(-6.3255)
A4(2.5474)
(-0.9816)
(-9.8067)
G1(3.8312)
(5.3472)
(-2.7420)
G2(-0.6455)
(1.6682)
(0.1421)
G3(2.6717)
(-4.8098)
(-4.5496)
G4(-1.6022)
(4.0286)
(-1.4452)
A1(-3.5159)
(-1.6717)
(1.8825)
A2(4.0845)
(11.4730)
(2.7102)
A3(-10.8649)
(-8.7724)
(-6.4883)
A4(-7.6614)
(7.9487)
(2.4038)
G1(4.9763)
(0.0170)
(-1.4362)
G2(1.0089)
(2.0375)
(0.9956)
G3(-1.7842)
(-3.7801)
(-2.8958)
G4(-1.0504)
(0.9828)
(1.2920)
A1(-6.9120)
(1.0538)
(3.7458)
A2(6.1148)
(2.4948)
(6.3590)
A3(2.5953)
(18.1816)
(6.1770)
A4(14.3461)
(11.1857)
(2.5187)
G1(-0.3618)
(-1.9853)
(0.6215)
G2(2.4445)
(-1.0669)
(0.8354)
G3(-0.1000)
(1.5123)
(-2.2923)
G4(-0.2788)
(-1.0876)
(0.4422)
A1(-6.6725)
(-0.4263)
(0.1437)
A2(9.4236)
(11.1282)
(4.8985)
A3(-2.2314)
(-5.9664)
(-2.1356)
A4(1.0487)
(9.2081)
(-4.4676)
G1(-1.6618)
(-1.9534)
(1.0828)
G2(-0.2336)
(-0.6167)
(0.1022)
G3(-0.1985)
(1.2084)
(-0.2070)
G4(0.1421)
(-0.6508)
(-0.3017)
A1(-7.2617)
(0.5556)
(0.1293)
A2(5.3726)
(9.2703)
(1.1396)
A3(-2.7677)
(-1.3982)
(-0.7614)
A4(2.6959)
(9.4475)
(-1.8723)
G1(-0.1016)
(-1.7916)
(1.9752)
G2(0.0314)
(0.0452)
(-0.4879)
G3(0.2772)
(-1.1079)
(3.5625)
G4(0.1043)
(-1.2063)
(0.0883)
A1(-8.6939)
(3.8272)
(3.8225)
A2(1.0439)
(6.9432)
(4.0941)
A3(-4.0845)
(-0.8667)
(-2.0446)
A4(-0.3687)
(9.2273)
(-3.9121)
G1(0.7396)
(-1.6735)
(3.1592)
G2(0.4081)
(-0.0819)
(-0.5412)
G3(0.7173)
(2.4701)
(2.5956)
G4(0.3044)
(-0.5507)
(0.0059)
A1(-9.6040)
(9.0244)
(9.4124)
A2(1.8627)
(9.8497)
(2.7246)
A3(-9.1698)
(4.0366)
(-5.5258)
A4(-0.0910)
(8.0062)
(-5.6743)
G1(1.4958)
(-0.8109)
(3.0261)
G2(0.2182)
(-0.7918)
(-0.3411)
G3(0.1165)
(3.1496)
(2.4270)
G4(0.0665)
(-0.4773)
(-0.0383)
A1(-7.0366)
(8.9574)
(3.2572)
A2(2.0686)
(9.5193)
(0.4357)
A3(-8.9160)
(7.9344)
(-8.6095)
A4(-1.5227)
(9.2991)
(-4.7932)
G1(1.0685)
(0.2517)
(1.7235)
G2(0.2246)
(-1.1068)
(-0.1985)
G3(-0.8354)
(2.9745)
(2.0731)
G4(-0.0410)
(-0.6912)
(-0.0005)
A1(-3.4249)
(8.9430)
(4.9721)
A2(-1.8100)
(8.9830)
(1.9441)
A3(-7.5369)
(10.2472)
(-6.5457)
A4(1.2689)
(9.9647)
(-2.0638)
G1(0.5880)
(0.3406)
(1.0185)
G2(-0.0255)
(-1.9800)
(0.0287)
G3(-1.6597)
(1.8518)
(1.1653)
G4(0.2772)
(0.3342)
(-0.0516)
A1(-3.4392)
(8.4257)
(2.7926)
A2(0.0862)
(8.7771)
(2.0207)
A3(-5.6360)
(11.5353)
(-2.9113)
A4(0.9768)
(9.8737)
(-2.7869)
G1(0.5193)
(-0.5827)
(0.4502)
G2(0.3996)
(0.4534)
(-0.0117)
G3(-0.8865)
(0.9573)
(0.2038)
G4(0.3597)
(0.1022)
(0.0857)
A1(-4.4787)
(12.2817)
(0.5844)
A2(0.0670)
(9.9455)
(2.1308)
A3(-4.3000)
(9.0740)
(-1.2929)
A4(1.9968)
(9.2991)
(-5.3343)
G1(0.8338)
(-0.9653)
(-0.2746)
G2(0.0596)
(-0.1666)
(0.0319)
G3(0.3629)
(0.3054)
(-0.0692)
G4(0.4182)
(-0.2559)
(0.0351)
A1(-2.6106)
(9.3933)
(-0.0431)
A2(0.6847)
(10.1466)
(2.4181)
A3(1.9776)
(12.3254)
(-5.1954)
A4(1.6328)
(7.9727)
(-5.9568)
G1(-0.1846)
(0.4406)
(0.3523)
G2(0.1761)
(-0.0037)
(0.0761)
G3(-0.0415)
(0.6635)
(-0.2134)
G4(0.1772)
(-0.9461)
(0.7423)
A1(-3.2476)
(9.1011)
(0.7904)
A2(1.1827)
(9.5960)
(0.1532)
A3(0.0670)
(8.4707)
(-4.4676)
A4(-2.5666)
(8.3941)
(-5.3678)
G1(0.0607)
(-0.1873)
(0.1107)
G2(-0.1059)
(-0.8939)
(0.2820)
G3(-0.2240)
(0.0122)
(0.1000)
G4(-0.5140)
(0.5779)
(-0.0814)
A1(-1.3747)
(9.8531)
(1.0730)
A2(-0.7518)
(9.8689)
(0.0096)
A3(-0.3831)
(9.4571)
(-2.4325)
A4(5.8754)
(8.8059)
(-4.5346)
G1(0.2554)
(0.2799)
(0.1501)
G2(0.5018)
(-0.1862)
(0.0474)
G3(-0.1650)
(0.1580)
(0.0112)
G4(-0.2655)
(0.1655)
(0.2341)
A1(-1.9256)
(8.7658)
(-0.4838)
A2(1.5083)
(9.9982)
(0.5986)
A3(0.0575)
(9.0309)
(-4.0270)
A4(2.1644)
(9.1459)
(-3.7206)
G1(0.6481)
(0.2416)
(-0.2203)
G2(0.3677)
(0.5459)
(-0.4268)
G3(-0.1304)
(0.1634)
(0.0080)
G4(-0.2857)
(0.1618)
(-0.0165)
