A1(-2.4238)
(11.3572)
(11.6973)
A2(-1.6328)
(8.3893)
(-0.7183)
A3(-4.1372)
(14.8776)
(-0.0766)
A4(-0.0575)
(8.6957)
(-6.2968)
G1(-4.1164)
(3.3002)
(0.2097)
G2(-0.6699)
(-0.0303)
(0.0186)
G3(1.1297)
(-0.5486)
(-0.4677)
G4(0.6524)
(1.1068)
(-0.1713)
A1(-6.2606)
(7.9515)
(9.2304)
A2(-1.1971)
(6.4548)
(1.9632)
A3(1.5371)
(17.8272)
(-10.9367)
A4(-0.0144)
(9.5768)
(-7.5465)
G1(-3.2368)
(1.7778)
(-2.5909)
G2(-2.1104)
(1.3819)
(0.5321)
G3(2.4578)
(1.9491)
(-2.0784)
G4(0.0447)
(1.8060)
(-0.4699)
A1(-7.2569)
(8.8328)
(2.8932)
A2(0.3208)
(10.8840)
(2.6863)
A3(-4.6304)
(6.2345)
(-12.6558)
A4(-1.9106)
(7.3454)
(-8.1116)
G1(-0.5545)
(4.0781)
(-1.4766)
G2(-0.5321)
(1.1238)
(1.0264)
G3(3.7115)
(-1.3053)
(-3.7519)
G4(-0.5130)
(1.8188)
(-0.3480)
A1(-5.4702)
(6.2606)
(1.3173)
A2(1.8723)
(7.8195)
(2.0159)
A3(-2.1739)
(-4.7597)
(2.8204)
A4(1.0965)
(8.8681)
(-2.3272)
G1(4.9795)
(6.0193)
(-0.4560)
G2(-0.1713)
(0.7694)
(1.0499)
G3(4.8417)
(-6.1395)
(-2.0912)
G4(-1.1446)
(2.4727)
(-0.6651)
A1(-8.2916)
(11.8218)
(3.9949)
A2(3.9648)
(11.6358)
(0.8619)
A3(-6.6607)
(-16.9414)
(6.4260)
A4(-0.3591)
(10.7260)
(0.4788)
G1(5.9820)
(0.4741)
(1.3638)
G2(1.0541)
(2.0587)
(1.1089)
G3(-2.7803)
(-7.2671)
(-1.4340)
G4(-0.6332)
(0.3022)
(0.4454)
A1(-9.3645)
(0.7616)
(2.5962)
A2(5.3870)
(5.7221)
(6.2201)
A3(-11.1330)
(-16.3285)
(-15.2559)
A4(3.0406)
(9.0980)
(-2.5809)
G1(6.0326)
(1.4500)
(0.7066)
G2(0.8147)
(1.7049)
(-0.1022)
G3(-4.4437)
(-0.7944)
(-2.9937)
G4(-0.4220)
(-0.2985)
(0.3927)
A1(-9.3214)
(-0.3928)
(2.0645)
A2(3.6536)
(8.1259)
(2.8922)
A3(-2.8874)
(7.1682)
(-3.5817)
A4(9.5385)
(8.8921)
(-2.6001)
G1(-0.8790)
(-2.9138)
(-0.1548)
G2(0.2352)
(-0.2650)
(-0.0984)
G3(-0.9434)
(1.4910)
(-0.2522)
G4(-0.2331)
(-2.1093)
(0.4480)
A1(-7.4533)
(-2.3663)
(3.5829)
A2(5.6599)
(7.8865)
(0.5219)
A3(11.8178)
(-14.0683)
(1.2737)
A4(2.8443)
(9.9551)
(-1.2594)
G1(-0.8280)
(0.9562)
(-0.2070)
G2(-0.0713)
(-1.7554)
(-0.0761)
G3(-0.5353)
(5.2972)
(-2.4802)
G4(0.1054)
(-0.2554)
(-0.2719)
A1(-8.3203)
(-0.7185)
(-1.3268)
A2(-0.2059)
(9.7396)
(4.3766)
A3(-4.7788)
(1.7430)
(-0.8332)
A4(-1.3743)
(9.6295)
(-1.1109)
G1(-1.2366)
(-2.1157)
(1.2654)
G2(0.2059)
(0.4427)
(0.1048)
G3(0.5087)
(0.1575)
(0.4273)
G4(0.3464)
(-0.3166)
(-0.0851)
A1(-7.7072)
(2.0597)
(-3.4392)
A2(3.1268)
(7.5034)
(1.5323)
A3(-8.1211)
(1.7621)
(-1.9010)
A4(1.2737)
(10.1275)
(-2.9928)
G1(-0.7774)
(-1.8651)
(1.6538)
G2(0.0623)
(-0.8955)
(-0.1442)
G3(0.9078)
(0.0032)
(1.0142)
G4(0.2267)
(-0.8104)
(0.0697)
A1(-9.1777)
(3.0992)
(-2.2753)
A2(2.5714)
(9.4284)
(2.0351)
A3(-8.3222)
(-5.6072)
(-3.3710)
A4(-0.0958)
(8.8681)
(-3.3423)
G1(0.1399)
(-1.7517)
(2.5573)
G2(-0.0937)
(0.0138)
(-0.2831)
G3(0.6433)
(1.4575)
(1.9598)
G4(0.2230)
(-1.0036)
(0.0942)
A1(-4.9625)
(5.7528)
(4.3781)
A2(0.6512)
(9.1746)
(2.0255)
A3(-10.1897)
(-1.5419)
(-4.3431)
A4(0.2921)
(8.7867)
(-3.1795)
G1(-0.7077)
(-0.5103)
(2.6350)
G2(0.0830)
(-1.2180)
(-0.3049)
G3(-1.2223)
(2.2604)
(2.0875)
G4(0.1032)
(-2.2258)
(0.3060)
A1(-5.8055)
(9.0771)
(2.6489)
A2(1.3695)
(8.4994)
(2.6863)
A3(-5.7269)
(1.2402)
(-5.8275)
A4(0.4836)
(9.4523)
(-3.5721)
G1(2.4802)
(-3.1012)
(2.2689)
G2(0.1713)
(-1.4090)
(-0.5848)
G3(-1.5852)
(1.9087)
(2.4775)
G4(0.2847)
(-0.7779)
(0.0367)
A1(-6.3468)
(8.3634)
(3.1710)
A2(-2.5522)
(9.3901)
(1.7382)
A3(-6.6990)
(4.7740)
(-8.9639)
A4(-0.9577)
(9.1219)
(-4.4724)
G1(1.4745)
(-0.8354)
(2.2418)
G2(-0.2506)
(-1.3250)
(-0.4539)
G3(-2.2450)
(2.8399)
(2.5291)
G4(0.2230)
(-0.7141)
(0.1463)
A1(-4.6559)
(8.8903)
(1.6526)
A2(1.6328)
(8.9304)
(1.1013)
A3(-1.1875)
(11.6119)
(-3.4046)
A4(-0.5650)
(8.7149)
(-4.9991)
G1(0.9472)
(-2.5408)
(1.5202)
G2(0.2591)
(-0.3645)
(-0.1187)
G3(-1.7198)
(0.9770)
(2.4578)
G4(0.1304)
(-0.5534)
(0.1612)
A1(-0.4119)
(7.3096)
(-1.1736)
A2(-1.1875)
(9.8450)
(1.1061)
A3(-6.5505)
(12.9574)
(-3.6919)
A4(0.3974)
(8.5473)
(-5.3870)
G1(1.6788)
(-1.7294)
(0.7104)
G2(0.5305)
(-1.0951)
(-0.0138)
G3(-0.8285)
(0.0734)
(1.8406)
G4(0.0548)
(-0.1426)
(-0.0287)
A1(-4.7996)
(12.4924)
(1.3747)
A2(-0.9385)
(9.8833)
(-0.0287)
A3(-6.2010)
(9.6630)
(-2.4852)
A4(0.2442)
(9.0884)
(-5.6455)
G1(-0.0979)
(-0.1373)
(-0.2810)
G2(0.2714)
(-0.7396)
(-0.1410)
G3(-0.3267)
(-0.0500)
(0.5289)
G4(0.0692)
(0.0782)
(-0.1495)
A1(-2.0597)
(10.2555)
(0.0527)
A2(0.9673)
(9.0884)
(0.3639)
A3(-7.3598)
(11.1905)
(-6.3398)
A4(-0.3400)
(8.4851)
(-5.3582)
G1(0.4986)
(0.0974)
(0.0527)
G2(0.5763)
(-0.1564)
(-0.1399)
G3(0.0000)
(1.1728)
(-0.3586)
G4(-0.1048)
(0.8024)
(-0.0734)
A1(-1.6909)
(10.0591)
(-1.0203)
A2(-2.0734)
(10.6063)
(-1.0295)
A3(-0.7614)
(9.3853)
(-2.0830)
A4(1.1109)
(8.8394)
(-4.3766)
G1(-0.2538)
(0.0569)
(0.2277)
G2(0.4619)
(0.2575)
(-0.3879)
G3(-0.0128)
(0.2496)
(-0.0208)
G4(-0.3751)
(0.4576)
(-0.0984)
A1(-1.6334)
(10.1501)
(-0.5796)
A2(0.3065)
(8.5665)
(-0.5315)
A3(-0.1580)
(9.1123)
(-4.2234)
A4(0.3112)
(8.8298)
(-3.7589)
G1(0.5018)
(0.1575)
(0.1240)
G2(0.2277)
(0.3374)
(0.0090)
G3(-0.0479)
(0.2512)
(0.0165)
G4(-0.3177)
(0.0798)
(0.0074)
