A1(-0.2156)
(8.8185)
(-0.3209)
A2(1.8148)
(9.1985)
(-0.6273)
A3(1.5850)
(9.4092)
(-2.1404)
A4(0.4070)
(9.2464)
(-3.6152)
G1(-0.3432)
(0.3815)
(0.3954)
G2(-0.0165)
(0.3368)
(0.0016)
G3(0.1490)
(0.2533)
(-0.0490)
G4(-0.1245)
(-0.0984)
(0.0857)
A1(-0.6658)
(9.4028)
(-1.2837)
A2(2.6001)
(9.3613)
(-0.6129)
A3(1.6999)
(8.9591)
(-2.4995)
A4(0.6800)
(10.4914)
(-2.0877)
G1(-0.4150)
(-0.0649)
(0.2299)
G2(0.1543)
(-0.1548)
(0.1618)
G3(0.2006)
(0.0447)
(0.0718)
G4(0.0702)
(-0.1469)
(0.0325)
A1(2.7878)
(9.0915)
(-2.5579)
A2(2.2505)
(9.1123)
(-0.4788)
A3(2.5426)
(8.1307)
(-4.5011)
A4(9.0549)
(16.6541)
(4.1084)
G1(-0.7822)
(-1.3133)
(0.0069)
G2(-0.0282)
(-0.1703)
(0.1293)
G3(0.1676)
(0.3581)
(0.1144)
G4(1.0642)
(0.9833)
(-1.0185)
A1(0.9628)
(10.6099)
(-1.0586)
A2(2.8108)
(10.0748)
(-1.8483)
A3(1.9585)
(9.6343)
(-1.7909)
A4(16.9509)
(22.0602)
(-4.4101)
G1(-1.0153)
(-0.2533)
(-0.0937)
G2(0.3437)
(-0.5747)
(0.2107)
G3(0.1618)
(-0.1559)
(0.0894)
G4(2.2556)
(1.1515)
(-0.8844)
A1(0.2347)
(9.0723)
(4.3302)
A2(6.0478)
(8.4180)
(7.1012)
A3(3.3040)
(6.8714)
(-3.9887)
A4(-2.5570)
(21.0307)
(-20.4034)
G1(-1.2382)
(-1.0195)
(-0.2826)
G2(-3.3012)
(0.3358)
(0.1517)
G3(-0.1554)
(-0.0442)
(-0.2325)
G4(3.5838)
(0.1266)
(2.8697)
A1(-1.6526)
(9.6136)
(-0.2012)
A2(5.2960)
(11.9854)
(9.6534)
A3(2.2362)
(8.6431)
(-4.4484)
A4(2.2458)
(-3.3806)
(-10.7452)
G1(-0.6157)
(-3.1570)
(-0.9530)
G2(-5.2195)
(-3.6780)
(2.7643)
G3(-0.1011)
(-1.2877)
(0.1043)
G4(3.4970)
(3.4215)
(7.9987)
A1(-2.6249)
(9.9345)
(4.6942)
A2(11.7986)
(7.9918)
(3.4046)
A3(3.2178)
(8.6574)
(-4.1707)
A4(3.9887)
(-11.9950)
(-0.1820)
G1(0.3698)
(-1.7400)
(-0.2448)
G2(-3.2549)
(-2.0050)
(2.7079)
G3(-0.1969)
(-1.6309)
(-0.0660)
G4(0.1729)
(5.0631)
(4.0818)
A1(-9.9633)
(9.0244)
(3.3434)
A2(10.3669)
(3.0071)
(1.7621)
A3(5.0805)
(4.9033)
(-2.4469)
A4(-3.9025)
(-13.2208)
(-11.1713)
G1(0.4874)
(0.2341)
(-0.3576)
G2(-0.1591)
(-4.4463)
(2.4190)
G3(-1.4000)
(-3.6263)
(0.1501)
G4(-4.8465)
(-1.1009)
(3.3566)
A1(-6.0402)
(10.7632)
(5.0439)
A2(5.4205)
(2.6145)
(2.4660)
A3(-5.9280)
(11.7364)
(3.6871)
A4(-3.5434)
(58.4377)
(41.7549)
G1(-0.5332)
(1.5564)
(-0.0734)
G2(2.2551)
(-3.9382)
(1.9257)
G3(-1.0648)
(-3.0298)
(0.0931)
G4(-3.0655)
(-9.8036)
(-10.3640)
A1(-5.7768)
(10.3034)
(1.3316)
A2(6.4548)
(4.0414)
(-6.1387)
A3(2.5474)
(9.1889)
(-2.5714)
A4(-2.3272)
(-4.6448)
(5.6024)
G1(0.1431)
(-0.1676)
(0.4145)
G2(6.0943)
(-1.3590)
(0.3523)
G3(0.2905)
(1.0669)
(0.2714)
G4(-2.2748)
(1.0137)
(-0.2570)
A1(-0.6131)
(8.7801)
(2.4812)
A2(-1.8962)
(-8.9016)
(-1.2594)
A3(-0.3639)
(9.9551)
(-0.7183)
A4(2.8491)
(3.1747)
(-7.7381)
G1(0.0984)
(3.0905)
(0.6284)
G2(-2.9000)
(7.2309)
(-6.4662)
G3(0.6641)
(2.8761)
(-0.3608)
G4(0.3288)
(1.1786)
(-5.2509)
A1(-1.9639)
(9.9537)
(1.1496)
A2(-10.3238)
(-0.2107)
(12.4259)
A3(0.6225)
(9.7205)
(-3.0598)
A4(3.9265)
(-3.0023)
(-7.3981)
G1(0.2927)
(0.0772)
(0.2969)
G2(-1.7879)
(-4.4203)
(0.1453)
G3(0.6242)
(2.7367)
(-0.2075)
G4(-1.5947)
(-3.7530)
(-5.5281)
A1(-0.7472)
(10.6195)
(1.8250)
A2(2.2984)
(0.5267)
(6.0765)
A3(3.7541)
(9.1985)
(-2.7581)
A4(4.8028)
(3.1412)
(-7.4029)
G1(0.2267)
(1.1669)
(-0.1091)
G2(-3.0112)
(7.1362)
(-2.1449)
G3(0.4331)
(1.2388)
(0.0415)
G4(-1.1031)
(-2.1625)
(-5.6079)
A1(1.9400)
(10.6866)
(-1.5807)
A2(9.0214)
(2.3224)
(-0.6895)
A3(2.2122)
(8.8155)
(-2.8730)
A4(2.6767)
(9.2991)
(-12.3110)
G1(0.4305)
(1.1228)
(-0.0984)
G2(1.7256)
(0.6753)
(-2.5350)
G3(0.2309)
(0.5279)
(0.0372)
G4(-1.9949)
(-1.0472)
(-1.5703)
A1(-2.0932)
(9.6328)
(-0.6610)
A2(6.2968)
(9.3518)
(6.5170)
A3(3.6105)
(8.1163)
(-3.9073)
A4(7.3167)
(15.0595)
(-4.4867)
G1(0.2219)
(-0.5933)
(0.0607)
G2(2.4461)
(2.6387)
(-3.4279)
G3(0.1410)
(0.5917)
(-0.0952)
G4(-0.9557)
(-0.4858)
(-1.1691)
A1(-2.9602)
(6.3612)
(-0.1964)
A2(9.1315)
(8.4467)
(4.3910)
A3(2.9975)
(8.9352)
(-5.5593)
A4(3.3423)
(14.0875)
(-4.3958)
G1(-0.0984)
(0.3480)
(-0.1804)
G2(2.2514)
(-0.4241)
(-2.1694)
G3(-0.0644)
(0.0160)
(-0.0346)
G4(-0.3884)
(-0.6348)
(0.4837)
A1(-1.4274)
(9.0053)
(-0.2060)
A2(3.2705)
(11.5448)
(5.1571)
A3(1.0582)
(9.0118)
(-2.5905)
A4(-2.7102)
(9.8162)
(-2.2936)
G1(0.4188)
(-0.1112)
(0.0144)
G2(1.0786)
(0.6226)
(-1.3308)
G3(-0.1447)
(0.2389)
(-0.2277)
G4(-0.4331)
(-0.1995)
(-0.2820)
A1(-4.0476)
(9.5130)
(-0.1341)
A2(6.5697)
(8.7005)
(1.8100)
A3(3.1077)
(9.0357)
(-2.2458)
A4(2.1931)
(10.2232)
(-4.8219)
G1(-0.3358)
(-0.2283)
(0.0245)
G2(0.6976)
(1.5979)
(-0.2437)
G3(-0.0905)
(-0.3038)
(-0.1575)
G4(-0.2341)
(-0.1282)
(-0.2788)
A1(-1.6957)
(9.4220)
(-0.1198)
A2(1.6089)
(8.4515)
(0.4932)
A3(1.0391)
(8.9735)
(-2.7485)
A4(-0.8571)
(8.7819)
(-5.9759)
G1(0.0468)
(0.2687)
(-0.1634)
G2(0.5731)
(0.9147)
(-0.4528)
G3(-0.1048)
(-0.2118)
(-0.2166)
G4(-0.5885)
(0.1777)
(-0.1756)
A1(-2.7734)
(10.0160)
(0.7856)
A2(3.2417)
(9.7013)
(-1.2785)
A3(0.9194)
(8.9974)
(-3.0885)
A4(-0.7805)
(9.3326)
(-3.0311)
G1(0.3230)
(0.9871)
(0.0144)
G2(0.2373)
(0.3767)
(-0.1245)
G3(-0.1080)
(-0.2490)
(-0.1623)
G4(-0.5284)
(-0.0819)
(-0.0729)
