A1(0.1724)
(8.6843)
(1.1400)
A2(2.1069)
(9.2560)
(1.1779)
A3(1.8148)
(8.5569)
(-4.1468)
A4(1.1588)
(8.8202)
(-4.7262)
G1(-0.6135)
(0.3283)
(0.1006)
G2(0.0921)
(0.2017)
(0.0128)
G3(-0.0106)
(0.0819)
(-0.0404)
G4(-0.1266)
(0.0346)
(0.0436)
A1(-0.1820)
(9.2687)
(-0.2491)
A2(2.7581)
(9.1985)
(0.6225)
A3(1.5562)
(9.0788)
(-2.8635)
A4(2.5809)
(8.9112)
(-4.3574)
G1(-0.7364)
(-0.2682)
(0.0718)
G2(-0.0862)
(0.0096)
(-0.0059)
G3(0.0750)
(0.0282)
(0.0122)
G4(-0.1431)
(-0.7125)
(0.2905)
A1(0.4215)
(9.4747)
(0.6467)
A2(2.9975)
(9.2799)
(1.4892)
A3(2.1500)
(8.5808)
(-4.0127)
A4(2.3463)
(9.5624)
(-2.0638)
G1(-0.9796)
(-0.1623)
(-0.1181)
G2(0.0963)
(-0.1272)
(0.1165)
G3(0.2261)
(-0.2293)
(0.2043)
G4(-0.1501)
(-0.8487)
(-0.0851)
A1(1.1927)
(10.3465)
(0.3640)
A2(3.8786)
(8.9256)
(0.7757)
A3(1.2450)
(8.4755)
(-3.1651)
A4(4.0414)
(13.3692)
(3.4572)
G1(-0.7263)
(-1.0940)
(-0.0926)
G2(0.1985)
(-0.5071)
(0.1650)
G3(0.3161)
(-0.0740)
(0.1655)
G4(0.1511)
(0.7902)
(-0.5454)
A1(-3.7410)
(7.8652)
(-2.3759)
A2(4.9608)
(7.7476)
(1.0104)
A3(3.4572)
(7.0390)
(-7.2401)
A4(11.0325)
(16.3763)
(-8.3558)
G1(-0.2799)
(-1.4697)
(-0.1453)
G2(-0.0995)
(-0.9445)
(0.4597)
G3(0.0553)
(-0.2618)
(0.1431)
G4(0.9440)
(0.9110)
(0.2772)
A1(5.1062)
(10.5716)
(4.3446)
A2(9.6007)
(10.2137)
(7.5896)
A3(4.2234)
(8.1355)
(-4.5442)
A4(-2.0830)
(10.2759)
(-14.7004)
G1(-0.1836)
(-2.4435)
(-0.7013)
G2(-3.6279)
(-0.4129)
(0.8280)
G3(-0.5545)
(-0.9610)
(0.2097)
G4(2.8165)
(2.2514)
(1.5681)
A1(-1.4610)
(11.0410)
(5.4990)
A2(6.5888)
(10.6494)
(11.2623)
A3(4.4388)
(7.8386)
(-5.7221)
A4(2.2649)
(-5.2529)
(-7.5369)
G1(0.1229)
(-1.3622)
(-1.1100)
G2(-4.7624)
(-3.1198)
(2.1843)
G3(-1.0328)
(-1.7102)
(0.2075)
G4(2.6318)
(3.9297)
(5.1950)
A1(2.2561)
(8.7754)
(7.2952)
A2(11.3533)
(6.1052)
(5.4923)
A3(3.4046)
(9.3948)
(0.1389)
A4(2.2505)
(-10.5297)
(-1.4748)
G1(0.1495)
(-0.3666)
(0.1804)
G2(-3.2922)
(-2.0609)
(2.4945)
G3(-1.1877)
(-1.4686)
(-0.2384)
G4(0.5529)
(3.6508)
(5.0817)
A1(-3.0417)
(8.8807)
(3.3339)
A2(8.7628)
(4.7405)
(2.3511)
A3(0.0335)
(9.4188)
(0.5171)
A4(-1.2354)
(-6.1675)
(-4.6831)
G1(0.3368)
(-1.0557)
(-0.0846)
G2(-1.7070)
(-3.8706)
(2.4775)
G3(-0.9610)
(-1.5032)
(-0.3416)
G4(1.0350)
(0.1016)
(6.4285)
A1(-14.4563)
(4.6080)
(1.7484)
A2(5.2672)
(1.3886)
(-2.8539)
A3(-2.6001)
(9.6103)
(-1.6807)
A4(3.9361)
(11.3485)
(8.3701)
G1(-0.1623)
(1.2840)
(0.3517)
G2(2.8441)
(-3.0692)
(2.0263)
G3(-0.6992)
(-1.7730)
(-0.1958)
G4(-0.5667)
(-1.7730)
(-1.1047)
A1(-0.7520)
(9.2352)
(4.3158)
A2(3.1939)
(0.9385)
(-0.1915)
A3(-10.6446)
(12.4546)
(-4.5346)
A4(4.6974)
(5.0613)
(-9.8402)
G1(0.3959)
(-0.9578)
(0.2794)
G2(3.8546)
(-2.2934)
(-1.1478)
G3(0.4486)
(1.9576)
(-0.3437)
G4(-0.5146)
(1.3319)
(-2.6116)
A1(1.4514)
(8.3347)
(2.7495)
A2(4.6639)
(-1.0582)
(13.8098)
A3(-0.0527)
(9.8881)
(-0.6129)
A4(3.9265)
(-2.8491)
(-4.2329)
G1(0.2826)
(0.6625)
(0.0112)
G2(-3.2938)
(0.8434)
(-0.7348)
G3(-0.1032)
(0.5986)
(-0.0176)
G4(-0.1825)
(0.4768)
(-4.5240)
A1(-1.0778)
(8.7083)
(1.7771)
A2(18.2007)
(1.9632)
(-16.1561)
A3(-0.8140)
(9.6869)
(-0.5938)
A4(8.2456)
(-5.0326)
(-4.3622)
G1(0.2208)
(0.1655)
(0.2315)
G2(-1.0179)
(4.9439)
(-0.2522)
G3(0.1969)
(0.8099)
(0.0341)
G4(0.8562)
(-1.7735)
(-3.5928)
A1(-1.3843)
(10.6483)
(1.3173)
A2(4.0270)
(-0.6656)
(4.5921)
A3(2.1404)
(9.5912)
(1.2258)
A4(5.8514)
(0.7901)
(-7.4555)
G1(0.3054)
(2.3647)
(0.3826)
G2(-1.7735)
(3.4747)
(-1.6203)
G3(0.9291)
(2.9107)
(-0.3539)
G4(-1.6618)
(-2.7766)
(-4.1154)
A1(0.7808)
(10.9596)
(-0.0719)
A2(10.3669)
(4.0606)
(-3.6392)
A3(5.0566)
(8.3845)
(-4.1228)
A4(3.0694)
(8.7915)
(-8.5234)
G1(0.3294)
(-0.9727)
(-0.0330)
G2(0.4629)
(2.0609)
(-2.5036)
G3(0.6524)
(2.5462)
(-0.2884)
G4(-1.3787)
(-0.7295)
(-3.5604)
A1(-3.9278)
(8.6843)
(-3.2237)
A2(6.1148)
(5.2672)
(6.3590)
A3(2.9018)
(8.9016)
(-3.4668)
A4(4.9512)
(11.4395)
(-8.7340)
G1(0.5475)
(1.1728)
(-0.2240)
G2(0.1027)
(1.4968)
(-2.8245)
G3(-0.0788)
(0.1298)
(0.2134)
G4(-0.6657)
(-1.5506)
(-1.1291)
A1(0.3832)
(8.5119)
(-0.1293)
A2(10.3573)
(7.3598)
(4.9177)
A3(1.6664)
(9.5241)
(-2.0925)
A4(3.7493)
(9.0261)
(-8.3462)
G1(0.2261)
(-0.2070)
(0.1304)
G2(1.1946)
(1.0541)
(-2.7388)
G3(-0.0133)
(0.4246)
(0.1064)
G4(-0.9014)
(-0.8493)
(-0.1038)
A1(-2.4190)
(9.1250)
(-0.0287)
A2(8.5473)
(7.8147)
(4.7357)
A3(3.8786)
(8.8202)
(-2.5043)
A4(4.3479)
(10.4531)
(-6.9480)
G1(0.0676)
(-0.1245)
(0.2272)
G2(1.4958)
(-1.1004)
(-2.0885)
G3(0.1022)
(0.1006)
(0.0718)
G4(-0.8322)
(-0.6694)
(0.0325)
A1(-0.9676)
(9.7525)
(-1.3364)
A2(5.6216)
(8.5952)
(2.8108)
A3(2.9544)
(8.2313)
(-3.9456)
A4(0.9433)
(7.6758)
(-5.3630)
G1(0.2639)
(0.4991)
(-0.3517)
G2(1.6022)
(0.9456)
(-1.4814)
G3(0.1958)
(0.2719)
(-0.0644)
G4(-0.4454)
(-0.1586)
(-0.7029)
A1(0.4503)
(10.1884)
(-0.1677)
A2(4.2713)
(9.1267)
(0.7566)
A3(1.2881)
(8.4372)
(-4.0845)
A4(0.7326)
(8.6622)
(-5.0518)
G1(0.2698)
(0.5608)
(-0.1277)
G2(1.3995)
(0.4592)
(-0.7402)
G3(0.0761)
(0.1958)
(-0.0506)
G4(-0.5800)
(0.5018)
(-0.2219)
