A1(-8.9813)
(11.2949)
(9.5130)
A2(0.2873)
(7.5082)
(1.4509)
A3(-4.6639)
(13.7858)
(2.1452)
A4(0.5028)
(7.8147)
(-9.9599)
G1(-4.2702)
(1.3303)
(-0.3943)
G2(-1.3031)
(-0.3597)
(0.2320)
G3(0.7434)
(-0.0841)
(0.2341)
G4(0.3789)
(1.3580)
(-0.4390)
A1(-9.5130)
(12.0278)
(10.5429)
A2(-3.6966)
(9.6678)
(-1.7286)
A3(-8.3510)
(11.6071)
(-10.8314)
A4(-2.5283)
(8.4707)
(-5.6024)
G1(-3.2943)
(4.0590)
(-1.8113)
G2(-1.4569)
(1.7927)
(0.9269)
G3(1.7107)
(-0.5992)
(-1.0137)
G4(-0.3645)
(0.6157)
(-0.2112)
A1(-9.9824)
(11.6542)
(1.8394)
A2(3.8451)
(14.4131)
(-0.6273)
A3(-8.2791)
(22.6204)
(-12.2631)
A4(0.6033)
(8.7245)
(-5.3439)
G1(-1.4436)
(4.8752)
(-3.0506)
G2(-0.5550)
(3.2289)
(1.6676)
G3(2.8170)
(-1.1483)
(-2.8872)
G4(-0.1469)
(1.3532)
(-0.2480)
A1(-8.8137)
(8.6604)
(-0.8478)
A2(-2.2218)
(14.3317)
(7.7716)
A3(-6.3686)
(-3.4141)
(-12.5121)
A4(1.4844)
(4.8890)
(-9.6007)
G1(4.1276)
(3.6067)
(-2.9543)
G2(-0.6167)
(-1.0493)
(0.7955)
G3(5.1567)
(-3.5763)
(-7.8976)
G4(-0.7104)
(1.2760)
(-0.1846)
A1(-10.2890)
(9.2160)
(-0.0479)
A2(-5.1284)
(8.3079)
(7.4508)
A3(-4.4101)
(-12.7611)
(-2.4277)
A4(-1.5371)
(9.3278)
(-1.8866)
G1(5.4180)
(2.2333)
(-3.4108)
G2(-0.4693)
(4.0350)
(0.7258)
G3(3.3081)
(-5.3706)
(-4.6374)
G4(-1.1015)
(1.9449)
(-0.1846)
A1(2.8788)
(-4.3494)
(28.1511)
A2(7.1395)
(10.0413)
(6.2153)
A3(-11.5401)
(-5.9520)
(-11.2288)
A4(5.4157)
(6.6272)
(-0.4884)
G1(0.7982)
(1.1121)
(-0.1022)
G2(1.4261)
(-0.3592)
(1.3867)
G3(0.3656)
(1.0302)
(-5.2551)
G4(-0.6540)
(-0.3097)
(1.0344)
A1(-8.5023)
(-2.3567)
(-1.4897)
A2(-5.5210)
(11.7316)
(11.9279)
A3(13.3980)
(21.0738)
(-0.5698)
A4(22.7210)
(12.4115)
(2.7725)
G1(-0.0357)
(-6.0938)
(0.6449)
G2(-0.3193)
(0.4523)
(0.7976)
G3(-2.0609)
(1.0775)
(-1.6511)
G4(-0.2852)
(-2.1412)
(0.4965)
A1(-2.5244)
(-4.1386)
(-1.9016)
A2(14.4801)
(0.4884)
(-1.3503)
A3(-15.1505)
(15.7491)
(-10.5441)
A4(0.6416)
(6.8235)
(-6.9288)
G1(-1.8124)
(-1.8677)
(0.6407)
G2(0.2112)
(-1.6964)
(-1.2643)
G3(-0.2692)
(0.4720)
(-0.7561)
G4(0.0915)
(-1.7794)
(0.3038)
A1(-8.3921)
(2.0789)
(0.4455)
A2(9.9024)
(9.5720)
(4.7405)
A3(0.3783)
(-4.2904)
(-4.1994)
A4(0.4262)
(10.0078)
(-5.3965)
G1(-1.9901)
(-3.3379)
(1.7741)
G2(-0.5193)
(-1.5240)
(0.3730)
G3(-1.4777)
(-0.0053)
(0.4193)
G4(-0.3214)
(-3.5002)
(0.4097)
A1(-5.8247)
(4.2200)
(-2.5866)
A2(6.6798)
(10.3908)
(2.0973)
A3(-8.5904)
(-0.6416)
(-3.0885)
A4(1.8196)
(9.2703)
(-1.9632)
G1(0.3379)
(-3.8722)
(2.1167)
G2(-0.2128)
(-0.0947)
(-0.7274)
G3(0.4326)
(0.8014)
(3.6381)
G4(0.0053)
(-0.9195)
(-0.0639)
A1(-9.7190)
(6.0833)
(1.8681)
A2(0.9433)
(12.4163)
(3.3998)
A3(-11.3581)
(-2.7581)
(-6.5122)
A4(1.9201)
(8.8490)
(-4.0510)
G1(0.5513)
(-1.8230)
(3.2480)
G2(0.1634)
(-2.3812)
(-1.0382)
G3(0.9514)
(0.0894)
(4.3005)
G4(0.1602)
(-0.6609)
(-0.0080)
A1(-5.7385)
(8.1718)
(3.7698)
A2(2.6097)
(8.9974)
(3.5195)
A3(-8.7628)
(3.0071)
(-7.0006)
A4(0.5698)
(8.7149)
(-4.9225)
G1(0.3038)
(-0.8269)
(2.8596)
G2(0.6082)
(-0.3597)
(-0.5688)
G3(-0.8812)
(3.2028)
(2.6904)
G4(-0.0803)
(-0.1708)
(-0.1469)
A1(-6.9935)
(8.3682)
(4.7469)
A2(2.3703)
(9.3518)
(1.3360)
A3(-8.6000)
(4.6208)
(-8.0685)
A4(0.0048)
(8.6862)
(-4.4963)
G1(1.0791)
(-2.3434)
(2.6265)
G2(0.2325)
(-0.7897)
(-0.4544)
G3(-0.9466)
(3.1847)
(2.1588)
G4(-0.1543)
(0.0819)
(-0.1650)
A1(-7.1132)
(8.4017)
(2.6249)
A2(0.8475)
(9.6965)
(1.5323)
A3(-7.1539)
(9.1698)
(-7.4460)
A4(-0.1006)
(9.3805)
(-3.8259)
G1(1.0068)
(-0.3124)
(1.8220)
G2(0.3150)
(-0.2112)
(-0.2778)
G3(-0.9041)
(2.0151)
(1.9215)
G4(-0.2171)
(0.0085)
(-0.1000)
A1(-4.2871)
(10.3656)
(4.2296)
A2(1.2354)
(9.1075)
(1.7095)
A3(-6.4021)
(9.3374)
(-7.4555)
A4(0.5650)
(9.3565)
(-3.1699)
G1(1.3643)
(-0.2996)
(1.1563)
G2(0.4848)
(-0.4486)
(-0.3549)
G3(-1.2973)
(1.7331)
(1.8693)
G4(-0.0436)
(0.1623)
(-0.1963)
A1(-5.5469)
(9.4364)
(3.0944)
A2(-1.3024)
(9.3230)
(1.4174)
A3(-3.5147)
(8.7436)
(-5.8945)
A4(1.9585)
(9.0022)
(-2.8299)
G1(1.1605)
(-0.5188)
(0.5231)
G2(0.4927)
(-0.6327)
(-0.1894)
G3(-1.2579)
(1.3580)
(0.7881)
G4(0.0170)
(-0.2921)
(-0.0218)
A1(-2.4860)
(10.5477)
(2.7112)
A2(-0.2969)
(9.4379)
(1.2354)
A3(-3.6823)
(9.3087)
(-5.3774)
A4(-1.1684)
(9.6343)
(-4.2090)
G1(0.9323)
(-0.2373)
(0.6838)
G2(0.2097)
(0.2251)
(-0.1639)
G3(-1.2851)
(0.7870)
(0.2788)
G4(-0.0729)
(-0.2804)
(0.1048)
A1(-3.4153)
(10.5285)
(-0.0910)
A2(2.4469)
(8.9926)
(-0.3831)
A3(-4.0127)
(9.4715)
(-8.1163)
A4(-0.0287)
(8.7915)
(-4.3287)
G1(0.9637)
(-1.5735)
(-0.4667)
G2(0.1144)
(-0.2708)
(-0.1293)
G3(-0.7263)
(0.6013)
(0.4502)
G4(0.0335)
(0.0399)
(0.0463)
A1(-2.7351)
(9.4507)
(-1.6813)
A2(-0.9481)
(10.9128)
(2.5857)
A3(0.3879)
(10.1706)
(-5.0470)
A4(1.6616)
(8.9399)
(-4.3431)
G1(1.3202)
(-0.3735)
(-0.3555)
G2(0.3512)
(-0.9088)
(0.0011)
G3(-0.3821)
(0.9376)
(-0.6098)
G4(0.0090)
(0.0612)
(0.0873)
A1(-2.1843)
(10.0639)
(0.5509)
A2(0.3352)
(9.7875)
(-0.3879)
A3(1.0774)
(9.0788)
(-3.1316)
A4(1.7190)
(8.8011)
(-4.0893)
G1(0.4049)
(0.4188)
(-0.1112)
G2(0.5518)
(0.3741)
(-0.1559)
G3(-0.4209)
(0.1868)
(0.0766)
G4(-0.1181)
(0.1554)
(0.0314)
