A1(2.0214)
(9.1921)
(-0.6562)
A2(2.0734)
(9.4523)
(0.1053)
A3(1.9201)
(8.9064)
(-2.7869)
A4(3.0837)
(10.8362)
(-1.4222)
G1(-0.5704)
(-0.5326)
(-0.0490)
G2(0.0931)
(0.5965)
(0.0410)
G3(0.5587)
(0.0069)
(0.0910)
G4(0.1133)
(-0.1527)
(0.0090)
A1(1.9448)
(10.1597)
(-1.0059)
A2(3.7541)
(8.9447)
(0.5171)
A3(1.9393)
(7.5322)
(-4.8650)
A4(9.0644)
(19.4409)
(-8.2121)
G1(-0.8429)
(-1.3776)
(-0.2288)
G2(0.2964)
(-0.1889)
(0.0910)
G3(0.2730)
(0.0782)
(-0.0484)
G4(1.5160)
(0.9621)
(-0.2943)
A1(1.7244)
(11.6925)
(3.8895)
A2(5.9711)
(8.9830)
(6.8570)
A3(1.2977)
(8.7005)
(-4.3287)
A4(-0.1532)
(18.7897)
(-13.6661)
G1(-0.6045)
(-2.2812)
(-0.6625)
G2(-3.4348)
(-0.9796)
(0.4645)
G3(-0.1261)
(-0.8892)
(0.1144)
G4(2.6946)
(0.3161)
(1.4042)
A1(-0.5461)
(12.5739)
(0.8622)
A2(6.2824)
(9.2129)
(11.0947)
A3(3.2609)
(8.8633)
(-3.3375)
A4(4.0654)
(-3.2561)
(-7.0868)
G1(-0.3400)
(-1.4665)
(-1.1148)
G2(-4.3724)
(-2.4169)
(1.8289)
G3(-0.3565)
(-1.1015)
(-0.0474)
G4(3.5545)
(3.1001)
(4.3032)
A1(-3.4057)
(4.3829)
(4.1625)
A2(9.3709)
(5.6120)
(7.8913)
A3(4.5011)
(5.8179)
(-4.0701)
A4(2.2170)
(-8.5329)
(1.4796)
G1(0.4326)
(-0.0990)
(0.1112)
G2(-3.1985)
(-2.3780)
(1.9582)
G3(-1.3212)
(-1.9704)
(0.1309)
G4(1.2952)
(4.4836)
(3.7594)
A1(-6.1552)
(8.1000)
(3.1997)
A2(2.7677)
(2.8347)
(1.7861)
A3(0.4118)
(10.8649)
(2.8587)
A4(-1.9680)
(-3.5626)
(-3.9840)
G1(-0.2240)
(0.2772)
(-0.2054)
G2(2.0151)
(-3.9238)
(1.1983)
G3(-0.5757)
(-1.1238)
(-0.1681)
G4(-2.4121)
(-1.9608)
(0.9456)
A1(6.1073)
(10.8351)
(5.4319)
A2(7.5848)
(2.4660)
(-0.1053)
A3(-4.1803)
(10.2376)
(0.5267)
A4(10.7691)
(-40.9504)
(-5.6790)
G1(0.1123)
(-0.4864)
(-0.5050)
G2(4.3766)
(-2.5158)
(0.0011)
G3(0.1825)
(0.5332)
(-0.4044)
G4(-0.5763)
(-2.5206)
(1.2526)
A1(-0.0240)
(7.8317)
(2.9363)
A2(11.6406)
(-3.0167)
(6.5170)
A3(-1.9201)
(9.2416)
(-1.8962)
A4(3.7445)
(1.1588)
(-8.0110)
G1(0.2724)
(0.1368)
(0.4864)
G2(-4.3154)
(6.9834)
(-1.9358)
G3(0.0766)
(0.4071)
(0.0873)
G4(-1.2313)
(0.9110)
(-0.9163)
A1(0.1054)
(9.3166)
(2.0022)
A2(0.5507)
(0.1053)
(2.7485)
A3(-0.2682)
(9.6103)
(-0.4310)
A4(11.3102)
(-5.9951)
(-7.6854)
G1(0.3230)
(0.8971)
(0.0910)
G2(-1.6096)
(2.5557)
(-0.5295)
G3(0.4906)
(1.8911)
(-0.1751)
G4(-0.1139)
(-0.9775)
(-4.4293)
A1(-2.5004)
(9.3310)
(2.8549)
A2(6.7516)
(3.8786)
(1.8818)
A3(1.8818)
(9.2320)
(-1.6951)
A4(6.0956)
(-0.5507)
(-8.3941)
G1(0.4076)
(1.2318)
(0.1729)
G2(-1.8379)
(0.8801)
(-1.9795)
G3(0.3352)
(1.3180)
(-0.0468)
G4(-2.9314)
(-2.9814)
(-4.6017)
A1(-1.3221)
(10.2507)
(1.9591)
A2(6.6607)
(7.0294)
(0.1963)
A3(1.6855)
(9.1171)
(-2.9784)
A4(4.5059)
(8.0828)
(-9.9551)
G1(0.7439)
(0.4986)
(-0.1495)
G2(0.9844)
(2.1104)
(-2.7840)
G3(0.2767)
(0.9578)
(-0.0059)
G4(-1.9747)
(-0.6199)
(-1.0147)
A1(-1.0203)
(10.9883)
(0.4838)
A2(7.9009)
(7.2353)
(3.9265)
A3(2.0303)
(9.0501)
(-2.5187)
A4(4.0462)
(11.0277)
(-6.6319)
G1(0.4608)
(-0.2112)
(0.0718)
G2(1.1744)
(1.5559)
(-2.1024)
G3(0.0596)
(0.1740)
(0.1203)
G4(-0.9966)
(-0.1011)
(-0.8301)
A1(-1.0251)
(9.3789)
(-0.0671)
A2(5.4971)
(9.1506)
(3.2226)
A3(2.6193)
(8.7532)
(-2.3367)
A4(3.7541)
(10.5345)
(-3.9313)
G1(0.3108)
(0.8844)
(-0.2160)
G2(1.7794)
(1.1712)
(-1.2813)
G3(0.1511)
(0.7519)
(-0.1038)
G4(-0.9573)
(0.7641)
(-0.4049)
A1(0.1820)
(9.3502)
(-1.5472)
A2(3.3710)
(10.3573)
(0.8428)
A3(2.1356)
(8.5712)
(-3.0742)
A4(0.7709)
(10.6781)
(0.1867)
G1(0.1979)
(0.3677)
(-0.3012)
G2(1.9012)
(1.3234)
(-0.5816)
G3(-0.1165)
(0.0367)
(-0.0905)
G4(-0.1884)
(-0.2150)
(-0.1027)
A1(-1.8681)
(9.6711)
(-0.7377)
A2(4.0845)
(9.1123)
(0.0910)
A3(2.1644)
(9.4044)
(-1.9058)
A4(2.3750)
(8.9256)
(-4.7597)
G1(0.1229)
(-0.4741)
(-0.0798)
G2(1.2393)
(0.9663)
(0.1974)
G3(-0.1650)
(-0.0085)
(-0.1463)
G4(-0.1011)
(0.2395)
(-0.2336)
A1(-2.0693)
(9.4747)
(-1.1688)
A2(3.8499)
(9.4763)
(-1.3695)
A3(0.9673)
(9.3470)
(-2.3224)
A4(1.0391)
(9.2225)
(-3.6344)
G1(0.0218)
(0.1713)
(0.0106)
G2(0.4629)
(0.6343)
(-0.0649)
G3(0.0138)
(-0.1341)
(-0.1415)
G4(-0.0862)
(0.2315)
(-0.2139)
A1(-0.9293)
(9.6807)
(-1.0490)
A2(0.9720)
(9.2751)
(-0.9290)
A3(1.2258)
(9.0261)
(-2.6288)
A4(0.0575)
(9.1602)
(-4.2090)
G1(0.1900)
(0.0468)
(-0.1703)
G2(0.1948)
(0.0474)
(-0.1373)
G3(0.0431)
(0.0484)
(-0.1336)
G4(-0.0761)
(-0.1245)
(-0.0702)
A1(-2.0358)
(9.7813)
(-1.6190)
A2(1.8723)
(9.1459)
(-1.3455)
A3(1.3360)
(9.1794)
(-2.6815)
A4(0.3879)
(9.0644)
(-4.1468)
G1(0.2645)
(0.2682)
(-0.0766)
G2(0.2038)
(-0.0878)
(-0.0623)
G3(0.0074)
(0.0516)
(-0.1171)
G4(-0.0553)
(-0.0298)
(-0.0708)
A1(-2.1699)
(9.6567)
(-1.0730)
A2(2.1165)
(9.2129)
(-1.4988)
A3(1.0247)
(9.3087)
(-2.7102)
A4(0.4214)
(9.1842)
(-3.8930)
G1(-0.4076)
(-0.2421)
(-0.0420)
G2(0.0170)
(-0.1501)
(-0.0532)
G3(-0.0144)
(0.1016)
(-0.1054)
G4(-0.0553)
(0.0319)
(-0.0575)
A1(-1.7675)
(9.3741)
(-0.5509)
A2(1.9393)
(9.1315)
(-1.1971)
A3(0.8763)
(9.2895)
(-2.6528)
A4(0.1245)
(9.1267)
(-4.0893)
G1(0.4480)
(-0.1304)
(-0.2304)
G2(-0.0117)
(-0.0596)
(-0.0415)
G3(-0.0165)
(0.0862)
(-0.0835)
G4(-0.0484)
(-0.0277)
(-0.0053)
