A1(-1.9783)
(8.3826)
(2.4429)
A2(0.6321)
(9.7061)
(1.9489)
A3(-1.9680)
(9.2991)
(-3.2609)
A4(0.5842)
(9.2656)
(-3.2992)
G1(0.0032)
(0.0766)
(-0.0447)
G2(-0.0537)
(-0.0101)
(0.0197)
G3(-0.0809)
(0.2336)
(-0.1298)
G4(0.1415)
(-0.0154)
(-0.0367)
A1(-3.5782)
(7.3479)
(3.8368)
A2(0.7805)
(9.3087)
(1.7813)
A3(-2.8491)
(9.6917)
(-0.5267)
A4(1.7430)
(9.9311)
(-1.1492)
G1(-1.8635)
(0.9802)
(0.6598)
G2(0.0016)
(-0.1362)
(-0.0436)
G3(0.1900)
(0.5470)
(-0.0037)
G4(0.8636)
(-0.1032)
(-0.2469)
A1(-3.2333)
(7.2330)
(5.4415)
A2(0.5124)
(8.3941)
(1.8818)
A3(-2.0446)
(10.3382)
(-1.7334)
A4(-2.2505)
(5.4061)
(-10.0509)
G1(-2.4344)
(1.4862)
(-0.2187)
G2(-0.2011)
(-0.1203)
(0.0553)
G3(0.4986)
(0.7599)
(-0.1070)
G4(0.6364)
(0.7258)
(-0.4129)
A1(-8.4832)
(12.8756)
(3.8416)
A2(1.5371)
(5.4636)
(2.3559)
A3(-4.8171)
(13.2447)
(-2.7916)
A4(-1.5419)
(8.1786)
(-7.0964)
G1(-1.9991)
(-0.1894)
(-1.0546)
G2(-1.2494)
(-0.0867)
(0.6321)
G3(1.1494)
(-0.2501)
(-0.3299)
G4(0.3246)
(0.7253)
(-0.3964)
A1(-12.3918)
(13.7570)
(5.2164)
A2(1.4700)
(9.0788)
(3.0215)
A3(-7.5848)
(15.8879)
(-8.2600)
A4(-2.2505)
(7.5369)
(-8.1020)
G1(-1.2052)
(5.2413)
(-2.8021)
G2(-0.7833)
(1.8698)
(0.6811)
G3(1.4500)
(-0.6002)
(-1.4936)
G4(-0.2038)
(0.4608)
(0.1969)
A1(-7.4964)
(9.3981)
(1.0011)
A2(1.0056)
(10.5919)
(6.4979)
A3(-12.4594)
(2.3655)
(-14.1210)
A4(-1.3264)
(6.8043)
(-8.5186)
G1(1.7033)
(3.0070)
(-3.1645)
G2(0.4911)
(-0.5630)
(1.1552)
G3(4.1324)
(-2.6345)
(-4.9981)
G4(-0.8620)
(1.3760)
(0.0809)
A1(-8.0616)
(7.6832)
(-7.1563)
A2(-3.8451)
(11.1857)
(5.9376)
A3(-8.0828)
(-5.3774)
(-8.8298)
A4(-1.2689)
(7.0006)
(-7.0006)
G1(4.8284)
(2.9197)
(-2.8729)
G2(-0.5843)
(1.4410)
(0.4273)
G3(3.9930)
(-4.7816)
(-5.4142)
G4(-1.3489)
(1.6245)
(0.0511)
A1(2.9938)
(2.5100)
(9.6136)
A2(3.3375)
(12.4163)
(3.7685)
A3(-12.3014)
(-14.2503)
(-9.9359)
A4(-1.9920)
(8.9112)
(-0.5267)
G1(5.7346)
(2.9442)
(-0.7540)
G2(0.8503)
(1.4889)
(1.3436)
G3(-1.5282)
(-2.9176)
(-3.9328)
G4(-1.0291)
(1.6644)
(0.5640)
A1(-10.1788)
(-7.8126)
(-1.4945)
A2(-1.9106)
(6.9719)
(8.6000)
A3(-0.2634)
(12.9191)
(-7.1635)
A4(12.5360)
(11.9710)
(-0.1053)
G1(-0.2927)
(-6.2209)
(0.2512)
G2(1.5096)
(0.3618)
(0.4214)
G3(-2.3099)
(2.7281)
(-2.1923)
G4(-0.5944)
(-0.9371)
(0.7460)
A1(0.0479)
(-6.3803)
(3.3674)
A2(10.1849)
(2.0446)
(-3.6296)
A3(-14.5615)
(0.8811)
(-11.1713)
A4(6.9192)
(7.0916)
(-3.1556)
G1(-1.0270)
(0.2410)
(0.6034)
G2(0.1192)
(-1.5367)
(-0.8173)
G3(-1.4309)
(-0.4917)
(-1.7991)
G4(0.1772)
(-1.6096)
(0.1884)
A1(-3.5973)
(-0.4263)
(-0.0958)
A2(5.9137)
(11.5784)
(4.6352)
A3(4.8123)
(-7.6040)
(1.2737)
A4(-0.6369)
(8.8011)
(-4.8363)
G1(-1.8613)
(-3.7519)
(1.1222)
G2(-0.2746)
(-0.7178)
(0.3177)
G3(-2.2854)
(1.8225)
(0.0793)
G4(-0.0601)
(-1.7666)
(-0.0271)
A1(-7.3000)
(6.0211)
(-1.8729)
A2(9.6917)
(7.8578)
(2.9113)
A3(-6.3255)
(6.1675)
(-3.3950)
A4(3.0167)
(7.6662)
(-3.4860)
G1(-1.2819)
(-1.3686)
(3.1693)
G2(-0.1713)
(-0.5885)
(-0.5321)
G3(1.4606)
(-1.2962)
(2.2806)
G4(0.1266)
(-0.9083)
(-0.0564)
A1(-7.3383)
(7.3719)
(1.1783)
A2(-0.6225)
(6.1866)
(3.0167)
A3(-6.3063)
(-5.6264)
(-6.7660)
A4(0.4501)
(9.0836)
(-4.4101)
G1(-1.5500)
(0.5789)
(3.5625)
G2(0.4017)
(-0.1990)
(-0.5161)
G3(1.3654)
(4.3090)
(0.8828)
G4(0.1070)
(-1.6288)
(0.1288)
A1(-8.3155)
(9.0723)
(1.4705)
A2(2.5283)
(8.3797)
(3.2274)
A3(-9.8114)
(-4.3239)
(-8.6574)
A4(0.7422)
(8.9687)
(-4.3622)
G1(0.2953)
(-1.7719)
(2.1199)
G2(-0.1660)
(-2.2844)
(-0.4262)
G3(-2.2844)
(3.7956)
(1.2281)
G4(-0.0309)
(-0.2868)
(-0.2240)
A1(-5.3505)
(10.3225)
(0.9341)
A2(-0.4645)
(10.1370)
(1.6424)
A3(-10.6111)
(-3.3040)
(-9.4667)
A4(0.5124)
(9.0740)
(-4.3191)
G1(1.1451)
(-2.1247)
(1.6405)
G2(-0.1532)
(-1.3872)
(-0.5060)
G3(-3.7929)
(4.3309)
(1.2153)
G4(0.0468)
(-0.0335)
(-0.2166)
A1(-4.8571)
(11.2805)
(4.7182)
A2(1.5371)
(9.3565)
(1.9393)
A3(-6.7995)
(6.0094)
(-11.7124)
A4(-0.4166)
(9.6055)
(-2.3942)
G1(1.6692)
(-2.1263)
(0.8748)
G2(0.2820)
(-0.3182)
(-0.3757)
G3(-4.3750)
(0.5656)
(1.7852)
G4(0.3421)
(0.0367)
(-0.0181)
A1(-4.0141)
(9.2400)
(2.1124)
A2(0.2777)
(8.9016)
(2.4229)
A3(-3.3854)
(11.0708)
(-5.2816)
A4(-0.1293)
(8.6957)
(-4.5250)
G1(0.6412)
(-1.3409)
(0.7402)
G2(0.5236)
(-0.7625)
(-0.3065)
G3(-2.6888)
(-0.6540)
(1.6128)
G4(0.4629)
(-0.2400)
(0.0149)
A1(-5.6187)
(8.2724)
(0.6467)
A2(-1.1301)
(9.6055)
(2.2458)
A3(-0.7278)
(12.5360)
(-8.1068)
A4(1.2354)
(8.2073)
(-6.5457)
G1(0.4198)
(-1.9592)
(-0.3400)
G2(-0.0282)
(0.2033)
(-0.1979)
G3(0.1687)
(0.8642)
(0.5167)
G4(0.2815)
(-0.0591)
(0.1011)
A1(0.0527)
(10.5525)
(-0.4982)
A2(1.4988)
(9.1698)
(0.9385)
A3(-9.3230)
(15.4426)
(-3.8690)
A4(-0.3974)
(8.0349)
(-6.7421)
G1(0.0761)
(-0.1740)
(0.3171)
G2(-0.0096)
(0.3672)
(-0.2261)
G3(-0.5763)
(0.1282)
(-0.1942)
G4(0.0862)
(0.2857)
(0.0793)
A1(-3.0608)
(9.5130)
(0.9676)
A2(0.0000)
(10.5776)
(-0.7326)
A3(1.7909)
(9.6295)
(-4.5394)
A4(1.5419)
(8.3558)
(-5.7652)
G1(1.1616)
(0.3060)
(-0.2735)
G2(-0.0628)
(-0.3246)
(-0.3113)
G3(-0.0947)
(-0.3171)
(0.4379)
G4(-0.1820)
(0.2682)
(0.0926)
