A1(2.3040)
(12.3344)
(-2.5531)
A2(1.6855)
(9.6438)
(-1.3264)
A3(1.6855)
(7.5992)
(-5.3486)
A4(10.6781)
(19.6756)
(-1.5850)
G1(-0.0952)
(-1.4340)
(-0.3805)
G2(0.2054)
(0.7279)
(0.1804)
G3(0.7907)
(-0.4411)
(0.3241)
G4(1.3995)
(1.1706)
(-1.3808)
A1(4.5314)
(11.2518)
(8.1431)
A2(6.6080)
(6.6511)
(4.4772)
A3(2.3798)
(8.7293)
(-4.5250)
A4(-1.5945)
(29.3529)
(-13.3788)
G1(-0.8274)
(-1.0844)
(-0.8195)
G2(-2.0178)
(-0.6316)
(0.2847)
G3(0.0181)
(0.4225)
(-0.0676)
G4(2.3599)
(0.8093)
(3.2709)
A1(3.4584)
(10.2698)
(6.6965)
A2(10.6303)
(11.4922)
(7.6710)
A3(4.4580)
(8.6335)
(-3.5817)
A4(7.1395)
(-7.9487)
(-14.5280)
G1(-0.9360)
(-3.9866)
(-0.5321)
G2(-3.7833)
(-0.6896)
(1.2978)
G3(-0.1825)
(-1.4394)
(0.3384)
G4(3.3177)
(2.9766)
(3.1421)
A1(-2.3806)
(14.6575)
(1.3795)
A2(3.6631)
(11.3677)
(14.1976)
A3(3.9648)
(8.6048)
(-5.8802)
A4(3.2705)
(-3.3758)
(-4.7453)
G1(-0.1086)
(-0.1916)
(-1.5548)
G2(-4.8837)
(-2.6148)
(2.5552)
G3(-0.5843)
(-2.9053)
(0.8258)
G4(2.6691)
(5.6106)
(5.1285)
A1(0.8239)
(9.0340)
(7.8365)
A2(12.4690)
(9.6055)
(6.4596)
A3(5.2529)
(6.8187)
(-6.0573)
A4(1.6089)
(-6.5984)
(-0.3496)
G1(0.2219)
(-0.5757)
(-0.3735)
G2(-4.7938)
(-3.6801)
(3.2150)
G3(-0.6662)
(-2.2886)
(0.4209)
G4(0.1511)
(6.0368)
(3.9690)
A1(-4.5074)
(6.1121)
(7.0749)
A2(10.4052)
(4.8459)
(-0.3591)
A3(11.5017)
(9.2225)
(-0.4166)
A4(-0.2442)
(-15.5288)
(-4.6878)
G1(0.3533)
(-0.7418)
(-0.1341)
G2(-0.6157)
(-3.7854)
(3.0107)
G3(-1.1557)
(-0.6795)
(0.0905)
G4(-2.7015)
(-1.3782)
(4.7347)
A1(-14.2025)
(9.1969)
(9.2639)
A2(3.3758)
(4.3527)
(4.1707)
A3(0.7853)
(11.6837)
(4.1372)
A4(27.9116)
(76.6575)
(-39.6193)
G1(0.0016)
(1.2989)
(0.6880)
G2(0.8950)
(-4.9274)
(2.5616)
G3(-1.4968)
(-2.2019)
(-0.1926)
G4(1.6873)
(-0.4587)
(3.6471)
A1(-0.1198)
(7.3623)
(5.5660)
A2(4.9608)
(2.4469)
(-5.2864)
A3(-9.9695)
(10.8888)
(-4.9847)
A4(12.5743)
(0.2155)
(-8.2265)
G1(0.1900)
(-0.8397)
(0.0234)
G2(5.0348)
(-1.5947)
(0.3108)
G3(0.3996)
(2.9617)
(-0.6194)
G4(2.4887)
(-2.7446)
(-2.0156)
A1(-4.0524)
(10.8255)
(3.8608)
A2(21.9692)
(-7.2880)
(-0.3352)
A3(1.0918)
(9.7252)
(-1.5036)
A4(3.3567)
(4.3479)
(-5.7652)
G1(0.4432)
(0.0186)
(0.5880)
G2(3.2054)
(-10.9402)
(2.7297)
G3(-0.2724)
(-0.9062)
(0.6875)
G4(-3.5332)
(0.4927)
(-1.3936)
A1(-0.9245)
(8.1287)
(3.7123)
A2(38.4461)
(17.9757)
(-25.6754)
A3(2.1356)
(8.4851)
(-3.6679)
A4(1.7669)
(17.2670)
(-11.2097)
G1(0.4076)
(1.9156)
(0.4597)
G2(0.6784)
(0.0835)
(0.8955)
G3(0.7168)
(2.6169)
(-0.3868)
G4(0.7529)
(0.5933)
(-7.2319)
A1(1.4274)
(10.0303)
(4.2775)
A2(2.4756)
(-6.3063)
(1.5610)
A3(-1.2258)
(9.0597)
(-2.6719)
A4(11.4874)
(-10.0700)
(-5.7509)
G1(0.2799)
(0.5284)
(0.2363)
G2(-1.7161)
(-4.1728)
(-0.9855)
G3(0.4534)
(2.3381)
(-0.3789)
G4(0.4858)
(-3.4651)
(-5.5946)
A1(-1.0969)
(9.7334)
(2.0789)
A2(10.4722)
(2.8252)
(4.1180)
A3(1.2977)
(9.1506)
(-1.9249)
A4(4.2186)
(0.5459)
(-7.4364)
G1(0.3799)
(1.0318)
(0.4390)
G2(-2.4440)
(5.3573)
(-1.6118)
G3(0.4688)
(0.9222)
(0.1149)
G4(-1.2494)
(-2.5930)
(-5.3382)
A1(0.0144)
(10.1549)
(0.6419)
A2(12.5456)
(3.5099)
(-1.0822)
A3(0.5746)
(8.8346)
(-3.1220)
A4(1.6807)
(6.9049)
(-9.3470)
G1(0.6635)
(0.9041)
(0.4353)
G2(-1.5729)
(5.1040)
(-1.5495)
G3(0.5949)
(0.8865)
(0.1841)
G4(-1.1691)
(-2.0971)
(-3.0740)
A1(0.1054)
(9.1825)
(-0.8862)
A2(7.3119)
(6.1244)
(5.3917)
A3(3.3902)
(8.3510)
(-5.3103)
A4(2.6288)
(9.6486)
(-9.5002)
G1(0.8801)
(0.8844)
(0.0782)
G2(1.7352)
(1.2882)
(-1.6767)
G3(0.2639)
(0.3257)
(0.0756)
G4(-0.7311)
(-1.4117)
(-0.0947)
A1(1.6526)
(10.2219)
(-1.0730)
A2(6.7469)
(6.3590)
(6.3734)
A3(1.6999)
(8.5377)
(-3.9696)
A4(7.3598)
(9.6869)
(-9.1028)
G1(0.4225)
(0.5374)
(0.0064)
G2(1.3893)
(1.5011)
(-2.4775)
G3(0.0372)
(0.3539)
(0.1485)
G4(-0.6742)
(-1.2611)
(-0.3810)
A1(-1.1544)
(10.1788)
(0.5892)
A2(9.6103)
(7.2113)
(3.1316)
A3(3.9217)
(8.8442)
(-3.4237)
A4(5.4205)
(10.8553)
(-7.3119)
G1(0.4119)
(-0.1910)
(-0.0309)
G2(2.2668)
(1.4500)
(-2.4318)
G3(-0.0766)
(0.2948)
(-0.0255)
G4(-1.4835)
(-1.1467)
(0.0021)
A1(-0.9005)
(9.2304)
(-1.9064)
A2(8.2648)
(8.7053)
(4.2808)
A3(2.3176)
(8.9543)
(-3.4141)
A4(4.1515)
(13.1968)
(-2.8012)
G1(0.1080)
(0.8556)
(0.1176)
G2(1.8092)
(-0.4443)
(-1.8241)
G3(-0.1532)
(0.0511)
(-0.0053)
G4(-1.0344)
(-1.1286)
(0.3560)
A1(1.1257)
(9.8387)
(0.3736)
A2(4.8219)
(8.6335)
(3.4429)
A3(1.9680)
(8.8633)
(-2.6863)
A4(2.4229)
(8.3462)
(-5.7461)
G1(0.5986)
(0.2916)
(-0.2490)
G2(2.4126)
(1.2393)
(-1.3260)
G3(-0.0532)
(0.0867)
(-0.0282)
G4(-0.7742)
(0.4842)
(-0.3358)
A1(-1.2789)
(8.9238)
(-0.9341)
A2(5.1571)
(6.9097)
(2.0782)
A3(3.8930)
(8.6670)
(-2.9066)
A4(1.6041)
(8.1882)
(-5.2720)
G1(-0.0021)
(-0.2815)
(-0.0484)
G2(0.8535)
(0.2086)
(-0.5593)
G3(-0.0016)
(0.2724)
(-0.1447)
G4(-0.2144)
(-0.5449)
(0.2256)
A1(-0.9388)
(9.9154)
(-0.7999)
A2(2.8539)
(8.9878)
(2.2218)
A3(3.3710)
(8.7197)
(-2.3942)
A4(1.4509)
(7.7668)
(-5.6551)
G1(0.3358)
(0.3395)
(-0.2964)
G2(0.6619)
(1.4133)
(-0.4017)
G3(0.1437)
(0.0607)
(-0.1894)
G4(-0.3943)
(-0.0766)
(-0.3709)
