A1(-5.6475)
(9.2448)
(8.5837)
A2(0.9194)
(9.1075)
(0.1676)
A3(-1.6759)
(13.7858)
(-0.5363)
A4(-1.0965)
(8.5569)
(-6.8235)
G1(-3.9376)
(1.8315)
(-0.6220)
G2(-1.0807)
(0.4230)
(0.1389)
G3(1.0802)
(-0.0005)
(0.3139)
G4(-0.1117)
(0.5018)
(-0.2086)
A1(-10.4567)
(9.9154)
(8.5981)
A2(-0.0383)
(9.4810)
(-0.4070)
A3(-6.6272)
(13.0580)
(-8.0062)
A4(-1.6712)
(8.4180)
(-6.8139)
G1(-3.2757)
(1.7155)
(-1.6320)
G2(-0.3874)
(-0.1926)
(0.2575)
G3(1.5564)
(-0.9461)
(-0.4486)
G4(-0.3799)
(1.1095)
(-0.2081)
A1(-12.4685)
(9.4603)
(4.5841)
A2(0.3256)
(10.2615)
(-0.6081)
A3(1.1875)
(14.4227)
(-11.8226)
A4(-1.9728)
(9.3757)
(-4.5969)
G1(-2.5419)
(4.0621)
(-2.2737)
G2(-0.4534)
(0.5396)
(0.6300)
G3(2.5323)
(0.0660)
(-1.0850)
G4(-0.4331)
(1.0887)
(-0.1389)
A1(-6.8210)
(5.5660)
(0.6514)
A2(-1.6424)
(11.6262)
(4.4580)
A3(-6.2632)
(-0.8045)
(-11.9519)
A4(-1.9537)
(9.7396)
(-5.6647)
G1(1.1052)
(4.9204)
(-2.1700)
G2(-0.3634)
(1.6905)
(0.2182)
G3(4.5618)
(-3.8078)
(-4.8832)
G4(-0.3980)
(1.0286)
(0.2081)
A1(-6.4522)
(3.2237)
(0.9341)
A2(-0.8188)
(9.7731)
(1.8771)
A3(-3.8978)
(-6.9576)
(-6.5936)
A4(0.8571)
(7.6854)
(-4.8507)
G1(3.5747)
(4.3963)
(-1.9880)
G2(-0.1059)
(2.0997)
(0.2671)
G3(3.3246)
(-5.5600)
(-5.3738)
G4(-0.4236)
(1.7570)
(-0.1165)
A1(-15.2802)
(10.5764)
(-1.1592)
A2(-3.4764)
(11.6167)
(4.5442)
A3(-8.3653)
(-11.7555)
(-3.0933)
A4(-1.1492)
(10.4627)
(1.6472)
G1(6.3087)
(0.3443)
(-1.1403)
G2(0.1245)
(0.4528)
(0.3741)
G3(-0.5837)
(-4.3995)
(-3.7966)
G4(-0.1634)
(2.3636)
(-0.1745)
A1(-5.0774)
(-7.0461)
(31.6382)
A2(6.0094)
(9.3230)
(0.7949)
A3(-10.0796)
(-14.7291)
(-10.9080)
A4(2.9113)
(9.4332)
(1.1444)
G1(1.0770)
(7.3506)
(-1.2872)
G2(0.9280)
(1.2042)
(0.6726)
G3(-2.7473)
(-0.9791)
(-3.3624)
G4(0.0016)
(0.4757)
(0.2719)
A1(-36.4330)
(9.0628)
(-3.0992)
A2(3.3758)
(9.3278)
(6.5745)
A3(3.5626)
(26.9491)
(3.7206)
A4(-4.4963)
(9.0357)
(-2.0973)
G1(-1.7310)
(-1.3846)
(0.9557)
G2(0.3613)
(1.3638)
(0.1469)
G3(1.8709)
(4.6108)
(1.6895)
G4(0.2331)
(-0.5577)
(-0.0591)
A1(-1.0059)
(2.3471)
(3.9662)
A2(7.7189)
(7.4891)
(1.6424)
A3(-5.6072)
(-0.7997)
(-2.3224)
A4(2.7677)
(9.4954)
(-3.5338)
G1(-1.3909)
(-4.0206)
(0.8572)
G2(-0.5018)
(-1.5532)
(-0.3102)
G3(0.1586)
(-0.5119)
(2.3732)
G4(-0.0367)
(-2.1790)
(0.1325)
A1(-18.9446)
(9.6280)
(-3.0465)
A2(-4.6687)
(8.9016)
(1.3024)
A3(-4.2377)
(-5.9664)
(-4.6352)
A4(0.5842)
(9.4427)
(-3.0885)
G1(0.2171)
(-5.2770)
(2.5031)
G2(0.0394)
(0.2810)
(0.0569)
G3(1.2122)
(1.8124)
(2.3743)
G4(0.1932)
(-0.5571)
(-0.0511)
A1(-9.4891)
(4.3062)
(2.4573)
A2(4.4293)
(9.4954)
(3.3567)
A3(-6.1483)
(-3.5961)
(-2.1979)
A4(0.0383)
(8.7771)
(-2.6336)
G1(-0.3741)
(1.6096)
(1.7682)
G2(-0.3672)
(-2.5291)
(-0.4432)
G3(-0.0899)
(4.1723)
(1.7209)
G4(0.2325)
(-0.2469)
(-0.1453)
A1(-4.6032)
(8.2868)
(4.3110)
A2(-2.0016)
(8.8298)
(3.0933)
A3(-9.8450)
(-3.3662)
(-6.4404)
A4(0.9050)
(8.9208)
(-4.3718)
G1(0.4699)
(-0.9690)
(1.9773)
G2(0.1580)
(-0.9291)
(-0.0702)
G3(-1.3792)
(2.0651)
(2.6595)
G4(0.0958)
(-0.3363)
(-0.2400)
A1(-9.6376)
(7.9179)
(5.4223)
A2(2.3080)
(7.9918)
(0.3017)
A3(-6.0190)
(1.4126)
(-6.5649)
A4(0.3256)
(8.8777)
(-4.7836)
G1(1.1776)
(-1.6916)
(1.0759)
G2(0.2006)
(-0.4432)
(-0.4252)
G3(-2.1215)
(1.8901)
(1.5543)
G4(-0.2320)
(0.0506)
(-0.2224)
A1(-6.0929)
(7.4485)
(5.1876)
A2(0.0910)
(9.2560)
(0.3831)
A3(-7.4220)
(7.8386)
(-6.1100)
A4(-0.6416)
(9.8976)
(-2.2793)
G1(0.7333)
(-0.8567)
(1.0376)
G2(0.4017)
(-0.6295)
(-0.3884)
G3(-1.3776)
(1.0084)
(1.5091)
G4(-0.2293)
(-0.3491)
(-0.0043)
A1(-4.5601)
(7.6449)
(2.9267)
A2(0.8954)
(9.9742)
(1.2881)
A3(-5.6934)
(7.7045)
(-5.8179)
A4(-0.2538)
(9.5385)
(-2.4948)
G1(0.9429)
(-0.8445)
(1.2584)
G2(0.6625)
(-0.5247)
(-0.2325)
G3(-1.6666)
(1.0828)
(1.6767)
G4(-0.0788)
(0.1538)
(-0.1022)
A1(-4.0236)
(8.5071)
(3.7698)
A2(-1.7430)
(9.3565)
(1.4413)
A3(-4.3479)
(8.5234)
(-5.9855)
A4(3.0167)
(9.0980)
(-3.0023)
G1(0.7301)
(-0.3666)
(0.8477)
G2(0.4023)
(-1.0217)
(-0.2416)
G3(-1.4202)
(1.1738)
(1.0499)
G4(0.0330)
(0.1437)
(-0.2192)
A1(-3.8943)
(8.6556)
(3.8464)
A2(-1.1732)
(9.4954)
(0.9385)
A3(-4.9704)
(8.9160)
(-4.7405)
A4(-0.9768)
(9.6486)
(-2.0207)
G1(0.9567)
(-0.6125)
(0.6987)
G2(0.2469)
(-0.0910)
(-0.2559)
G3(-0.7950)
(0.9621)
(0.8817)
G4(0.0362)
(-0.3847)
(0.0537)
A1(-3.7554)
(9.6423)
(2.1076)
A2(1.9201)
(9.1842)
(0.3926)
A3(-2.8970)
(7.6710)
(-4.9656)
A4(0.3208)
(9.1171)
(-4.2425)
G1(1.1371)
(-0.1932)
(0.3384)
G2(0.0122)
(0.8141)
(-0.2448)
G3(-0.7849)
(0.9466)
(0.1788)
G4(-0.0490)
(-0.5710)
(-0.0660)
A1(-4.1482)
(9.5322)
(1.9208)
A2(0.2011)
(9.7348)
(-0.5219)
A3(-3.1125)
(8.3318)
(-4.4436)
A4(-1.6855)
(9.2320)
(-4.4963)
G1(1.2537)
(-0.1815)
(0.1389)
G2(0.2996)
(-0.4752)
(-0.1479)
G3(-0.6657)
(0.9365)
(-0.1884)
G4(-0.1006)
(-0.2650)
(0.0676)
A1(-4.2679)
(9.6807)
(-1.1783)
A2(-0.4453)
(9.6726)
(-0.4453)
A3(1.5658)
(11.6023)
(-4.4963)
A4(-0.8380)
(9.4188)
(-2.4277)
G1(1.6660)
(-0.5316)
(-0.0436)
G2(0.1224)
(-0.1580)
(-0.2001)
G3(-0.6800)
(0.1852)
(0.3565)
G4(-0.0112)
(-0.2964)
(0.1314)
