A1(-0.1533)
(13.2349)
(-0.8957)
A2(3.4812)
(9.0453)
(-0.3208)
A3(1.6999)
(7.2161)
(-5.1475)
A4(12.3780)
(20.0538)
(-2.1069)
G1(0.0553)
(-0.4033)
(-0.2677)
G2(0.5619)
(0.4294)
(0.1751)
G3(1.0158)
(-0.1277)
(0.2261)
G4(1.6453)
(1.4388)
(-1.2281)
A1(3.2620)
(13.2780)
(4.8427)
A2(8.5377)
(6.9001)
(5.5450)
A3(1.0199)
(8.1690)
(-6.7516)
A4(-2.6719)
(23.7409)
(-14.3508)
G1(-0.7306)
(-1.7624)
(-0.4363)
G2(-2.6398)
(-0.0761)
(0.2884)
G3(-0.0319)
(0.1352)
(-0.2666)
G4(2.7383)
(1.5697)
(2.9772)
A1(1.2550)
(9.1681)
(2.7543)
A2(9.4236)
(9.7827)
(6.3494)
A3(3.7302)
(9.0549)
(-3.9648)
A4(2.0399)
(3.7302)
(-13.2016)
G1(-0.1990)
(-2.7691)
(-0.3469)
G2(-4.3665)
(-1.3952)
(1.3548)
G3(-0.1862)
(-0.9770)
(0.2772)
G4(1.8933)
(2.0566)
(2.6164)
A1(0.4024)
(13.4025)
(0.6946)
A2(6.8474)
(8.9735)
(11.0852)
A3(1.9489)
(8.4276)
(-5.9376)
A4(2.1117)
(-4.7692)
(-5.5976)
G1(0.7556)
(-1.3053)
(-1.4612)
G2(-4.3947)
(-2.2828)
(1.9326)
G3(-0.3682)
(-1.3760)
(0.1628)
G4(2.2801)
(3.3661)
(5.3935)
A1(-3.2333)
(3.4057)
(7.2425)
A2(11.6885)
(11.3725)
(5.7030)
A3(5.9185)
(7.3837)
(-7.1251)
A4(2.1979)
(-5.9807)
(-2.9353)
G1(0.5720)
(-1.6937)
(-0.0644)
G2(-4.0254)
(-2.8819)
(3.3571)
G3(-1.0807)
(-2.1316)
(0.3847)
G4(1.4543)
(4.2516)
(4.8401)
A1(-1.2837)
(9.3023)
(5.4319)
A2(7.5178)
(4.6974)
(4.6400)
A3(1.5275)
(9.7971)
(3.4189)
A4(1.8196)
(-16.7307)
(-4.1276)
G1(0.1229)
(0.0591)
(-0.0543)
G2(-1.8267)
(-3.0447)
(1.8831)
G3(-1.3729)
(-1.2159)
(-0.3852)
G4(0.1990)
(1.1339)
(4.6640)
A1(-3.5063)
(7.8221)
(3.2812)
A2(1.7573)
(4.2952)
(1.3934)
A3(-2.7007)
(12.0859)
(1.3551)
A4(2.3320)
(-9.2943)
(-12.3493)
G1(0.2139)
(-0.0686)
(0.0357)
G2(0.2038)
(-4.1478)
(1.9103)
G3(-0.5412)
(-0.0506)
(-0.5970)
G4(-3.3640)
(-1.8730)
(3.2927)
A1(3.0992)
(11.1416)
(2.2896)
A2(7.7764)
(2.0255)
(-1.3503)
A3(-6.0908)
(8.7436)
(1.8100)
A4(32.3840)
(-16.7067)
(-8.7388)
G1(0.2900)
(-0.4039)
(-0.0415)
G2(4.3601)
(-3.0926)
(0.2724)
G3(0.3592)
(0.1735)
(-0.4033)
G4(-0.9679)
(1.6176)
(2.1045)
A1(-5.6618)
(9.3549)
(2.0214)
A2(13.6757)
(12.7659)
(34.2036)
A3(1.1875)
(9.8593)
(-1.2115)
A4(3.1699)
(15.3181)
(2.3942)
G1(0.4055)
(1.4457)
(0.4225)
G2(-4.5975)
(-11.5245)
(-0.1942)
G3(0.0474)
(-0.3677)
(0.3187)
G4(-0.8242)
(2.2455)
(-3.2443)
A1(-1.0059)
(9.1107)
(1.4849)
A2(-11.7412)
(-9.5624)
(14.7722)
A3(-0.1101)
(9.6582)
(-0.8571)
A4(0.8284)
(3.1795)
(-5.6838)
G1(0.3879)
(2.3583)
(0.3629)
G2(-2.0992)
(11.9954)
(-5.8665)
G3(0.6061)
(2.0172)
(-0.2315)
G4(0.1830)
(1.6746)
(-4.7486)
A1(-1.3604)
(9.8962)
(1.5999)
A2(-8.0876)
(-2.9305)
(12.0668)
A3(0.7566)
(8.9830)
(-2.9066)
A4(6.9288)
(-2.3320)
(-7.6710)
G1(0.2714)
(0.0218)
(0.1362)
G2(-0.3294)
(-4.5703)
(0.1240)
G3(0.3475)
(2.1455)
(-0.2538)
G4(-0.0005)
(-2.3338)
(-4.7965)
A1(-1.8298)
(9.3310)
(0.3449)
A2(-1.6807)
(-2.2984)
(7.0198)
A3(1.7430)
(9.2129)
(-2.7342)
A4(6.9336)
(-0.7853)
(-7.8865)
G1(0.3113)
(0.2267)
(0.1873)
G2(-1.6820)
(7.3602)
(-1.8640)
G3(0.1979)
(1.3090)
(0.0388)
G4(-0.6369)
(-2.7324)
(-4.6182)
A1(-1.1879)
(9.7142)
(1.2310)
A2(11.7986)
(2.0303)
(-3.2178)
A3(1.4317)
(9.0501)
(-2.7916)
A4(4.6495)
(6.8331)
(-10.5872)
G1(0.4395)
(1.0690)
(0.0388)
G2(0.6284)
(0.4826)
(-2.6813)
G3(0.0734)
(0.6098)
(0.0990)
G4(-0.9823)
(-1.7251)
(-2.3700)
A1(0.5892)
(9.2160)
(-1.0251)
A2(4.4436)
(7.1778)
(5.6503)
A3(1.7669)
(8.7771)
(-2.7533)
A4(7.4508)
(12.2344)
(-7.6519)
G1(0.1261)
(0.1905)
(0.1282)
G2(0.9621)
(1.4899)
(-2.7255)
G3(0.0676)
(0.7040)
(-0.0325)
G4(-1.1600)
(-1.8374)
(-0.7742)
A1(-1.2502)
(9.6567)
(-1.7867)
A2(6.9528)
(7.9344)
(4.7645)
A3(2.1644)
(9.1746)
(-2.7054)
A4(4.0510)
(10.6207)
(-7.4412)
G1(0.1165)
(0.3879)
(0.2261)
G2(1.0286)
(3.4119)
(-3.3779)
G3(0.0958)
(0.2304)
(-0.0239)
G4(-0.8179)
(-1.4761)
(-0.1485)
A1(-0.1533)
(9.5801)
(0.7472)
A2(7.3071)
(7.5609)
(3.4955)
A3(1.3982)
(9.7540)
(-1.6712)
A4(3.7972)
(9.4763)
(-6.3877)
G1(0.1293)
(0.7221)
(-0.3171)
G2(1.5378)
(-1.8938)
(-1.9411)
G3(0.1123)
(0.5188)
(-0.0889)
G4(-1.5793)
(-0.1974)
(-0.1165)
A1(-0.6658)
(11.3524)
(-0.9628)
A2(4.2377)
(9.8210)
(3.3327)
A3(3.7541)
(7.9871)
(-3.8355)
A4(3.4381)
(10.2185)
(-3.8116)
G1(0.3177)
(0.0607)
(0.0399)
G2(1.0743)
(0.1054)
(-1.6187)
G3(0.0096)
(0.1235)
(-0.0500)
G4(-0.6987)
(-1.1685)
(-0.0697)
A1(-0.6371)
(9.8579)
(-1.2023)
A2(4.5011)
(9.6726)
(1.8483)
A3(2.9928)
(8.1020)
(-4.1563)
A4(2.0686)
(8.4707)
(-5.6503)
G1(0.9865)
(0.0867)
(-0.5300)
G2(1.7070)
(1.1228)
(-0.9003)
G3(-0.1671)
(-0.0176)
(-0.1027)
G4(-0.4432)
(0.4581)
(-0.0096)
A1(-0.9867)
(9.1490)
(-0.5125)
A2(3.9409)
(8.5808)
(0.2203)
A3(1.0774)
(9.3230)
(-2.2936)
A4(-0.5507)
(9.8593)
(-5.3056)
G1(0.1873)
(1.0259)
(-0.0958)
G2(0.8450)
(0.3118)
(-0.6705)
G3(-0.1208)
(0.5513)
(-0.2943)
G4(-0.7471)
(-0.0436)
(-0.0883)
A1(-1.1688)
(8.6604)
(-1.3795)
A2(3.4333)
(9.0932)
(-0.1053)
A3(1.8483)
(9.6055)
(-2.4134)
A4(1.6855)
(10.4196)
(-0.6273)
G1(0.3560)
(0.4188)
(-0.1703)
G2(0.5204)
(0.9014)
(-0.1953)
G3(-0.1862)
(-0.0138)
(-0.2698)
G4(-0.2299)
(-0.4182)
(-0.0303)
