A1(1.0730)
(11.2997)
(3.2189)
A2(2.0925)
(9.2033)
(-0.3208)
A3(0.2059)
(9.4427)
(-1.4796)
A4(1.6903)
(9.6247)
(-3.8451)
G1(-0.7104)
(0.6667)
(-0.4401)
G2(0.0351)
(0.3139)
(0.0000)
G3(0.4693)
(-0.3943)
(0.0905)
G4(-0.2075)
(0.3672)
(-0.0809)
A1(1.1448)
(10.1740)
(-2.1316)
A2(3.4812)
(9.2943)
(-0.3926)
A3(0.9720)
(8.5569)
(-3.3471)
A4(5.0135)
(13.9965)
(4.3287)
G1(-1.0972)
(0.1575)
(-0.1165)
G2(0.1373)
(0.1878)
(0.2224)
G3(0.6790)
(-0.3735)
(0.2341)
G4(0.7205)
(0.9658)
(-0.7577)
A1(0.0383)
(13.3403)
(-1.1975)
A2(5.2146)
(7.8386)
(-1.2019)
A3(3.4716)
(8.1977)
(-4.8890)
A4(5.6599)
(16.7211)
(-5.4253)
G1(-0.0623)
(-1.5043)
(-0.3852)
G2(0.0277)
(0.1144)
(0.2538)
G3(0.4911)
(0.2645)
(-0.0979)
G4(1.1712)
(0.6737)
(-0.4491)
A1(7.4773)
(14.6863)
(7.8844)
A2(12.3014)
(9.8354)
(9.1267)
A3(0.8188)
(9.7348)
(-4.1994)
A4(-4.7597)
(3.4955)
(-13.5272)
G1(-0.6098)
(-2.8974)
(-0.2586)
G2(-3.8466)
(0.0814)
(0.8402)
G3(-0.3363)
(-0.7178)
(0.0021)
G4(3.4162)
(0.7359)
(3.7003)
A1(-3.9422)
(12.7894)
(-0.5604)
A2(3.7158)
(11.5831)
(13.4889)
A3(3.2465)
(8.5904)
(-5.4540)
A4(2.8970)
(-4.2186)
(-4.9991)
G1(0.8572)
(-1.3532)
(-1.2185)
G2(-4.9917)
(-2.6015)
(2.1098)
G3(-0.7918)
(-2.6265)
(0.2139)
G4(4.9460)
(4.2872)
(4.5677)
A1(1.5472)
(11.0650)
(6.0067)
A2(10.4100)
(7.4939)
(4.0893)
A3(0.4884)
(8.0924)
(-0.0431)
A4(3.4429)
(-7.0916)
(-2.9209)
G1(-0.1352)
(-0.2730)
(0.2054)
G2(-2.9554)
(-3.2475)
(2.0247)
G3(-1.4255)
(-1.7927)
(-0.3645)
G4(-0.5486)
(4.6741)
(5.5302)
A1(-7.2521)
(7.8988)
(4.1721)
A2(3.1460)
(6.4787)
(-1.8771)
A3(1.0534)
(10.4627)
(0.4932)
A4(-1.2594)
(-6.9815)
(-7.7764)
G1(-0.1112)
(0.6497)
(0.1900)
G2(1.6485)
(-4.8800)
(2.4445)
G3(-0.2448)
(-1.1073)
(-0.1809)
G4(-2.1258)
(-0.9706)
(1.5022)
A1(3.8368)
(11.2853)
(4.3302)
A2(7.4699)
(3.5674)
(1.9824)
A3(-5.6599)
(9.7588)
(0.7374)
A4(17.7698)
(-25.5701)
(-9.8737)
G1(-0.1697)
(-0.9775)
(-0.4805)
G2(3.8025)
(-2.9899)
(-0.3778)
G3(0.4544)
(0.8083)
(-0.3682)
G4(0.8088)
(-0.2927)
(4.1127)
A1(-4.4931)
(10.8590)
(2.7399)
A2(28.2037)
(8.5234)
(10.1562)
A3(4.4484)
(10.0365)
(-1.5610)
A4(8.4132)
(5.9568)
(-5.2385)
G1(0.5263)
(0.4033)
(0.2049)
G2(-0.9211)
(-8.5793)
(0.6604)
G3(0.0835)
(-0.8375)
(0.5087)
G4(-1.6219)
(0.5672)
(-1.5681)
A1(-3.0992)
(7.1276)
(3.3003)
A2(33.0687)
(3.5961)
(-14.1689)
A3(1.0534)
(8.1977)
(-5.3678)
A4(-2.9688)
(-3.8978)
(-1.5419)
G1(0.6226)
(0.2719)
(0.1772)
G2(1.6160)
(-0.8461)
(0.5066)
G3(0.0867)
(1.1733)
(-0.0553)
G4(-1.2239)
(-2.0023)
(-1.8108)
A1(-2.8932)
(9.2927)
(1.9160)
A2(4.6352)
(0.7230)
(7.3837)
A3(-0.2155)
(9.4667)
(-1.0678)
A4(13.1298)
(0.5171)
(-6.7421)
G1(0.3065)
(1.1999)
(0.4278)
G2(-0.4715)
(-4.0824)
(0.6960)
G3(-0.1000)
(0.5699)
(0.0314)
G4(0.3012)
(0.2405)
(-3.8110)
A1(0.4982)
(10.2076)
(0.4886)
A2(10.6638)
(4.5442)
(-4.8507)
A3(0.3352)
(8.9304)
(-3.8499)
A4(5.5450)
(-2.0255)
(-7.4460)
G1(0.5028)
(0.7072)
(0.3688)
G2(-0.4635)
(3.2235)
(-1.6655)
G3(0.5209)
(1.6027)
(0.0585)
G4(-1.2505)
(-2.2993)
(-4.2037)
A1(1.1927)
(10.1597)
(0.2347)
A2(8.6191)
(2.9209)
(-0.9194)
A3(2.0830)
(8.4420)
(-5.1236)
A4(4.6735)
(3.4333)
(-10.4435)
G1(0.5215)
(0.5374)
(0.0218)
G2(-0.9312)
(0.7082)
(-1.9076)
G3(0.0357)
(0.7513)
(0.1368)
G4(-1.8571)
(-2.4770)
(-3.0394)
A1(-1.6621)
(9.1442)
(-0.0719)
A2(9.5481)
(6.0956)
(-0.1245)
A3(2.1452)
(8.9926)
(-3.0071)
A4(3.7397)
(5.5641)
(-10.9607)
G1(-0.1229)
(0.2879)
(-0.0851)
G2(0.3533)
(2.8835)
(-3.0080)
G3(-0.1772)
(0.3858)
(0.0458)
G4(-2.0204)
(-1.8390)
(-1.3266)
A1(3.3866)
(10.9979)
(-1.4083)
A2(4.9273)
(7.5130)
(4.8219)
A3(0.5986)
(9.6678)
(-2.2601)
A4(3.8738)
(12.6079)
(-6.8953)
G1(0.4172)
(0.8253)
(0.7551)
G2(0.5507)
(-0.1692)
(-2.7345)
G3(-0.0846)
(0.1304)
(0.1580)
G4(-1.2020)
(-1.6921)
(-0.3773)
A1(-1.2071)
(10.8255)
(-1.0634)
A2(7.5992)
(8.4611)
(1.0822)
A3(3.7972)
(8.6335)
(-4.0366)
A4(1.5562)
(8.2408)
(-5.8371)
G1(0.1027)
(-0.1655)
(-0.3741)
G2(1.9683)
(1.2888)
(-2.1976)
G3(0.2464)
(0.1804)
(-0.0713)
G4(-1.0802)
(0.5316)
(-0.6604)
A1(0.6706)
(9.8914)
(-0.4024)
A2(2.7629)
(8.7293)
(1.6951)
A3(3.7924)
(8.8825)
(-3.1029)
A4(3.1795)
(6.9001)
(-5.2433)
G1(-0.2320)
(0.1873)
(-0.0495)
G2(0.6236)
(-0.1799)
(-1.2531)
G3(0.0654)
(0.4954)
(-0.2655)
G4(-0.8205)
(-0.5491)
(0.1777)
A1(-1.2598)
(9.9585)
(-0.9293)
A2(3.4907)
(9.8162)
(1.4796)
A3(2.3080)
(8.3941)
(-4.1084)
A4(-0.7661)
(9.6822)
(-5.3199)
G1(0.4624)
(0.3102)
(-0.2570)
G2(0.8221)
(2.1992)
(-0.6662)
G3(0.0250)
(-0.2235)
(-0.1729)
G4(-0.7104)
(-0.1873)
(0.0133)
A1(-1.5089)
(10.5046)
(-0.7808)
A2(3.2417)
(10.2185)
(-0.2059)
A3(2.0734)
(8.4180)
(-4.3000)
A4(0.8332)
(9.3853)
(-2.0973)
G1(0.3826)
(-0.0351)
(-0.7407)
G2(0.5960)
(0.3868)
(-0.1048)
G3(-0.0915)
(-0.3491)
(-0.2214)
G4(-0.5167)
(-0.3278)
(-0.1320)
A1(-1.8969)
(8.9622)
(-0.3305)
A2(2.5618)
(9.5289)
(-0.6273)
A3(1.3360)
(9.1171)
(-2.6480)
A4(-0.4118)
(9.4092)
(-3.0502)
G1(0.4188)
(0.3129)
(-0.0697)
G2(0.6444)
(0.3906)
(-0.1543)
G3(-0.1437)
(-0.0463)
(-0.2873)
G4(-0.1703)
(0.0266)
(-0.2272)
