A1(-3.5925)
(6.7971)
(3.4680)
A2(0.1772)
(9.1746)
(1.6520)
A3(-3.3902)
(9.7827)
(-1.5275)
A4(-0.4262)
(7.8099)
(-6.1818)
G1(-1.2622)
(0.8359)
(0.1761)
G2(-0.2671)
(-0.0851)
(0.0623)
G3(0.2368)
(0.8759)
(-0.1160)
G4(0.3911)
(0.8141)
(-0.1564)
A1(-3.0129)
(11.1368)
(6.2127)
A2(-1.6903)
(8.1211)
(2.0590)
A3(-5.7221)
(12.0380)
(0.3639)
A4(-0.3304)
(7.2592)
(-8.9639)
G1(-2.7686)
(0.6423)
(-1.3244)
G2(-0.6486)
(0.5310)
(0.3241)
G3(1.0014)
(0.7476)
(-0.2070)
G4(-0.0059)
(0.9418)
(-0.2442)
A1(-10.1932)
(9.6950)
(7.3527)
A2(-0.8380)
(9.7875)
(0.7230)
A3(-6.7181)
(13.9630)
(-1.1779)
A4(-0.8380)
(10.1418)
(-4.5777)
G1(-2.3035)
(-0.8796)
(-0.1873)
G2(-0.7418)
(0.7652)
(0.5795)
G3(1.5953)
(-0.3730)
(0.0559)
G4(-0.1485)
(1.2255)
(-0.3257)
A1(-8.2437)
(10.2890)
(5.2643)
A2(-0.9864)
(11.5017)
(-0.1963)
A3(-7.6902)
(16.9079)
(-9.2847)
A4(-1.2163)
(10.1706)
(-5.3103)
G1(-1.9140)
(5.9432)
(-2.8420)
G2(-0.4331)
(2.0518)
(0.8759)
G3(2.1918)
(-0.4379)
(-2.1907)
G4(-0.2815)
(1.3654)
(-0.0841)
A1(-9.6950)
(6.4953)
(-0.8957)
A2(-2.1021)
(11.2144)
(5.8035)
A3(-7.5705)
(-0.3687)
(-10.7739)
A4(-0.9050)
(9.4236)
(-8.6479)
G1(1.8246)
(1.8140)
(-2.7212)
G2(-0.5268)
(0.6955)
(1.1935)
G3(3.4210)
(-1.6687)
(-6.2513)
G4(-0.7801)
(1.3319)
(-0.3017)
A1(-9.1107)
(7.3862)
(-0.5844)
A2(2.7150)
(9.6343)
(5.7988)
A3(-5.0613)
(-5.0613)
(-7.3454)
A4(3.6679)
(4.7692)
(-4.8842)
G1(2.9538)
(6.6966)
(-2.6419)
G2(-0.2634)
(1.5234)
(0.8062)
G3(2.5882)
(-3.3204)
(-5.2876)
G4(-0.9317)
(3.6764)
(-0.9865)
A1(2.7495)
(-7.1851)
(0.6802)
A2(1.6137)
(11.6454)
(4.2904)
A3(-10.5153)
(-8.9878)
(-12.3445)
A4(-0.9673)
(8.1930)
(-0.8619)
G1(3.7599)
(-1.3548)
(-1.7480)
G2(0.6556)
(1.4420)
(0.6364)
G3(0.4017)
(-1.6160)
(-4.0313)
G4(-0.8354)
(1.0036)
(0.6731)
A1(-7.2761)
(4.9146)
(28.3570)
A2(8.5377)
(8.3558)
(5.0901)
A3(1.6903)
(3.8690)
(-8.1594)
A4(6.7373)
(8.6095)
(2.3415)
G1(-1.3186)
(2.8649)
(0.7599)
G2(1.4729)
(-0.3730)
(1.1233)
G3(-3.4231)
(-0.1921)
(-2.5488)
G4(-0.3666)
(-0.5119)
(0.6843)
A1(-18.6380)
(6.2366)
(-5.9396)
A2(3.8738)
(6.6750)
(3.3615)
A3(-1.9920)
(17.4968)
(2.2505)
A4(-1.5945)
(10.4531)
(1.9968)
G1(-0.7226)
(4.7693)
(0.2884)
G2(-0.1373)
(-0.0500)
(-0.7636)
G3(1.6070)
(2.3392)
(0.7136)
G4(0.6774)
(2.4493)
(-0.5683)
A1(-6.4330)
(-1.6430)
(0.7089)
A2(5.6264)
(11.9997)
(5.2337)
A3(-11.5544)
(-1.1061)
(-3.1364)
A4(0.7709)
(9.8785)
(-5.7988)
G1(-1.7719)
(-2.8138)
(0.8583)
G2(0.0287)
(0.1990)
(0.4480)
G3(-0.7215)
(-0.7497)
(-0.2059)
G4(-0.0612)
(-4.7879)
(0.8413)
A1(-7.2713)
(2.9459)
(0.6946)
A2(1.9632)
(4.7118)
(6.4548)
A3(-5.2146)
(6.7086)
(2.7629)
A4(0.6943)
(7.7907)
(-7.2305)
G1(-1.8784)
(-0.6167)
(2.0869)
G2(-0.1352)
(1.3739)
(0.5752)
G3(-0.1181)
(1.0126)
(-0.1288)
G4(-0.0341)
(-0.4166)
(-0.2261)
A1(-10.8590)
(7.8317)
(-0.8095)
A2(2.0973)
(11.6406)
(0.2011)
A3(-2.4612)
(-0.2059)
(-3.8786)
A4(2.0925)
(9.1506)
(-2.4086)
G1(-0.7168)
(-3.2980)
(2.9208)
G2(-0.2171)
(-2.0971)
(-1.0323)
G3(1.3862)
(1.1887)
(2.2285)
G4(0.0410)
(-1.0307)
(0.0809)
A1(-7.3431)
(6.5624)
(3.1614)
A2(4.9847)
(8.3079)
(2.4181)
A3(-7.7476)
(-3.3758)
(-5.3726)
A4(-0.1963)
(9.1075)
(-4.3000)
G1(0.0372)
(0.5795)
(2.9676)
G2(0.4906)
(0.3358)
(-0.4789)
G3(0.2432)
(3.6019)
(2.3610)
G4(0.0612)
(-0.3842)
(-0.1591)
A1(-2.1268)
(10.9883)
(3.4153)
A2(3.2609)
(8.6095)
(2.0016)
A3(-7.0437)
(-3.7733)
(-7.6710)
A4(-0.1724)
(8.4755)
(-5.1140)
G1(0.6721)
(-2.0284)
(2.9947)
G2(0.0138)
(-1.3622)
(-0.3070)
G3(-1.9172)
(4.4809)
(2.4408)
G4(0.0064)
(0.0910)
(-0.0952)
A1(-8.6269)
(8.3251)
(3.5494)
A2(0.4214)
(10.1370)
(2.6576)
A3(-2.9497)
(3.5338)
(-12.9047)
A4(1.2402)
(10.0556)
(-1.3647)
G1(2.1354)
(-0.8753)
(1.3478)
G2(0.2160)
(-0.3517)
(-0.4188)
G3(-3.8248)
(3.5056)
(2.1774)
G4(0.2006)
(-0.2799)
(0.1660)
A1(-0.7137)
(8.3969)
(2.7878)
A2(1.4988)
(9.2225)
(2.6863)
A3(-2.2553)
(8.6574)
(-12.5456)
A4(0.1293)
(9.7492)
(-1.6616)
G1(2.1971)
(-0.3054)
(1.2393)
G2(0.3932)
(-0.3895)
(-0.3081)
G3(-3.4630)
(0.7987)
(3.2480)
G4(0.6923)
(-0.4832)
(0.1399)
A1(-7.5299)
(10.6818)
(4.7182)
A2(1.8866)
(8.3845)
(1.6664)
A3(-5.5737)
(15.3564)
(2.2697)
A4(0.1197)
(6.9145)
(-8.2169)
G1(0.8423)
(-2.5350)
(-0.0229)
G2(0.0963)
(-0.8322)
(0.1538)
G3(-1.2957)
(1.2063)
(0.9269)
G4(0.4390)
(-0.4704)
(0.1713)
A1(-3.4919)
(12.3918)
(1.5280)
A2(3.6823)
(11.1666)
(2.6767)
A3(2.1835)
(6.2010)
(-1.7286)
A4(1.1540)
(7.9966)
(-6.0190)
G1(0.3283)
(-0.7040)
(0.1086)
G2(-0.5896)
(1.1350)
(0.0037)
G3(0.0734)
(0.1389)
(-0.2288)
G4(-0.1639)
(0.3113)
(0.0772)
A1(-5.0343)
(9.1107)
(-0.8622)
A2(0.5219)
(12.0333)
(-2.3703)
A3(0.1293)
(7.5944)
(-4.2952)
A4(1.7190)
(8.6526)
(-6.2393)
G1(0.8886)
(-0.2703)
(-0.3278)
G2(-0.2512)
(1.0408)
(-0.7476)
G3(-0.2288)
(-0.7593)
(0.2496)
G4(-0.2469)
(0.1266)
(0.0633)
A1(-1.7915)
(9.2112)
(0.7377)
A2(2.4900)
(9.2560)
(0.7087)
A3(0.2059)
(8.4659)
(-2.7677)
A4(1.5897)
(8.8394)
(-4.6400)
G1(0.5704)
(0.4534)
(-0.0490)
G2(0.6949)
(-1.5096)
(0.1761)
G3(-0.1304)
(-0.1070)
(-0.0894)
G4(-0.3044)
(0.4055)
(-0.0117)
