A1(-0.7904)
(9.6998)
(-0.7425)
A2(1.4748)
(9.3613)
(0.5124)
A3(2.2697)
(9.1171)
(-3.0646)
A4(1.1923)
(9.1267)
(-3.5626)
G1(0.1383)
(0.7162)
(0.0910)
G2(0.1091)
(0.5268)
(0.0357)
G3(0.1080)
(0.2395)
(0.0506)
G4(-0.0660)
(0.0974)
(0.1101)
A1(-0.3832)
(8.9717)
(-0.4311)
A2(3.1077)
(9.1937)
(0.1628)
A3(1.7669)
(9.5098)
(-1.3647)
A4(1.3599)
(10.2280)
(-3.1220)
G1(-0.7519)
(0.4188)
(0.1272)
G2(-0.0569)
(-0.1027)
(0.1139)
G3(0.0192)
(0.2900)
(0.1064)
G4(0.0181)
(0.1687)
(0.0149)
A1(1.5232)
(9.6567)
(-0.6467)
A2(2.0925)
(9.4810)
(0.2634)
A3(2.1261)
(9.3230)
(-0.7039)
A4(5.6503)
(12.1242)
(-0.8380)
G1(-0.8498)
(-0.5491)
(0.3661)
G2(-0.1415)
(0.1107)
(0.1378)
G3(0.4539)
(0.2075)
(0.1628)
G4(0.5875)
(0.2086)
(-0.3358)
A1(0.6227)
(11.4051)
(-0.7089)
A2(4.7692)
(9.0022)
(1.5850)
A3(3.0358)
(8.7053)
(-2.7725)
A4(7.1156)
(16.6062)
(-4.3766)
G1(-0.6518)
(-0.8349)
(-0.4177)
G2(0.1341)
(-0.1905)
(0.2246)
G3(0.4321)
(0.0521)
(-0.1181)
G4(1.2340)
(1.5176)
(-0.5465)
A1(0.6802)
(8.8807)
(-1.1927)
A2(4.8219)
(8.0780)
(4.4436)
A3(3.7254)
(7.7237)
(-5.4109)
A4(4.2569)
(14.1306)
(-5.3008)
G1(-0.2043)
(-1.9406)
(-0.4358)
G2(-1.2505)
(-0.5997)
(0.1735)
G3(0.2442)
(-0.5864)
(-0.0772)
G4(0.9956)
(-0.2086)
(1.2137)
A1(0.7281)
(10.1884)
(1.8154)
A2(7.9248)
(7.8147)
(6.6272)
A3(4.0558)
(7.9966)
(-4.5490)
A4(4.0270)
(5.6790)
(-13.8385)
G1(0.2778)
(-3.8844)
(-0.7178)
G2(-3.8259)
(-1.0531)
(1.0669)
G3(-0.0309)
(-1.7060)
(0.1729)
G4(2.6850)
(2.4051)
(3.2097)
A1(-2.1459)
(9.5130)
(0.1964)
A2(10.4627)
(7.3119)
(8.0349)
A3(4.6256)
(9.0836)
(-1.9872)
A4(5.1332)
(-3.3806)
(-9.8114)
G1(0.0963)
(-1.1313)
(-0.8998)
G2(-3.4417)
(-2.6808)
(2.0497)
G3(-0.2687)
(-1.3143)
(0.0921)
G4(1.9369)
(4.4469)
(4.6097)
A1(1.6430)
(9.9010)
(5.0200)
A2(8.8921)
(7.5465)
(3.5913)
A3(2.6145)
(7.9296)
(-4.5155)
A4(5.3008)
(-7.7428)
(-3.9744)
G1(0.4374)
(-0.8312)
(0.1655)
G2(-1.8619)
(-2.8431)
(2.8452)
G3(-0.6497)
(-1.0515)
(-0.2150)
G4(-0.0325)
(4.3708)
(1.5915)
A1(-5.0439)
(7.0126)
(4.1338)
A2(8.7436)
(3.9073)
(0.7470)
A3(3.7302)
(8.6574)
(-0.6321)
A4(-2.1452)
(-2.9928)
(-6.8043)
G1(0.4566)
(0.0101)
(0.0202)
G2(0.4874)
(-2.7398)
(2.8511)
G3(-1.0339)
(-2.5408)
(-0.1426)
G4(-2.2274)
(-0.0585)
(2.4424)
A1(-0.9293)
(10.2698)
(2.6537)
A2(4.6878)
(3.6200)
(-0.1293)
A3(-6.3494)
(10.2711)
(2.6624)
A4(1.5036)
(-43.5745)
(-2.5043)
G1(-0.0479)
(-0.5193)
(-0.1607)
G2(3.7700)
(-1.7320)
(1.1260)
G3(-0.2873)
(-0.4119)
(-0.4369)
G4(-1.1446)
(3.5758)
(-2.0859)
A1(-1.3173)
(9.8866)
(3.5159)
A2(4.3527)
(2.0446)
(-3.1603)
A3(-7.7812)
(9.1459)
(-2.8778)
A4(7.5800)
(-7.8673)
(-2.6049)
G1(0.2261)
(0.2772)
(0.0979)
G2(4.4080)
(-1.2675)
(0.7827)
G3(0.3001)
(1.4473)
(-0.1958)
G4(1.3101)
(-2.6159)
(-0.8258)
A1(-1.0778)
(8.7322)
(1.4083)
A2(-1.8723)
(-8.4803)
(8.7532)
A3(-0.0287)
(9.9695)
(-0.9385)
A4(8.2121)
(0.4118)
(-2.2362)
G1(0.4608)
(0.0468)
(0.0708)
G2(-2.2258)
(7.0638)
(-1.7256)
G3(0.0277)
(0.9248)
(0.0181)
G4(1.7640)
(-2.0273)
(0.2522)
A1(-1.9687)
(10.2076)
(1.6095)
A2(8.1690)
(-6.8283)
(1.2115)
A3(0.1197)
(9.2608)
(-0.6225)
A4(14.2311)
(-2.2458)
(-6.8570)
G1(0.3166)
(1.5862)
(0.0681)
G2(-1.1887)
(-3.4731)
(-0.7726)
G3(0.2347)
(1.5224)
(-0.1112)
G4(1.5320)
(-1.0115)
(-3.5460)
A1(-2.3998)
(8.4784)
(-0.2060)
A2(2.7438)
(-0.0479)
(1.7190)
A3(-0.3974)
(9.5960)
(-0.2251)
A4(7.2736)
(1.7286)
(-8.1403)
G1(0.1266)
(1.8677)
(0.5273)
G2(-2.4860)
(4.1638)
(-2.1886)
G3(0.4209)
(2.1673)
(-0.1187)
G4(-1.1228)
(-2.1189)
(-5.0641)
A1(0.8957)
(9.6519)
(0.8287)
A2(11.5401)
(2.6193)
(-3.3854)
A3(0.5650)
(8.6526)
(-3.9073)
A4(4.1707)
(8.0876)
(-9.1075)
G1(0.2022)
(1.6788)
(0.0532)
G2(0.8333)
(1.3909)
(-2.6345)
G3(0.3613)
(0.6391)
(0.2347)
G4(-1.2127)
(-1.3079)
(-3.0405)
A1(0.9963)
(10.1405)
(-0.8095)
A2(4.3958)
(7.6614)
(6.1244)
A3(3.5626)
(8.6335)
(-2.3846)
A4(6.6798)
(11.0421)
(-8.2983)
G1(0.3448)
(0.2054)
(-0.0500)
G2(0.5481)
(1.4681)
(-2.4812)
G3(0.1932)
(0.8791)
(-0.0218)
G4(-0.9716)
(-2.2684)
(-0.6917)
A1(1.3077)
(10.4040)
(0.3688)
A2(9.0405)
(8.1068)
(5.2050)
A3(1.7957)
(8.9830)
(-3.0981)
A4(3.3950)
(10.7739)
(-7.6375)
G1(0.3810)
(-0.2352)
(-0.1378)
G2(1.1526)
(2.6606)
(-2.9133)
G3(0.1032)
(0.6332)
(-0.0442)
G4(-1.1701)
(-1.6868)
(-0.4310)
A1(-1.4658)
(9.5609)
(-0.3832)
A2(7.2927)
(8.4659)
(4.6974)
A3(1.8244)
(9.4715)
(-2.4421)
A4(0.3543)
(10.2089)
(-5.1044)
G1(0.0287)
(0.5130)
(-0.2304)
G2(1.4654)
(-0.7290)
(-2.2269)
G3(0.0351)
(0.2410)
(-0.0947)
G4(-1.0568)
(-0.6561)
(-0.1596)
A1(-1.0634)
(9.7094)
(-0.3832)
A2(5.0039)
(8.3318)
(2.0542)
A3(1.7573)
(9.1937)
(-2.2601)
A4(2.2889)
(13.4602)
(-5.1811)
G1(0.0420)
(0.5507)
(-0.0612)
G2(1.3830)
(0.5156)
(-1.9140)
G3(0.1697)
(0.4135)
(-0.1107)
G4(-0.4879)
(0.9158)
(-0.3432)
A1(-1.6765)
(9.9393)
(-1.8250)
A2(1.8675)
(7.9344)
(1.6999)
A3(3.3471)
(9.1794)
(-1.6520)
A4(-0.2969)
(9.3374)
(-4.9033)
G1(0.2565)
(0.7998)
(-0.1570)
G2(1.0584)
(1.2313)
(-1.2558)
G3(0.0654)
(0.8998)
(-0.2565)
G4(-0.7700)
(-0.6130)
(0.3523)
