A1(-3.3578)
(9.0053)
(-5.4080)
A2(2.2793)
(9.2225)
(-0.5794)
A3(1.9010)
(9.1985)
(-2.6624)
A4(1.4461)
(9.6103)
(-2.2218)
G1(-2.8058)
(0.3954)
(0.1453)
G2(-0.1857)
(0.3890)
(0.0144)
G3(0.0165)
(0.1532)
(-0.0085)
G4(-0.1394)
(-0.2368)
(0.0867)
A1(1.6909)
(6.9647)
(0.0383)
A2(3.3088)
(8.9064)
(-0.6081)
A3(0.9912)
(10.6446)
(0.9577)
A4(3.7828)
(11.3102)
(1.6903)
G1(-1.8794)
(-0.5587)
(0.2581)
G2(0.0612)
(-0.2272)
(0.0878)
G3(0.5146)
(0.0777)
(0.1261)
G4(0.2911)
(0.1703)
(-0.1926)
A1(-1.0825)
(12.4158)
(-3.6835)
A2(2.7677)
(9.2943)
(-0.9337)
A3(0.8715)
(7.1682)
(-4.6591)
A4(14.9398)
(20.3411)
(-3.8882)
G1(0.0096)
(-1.0834)
(-0.3193)
G2(0.0016)
(-0.4858)
(0.2011)
G3(1.0057)
(0.0149)
(0.0213)
G4(1.7868)
(0.7556)
(-0.8439)
A1(-0.1724)
(13.2732)
(1.4658)
A2(12.3684)
(9.0692)
(6.2058)
A3(3.2465)
(9.6391)
(-3.5051)
A4(-1.3886)
(-2.7725)
(-16.0459)
G1(-0.7881)
(-3.8908)
(-0.4470)
G2(-4.3197)
(-0.6396)
(1.5027)
G3(-0.0314)
(-1.8592)
(0.7503)
G4(2.0556)
(2.1098)
(4.5889)
A1(0.4455)
(8.6556)
(3.5159)
A2(3.9792)
(8.2025)
(11.5592)
A3(5.8849)
(7.4268)
(-7.0246)
A4(1.9201)
(-4.6017)
(-6.5553)
G1(0.0341)
(-0.1506)
(-0.8939)
G2(-5.4307)
(-2.5786)
(2.0848)
G3(-0.8035)
(-1.2302)
(0.2528)
G4(3.2443)
(3.9201)
(5.0758)
A1(1.0873)
(8.0185)
(5.9253)
A2(10.8170)
(6.0573)
(5.3391)
A3(3.7541)
(7.8721)
(0.4549)
A4(2.6288)
(-12.9766)
(1.2450)
G1(0.1011)
(-0.3842)
(-0.3139)
G2(-3.3896)
(-4.2181)
(2.2109)
G3(-1.4873)
(-1.7134)
(-0.3730)
G4(-0.0426)
(4.2984)
(2.7175)
A1(-6.6007)
(6.3324)
(4.3302)
A2(4.3814)
(2.4325)
(-0.8188)
A3(2.4852)
(9.8497)
(1.7861)
A4(-7.4747)
(0.5171)
(-2.6863)
G1(0.2304)
(0.9142)
(0.0559)
G2(0.6327)
(-4.0057)
(2.0774)
G3(-0.8136)
(-1.9896)
(-0.0601)
G4(-1.9662)
(-0.6385)
(0.4135)
A1(8.3969)
(13.3163)
(6.4618)
A2(4.5681)
(0.6656)
(0.7614)
A3(-7.5561)
(10.8553)
(1.1205)
A4(21.5813)
(-19.8862)
(-7.4220)
G1(-0.1383)
(-1.9486)
(-0.7098)
G2(3.9036)
(-1.1818)
(0.9248)
G3(0.1862)
(1.2622)
(-0.7152)
G4(0.5326)
(-0.3938)
(1.3548)
A1(1.6478)
(8.1095)
(3.7841)
A2(13.6805)
(-5.7269)
(5.0518)
A3(1.8004)
(10.3669)
(0.5363)
A4(7.9727)
(-0.5411)
(-2.3176)
G1(0.9222)
(0.6529)
(0.3852)
G2(-1.8502)
(4.0361)
(-1.2978)
G3(-0.0319)
(0.9003)
(-0.0420)
G4(1.1685)
(0.1293)
(-1.9257)
A1(-1.5999)
(9.2639)
(1.9112)
A2(7.9823)
(-1.1540)
(8.4994)
A3(-1.0822)
(9.9311)
(0.2394)
A4(13.8002)
(-5.8371)
(-4.5155)
G1(0.5582)
(0.7178)
(0.1495)
G2(-2.1886)
(-2.4211)
(-0.8961)
G3(0.0958)
(0.8423)
(-0.0069)
G4(0.6199)
(-1.9741)
(-3.7487)
A1(-0.8478)
(8.9238)
(1.3364)
A2(8.5904)
(0.1676)
(0.1197)
A3(0.7087)
(9.5385)
(-1.6089)
A4(6.3015)
(0.6704)
(-6.4787)
G1(0.5438)
(0.0899)
(0.4097)
G2(-0.5656)
(2.1034)
(-1.1148)
G3(0.4007)
(1.1882)
(0.0623)
G4(-0.5885)
(-1.8454)
(-4.4596)
A1(-0.2970)
(9.9441)
(0.0287)
A2(7.7859)
(2.6767)
(-1.6568)
A3(1.0678)
(9.5002)
(-1.9201)
A4(3.3375)
(4.1803)
(-8.3989)
G1(0.6689)
(0.9589)
(0.0942)
G2(0.6673)
(2.2588)
(-1.6198)
G3(0.5486)
(1.8395)
(-0.0809)
G4(-0.4044)
(-1.6389)
(-2.1354)
A1(1.3556)
(11.0123)
(-1.7532)
A2(9.0501)
(4.8890)
(2.9736)
A3(1.5993)
(9.4667)
(-3.2370)
A4(8.6287)
(9.1746)
(-7.5465)
G1(0.0506)
(-0.2804)
(0.0548)
G2(1.6932)
(1.5011)
(-2.5770)
G3(0.3054)
(0.5741)
(0.1181)
G4(-0.6162)
(-1.6059)
(-0.2315)
A1(0.3784)
(9.1969)
(-1.6334)
A2(8.0924)
(8.3606)
(4.3910)
A3(3.6057)
(8.7388)
(-2.5714)
A4(4.8650)
(8.2361)
(-7.9631)
G1(0.0372)
(0.0298)
(0.2341)
G2(1.4755)
(-0.0474)
(-2.7915)
G3(0.0974)
(0.4725)
(0.0261)
G4(-1.0642)
(-1.3202)
(0.4305)
A1(-2.2034)
(8.9238)
(-0.3161)
A2(6.4979)
(9.0453)
(2.7246)
A3(3.6344)
(8.7149)
(-2.7150)
A4(6.2010)
(10.2903)
(-5.0757)
G1(0.0644)
(-0.3469)
(-0.2219)
G2(1.6421)
(-0.9924)
(-1.4128)
G3(0.1128)
(0.4284)
(-0.1144)
G4(-0.2198)
(0.4592)
(-0.4901)
A1(-1.2789)
(9.8962)
(-1.8011)
A2(3.2178)
(8.4180)
(1.4365)
A3(3.3662)
(8.3031)
(-3.8164)
A4(2.7150)
(8.6479)
(-4.4532)
G1(0.2038)
(0.6433)
(-0.3645)
G2(1.4351)
(1.2675)
(-0.9599)
G3(0.1038)
(0.3507)
(-0.1245)
G4(-0.1623)
(0.8466)
(-0.4512)
A1(-0.2060)
(9.6615)
(0.3209)
A2(3.6440)
(8.8538)
(0.1820)
A3(3.6727)
(8.7771)
(-3.2082)
A4(1.4605)
(8.0637)
(-5.4061)
G1(0.1123)
(0.4975)
(-0.2799)
G2(0.7311)
(0.7423)
(-0.0170)
G3(0.0841)
(0.2485)
(-0.2416)
G4(-0.3076)
(0.1181)
(-0.1517)
A1(0.1341)
(9.1921)
(-0.7185)
A2(2.9688)
(9.4284)
(-0.9098)
A3(1.7286)
(9.0980)
(-2.7629)
A4(-0.2729)
(9.1459)
(-4.8554)
G1(0.1160)
(-0.0043)
(-0.3693)
G2(0.2836)
(0.3565)
(-0.2895)
G3(-0.0788)
(-0.1059)
(-0.2368)
G4(-0.7907)
(-0.0921)
(-0.0814)
A1(-1.4418)
(12.4972)
(1.1592)
A2(1.9489)
(10.8026)
(-0.8906)
A3(1.4796)
(9.0980)
(-2.8204)
A4(1.7238)
(10.7260)
(-1.0008)
G1(-0.0537)
(-0.2639)
(-0.1729)
G2(0.7843)
(0.0995)
(-0.0990)
G3(0.0027)
(-0.0314)
(-0.2304)
G4(-0.1953)
(-0.0670)
(-0.1272)
A1(-1.4179)
(9.5609)
(2.1555)
A2(1.4748)
(8.7867)
(-0.9002)
A3(1.3455)
(8.9926)
(-3.2274)
A4(0.7183)
(8.9974)
(-4.1132)
G1(0.4800)
(0.4911)
(-0.1426)
G2(0.9110)
(0.2879)
(-0.0654)
G3(-0.0426)
(-0.0931)
(-0.2219)
G4(-0.0894)
(-0.1873)
(-0.1825)
