A1(-0.8047)
(8.0856)
(-0.9388)
A2(1.7909)
(9.4571)
(0.4788)
A3(3.1029)
(9.4906)
(-0.2442)
A4(1.3647)
(11.9231)
(-0.0383)
G1(-1.1770)
(-0.1426)
(0.1495)
G2(-0.0064)
(0.2261)
(0.0043)
G3(0.3725)
(-0.5337)
(0.1139)
G4(0.4810)
(0.6380)
(-0.3038)
A1(0.4838)
(10.9931)
(-1.1592)
A2(2.5857)
(9.1937)
(-0.4549)
A3(0.8092)
(9.3709)
(-2.2122)
A4(4.6495)
(14.9207)
(-3.4860)
G1(-0.6747)
(-0.5002)
(-0.1197)
G2(-0.1389)
(0.0963)
(0.0133)
G3(0.7189)
(-0.2368)
(0.2751)
G4(1.3824)
(0.2772)
(-0.5044)
A1(-0.2778)
(10.2267)
(-1.4610)
A2(2.0782)
(8.3318)
(1.0056)
A3(2.8683)
(7.5274)
(-5.4253)
A4(7.1587)
(19.7665)
(-3.0311)
G1(-0.1298)
(-0.7492)
(-0.1064)
G2(-0.5449)
(0.3336)
(0.1841)
G3(0.4848)
(-0.0803)
(0.0569)
G4(1.7895)
(0.3725)
(-0.2873)
A1(4.0045)
(13.7809)
(5.6427)
A2(5.3391)
(10.4866)
(5.4588)
A3(0.1820)
(9.2560)
(-2.2793)
A4(2.5809)
(21.5143)
(-12.4355)
G1(-0.2315)
(-0.8157)
(-0.6768)
G2(-2.7430)
(-0.7120)
(0.4704)
G3(0.0601)
(0.2703)
(-0.1399)
G4(1.6607)
(0.4778)
(2.2402)
A1(-0.5317)
(10.8399)
(1.2885)
A2(6.2058)
(10.1801)
(7.7476)
A3(2.7342)
(8.6526)
(-4.5681)
A4(5.2098)
(3.5003)
(-12.0859)
G1(-0.8748)
(-3.2321)
(-0.3847)
G2(-3.9903)
(-2.7037)
(2.0965)
G3(0.0506)
(-0.3831)
(-0.1825)
G4(3.6514)
(2.8479)
(5.0615)
A1(-0.8622)
(10.7009)
(2.0166)
A2(6.7229)
(7.7045)
(10.7069)
A3(4.7980)
(7.7285)
(-4.9321)
A4(1.1492)
(-3.0789)
(-5.8658)
G1(0.3124)
(-2.5078)
(-1.6229)
G2(-3.7482)
(-1.6362)
(1.8081)
G3(-0.1575)
(-0.7476)
(-0.0266)
G4(2.6180)
(3.7519)
(4.4389)
A1(-2.1699)
(6.8402)
(5.9253)
A2(9.8881)
(5.2625)
(5.5402)
A3(3.6296)
(8.3031)
(-4.9560)
A4(3.0311)
(-5.8993)
(0.3400)
G1(0.4895)
(-0.8210)
(0.0341)
G2(-3.2118)
(-2.6824)
(2.3322)
G3(-0.8711)
(-1.5144)
(-0.0357)
G4(-0.7721)
(4.0919)
(4.1409)
A1(-1.5232)
(7.1228)
(3.8033)
A2(9.3374)
(4.7453)
(6.4739)
A3(4.5203)
(7.3837)
(-1.2354)
A4(6.7086)
(-9.9264)
(-1.6328)
G1(0.2155)
(-0.0819)
(-0.0341)
G2(-2.0891)
(-2.6669)
(1.9023)
G3(-1.0940)
(-1.7086)
(-0.2011)
G4(-0.6667)
(2.7473)
(3.8812)
A1(-14.8252)
(8.6269)
(1.7436)
A2(3.2034)
(1.3551)
(1.2498)
A3(-1.0582)
(9.4332)
(-1.4078)
A4(4.2713)
(76.1979)
(-12.3732)
G1(0.1469)
(-0.2432)
(-0.1054)
G2(1.9231)
(-4.3915)
(1.1685)
G3(-0.6050)
(-1.2111)
(-0.2224)
G4(-0.8391)
(1.0749)
(-0.0436)
A1(-2.7591)
(9.1298)
(4.9577)
A2(9.5624)
(2.6049)
(-0.7901)
A3(-7.6423)
(9.9790)
(-6.3255)
A4(4.3383)
(-4.5538)
(-9.9216)
G1(0.2666)
(-0.1213)
(0.0420)
G2(3.5274)
(-2.1104)
(0.0516)
G3(0.0165)
(1.1914)
(-0.2911)
G4(1.2159)
(-3.9472)
(-0.9445)
A1(-1.8969)
(8.5646)
(4.6320)
A2(8.2025)
(-4.4772)
(6.7852)
A3(3.9504)
(8.8921)
(-0.6800)
A4(1.5083)
(-1.5323)
(-3.0502)
G1(0.2219)
(0.6912)
(-0.0133)
G2(4.0595)
(-3.8866)
(1.6006)
G3(-0.3288)
(-1.1589)
(0.3390)
G4(-1.5399)
(-0.5342)
(0.7418)
A1(-2.5866)
(9.4076)
(1.5424)
A2(18.1385)
(8.7053)
(-5.0374)
A3(0.3783)
(9.1315)
(-2.2027)
A4(9.6869)
(2.5139)
(-3.5147)
G1(0.4225)
(1.0701)
(0.1815)
G2(-1.1068)
(2.9915)
(-0.0218)
G3(0.5252)
(1.4649)
(-0.0835)
G4(-0.1602)
(0.5992)
(-1.9630)
A1(-1.8873)
(9.0867)
(2.1459)
A2(4.2856)
(1.9537)
(7.7716)
A3(1.4509)
(8.7197)
(-2.6240)
A4(18.0954)
(-7.2832)
(-3.3710)
G1(0.0958)
(1.5022)
(0.4204)
G2(-0.6981)
(-3.0714)
(-0.7503)
G3(0.3650)
(2.0034)
(-0.2272)
G4(2.5776)
(-0.3187)
(-6.1230)
A1(0.1150)
(10.2794)
(3.3530)
A2(5.8035)
(-4.1276)
(-2.3367)
A3(0.7183)
(9.5385)
(-0.8954)
A4(-0.7709)
(-1.4030)
(-0.5842)
G1(0.0947)
(1.5857)
(0.3320)
G2(-2.7292)
(5.8096)
(-1.2952)
G3(0.4268)
(2.4866)
(-0.2277)
G4(0.0537)
(-2.8112)
(-5.3456)
A1(-0.4934)
(9.9202)
(1.7963)
A2(6.1914)
(1.1971)
(0.8954)
A3(1.9872)
(8.3749)
(-4.3335)
A4(1.0630)
(4.7357)
(-9.4523)
G1(0.7476)
(1.0749)
(0.1511)
G2(-0.2528)
(2.3152)
(-1.3739)
G3(0.3661)
(1.0658)
(0.1149)
G4(-0.4209)
(-2.6600)
(-3.5423)
A1(-0.0671)
(9.0915)
(-0.1629)
A2(5.5976)
(4.2234)
(2.4277)
A3(3.5338)
(8.8633)
(-2.3080)
A4(2.5474)
(7.4124)
(-13.3788)
G1(0.5821)
(1.6064)
(-0.6173)
G2(0.4156)
(2.6776)
(-1.8012)
G3(0.2735)
(0.4789)
(0.1213)
G4(-0.2331)
(-1.7783)
(-1.6080)
A1(-0.3018)
(9.0915)
(0.2539)
A2(8.7197)
(7.6567)
(6.5266)
A3(2.3032)
(9.1267)
(-2.8683)
A4(4.5011)
(12.9814)
(-10.9798)
G1(0.4677)
(0.6401)
(0.1086)
G2(2.2982)
(2.6717)
(-3.0612)
G3(0.2474)
(1.0546)
(-0.1197)
G4(-1.5149)
(-1.9789)
(-0.2224)
A1(-0.2922)
(11.2997)
(-1.1161)
A2(8.1547)
(7.6854)
(4.4005)
A3(2.3272)
(9.7492)
(-3.0598)
A4(1.1205)
(24.6268)
(-1.9249)
G1(-0.1639)
(0.8290)
(0.4464)
G2(2.5206)
(-0.7668)
(-3.2257)
G3(0.3549)
(0.3618)
(0.0059)
G4(-1.3654)
(-1.1334)
(1.2600)
A1(-0.8287)
(9.6328)
(-1.5711)
A2(3.1747)
(10.8457)
(5.2529)
A3(3.6679)
(8.4420)
(-3.4907)
A4(1.1492)
(11.4922)
(-5.2050)
G1(0.4278)
(0.4299)
(-0.0905)
G2(3.0150)
(0.6439)
(-2.8069)
G3(0.4491)
(0.0154)
(0.1117)
G4(-1.0115)
(1.9603)
(-0.1836)
A1(-1.4035)
(9.9298)
(0.0623)
A2(4.7309)
(6.7373)
(0.1437)
A3(2.6911)
(8.2169)
(-4.5155)
A4(0.0192)
(8.6000)
(-5.9472)
G1(0.1612)
(0.3177)
(-0.2400)
G2(1.3047)
(1.3159)
(-0.7801)
G3(-0.0160)
(-0.4092)
(0.0170)
G4(-0.7173)
(-0.2990)
(0.0926)
