A1(-11.0650)
(12.1332)
(7.6976)
A2(-0.8092)
(9.5672)
(-1.8100)
A3(-9.6247)
(16.4721)
(0.8236)
A4(-2.4612)
(8.7915)
(-6.1339)
G1(-2.6845)
(4.1771)
(-1.5176)
G2(-0.7577)
(0.7944)
(0.4970)
G3(1.9135)
(2.8425)
(-2.1412)
G4(-0.4385)
(0.9732)
(-0.1032)
A1(-6.7827)
(12.1954)
(0.5988)
A2(-2.1500)
(8.1355)
(3.6536)
A3(-9.5768)
(2.8491)
(-13.9247)
A4(-1.5323)
(9.0549)
(-6.8857)
G1(0.9408)
(3.8807)
(-3.0756)
G2(-0.0341)
(0.3363)
(1.1722)
G3(2.2077)
(-1.0999)
(-1.9842)
G4(-0.6561)
(1.6543)
(-0.0287)
A1(-8.3826)
(9.2496)
(-0.2491)
A2(-0.5219)
(13.6996)
(3.0885)
A3(-9.2847)
(-5.2241)
(-11.1618)
A4(-1.4605)
(8.5569)
(-5.2577)
G1(3.0016)
(3.8855)
(-3.0314)
G2(-0.8296)
(1.4293)
(0.3650)
G3(6.0964)
(-2.2008)
(-7.0931)
G4(-0.9477)
(1.0648)
(0.0931)
A1(1.8873)
(10.7009)
(5.8774)
A2(-0.2538)
(12.7228)
(4.9177)
A3(-6.9432)
(-12.5743)
(-6.9767)
A4(-2.8539)
(9.2368)
(-0.5746)
G1(5.4882)
(1.8549)
(-3.7131)
G2(-0.1708)
(1.8922)
(0.3320)
G3(2.5690)
(-4.6251)
(-2.4695)
G4(-0.5768)
(0.8610)
(0.2948)
A1(2.2944)
(-1.7532)
(2.2322)
A2(3.5482)
(8.5425)
(0.9385)
A3(-7.1156)
(-7.3789)
(-11.8752)
A4(3.5051)
(10.4579)
(0.4980)
G1(4.8912)
(-2.6648)
(-1.8964)
G2(0.1495)
(0.9754)
(0.2155)
G3(0.0027)
(-2.8718)
(-0.6859)
G4(-0.5779)
(0.3464)
(0.2081)
A1(-14.7677)
(-2.0453)
(-6.5432)
A2(1.0295)
(8.0254)
(0.6225)
A3(2.5283)
(32.6378)
(-0.4405)
A4(-0.9864)
(10.3813)
(-1.7621)
G1(-1.1659)
(-1.8246)
(0.4023)
G2(0.5204)
(-0.3246)
(-0.0378)
G3(0.0394)
(0.4864)
(0.6965)
G4(0.0452)
(0.0660)
(-0.0436)
A1(-9.7429)
(0.4263)
(-1.5855)
A2(5.2098)
(6.4835)
(3.2657)
A3(14.5041)
(-7.9631)
(5.3343)
A4(-0.7949)
(9.9311)
(-2.7629)
G1(-1.9944)
(2.8574)
(0.7694)
G2(0.2618)
(-1.5900)
(-0.2277)
G3(-1.3106)
(2.6292)
(-0.0740)
G4(0.2320)
(0.8242)
(-0.1825)
A1(-10.1309)
(-0.6993)
(-2.5100)
A2(-1.2115)
(12.5839)
(2.1883)
A3(-5.2672)
(-4.3574)
(-1.1157)
A4(-1.1253)
(10.7069)
(-3.0454)
G1(-1.7847)
(-3.3034)
(1.1414)
G2(-0.1554)
(0.7817)
(0.5018)
G3(-1.6331)
(-0.2214)
(2.4174)
G4(0.4432)
(-0.9301)
(0.0463)
A1(-7.6066)
(2.3232)
(-0.0096)
A2(3.9504)
(7.1060)
(3.5147)
A3(-11.9327)
(-2.3750)
(-0.7326)
A4(0.9481)
(10.2472)
(-3.9217)
G1(-0.0788)
(-0.4417)
(1.3175)
G2(-0.3831)
(-0.2309)
(-0.2075)
G3(1.8672)
(1.1744)
(1.3739)
G4(0.1857)
(0.0255)
(-0.1437)
A1(-7.8700)
(3.6213)
(1.0299)
A2(-0.1963)
(11.2097)
(3.2178)
A3(-8.8011)
(-2.1404)
(-1.5514)
A4(-1.0008)
(8.7580)
(-3.7924)
G1(0.5491)
(-2.3040)
(1.8964)
G2(-0.2863)
(-0.8934)
(-0.0181)
G3(0.7450)
(2.3658)
(0.9881)
G4(0.1511)
(-0.6125)
(0.1091)
A1(-9.0292)
(4.3015)
(0.4215)
A2(2.8204)
(10.3382)
(2.6528)
A3(-8.3127)
(-0.0718)
(-3.2561)
A4(1.0295)
(8.5856)
(-3.9983)
G1(0.8120)
(-1.3473)
(1.8704)
G2(0.4236)
(-0.5917)
(-0.4071)
G3(-0.4555)
(2.2051)
(1.5000)
G4(0.0090)
(-0.4284)
(-0.0160)
A1(-7.4294)
(6.6534)
(3.9470)
A2(-0.4501)
(9.0836)
(2.5522)
A3(-6.3925)
(-0.2490)
(-5.2768)
A4(-1.7047)
(9.2368)
(-4.2904)
G1(1.2526)
(-1.4489)
(2.0832)
G2(0.3666)
(-0.7721)
(-0.4289)
G3(-1.3340)
(1.9704)
(1.4128)
G4(0.0851)
(-0.0181)
(-0.0447)
A1(-7.2138)
(7.1372)
(3.0034)
A2(1.6185)
(8.8011)
(1.0630)
A3(-3.6296)
(4.2569)
(-6.6319)
A4(-0.2107)
(9.3182)
(-3.3423)
G1(1.5905)
(-1.1488)
(2.5999)
G2(0.4204)
(-0.1314)
(-0.3815)
G3(-2.3839)
(2.4674)
(1.4447)
G4(0.0639)
(-0.4656)
(0.0937)
A1(-4.6463)
(8.4975)
(2.2896)
A2(-0.1053)
(8.8442)
(1.0534)
A3(-4.9752)
(11.2575)
(-5.9233)
A4(0.0000)
(9.1363)
(-4.8842)
G1(0.9227)
(-0.3145)
(1.7810)
G2(0.5704)
(-0.1767)
(-0.3666)
G3(-1.8964)
(1.7794)
(1.3585)
G4(0.0995)
(-0.3485)
(0.0984)
A1(-3.8943)
(10.5620)
(4.6032)
A2(0.2155)
(9.8976)
(1.7717)
A3(-4.0558)
(8.9495)
(-4.5490)
A4(-0.4884)
(9.2703)
(-4.5298)
G1(0.4060)
(-0.6609)
(1.5277)
G2(0.4890)
(-0.5827)
(0.0234)
G3(-1.3000)
(0.6795)
(1.7778)
G4(-0.0208)
(-0.5906)
(0.1229)
A1(-3.9853)
(9.0101)
(2.6776)
A2(0.1724)
(9.2273)
(1.8962)
A3(-6.2968)
(10.3238)
(-3.9121)
A4(-0.7278)
(8.9926)
(-4.2329)
G1(1.2026)
(-0.4826)
(0.6875)
G2(0.1974)
(-0.6768)
(0.0346)
G3(-0.7955)
(0.2655)
(1.0860)
G4(-0.0266)
(-0.5619)
(0.1745)
A1(-2.3280)
(9.4124)
(1.3029)
A2(-2.8443)
(10.7691)
(-0.6752)
A3(-5.3151)
(9.9311)
(-4.2186)
A4(-0.9481)
(9.2416)
(-4.7214)
G1(1.2882)
(-0.2948)
(0.4470)
G2(0.2485)
(-0.1836)
(-0.1894)
G3(-0.7471)
(0.5582)
(0.5098)
G4(-0.0287)
(-0.3118)
(0.0633)
A1(-3.8751)
(9.1346)
(2.6968)
A2(-0.5555)
(9.4810)
(1.3695)
A3(-2.8922)
(9.2416)
(-3.0933)
A4(-1.0199)
(8.7149)
(-4.0749)
G1(-0.4379)
(-0.9349)
(0.1431)
G2(0.3246)
(-0.6955)
(-0.0282)
G3(0.2347)
(0.3209)
(0.2852)
G4(-0.1628)
(-0.3171)
(0.0788)
A1(-1.9974)
(9.6567)
(0.7568)
A2(-1.8196)
(10.1466)
(1.3838)
A3(-6.0525)
(11.2671)
(-1.0965)
A4(-0.2490)
(9.0644)
(-4.5394)
G1(0.1320)
(-0.5704)
(0.0942)
G2(0.2559)
(-0.0293)
(-0.1979)
G3(0.4645)
(-0.0889)
(-0.0096)
G4(-0.2065)
(-0.0319)
(0.0096)
A1(-1.8154)
(10.3513)
(1.1161)
A2(-0.3591)
(9.6822)
(-1.2881)
A3(-0.8811)
(9.9503)
(-3.0454)
A4(-0.4166)
(9.0884)
(-3.7158)
G1(0.0154)
(-0.3251)
(0.0867)
G2(0.6481)
(-0.1474)
(-0.1000)
G3(0.2698)
(-0.3092)
(0.0213)
G4(-0.1862)
(0.0080)
(0.0144)
