A1(-0.3497)
(7.7790)
(3.1327)
A2(0.6177)
(9.2177)
(0.2538)
A3(-2.5139)
(8.9926)
(-2.2314)
A4(0.2490)
(9.3230)
(-3.6200)
G1(-0.4927)
(0.3113)
(0.2357)
G2(-0.5076)
(-0.0819)
(0.0788)
G3(0.2027)
(0.5853)
(-0.0942)
G4(0.5348)
(0.1953)
(-0.0910)
A1(-5.0008)
(7.4868)
(4.3494)
A2(-0.8715)
(9.7492)
(-0.1245)
A3(-0.7278)
(10.2568)
(-1.1444)
A4(-0.5555)
(8.3127)
(-4.8507)
G1(-2.4600)
(2.0513)
(0.9174)
G2(-0.7109)
(0.4331)
(0.1165)
G3(0.4864)
(0.5215)
(-0.2512)
G4(0.8189)
(1.0078)
(-0.2442)
A1(-5.0343)
(11.4099)
(7.3719)
A2(0.8906)
(6.4356)
(0.8092)
A3(-1.6616)
(11.5305)
(-2.2362)
A4(-1.8818)
(7.1204)
(-7.2592)
G1(-3.5550)
(3.2448)
(0.9514)
G2(-1.0334)
(0.0165)
(0.4518)
G3(0.9179)
(1.0828)
(-0.5720)
G4(0.5518)
(0.7891)
(-0.1304)
A1(-6.7396)
(10.9261)
(8.5119)
A2(-1.1061)
(9.7923)
(2.2458)
A3(-2.1835)
(13.5033)
(-10.5249)
A4(-1.6233)
(7.2832)
(-8.8969)
G1(-2.9335)
(1.5548)
(-1.8656)
G2(-0.9887)
(0.7221)
(0.8216)
G3(1.6123)
(0.8365)
(-0.4943)
G4(0.0069)
(1.0371)
(-0.1841)
A1(-12.1859)
(9.0963)
(6.0211)
A2(0.8667)
(12.9909)
(2.8826)
A3(-3.3040)
(9.6247)
(-11.2719)
A4(-0.2442)
(7.7524)
(-6.9863)
G1(-0.7928)
(2.1130)
(-2.3881)
G2(-0.6854)
(1.8113)
(1.0174)
G3(0.6891)
(0.9541)
(-1.4197)
G4(-0.7370)
(0.8822)
(-0.1368)
A1(-5.1637)
(6.2654)
(1.2646)
A2(3.9456)
(10.4579)
(3.0023)
A3(-6.7086)
(-0.8380)
(-12.0716)
A4(-0.7518)
(7.1443)
(-3.7254)
G1(2.8654)
(4.9939)
(-2.3354)
G2(-0.2512)
(0.7471)
(0.5731)
G3(5.4233)
(-5.0487)
(-4.6666)
G4(-1.2882)
(0.5459)
(0.0298)
A1(-5.4606)
(3.6261)
(-1.1496)
A2(-0.8523)
(11.2911)
(5.6647)
A3(-3.7110)
(-8.4898)
(-0.9768)
A4(1.3838)
(9.6869)
(0.7709)
G1(5.5968)
(1.8204)
(-1.0648)
G2(0.2357)
(1.9550)
(0.0266)
G3(2.9724)
(-5.2988)
(-3.2060)
G4(-0.8631)
(2.2652)
(-0.3672)
A1(-4.2679)
(2.0310)
(5.0679)
A2(4.0989)
(5.1284)
(6.1579)
A3(-12.6366)
(-12.1673)
(-18.7322)
A4(-0.1676)
(9.7444)
(-0.9050)
G1(5.4126)
(4.5309)
(0.0559)
G2(0.9472)
(0.3507)
(0.0798)
G3(-2.3775)
(-1.7741)
(-1.7570)
G4(-0.0527)
(1.4229)
(0.1064)
A1(-21.1432)
(2.1890)
(-11.4961)
A2(0.4262)
(9.0070)
(4.5969)
A3(-8.0924)
(35.1325)
(27.0114)
A4(-3.3710)
(12.8952)
(-0.1341)
G1(1.6464)
(-6.2028)
(0.2410)
G2(0.6125)
(0.6965)
(0.3421)
G3(6.2901)
(1.2148)
(1.9151)
G4(-0.0053)
(-1.4766)
(0.0793)
A1(3.4871)
(-7.6401)
(4.9721)
A2(12.2823)
(6.2776)
(1.3455)
A3(-15.2606)
(-7.8578)
(-8.8298)
A4(4.9991)
(7.4508)
(-3.8451)
G1(-1.2584)
(-0.4826)
(0.4023)
G2(-0.1043)
(-0.8929)
(-0.4475)
G3(-0.3416)
(-2.5967)
(0.9919)
G4(0.1048)
(-2.5004)
(0.1394)
A1(-7.7551)
(1.8777)
(-3.0513)
A2(8.6143)
(6.8905)
(1.5227)
A3(2.9832)
(2.5379)
(-2.4134)
A4(0.8523)
(8.7197)
(-4.0223)
G1(-1.7256)
(-0.1639)
(2.2758)
G2(0.0841)
(-1.0403)
(-0.6939)
G3(-0.7109)
(-0.0181)
(2.5749)
G4(0.1011)
(-0.2692)
(-0.1857)
A1(-7.7599)
(6.1648)
(1.1017)
A2(-2.6336)
(8.3893)
(1.6568)
A3(-6.2776)
(-2.5426)
(-6.5122)
A4(1.9680)
(9.2751)
(-3.5769)
G1(-0.7913)
(-1.9693)
(2.1859)
G2(0.3517)
(-0.5135)
(-0.4182)
G3(0.4422)
(2.3078)
(2.6643)
G4(0.1447)
(-1.3319)
(-0.0351)
A1(-6.5288)
(6.1504)
(1.7675)
A2(3.4237)
(7.9727)
(1.4653)
A3(-6.5266)
(-2.1500)
(-6.8953)
A4(1.8579)
(8.8011)
(-4.6112)
G1(-0.4007)
(-1.7890)
(1.9374)
G2(0.1868)
(-1.3015)
(-0.3459)
G3(-0.7013)
(2.7154)
(2.5110)
G4(0.2826)
(-0.1809)
(-0.1884)
A1(-5.4846)
(9.2065)
(2.5483)
A2(-2.3080)
(9.1506)
(3.1603)
A3(-5.5929)
(3.0933)
(-7.8290)
A4(0.0000)
(9.0166)
(-5.6216)
G1(1.5027)
(-3.2161)
(1.0089)
G2(-0.0814)
(-1.5655)
(-0.3730)
G3(-1.7379)
(2.2008)
(2.5541)
G4(0.0192)
(-0.3485)
(0.0032)
A1(-5.5373)
(6.9360)
(5.5852)
A2(1.3264)
(9.8114)
(0.8763)
A3(-3.9504)
(6.3829)
(-8.4755)
A4(-1.2689)
(9.2656)
(-3.4285)
G1(2.2812)
(-1.0946)
(0.8014)
G2(0.2645)
(-0.8764)
(-0.4353)
G3(-2.4765)
(1.3143)
(1.7448)
G4(-0.2251)
(-0.1905)
(0.0096)
A1(-4.1817)
(8.5598)
(3.4249)
A2(-1.6281)
(9.6534)
(0.4884)
A3(-0.9433)
(7.5609)
(-7.7045)
A4(0.1006)
(9.6822)
(-2.1979)
G1(2.2913)
(-0.1101)
(0.5098)
G2(0.1857)
(-0.9759)
(-0.5018)
G3(-1.4793)
(0.8216)
(1.0025)
G4(0.0154)
(-0.2038)
(-0.1266)
A1(-3.8177)
(10.1788)
(2.8309)
A2(0.8523)
(8.7340)
(1.2019)
A3(-0.6656)
(14.0204)
(-4.9752)
A4(0.6656)
(9.4140)
(-4.4436)
G1(1.1813)
(-2.3828)
(0.2613)
G2(0.6827)
(0.0027)
(-0.0553)
G3(0.2618)
(0.3868)
(0.0628)
G4(0.3948)
(-0.6167)
(0.0612)
A1(-4.6751)
(8.7897)
(0.5077)
A2(1.2785)
(10.5441)
(0.7326)
A3(-1.5897)
(7.8865)
(-2.8395)
A4(-2.0590)
(7.4986)
(-5.7365)
G1(0.4491)
(-0.3485)
(-0.1671)
G2(0.2187)
(-0.1453)
(-0.2565)
G3(-0.2453)
(-0.6534)
(0.2405)
G4(0.0761)
(-0.0830)
(0.1160)
A1(-2.1507)
(9.5513)
(-0.1006)
A2(-2.2027)
(9.3182)
(-1.3264)
A3(-1.2210)
(8.9687)
(-2.8683)
A4(-0.1772)
(8.8873)
(-5.1763)
G1(0.2187)
(0.6353)
(0.0245)
G2(-0.0873)
(-0.4959)
(0.1219)
G3(-0.1788)
(0.0686)
(-0.1320)
G4(-0.1426)
(-0.0410)
(0.0591)
A1(-2.0789)
(9.5897)
(-0.2299)
A2(-1.5179)
(8.9352)
(-0.5555)
A3(-1.6664)
(9.0932)
(-4.2138)
A4(0.0575)
(9.1602)
(-4.8267)
G1(0.1458)
(0.1612)
(0.0516)
G2(0.2379)
(-0.2128)
(-0.0218)
G3(-0.1772)
(0.1857)
(-0.0053)
G4(-0.2666)
(0.0479)
(-0.0133)
