A1(1.9687)
(8.5933)
(-1.8058)
A2(1.8818)
(9.1506)
(-0.9002)
A3(1.9010)
(9.2895)
(-1.4653)
A4(2.1308)
(11.4060)
(-3.0454)
G1(-0.6545)
(0.0138)
(0.1639)
G2(-0.0548)
(0.4720)
(0.0952)
G3(0.4885)
(0.0463)
(0.0043)
G4(0.6242)
(0.4906)
(-0.2996)
A1(-0.3593)
(9.8579)
(-1.7675)
A2(2.9497)
(8.3606)
(0.8380)
A3(2.8204)
(8.2361)
(-5.4875)
A4(10.8649)
(20.0012)
(-5.0422)
G1(-1.0233)
(-0.4363)
(-0.1719)
G2(-1.0467)
(-0.1894)
(0.0484)
G3(0.3017)
(0.3954)
(-0.1697)
G4(1.1499)
(1.6719)
(-0.8924)
A1(2.6681)
(9.6040)
(1.5711)
A2(8.0972)
(12.7802)
(3.4477)
A3(1.1205)
(8.1211)
(-3.8834)
A4(-2.4421)
(19.9341)
(-11.9614)
G1(-0.8721)
(-0.5114)
(-0.4613)
G2(-1.6139)
(-0.6050)
(0.4832)
G3(-0.2246)
(-0.1772)
(-0.1554)
G4(3.7610)
(0.2480)
(2.1370)
A1(-0.7856)
(12.3775)
(0.7329)
A2(1.4748)
(9.5720)
(7.1108)
A3(3.1987)
(8.9639)
(-3.0311)
A4(2.1308)
(2.5905)
(-8.9399)
G1(-0.5475)
(-1.5852)
(-1.0962)
G2(-3.3816)
(-1.4622)
(2.6659)
G3(-0.1410)
(-0.8051)
(-0.1697)
G4(3.4066)
(2.0476)
(6.0161)
A1(-4.8858)
(9.2783)
(5.8678)
A2(11.6119)
(9.1363)
(11.5736)
A3(3.5434)
(8.6095)
(-3.7781)
A4(2.3463)
(-8.9926)
(-5.3343)
G1(0.2155)
(-1.5703)
(-0.5529)
G2(-4.7363)
(-1.9970)
(2.3663)
G3(-0.4667)
(-1.1196)
(-0.1453)
G4(3.2187)
(4.4123)
(5.6138)
A1(4.2296)
(9.4891)
(2.2801)
A2(8.4611)
(5.5976)
(5.0949)
A3(-0.2634)
(9.7444)
(-0.5794)
A4(7.8817)
(-11.1761)
(-1.0104)
G1(0.1937)
(-0.9658)
(0.1272)
G2(-3.7705)
(-3.4843)
(2.0013)
G3(-0.9908)
(-1.2441)
(-0.3171)
G4(-0.2309)
(3.5205)
(4.9204)
A1(-7.7503)
(6.4474)
(0.5700)
A2(6.9815)
(3.4764)
(-3.7493)
A3(1.0247)
(9.2177)
(-0.8715)
A4(-0.4357)
(-4.6304)
(-7.8865)
G1(-0.2826)
(1.5479)
(0.1080)
G2(2.1194)
(-3.7264)
(2.2679)
G3(-0.6976)
(-2.2556)
(-0.1463)
G4(-2.6334)
(-1.4846)
(1.4835)
A1(-1.1352)
(9.2783)
(3.4871)
A2(2.1548)
(4.9129)
(0.7087)
A3(-13.8289)
(9.6726)
(-1.8818)
A4(21.6675)
(17.7746)
(-20.5039)
G1(0.2128)
(-1.2494)
(-0.0325)
G2(4.2314)
(-3.1618)
(-0.3900)
G3(0.0388)
(0.8812)
(-0.3092)
G4(-0.5944)
(-0.8642)
(4.6592)
A1(-2.5387)
(10.1549)
(1.6095)
A2(6.9001)
(10.9846)
(21.7777)
A3(0.2059)
(10.2424)
(0.2682)
A4(11.8513)
(5.8323)
(-3.5530)
G1(0.1644)
(0.7646)
(0.0958)
G2(-4.6863)
(-7.6390)
(0.5757)
G3(-0.3368)
(-0.8067)
(0.2405)
G4(-0.4209)
(0.4603)
(-0.4986)
A1(-1.9400)
(9.3262)
(2.5770)
A2(22.0985)
(-0.0670)
(-18.2103)
A3(-0.3639)
(9.3182)
(-2.4517)
A4(-1.0343)
(3.2848)
(-6.9959)
G1(-0.0271)
(1.7091)
(0.1304)
G2(2.2125)
(-3.6796)
(0.5731)
G3(0.2176)
(0.3592)
(0.1697)
G4(-0.5428)
(0.6486)
(-5.0625)
A1(0.7425)
(9.0819)
(2.3136)
A2(6.0621)
(-2.3272)
(5.8083)
A3(-1.4892)
(9.7061)
(-1.1540)
A4(14.2742)
(-2.5187)
(-6.8283)
G1(-0.0293)
(1.3494)
(0.0580)
G2(-1.7938)
(-2.4621)
(-0.7035)
G3(0.0793)
(0.8822)
(0.0633)
G4(-0.3092)
(-2.7106)
(-3.2698)
A1(-0.9772)
(9.2591)
(4.3541)
A2(10.1227)
(3.9265)
(0.1053)
A3(2.0973)
(9.1123)
(-2.6671)
A4(5.6886)
(-5.3247)
(-7.5609)
G1(0.2613)
(0.6470)
(0.2740)
G2(-2.6068)
(4.1005)
(-1.7161)
G3(0.2075)
(0.8088)
(0.1527)
G4(-3.1458)
(-3.4699)
(-3.9648)
A1(2.4573)
(10.4710)
(4.6751)
A2(12.9718)
(2.9880)
(-1.0439)
A3(1.8914)
(9.8593)
(-0.3400)
A4(0.9002)
(5.3008)
(-10.1418)
G1(0.0484)
(0.9525)
(-0.1133)
G2(-1.1302)
(0.5869)
(-2.3344)
G3(0.1123)
(1.1504)
(-0.0506)
G4(-2.8122)
(-0.2235)
(-3.8573)
A1(-0.1198)
(11.1895)
(0.8430)
A2(4.3383)
(5.6216)
(8.6670)
A3(2.0494)
(9.3565)
(-1.8531)
A4(3.8690)
(13.0771)
(-8.6287)
G1(0.8796)
(-0.9642)
(-0.2746)
G2(1.0046)
(1.7352)
(-2.5770)
G3(0.5130)
(0.3390)
(0.0660)
G4(-1.2047)
(-1.1520)
(-1.1792)
A1(-1.3077)
(10.0256)
(-0.7185)
A2(11.5544)
(7.0246)
(3.7206)
A3(2.8922)
(8.6000)
(-3.2848)
A4(3.7397)
(9.5002)
(-5.5354)
G1(0.6497)
(-0.0867)
(-0.1261)
G2(2.1822)
(0.9190)
(-2.5371)
G3(0.1900)
(0.1868)
(-0.0021)
G4(-0.7918)
(-0.7519)
(0.0819)
A1(-0.8622)
(8.8328)
(-2.0932)
A2(3.4477)
(9.8689)
(4.6400)
A3(2.8970)
(9.2799)
(-1.7669)
A4(-0.6704)
(8.9543)
(-3.7254)
G1(0.4315)
(0.5816)
(0.4156)
G2(1.6974)
(-0.0394)
(-1.5655)
G3(0.1916)
(0.2049)
(-0.0835)
G4(-1.1286)
(0.6300)
(-0.2347)
A1(-1.0634)
(10.3465)
(-2.0741)
A2(5.5737)
(9.0022)
(3.1077)
A3(0.8092)
(9.2943)
(-3.4333)
A4(2.2936)
(9.1363)
(-3.7493)
G1(0.1602)
(0.4076)
(-0.0154)
G2(2.5669)
(2.0470)
(-1.8315)
G3(0.0069)
(0.0937)
(-0.1777)
G4(-0.9738)
(0.8365)
(-0.1128)
A1(-0.0144)
(9.2448)
(-1.2167)
A2(3.3758)
(9.3182)
(-1.1061)
A3(0.4693)
(9.6007)
(-2.1548)
A4(1.1684)
(11.0085)
(-0.9816)
G1(-0.3177)
(0.7758)
(-0.2634)
G2(1.1488)
(1.5314)
(-0.3539)
G3(0.1139)
(0.1426)
(-0.2192)
G4(-0.2857)
(-0.1799)
(-0.1884)
A1(-2.6058)
(9.0005)
(-0.4119)
A2(4.2234)
(8.6000)
(-1.5562)
A3(1.4509)
(9.0692)
(-3.3615)
A4(-1.1444)
(8.8633)
(-3.7350)
G1(0.1144)
(0.2857)
(-0.3235)
G2(1.8661)
(0.5933)
(-0.0335)
G3(0.1389)
(0.1495)
(-0.3017)
G4(-0.2469)
(-0.1628)
(-0.1719)
A1(-3.0321)
(10.7584)
(2.1028)
A2(2.0303)
(9.7444)
(-0.0718)
A3(-0.5986)
(9.0692)
(-2.8443)
A4(-0.6416)
(9.9503)
(-2.1787)
G1(0.3698)
(0.5305)
(-0.2331)
G2(-0.2618)
(0.3767)
(-0.0484)
G3(0.1756)
(0.5188)
(-0.3528)
G4(-0.1101)
(-0.2033)
(-0.1362)
