A1(-2.3423)
(9.7190)
(-1.0825)
A2(1.8292)
(9.3613)
(-1.0151)
A3(1.3312)
(9.2799)
(-2.9544)
A4(0.8571)
(9.4475)
(-3.4429)
G1(-2.8133)
(0.4486)
(0.8540)
G2(-0.0426)
(0.4039)
(0.0399)
G3(0.1160)
(0.0740)
(-0.0287)
G4(-0.0910)
(0.0889)
(0.0537)
A1(-1.2454)
(9.6232)
(-0.3784)
A2(2.2266)
(9.3565)
(-0.8092)
A3(1.0391)
(9.3565)
(-2.5426)
A4(0.4405)
(9.3901)
(-3.2370)
G1(-0.4645)
(0.3230)
(0.0644)
G2(0.1256)
(-0.1027)
(0.1469)
G3(0.1101)
(-0.0064)
(0.0452)
G4(-0.0005)
(0.1942)
(0.0649)
A1(-1.1400)
(8.8137)
(-0.6754)
A2(1.9106)
(8.9878)
(-0.6464)
A3(1.0726)
(9.1602)
(-2.2889)
A4(1.2163)
(10.2232)
(-1.7526)
G1(-0.6524)
(0.4661)
(0.2363)
G2(-0.2102)
(-0.0298)
(0.1224)
G3(0.1995)
(0.1846)
(0.0915)
G4(0.1559)
(0.2480)
(0.0399)
A1(-0.2443)
(9.5226)
(-1.9879)
A2(2.0111)
(9.2129)
(-0.7374)
A3(1.7142)
(9.1794)
(-2.2649)
A4(5.2960)
(13.3261)
(-1.7142)
G1(-1.2537)
(0.0591)
(0.1495)
G2(-0.0633)
(0.1346)
(0.0926)
G3(0.4885)
(0.1506)
(0.1410)
G4(0.9200)
(0.7529)
(-0.6742)
A1(1.7867)
(6.5192)
(-1.4083)
A2(3.0406)
(7.5322)
(0.5028)
A3(4.1276)
(6.7947)
(-7.7189)
A4(-1.4605)
(9.0692)
(-12.6797)
G1(0.1719)
(-1.3090)
(-0.6045)
G2(-1.0536)
(0.1485)
(0.0383)
G3(0.1681)
(-0.0325)
(0.0000)
G4(-0.1767)
(2.9261)
(-0.9115)
A1(7.3815)
(15.0743)
(7.3719)
A2(7.9344)
(4.9368)
(6.8331)
A3(6.1531)
(10.8649)
(-1.2737)
A4(2.0446)
(10.2041)
(-12.3110)
G1(-1.2728)
(-5.1200)
(0.2799)
G2(-4.6980)
(0.2416)
(1.1472)
G3(0.1532)
(-0.7066)
(0.2565)
G4(3.3784)
(-0.2171)
(3.1842)
A1(-8.4736)
(7.8796)
(-0.9197)
A2(9.2320)
(12.6174)
(11.5161)
A3(5.1715)
(7.1251)
(-5.7365)
A4(-0.6608)
(4.2042)
(-11.7555)
G1(-0.8599)
(-4.7784)
(-0.7050)
G2(-4.7161)
(-1.1675)
(2.7750)
G3(0.0649)
(-1.3819)
(0.2395)
G4(2.2019)
(0.7801)
(6.0368)
A1(1.6478)
(6.3995)
(11.5632)
A2(12.1721)
(6.7373)
(10.8505)
A3(3.0454)
(8.0397)
(-6.0478)
A4(3.9361)
(-5.6886)
(-4.5346)
G1(-0.1825)
(-1.8762)
(-0.6588)
G2(-4.7826)
(-3.7104)
(1.8395)
G3(-0.8796)
(-2.9697)
(0.6396)
G4(3.1703)
(4.6054)
(4.3830)
A1(-0.1868)
(9.7860)
(4.7661)
A2(10.0365)
(4.1276)
(6.8474)
A3(5.4300)
(8.5090)
(3.2753)
A4(3.4716)
(-16.6493)
(-3.5338)
G1(-0.0303)
(0.3331)
(0.1447)
G2(-2.4243)
(-3.3645)
(1.3782)
G3(-1.4825)
(-2.6829)
(0.1415)
G4(-0.8046)
(4.3756)
(4.5384)
A1(-17.0621)
(5.4750)
(7.6305)
A2(1.6616)
(4.5538)
(0.9290)
A3(3.0263)
(8.7915)
(-2.8778)
A4(16.8695)
(47.3046)
(-1.0008)
G1(0.4752)
(0.3640)
(0.3459)
G2(1.9699)
(-3.8967)
(1.7363)
G3(-0.3512)
(-1.0190)
(-0.3049)
G4(0.4278)
(-7.4693)
(2.0156)
A1(0.9436)
(10.1022)
(4.4212)
A2(6.2920)
(1.0008)
(-3.8020)
A3(-1.5131)
(10.6446)
(0.5459)
A4(-1.7142)
(-89.9789)
(-2.2889)
G1(-0.1564)
(0.3954)
(-0.6199)
G2(4.1074)
(-2.6052)
(1.2765)
G3(-0.4156)
(-0.9003)
(-0.6029)
G4(-2.4413)
(0.8679)
(-7.4246)
A1(-5.9444)
(12.1763)
(1.6813)
A2(3.2513)
(-5.8083)
(8.0445)
A3(0.3112)
(8.7628)
(-2.0255)
A4(2.3511)
(-2.6049)
(-6.9671)
G1(0.3858)
(0.3576)
(0.2341)
G2(3.4907)
(-6.5641)
(1.4697)
G3(-0.1634)
(-1.0483)
(0.6444)
G4(-3.3661)
(0.4895)
(0.1219)
A1(-1.9591)
(7.7838)
(2.9842)
A2(38.2641)
(16.4146)
(-30.8373)
A3(2.2649)
(7.5034)
(-7.3837)
A4(-0.6512)
(-0.6752)
(-2.5235)
G1(0.7482)
(-0.4188)
(0.1272)
G2(3.0522)
(-3.5923)
(1.2483)
G3(0.2905)
(0.8642)
(0.0777)
G4(-0.4044)
(-1.7352)
(-1.1552)
A1(0.4311)
(9.1107)
(1.7723)
A2(-0.0335)
(-5.2672)
(3.1508)
A3(-0.9912)
(9.9168)
(-1.2354)
A4(5.4157)
(-4.0175)
(-7.1443)
G1(0.3501)
(0.9014)
(0.3272)
G2(-1.6549)
(0.9615)
(-1.1206)
G3(0.0420)
(0.6332)
(-0.0181)
G4(0.0388)
(-2.9447)
(-2.2349)
A1(-3.1135)
(9.4220)
(0.8909)
A2(6.5362)
(0.3879)
(-2.5857)
A3(0.7805)
(9.7827)
(-0.7183)
A4(7.2736)
(-2.7102)
(-8.1163)
G1(0.4970)
(0.2687)
(0.1846)
G2(-1.7331)
(3.6785)
(-2.2413)
G3(0.3938)
(1.2563)
(-0.0585)
G4(-0.6949)
(-1.5192)
(-3.6519)
A1(-4.6272)
(9.9777)
(1.9304)
A2(8.9304)
(1.0678)
(-2.2362)
A3(1.3360)
(8.0206)
(-3.7110)
A4(5.6455)
(0.9002)
(-8.1977)
G1(0.5795)
(-0.1910)
(-0.1399)
G2(-1.7640)
(-0.5342)
(-1.9034)
G3(0.4427)
(2.4546)
(-0.4023)
G4(-1.3920)
(-1.8156)
(-3.1655)
A1(1.6286)
(8.9909)
(3.8608)
A2(6.2728)
(5.1140)
(1.6999)
A3(1.1205)
(8.6862)
(-4.4915)
A4(5.6407)
(3.4477)
(-9.3805)
G1(0.6891)
(0.6194)
(0.1772)
G2(-0.2134)
(2.8979)
(-2.0907)
G3(-0.0894)
(0.6103)
(0.0947)
G4(-1.3867)
(-1.8384)
(-1.9002)
A1(-1.0346)
(9.5322)
(-0.2299)
A2(10.3094)
(5.7844)
(0.9577)
A3(2.0734)
(9.4044)
(-3.3519)
A4(4.3527)
(9.4236)
(-8.4324)
G1(0.4773)
(1.4346)
(-0.2533)
G2(0.9562)
(0.7615)
(-2.1636)
G3(-0.1139)
(0.2272)
(0.0803)
G4(-1.4553)
(-0.8865)
(-0.5156)
A1(-0.1724)
(10.0735)
(-1.7053)
A2(5.4492)
(8.3414)
(3.2226)
A3(1.0630)
(9.4044)
(-2.1931)
A4(5.1332)
(10.6494)
(-7.8769)
G1(0.3336)
(0.8519)
(0.1724)
G2(0.7966)
(0.0293)
(-2.2578)
G3(-0.1751)
(0.3837)
(0.0309)
G4(-1.4362)
(-0.7913)
(-0.3166)
A1(-0.8239)
(8.1526)
(-1.0155)
A2(9.6343)
(7.3550)
(0.8667)
A3(3.8355)
(9.0692)
(-1.1301)
A4(3.4907)
(10.7643)
(-4.4724)
G1(0.4730)
(0.8530)
(0.1261)
G2(1.9310)
(2.6579)
(-1.7320)
G3(-0.0511)
(0.6002)
(-0.0059)
G4(-0.9791)
(-0.3932)
(-0.2400)
