A1(-7.7168)
(8.4975)
(6.5671)
A2(-1.1971)
(8.4180)
(0.5842)
A3(-3.1029)
(11.8513)
(-1.4317)
A4(0.7326)
(7.4364)
(-9.2177)
G1(-3.9376)
(0.6854)
(-0.0176)
G2(-1.0908)
(-0.3991)
(0.1245)
G3(0.3437)
(0.6854)
(-0.0729)
G4(-0.0351)
(0.2602)
(-0.2714)
A1(-8.7322)
(10.1166)
(5.2211)
A2(0.1963)
(12.1003)
(-0.9002)
A3(-13.0101)
(14.0204)
(-2.5474)
A4(-2.8204)
(8.9160)
(-8.3270)
G1(-2.8590)
(2.1769)
(-1.2707)
G2(-1.4697)
(3.5476)
(0.4230)
G3(1.2803)
(-0.5369)
(-0.7242)
G4(-0.3618)
(1.3015)
(-0.5076)
A1(-11.8218)
(11.4817)
(5.3074)
A2(1.9297)
(12.5360)
(-2.5283)
A3(-3.3040)
(16.7355)
(-8.2744)
A4(-2.3224)
(10.6446)
(-2.8539)
G1(-2.4818)
(3.6439)
(-2.2689)
G2(-0.7003)
(0.6646)
(0.8668)
G3(2.6584)
(0.6699)
(-2.2886)
G4(-0.4087)
(1.3915)
(-0.0043)
A1(-7.1803)
(10.3561)
(0.5461)
A2(-4.6448)
(14.1066)
(9.3901)
A3(-9.4475)
(-1.7095)
(-12.0045)
A4(0.5602)
(8.0589)
(-7.1251)
G1(0.6385)
(4.0339)
(-2.9410)
G2(-0.0341)
(-0.0420)
(0.8668)
G3(4.2771)
(-1.9481)
(-3.6716)
G4(-1.0743)
(-0.0756)
(-0.0138)
A1(-13.5941)
(4.2536)
(-1.3221)
A2(6.0238)
(12.2870)
(0.1580)
A3(-3.8882)
(-7.1443)
(-5.6838)
A4(2.2266)
(9.9120)
(2.2170)
G1(4.0169)
(3.6460)
(-2.5052)
G2(-0.0952)
(2.8351)
(0.1889)
G3(2.9011)
(-4.9721)
(-4.4415)
G4(-0.5534)
(1.1770)
(0.0676)
A1(3.4919)
(7.9467)
(4.7709)
A2(1.4509)
(10.4579)
(5.9472)
A3(-7.2257)
(-9.5768)
(-3.9840)
A4(2.1261)
(10.1179)
(-1.4748)
G1(5.1705)
(2.2391)
(-1.0179)
G2(0.8046)
(-1.9241)
(0.5066)
G3(0.6337)
(-4.1090)
(-4.6523)
G4(-0.3108)
(0.9413)
(0.0654)
A1(-1.0059)
(1.1927)
(19.1170)
A2(6.7469)
(4.2760)
(3.0406)
A3(-5.3439)
(-7.3310)
(-12.2631)
A4(9.3709)
(8.0972)
(-2.0734)
G1(-1.2084)
(0.9275)
(0.5412)
G2(-0.0458)
(1.1499)
(-0.1985)
G3(0.4656)
(3.0942)
(-5.3759)
G4(-0.5177)
(0.3278)
(-0.1974)
A1(-9.4699)
(3.8081)
(-0.2682)
A2(0.8188)
(9.3709)
(1.1253)
A3(-26.7815)
(10.5441)
(-0.5315)
A4(-2.2218)
(10.2711)
(1.7621)
G1(-2.8585)
(0.9833)
(1.3356)
G2(0.4193)
(-0.1320)
(-0.2554)
G3(1.3292)
(-4.9008)
(0.3129)
G4(0.2586)
(0.7263)
(-0.2480)
A1(-2.2801)
(0.1629)
(0.9724)
A2(13.2926)
(7.1108)
(0.6752)
A3(-2.0734)
(4.7309)
(-5.7461)
A4(1.0343)
(10.2185)
(-0.4645)
G1(-1.8539)
(-1.0275)
(1.2936)
G2(0.2054)
(-0.2921)
(-0.7466)
G3(0.8812)
(-1.6384)
(1.4069)
G4(0.4268)
(-0.2065)
(-0.0250)
A1(-13.9055)
(6.2414)
(-2.6441)
A2(-1.8340)
(6.9192)
(5.5210)
A3(-4.1228)
(-4.5777)
(-0.4597)
A4(0.7518)
(9.7157)
(-2.1596)
G1(0.3890)
(-3.6157)
(2.6765)
G2(-0.0053)
(0.8913)
(0.0952)
G3(-2.5887)
(0.3134)
(5.7074)
G4(0.3347)
(-0.6167)
(-0.0101)
A1(-8.0616)
(6.1073)
(2.4477)
A2(0.6560)
(9.6438)
(2.6576)
A3(-5.2481)
(-2.6001)
(-4.8363)
A4(2.1500)
(8.3270)
(-2.8730)
G1(-0.1123)
(0.3954)
(2.0609)
G2(-0.0298)
(-0.3879)
(-0.1995)
G3(-1.9475)
(2.6792)
(3.0304)
G4(0.3065)
(-1.3031)
(0.1793)
A1(-9.8196)
(6.7013)
(2.3615)
A2(2.0925)
(8.7436)
(2.3750)
A3(-5.5881)
(0.3304)
(-7.2975)
A4(1.1253)
(8.2073)
(-4.2377)
G1(0.5518)
(-2.2359)
(2.0289)
G2(0.0745)
(-0.7881)
(-0.3900)
G3(-1.2739)
(2.5579)
(1.4213)
G4(0.1745)
(-0.9732)
(-0.0388)
A1(-6.3660)
(7.1276)
(3.0225)
A2(3.2226)
(9.5768)
(2.6145)
A3(-6.1675)
(2.5379)
(-8.5425)
A4(-0.4022)
(9.0214)
(-5.0135)
G1(0.5444)
(-0.7125)
(1.4495)
G2(0.0559)
(-1.9470)
(-0.1697)
G3(-2.1769)
(1.7735)
(1.8374)
G4(0.0814)
(-0.9365)
(0.0048)
A1(-5.9540)
(9.2496)
(4.0141)
A2(2.4660)
(10.8362)
(2.2266)
A3(-4.7118)
(7.0342)
(-7.9535)
A4(-0.3783)
(9.3901)
(-4.3862)
G1(1.0169)
(-1.6373)
(0.7982)
G2(0.2102)
(-0.6540)
(-0.1399)
G3(-1.2872)
(1.3729)
(1.5900)
G4(-0.1064)
(-0.9514)
(0.1245)
A1(-5.1349)
(7.7407)
(3.1806)
A2(1.6376)
(9.7300)
(0.4549)
A3(-6.3542)
(7.6136)
(-7.4220)
A4(-0.7566)
(9.1459)
(-3.6488)
G1(1.2366)
(-0.9977)
(0.7359)
G2(0.3581)
(-1.0802)
(-0.2751)
G3(-1.1978)
(0.2943)
(1.5655)
G4(0.0069)
(-0.1240)
(-0.0963)
A1(-5.1253)
(8.8041)
(3.6069)
A2(0.0575)
(9.4523)
(1.4365)
A3(-3.8307)
(9.3661)
(-5.6168)
A4(1.0104)
(9.1171)
(-3.3758)
G1(1.2510)
(-0.8987)
(0.4629)
G2(0.1607)
(-1.6916)
(-0.1953)
G3(-1.6277)
(0.6604)
(1.3686)
G4(0.0165)
(-0.1990)
(-0.0208)
A1(-4.4978)
(9.0819)
(2.9698)
A2(-0.4645)
(9.5050)
(1.4844)
A3(-3.7302)
(9.2129)
(-3.7158)
A4(0.0431)
(9.4284)
(-3.8738)
G1(1.0158)
(-0.2086)
(0.6534)
G2(0.1697)
(-0.2336)
(-0.2671)
G3(-0.7354)
(0.7205)
(0.1320)
G4(-0.1165)
(-0.3879)
(-0.0426)
A1(-3.3530)
(10.2459)
(2.3711)
A2(-0.1341)
(9.9838)
(0.4549)
A3(-3.4955)
(9.7683)
(-4.4053)
A4(-0.8667)
(9.5241)
(-5.0757)
G1(0.7231)
(-0.1655)
(0.2677)
G2(0.2522)
(-0.6593)
(-0.2389)
G3(-0.8982)
(0.1676)
(0.0266)
G4(-0.3778)
(-0.1708)
(-0.0479)
A1(-4.0188)
(7.7599)
(1.5472)
A2(0.3926)
(9.8258)
(0.6991)
A3(-1.2498)
(10.2376)
(-1.4365)
A4(-0.2251)
(9.2225)
(-3.0742)
G1(0.4097)
(-0.1447)
(0.2267)
G2(0.3858)
(-0.3262)
(-0.1426)
G3(-0.3320)
(0.3709)
(-0.1006)
G4(-0.3161)
(-0.2852)
(0.0404)
A1(-3.1135)
(10.4231)
(1.0969)
A2(-0.8140)
(10.4531)
(0.6608)
A3(-3.4046)
(8.0972)
(-2.8395)
A4(-1.5993)
(10.0748)
(-1.3551)
G1(0.1532)
(-0.2543)
(0.0841)
G2(0.4534)
(-0.0383)
(-0.1948)
G3(0.1511)
(0.2379)
(-0.2618)
G4(-0.0383)
(-0.3304)
(0.1921)
