A1(-7.1515)
(8.7227)
(6.2510)
A2(0.9960)
(9.4188)
(-0.1532)
A3(-2.6528)
(10.6015)
(0.0910)
A4(0.4166)
(8.2744)
(-4.5107)
G1(-2.7579)
(1.4037)
(0.1517)
G2(-0.3278)
(-0.1181)
(0.0138)
G3(0.6401)
(1.0227)
(-0.2533)
G4(0.8934)
(1.3239)
(-0.4422)
A1(-6.7204)
(9.7525)
(7.1946)
A2(-1.2402)
(7.8913)
(0.6943)
A3(-4.0606)
(13.7092)
(-1.3647)
A4(-2.6240)
(9.2656)
(-5.9185)
G1(-3.0910)
(2.9234)
(-0.2724)
G2(-1.2574)
(-0.4486)
(0.2416)
G3(1.2627)
(0.3448)
(0.2320)
G4(0.4198)
(1.2318)
(-0.5651)
A1(-8.3155)
(14.6240)
(5.5229)
A2(1.3120)
(10.3430)
(-1.8244)
A3(-3.9025)
(16.9079)
(-11.8082)
A4(-4.4676)
(8.3318)
(-8.3510)
G1(-2.7132)
(3.3805)
(-2.4493)
G2(-1.4867)
(3.5508)
(1.1824)
G3(2.6191)
(0.0819)
(-2.3078)
G4(0.0495)
(1.0749)
(-0.0223)
A1(-9.5944)
(7.3096)
(-0.3497)
A2(-0.5459)
(7.4555)
(6.3829)
A3(-5.7509)
(-0.0144)
(-12.8329)
A4(-0.7566)
(7.4699)
(-6.7086)
G1(1.4931)
(3.1735)
(-2.2471)
G2(-1.0876)
(-0.6029)
(0.9025)
G3(7.3863)
(-3.0517)
(-5.9267)
G4(-0.6103)
(1.2425)
(-0.1942)
A1(-5.0535)
(7.5683)
(2.8597)
A2(-5.1858)
(13.2112)
(6.8522)
A3(-6.6319)
(-9.8976)
(-1.4030)
A4(-2.4421)
(7.1108)
(-5.8275)
G1(3.1980)
(5.3797)
(-2.3328)
G2(-1.2169)
(0.4794)
(0.8503)
G3(7.7194)
(-5.1663)
(-1.7570)
G4(-1.1510)
(1.6394)
(0.0458)
A1(-12.8469)
(14.3605)
(8.2820)
A2(3.7445)
(11.7555)
(0.1772)
A3(-4.9847)
(-10.2903)
(1.1157)
A4(1.2115)
(9.6630)
(-0.3208)
G1(5.5712)
(-1.0264)
(-1.7677)
G2(0.6226)
(2.3445)
(1.4575)
G3(-1.0680)
(-5.9038)
(0.4246)
G4(-0.6747)
(0.7497)
(0.3592)
A1(-1.0442)
(-2.9794)
(0.6514)
A2(0.6752)
(4.5633)
(6.8091)
A3(-4.2329)
(2.0542)
(-8.0876)
A4(4.5633)
(9.7971)
(0.2251)
G1(2.3376)
(-0.2921)
(-0.8759)
G2(0.9530)
(0.5917)
(-0.0490)
G3(-1.7358)
(1.5133)
(-3.8232)
G4(-0.4699)
(0.1495)
(0.2597)
A1(-16.5927)
(1.4658)
(-17.7423)
A2(-5.2050)
(9.2991)
(11.8800)
A3(-4.6974)
(41.3335)
(2.6049)
A4(-0.2203)
(11.8178)
(0.7326)
G1(0.1070)
(0.4028)
(-0.2272)
G2(-2.3408)
(-0.5209)
(-2.3956)
G3(0.1724)
(0.0176)
(0.6822)
G4(0.2863)
(1.0185)
(-0.0527)
A1(-4.8954)
(-2.6393)
(1.6957)
A2(7.8338)
(11.4539)
(5.9807)
A3(-6.3159)
(-7.3598)
(-1.7095)
A4(3.0742)
(8.4372)
(-3.4716)
G1(-1.2478)
(-1.2100)
(0.2730)
G2(0.1703)
(-0.7306)
(0.1016)
G3(1.3915)
(0.3570)
(0.3874)
G4(0.3134)
(-1.5160)
(0.1341)
A1(-2.4477)
(1.0778)
(0.7233)
A2(6.1052)
(10.3860)
(4.0270)
A3(-3.5338)
(-0.9864)
(0.3831)
A4(4.4341)
(8.7915)
(-6.2872)
G1(-1.6331)
(-1.5862)
(1.8220)
G2(-0.1054)
(0.3469)
(-0.1463)
G3(-0.3124)
(-0.3821)
(1.0014)
G4(-0.1378)
(-1.1377)
(-0.0314)
A1(-3.7793)
(3.4440)
(-0.7329)
A2(1.6951)
(7.5369)
(1.8340)
A3(-6.5457)
(3.8451)
(-1.8148)
A4(3.2944)
(9.8402)
(-2.2889)
G1(-1.3234)
(-2.2035)
(2.1088)
G2(-0.1362)
(-0.8397)
(-0.2235)
G3(1.2920)
(0.0176)
(0.9791)
G4(-0.1203)
(-1.1121)
(0.0676)
A1(-8.0856)
(4.1290)
(-2.5866)
A2(5.9807)
(11.0899)
(0.5555)
A3(-13.3166)
(-4.8985)
(-6.6319)
A4(0.0000)
(8.9447)
(-2.5570)
G1(-0.4284)
(-1.9225)
(3.4571)
G2(0.8359)
(0.2054)
(-0.5587)
G3(1.5495)
(-0.0452)
(1.0493)
G4(0.0016)
(-1.5490)
(0.0074)
A1(-11.0842)
(7.6641)
(2.1124)
A2(1.2019)
(9.1219)
(1.4413)
A3(-6.5553)
(-5.2625)
(-5.6551)
A4(-0.6752)
(9.3374)
(-3.7397)
G1(-0.1532)
(-2.3509)
(3.0969)
G2(0.4651)
(-1.3920)
(-0.2283)
G3(-2.0864)
(3.6008)
(2.1279)
G4(0.0000)
(-0.8727)
(-0.2235)
A1(-7.6066)
(9.0053)
(2.3759)
A2(1.7957)
(9.3996)
(0.2346)
A3(-5.9520)
(1.0104)
(-10.0652)
A4(-0.0718)
(9.0118)
(-4.2904)
G1(1.2095)
(-1.4787)
(1.9018)
G2(0.3320)
(-0.8775)
(-0.3427)
G3(-3.7897)
(3.6934)
(2.3610)
G4(-0.0043)
(-0.2086)
(-0.1485)
A1(-7.4533)
(9.1921)
(3.1183)
A2(0.6225)
(9.0549)
(-0.5411)
A3(-5.5976)
(10.9846)
(-8.7005)
A4(-1.7621)
(9.7444)
(-2.8060)
G1(1.4793)
(-0.8498)
(0.9440)
G2(0.2363)
(-0.1942)
(-0.1751)
G3(-2.4280)
(0.8242)
(3.0272)
G4(0.1676)
(-0.1123)
(-0.0889)
A1(-4.7421)
(8.8712)
(0.8335)
A2(0.7805)
(8.7340)
(-0.5171)
A3(-4.1228)
(10.8074)
(-5.0901)
A4(0.1915)
(9.6582)
(-3.4477)
G1(1.2675)
(-0.2735)
(1.1680)
G2(-0.0452)
(-0.3448)
(-0.1336)
G3(-1.7703)
(0.9631)
(1.2717)
G4(0.2097)
(-0.1442)
(0.0090)
A1(-3.6117)
(10.0735)
(0.7808)
A2(-2.2745)
(10.2424)
(1.1923)
A3(-4.9656)
(9.2320)
(-5.3917)
A4(-1.9441)
(7.6136)
(-5.8802)
G1(0.9690)
(-0.5087)
(0.2315)
G2(-0.4454)
(-0.8519)
(-0.3533)
G3(-0.7263)
(0.4677)
(0.5757)
G4(0.0830)
(0.0314)
(-0.1240)
A1(-3.6117)
(10.0447)
(-0.6802)
A2(-0.3783)
(9.7540)
(-0.2538)
A3(-0.1867)
(10.5632)
(-2.2505)
A4(-0.0287)
(8.8107)
(-4.6783)
G1(0.5784)
(-1.0584)
(-0.2969)
G2(0.1932)
(0.5028)
(-0.0654)
G3(-0.3549)
(0.1799)
(0.3118)
G4(-0.1016)
(-0.2400)
(0.0117)
A1(-1.6621)
(9.4939)
(-0.0623)
A2(0.9337)
(9.8354)
(0.5890)
A3(-1.1492)
(8.5281)
(-4.5921)
A4(0.7374)
(8.7819)
(-4.7788)
G1(0.1554)
(0.3443)
(0.2730)
G2(0.7657)
(0.1117)
(-0.2512)
G3(-0.0628)
(-0.2629)
(-0.0750)
G4(-0.2517)
(0.1027)
(-0.0271)
A1(-2.6154)
(9.5992)
(0.6419)
A2(0.3926)
(9.6678)
(-1.5275)
A3(-1.5083)
(8.8538)
(-3.7350)
A4(0.6752)
(9.6295)
(-2.6193)
G1(0.6332)
(-0.1368)
(-0.1495)
G2(0.5108)
(0.0623)
(0.0138)
G3(-0.3959)
(0.0362)
(0.2618)
G4(-0.1761)
(-0.0181)
(0.0713)
