A1(-1.8011)
(8.6077)
(3.2812)
A2(-0.1341)
(9.5337)
(0.5650)
A3(-3.3758)
(8.9543)
(-2.1308)
A4(-0.0622)
(10.7308)
(1.6807)
G1(-0.6582)
(1.3840)
(0.3629)
G2(-0.0202)
(0.0942)
(-0.0357)
G3(0.1953)
(0.4757)
(-0.1623)
G4(0.7928)
(0.3219)
(0.0633)
A1(-3.9614)
(6.2654)
(0.9101)
A2(-0.9625)
(8.9256)
(1.0678)
A3(-4.0079)
(7.9057)
(-3.5482)
A4(-1.5036)
(7.1922)
(-11.6837)
G1(-1.1403)
(3.0549)
(0.2246)
G2(-0.3757)
(-0.1426)
(0.1591)
G3(0.2932)
(1.7214)
(-0.4810)
G4(1.3808)
(0.7811)
(-0.3592)
A1(-6.8354)
(8.5646)
(6.2702)
A2(1.5802)
(2.2314)
(4.0175)
A3(-5.2098)
(9.0261)
(-4.4580)
A4(-2.8491)
(2.7150)
(-12.7419)
G1(-2.8894)
(1.8028)
(-0.9078)
G2(-2.3365)
(0.2932)
(0.8572)
G3(-0.1846)
(1.6139)
(-0.7710)
G4(0.9057)
(1.0062)
(-0.3624)
A1(-19.8882)
(15.1653)
(12.0661)
A2(4.4197)
(7.4986)
(1.1396)
A3(-7.9679)
(18.0523)
(-7.6375)
A4(-4.0749)
(4.2042)
(-10.8745)
G1(-3.9807)
(2.8904)
(-2.5946)
G2(-0.5172)
(0.6657)
(0.6705)
G3(1.7283)
(-0.6683)
(0.1096)
G4(-0.4012)
(0.6492)
(0.0452)
A1(-11.7021)
(12.0613)
(-1.5376)
A2(0.1676)
(13.6230)
(3.4237)
A3(-14.6860)
(6.2968)
(-19.0291)
A4(-1.4892)
(6.2058)
(-15.2894)
G1(-0.1926)
(1.7778)
(-3.0165)
G2(-0.6971)
(1.7549)
(1.2090)
G3(3.9259)
(-1.5139)
(-4.4266)
G4(-2.2136)
(1.2420)
(0.6529)
A1(7.2377)
(0.1581)
(6.2462)
A2(-1.0487)
(18.2199)
(6.9049)
A3(-6.4691)
(-18.7562)
(-1.0774)
A4(-0.5124)
(18.6221)
(-3.5961)
G1(5.6159)
(4.4389)
(-1.9055)
G2(-0.1309)
(0.3230)
(-0.0830)
G3(2.3594)
(-5.9283)
(-2.9218)
G4(-0.9929)
(9.5860)
(-6.2087)
A1(-6.2510)
(8.5933)
(23.6005)
A2(0.8092)
(9.9886)
(4.9464)
A3(4.4293)
(-8.7340)
(-4.7980)
A4(-4.5633)
(6.1483)
(4.9560)
G1(-1.5165)
(1.4830)
(-1.3755)
G2(1.8023)
(1.9167)
(-1.0206)
G3(-1.2909)
(-3.2954)
(-1.3175)
G4(1.0467)
(-2.1492)
(0.5726)
A1(-9.9298)
(19.4763)
(11.3716)
A2(11.8944)
(4.3814)
(11.1091)
A3(55.5168)
(1.5227)
(22.3762)
A4(-9.9838)
(9.7540)
(2.4995)
G1(0.1953)
(9.8702)
(-0.2746)
G2(0.7269)
(-0.1979)
(-0.5906)
G3(5.4483)
(-1.5027)
(1.4750)
G4(-0.2496)
(1.1653)
(-0.1352)
A1(-10.5285)
(0.6850)
(-1.6526)
A2(-9.7923)
(39.9257)
(16.6493)
A3(-9.8545)
(-0.5602)
(-0.3017)
A4(-2.4469)
(7.7764)
(-6.5314)
G1(-1.0397)
(-3.5306)
(0.8684)
G2(-1.5043)
(3.8834)
(2.5483)
G3(-1.4309)
(1.5942)
(-2.7356)
G4(0.4826)
(-0.0649)
(-0.1112)
A1(-7.5778)
(1.7675)
(-2.4429)
A2(-0.0958)
(10.5776)
(3.6009)
A3(-8.0732)
(-0.8715)
(-2.9353)
A4(1.6759)
(9.7540)
(-3.1125)
G1(-1.0121)
(-1.6389)
(0.0176)
G2(-0.8647)
(-1.0866)
(-0.0314)
G3(1.3149)
(1.1435)
(2.9096)
G4(0.3453)
(-1.2393)
(0.3054)
A1(-10.4040)
(2.5244)
(-1.0730)
A2(1.4605)
(10.3717)
(1.9824)
A3(-10.1658)
(-4.2617)
(0.5746)
A4(1.1875)
(8.9591)
(-4.6783)
G1(-1.1483)
(1.6990)
(0.6582)
G2(0.0197)
(-1.1504)
(-0.3634)
G3(2.9021)
(2.1141)
(0.6811)
G4(0.0133)
(-0.3453)
(-0.1032)
A1(-7.7263)
(2.9794)
(-0.5269)
A2(-0.9625)
(8.6862)
(2.2458)
A3(-8.8346)
(-2.6288)
(0.2442)
A4(-0.7566)
(8.2313)
(-4.0749)
G1(-1.5793)
(-0.8141)
(1.3766)
G2(0.2692)
(0.2331)
(-0.2810)
G3(-1.8076)
(1.9305)
(0.2480)
G4(0.0713)
(-0.8434)
(0.3900)
A1(-2.8740)
(2.7782)
(2.5723)
A2(-2.1883)
(12.5600)
(2.1883)
A3(-5.7317)
(-3.4141)
(-3.0119)
A4(-3.8403)
(6.6942)
(-3.5578)
G1(0.2836)
(-1.0483)
(1.2702)
G2(0.7231)
(-1.2425)
(-0.4571)
G3(-4.3192)
(2.6430)
(0.6896)
G4(0.0106)
(0.1224)
(-0.1687)
A1(-7.8365)
(8.9191)
(-0.2730)
A2(-0.4693)
(7.0677)
(0.6895)
A3(-0.5028)
(2.1165)
(-4.4149)
A4(-3.2082)
(10.3094)
(-1.5083)
G1(1.3319)
(-0.5332)
(2.0247)
G2(0.5316)
(-0.3501)
(-0.1916)
G3(-3.8525)
(1.5123)
(1.5027)
G4(0.3448)
(1.1414)
(-0.5225)
A1(-4.4212)
(10.0016)
(1.8777)
A2(-4.3191)
(7.6136)
(0.9481)
A3(-3.6152)
(3.2561)
(-5.5593)
A4(-3.5051)
(10.0030)
(-4.5921)
G1(0.6380)
(1.2632)
(1.8464)
G2(0.1458)
(0.3938)
(-0.2778)
G3(-3.0948)
(2.0646)
(1.0174)
G4(0.9706)
(-1.2260)
(-0.0085)
A1(-6.3133)
(8.7179)
(1.6621)
A2(0.6800)
(7.1156)
(-0.6416)
A3(-6.2345)
(8.1068)
(-7.0773)
A4(-5.2912)
(4.9464)
(-9.0357)
G1(0.0814)
(-0.1511)
(1.4138)
G2(-0.3730)
(1.4404)
(0.5002)
G3(-2.1343)
(1.7038)
(0.7391)
G4(0.3672)
(0.0750)
(-0.1250)
A1(0.5748)
(8.5646)
(3.1183)
A2(2.6624)
(11.9519)
(-0.7566)
A3(-2.0159)
(10.5105)
(-4.9608)
A4(-0.6608)
(9.1842)
(-5.6168)
G1(0.3076)
(-2.3078)
(0.4294)
G2(-0.6747)
(-0.1016)
(0.7482)
G3(-1.7012)
(-0.2182)
(1.0727)
G4(-0.2969)
(-0.4491)
(0.0090)
A1(-6.1073)
(10.6578)
(-0.8909)
A2(1.8387)
(13.1202)
(-0.6033)
A3(-3.8403)
(13.3884)
(1.3024)
A4(-0.3352)
(8.9399)
(-4.6591)
G1(0.3757)
(-0.7019)
(-0.4725)
G2(0.4874)
(0.4879)
(-0.0250)
G3(-0.4640)
(-0.9365)
(0.6508)
G4(-0.3874)
(-0.5380)
(-0.0117)
A1(-2.6968)
(8.4832)
(1.5568)
A2(-2.4181)
(10.6781)
(3.6966)
A3(-4.5729)
(10.6542)
(-0.1820)
A4(-0.3160)
(9.1267)
(-4.3814)
G1(0.2820)
(-0.3539)
(-0.4156)
G2(0.4560)
(-1.2212)
(-0.2453)
G3(-0.0857)
(0.5954)
(-0.5114)
G4(-0.2528)
(0.0761)
(-0.0399)
A1(-2.8836)
(8.8807)
(0.7425)
A2(-1.3312)
(9.5768)
(1.4653)
A3(-1.0918)
(9.3853)
(-2.3798)
A4(-0.3256)
(8.8921)
(-4.9081)
G1(0.1612)
(0.3523)
(0.2176)
G2(0.2703)
(0.2027)
(-0.2235)
G3(0.0144)
(0.6492)
(-0.5470)
G4(-0.3586)
(-0.2341)
(0.0458)
