A1(0.7137)
(6.1887)
(8.2628)
A2(1.3024)
(9.4379)
(0.1867)
A3(0.0000)
(8.1882)
(-3.1987)
A4(1.1827)
(9.6055)
(-1.3264)
G1(0.2160)
(-1.3250)
(-0.5028)
G2(0.1293)
(-1.5447)
(0.1064)
G3(0.3070)
(-1.2579)
(1.3500)
G4(0.3650)
(-1.0956)
(0.4353)
A1(0.1964)
(5.0918)
(11.2135)
A2(0.4357)
(9.8976)
(0.8380)
A3(2.6288)
(6.8474)
(-0.8140)
A4(0.0958)
(11.2767)
(-0.8284)
G1(-0.3688)
(-1.4622)
(0.2661)
G2(0.4033)
(-1.5447)
(0.1735)
G3(0.4337)
(-0.7003)
(1.5639)
G4(0.9434)
(-0.6125)
(0.4762)
A1(-1.3652)
(9.0915)
(4.2823)
A2(0.1532)
(9.5433)
(0.9816)
A3(8.3318)
(4.8698)
(-0.5698)
A4(4.7262)
(18.0236)
(-0.8188)
G1(3.2815)
(-3.1134)
(-0.6870)
G2(0.7066)
(-1.5644)
(0.2496)
G3(-0.5603)
(-2.1173)
(2.3445)
G4(2.1503)
(-1.8789)
(1.2324)
A1(3.1614)
(13.6516)
(6.6294)
A2(-0.9864)
(7.6423)
(0.4932)
A3(-6.3638)
(5.8083)
(-4.3048)
A4(3.2705)
(33.7870)
(15.6246)
G1(1.6756)
(-4.4868)
(-0.1639)
G2(0.4805)
(-1.8246)
(0.2730)
G3(1.0610)
(-0.6843)
(1.7086)
G4(3.7823)
(-3.1528)
(1.4936)
A1(3.2476)
(10.7680)
(5.5756)
A2(-3.1412)
(9.4667)
(2.2649)
A3(7.7333)
(42.7604)
(-3.3088)
A4(6.1004)
(17.5830)
(-12.9861)
G1(1.8427)
(-10.1862)
(-0.4438)
G2(-0.0676)
(-1.6299)
(0.3666)
G3(0.1219)
(5.5462)
(-1.3691)
G4(2.3509)
(-3.5481)
(4.3596)
A1(-4.4452)
(9.5657)
(7.8796)
A2(-0.3735)
(13.3453)
(4.6064)
A3(-0.4501)
(0.0910)
(-8.7915)
A4(-8.9495)
(28.5389)
(-23.2908)
G1(-0.6534)
(-5.2232)
(0.2432)
G2(-0.4826)
(-0.9631)
(1.2106)
G3(0.7226)
(-3.0490)
(0.8503)
G4(0.0889)
(-2.6063)
(9.2965)
A1(-6.2750)
(7.2761)
(4.2536)
A2(8.2552)
(10.6446)
(10.4722)
A3(5.3870)
(13.7906)
(-2.3894)
A4(-33.6242)
(3.0981)
(-30.3441)
G1(-0.2272)
(-1.3133)
(-1.4718)
G2(-3.5082)
(-5.2594)
(1.0669)
G3(-0.8881)
(-2.6260)
(1.3489)
G4(-6.8855)
(5.7803)
(2.4972)
A1(-3.2381)
(7.4485)
(10.1645)
A2(7.9440)
(10.1801)
(20.7386)
A3(1.1396)
(16.0028)
(2.4517)
A4(22.1416)
(11.0421)
(-17.7027)
G1(0.8934)
(4.9811)
(2.1136)
G2(-8.1419)
(-8.4319)
(1.4809)
G3(0.1777)
(-1.4622)
(0.4816)
G4(-11.5415)
(10.4140)
(-2.8825)
A1(2.0741)
(0.2587)
(-7.7838)
A2(-9.1889)
(21.4520)
(-1.6520)
A3(2.4517)
(12.2727)
(-2.7102)
A4(4.4436)
(12.1147)
(-1.8866)
G1(-1.5931)
(-1.7522)
(0.7088)
G2(-6.1007)
(-7.3777)
(2.4796)
G3(0.4145)
(0.6843)
(-0.6274)
G4(-15.5739)
(-3.7179)
(2.7031)
A1(8.7514)
(7.1180)
(4.1913)
A2(9.0549)
(24.8805)
(17.0659)
A3(0.1293)
(2.3320)
(-6.6319)
A4(-3.0358)
(31.8860)
(15.4570)
G1(-1.4410)
(-5.3743)
(-0.6540)
G2(-8.5393)
(-0.8003)
(6.2225)
G3(-0.1506)
(-1.3361)
(0.6486)
G4(-12.1311)
(1.5868)
(8.0737)
A1(7.8413)
(11.4865)
(4.2536)
A2(12.7802)
(16.5870)
(-2.5618)
A3(-0.2346)
(3.2417)
(-2.8395)
A4(2.2458)
(24.7704)
(-2.8826)
G1(-1.7507)
(-5.1120)
(-2.8404)
G2(-5.9730)
(1.3319)
(5.1269)
G3(0.3852)
(-1.8682)
(0.3826)
G4(-5.2833)
(5.4696)
(2.2045)
A1(-14.2839)
(9.6136)
(-3.4201)
A2(-2.1787)
(3.2274)
(3.0215)
A3(4.6974)
(5.9903)
(-5.1715)
A4(-23.1854)
(8.3127)
(-18.2773)
G1(-1.4372)
(-2.1497)
(-0.0846)
G2(-4.9263)
(1.1573)
(3.1932)
G3(0.7966)
(-2.2333)
(0.9711)
G4(-3.4869)
(-0.0059)
(3.5896)
A1(-0.0287)
(9.2112)
(0.4215)
A2(-0.0287)
(-16.2423)
(3.3184)
A3(2.1931)
(12.5456)
(-5.5498)
A4(-1.9537)
(-4.0366)
(-9.2225)
G1(0.4821)
(1.8667)
(-0.3831)
G2(-4.2218)
(-0.8189)
(3.2241)
G3(1.0983)
(-3.0671)
(1.1605)
G4(-1.4197)
(6.5375)
(-4.8593)
A1(-0.0671)
(11.1752)
(2.9076)
A2(8.9160)
(4.0462)
(12.4594)
A3(0.9625)
(0.7709)
(-7.2496)
A4(-3.5817)
(-3.9840)
(-8.6862)
G1(-0.5715)
(-1.9608)
(-0.6199)
G2(-5.7287)
(-2.0470)
(1.5766)
G3(0.5561)
(-1.4069)
(-0.1160)
G4(3.2470)
(-2.7324)
(-3.5396)
A1(0.2443)
(10.5572)
(2.6633)
A2(8.1211)
(8.1259)
(-4.1994)
A3(2.1644)
(-0.5555)
(-13.2495)
A4(-9.0357)
(-5.6743)
(-8.0397)
G1(-0.0500)
(0.0293)
(-0.6779)
G2(-3.5731)
(3.3369)
(0.1666)
G3(1.3345)
(0.8099)
(-0.2283)
G4(3.1400)
(-0.7285)
(-5.8224)
A1(2.6106)
(9.2304)
(2.7447)
A2(-0.7470)
(-5.7940)
(0.7566)
A3(-1.0439)
(8.6095)
(-8.1786)
A4(7.9200)
(14.5951)
(1.1157)
G1(1.2228)
(1.1669)
(-1.2106)
G2(-1.9901)
(2.1588)
(-1.1361)
G3(0.3996)
(-0.7343)
(1.3686)
G4(4.3325)
(-0.6284)
(-5.2605)
A1(7.1755)
(8.8616)
(3.5686)
A2(5.2481)
(-3.8116)
(4.9225)
A3(0.7135)
(-0.3735)
(-7.7093)
A4(2.3894)
(10.0413)
(-0.0239)
G1(0.3054)
(-0.0963)
(-0.3964)
G2(0.2703)
(1.5740)
(-1.7501)
G3(0.3704)
(-0.3347)
(0.2219)
G4(5.3344)
(-3.1953)
(-4.0786)
A1(4.9242)
(12.3248)
(6.5432)
A2(0.7614)
(2.4086)
(4.0270)
A3(7.0964)
(13.5464)
(-3.4093)
A4(5.4684)
(13.1777)
(-2.1452)
G1(-0.4906)
(-0.1304)
(-0.4608)
G2(3.5263)
(1.0025)
(-2.8276)
G3(-0.2549)
(-0.1091)
(0.8892)
G4(4.1388)
(-4.4112)
(-1.7507)
A1(1.4466)
(9.7094)
(1.1017)
A2(7.2018)
(-5.3199)
(8.7436)
A3(-4.1563)
(14.3221)
(-5.3151)
A4(7.4220)
(18.2773)
(-6.6702)
G1(0.3129)
(-0.5710)
(-1.1499)
G2(3.8286)
(0.5140)
(-2.3392)
G3(-0.0245)
(-1.2898)
(0.7705)
G4(2.4530)
(-3.2576)
(-2.1247)
A1(2.0166)
(4.7613)
(3.0465)
A2(10.9080)
(-4.1994)
(10.3094)
A3(6.5457)
(1.4844)
(-7.1491)
A4(8.9208)
(12.5073)
(-6.3207)
G1(1.9300)
(0.1501)
(-0.9817)
G2(4.3974)
(-1.1818)
(-3.5252)
G3(0.0915)
(-0.9754)
(0.3475)
G4(0.7662)
(-1.1871)
(-2.7244)
