A1(-0.4838)
(14.1019)
(-2.1795)
A2(2.8970)
(8.6335)
(5.2241)
A3(8.9878)
(-0.3352)
(-11.1378)
A4(-5.5258)
(8.5186)
(-2.6193)
G1(1.5447)
(0.9339)
(-0.6960)
G2(-1.3766)
(1.2004)
(0.4741)
G3(0.1868)
(0.7050)
(-0.7694)
G4(1.1797)
(5.9245)
(-4.4958)
A1(1.8202)
(9.3741)
(3.5877)
A2(8.8394)
(6.6607)
(6.7900)
A3(-3.2609)
(11.5305)
(-10.8888)
A4(6.8139)
(-2.3894)
(-4.8076)
G1(2.3397)
(2.4488)
(-0.5832)
G2(-0.7716)
(3.3379)
(1.9842)
G3(-0.4236)
(-1.0610)
(-0.5044)
G4(1.6575)
(4.8300)
(-4.2686)
A1(-5.8343)
(-2.4477)
(7.5826)
A2(-2.4612)
(3.9217)
(8.5377)
A3(-2.3176)
(15.8544)
(-1.8723)
A4(-2.4373)
(9.7971)
(-4.1707)
G1(-4.3048)
(5.0130)
(-0.3336)
G2(0.1618)
(1.5788)
(0.7040)
G3(0.2134)
(1.5639)
(-1.8039)
G4(-0.0016)
(-0.3320)
(-0.3464)
A1(4.2248)
(37.5826)
(-4.9433)
A2(8.3893)
(6.7229)
(9.0932)
A3(0.5842)
(27.2077)
(14.4610)
A4(1.2929)
(1.7765)
(-15.2559)
G1(-7.4059)
(4.5815)
(-1.3164)
G2(1.8762)
(2.9064)
(-0.0947)
G3(1.9034)
(2.5637)
(-2.3855)
G4(-0.2666)
(3.3757)
(-1.7687)
A1(-6.4043)
(15.4143)
(8.8185)
A2(0.6656)
(10.3765)
(7.9775)
A3(-7.0294)
(26.6187)
(-1.3264)
A4(-8.5569)
(12.6462)
(-6.1818)
G1(-8.3951)
(1.3372)
(-4.8098)
G2(3.4912)
(-0.6545)
(-0.4768)
G3(4.4101)
(3.2975)
(-3.2970)
G4(-0.9684)
(1.2569)
(-0.2629)
A1(2.4285)
(24.5825)
(11.6733)
A2(-2.5235)
(14.2216)
(2.7964)
A3(9.9551)
(7.5226)
(-15.0930)
A4(2.9784)
(12.1242)
(1.4365)
G1(-9.3370)
(1.5144)
(-4.1005)
G2(1.8667)
(-0.1969)
(0.5688)
G3(-1.7570)
(4.7214)
(-0.6784)
G4(-0.6204)
(0.4241)
(-0.2708)
A1(-1.7148)
(-10.6099)
(6.7300)
A2(7.4939)
(0.2969)
(0.9002)
A3(-13.7331)
(3.9840)
(-14.3987)
A4(4.5346)
(10.9654)
(0.6464)
G1(-5.4696)
(0.5757)
(-3.7557)
G2(1.4936)
(2.9974)
(0.6008)
G3(-16.1603)
(7.1457)
(1.9566)
G4(0.6412)
(2.6223)
(-1.6288)
A1(0.0958)
(6.8977)
(25.7273)
A2(-0.0287)
(5.9137)
(6.7469)
A3(15.3995)
(38.8818)
(-3.1795)
A4(-0.0144)
(14.6046)
(-2.7294)
G1(-8.0392)
(-0.2985)
(-1.2946)
G2(-0.0410)
(-0.2927)
(-0.5901)
G3(-14.2526)
(1.6315)
(-4.0989)
G4(1.0977)
(1.2531)
(-0.5848)
A1(-2.8118)
(5.0008)
(-6.1983)
A2(-3.8978)
(5.6168)
(6.3255)
A3(16.3716)
(54.0180)
(11.3294)
A4(-6.8331)
(4.7262)
(-10.2855)
G1(-4.1648)
(-0.7955)
(-0.1437)
G2(0.9578)
(5.3584)
(-0.4848)
G3(-11.7900)
(-2.5509)
(-1.5500)
G4(1.4958)
(3.5588)
(-1.6102)
A1(3.6596)
(1.4993)
(0.9676)
A2(4.5969)
(5.0039)
(6.7516)
A3(-9.1602)
(21.5526)
(-12.5935)
A4(-2.9305)
(2.5762)
(-10.3717)
G1(-1.5309)
(1.5660)
(0.4310)
G2(-0.0921)
(3.2741)
(0.2666)
G3(-5.9645)
(-0.8253)
(0.3448)
G4(0.4193)
(2.4924)
(0.6396)
A1(-6.4139)
(1.2789)
(0.4694)
A2(-7.4364)
(9.1411)
(0.4645)
A3(13.7236)
(-1.9249)
(-21.0402)
A4(4.6112)
(4.6639)
(-9.5912)
G1(2.7984)
(0.7838)
(2.9995)
G2(-0.7865)
(7.2671)
(1.4367)
G3(-2.1912)
(-1.7868)
(3.0719)
G4(-0.0803)
(0.2990)
(-0.3539)
A1(1.8442)
(2.5866)
(3.5734)
A2(13.9486)
(15.3564)
(-1.1061)
A3(-4.1659)
(-3.2370)
(-16.7020)
A4(6.2824)
(5.7317)
(-8.1547)
G1(3.8456)
(1.1185)
(3.7700)
G2(0.2586)
(-0.1054)
(0.0537)
G3(2.5371)
(1.6421)
(1.4186)
G4(-0.7386)
(0.9216)
(-0.8477)
A1(-0.9245)
(2.2609)
(7.7838)
A2(0.0096)
(6.2872)
(0.9337)
A3(3.5674)
(2.8012)
(-9.2560)
A4(-4.2329)
(5.8706)
(-3.1987)
G1(3.8307)
(-0.8407)
(4.2175)
G2(0.8684)
(-2.4232)
(0.4390)
G3(3.7812)
(2.8399)
(2.3764)
G4(-0.5970)
(1.2680)
(-0.9073)
A1(-11.4674)
(5.2020)
(10.5093)
A2(4.0510)
(9.7157)
(2.5714)
A3(2.7054)
(11.2192)
(-2.4948)
A4(-1.5036)
(11.6933)
(-3.7350)
G1(3.9749)
(0.0261)
(4.1255)
G2(-0.0027)
(0.3741)
(-0.1788)
G3(4.0925)
(0.8892)
(3.6700)
G4(-0.1405)
(0.6460)
(-0.3507)
A1(-3.0608)
(1.0873)
(2.8118)
A2(-0.8763)
(8.5090)
(2.9353)
A3(-7.5226)
(19.5606)
(7.1970)
A4(-1.4269)
(4.7549)
(-6.3782)
G1(1.5766)
(1.0435)
(4.4245)
G2(0.2591)
(-0.4023)
(0.9190)
G3(5.2323)
(1.9986)
(3.0671)
G4(0.3533)
(-0.4268)
(0.5071)
A1(-5.1445)
(16.0850)
(8.0712)
A2(-3.6009)
(10.9894)
(6.5074)
A3(-8.7388)
(21.5861)
(7.8961)
A4(5.2433)
(10.9607)
(-5.9568)
G1(1.6634)
(-0.4209)
(3.9100)
G2(0.5199)
(-0.0458)
(0.3523)
G3(5.4845)
(3.7211)
(2.8516)
G4(0.1586)
(1.4112)
(-0.5300)
A1(-9.2831)
(10.0303)
(6.4809)
A2(-1.1684)
(7.4172)
(6.0908)
A3(-11.2575)
(11.2480)
(1.0487)
A4(-2.6384)
(7.9679)
(-6.4260)
G1(1.8677)
(-1.8906)
(1.5421)
G2(0.1304)
(-0.4427)
(-0.0862)
G3(3.7301)
(2.5935)
(2.2817)
G4(0.3688)
(0.2240)
(-0.0851)
A1(-7.2186)
(7.6593)
(4.3925)
A2(-0.0096)
(8.9399)
(2.3703)
A3(-13.5225)
(19.1632)
(2.4325)
A4(-1.8866)
(7.4986)
(-7.9248)
G1(1.4819)
(-0.2320)
(0.8987)
G2(-0.0426)
(0.3539)
(0.0654)
G3(1.2792)
(1.4591)
(1.7395)
G4(0.1096)
(0.1043)
(0.2219)
A1(-4.8810)
(9.2591)
(2.9459)
A2(0.9146)
(8.9064)
(2.4469)
A3(-8.5569)
(12.4977)
(2.1883)
A4(-0.4645)
(7.5753)
(-7.0342)
G1(0.9615)
(-0.1229)
(0.1501)
G2(0.1320)
(-0.5912)
(0.5241)
G3(0.6486)
(0.4699)
(0.5167)
G4(0.0516)
(0.1799)
(0.3975)
A1(-3.6261)
(9.2687)
(3.2333)
A2(-0.7997)
(12.7419)
(2.6097)
A3(-9.2991)
(11.6262)
(1.0630)
A4(1.2641)
(8.6431)
(-5.2241)
G1(1.5543)
(-0.7423)
(0.0798)
G2(0.7939)
(0.0921)
(-0.1958)
G3(0.4246)
(0.3783)
(-0.0404)
G4(0.0931)
(0.4539)
(0.2522)
