A1(1.4945)
(7.4246)
(6.2941)
A2(1.7861)
(9.8114)
(-1.3743)
A3(-2.5905)
(9.9647)
(-1.7573)
A4(-0.2203)
(9.3278)
(-3.6057)
G1(-1.1898)
(-0.7364)
(-0.0442)
G2(-0.1634)
(-0.1298)
(-0.0372)
G3(0.3054)
(-1.3122)
(0.5220)
G4(-0.2070)
(-0.2538)
(0.0894)
A1(-0.6946)
(6.6917)
(6.2414)
A2(1.2498)
(9.9790)
(-2.1356)
A3(2.5331)
(7.6998)
(-2.9305)
A4(0.3879)
(9.9838)
(-2.4229)
G1(-0.5523)
(-0.7205)
(0.0218)
G2(0.1745)
(-0.7104)
(-0.1139)
G3(-0.1171)
(-1.9981)
(0.7130)
G4(0.0490)
(-0.3789)
(-0.0229)
A1(1.3700)
(6.6486)
(8.6748)
A2(-0.4597)
(9.1746)
(1.9249)
A3(4.1707)
(5.7413)
(-2.1452)
A4(-1.1827)
(9.2656)
(-4.4245)
G1(0.7748)
(-1.0451)
(-0.0910)
G2(0.4198)
(-0.5816)
(0.0782)
G3(0.4528)
(0.0080)
(1.5218)
G4(0.4901)
(-0.4023)
(0.0841)
A1(0.1724)
(7.3288)
(7.2617)
A2(-0.6129)
(9.4763)
(0.9194)
A3(0.7326)
(6.4356)
(-3.3279)
A4(-0.4214)
(9.6965)
(-2.4756)
G1(0.5380)
(-1.0738)
(0.5608)
G2(0.3496)
(-0.5949)
(0.0085)
G3(-0.3448)
(-1.3324)
(1.7671)
G4(0.7795)
(-0.5593)
(0.0452)
A1(-2.8357)
(7.7838)
(8.2963)
A2(0.2251)
(9.5241)
(0.4501)
A3(1.5850)
(6.9671)
(-0.6895)
A4(-0.3448)
(9.6199)
(-0.7278)
G1(1.3755)
(-1.7581)
(0.0351)
G2(0.1639)
(-0.8961)
(0.0708)
G3(0.7125)
(-0.1474)
(1.3053)
G4(1.3633)
(-0.5635)
(0.1165)
A1(2.1411)
(5.7241)
(12.4972)
A2(-1.0056)
(9.8785)
(0.4884)
A3(-0.8236)
(14.6094)
(-1.6616)
A4(2.6288)
(14.6381)
(-2.5762)
G1(0.1165)
(-0.0266)
(-0.7577)
G2(0.3054)
(-0.8939)
(0.0564)
G3(-0.3017)
(0.3235)
(-0.3677)
G4(2.0587)
(-0.4262)
(0.1266)
A1(-11.8889)
(9.4028)
(0.8478)
A2(-1.5131)
(7.3694)
(1.2210)
A3(3.6823)
(-1.6520)
(-8.9878)
A4(2.6384)
(29.9946)
(-11.3581)
G1(1.1111)
(-4.4357)
(-0.3895)
G2(-0.2873)
(-0.9514)
(-0.0144)
G3(0.7082)
(1.1499)
(-0.8046)
G4(4.7550)
(-1.0786)
(1.9997)
A1(5.6810)
(12.0805)
(1.5855)
A2(0.0239)
(11.4586)
(3.7685)
A3(8.6000)
(10.9080)
(-9.9695)
A4(-10.5297)
(7.7524)
(-27.0736)
G1(0.3155)
(-1.6921)
(-0.1751)
G2(-0.7891)
(-1.0977)
(0.4826)
G3(-0.9296)
(0.8695)
(0.3927)
G4(-2.0247)
(2.9213)
(4.9375)
A1(3.4632)
(8.3778)
(3.8416)
A2(4.4580)
(10.1801)
(4.0462)
A3(0.8906)
(10.8409)
(-3.2561)
A4(-16.0890)
(9.5577)
(-28.1079)
G1(0.5736)
(-1.0807)
(-0.0452)
G2(-2.4823)
(-3.1001)
(1.5288)
G3(-0.4103)
(-0.8578)
(0.4273)
G4(-6.9696)
(2.8771)
(1.1589)
A1(4.6799)
(5.9349)
(6.4570)
A2(7.4316)
(-1.3120)
(17.6979)
A3(6.5505)
(11.2144)
(-1.2115)
A4(14.6621)
(12.0045)
(-13.7284)
G1(-1.1350)
(-1.2595)
(0.7130)
G2(-9.5844)
(-3.4481)
(1.7198)
G3(-0.1575)
(0.0351)
(-0.1165)
G4(-10.6391)
(5.0599)
(1.7267)
A1(0.0240)
(7.0653)
(1.9927)
A2(15.4618)
(15.0835)
(19.4026)
A3(-3.5482)
(11.0085)
(-3.1316)
A4(-12.5265)
(23.8127)
(15.6533)
G1(-0.4581)
(-0.6284)
(0.1554)
G2(-9.0129)
(-1.8315)
(3.2911)
G3(0.5369)
(-1.5490)
(1.2122)
G4(-10.3028)
(2.7595)
(7.6401)
A1(5.5900)
(10.9069)
(2.6345)
A2(4.9129)
(15.3277)
(2.9880)
A3(1.0199)
(1.5083)
(-5.5976)
A4(8.6048)
(16.3285)
(-5.7317)
G1(-0.6875)
(-5.5462)
(-1.7927)
G2(-5.2525)
(-0.6582)
(3.0165)
G3(0.1213)
(-2.6063)
(1.1621)
G4(-6.0379)
(7.1207)
(2.0492)
A1(-14.1258)
(11.4338)
(-0.0144)
A2(-3.9025)
(5.0996)
(5.5976)
A3(4.4532)
(3.2322)
(-4.8890)
A4(-7.8817)
(0.2059)
(-16.1752)
G1(-1.5192)
(-4.2287)
(-1.1339)
G2(-5.0758)
(-0.1469)
(2.5850)
G3(0.5044)
(-2.0641)
(0.5507)
G4(-3.4907)
(0.9908)
(2.4828)
A1(-3.6979)
(8.3586)
(-0.9005)
A2(-0.0814)
(-14.7435)
(4.0079)
A3(0.4262)
(3.7972)
(-10.4531)
A4(-13.5177)
(0.3352)
(-10.7500)
G1(0.1543)
(0.3980)
(-0.5688)
G2(-3.7322)
(1.0147)
(3.1746)
G3(0.9291)
(-2.9399)
(0.9998)
G4(-1.6650)
(3.8057)
(-2.0912)
A1(3.4536)
(9.3262)
(2.5770)
A2(2.9209)
(8.0972)
(-1.3791)
A3(12.8281)
(-0.8140)
(-10.0844)
A4(-3.0789)
(0.5602)
(-7.2209)
G1(0.4363)
(0.9323)
(-0.2778)
G2(-2.7175)
(1.7874)
(-0.2703)
G3(1.2201)
(0.0149)
(0.0947)
G4(3.4768)
(-1.3484)
(-3.9307)
A1(1.5903)
(11.9895)
(4.2104)
A2(-1.0151)
(-1.2354)
(3.6296)
A3(-0.4453)
(9.8019)
(-7.5561)
A4(5.4636)
(17.2957)
(2.7964)
G1(1.3351)
(0.7391)
(-0.8046)
G2(-1.1249)
(1.9491)
(-0.6540)
G3(0.0128)
(0.0569)
(1.3441)
G4(4.6288)
(-1.5309)
(-5.1040)
A1(7.0557)
(8.3682)
(3.5782)
A2(6.0525)
(-0.7949)
(4.7453)
A3(0.3879)
(-1.6759)
(-8.6479)
A4(4.0223)
(10.7787)
(1.1061)
G1(0.2203)
(1.2313)
(-0.4975)
G2(1.3335)
(1.5969)
(-1.8257)
G3(0.0756)
(0.2123)
(0.5763)
G4(5.4377)
(-2.3514)
(-4.7677)
A1(1.0921)
(6.8258)
(-0.8239)
A2(4.3718)
(-0.2921)
(5.8227)
A3(3.9648)
(22.6348)
(-5.6647)
A4(10.0748)
(17.2861)
(1.8675)
G1(0.2432)
(-2.8441)
(0.1511)
G2(3.9743)
(0.2208)
(-2.7170)
G3(-0.5252)
(1.5038)
(-0.6375)
G4(5.3962)
(-3.6263)
(-3.2565)
A1(1.7292)
(9.9202)
(-2.6489)
A2(10.2663)
(-3.1220)
(10.7595)
A3(-5.8610)
(17.7315)
(5.4492)
A4(9.4379)
(11.0947)
(-6.0669)
G1(1.2968)
(-0.0591)
(0.3480)
G2(3.7844)
(-1.7054)
(-3.4726)
G3(-0.1761)
(0.4486)
(0.7098)
G4(1.7049)
(-2.4999)
(-2.2668)
A1(3.1087)
(8.9430)
(6.3037)
A2(7.7093)
(-3.4860)
(9.9503)
A3(3.2226)
(-10.2615)
(-5.0901)
A4(10.5345)
(17.9661)
(-6.0765)
G1(0.6524)
(2.9165)
(-0.6481)
G2(2.8697)
(-2.2370)
(-4.2872)
G3(1.0408)
(0.8093)
(-0.2762)
G4(1.0717)
(-3.4821)
(-1.0201)
