A1(1.6526)
(5.4511)
(-1.4849)
A2(4.7932)
(9.0357)
(3.0550)
A3(0.7757)
(7.4364)
(-7.2401)
A4(3.2705)
(7.4316)
(-3.1556)
G1(0.7247)
(0.8721)
(-0.3320)
G2(-0.9206)
(0.0686)
(0.0665)
G3(-0.2097)
(0.7865)
(-0.3884)
G4(1.6762)
(2.3275)
(-0.9615)
A1(1.5520)
(11.9224)
(0.4598)
A2(1.5610)
(6.0621)
(6.8953)
A3(0.6129)
(8.1403)
(-4.0510)
A4(4.3335)
(4.6017)
(-2.6767)
G1(1.2851)
(1.2201)
(-0.9871)
G2(-1.2095)
(2.3514)
(0.9972)
G3(-0.1235)
(0.7162)
(-0.4209)
G4(0.5321)
(4.0691)
(-2.3977)
A1(1.5328)
(11.7643)
(1.6286)
A2(0.5459)
(6.0478)
(5.7030)
A3(0.4214)
(8.9256)
(-2.3703)
A4(5.1619)
(9.7492)
(-3.8930)
G1(1.0850)
(3.1474)
(-0.8237)
G2(-1.1579)
(1.0477)
(0.1043)
G3(0.2661)
(-0.0245)
(-0.5518)
G4(1.4165)
(0.1038)
(-1.1504)
A1(-9.1777)
(-1.5424)
(18.2405)
A2(3.5386)
(5.8993)
(7.3789)
A3(1.3216)
(16.9557)
(2.6911)
A4(-0.6081)
(7.5178)
(-8.4755)
G1(-7.3538)
(6.0113)
(-2.0066)
G2(0.3677)
(0.6114)
(0.0372)
G3(1.5570)
(1.9438)
(-2.1535)
G4(0.0037)
(1.4569)
(-0.7966)
A1(11.0937)
(37.8221)
(-3.6883)
A2(4.9799)
(10.7260)
(7.4843)
A3(3.2322)
(29.0991)
(17.6692)
A4(-0.7661)
(6.7708)
(-12.5265)
G1(-6.4359)
(5.7378)
(-0.4975)
G2(1.8204)
(1.8246)
(-0.7226)
G3(3.9451)
(2.5871)
(-3.2193)
G4(-0.2565)
(2.3844)
(-1.3186)
A1(-1.5903)
(29.6503)
(6.2318)
A2(-22.6922)
(13.6661)
(0.4262)
A3(10.0748)
(23.2716)
(-27.6195)
A4(2.6384)
(17.7650)
(3.3710)
G1(-9.1342)
(-1.9598)
(-4.0744)
G2(1.9034)
(5.8218)
(-0.9903)
G3(-1.0350)
(1.0382)
(-2.4914)
G4(0.1846)
(-0.4039)
(0.2118)
A1(-3.3578)
(6.9791)
(-1.1209)
A2(5.3008)
(15.5288)
(4.3574)
A3(15.9981)
(4.4101)
(-29.0848)
A4(5.6790)
(14.2407)
(0.9960)
G1(-5.9916)
(-0.7992)
(-2.3003)
G2(2.3163)
(6.3321)
(1.8826)
G3(-10.5369)
(-3.7791)
(0.0330)
G4(0.7934)
(2.3291)
(-1.4825)
A1(-9.7142)
(3.8320)
(8.6796)
A2(2.8491)
(6.2584)
(8.5808)
A3(0.7997)
(32.1685)
(11.0038)
A4(-1.3024)
(20.1592)
(-2.2936)
G1(-6.8584)
(-2.2035)
(-1.5069)
G2(-0.0793)
(-1.2478)
(0.0958)
G3(-14.1941)
(6.0538)
(-2.8340)
G4(0.9312)
(2.3264)
(-0.1048)
A1(5.8391)
(3.2045)
(-0.2922)
A2(-1.5850)
(5.2481)
(8.3222)
A3(5.9759)
(34.4286)
(11.3677)
A4(-13.7284)
(2.4373)
(-11.2863)
G1(-6.3891)
(-3.7588)
(-1.0493)
G2(-1.4883)
(4.4602)
(-0.0399)
G3(-12.2886)
(2.1726)
(-3.8812)
G4(1.0206)
(2.0939)
(-0.3406)
A1(0.4119)
(-5.8295)
(-0.5461)
A2(3.8116)
(3.4860)
(-7.8769)
A3(14.6238)
(-1.6855)
(-26.9252)
A4(5.5067)
(-5.0613)
(-12.9047)
G1(-0.2650)
(0.3092)
(2.5052)
G2(1.4500)
(-0.5821)
(3.5125)
G3(-4.2649)
(-1.2095)
(0.8338)
G4(-0.2421)
(0.2011)
(0.0931)
A1(0.4886)
(0.9724)
(-0.4694)
A2(-9.1842)
(26.3937)
(16.0507)
A3(-3.6583)
(1.6903)
(-16.0555)
A4(6.6080)
(0.4070)
(-9.2033)
G1(1.7182)
(0.0819)
(2.7643)
G2(-1.4085)
(3.9398)
(0.5587)
G3(-2.7228)
(-1.7799)
(3.3129)
G4(0.0899)
(0.4943)
(-1.3659)
A1(-5.0295)
(-0.5604)
(8.2868)
A2(0.8571)
(8.7819)
(5.8035)
A3(7.1826)
(-0.2155)
(-9.5002)
A4(4.7549)
(21.4090)
(-1.4222)
G1(2.9580)
(-1.2622)
(3.4039)
G2(1.5825)
(-1.7427)
(1.5469)
G3(3.4678)
(1.2526)
(2.6648)
G4(-1.1691)
(0.5050)
(0.0883)
A1(-7.6066)
(-0.2491)
(7.7024)
A2(3.9696)
(5.6503)
(4.0318)
A3(-2.5139)
(9.1171)
(-1.8387)
A4(-9.1554)
(-1.0343)
(-8.5473)
G1(3.4502)
(-0.3054)
(2.8718)
G2(0.0654)
(1.4505)
(-0.4033)
G3(5.6824)
(0.0968)
(3.8339)
G4(0.1713)
(0.9328)
(-1.1446)
A1(-10.1453)
(9.4028)
(5.2595)
A2(2.3032)
(11.5065)
(7.0916)
A3(-3.4477)
(16.6589)
(1.1253)
A4(1.3647)
(2.3846)
(-11.0229)
G1(2.4796)
(0.3932)
(4.9816)
G2(-0.0138)
(-2.9272)
(1.6288)
G3(7.8167)
(1.2020)
(3.1772)
G4(0.4071)
(0.4911)
(-0.2410)
A1(-7.6114)
(8.2580)
(10.0495)
A2(-10.1897)
(10.5249)
(7.0773)
A3(-4.0175)
(11.9997)
(-0.7183)
A4(-1.4365)
(10.7931)
(-5.5450)
G1(2.7239)
(-0.1431)
(3.9685)
G2(-0.1687)
(1.0163)
(0.0729)
G3(6.7110)
(3.3113)
(1.4867)
G4(-0.1697)
(1.0844)
(-0.3523)
A1(-8.8807)
(10.4375)
(5.0056)
A2(0.0575)
(8.8442)
(7.8721)
A3(-12.9718)
(17.0324)
(-4.6831)
A4(-1.0726)
(7.7476)
(-7.0820)
G1(1.6549)
(-0.3714)
(1.7884)
G2(-0.2341)
(-3.4241)
(-0.1123)
G3(1.5692)
(2.3110)
(-0.1288)
G4(0.1272)
(0.7008)
(0.1011)
A1(-7.4485)
(9.6519)
(5.1541)
A2(-8.0780)
(9.2991)
(2.5570)
A3(-10.5010)
(18.7179)
(-2.6767)
A4(0.4693)
(8.0397)
(-6.4117)
G1(1.5490)
(-0.7370)
(0.1634)
G2(0.8317)
(2.6840)
(0.3677)
G3(0.1479)
(3.0272)
(-0.3241)
G4(-0.0612)
(-0.1107)
(0.1681)
A1(-3.4297)
(7.6449)
(3.1758)
A2(0.0144)
(11.0038)
(2.0590)
A3(-8.1451)
(14.6334)
(0.1867)
A4(-0.9098)
(7.1156)
(-6.1770)
G1(0.7982)
(0.1942)
(0.8014)
G2(0.5103)
(-1.1142)
(0.1681)
G3(-0.6364)
(0.0803)
(-0.0585)
G4(0.0011)
(0.2027)
(0.3938)
A1(-4.0524)
(6.6917)
(1.2167)
A2(-0.0383)
(8.3893)
(1.1636)
A3(-6.6176)
(9.5577)
(-2.3272)
A4(1.0822)
(7.6136)
(-6.6511)
G1(0.8583)
(-0.1117)
(-0.3416)
G2(1.2127)
(0.7035)
(0.1799)
G3(-0.7003)
(0.4720)
(-0.6380)
G4(-0.0670)
(0.2293)
(0.3033)
A1(-4.1482)
(8.2389)
(1.2837)
A2(0.1772)
(8.9447)
(0.4022)
A3(-1.8148)
(8.0685)
(-2.1261)
A4(-0.2634)
(8.2744)
(-5.2146)
G1(1.1105)
(-0.0357)
(0.6588)
G2(0.6204)
(0.7412)
(0.2884)
G3(0.0521)
(0.6460)
(-0.4720)
G4(0.2788)
(0.5002)
(0.5843)
