A1(3.3722)
(6.2797)
(-1.9160)
A2(4.5442)
(10.0652)
(1.4940)
A3(0.4501)
(7.1587)
(-12.1386)
A4(0.2490)
(9.1315)
(1.5323)
G1(1.2148)
(1.1951)
(-0.4060)
G2(-0.0878)
(1.3803)
(0.4012)
G3(0.2868)
(3.1831)
(-1.9449)
G4(1.6618)
(3.9621)
(-3.4029)
A1(0.6658)
(12.8996)
(0.5173)
A2(9.5768)
(8.2456)
(9.6822)
A3(2.6097)
(6.4691)
(-7.8530)
A4(1.1636)
(4.5873)
(-2.8108)
G1(2.1529)
(0.7843)
(-0.4241)
G2(-0.0958)
(1.6006)
(2.0412)
G3(-0.2575)
(1.4665)
(-1.3399)
G4(1.6251)
(4.8465)
(-4.0350)
A1(-5.7624)
(4.5314)
(7.0318)
A2(2.6288)
(2.7198)
(7.1635)
A3(-2.4948)
(12.7419)
(-3.6775)
A4(-1.1636)
(25.8430)
(-6.5793)
G1(-2.4642)
(4.3857)
(-0.9690)
G2(-0.5050)
(2.4073)
(0.3911)
G3(-0.0793)
(0.5257)
(-1.0099)
G4(0.6518)
(1.1925)
(0.1442)
A1(-4.6990)
(23.1024)
(9.7908)
A2(5.7174)
(6.4691)
(9.3757)
A3(-2.5666)
(22.5199)
(9.4188)
A4(-4.1994)
(4.1420)
(-14.7196)
G1(-8.9203)
(4.2255)
(-1.5766)
G2(0.3693)
(1.4899)
(0.3677)
G3(1.5341)
(3.0958)
(-2.3067)
G4(-0.8370)
(1.1329)
(-1.7485)
A1(1.0394)
(31.6717)
(12.2673)
A2(-5.9855)
(9.7588)
(11.0995)
A3(-8.3079)
(22.8407)
(-7.3981)
A4(-7.6950)
(17.3628)
(-3.2609)
G1(-11.0254)
(-1.6942)
(-5.5914)
G2(1.8746)
(0.1958)
(-0.1618)
G3(2.4541)
(7.5033)
(-5.0769)
G4(-1.1621)
(-0.3315)
(0.2102)
A1(-3.5398)
(12.7894)
(-12.9331)
A2(-5.3056)
(12.8329)
(2.5809)
A3(50.8912)
(17.2813)
(-30.8038)
A4(5.0374)
(16.1178)
(1.3503)
G1(-5.8341)
(-1.6937)
(-2.5988)
G2(2.3424)
(5.9948)
(0.4597)
G3(-7.4357)
(-1.8108)
(1.2228)
G4(-0.8849)
(1.0004)
(-0.8514)
A1(-25.1908)
(-4.1913)
(14.5569)
A2(1.0822)
(12.7707)
(2.6815)
A3(5.5306)
(12.5552)
(1.9058)
A4(-1.3934)
(3.4189)
(-3.5051)
G1(-7.6326)
(-7.1229)
(-4.8231)
G2(1.2728)
(-1.6714)
(-0.9163)
G3(-17.4363)
(7.0356)
(1.9614)
G4(0.3395)
(2.8926)
(-0.5922)
A1(2.2753)
(9.1011)
(10.5285)
A2(-6.2010)
(2.1308)
(9.9311)
A3(-6.6176)
(26.0154)
(24.8662)
A4(-1.4365)
(3.3758)
(-4.9608)
G1(-8.6681)
(0.1979)
(-0.3411)
G2(-0.4970)
(1.8917)
(-0.8418)
G3(-17.4363)
(1.0914)
(-2.5669)
G4(1.7203)
(0.9174)
(0.3230)
A1(-13.0529)
(10.1405)
(1.3843)
A2(-0.0096)
(2.3176)
(3.4189)
A3(1.0487)
(34.4047)
(-1.4748)
A4(-7.4795)
(18.7753)
(-3.4812)
G1(-4.0749)
(-0.6252)
(1.0568)
G2(-0.4464)
(7.2596)
(-0.2448)
G3(-9.5009)
(-2.0646)
(-0.7348)
G4(1.1089)
(0.3214)
(0.0979)
A1(-2.6345)
(0.3449)
(-0.1054)
A2(-21.4904)
(11.9997)
(9.4284)
A3(31.1486)
(-11.1522)
(-21.1647)
A4(-2.9688)
(-1.9537)
(-14.9063)
G1(2.3929)
(-0.9110)
(2.5196)
G2(1.1068)
(4.8225)
(3.0197)
G3(-3.8956)
(-3.6545)
(3.8599)
G4(-0.2086)
(-1.3335)
(0.2921)
A1(0.0719)
(2.5244)
(2.7639)
A2(20.2645)
(5.1954)
(-1.9632)
A3(-17.5303)
(-7.3406)
(-16.5487)
A4(-2.8730)
(9.6534)
(-10.7978)
G1(4.9114)
(0.2847)
(3.1304)
G2(-1.3718)
(1.9523)
(-1.6187)
G3(2.4408)
(0.4204)
(2.4126)
G4(-0.7343)
(0.6050)
(-2.0705)
A1(-7.4246)
(3.1327)
(8.6604)
A2(2.1787)
(6.3925)
(-1.2881)
A3(0.5746)
(11.4203)
(-7.5226)
A4(-10.1658)
(19.2925)
(-3.1220)
G1(5.1530)
(1.7538)
(4.1095)
G2(0.4629)
(0.5364)
(0.0575)
G3(5.7394)
(0.7460)
(2.4855)
G4(0.7721)
(-0.1011)
(-0.1453)
A1(-17.6848)
(3.8608)
(18.7913)
A2(4.4772)
(11.9710)
(2.5187)
A3(0.0622)
(17.0180)
(0.2059)
A4(-0.3256)
(7.9727)
(6.1962)
G1(4.5538)
(4.1233)
(4.4091)
G2(1.0823)
(0.1756)
(0.2325)
G3(6.2779)
(1.7863)
(2.2556)
G4(0.5736)
(2.2758)
(-1.0977)
A1(2.8884)
(5.5085)
(8.2389)
A2(-4.4149)
(4.9033)
(4.5729)
A3(-3.0885)
(24.4783)
(6.8235)
A4(-5.8371)
(-2.2362)
(-14.1880)
G1(0.9956)
(-0.9610)
(3.5130)
G2(0.4129)
(0.0309)
(0.7881)
G3(6.5599)
(1.8331)
(2.9644)
G4(1.3149)
(-1.1462)
(0.1926)
A1(-9.6902)
(9.0915)
(2.6824)
A2(-10.3477)
(2.7342)
(8.0541)
A3(-0.8906)
(19.9533)
(3.3710)
A4(-1.1971)
(4.9081)
(-7.6375)
G1(3.1671)
(-1.4521)
(1.5729)
G2(-0.3826)
(2.2668)
(-0.9120)
G3(3.9988)
(1.4181)
(3.7030)
G4(0.1596)
(0.1357)
(0.0553)
A1(-6.7252)
(7.2856)
(5.3553)
A2(10.0413)
(11.4347)
(5.3199)
A3(-16.7115)
(24.2054)
(5.7652)
A4(-0.9194)
(6.9863)
(-7.5992)
G1(1.2866)
(-0.1713)
(1.1589)
G2(-0.9120)
(-2.1710)
(0.6401)
G3(2.8335)
(-1.1834)
(2.5222)
G4(-0.1325)
(0.4007)
(0.0357)
A1(-4.1003)
(7.5970)
(4.2248)
A2(0.3400)
(9.0405)
(0.5938)
A3(-7.6806)
(14.2168)
(3.7637)
A4(0.6129)
(8.0732)
(-5.1906)
G1(1.2159)
(-0.2655)
(0.1341)
G2(0.1336)
(-1.7283)
(0.2272)
G3(0.8562)
(1.3713)
(-0.5087)
G4(-0.2118)
(0.8642)
(-0.0404)
A1(-2.6154)
(7.5060)
(2.7495)
A2(-1.6424)
(11.7555)
(2.5043)
A3(-6.0047)
(12.0764)
(0.1628)
A4(-0.4980)
(9.0884)
(-4.2234)
G1(1.2563)
(-0.0165)
(-0.1846)
G2(0.9264)
(0.3092)
(0.1873)
G3(-0.2767)
(0.4347)
(-0.9088)
G4(-0.0628)
(0.6279)
(0.1799)
A1(-4.9912)
(6.3133)
(1.0682)
A2(0.7039)
(8.0493)
(0.8140)
A3(-2.2122)
(6.9815)
(-1.5036)
A4(1.0487)
(8.9016)
(-4.3527)
G1(1.2239)
(1.0270)
(-0.0059)
G2(1.0408)
(0.7274)
(0.6582)
G3(-0.6673)
(1.1329)
(-1.5516)
G4(0.4204)
(0.9126)
(0.0814)
A1(-5.7864)
(8.4975)
(2.8309)
A2(0.0287)
(8.7053)
(1.3982)
A3(-3.5243)
(8.6718)
(-2.2170)
A4(0.5555)
(8.8346)
(-3.6248)
G1(0.2368)
(0.9461)
(-0.0718)
G2(0.7290)
(0.2719)
(0.4848)
G3(-0.6971)
(2.2460)
(-1.7698)
G4(0.7801)
(0.7976)
(0.2554)
