A1(-0.2203)
(7.0845)
(6.4139)
A2(0.8188)
(9.7731)
(-1.2115)
A3(-0.6943)
(9.4954)
(-1.8723)
A4(-0.7853)
(9.4140)
(-3.4955)
G1(-0.8019)
(-0.7168)
(0.0676)
G2(-0.0623)
(-0.4874)
(-0.0676)
G3(0.5300)
(-1.1472)
(0.4379)
G4(0.0357)
(-0.1708)
(0.0660)
A1(-0.6610)
(8.1910)
(6.0067)
A2(0.1197)
(9.4188)
(-1.1253)
A3(0.0144)
(6.6463)
(-2.5283)
A4(-0.2729)
(9.6822)
(-2.9066)
G1(0.1527)
(-0.4938)
(-0.0537)
G2(0.0937)
(-0.8711)
(-0.0021)
G3(0.5023)
(-1.0536)
(0.5800)
G4(0.2336)
(-0.2501)
(0.1006)
A1(0.9293)
(6.8785)
(7.3144)
A2(-1.0678)
(9.5433)
(0.1724)
A3(5.3008)
(5.5306)
(-2.4660)
A4(-0.3208)
(9.3853)
(-3.3615)
G1(0.6689)
(-0.8567)
(0.2698)
G2(0.3714)
(-0.4060)
(0.0793)
G3(-0.1213)
(-0.7662)
(1.6719)
G4(0.5736)
(-0.2746)
(0.0926)
A1(-0.5796)
(6.6150)
(6.2606)
A2(-0.2298)
(9.3805)
(0.5028)
A3(-1.0870)
(7.0916)
(-3.9169)
A4(-0.8380)
(9.2847)
(-3.0358)
G1(0.6550)
(-0.9296)
(0.3432)
G2(0.2017)
(-0.5124)
(0.0734)
G3(-0.2288)
(-0.8849)
(1.4261)
G4(0.8035)
(-0.5044)
(0.1298)
A1(-2.5723)
(8.9143)
(8.1431)
A2(-0.1820)
(9.4427)
(0.1580)
A3(0.8571)
(8.0541)
(-1.9010)
A4(0.7374)
(9.8067)
(-1.2833)
G1(2.1582)
(-0.9961)
(-0.4454)
G2(0.1852)
(-0.6619)
(0.1288)
G3(1.1206)
(0.3868)
(0.8626)
G4(1.3340)
(-0.2735)
(-0.0021)
A1(0.0479)
(8.7801)
(12.7319)
A2(-0.3591)
(9.5816)
(0.3639)
A3(-3.2896)
(10.1227)
(-3.0694)
A4(6.3542)
(15.4187)
(1.0918)
G1(-0.7684)
(-1.3995)
(-1.0759)
G2(0.3565)
(-0.8578)
(0.2230)
G3(-0.3310)
(-0.3735)
(0.6130)
G4(2.5887)
(-1.5320)
(0.4757)
A1(-3.1662)
(11.6494)
(-3.4871)
A2(-0.3065)
(7.8961)
(1.0343)
A3(8.8155)
(5.2289)
(-7.3119)
A4(0.1006)
(19.7522)
(-14.3413)
G1(1.2127)
(-1.9044)
(-1.3047)
G2(-0.3326)
(-1.6405)
(0.4619)
G3(0.3379)
(1.8246)
(0.2304)
G4(3.8307)
(0.8445)
(1.0201)
A1(-0.1772)
(5.0056)
(-0.2156)
A2(-3.9552)
(11.7795)
(3.2370)
A3(-0.8332)
(10.4531)
(-12.1865)
A4(-1.8579)
(0.8763)
(-20.0155)
G1(0.2017)
(-1.7123)
(-0.0154)
G2(-0.8019)
(-2.3620)
(0.6609)
G3(-0.4432)
(-1.2648)
(0.7732)
G4(-1.9518)
(0.9450)
(2.3078)
A1(8.4592)
(9.6615)
(7.8700)
A2(6.2201)
(10.0030)
(4.8842)
A3(4.8363)
(11.2575)
(-5.2194)
A4(-7.7237)
(17.1281)
(-20.7577)
G1(-1.2435)
(-1.7379)
(-0.3948)
G2(-3.0900)
(-3.2054)
(2.0087)
G3(-0.0213)
(-0.2379)
(0.2102)
G4(-5.3323)
(3.4726)
(1.2164)
A1(2.4908)
(9.0149)
(6.1217)
A2(1.0104)
(4.9991)
(9.3374)
A3(1.0439)
(13.1681)
(0.6608)
A4(15.4139)
(16.2566)
(-18.8041)
G1(-0.7247)
(-1.5862)
(0.9605)
G2(-6.7908)
(-3.4976)
(2.1880)
G3(-0.0968)
(-0.1048)
(0.2192)
G4(-9.4051)
(2.9569)
(1.3590)
A1(5.1158)
(7.0030)
(-2.6681)
A2(15.1409)
(6.5697)
(5.0278)
A3(0.1197)
(6.7421)
(-4.3287)
A4(-2.1691)
(29.5923)
(11.0612)
G1(0.5167)
(-2.0343)
(-0.2336)
G2(-4.5086)
(-2.2844)
(5.7489)
G3(0.3049)
(-2.9170)
(1.2553)
G4(-10.0500)
(0.5023)
(5.8373)
A1(4.8906)
(10.1645)
(10.3321)
A2(5.9759)
(17.1185)
(11.8178)
A3(-0.3783)
(-2.1548)
(-8.2744)
A4(9.4188)
(24.1958)
(-2.7390)
G1(-1.0025)
(-6.3806)
(-3.0501)
G2(-7.2953)
(1.7193)
(2.6611)
G3(0.2613)
(-1.9225)
(0.5146)
G4(-7.4554)
(5.4659)
(3.2464)
A1(-7.4485)
(9.9824)
(3.0752)
A2(-1.5227)
(2.8252)
(0.7949)
A3(6.8857)
(3.4955)
(-4.3144)
A4(-8.8873)
(10.8745)
(-13.7475)
G1(0.2708)
(-3.2773)
(0.1149)
G2(-3.7642)
(0.6561)
(3.5689)
G3(0.4890)
(-1.8044)
(0.1958)
G4(-4.8683)
(0.7806)
(3.3922)
A1(-7.1898)
(8.6029)
(-0.8383)
A2(2.4612)
(-9.7731)
(10.4339)
A3(5.4444)
(8.6095)
(-6.4835)
A4(-15.1744)
(-1.9058)
(-15.5719)
G1(0.5651)
(0.8732)
(-0.4289)
G2(-5.3674)
(1.4745)
(2.8468)
G3(1.1685)
(-2.2753)
(0.4432)
G4(-3.0772)
(2.4749)
(-1.3095)
A1(1.7819)
(9.3597)
(2.0837)
A2(2.3032)
(3.8786)
(0.4645)
A3(1.1301)
(4.5203)
(-9.9599)
A4(-3.2274)
(-2.3320)
(-9.6295)
G1(-0.2522)
(0.7109)
(-0.3342)
G2(-4.7597)
(2.9325)
(0.5608)
G3(0.5683)
(0.7551)
(-0.5066)
G4(2.7968)
(-1.2286)
(-3.6849)
A1(3.1997)
(11.1416)
(6.2510)
A2(-0.1532)
(1.8771)
(1.4940)
A3(2.7629)
(1.2546)
(-11.1761)
A4(2.6528)
(10.8218)
(-1.8579)
G1(0.1580)
(0.7753)
(-0.3677)
G2(-2.4765)
(2.8894)
(-0.7716)
G3(0.5417)
(-0.2283)
(0.5954)
G4(5.1870)
(-1.1472)
(-5.1024)
A1(3.6788)
(8.0329)
(2.4573)
A2(5.3726)
(-2.7869)
(4.3239)
A3(-2.8012)
(7.0006)
(-9.1315)
A4(0.9050)
(10.0796)
(1.1013)
G1(0.6721)
(1.6240)
(-0.4438)
G2(0.1932)
(2.4600)
(-2.0077)
G3(0.0053)
(0.4464)
(0.5459)
G4(4.8332)
(-1.9209)
(-4.6837)
A1(3.6069)
(9.5992)
(3.8895)
A2(2.2601)
(-2.7916)
(4.3622)
A3(3.5865)
(8.7580)
(-5.1619)
A4(8.8250)
(14.6908)
(-0.0335)
G1(-0.1825)
(-0.7093)
(-0.4246)
G2(3.4023)
(0.6077)
(-2.5286)
G3(-0.2224)
(0.2112)
(0.3549)
G4(5.0285)
(-2.9123)
(-3.2501)
A1(1.6047)
(10.7824)
(5.1876)
A2(3.8786)
(-2.9544)
(10.2137)
A3(1.9201)
(9.7779)
(-8.2648)
A4(6.8331)
(17.8560)
(-4.0510)
G1(1.0312)
(-0.1458)
(-1.5692)
G2(4.6443)
(-0.4853)
(-3.0251)
G3(-0.3544)
(0.3060)
(0.2666)
G4(3.0852)
(-3.4768)
(-2.4222)
A1(2.9650)
(10.7105)
(0.9867)
A2(17.1616)
(-3.0789)
(13.6134)
A3(0.1724)
(2.0159)
(-6.7804)
A4(11.7364)
(16.4817)
(-7.3741)
G1(1.4053)
(0.9919)
(-0.7120)
G2(3.7679)
(-2.7265)
(-3.9696)
G3(-0.5608)
(0.0537)
(0.3017)
G4(0.9280)
(-2.9277)
(-0.9073)
