A1(0.8718)
(8.6316)
(0.1868)
A2(5.9041)
(8.0828)
(4.1659)
A3(-2.1931)
(8.3558)
(-5.8131)
A4(-0.9337)
(7.4412)
(-3.0263)
G1(0.3464)
(2.1066)
(-0.5736)
G2(-0.9211)
(0.0905)
(-0.3379)
G3(-0.5087)
(0.6066)
(-0.4991)
G4(1.0690)
(2.2099)
(-1.8757)
A1(2.0789)
(8.6412)
(-0.8862)
A2(4.5155)
(7.6423)
(6.7708)
A3(-1.1827)
(8.6143)
(-5.5402)
A4(-0.4741)
(5.8849)
(-4.2665)
G1(1.2984)
(1.8150)
(-0.2432)
G2(-0.3932)
(0.8051)
(1.1451)
G3(0.2017)
(1.0988)
(-0.9466)
G4(1.3324)
(3.5801)
(-3.1102)
A1(1.1688)
(11.6254)
(1.7915)
A2(3.3662)
(5.2050)
(4.9512)
A3(4.5681)
(6.5601)
(-5.4157)
A4(-2.4708)
(12.7611)
(-4.0318)
G1(1.5756)
(1.3729)
(-0.8024)
G2(-0.3943)
(1.6251)
(1.1142)
G3(-0.0649)
(0.1719)
(-0.5507)
G4(1.2648)
(-0.1756)
(-1.0685)
A1(-7.3096)
(8.1287)
(6.0211)
A2(0.1628)
(5.8658)
(5.9472)
A3(-3.1029)
(12.8090)
(-5.6647)
A4(-1.0822)
(16.0555)
(-8.9926)
G1(-1.3931)
(4.0531)
(-2.0289)
G2(0.0309)
(1.5830)
(0.8125)
G3(0.2602)
(0.3741)
(-0.7785)
G4(0.8205)
(-3.1246)
(0.7354)
A1(-8.5311)
(12.4302)
(12.2673)
A2(5.5689)
(6.8091)
(10.3956)
A3(1.0487)
(21.0211)
(6.3925)
A4(-5.1858)
(-2.2218)
(-16.1561)
G1(-9.1704)
(3.0793)
(-0.7396)
G2(0.4613)
(2.9687)
(0.3805)
G3(1.5155)
(0.3097)
(-1.7953)
G4(-0.6540)
(0.6577)
(-0.7024)
A1(-5.0439)
(21.6893)
(13.8815)
A2(-3.8690)
(12.7850)
(8.2648)
A3(2.7821)
(16.3859)
(-15.0739)
A4(-10.2855)
(17.9805)
(-1.5323)
G1(-8.9033)
(0.9371)
(-6.7243)
G2(0.2677)
(-1.2968)
(-0.4544)
G3(2.5552)
(4.8028)
(-4.2617)
G4(-1.3601)
(1.0706)
(0.4502)
A1(1.6669)
(20.5636)
(-8.4305)
A2(-1.2354)
(15.0021)
(1.4222)
A3(22.0123)
(20.7386)
(-26.0250)
A4(2.5905)
(11.1043)
(-0.4214)
G1(-5.5228)
(-1.9220)
(-4.1441)
G2(2.6654)
(6.1794)
(0.4656)
G3(-1.9587)
(-3.8270)
(-1.0099)
G4(-1.3404)
(-0.0197)
(-0.0990)
A1(-2.1411)
(-7.5683)
(7.1228)
A2(4.9991)
(8.2935)
(4.4149)
A3(-17.1712)
(16.2614)
(-12.2200)
A4(2.8922)
(6.1723)
(5.4109)
G1(-6.8185)
(0.5369)
(-2.1391)
G2(1.9316)
(1.6123)
(0.3491)
G3(-14.4905)
(-1.2797)
(5.3206)
G4(0.1841)
(1.0759)
(0.1905)
A1(-8.1718)
(-2.6681)
(14.9258)
A2(-2.5426)
(6.8857)
(6.1866)
A3(0.9912)
(28.4814)
(-1.0391)
A4(-4.4628)
(10.8218)
(-0.2155)
G1(-6.8733)
(-0.8945)
(-1.6373)
G2(-0.0708)
(-0.2203)
(-1.7134)
G3(-14.0483)
(5.2222)
(1.0233)
G4(1.5048)
(1.5543)
(0.1075)
A1(-1.2933)
(6.8689)
(-4.9050)
A2(1.5419)
(2.4660)
(3.9696)
A3(11.7699)
(40.7110)
(14.4227)
A4(-2.1261)
(11.5353)
(-5.1475)
G1(-4.6352)
(-4.4144)
(0.0883)
G2(1.1393)
(4.5097)
(-0.1006)
G3(-10.8647)
(2.1918)
(-2.6052)
G4(1.4771)
(2.6680)
(-0.5726)
A1(1.6669)
(-6.5863)
(4.9098)
A2(-11.2815)
(13.8672)
(11.1761)
A3(2.9353)
(-0.0239)
(-27.5237)
A4(-6.2010)
(7.5322)
(-15.4665)
G1(1.2292)
(-0.8737)
(3.1730)
G2(0.4103)
(2.6728)
(0.1809)
G3(-4.2984)
(-0.0074)
(1.9566)
G4(0.3549)
(0.1197)
(0.9770)
A1(-1.5663)
(-1.3747)
(1.1352)
A2(6.6607)
(8.1786)
(-5.8610)
A3(-4.0749)
(-5.7940)
(-21.5478)
A4(-4.9416)
(4.4484)
(-10.2759)
G1(4.1116)
(1.5660)
(3.8802)
G2(-1.6096)
(5.2653)
(0.3682)
G3(-0.2746)
(-0.8242)
(3.4417)
G4(0.1729)
(1.4798)
(-1.1020)
A1(1.0059)
(0.3353)
(1.3412)
A2(8.1499)
(9.8545)
(-2.9113)
A3(-0.5794)
(-4.0606)
(-16.1417)
A4(-0.8092)
(-2.2410)
(-6.4165)
G1(4.5613)
(1.6820)
(4.3325)
G2(-1.0397)
(-2.2418)
(0.5348)
G3(3.6939)
(1.8049)
(1.5894)
G4(0.8769)
(5.7575)
(-3.7551)
A1(-9.1298)
(3.7602)
(12.1140)
A2(4.5490)
(11.4299)
(0.5698)
A3(3.9409)
(12.0716)
(-4.9560)
A4(-7.6806)
(11.9614)
(0.7997)
G1(3.4045)
(1.8954)
(3.8536)
G2(0.9668)
(1.2153)
(-0.1373)
G3(4.8268)
(2.6797)
(2.4600)
G4(0.6705)
(0.5444)
(0.3374)
A1(-16.2670)
(2.2753)
(4.5505)
A2(-3.4907)
(3.4093)
(0.8763)
A3(-3.3423)
(19.3930)
(3.3423)
A4(21.6771)
(21.2749)
(-2.5905)
G1(0.7317)
(-1.4974)
(3.5492)
G2(2.0710)
(1.7315)
(0.7620)
G3(4.4969)
(2.5291)
(3.3406)
G4(0.6896)
(1.6682)
(-0.2426)
A1(-12.3296)
(8.9095)
(2.9842)
A2(-2.7821)
(7.2257)
(6.7564)
A3(-11.2144)
(20.9445)
(5.7078)
A4(0.6800)
(7.3502)
(-11.1713)
G1(3.0001)
(-1.5043)
(1.9427)
G2(0.5741)
(-0.5316)
(0.3986)
G3(5.2807)
(2.8665)
(3.4034)
G4(0.7758)
(0.7561)
(-0.1139)
A1(-6.4761)
(14.4899)
(3.5686)
A2(-1.5371)
(14.2886)
(6.8283)
A3(-12.2296)
(15.1840)
(-2.5714)
A4(-0.5171)
(9.2081)
(-9.5289)
G1(2.7122)
(-0.0021)
(0.9535)
G2(-1.4724)
(1.3675)
(0.3794)
G3(3.0139)
(-0.1101)
(2.0779)
G4(0.1235)
(0.3209)
(0.3406)
A1(-6.6677)
(6.5863)
(5.2211)
A2(-3.6200)
(11.9375)
(1.3695)
A3(-14.9159)
(18.1050)
(0.4118)
A4(0.2203)
(7.9296)
(-8.1307)
G1(1.9390)
(-2.1306)
(0.9759)
G2(-0.2496)
(3.6397)
(-0.0122)
G3(0.9269)
(0.4337)
(0.9833)
G4(-0.0798)
(-0.3336)
(0.4715)
A1(-0.4646)
(4.5362)
(0.6227)
A2(-0.8188)
(10.6446)
(4.5490)
A3(-6.5266)
(13.5751)
(2.3750)
A4(2.1308)
(5.3582)
(-4.9943)
G1(1.0653)
(-0.0314)
(-0.0303)
G2(0.7625)
(-1.0775)
(0.0793)
G3(-0.2677)
(-2.1162)
(1.0935)
G4(0.1171)
(0.3922)
(0.4943)
A1(-4.6224)
(12.4972)
(8.1958)
A2(-3.7876)
(9.8258)
(-1.8818)
A3(-1.7526)
(7.8913)
(-5.9951)
A4(2.4517)
(9.2703)
(-7.3502)
G1(0.7045)
(-1.4894)
(1.5309)
G2(1.1706)
(0.4784)
(0.2708)
G3(-1.2553)
(-7.4224)
(1.3244)
G4(0.0830)
(0.3475)
(0.7689)
