A1(0.8047)
(6.9024)
(5.7576)
A2(1.2019)
(9.5337)
(-0.1149)
A3(-0.9242)
(9.5098)
(-1.2163)
A4(-0.1915)
(8.8969)
(-4.9799)
G1(-0.9110)
(-0.7577)
(-0.2261)
G2(0.0229)
(-0.6385)
(0.0053)
G3(0.4379)
(-1.1004)
(0.4741)
G4(0.2331)
(-0.4784)
(0.0947)
A1(-0.8957)
(7.2904)
(6.8258)
A2(0.5986)
(9.5864)
(-0.3208)
A3(0.4022)
(8.2983)
(-1.3647)
A4(-0.6416)
(8.8155)
(-4.8459)
G1(-0.2554)
(-0.9243)
(-0.1256)
G2(0.1117)
(-1.0318)
(-0.0287)
G3(0.4768)
(-1.2888)
(0.6396)
G4(0.3475)
(-0.4848)
(0.1596)
A1(-0.8670)
(6.5288)
(9.1107)
A2(-1.2019)
(9.8737)
(0.3208)
A3(4.3574)
(5.1475)
(-2.4948)
A4(-0.5124)
(9.7157)
(-3.7924)
G1(0.9567)
(-0.8897)
(0.2240)
G2(0.1139)
(-0.8737)
(0.0303)
G3(-0.0612)
(-1.2792)
(1.6687)
G4(0.7189)
(-0.5268)
(0.2607)
A1(-4.2679)
(10.5429)
(6.9503)
A2(-1.6568)
(9.3278)
(-0.1867)
A3(0.2346)
(6.5122)
(-3.1412)
A4(0.4118)
(12.2679)
(0.1484)
G1(1.2201)
(0.2410)
(0.3485)
G2(0.4353)
(-0.6721)
(-0.0341)
G3(0.0708)
(-0.8253)
(1.6400)
G4(1.3713)
(-0.7646)
(0.4177)
A1(5.8391)
(13.6229)
(4.2392)
A2(-1.1301)
(9.4763)
(0.0910)
A3(-2.3559)
(8.2361)
(-0.5028)
A4(0.3926)
(19.4984)
(11.2480)
G1(2.4174)
(-3.1762)
(-0.8046)
G2(0.6412)
(-0.6902)
(0.2182)
G3(0.8668)
(1.4133)
(0.3555)
G4(2.6015)
(-3.0596)
(1.5559)
A1(-3.4967)
(8.5694)
(2.7399)
A2(-1.8435)
(8.8107)
(1.6807)
A3(12.1961)
(12.9622)
(-5.0422)
A4(0.9194)
(10.3238)
(-14.7626)
G1(0.6087)
(-4.4399)
(0.4156)
G2(0.3719)
(-0.6944)
(0.4188)
G3(-0.1453)
(-0.9482)
(1.5841)
G4(1.3835)
(-0.2905)
(2.8250)
A1(-1.3221)
(10.5237)
(5.6235)
A2(0.5411)
(12.7180)
(5.4300)
A3(-2.8826)
(7.5034)
(-3.5003)
A4(-6.7564)
(25.4935)
(-26.8965)
G1(-0.8056)
(0.1293)
(0.4182)
G2(-1.9018)
(-2.8484)
(1.3595)
G3(-0.3203)
(-1.9816)
(0.7982)
G4(-1.3915)
(2.3748)
(4.6177)
A1(5.2259)
(11.2901)
(4.3541)
A2(7.2353)
(3.6344)
(6.4643)
A3(0.5363)
(12.2009)
(-1.3743)
A4(-6.1627)
(-3.0311)
(-29.2140)
G1(0.1282)
(-0.2607)
(0.1681)
G2(-4.4692)
(-5.3738)
(1.5841)
G3(-0.1623)
(-0.9573)
(0.0495)
G4(-9.7733)
(4.9029)
(0.0186)
A1(7.1467)
(5.8726)
(6.6294)
A2(-3.0933)
(14.0588)
(9.0740)
A3(4.3048)
(-2.1356)
(-7.4939)
A4(4.0366)
(21.6005)
(5.9185)
G1(-0.9738)
(-0.1692)
(0.5651)
G2(-4.7800)
(-1.2153)
(4.2138)
G3(-0.2373)
(-1.1265)
(0.7482)
G4(-13.4561)
(-3.7344)
(5.2413)
A1(4.8667)
(7.4294)
(1.9735)
A2(6.7086)
(20.0586)
(14.6381)
A3(-2.8539)
(21.1839)
(-0.6752)
A4(1.2115)
(23.6882)
(7.6327)
G1(-1.3409)
(-3.2038)
(-0.7774)
G2(-8.4627)
(-1.6283)
(5.1434)
G3(-0.0990)
(-1.0062)
(0.6455)
G4(-11.3250)
(2.9617)
(9.5924)
A1(0.7329)
(10.3465)
(1.7436)
A2(6.3063)
(12.0237)
(-1.4653)
A3(4.5538)
(0.0335)
(-4.5921)
A4(-0.6129)
(18.2725)
(-6.7756)
G1(-0.2054)
(-5.1136)
(-2.5552)
G2(-3.6455)
(1.8512)
(4.1803)
G3(-0.0245)
(-1.6639)
(0.2879)
G4(-4.2670)
(3.3007)
(3.0128)
A1(-8.6125)
(9.3741)
(1.0682)
A2(1.0487)
(-1.2881)
(10.0078)
A3(6.8714)
(6.4356)
(-4.2186)
A4(-19.3164)
(1.3982)
(-17.9709)
G1(-0.7902)
(-0.7157)
(-0.1650)
G2(-4.4309)
(-0.4640)
(2.1726)
G3(0.2666)
(-1.5894)
(0.5002)
G4(-4.1585)
(0.7604)
(2.0965)
A1(1.4849)
(9.7190)
(1.6717)
A2(-2.9209)
(3.7397)
(8.0828)
A3(1.8962)
(4.2665)
(-5.6934)
A4(-6.6607)
(-6.3015)
(-11.8609)
G1(-0.0442)
(-0.1660)
(0.3145)
G2(-7.2240)
(0.6125)
(0.9764)
G3(0.6162)
(0.1086)
(-0.5321)
G4(2.2556)
(-1.0626)
(-2.0050)
A1(-2.5196)
(9.8004)
(0.7568)
A2(10.9990)
(9.6486)
(-0.8428)
A3(3.0311)
(7.2640)
(-8.5569)
A4(0.9002)
(10.1131)
(-2.6432)
G1(0.6236)
(0.8498)
(-1.0525)
G2(-2.4616)
(0.4917)
(-0.1660)
G3(0.7902)
(0.7716)
(-0.3193)
G4(4.2255)
(-0.7194)
(-5.1700)
A1(1.8969)
(11.4147)
(4.6272)
A2(-4.7405)
(-6.5888)
(1.7957)
A3(1.8771)
(2.1787)
(-10.3860)
A4(4.3287)
(5.2289)
(-0.9912)
G1(0.5561)
(1.6735)
(-0.7109)
G2(-1.2898)
(0.4001)
(-0.9743)
G3(0.2719)
(-0.0309)
(0.3294)
G4(4.5336)
(-1.6815)
(-4.4469)
A1(1.2215)
(8.8664)
(1.1257)
A2(2.5379)
(-0.3160)
(4.5633)
A3(1.2929)
(14.9398)
(0.8906)
A4(9.6343)
(16.6349)
(0.5986)
G1(0.6529)
(-0.7657)
(-0.5247)
G2(2.7744)
(1.4952)
(-2.2407)
G3(-0.2437)
(-0.6550)
(0.5566)
G4(3.9185)
(-3.1480)
(-2.8037)
A1(1.6621)
(11.3907)
(4.4308)
A2(1.0199)
(0.3543)
(9.2943)
A3(2.9161)
(4.6974)
(-8.4659)
A4(3.7924)
(15.3516)
(2.0686)
G1(0.4874)
(0.6476)
(-0.1729)
G2(3.7636)
(1.4819)
(-2.2157)
G3(0.4715)
(0.3491)
(-0.6566)
G4(2.7787)
(-2.5419)
(-2.8835)
A1(-0.4167)
(8.2245)
(2.3040)
A2(12.2966)
(-3.5769)
(12.6605)
A3(5.0518)
(7.0725)
(-2.7629)
A4(10.7260)
(17.4154)
(-0.4405)
G1(0.9099)
(-0.2528)
(-0.7700)
G2(3.9669)
(-0.4970)
(-2.3322)
G3(-0.2543)
(1.3739)
(-0.3874)
G4(1.9332)
(-2.2184)
(-2.4504)
A1(0.9867)
(10.6722)
(1.9256)
A2(6.6798)
(0.1532)
(12.3637)
A3(3.8259)
(4.1563)
(-6.2584)
A4(10.6686)
(13.2495)
(0.6847)
G1(1.0413)
(-0.2528)
(-0.5752)
G2(3.5864)
(-2.8096)
(-3.6061)
G3(-0.2783)
(0.7114)
(-0.1815)
G4(0.5177)
(-1.1765)
(-1.5453)
A1(0.1677)
(10.4710)
(2.9028)
A2(4.4580)
(6.7086)
(7.7764)
A3(1.8771)
(8.2648)
(-6.1244)
A4(7.6279)
(11.1330)
(-0.8906)
G1(2.0114)
(0.0527)
(-0.6683)
G2(1.8150)
(0.7630)
(-4.0244)
G3(0.0277)
(-0.8407)
(0.2879)
G4(-0.4475)
(-0.9700)
(-1.0669)
