A1(0.3976)
(8.2868)
(5.9061)
A2(2.0159)
(9.3709)
(0.2251)
A3(-1.5179)
(11.3006)
(-0.4118)
A4(-0.6273)
(8.8059)
(-5.7221)
G1(-1.7028)
(-0.1761)
(-0.3528)
G2(-0.1123)
(-0.2783)
(0.1208)
G3(0.4725)
(-0.6008)
(0.2059)
G4(-0.1165)
(-0.1352)
(0.0484)
A1(0.3257)
(7.1180)
(7.1898)
A2(1.9968)
(10.1275)
(-0.5028)
A3(-1.5275)
(10.8266)
(-1.0774)
A4(-0.5171)
(8.8155)
(-5.2625)
G1(-0.8354)
(-0.6130)
(-0.4709)
G2(0.0128)
(-1.1185)
(-0.1378)
G3(0.4842)
(-1.3489)
(0.5076)
G4(-0.1415)
(-0.1070)
(0.0527)
A1(-0.0335)
(7.4820)
(5.7816)
A2(-1.0247)
(9.4332)
(0.0239)
A3(0.0527)
(6.8666)
(-3.4907)
A4(0.2394)
(9.6822)
(-2.4900)
G1(0.5481)
(-0.2426)
(-0.0633)
G2(0.1687)
(-0.6843)
(0.0165)
G3(0.6641)
(-0.4837)
(0.3672)
G4(0.1634)
(-0.3459)
(0.0069)
A1(0.9101)
(6.2654)
(7.8221)
A2(0.2011)
(10.2280)
(0.0048)
A3(3.3136)
(5.5115)
(-2.7485)
A4(-0.2777)
(9.6199)
(-2.4517)
G1(0.8636)
(-0.8104)
(0.1000)
G2(0.4119)
(-0.2937)
(0.0388)
G3(0.5209)
(-0.0644)
(0.6976)
G4(0.4970)
(-0.4534)
(0.0984)
A1(1.1448)
(6.1744)
(7.4389)
A2(-0.3400)
(9.4523)
(0.5842)
A3(2.7150)
(6.5218)
(-2.0925)
A4(-0.4118)
(9.4667)
(-2.3415)
G1(-0.2309)
(-1.0227)
(0.2496)
G2(0.6428)
(-0.5635)
(0.0952)
G3(-0.3512)
(-0.4448)
(0.8647)
G4(0.8817)
(-0.2852)
(0.0021)
A1(-2.3711)
(6.2462)
(11.4386)
A2(-0.7853)
(9.3087)
(1.0534)
A3(2.6576)
(10.6829)
(-0.8284)
A4(0.6273)
(13.1298)
(-1.9872)
G1(1.4601)
(-0.4911)
(-0.4150)
G2(0.2011)
(-0.8077)
(0.0772)
G3(0.7673)
(-0.9674)
(1.4591)
G4(2.0098)
(-0.7013)
(0.1745)
A1(10.2698)
(17.8142)
(-2.8118)
A2(-1.4174)
(8.7005)
(0.6895)
A3(-4.3479)
(14.8824)
(-0.7614)
A4(3.3950)
(24.8279)
(11.6693)
G1(1.8039)
(-1.7677)
(0.5646)
G2(0.1713)
(-0.5624)
(0.0325)
G3(1.2207)
(0.4150)
(0.5124)
G4(3.3374)
(-2.5238)
(1.5186)
A1(-4.4931)
(11.6302)
(3.0560)
A2(-1.5323)
(8.0158)
(1.2450)
A3(4.8698)
(7.3023)
(-3.3136)
A4(-2.1979)
(32.4175)
(-10.4962)
G1(1.7187)
(-6.1757)
(-0.1378)
G2(-0.1341)
(-0.5704)
(0.0325)
G3(1.2670)
(1.9167)
(-0.7923)
G4(5.2557)
(0.5161)
(0.3831)
A1(6.1935)
(9.8148)
(7.4150)
A2(1.0678)
(8.9495)
(4.4819)
A3(-0.2059)
(10.8649)
(-9.1123)
A4(-19.2925)
(36.5403)
(-27.6674)
G1(-0.4635)
(-1.6847)
(0.4230)
G2(-2.3062)
(-2.4924)
(1.0275)
G3(-0.6050)
(-1.2276)
(1.3585)
G4(-4.7752)
(0.8040)
(2.5893)
A1(5.6666)
(8.6173)
(4.9002)
A2(10.8697)
(-0.7661)
(11.9519)
A3(5.2768)
(14.1162)
(-1.7957)
A4(-2.2266)
(9.0597)
(-14.2886)
G1(-0.4922)
(-1.9598)
(0.6816)
G2(-6.8440)
(-6.6865)
(2.9474)
G3(-0.0968)
(-0.8599)
(0.3150)
G4(-11.0919)
(2.2562)
(2.0369)
A1(-0.9820)
(5.5181)
(2.0741)
A2(-3.7254)
(40.3136)
(16.7977)
A3(3.2082)
(14.0827)
(-0.6081)
A4(7.8626)
(3.1364)
(-8.7388)
G1(-0.8179)
(-2.2173)
(-0.1884)
G2(-8.2632)
(-0.7450)
(3.3848)
G3(0.2219)
(-1.0195)
(0.4864)
G4(-14.3995)
(-0.9887)
(3.9275)
A1(4.3302)
(5.5804)
(2.1316)
A2(10.2615)
(11.3437)
(12.6270)
A3(-3.1268)
(6.8235)
(-4.0606)
A4(-5.0087)
(25.5366)
(12.9766)
G1(-0.3416)
(-1.2207)
(-0.4895)
G2(-6.8504)
(-4.2021)
(4.8390)
G3(-0.2118)
(-1.6267)
(1.2324)
G4(-12.5068)
(1.4133)
(8.1105)
A1(-9.6328)
(13.8480)
(-0.2156)
A2(-1.8627)
(5.5689)
(0.4262)
A3(3.1125)
(4.6687)
(-4.8363)
A4(-10.1993)
(7.2496)
(-15.3037)
G1(-0.6651)
(-3.6471)
(-1.6889)
G2(-5.3935)
(-0.7343)
(2.5627)
G3(0.6875)
(-2.5802)
(0.5406)
G4(-2.4413)
(-1.9805)
(3.2592)
A1(-3.9709)
(8.4688)
(-1.7436)
A2(0.6656)
(-4.1420)
(2.4756)
A3(2.6624)
(10.6973)
(-4.2713)
A4(-17.1281)
(-3.8355)
(-14.0923)
G1(-0.0037)
(0.1506)
(-0.7476)
G2(-2.8122)
(0.2804)
(1.4814)
G3(1.0350)
(-1.5133)
(0.6476)
G4(-2.2061)
(2.8766)
(-1.3713)
A1(-2.1028)
(10.9740)
(2.0310)
A2(5.4588)
(-13.6422)
(11.0564)
A3(2.2889)
(5.0326)
(-7.2832)
A4(-3.5243)
(-5.9137)
(-11.9471)
G1(0.1336)
(1.0499)
(0.7061)
G2(-5.2605)
(-0.0468)
(1.3340)
G3(0.5449)
(-1.4314)
(0.1091)
G4(1.0334)
(0.5252)
(-2.8841)
A1(3.7410)
(10.4519)
(3.7985)
A2(1.6951)
(3.0742)
(3.6200)
A3(-0.4788)
(5.1571)
(-8.3414)
A4(3.9504)
(7.1539)
(-3.2944)
G1(0.5720)
(0.5805)
(-0.5928)
G2(-1.0839)
(1.1882)
(-0.6811)
G3(0.0399)
(0.1383)
(0.1235)
G4(4.5182)
(-1.2212)
(-4.1207)
A1(3.7985)
(11.3045)
(5.4846)
A2(1.3408)
(-1.2833)
(3.7158)
A3(1.6328)
(2.7007)
(-4.3048)
A4(3.4907)
(13.4889)
(1.3599)
G1(0.3725)
(1.8938)
(-0.1160)
G2(0.7008)
(2.0140)
(-1.6618)
G3(-0.9535)
(2.2476)
(0.0277)
G4(3.9504)
(-3.0554)
(-3.6120)
A1(4.8140)
(6.9503)
(6.3468)
A2(3.8020)
(-0.6033)
(5.6647)
A3(-2.4565)
(12.5456)
(-2.6145)
A4(11.0995)
(15.3133)
(3.2992)
G1(0.7168)
(0.0372)
(0.2139)
G2(3.3406)
(1.3351)
(-2.0231)
G3(-0.0958)
(-0.2937)
(-0.0346)
G4(4.0169)
(-3.8685)
(-3.0581)
A1(-0.7377)
(9.9058)
(2.1364)
A2(4.4580)
(-2.9592)
(10.6303)
A3(-4.0989)
(20.9636)
(-7.4172)
A4(8.9495)
(16.3811)
(-1.2450)
G1(0.3879)
(-2.0875)
(-0.7428)
G2(4.4910)
(-1.4016)
(-2.9399)
G3(0.1666)
(0.2724)
(0.3358)
G4(2.6127)
(0.6886)
(-3.5987)
A1(2.6249)
(10.2267)
(4.4883)
A2(14.7100)
(-2.8587)
(10.6398)
A3(4.3479)
(-1.7717)
(-9.1171)
A4(10.1562)
(15.8305)
(-2.5331)
G1(1.1802)
(0.8088)
(-0.8838)
G2(3.8232)
(-2.9383)
(-3.2874)
G3(-0.1171)
(-0.2857)
(0.3826)
G4(2.7143)
(1.1307)
(-1.8879)
