A1(2.7399)
(8.0856)
(-2.0070)
A2(3.7733)
(7.9631)
(3.4237)
A3(-0.2969)
(8.0302)
(-6.3159)
A4(16.4625)
(18.0810)
(4.6064)
G1(0.7407)
(1.5612)
(-0.4007)
G2(-1.2435)
(0.4656)
(0.0208)
G3(-0.1346)
(0.8429)
(-0.4220)
G4(1.3058)
(1.6437)
(0.0170)
A1(2.1938)
(10.0974)
(-2.0453)
A2(4.4484)
(5.6599)
(5.7652)
A3(1.7142)
(9.3661)
(-4.1563)
A4(13.6948)
(4.9464)
(1.6712)
G1(1.2781)
(1.3856)
(-0.7620)
G2(0.0085)
(2.7798)
(0.5108)
G3(0.1336)
(0.7817)
(-0.6470)
G4(1.0834)
(-1.6203)
(-0.5694)
A1(3.0417)
(9.6855)
(-0.0623)
A2(4.1515)
(6.1579)
(10.3094)
A3(0.3112)
(9.4332)
(-5.0901)
A4(-1.4844)
(9.8306)
(-5.8179)
G1(1.3686)
(1.2866)
(-0.6008)
G2(0.0686)
(-0.7758)
(0.0399)
G3(0.1655)
(0.4438)
(-0.8482)
G4(1.6793)
(-0.0968)
(-0.5183)
A1(-12.0565)
(6.7300)
(4.8044)
A2(0.0096)
(5.4684)
(6.4021)
A3(1.7813)
(13.4171)
(5.9137)
A4(-4.1946)
(4.4197)
(-9.8497)
G1(-4.7970)
(4.8295)
(-1.3622)
G2(0.1958)
(0.8642)
(-0.3677)
G3(1.1824)
(0.9291)
(-1.5676)
G4(0.9828)
(0.5635)
(-0.5587)
A1(-0.8383)
(22.5611)
(10.9692)
A2(-6.6798)
(10.7931)
(2.7677)
A3(-4.9033)
(33.2363)
(4.2521)
A4(1.4317)
(17.1616)
(-5.2098)
G1(-10.2011)
(2.2333)
(-5.1652)
G2(0.7162)
(0.9120)
(-0.1974)
G3(4.5144)
(4.9577)
(-4.7268)
G4(-0.2379)
(0.2772)
(0.1697)
A1(0.4551)
(12.4302)
(-0.5030)
A2(-1.0439)
(17.0994)
(3.1077)
A3(13.1106)
(14.3125)
(-18.7801)
A4(0.8284)
(-0.1580)
(-5.5498)
G1(-6.5668)
(-0.8626)
(-3.5753)
G2(2.1343)
(5.1588)
(0.1086)
G3(-8.6543)
(-7.7662)
(0.0202)
G4(-0.2783)
(1.1733)
(-0.9301)
A1(7.4485)
(2.2992)
(8.1862)
A2(3.5578)
(7.8578)
(5.1140)
A3(-36.2674)
(19.5846)
(-28.2181)
A4(4.6064)
(10.4914)
(-0.2729)
G1(-4.9348)
(-0.4613)
(-2.4647)
G2(1.4447)
(3.2996)
(0.3054)
G3(-10.1916)
(-5.5201)
(7.6018)
G4(0.6375)
(1.8060)
(-1.7847)
A1(5.1062)
(17.0861)
(3.0034)
A2(-1.3551)
(10.7787)
(3.7014)
A3(-10.2807)
(27.6913)
(-11.1139)
A4(-19.2063)
(-8.1451)
(-7.6231)
G1(-7.9726)
(0.9551)
(-0.2405)
G2(0.0548)
(4.9604)
(-1.1350)
G3(-14.1297)
(5.2275)
(-1.0339)
G4(1.3202)
(4.7683)
(-3.3975)
A1(3.7123)
(-12.0661)
(1.0825)
A2(-11.9423)
(10.4100)
(11.0133)
A3(8.6383)
(10.2376)
(-23.6834)
A4(2.9928)
(-8.0302)
(-10.6781)
G1(-0.3304)
(0.7928)
(2.2476)
G2(-0.7497)
(4.5900)
(0.8860)
G3(-4.1377)
(2.0524)
(-0.4725)
G4(1.1882)
(-2.3030)
(2.1822)
A1(-0.5413)
(-0.5125)
(2.1555)
A2(16.7881)
(12.3732)
(1.4796)
A3(-7.7428)
(-4.5203)
(-14.2024)
A4(7.5896)
(0.0335)
(-9.3996)
G1(3.0495)
(-0.8131)
(3.7562)
G2(0.8333)
(-2.4222)
(-0.5587)
G3(2.3812)
(1.9417)
(1.9470)
G4(0.1538)
(2.2205)
(-1.0946)
A1(-6.3133)
(-1.6238)
(9.1729)
A2(-4.7788)
(6.5170)
(-4.1324)
A3(4.3335)
(-2.4995)
(-10.4148)
A4(1.3551)
(16.4434)
(-3.8020)
G1(3.8046)
(0.0474)
(4.3101)
G2(0.4363)
(-0.6928)
(-0.3970)
G3(5.2908)
(1.8209)
(2.9894)
G4(-0.4129)
(1.2505)
(-0.5385)
A1(-5.9396)
(3.2141)
(7.1563)
A2(-1.6424)
(8.8729)
(5.8323)
A3(-2.6336)
(16.8265)
(2.6193)
A4(-2.7485)
(19.3404)
(-1.3791)
G1(2.4850)
(0.6109)
(4.9540)
G2(-0.9222)
(-0.4039)
(0.1910)
G3(5.6739)
(1.4936)
(3.0969)
G4(-0.7636)
(-0.0692)
(0.2959)
A1(-11.0267)
(9.8627)
(3.8368)
A2(-3.9409)
(10.5489)
(10.4722)
A3(-3.8116)
(13.7427)
(0.8859)
A4(5.5210)
(10.0126)
(-6.1196)
G1(2.1077)
(-0.4528)
(3.5721)
G2(-0.0474)
(-0.7881)
(0.8461)
G3(5.4962)
(3.5359)
(1.7054)
G4(0.2772)
(1.0743)
(-0.0793)
A1(-5.2355)
(9.5130)
(4.7278)
A2(3.9313)
(7.6136)
(4.2473)
A3(-11.8800)
(15.6485)
(-4.1851)
A4(0.8045)
(7.3502)
(-6.4643)
G1(2.1870)
(-0.5385)
(1.4106)
G2(0.1139)
(0.4715)
(0.1261)
G3(0.7572)
(2.2742)
(0.4773)
G4(0.4821)
(1.0520)
(-0.1213)
A1(-5.6427)
(9.1442)
(4.8284)
A2(0.5698)
(9.6917)
(3.3279)
A3(-8.5042)
(13.9055)
(-1.0822)
A4(-0.3496)
(7.2592)
(-8.1020)
G1(1.7363)
(0.0351)
(1.0142)
G2(0.6050)
(-0.7066)
(1.0190)
G3(-0.2065)
(1.6543)
(0.6694)
G4(0.3416)
(0.6327)
(0.1059)
A1(-3.8320)
(9.2448)
(1.5280)
A2(0.5698)
(10.2663)
(2.6959)
A3(-5.9233)
(12.8808)
(1.4461)
A4(1.1444)
(8.6479)
(-6.5984)
G1(0.4715)
(-0.7503)
(0.5236)
G2(0.1144)
(0.7668)
(0.3187)
G3(-0.6167)
(1.3611)
(-0.0106)
G4(0.0974)
(0.5747)
(0.3709)
A1(-0.9484)
(9.6280)
(-0.2012)
A2(-0.1389)
(9.0980)
(1.9776)
A3(-6.3877)
(13.6996)
(2.5905)
A4(4.1180)
(6.4212)
(-8.5665)
G1(-0.7205)
(-2.4121)
(0.5028)
G2(0.9269)
(0.9977)
(0.5710)
G3(1.1744)
(-0.3874)
(0.5481)
G4(-0.2581)
(0.2017)
(0.7662)
A1(-1.6430)
(8.9670)
(-0.1150)
A2(2.0877)
(10.7739)
(0.4070)
A3(-0.2251)
(4.5107)
(-6.2393)
A4(4.9273)
(6.5505)
(-6.1435)
G1(0.3193)
(2.2322)
(-0.3374)
G2(0.4390)
(-0.0287)
(0.5114)
G3(0.2065)
(-0.9227)
(0.6497)
G4(-0.1176)
(1.6565)
(-0.4927)
A1(3.0465)
(10.5429)
(2.6728)
A2(3.7493)
(10.0652)
(-1.7334)
A3(-2.1404)
(11.2432)
(-0.7949)
A4(-3.2992)
(5.9376)
(-2.5618)
G1(0.4709)
(1.5442)
(0.3491)
G2(0.5252)
(0.4060)
(0.2911)
G3(0.0559)
(0.9312)
(0.2208)
G4(-0.1554)
(2.2886)
(-1.6192)
A1(-0.8335)
(8.7610)
(0.8766)
A2(6.7660)
(9.1698)
(-0.1772)
A3(-2.0207)
(9.4332)
(-4.2138)
A4(4.8794)
(8.3318)
(-8.5234)
G1(0.1724)
(1.5591)
(0.0202)
G2(0.0724)
(1.7847)
(0.4986)
G3(-0.0495)
(0.4204)
(-0.0319)
G4(-1.0972)
(0.3874)
(-1.0137)
