A1(0.6514)
(8.2149)
(0.2443)
A2(1.6951)
(11.7699)
(5.8035)
A3(3.1603)
(9.2320)
(-5.1332)
A4(-10.6494)
(9.4140)
(-1.6233)
G1(0.6337)
(0.8461)
(-0.6332)
G2(-0.9722)
(0.9312)
(0.5545)
G3(0.1346)
(1.9725)
(-1.1089)
G4(1.0813)
(2.7665)
(-2.2524)
A1(1.0107)
(8.5981)
(-2.1986)
A2(6.4021)
(4.5011)
(7.0102)
A3(7.1635)
(8.0589)
(-5.0135)
A4(6.2441)
(8.2025)
(-0.0383)
G1(0.1165)
(1.8672)
(-0.2320)
G2(-0.6997)
(4.3154)
(1.7129)
G3(0.1453)
(2.0146)
(-0.9594)
G4(0.1149)
(5.2041)
(-3.3273)
A1(0.8574)
(9.0915)
(5.6618)
A2(0.6895)
(6.1770)
(3.4524)
A3(0.9290)
(7.5609)
(-6.2489)
A4(1.5179)
(4.5825)
(-5.3391)
G1(1.0515)
(2.5988)
(-1.2510)
G2(0.6779)
(0.0319)
(0.9605)
G3(0.0968)
(0.3778)
(-0.8881)
G4(1.7592)
(0.8024)
(-1.1329)
A1(-1.6669)
(6.4378)
(6.8641)
A2(-1.4988)
(4.3574)
(11.0421)
A3(-1.8866)
(12.6941)
(-3.5578)
A4(-1.0822)
(25.3259)
(-8.7388)
G1(-2.4067)
(3.3199)
(-1.0685)
G2(-0.5624)
(1.0600)
(0.3778)
G3(0.4220)
(1.1712)
(-1.3260)
G4(0.7902)
(-2.9740)
(0.7918)
A1(-12.5164)
(17.1675)
(3.3291)
A2(6.3255)
(4.3958)
(9.6917)
A3(0.7997)
(20.3938)
(10.7356)
A4(0.8715)
(-1.9776)
(-14.1402)
G1(-8.5793)
(3.3869)
(-0.8519)
G2(0.4401)
(4.5730)
(-0.2799)
G3(2.1199)
(1.6341)
(-2.4062)
G4(-0.0378)
(2.3259)
(-0.8226)
A1(-3.9326)
(28.4864)
(15.2036)
A2(-7.1204)
(11.0804)
(7.0773)
A3(4.8746)
(21.8064)
(-7.3646)
A4(-5.3343)
(15.9933)
(-1.6759)
G1(-8.6458)
(0.0819)
(-5.2711)
G2(0.5816)
(0.3815)
(-0.6167)
G3(3.7413)
(5.9634)
(-4.0717)
G4(-0.7492)
(2.2476)
(-0.4954)
A1(-1.9304)
(23.7538)
(-2.1699)
A2(-11.4347)
(15.4282)
(5.2481)
A3(41.8506)
(10.1370)
(-30.5021)
A4(-0.5219)
(8.3414)
(-5.4684)
G1(-6.7248)
(-0.4832)
(-3.2501)
G2(2.0417)
(6.6264)
(0.4730)
G3(-4.9306)
(-1.6325)
(0.9903)
G4(-0.6635)
(1.4420)
(-0.4837)
A1(4.2727)
(-6.7444)
(5.4654)
A2(-1.7142)
(9.7109)
(5.9424)
A3(-23.4775)
(-0.4262)
(-8.7053)
A4(0.8380)
(7.0581)
(3.8116)
G1(-3.9839)
(1.1861)
(-2.3046)
G2(0.3565)
(0.5082)
(0.5066)
G3(-15.0763)
(5.0311)
(2.4312)
G4(0.2852)
(1.2765)
(-0.7019)
A1(-0.4167)
(-3.2045)
(24.5154)
A2(-4.8746)
(8.9447)
(10.0269)
A3(19.4888)
(26.6762)
(18.5215)
A4(-2.1165)
(7.5753)
(-0.1006)
G1(-4.7725)
(-5.4137)
(-3.3092)
G2(-0.1336)
(3.4481)
(-0.0059)
G3(-15.3743)
(6.1017)
(-2.0183)
G4(1.1222)
(1.5990)
(-0.2256)
A1(-8.2005)
(11.3859)
(-9.1107)
A2(3.9361)
(4.2042)
(3.0358)
A3(13.7810)
(40.4572)
(19.1392)
A4(-4.0701)
(16.2375)
(-3.5051)
G1(-4.9827)
(-5.1791)
(0.1107)
G2(0.7928)
(6.0730)
(-0.1687)
G3(-12.3945)
(-0.0516)
(-2.5845)
G4(1.4947)
(0.5188)
(0.3847)
A1(3.5063)
(-3.5877)
(1.9735)
A2(-5.9376)
(5.1954)
(3.4189)
A3(9.6582)
(-2.7246)
(-29.2955)
A4(0.7518)
(-1.0726)
(-14.9111)
G1(0.0255)
(-0.6902)
(2.0013)
G2(0.4055)
(2.1157)
(0.5076)
G3(-4.1287)
(2.5169)
(0.3432)
G4(0.6194)
(-0.7960)
(0.8423)
A1(-2.8309)
(1.7388)
(1.5807)
A2(0.6847)
(13.0436)
(3.7445)
A3(-11.2767)
(0.9146)
(-17.4537)
A4(-12.2775)
(1.8004)
(-11.5688)
G1(2.9617)
(-0.0772)
(2.8723)
G2(-0.8594)
(5.5803)
(0.2639)
G3(-1.4170)
(0.1969)
(3.0740)
G4(0.5507)
(0.2506)
(-2.3216)
A1(-7.5731)
(-0.0287)
(6.3708)
A2(6.3303)
(8.6718)
(-1.4317)
A3(9.5098)
(-4.4245)
(-18.2151)
A4(24.3778)
(3.1125)
(-15.2559)
G1(3.9898)
(1.4489)
(3.4598)
G2(-0.8578)
(-1.8885)
(-1.0350)
G3(2.1364)
(1.6868)
(1.5580)
G4(-1.7081)
(1.8230)
(-1.6054)
A1(-4.9529)
(0.6179)
(12.6313)
A2(4.9177)
(12.2535)
(-0.1437)
A3(-1.4653)
(15.4234)
(0.7661)
A4(-10.1610)
(16.0842)
(-0.1676)
G1(4.1925)
(1.2063)
(4.3984)
G2(1.0493)
(0.5768)
(-1.0515)
G3(5.2743)
(2.0242)
(3.0400)
G4(0.1043)
(1.9044)
(-1.6362)
A1(-16.1568)
(4.6511)
(8.0377)
A2(0.8188)
(9.1267)
(0.4597)
A3(-2.4612)
(14.9302)
(5.2960)
A4(5.6264)
(-1.3408)
(-8.9783)
G1(2.1529)
(0.4129)
(2.4131)
G2(1.7129)
(-0.4411)
(0.6407)
G3(6.3869)
(1.7847)
(3.8094)
G4(1.0876)
(1.9300)
(-0.1272)
A1(-9.5753)
(11.0123)
(9.1346)
A2(-9.4954)
(11.0660)
(5.9664)
A3(-8.2935)
(18.3875)
(4.9752)
A4(-0.0383)
(6.1004)
(-8.1738)
G1(3.1693)
(-0.9945)
(2.4828)
G2(-0.3874)
(1.9720)
(0.2240)
G3(5.8101)
(2.7292)
(2.9123)
G4(0.0670)
(0.0803)
(-0.2794)
A1(-8.3442)
(11.6925)
(9.6471)
A2(5.8227)
(7.3837)
(5.0470)
A3(-13.1921)
(17.3101)
(-0.8140)
A4(-3.0598)
(7.5944)
(-6.6463)
G1(2.5781)
(-1.7868)
(1.5687)
G2(-0.3741)
(1.3691)
(0.4230)
G3(3.2065)
(2.4110)
(2.1588)
G4(0.0952)
(0.9498)
(-0.0718)
A1(-7.6784)
(6.7156)
(4.3015)
A2(-0.3448)
(9.7348)
(0.1580)
A3(-10.9223)
(17.8272)
(-1.2067)
A4(-1.5993)
(7.4172)
(-7.4795)
G1(1.4942)
(0.6513)
(0.8615)
G2(-0.2240)
(-0.5252)
(0.4906)
G3(1.3553)
(1.5522)
(1.1520)
G4(-0.1942)
(0.2900)
(0.2160)
A1(-4.4595)
(7.8748)
(3.4488)
A2(0.6512)
(8.8442)
(1.9872)
A3(-9.5098)
(14.6956)
(0.5746)
A4(1.4653)
(7.8961)
(-5.7604)
G1(1.3409)
(-0.2017)
(0.1868)
G2(0.8093)
(0.8109)
(0.1277)
G3(0.5752)
(0.7689)
(0.1006)
G4(-0.3624)
(-0.3597)
(0.4353)
A1(-4.7134)
(7.3000)
(2.6489)
A2(0.4166)
(11.7795)
(1.3647)
A3(-6.8235)
(9.7683)
(-1.4365)
A4(-0.0862)
(8.4851)
(-6.5218)
G1(1.7006)
(-0.4299)
(0.1070)
G2(0.7375)
(-0.1995)
(-0.0202)
G3(0.2778)
(0.5667)
(-0.2256)
G4(-0.2948)
(0.2762)
(0.2597)
