A1(1.6574)
(8.7610)
(-2.7974)
A2(3.5338)
(8.4707)
(2.2122)
A3(-0.1963)
(7.7428)
(-8.1786)
A4(4.7501)
(7.3933)
(-3.9073)
G1(0.8274)
(1.7810)
(-0.2347)
G2(-0.4028)
(0.3735)
(0.0968)
G3(-0.3565)
(1.2329)
(-0.5199)
G4(0.5199)
(1.6618)
(-1.3324)
A1(1.9591)
(9.1873)
(-1.2502)
A2(5.0470)
(9.2416)
(4.1659)
A3(0.1053)
(7.7620)
(-7.4795)
A4(-8.0780)
(7.8051)
(-2.9257)
G1(0.5922)
(1.8688)
(-0.6609)
G2(0.1320)
(1.1451)
(0.9184)
G3(-0.5906)
(1.0648)
(-0.4055)
G4(0.4784)
(2.7627)
(-2.9069)
A1(1.5089)
(11.2470)
(-0.8862)
A2(4.4867)
(5.7940)
(7.4939)
A3(-0.8188)
(8.6957)
(-6.3925)
A4(1.2498)
(-0.4693)
(-1.9537)
G1(2.1072)
(1.5192)
(-1.2318)
G2(-0.8695)
(2.3317)
(1.1190)
G3(-0.0128)
(0.8349)
(-0.7072)
G4(1.5038)
(1.5250)
(-2.0449)
A1(0.4215)
(11.6925)
(4.0955)
A2(7.3167)
(6.7325)
(5.3343)
A3(0.3160)
(10.0078)
(-4.9416)
A4(1.4317)
(15.4665)
(-7.5561)
G1(0.3267)
(2.0077)
(-0.8386)
G2(-0.6268)
(1.6565)
(0.5007)
G3(0.0027)
(0.1591)
(-0.8753)
G4(0.8455)
(0.3959)
(-0.2464)
A1(-4.9577)
(31.1688)
(-2.2465)
A2(7.7333)
(4.6208)
(7.6758)
A3(7.7572)
(23.6691)
(17.3005)
A4(1.0965)
(8.1594)
(-14.7387)
G1(-7.8870)
(1.7671)
(-0.9998)
G2(1.0802)
(2.6717)
(-0.4065)
G3(2.4296)
(0.8365)
(-1.8810)
G4(-0.4315)
(2.4131)
(-1.6096)
A1(-4.0428)
(22.6042)
(4.9769)
A2(6.3829)
(7.2449)
(11.2767)
A3(-6.9671)
(35.7071)
(4.7549)
A4(-2.7773)
(9.4571)
(-9.5624)
G1(-8.8799)
(3.8137)
(-3.0804)
G2(1.3138)
(-1.0222)
(-0.4794)
G3(5.3280)
(1.4372)
(-1.7256)
G4(-0.5374)
(0.9482)
(-0.4544)
A1(2.2465)
(25.9716)
(2.1507)
A2(-6.1100)
(15.0021)
(2.8730)
A3(15.2894)
(3.0071)
(-25.5653)
A4(2.2984)
(7.2449)
(-2.4421)
G1(-7.8460)
(-0.1953)
(-3.3262)
G2(2.3966)
(6.5758)
(0.1389)
G3(-7.3378)
(-0.2123)
(3.3747)
G4(-0.6524)
(-0.6167)
(0.1495)
A1(3.9949)
(4.0428)
(-1.3700)
A2(10.7548)
(8.4563)
(-0.3400)
A3(-21.3515)
(11.3629)
(-23.5063)
A4(1.3647)
(10.0317)
(-0.1437)
G1(-5.6867)
(-2.3195)
(-2.0375)
G2(2.4823)
(4.6719)
(0.6992)
G3(-10.3831)
(-2.7702)
(2.9059)
G4(-0.2203)
(0.4001)
(-0.5502)
A1(-7.4820)
(-8.5358)
(9.5897)
A2(1.6089)
(8.7819)
(5.6647)
A3(-0.3304)
(10.8793)
(-8.0493)
A4(0.9290)
(3.8738)
(-4.0079)
G1(-4.9151)
(0.4901)
(-2.2253)
G2(1.7224)
(0.1681)
(0.1969)
G3(-15.1455)
(5.0923)
(1.4128)
G4(0.3719)
(2.1609)
(-0.7854)
A1(-8.8855)
(6.2510)
(-5.1206)
A2(2.0016)
(7.4603)
(3.1029)
A3(8.6191)
(52.2606)
(5.4731)
A4(-6.7038)
(8.3031)
(-9.4523)
G1(-4.3676)
(-3.1176)
(0.8551)
G2(-0.6976)
(4.0733)
(-0.7333)
G3(-10.6311)
(0.7109)
(-0.5364)
G4(0.0979)
(2.4584)
(-0.8530)
A1(2.0070)
(-3.5686)
(-1.3029)
A2(0.6608)
(7.0773)
(1.2210)
A3(-0.5842)
(16.4865)
(-15.5144)
A4(4.1851)
(-4.5538)
(-10.1945)
G1(-1.1307)
(-0.3267)
(1.5692)
G2(-0.2192)
(2.4488)
(0.9440)
G3(-4.5895)
(0.6135)
(0.6710)
G4(0.2224)
(0.1442)
(0.7231)
A1(-0.6946)
(0.4886)
(1.8442)
A2(8.1690)
(9.0788)
(3.1268)
A3(-7.1587)
(-9.0070)
(-21.8686)
A4(1.1684)
(8.8059)
(-9.1506)
G1(4.1015)
(-0.1548)
(3.3858)
G2(-1.5495)
(3.8807)
(-0.9041)
G3(0.7529)
(0.9546)
(2.3365)
G4(0.3108)
(0.7753)
(-0.8147)
A1(-2.4190)
(0.4455)
(7.1898)
A2(6.6607)
(9.7300)
(-6.7181)
A3(5.4013)
(-2.1787)
(-17.0994)
A4(5.9759)
(0.9960)
(-8.7101)
G1(4.6171)
(-0.1123)
(3.7530)
G2(0.5470)
(-0.4816)
(0.4794)
G3(3.3779)
(1.3766)
(2.5557)
G4(-0.1453)
(0.8966)
(-0.1650)
A1(-7.4389)
(0.1437)
(8.2005)
A2(2.4086)
(7.7381)
(5.8897)
A3(2.2841)
(9.1842)
(-6.0621)
A4(-4.8554)
(15.0308)
(-4.4772)
G1(4.2069)
(0.2831)
(3.9286)
G2(0.7423)
(-1.7538)
(0.9115)
G3(5.0386)
(0.8008)
(3.8259)
G4(-0.0165)
(2.3354)
(-1.3127)
A1(-4.7182)
(6.8498)
(5.3122)
A2(3.7062)
(6.5697)
(4.8219)
A3(-5.8706)
(17.7889)
(5.3486)
A4(-0.8045)
(4.8890)
(-8.3845)
G1(2.6441)
(0.9498)
(5.0253)
G2(0.1538)
(-0.2730)
(1.2856)
G3(7.3118)
(1.7985)
(3.0974)
G4(0.5890)
(0.4539)
(-0.0830)
A1(-6.4522)
(12.7559)
(7.6114)
A2(-4.2904)
(10.6494)
(7.3263)
A3(-5.5641)
(21.9357)
(1.3408)
A4(0.4597)
(9.7061)
(-8.5090)
G1(3.1964)
(-0.2607)
(3.9759)
G2(0.4023)
(-0.4677)
(0.9035)
G3(6.1395)
(4.1468)
(1.9252)
G4(-0.4704)
(-0.4055)
(-0.0053)
A1(-4.4068)
(10.8830)
(2.6297)
A2(4.2713)
(7.7237)
(2.7102)
A3(-16.0268)
(26.4128)
(0.1580)
A4(1.5514)
(11.6646)
(-5.0326)
G1(1.2595)
(1.1148)
(1.8491)
G2(1.0046)
(-0.5167)
(0.1618)
G3(1.1637)
(2.5472)
(1.2563)
G4(0.3650)
(0.3443)
(0.0490)
A1(-3.7602)
(11.6206)
(5.2164)
A2(-0.0527)
(15.8448)
(-0.1963)
A3(-7.2161)
(16.6301)
(0.0192)
A4(-0.2107)
(8.0685)
(-7.1299)
G1(1.4564)
(0.8881)
(0.7338)
G2(2.1407)
(1.0424)
(1.0078)
G3(0.3884)
(1.9417)
(0.9977)
G4(0.1532)
(0.1165)
(0.1958)
A1(-2.4477)
(7.9467)
(0.6706)
A2(-0.0144)
(13.1537)
(4.9560)
A3(-7.8913)
(9.9742)
(-2.9161)
A4(-2.0446)
(8.1594)
(-6.9288)
G1(1.9023)
(-0.0596)
(0.1740)
G2(-0.3821)
(0.0500)
(0.0016)
G3(-0.3868)
(0.5326)
(-0.1926)
G4(0.0708)
(-0.0250)
(0.4395)
A1(-6.3612)
(9.3789)
(3.6308)
A2(2.1979)
(10.1370)
(-2.6336)
A3(-7.8099)
(11.7076)
(1.7573)
A4(0.4453)
(7.8769)
(-5.6072)
G1(1.6714)
(2.3386)
(-0.0676)
G2(0.4363)
(1.1334)
(0.0968)
G3(-0.2150)
(1.0946)
(-0.5326)
G4(0.0740)
(-0.1101)
(0.3842)
