A1(1.7053)
(7.1898)
(6.0881)
A2(1.0151)
(10.0604)
(-1.5706)
A3(-0.7661)
(10.1897)
(-1.0008)
A4(-0.4405)
(9.8450)
(-3.5865)
G1(-0.8030)
(-0.1820)
(-0.1250)
G2(-0.0271)
(-0.1697)
(-0.0085)
G3(0.5353)
(-0.9535)
(0.3028)
G4(-0.0016)
(-0.1022)
(0.0341)
A1(-0.3114)
(6.9599)
(6.4474)
A2(1.0487)
(9.8545)
(-0.6991)
A3(-1.8004)
(8.6479)
(-1.3264)
A4(0.5459)
(9.6055)
(-2.4565)
G1(0.0607)
(-0.5183)
(-0.1958)
G2(0.3650)
(-0.6949)
(0.0553)
G3(0.8386)
(0.1713)
(0.0458)
G4(0.2160)
(-0.1213)
(-0.0197)
A1(1.5280)
(6.8881)
(8.1910)
A2(-1.0870)
(9.7300)
(2.0638)
A3(2.8491)
(6.8283)
(-2.1308)
A4(-0.5986)
(9.9886)
(-1.9728)
G1(0.0548)
(-1.4431)
(0.2810)
G2(0.2336)
(-0.4443)
(0.0697)
G3(0.2368)
(-0.9355)
(1.4266)
G4(0.8423)
(-0.5651)
(0.1564)
A1(-3.8320)
(7.3527)
(4.8044)
A2(0.2346)
(9.3565)
(0.8859)
A3(2.1308)
(6.3207)
(-3.0933)
A4(1.2594)
(11.5401)
(0.8380)
G1(2.7462)
(-1.8874)
(0.2315)
G2(0.3161)
(-0.3177)
(0.0660)
G3(-0.0293)
(-1.4191)
(1.9066)
G4(1.4229)
(-0.4869)
(0.0990)
A1(1.2167)
(10.1166)
(5.7289)
A2(-0.5602)
(9.4379)
(1.3024)
A3(0.8428)
(4.9081)
(-1.2402)
A4(5.5929)
(25.3690)
(9.6630)
G1(0.0756)
(-0.1650)
(-0.8721)
G2(0.3038)
(-0.8892)
(0.0761)
G3(-0.1288)
(-0.0697)
(1.3585)
G4(3.2773)
(-1.4926)
(0.4933)
A1(2.2753)
(6.6246)
(1.5999)
A2(-1.9249)
(7.8721)
(2.4469)
A3(6.0286)
(2.5570)
(-10.9080)
A4(-4.1803)
(4.7501)
(-21.7872)
G1(0.4965)
(-1.2148)
(-1.2797)
G2(-0.5917)
(-0.7657)
(0.1580)
G3(1.4750)
(1.2483)
(-0.5098)
G4(-0.3427)
(3.2374)
(2.2322)
A1(6.7540)
(11.1895)
(3.1950)
A2(0.5219)
(13.7188)
(5.5450)
A3(-1.7717)
(9.7588)
(-9.1219)
A4(1.8579)
(23.1615)
(-22.6922)
G1(0.4156)
(-4.1845)
(0.3427)
G2(-1.7224)
(-3.0394)
(0.7875)
G3(-0.6231)
(-0.9339)
(0.9716)
G4(-3.8674)
(1.8858)
(2.7276)
A1(0.7041)
(6.3708)
(4.9625)
A2(10.4914)
(-1.5706)
(10.4722)
A3(7.3215)
(10.4435)
(-0.6321)
A4(-8.6814)
(-4.3574)
(-13.7858)
G1(-1.0781)
(-0.9892)
(0.2331)
G2(-6.1895)
(-4.4357)
(2.5015)
G3(0.0064)
(0.3932)
(-0.0506)
G4(-11.1275)
(0.4198)
(1.1031)
A1(-0.6514)
(6.4330)
(-1.6095)
A2(3.8834)
(12.0811)
(5.2337)
A3(-0.8906)
(16.0699)
(-2.5618)
A4(9.9120)
(30.9953)
(5.9424)
G1(-1.6043)
(-2.2599)
(-0.2927)
G2(-7.3474)
(-3.1794)
(2.5275)
G3(0.6768)
(-0.7604)
(0.1117)
G4(-11.0435)
(-3.6013)
(6.6839)
A1(10.6914)
(4.3733)
(8.6029)
A2(13.2495)
(19.3021)
(13.2543)
A3(4.0031)
(2.3703)
(-7.3694)
A4(2.9592)
(25.9053)
(-7.2880)
G1(-0.5704)
(-3.1937)
(-1.2169)
G2(-7.1729)
(-1.5320)
(4.1265)
G3(0.0750)
(-2.3174)
(1.0786)
G4(-5.6218)
(2.3945)
(3.9552)
A1(-10.7153)
(5.3361)
(1.6909)
A2(0.9002)
(8.4372)
(7.1587)
A3(0.7470)
(6.4643)
(-2.5235)
A4(-1.0726)
(9.1650)
(-15.3851)
G1(-2.0279)
(-1.6501)
(0.3932)
G2(-4.4575)
(1.4974)
(2.0460)
G3(0.2341)
(-1.6581)
(0.4890)
G4(-4.5549)
(0.5236)
(3.2235)
A1(-5.3361)
(6.5384)
(-4.3398)
A2(0.9529)
(-5.2816)
(7.3167)
A3(2.7629)
(8.5473)
(-3.4907)
A4(-13.5991)
(0.0335)
(-12.6701)
G1(-0.7668)
(-2.3253)
(-1.5937)
G2(-4.0872)
(0.2400)
(2.0678)
G3(0.4667)
(-2.0641)
(0.9025)
G4(-4.3963)
(1.4011)
(1.8150)
A1(-2.8213)
(12.0901)
(-0.5892)
A2(-4.0510)
(5.9807)
(5.5545)
A3(-0.0239)
(1.0295)
(-11.4347)
A4(-6.8761)
(-2.7294)
(-11.6023)
G1(0.3900)
(0.5342)
(0.6699)
G2(-5.2073)
(1.5639)
(0.4459)
G3(0.6768)
(-0.4954)
(0.0043)
G4(1.1632)
(0.5672)
(-3.3374)
A1(1.3508)
(10.1788)
(2.0789)
A2(2.7916)
(3.6296)
(1.3216)
A3(5.9185)
(6.2345)
(-5.1475)
A4(0.3735)
(5.4253)
(-5.0087)
G1(1.3053)
(1.1424)
(-0.9259)
G2(-2.4472)
(0.8934)
(-0.1027)
G3(2.0140)
(0.4959)
(-0.1213)
G4(3.3284)
(-0.8727)
(-4.4745)
A1(3.3866)
(10.1693)
(5.3313)
A2(-1.7286)
(-1.4557)
(4.7453)
A3(1.0439)
(-1.0774)
(-9.5529)
A4(2.6719)
(7.3694)
(-3.3040)
G1(0.3778)
(1.3643)
(-0.7013)
G2(-1.1483)
(1.6453)
(-1.3744)
G3(-0.0905)
(-0.8205)
(0.9700)
G4(3.8578)
(-1.1483)
(-5.0849)
A1(3.6644)
(12.5451)
(3.1566)
A2(3.7685)
(-0.8811)
(6.2872)
A3(5.7078)
(1.0487)
(-7.0246)
A4(7.7716)
(13.3213)
(3.5386)
G1(0.9434)
(-0.1490)
(-0.1192)
G2(3.0298)
(1.3244)
(-2.6680)
G3(-0.5098)
(-0.2810)
(0.3246)
G4(5.0354)
(-4.4293)
(-3.9275)
A1(-0.0431)
(0.0383)
(4.4835)
A2(4.1659)
(-0.3017)
(8.0014)
A3(2.9066)
(7.2784)
(-5.4396)
A4(4.4245)
(10.2951)
(-5.8323)
G1(-3.3092)
(0.6396)
(-0.2820)
G2(4.0542)
(0.4667)
(-2.8702)
G3(-0.6258)
(0.7146)
(-0.4363)
G4(4.3830)
(-2.9979)
(-2.7521)
A1(1.5137)
(17.7854)
(4.0955)
A2(6.6702)
(-4.1946)
(11.4203)
A3(-7.1587)
(35.2618)
(-5.1523)
A4(8.2935)
(15.9933)
(-10.2376)
G1(2.0401)
(-0.9062)
(-0.2549)
G2(3.8259)
(-1.6432)
(-2.7340)
G3(-0.7684)
(1.0546)
(0.4337)
G4(3.3869)
(-2.1300)
(-2.1875)
A1(2.7974)
(11.1225)
(2.5339)
A2(3.7972)
(4.4197)
(5.3774)
A3(-3.2513)
(12.9431)
(-6.7660)
A4(3.6248)
(17.6309)
(3.7302)
G1(1.0914)
(1.6863)
(0.1325)
G2(2.3445)
(0.2065)
(-5.1897)
G3(0.1985)
(-0.6981)
(0.2767)
G4(6.6626)
(-2.3918)
(-1.8555)
A1(1.8011)
(10.9883)
(2.2226)
A2(6.3351)
(8.8059)
(9.6965)
A3(6.0238)
(5.7844)
(-5.6264)
A4(22.1847)
(35.2953)
(17.6453)
G1(1.2930)
(1.3691)
(-0.3432)
G2(2.9389)
(-0.8854)
(-4.2223)
G3(0.0037)
(0.8535)
(-0.3145)
G4(-0.3028)
(-3.6083)
(0.4816)
