A1(-0.0958)
(7.2761)
(4.9194)
A2(-0.3017)
(9.7013)
(-0.4597)
A3(-1.6376)
(8.7436)
(-1.9345)
A4(0.7374)
(9.3565)
(-4.8554)
G1(-0.8014)
(-0.5199)
(-0.2341)
G2(-0.0346)
(-0.2921)
(-0.1692)
G3(0.6087)
(-0.8828)
(0.3049)
G4(-0.1171)
(-0.7205)
(0.1261)
A1(1.2023)
(6.5145)
(6.2941)
A2(0.2394)
(10.0892)
(-0.7566)
A3(0.9912)
(6.8714)
(-2.8252)
A4(0.9625)
(9.8402)
(-1.6520)
G1(0.3139)
(-0.8062)
(-0.2900)
G2(0.0889)
(-0.8344)
(-0.0388)
G3(0.4699)
(-0.1889)
(0.4778)
G4(0.2043)
(-1.2404)
(0.1995)
A1(-1.0778)
(6.9887)
(6.8545)
A2(-0.2634)
(9.4523)
(0.9960)
A3(3.5051)
(5.8754)
(-2.8347)
A4(0.1484)
(11.3006)
(0.6608)
G1(1.6480)
(-1.9816)
(0.3693)
G2(1.0472)
(-1.2201)
(0.2682)
G3(0.0873)
(-1.1749)
(1.8055)
G4(1.2872)
(-0.6252)
(0.0921)
A1(0.2156)
(11.3284)
(15.0647)
A2(-0.8763)
(8.9783)
(0.3352)
A3(1.2881)
(5.6360)
(-3.1891)
A4(2.7725)
(18.8472)
(6.9240)
G1(0.7375)
(-1.6772)
(-0.6577)
G2(0.5773)
(-1.3782)
(0.1671)
G3(-0.1772)
(-0.7583)
(1.7922)
G4(2.5595)
(-1.2925)
(0.2277)
A1(5.6858)
(11.6733)
(3.3530)
A2(-1.2019)
(8.9878)
(2.0303)
A3(-5.9759)
(10.0126)
(4.0366)
A4(-1.4461)
(36.4924)
(15.2798)
G1(1.9108)
(-5.5648)
(0.8147)
G2(0.2884)
(-1.1531)
(0.2645)
G3(0.6896)
(-0.2219)
(-0.2975)
G4(4.0084)
(-3.0878)
(1.0664)
A1(-3.2524)
(3.6644)
(0.2299)
A2(-4.0558)
(8.5281)
(1.8579)
A3(4.7980)
(-4.4293)
(-4.6591)
A4(3.5674)
(11.4970)
(-21.4808)
G1(-0.0761)
(-2.5419)
(-1.0786)
G2(-0.1043)
(-0.9418)
(0.3746)
G3(-0.8961)
(3.0756)
(-1.4995)
G4(2.0295)
(2.0933)
(2.5563)
A1(1.7436)
(7.5731)
(6.3755)
A2(7.3071)
(6.0525)
(8.4611)
A3(-5.2960)
(11.5544)
(0.0431)
A4(-15.5144)
(-1.3360)
(-31.4119)
G1(-0.2187)
(0.4566)
(0.4864)
G2(-4.9002)
(-5.9985)
(1.4644)
G3(-0.5981)
(-3.9914)
(1.1659)
G4(-9.2433)
(4.7635)
(0.0899)
A1(1.9064)
(9.3310)
(3.3195)
A2(-5.5689)
(13.1394)
(21.8160)
A3(7.5465)
(15.5384)
(4.6639)
A4(11.0995)
(12.0620)
(-11.8082)
G1(-1.0504)
(1.1494)
(1.4340)
G2(-8.1504)
(-2.4328)
(3.2682)
G3(0.2629)
(-0.1282)
(-0.2953)
G4(-10.8977)
(1.7597)
(1.7044)
A1(3.2093)
(9.1154)
(-1.2789)
A2(8.6526)
(12.3972)
(1.3216)
A3(-3.0646)
(17.0802)
(0.3639)
A4(6.0908)
(9.0884)
(0.5698)
G1(-0.6721)
(-2.9857)
(0.1394)
G2(-5.8038)
(-0.7508)
(4.1457)
G3(1.6421)
(1.7911)
(-0.5475)
G4(-12.4961)
(-2.0311)
(8.5314)
A1(5.2307)
(7.7024)
(5.7576)
A2(13.1154)
(21.0355)
(18.4066)
A3(1.8052)
(2.8730)
(-10.1993)
A4(6.5601)
(18.0140)
(10.3142)
G1(-1.6166)
(-3.8951)
(-0.6008)
G2(-9.4418)
(-1.5937)
(5.6106)
G3(0.6822)
(-1.6522)
(1.3649)
G4(-12.6941)
(0.9078)
(10.7657)
A1(-11.2805)
(7.2904)
(-2.6633)
A2(-0.3591)
(-2.7485)
(5.7604)
A3(4.7501)
(4.5921)
(-5.6551)
A4(-24.2437)
(-4.5346)
(-17.9661)
G1(-0.5156)
(-1.1451)
(-1.0062)
G2(-3.5002)
(1.4026)
(2.0917)
G3(0.5161)
(-1.7767)
(1.0179)
G4(-3.0708)
(-0.2841)
(1.5453)
A1(-0.6898)
(9.7429)
(0.5700)
A2(4.4484)
(-16.1752)
(13.6469)
A3(3.7158)
(5.3151)
(-10.2089)
A4(0.6129)
(0.5411)
(-7.5609)
G1(0.4209)
(0.8982)
(-0.4773)
G2(-3.7535)
(-0.6715)
(3.3560)
G3(0.4848)
(-2.9314)
(0.7689)
G4(-0.4087)
(5.1306)
(-4.0036)
A1(-0.8191)
(10.8638)
(3.0273)
A2(9.3757)
(3.6679)
(13.8768)
A3(1.3982)
(-2.2697)
(-9.3039)
A4(-7.2880)
(-4.5633)
(-12.5408)
G1(0.0564)
(-0.4534)
(-0.1352)
G2(-9.2396)
(0.5087)
(0.4448)
G3(0.3086)
(-0.1894)
(0.1862)
G4(1.8294)
(-1.4191)
(-3.1150)
A1(2.9315)
(6.9312)
(1.4993)
A2(1.4748)
(7.3071)
(-3.3040)
A3(2.6528)
(4.0366)
(-9.6343)
A4(0.7757)
(8.4755)
(-3.2178)
G1(0.3480)
(0.6513)
(-1.0882)
G2(-1.0036)
(1.5059)
(-0.6369)
G3(0.5875)
(-0.1128)
(0.2107)
G4(3.4555)
(-1.7932)
(-4.2814)
A1(6.8114)
(8.4305)
(6.8641)
A2(4.0749)
(0.8619)
(4.2473)
A3(1.1492)
(-1.1540)
(-5.7365)
A4(8.9926)
(12.4546)
(1.4078)
G1(0.1000)
(0.4885)
(-0.3288)
G2(2.3221)
(2.0018)
(-2.4014)
G3(-0.5731)
(-0.0676)
(0.4097)
G4(3.8397)
(-3.8434)
(-3.2432)
A1(4.1003)
(9.4028)
(0.8239)
A2(5.4061)
(-1.0534)
(6.3111)
A3(6.7708)
(17.2287)
(-10.8697)
A4(9.9742)
(17.6309)
(3.1173)
G1(-0.0431)
(-1.4064)
(-0.4794)
G2(4.1899)
(0.3991)
(-2.8644)
G3(-0.5087)
(-0.8631)
(1.1488)
G4(3.1538)
(-4.0355)
(-3.4635)
A1(5.2786)
(10.2698)
(5.4223)
A2(2.5331)
(-2.0111)
(8.2839)
A3(0.5650)
(7.1682)
(-2.0830)
A4(9.6678)
(11.7603)
(-1.9058)
G1(-0.3650)
(-1.4229)
(-0.3342)
G2(3.9541)
(0.3166)
(-3.0618)
G3(-0.4656)
(0.3688)
(-0.2033)
G4(2.7063)
(-3.3177)
(-4.0568)
A1(-2.7016)
(7.8844)
(1.0921)
A2(11.5401)
(0.1245)
(11.5161)
A3(2.6719)
(9.2751)
(-5.2385)
A4(13.1873)
(23.9420)
(-4.2808)
G1(-0.6077)
(-2.0077)
(-0.9088)
G2(4.7523)
(-1.2707)
(-3.5098)
G3(-0.1330)
(-0.2889)
(0.7168)
G4(1.6825)
(-2.0609)
(-3.1607)
A1(2.2753)
(11.1368)
(0.8239)
A2(-1.7382)
(4.0845)
(8.4420)
A3(2.9640)
(9.3230)
(-5.1619)
A4(14.1162)
(18.2678)
(2.7438)
G1(0.4470)
(0.1059)
(-0.1559)
G2(2.3913)
(-1.5926)
(-4.6853)
G3(0.1687)
(-0.9637)
(0.5518)
G4(-0.3900)
(-2.6127)
(-1.2893)
A1(-0.3401)
(10.3561)
(2.9650)
A2(4.9464)
(12.5839)
(8.6766)
A3(3.1939)
(6.6655)
(-4.7836)
A4(19.2877)
(8.3701)
(2.5762)
G1(1.2861)
(1.7953)
(-0.3544)
G2(2.6840)
(3.0261)
(-3.4880)
G3(0.2458)
(-0.4198)
(0.1176)
G4(-1.5107)
(2.8601)
(-0.3182)
