A1(1.6957)
(8.2005)
(-1.5951)
A2(4.6017)
(8.0493)
(5.8466)
A3(1.4509)
(7.3071)
(-8.2456)
A4(-4.4915)
(5.6024)
(-4.0510)
G1(1.1190)
(1.5511)
(-0.6529)
G2(-0.9243)
(1.0068)
(0.7178)
G3(-0.1187)
(1.0366)
(-0.6572)
G4(0.7998)
(3.1687)
(-3.3236)
A1(2.3950)
(11.6685)
(-0.1198)
A2(6.6224)
(6.1244)
(7.5417)
A3(-1.0391)
(8.7436)
(-6.1004)
A4(3.8882)
(3.7589)
(-1.8531)
G1(1.8704)
(1.3031)
(-1.0733)
G2(-1.2787)
(3.5050)
(1.3420)
G3(-0.1650)
(0.8381)
(-0.7795)
G4(0.1926)
(3.5417)
(-3.1937)
A1(-2.2465)
(5.1062)
(14.2504)
A2(0.9960)
(4.7501)
(7.3023)
A3(-2.7342)
(13.5177)
(1.0630)
A4(-5.0326)
(1.0247)
(-10.3621)
G1(-3.4800)
(4.0781)
(-0.5263)
G2(0.4289)
(0.7577)
(0.4443)
G3(0.7402)
(1.7597)
(-1.8087)
G4(-0.1309)
(-3.6482)
(0.1187)
A1(1.1448)
(31.8202)
(1.4179)
A2(5.6743)
(6.9863)
(11.1905)
A3(5.9041)
(21.3659)
(11.3294)
A4(7.5992)
(13.8193)
(-11.4012)
G1(-8.0056)
(1.9215)
(-0.6508)
G2(1.1196)
(3.2374)
(-0.4347)
G3(2.4264)
(2.3801)
(-2.2152)
G4(-0.4220)
(1.6086)
(-1.2920)
A1(-5.1206)
(21.4258)
(6.9360)
A2(2.4900)
(3.2561)
(8.8250)
A3(-6.0430)
(37.0575)
(7.8482)
A4(-11.3102)
(6.2058)
(-10.0221)
G1(-9.1236)
(2.5696)
(-5.5249)
G2(0.7476)
(-0.7162)
(-0.6572)
G3(5.1136)
(3.4843)
(-3.1895)
G4(-0.9158)
(2.3950)
(-0.8189)
A1(3.7171)
(13.5606)
(-9.8579)
A2(0.3352)
(16.0124)
(3.3040)
A3(32.5947)
(-1.5323)
(-34.4957)
A4(2.7007)
(7.8673)
(-6.1387)
G1(-6.3710)
(0.0639)
(-1.9890)
G2(2.2961)
(6.4465)
(1.4894)
G3(-8.8240)
(-1.7464)
(2.4041)
G4(0.2288)
(0.4741)
(-0.7529)
A1(5.8343)
(-5.6043)
(8.4544)
A2(4.8650)
(9.0070)
(0.3831)
A3(-30.7942)
(12.3254)
(-19.2111)
A4(5.1380)
(7.5848)
(0.0910)
G1(-4.5432)
(0.4842)
(-2.4711)
G2(1.6309)
(3.9525)
(-0.4401)
G3(-14.3798)
(-6.9489)
(3.7854)
G4(0.5321)
(2.6068)
(-1.3000)
A1(13.4121)
(19.0644)
(14.1402)
A2(0.0431)
(11.0133)
(1.8914)
A3(-3.8211)
(35.1756)
(27.3945)
A4(-9.9072)
(18.9333)
(-3.2034)
G1(-9.2008)
(-0.3395)
(0.3395)
G2(0.2708)
(3.9525)
(-0.1884)
G3(-17.4363)
(0.4544)
(-2.9208)
G4(1.1260)
(1.1275)
(0.1394)
A1(-7.6257)
(3.9614)
(-0.7281)
A2(2.5618)
(1.3886)
(4.6017)
A3(8.9591)
(32.6186)
(-3.3040)
A4(-2.5762)
(5.1284)
(-7.3933)
G1(-2.2311)
(0.1298)
(1.0174)
G2(-0.4401)
(2.6175)
(-0.0255)
G3(-7.8678)
(-2.1652)
(-0.2852)
G4(0.7290)
(-0.1969)
(0.6369)
A1(6.1935)
(-8.2963)
(0.6754)
A2(-14.4370)
(8.2887)
(0.8092)
A3(-2.8491)
(0.3352)
(-41.4388)
A4(6.3303)
(-0.8667)
(-12.1194)
G1(-0.2905)
(-0.5475)
(2.4956)
G2(-0.0080)
(2.8617)
(1.7017)
G3(-3.7285)
(2.8383)
(-0.4768)
G4(0.5087)
(-0.8152)
(0.8301)
A1(-8.7945)
(-0.2682)
(7.5252)
A2(23.3243)
(6.7852)
(-4.5825)
A3(1.9872)
(-5.8083)
(-17.5591)
A4(23.3052)
(30.6123)
(-4.9321)
G1(4.5474)
(-0.1740)
(3.3768)
G2(-0.3459)
(-0.8423)
(-1.1339)
G3(3.3332)
(2.7500)
(0.8897)
G4(-0.4933)
(1.3500)
(1.1009)
A1(-6.0019)
(-3.1854)
(8.7131)
A2(0.7949)
(9.7636)
(2.4469)
A3(5.7940)
(2.6624)
(-10.7117)
A4(-11.1187)
(-10.0604)
(-6.5362)
G1(5.0093)
(2.1572)
(2.9867)
G2(0.6018)
(-1.2866)
(0.6784)
G3(4.2670)
(0.0937)
(2.7861)
G4(0.5811)
(-2.8447)
(0.0830)
A1(-8.8664)
(-3.6069)
(10.5956)
A2(6.7133)
(11.6262)
(-1.0774)
A3(-3.4668)
(13.5799)
(1.1875)
A4(4.2425)
(11.8465)
(-10.7069)
G1(3.8530)
(2.0965)
(3.7833)
G2(0.8375)
(0.3672)
(-1.0238)
G3(6.5338)
(0.4363)
(3.3486)
G4(0.1197)
(2.0619)
(-0.9594)
A1(-7.3479)
(10.7776)
(10.6147)
A2(-6.9480)
(5.8849)
(0.0335)
A3(-5.8323)
(18.3300)
(7.3119)
A4(-2.4229)
(6.6846)
(-6.6128)
G1(3.3550)
(-2.0651)
(4.0643)
G2(0.1357)
(-1.0578)
(0.5412)
G3(7.4033)
(3.4843)
(1.9151)
G4(-0.1612)
(1.1536)
(-0.6497)
A1(-9.1825)
(7.9946)
(9.7334)
A2(2.7821)
(12.4068)
(7.2353)
A3(-1.9441)
(14.2647)
(-1.8292)
A4(-2.2553)
(8.0876)
(-4.8890)
G1(2.6941)
(-0.9972)
(2.4711)
G2(-0.2964)
(0.7476)
(0.9711)
G3(3.9797)
(1.8837)
(2.2168)
G4(-0.0862)
(-0.0463)
(0.1362)
A1(-9.6615)
(8.5358)
(4.0859)
A2(0.1724)
(11.0325)
(2.5618)
A3(-5.6743)
(19.4313)
(3.2609)
A4(-2.2458)
(7.3215)
(-8.5808)
G1(2.0343)
(-0.0527)
(0.6188)
G2(0.6247)
(0.9993)
(0.6348)
G3(0.6093)
(1.4191)
(1.0163)
G4(-0.0883)
(0.4230)
(0.0623)
A1(-2.9890)
(9.1538)
(5.9444)
A2(0.8332)
(8.6335)
(3.8882)
A3(-8.4467)
(15.5719)
(3.5434)
A4(1.3120)
(5.9711)
(-6.3446)
G1(1.1999)
(-0.2804)
(0.4837)
G2(0.9222)
(-0.5933)
(-0.0458)
G3(0.5545)
(0.5928)
(0.6407)
G4(-0.1107)
(0.5188)
(0.1570)
A1(-4.1242)
(8.2437)
(3.7123)
A2(-1.0965)
(9.5912)
(0.7853)
A3(-4.8794)
(13.2639)
(-0.4262)
A4(-1.3455)
(8.1738)
(-7.5753)
G1(0.3427)
(0.2400)
(0.2512)
G2(0.5353)
(-0.2453)
(0.0431)
G3(-0.1016)
(-0.2389)
(0.7455)
G4(-0.1889)
(0.6061)
(-0.0016)
A1(-3.9087)
(7.1659)
(1.9543)
A2(1.4222)
(7.3071)
(-0.2394)
A3(-3.9313)
(9.3613)
(-1.0822)
A4(-0.7853)
(7.2927)
(-7.1012)
G1(0.6838)
(0.6103)
(-0.0660)
G2(0.7795)
(-0.1884)
(0.0676)
G3(-0.3278)
(0.0830)
(-0.1809)
G4(-0.0921)
(0.3751)
(0.0037)
A1(-3.6308)
(7.8844)
(4.1482)
A2(-0.5698)
(12.2296)
(1.9920)
A3(-5.4923)
(8.8538)
(0.4166)
A4(1.1636)
(8.4563)
(-5.2768)
G1(0.9913)
(0.8402)
(-0.0569)
G2(0.6960)
(-0.0394)
(0.4103)
G3(-0.2724)
(0.6582)
(-0.5263)
G4(-0.0074)
(0.1575)
(0.1133)
