A1(-0.4311)
(7.8557)
(5.2164)
A2(1.2115)
(9.5002)
(-1.1349)
A3(-2.7964)
(10.7548)
(-0.9625)
A4(0.3496)
(9.2799)
(-3.5721)
G1(-1.7714)
(-0.8083)
(-0.3453)
G2(0.1926)
(0.0255)
(0.0309)
G3(0.6779)
(-0.9243)
(0.5784)
G4(0.0873)
(-0.5098)
(0.1352)
A1(-0.7712)
(6.8785)
(8.0664)
A2(0.4788)
(9.4571)
(-0.7183)
A3(0.8715)
(7.6040)
(-0.8523)
A4(-0.1053)
(10.2328)
(-2.2649)
G1(0.0591)
(-0.9168)
(0.2283)
G2(0.3352)
(-0.8764)
(0.0841)
G3(0.6870)
(-0.8136)
(0.7583)
G4(0.6588)
(-0.5183)
(0.2410)
A1(-1.7005)
(6.6821)
(7.0749)
A2(-0.8715)
(9.4858)
(-0.4118)
A3(3.1891)
(5.9903)
(-3.6631)
A4(-0.2394)
(10.5393)
(-0.3735)
G1(0.7827)
(-1.7725)
(-0.0410)
G2(0.3294)
(-0.9003)
(0.1298)
G3(0.5513)
(-1.0014)
(1.4186)
G4(1.1738)
(-0.3118)
(0.1889)
A1(13.5127)
(20.1421)
(-6.1360)
A2(-2.0925)
(9.2847)
(0.7518)
A3(-3.2609)
(10.8122)
(1.1875)
A4(3.6679)
(26.4703)
(12.3684)
G1(2.7814)
(-1.8454)
(-0.7146)
G2(-0.0250)
(-0.8184)
(0.2559)
G3(0.3379)
(0.2815)
(1.8097)
G4(3.6450)
(-2.8558)
(2.3243)
A1(5.6331)
(12.6074)
(0.2395)
A2(0.2107)
(10.7117)
(3.4429)
A3(9.7827)
(11.3677)
(-14.7866)
A4(4.2665)
(10.3238)
(-25.3163)
G1(0.3565)
(-1.1212)
(0.0122)
G2(-1.2547)
(-1.7331)
(0.6449)
G3(-0.5704)
(-2.7372)
(1.9805)
G4(-2.6552)
(1.5586)
(2.9128)
A1(6.0833)
(5.9684)
(7.4389)
A2(4.1276)
(11.0181)
(6.5410)
A3(-6.8618)
(8.0158)
(-5.3726)
A4(-13.7858)
(22.9460)
(-32.0057)
G1(-0.7753)
(-1.5293)
(0.3400)
G2(-3.2108)
(-3.9664)
(1.0924)
G3(-1.3180)
(-2.7319)
(0.6188)
G4(-7.1920)
(2.1370)
(0.7423)
A1(-1.4035)
(8.5071)
(4.3781)
A2(-3.8307)
(37.4357)
(10.0652)
A3(-3.3662)
(20.6811)
(5.8179)
A4(11.9327)
(3.9456)
(-6.1004)
G1(-0.2325)
(-2.2535)
(-0.1437)
G2(-9.1013)
(-4.7294)
(1.1792)
G3(0.9674)
(0.0867)
(-0.1000)
G4(-14.5150)
(-3.0235)
(5.2440)
A1(7.4581)
(6.5671)
(3.2045)
A2(19.5415)
(8.8394)
(14.1928)
A3(1.4557)
(3.7110)
(-6.2058)
A4(4.8171)
(28.4288)
(23.1759)
G1(-0.1501)
(-0.8375)
(-0.5582)
G2(-7.1771)
(-2.2769)
(4.4969)
G3(0.5518)
(-1.5458)
(1.1792)
G4(-10.1671)
(2.8431)
(8.9693)
A1(-16.7220)
(8.6843)
(-2.0645)
A2(-1.7861)
(1.8866)
(2.8156)
A3(2.2314)
(12.1578)
(-2.7821)
A4(-3.9792)
(4.9177)
(-23.7026)
G1(-1.8587)
(-3.7221)
(-0.5449)
G2(-4.6320)
(-1.1275)
(2.5057)
G3(0.9067)
(-0.7806)
(-0.1171)
G4(-2.6787)
(0.0862)
(2.8569)
A1(3.5590)
(11.0267)
(-3.8799)
A2(5.9616)
(-0.3879)
(16.1992)
A3(0.6704)
(-0.6273)
(-9.7013)
A4(6.0430)
(-2.1739)
(-10.9511)
G1(-0.2719)
(-1.5240)
(0.8881)
G2(-4.6847)
(1.6804)
(0.7726)
G3(-0.1187)
(-2.4594)
(0.9562)
G4(1.7379)
(1.5793)
(-3.2033)
A1(-1.0490)
(8.2820)
(-0.1677)
A2(7.3071)
(13.0963)
(-7.7859)
A3(6.1004)
(4.7022)
(-6.1962)
A4(-3.6440)
(1.9728)
(-4.1851)
G1(0.4448)
(0.9408)
(-0.8088)
G2(-3.4300)
(1.7379)
(0.6220)
G3(1.1510)
(1.3117)
(-1.2180)
G4(3.4752)
(-2.5222)
(-3.6577)
A1(7.6257)
(11.7069)
(6.8545)
A2(4.3239)
(-1.1444)
(4.0701)
A3(-6.7516)
(9.7109)
(-8.7101)
A4(8.7867)
(11.6167)
(1.5658)
G1(0.3171)
(-0.0676)
(-0.0410)
G2(0.4768)
(1.8682)
(-1.7698)
G3(0.6220)
(1.3473)
(0.0431)
G4(4.1574)
(-1.6410)
(-3.7732)
A1(3.6069)
(9.9250)
(4.2152)
A2(-0.4788)
(-1.1779)
(6.5266)
A3(0.0718)
(14.9925)
(-8.6383)
A4(9.6391)
(14.3652)
(0.4645)
G1(-0.5965)
(-0.4560)
(-0.4608)
G2(3.9722)
(0.3038)
(-2.9357)
G3(-0.4821)
(-0.2214)
(0.6013)
G4(3.3002)
(-3.5194)
(-3.3449)
A1(-4.4164)
(12.0086)
(3.1375)
A2(8.8921)
(-5.0805)
(12.0093)
A3(-0.0048)
(15.3899)
(-3.9648)
A4(14.0588)
(16.6636)
(-2.6959)
G1(0.1123)
(-1.3723)
(-0.2240)
G2(3.9052)
(0.1107)
(-2.6813)
G3(-0.3938)
(0.4965)
(-0.1048)
G4(2.2471)
(-2.6308)
(-3.1107)
A1(3.4584)
(11.7883)
(4.1865)
A2(11.0229)
(-1.1349)
(10.1418)
A3(2.5139)
(8.5377)
(-5.7413)
A4(11.9088)
(14.3796)
(-0.0383)
G1(0.4108)
(0.5901)
(-0.1123)
G2(2.8096)
(-2.1476)
(-3.9600)
G3(-0.2011)
(-0.7897)
(0.3730)
G4(0.9280)
(-0.9817)
(-1.9151)
A1(0.6323)
(8.8999)
(-0.4838)
A2(1.0630)
(4.9895)
(7.7907)
A3(2.6528)
(9.1315)
(-3.9935)
A4(8.3270)
(10.5249)
(-1.7957)
G1(0.7061)
(0.5023)
(-0.7700)
G2(2.2711)
(-0.6066)
(-4.0111)
G3(-0.0037)
(-0.0474)
(-0.0138)
G4(-0.2932)
(0.6694)
(-0.9770)
A1(2.8788)
(8.4257)
(0.8383)
A2(7.4172)
(7.9248)
(5.4684)
A3(2.0207)
(6.5984)
(-5.6264)
A4(5.8610)
(9.4523)
(-0.2586)
G1(0.3294)
(-0.0782)
(-0.5279)
G2(1.8773)
(1.4229)
(-1.6357)
G3(-0.1235)
(-0.1256)
(-0.1054)
G4(-0.2347)
(-0.6050)
(0.1192)
A1(1.8442)
(8.5502)
(1.6861)
A2(4.6160)
(6.4596)
(7.0485)
A3(3.3950)
(7.9057)
(-3.4812)
A4(4.2329)
(8.1163)
(-0.7135)
G1(0.4566)
(0.4544)
(-0.1841)
G2(1.4064)
(-0.5459)
(-0.6683)
G3(-0.1197)
(-0.1086)
(-0.2613)
G4(-0.4028)
(0.7231)
(0.1437)
A1(1.6382)
(9.2400)
(1.4801)
A2(2.5666)
(7.5609)
(6.3207)
A3(1.7190)
(8.0732)
(-3.7589)
A4(6.0956)
(7.6614)
(-0.7901)
G1(0.4103)
(0.7513)
(-0.3257)
G2(1.0600)
(0.1921)
(-0.3730)
G3(-0.0325)
(-0.1245)
(-0.1963)
G4(-0.3246)
(0.0963)
(0.1155)
A1(-0.1485)
(10.8878)
(0.4167)
A2(5.7844)
(7.0485)
(4.9895)
A3(1.5083)
(8.1977)
(-5.2577)
A4(4.1037)
(8.8825)
(-0.9146)
G1(1.3234)
(0.9764)
(-0.3171)
G2(0.8397)
(0.4331)
(0.0239)
G3(0.1995)
(0.1027)
(-0.3060)
G4(0.0122)
(0.2458)
(-0.2410)
