A1(0.5173)
(9.7669)
(-1.9352)
A2(3.0023)
(7.9152)
(3.6823)
A3(-0.1867)
(6.8043)
(-6.5793)
A4(7.9631)
(9.8306)
(-3.1651)
G1(0.8838)
(1.9928)
(-0.2613)
G2(-0.1240)
(0.3815)
(0.1453)
G3(-0.0867)
(-0.3320)
(0.1724)
G4(0.3310)
(2.2796)
(-1.7033)
A1(3.9709)
(8.6269)
(-1.7819)
A2(3.4189)
(8.5665)
(4.4484)
A3(0.7470)
(8.5329)
(-4.1803)
A4(-2.9353)
(7.1778)
(-3.4860)
G1(-0.0170)
(1.2600)
(-0.2144)
G2(-0.3586)
(1.1903)
(0.7849)
G3(-0.1729)
(1.1611)
(-0.3182)
G4(0.8269)
(1.5729)
(-1.5059)
A1(0.5077)
(9.4747)
(-1.6957)
A2(6.4787)
(6.1483)
(7.0533)
A3(1.3503)
(8.8394)
(-3.5147)
A4(-3.3567)
(6.1435)
(-2.4373)
G1(0.4635)
(1.1685)
(-0.5529)
G2(-0.6396)
(2.1141)
(1.5804)
G3(0.1868)
(0.8737)
(-0.4688)
G4(1.0488)
(3.2576)
(-2.6904)
A1(4.4404)
(10.9644)
(0.2347)
A2(7.1635)
(5.7078)
(4.8985)
A3(0.8906)
(7.7955)
(-6.6176)
A4(-7.5992)
(8.5712)
(-5.6790)
G1(1.4532)
(1.5234)
(-1.3143)
G2(-0.3331)
(1.4314)
(0.8471)
G3(0.3624)
(0.6465)
(-0.7157)
G4(0.4699)
(-0.6258)
(-1.4080)
A1(-11.3380)
(7.9084)
(14.4324)
A2(5.5450)
(5.0996)
(12.5073)
A3(5.9041)
(17.5591)
(8.5186)
A4(-4.8985)
(4.6448)
(-13.2591)
G1(-9.8425)
(3.5519)
(-1.2090)
G2(0.4911)
(2.7808)
(-0.4640)
G3(1.5692)
(1.0339)
(-1.7038)
G4(-0.1155)
(1.1648)
(-1.2244)
A1(3.7602)
(19.4667)
(-7.5347)
A2(7.9775)
(8.2361)
(7.7572)
A3(5.1906)
(35.9226)
(13.6278)
A4(-3.5338)
(11.8465)
(-7.7189)
G1(-5.2828)
(4.8710)
(-2.0768)
G2(1.5527)
(-0.1101)
(-0.7992)
G3(4.0467)
(1.9193)
(-2.2115)
G4(-0.4135)
(1.8422)
(-1.0408)
A1(-0.1198)
(26.2877)
(-7.3767)
A2(-4.3096)
(6.3829)
(0.3639)
A3(13.7858)
(11.2671)
(-23.2285)
A4(-0.6225)
(8.4898)
(-3.4524)
G1(-6.2944)
(-1.4830)
(-2.6074)
G2(2.5153)
(4.5379)
(0.5018)
G3(-3.4199)
(3.0517)
(0.9057)
G4(-0.0633)
(-0.3943)
(-0.0564)
A1(-0.2635)
(0.4551)
(3.3578)
A2(3.1699)
(12.2152)
(7.2880)
A3(5.5162)
(8.7293)
(-27.7919)
A4(4.6160)
(1.4844)
(-2.3032)
G1(-6.3609)
(-1.8177)
(-1.0584)
G2(1.8927)
(6.5790)
(0.8663)
G3(-11.2143)
(-2.9240)
(0.5177)
G4(0.3251)
(2.0518)
(-1.7028)
A1(9.9777)
(6.3324)
(6.1839)
A2(-2.5857)
(6.6990)
(5.2146)
A3(18.8855)
(46.1123)
(19.5175)
A4(-2.6432)
(3.4572)
(-6.2153)
G1(-11.2590)
(2.1588)
(-1.9225)
G2(-0.1304)
(0.5146)
(-0.7306)
G3(-14.7416)
(5.4893)
(-2.3402)
G4(1.1621)
(2.4360)
(-0.7513)
A1(5.0774)
(-5.7289)
(3.6500)
A2(-0.7278)
(5.1188)
(6.1531)
A3(-7.6040)
(21.2078)
(-18.0331)
A4(0.2825)
(0.9194)
(-10.6638)
G1(-0.8147)
(-0.7934)
(1.6075)
G2(-0.8679)
(0.5901)
(1.1355)
G3(-4.3224)
(-0.4379)
(0.2543)
G4(-0.3390)
(-1.0392)
(1.4042)
A1(-2.3040)
(-0.6275)
(-0.2970)
A2(-18.2821)
(11.3916)
(3.9169)
A3(26.8486)
(1.2833)
(-21.2845)
A4(-2.6767)
(-0.0910)
(-12.1434)
G1(1.3899)
(-0.5146)
(2.8638)
G2(-0.2208)
(5.5957)
(1.8677)
G3(-4.7991)
(0.6130)
(2.0774)
G4(0.2155)
(-0.6742)
(0.2613)
A1(-1.1736)
(-1.0203)
(4.3685)
A2(-0.2777)
(6.8905)
(0.8380)
A3(5.8083)
(-4.0462)
(-17.8703)
A4(1.2163)
(0.6369)
(-11.3437)
G1(4.4447)
(-0.2379)
(3.5056)
G2(0.6476)
(-3.3794)
(-0.2224)
G3(2.9660)
(2.4775)
(2.1412)
G4(-0.4991)
(1.5171)
(-0.8317)
A1(-14.3989)
(5.0535)
(13.4456)
A2(5.3008)
(9.1985)
(6.0573)
A3(-0.2298)
(10.6015)
(-0.1676)
A4(-1.1013)
(10.7787)
(0.1149)
G1(4.2452)
(2.7744)
(4.1090)
G2(0.3038)
(-1.0121)
(-0.1038)
G3(5.6218)
(0.3868)
(3.3560)
G4(-0.2426)
(1.9646)
(-1.7826)
A1(-7.1132)
(1.8585)
(5.1397)
A2(-1.3312)
(7.7333)
(1.1588)
A3(-6.1818)
(18.6891)
(6.7612)
A4(-1.1205)
(3.1316)
(-5.4205)
G1(1.9497)
(0.1288)
(4.3037)
G2(0.8152)
(0.1554)
(0.8945)
G3(6.4300)
(0.7141)
(3.0187)
G4(0.4023)
(1.0233)
(-0.2144)
A1(-9.6807)
(7.5539)
(8.8903)
A2(-3.9121)
(9.1267)
(12.0620)
A3(-8.8346)
(12.8329)
(2.6193)
A4(-1.1109)
(8.5425)
(-6.5793)
G1(3.4486)
(-2.8654)
(2.4094)
G2(0.5342)
(1.4426)
(0.7545)
G3(5.4462)
(3.7493)
(2.1524)
G4(0.0835)
(0.4337)
(-0.1352)
A1(-8.1239)
(8.6748)
(6.0642)
A2(-1.1588)
(5.3917)
(2.8347)
A3(-11.3677)
(19.0435)
(1.5131)
A4(-1.6568)
(8.1977)
(-5.6264)
G1(1.2414)
(-1.5202)
(0.9668)
G2(0.1176)
(0.2224)
(0.1820)
G3(1.6453)
(0.3427)
(1.7820)
G4(-0.0580)
(0.2256)
(0.1772)
A1(-2.8597)
(7.1851)
(5.6331)
A2(-0.0192)
(8.6383)
(2.1644)
A3(-5.5881)
(13.3692)
(3.7445)
A4(2.6719)
(5.8945)
(-6.5697)
G1(0.6077)
(0.5821)
(0.1729)
G2(0.6146)
(-0.3555)
(0.1894)
G3(0.6859)
(0.1059)
(0.5401)
G4(-0.0575)
(-0.2549)
(0.8556)
A1(-2.9602)
(8.7035)
(3.6069)
A2(0.8763)
(10.4722)
(1.9728)
A3(-4.7501)
(10.1754)
(1.2067)
A4(2.7342)
(8.3558)
(-3.7589)
G1(0.6008)
(-1.0648)
(-0.0830)
G2(0.3698)
(-0.9855)
(0.2347)
G3(0.3491)
(0.7716)
(-0.2405)
G4(-0.2528)
(-0.2208)
(0.4172)
A1(-3.5303)
(7.6449)
(1.8825)
A2(1.7669)
(9.5193)
(-1.3982)
A3(-2.7198)
(9.8545)
(-0.2538)
A4(-0.9816)
(9.3613)
(-4.9273)
G1(0.8594)
(0.3496)
(-0.3491)
G2(0.8242)
(-0.4209)
(0.0218)
G3(0.0990)
(0.2554)
(-0.3767)
G4(-0.0543)
(-0.2905)
(0.1836)
A1(-4.0859)
(8.4209)
(2.2705)
A2(1.1444)
(7.3885)
(0.0958)
A3(-3.0837)
(8.2313)
(-0.9768)
A4(-1.1205)
(8.7771)
(-4.8459)
G1(1.0882)
(0.5598)
(-0.0931)
G2(0.4762)
(-0.1352)
(0.3437)
G3(-0.1176)
(0.5885)
(-0.4965)
G4(0.1554)
(0.2975)
(0.1543)
