A1(-0.6658)
(6.5192)
(6.8785)
A2(2.0830)
(9.2033)
(0.1341)
A3(1.1492)
(6.5122)
(-2.0494)
A4(0.2873)
(9.5481)
(-3.5578)
G1(-0.0506)
(-0.5209)
(-0.1543)
G2(0.1740)
(-0.9131)
(0.0388)
G3(0.4986)
(-1.8416)
(0.8743)
G4(0.3842)
(-0.2788)
(0.1905)
A1(-1.5663)
(9.3885)
(11.4482)
A2(-1.8818)
(9.3278)
(1.3455)
A3(4.6352)
(4.3431)
(-3.0263)
A4(2.8156)
(12.4115)
(-1.4940)
G1(1.8081)
(-0.6226)
(0.0090)
G2(0.8328)
(-0.6018)
(0.0846)
G3(0.6582)
(-0.5428)
(1.4234)
G4(1.2936)
(-0.5614)
(0.3661)
A1(-0.6323)
(5.9396)
(10.3034)
A2(-1.7621)
(8.6957)
(1.3024)
A3(-1.8914)
(9.4954)
(0.1245)
A4(6.5027)
(18.7801)
(5.6024)
G1(0.0074)
(-0.2602)
(-0.0702)
G2(0.4315)
(0.0027)
(0.0654)
G3(0.8860)
(0.7029)
(0.5002)
G4(2.7175)
(-2.3237)
(2.1567)
A1(0.2539)
(9.0484)
(2.6106)
A2(-1.8627)
(11.4060)
(1.5706)
A3(7.4124)
(-2.1835)
(-10.1083)
A4(-2.1069)
(2.7916)
(-19.6612)
G1(0.6380)
(-3.7381)
(-0.3815)
G2(0.1490)
(-0.5539)
(0.2437)
G3(1.2127)
(2.9181)
(-0.7035)
G4(-0.8370)
(2.5494)
(2.7542)
A1(0.5556)
(8.6556)
(3.4392)
A2(7.2544)
(3.6727)
(5.0182)
A3(10.2951)
(13.4410)
(-4.3958)
A4(5.7700)
(9.0644)
(-25.1870)
G1(-0.2272)
(0.8759)
(0.0569)
G2(-4.5315)
(-4.1042)
(0.7428)
G3(-0.4869)
(-1.6671)
(0.2602)
G4(-9.5046)
(3.5965)
(-2.2524)
A1(5.1685)
(8.5885)
(4.5601)
A2(4.2377)
(14.2311)
(4.2329)
A3(2.2122)
(3.9361)
(-4.2473)
A4(-4.6783)
(16.9414)
(-9.6438)
G1(-0.6178)
(-2.8042)
(0.0596)
G2(-4.3564)
(-2.6712)
(2.6286)
G3(0.0032)
(-0.7657)
(0.0325)
G4(-11.2164)
(-0.5034)
(5.7771)
A1(2.2705)
(6.2702)
(1.7484)
A2(6.1818)
(15.4953)
(19.1584)
A3(1.0199)
(10.4962)
(1.7957)
A4(0.6321)
(23.8079)
(24.4544)
G1(-0.6949)
(-2.4530)
(-0.1187)
G2(-9.1917)
(-1.1909)
(3.9999)
G3(-0.0117)
(-1.5362)
(0.4603)
G4(-9.5450)
(-0.5651)
(6.7866)
A1(-8.2772)
(9.1490)
(0.2443)
A2(6.9767)
(3.8068)
(9.6917)
A3(0.3065)
(8.1738)
(-3.5482)
A4(-9.1075)
(2.0207)
(-12.6653)
G1(-0.6332)
(-1.4383)
(-0.1213)
G2(-6.8419)
(1.8778)
(1.3042)
G3(0.5130)
(-1.2047)
(0.5332)
G4(-4.0387)
(0.1676)
(2.4461)
A1(-3.4057)
(10.4423)
(0.2635)
A2(-3.5913)
(2.5666)
(6.1148)
A3(-0.8667)
(1.3695)
(-6.4356)
A4(-4.1515)
(-2.9305)
(-9.1554)
G1(0.5704)
(0.0250)
(0.1368)
G2(-5.9666)
(0.7184)
(1.2510)
G3(0.6146)
(-0.9541)
(0.4635)
G4(0.8253)
(-0.8647)
(-2.3434)
A1(6.9887)
(11.8170)
(4.6847)
A2(0.7901)
(-2.2075)
(4.4053)
A3(1.3791)
(2.5953)
(-7.3119)
A4(3.4046)
(10.0173)
(-0.5171)
G1(0.5752)
(0.2873)
(-0.0995)
G2(-0.9764)
(0.5550)
(-0.7199)
G3(0.6061)
(-0.0309)
(0.3517)
G4(3.7785)
(-1.0648)
(-4.7805)
A1(2.7974)
(9.5226)
(3.4345)
A2(1.4988)
(0.2490)
(3.5817)
A3(8.1211)
(3.4189)
(0.3926)
A4(9.6295)
(12.6605)
(0.5076)
G1(0.9104)
(0.4422)
(-0.6529)
G2(1.1845)
(1.2286)
(-1.8395)
G3(-1.2499)
(-0.4486)
(0.7093)
G4(4.8071)
(-2.6089)
(-4.8608)
A1(-0.5700)
(11.2183)
(1.7963)
A2(4.1611)
(-1.6712)
(9.5912)
A3(1.8723)
(21.1647)
(-2.4612)
A4(6.8474)
(10.7164)
(-2.7438)
G1(0.3459)
(-1.2733)
(-1.0424)
G2(3.8642)
(0.9488)
(-3.0937)
G3(-0.3746)
(0.7944)
(0.8546)
G4(2.9261)
(-3.5689)
(-3.6934)
A1(2.2417)
(10.5093)
(2.3711)
A2(14.6334)
(-2.8347)
(11.7555)
A3(1.6520)
(9.9359)
(-6.3686)
A4(12.0380)
(15.5049)
(-1.5227)
G1(0.8583)
(0.6162)
(-0.3448)
G2(4.1744)
(-2.2695)
(-4.1702)
G3(-0.0926)
(-0.6274)
(0.4943)
G4(0.8849)
(-1.2457)
(-2.4051)
A1(1.7436)
(10.8734)
(1.3795)
A2(2.1308)
(10.0987)
(12.2009)
A3(4.1803)
(7.0820)
(-5.1092)
A4(11.0804)
(10.0365)
(-1.8244)
G1(0.8876)
(0.1751)
(-0.3555)
G2(2.5935)
(1.7278)
(-4.3335)
G3(0.0750)
(0.4284)
(-0.3326)
G4(-0.0995)
(-1.3633)
(-0.1458)
A1(2.7160)
(9.7190)
(0.1437)
A2(9.5193)
(7.5944)
(9.1411)
A3(2.3367)
(7.8386)
(-5.5593)
A4(8.6910)
(10.9607)
(-1.9585)
G1(0.6343)
(-0.7854)
(-0.4246)
G2(2.0864)
(3.4476)
(-1.8071)
G3(0.0378)
(0.0000)
(0.1825)
G4(-0.2400)
(-0.6348)
(0.5571)
A1(1.1879)
(9.2208)
(0.2491)
A2(5.8227)
(8.2121)
(7.4986)
A3(1.1013)
(8.8059)
(-5.0422)
A4(2.7964)
(8.0637)
(-2.1548)
G1(0.5550)
(0.0910)
(-0.6332)
G2(1.6118)
(-0.6795)
(-0.8232)
G3(-0.2150)
(-1.4755)
(0.2783)
G4(-0.1394)
(-0.1314)
(0.5284)
A1(1.9064)
(9.1442)
(-0.2491)
A2(4.4484)
(7.9104)
(3.9600)
A3(0.3112)
(8.5186)
(-4.4772)
A4(0.5411)
(10.2903)
(-0.3974)
G1(0.4709)
(-0.4741)
(-0.8221)
G2(0.8232)
(-0.1203)
(-0.0154)
G3(0.0553)
(-0.3879)
(-0.0229)
G4(-0.0357)
(1.0131)
(-0.9711)
A1(-1.5184)
(9.3310)
(-0.5221)
A2(4.1515)
(7.5657)
(2.8299)
A3(2.2170)
(9.9790)
(-5.7700)
A4(2.3320)
(8.6431)
(-3.0215)
G1(0.5864)
(0.2331)
(-0.7487)
G2(0.8939)
(-0.0037)
(-0.3124)
G3(0.3911)
(-0.5268)
(-0.2086)
G4(0.8642)
(-1.0733)
(-0.4603)
A1(-1.2933)
(9.7381)
(0.2251)
A2(2.9832)
(9.3661)
(2.8778)
A3(1.8627)
(7.5609)
(-6.1914)
A4(-1.1588)
(9.2416)
(-4.4867)
G1(1.3915)
(0.1857)
(-0.5795)
G2(0.7827)
(0.5055)
(-0.7231)
G3(0.3310)
(-0.4794)
(-0.2139)
G4(0.1266)
(0.3491)
(-0.8205)
A1(-1.5232)
(7.6545)
(-3.7650)
A2(3.0646)
(7.0868)
(1.9489)
A3(-0.0527)
(8.1642)
(-5.3774)
A4(-1.3072)
(8.7628)
(-4.7597)
G1(0.6944)
(0.7875)
(-0.4651)
G2(-0.1123)
(0.5119)
(-0.3475)
G3(0.3986)
(-0.7093)
(-0.1453)
G4(0.2091)
(-0.5247)
(-0.4640)
