A1(2.6633)
(6.8593)
(0.4982)
A2(5.2720)
(9.2847)
(7.2161)
A3(0.1389)
(7.3406)
(-8.6670)
A4(-8.1451)
(5.8754)
(1.2258)
G1(1.0546)
(2.3264)
(-0.6364)
G2(-0.9450)
(0.0660)
(0.7295)
G3(-0.2847)
(0.7343)
(-0.6263)
G4(0.4965)
(2.5339)
(-3.0703)
A1(-1.3604)
(8.8759)
(3.0656)
A2(2.2745)
(8.1977)
(5.7748)
A3(-0.1053)
(8.0158)
(-5.0278)
A4(18.7610)
(-1.5179)
(-10.7404)
G1(1.1946)
(3.6785)
(-0.6173)
G2(-0.6481)
(2.4685)
(0.8806)
G3(-0.2740)
(0.8370)
(-0.7513)
G4(1.3803)
(7.2836)
(-3.1746)
A1(-6.5001)
(0.3688)
(13.6229)
A2(3.2513)
(7.7333)
(5.7030)
A3(1.5897)
(14.7243)
(1.0678)
A4(16.1896)
(3.6392)
(-8.6814)
G1(-6.6434)
(7.0377)
(-1.6793)
G2(-0.2687)
(2.7526)
(-0.0649)
G3(1.0153)
(1.0525)
(-1.4559)
G4(0.4821)
(2.4456)
(-1.4457)
A1(13.8672)
(47.0334)
(5.6379)
A2(4.7788)
(8.6574)
(16.7067)
A3(4.1899)
(34.2467)
(14.0540)
A4(0.0958)
(4.1468)
(-10.7595)
G1(-8.0801)
(7.1532)
(-2.0795)
G2(1.8720)
(0.2639)
(-0.2081)
G3(3.4981)
(3.3651)
(-3.2619)
G4(0.1144)
(1.5979)
(-1.8581)
A1(0.7041)
(36.1073)
(12.6601)
A2(1.3024)
(11.1235)
(3.7781)
A3(2.8060)
(14.3030)
(-35.2187)
A4(-1.6712)
(16.6301)
(-3.3088)
G1(-9.8414)
(3.1230)
(-4.3516)
G2(2.8484)
(9.0039)
(1.4979)
G3(-2.9655)
(0.1405)
(-3.8110)
G4(-0.8269)
(-0.7407)
(0.2081)
A1(0.7520)
(4.0093)
(-3.0081)
A2(4.1180)
(12.6366)
(0.0239)
A3(9.7157)
(1.3743)
(-31.1725)
A4(11.2001)
(18.8280)
(6.5936)
G1(-4.8295)
(-1.5053)
(-3.0229)
G2(1.8544)
(4.2282)
(1.4931)
G3(-10.0771)
(-2.0699)
(2.2594)
G4(0.5353)
(1.4388)
(-1.5085)
A1(4.6128)
(0.6610)
(14.4851)
A2(-0.1053)
(7.9775)
(7.8386)
A3(-4.0175)
(26.3266)
(7.1539)
A4(-4.2952)
(8.0493)
(-5.0039)
G1(-8.6601)
(-4.2777)
(-2.4749)
G2(0.7982)
(3.4582)
(-1.2042)
G3(-15.0109)
(7.4262)
(-1.3595)
G4(0.9482)
(2.9452)
(-0.6029)
A1(5.6810)
(9.4028)
(2.0214)
A2(4.5490)
(1.5227)
(5.7940)
A3(14.8824)
(35.7933)
(28.0744)
A4(-7.1060)
(10.7021)
(-5.3822)
G1(-6.0874)
(-3.8179)
(-0.5949)
G2(-1.0632)
(2.8112)
(1.1329)
G3(-12.8580)
(-0.3672)
(-2.6920)
G4(0.9993)
(1.5820)
(0.2815)
A1(3.5590)
(-5.6283)
(-0.3305)
A2(-19.0004)
(12.8281)
(7.9823)
A3(8.7628)
(-3.7637)
(-33.4614)
A4(7.8721)
(-3.1077)
(-11.2001)
G1(0.3959)
(-0.0596)
(2.5063)
G2(0.2097)
(1.8432)
(3.8472)
G3(-4.1228)
(-0.2783)
(0.9631)
G4(0.3762)
(0.1889)
(0.9663)
A1(-1.7340)
(1.5999)
(1.0538)
A2(4.7932)
(2.8778)
(2.4469)
A3(-4.2760)
(-2.6719)
(-19.4649)
A4(8.4515)
(4.8985)
(-7.6471)
G1(2.5871)
(-0.5502)
(3.1049)
G2(-0.4464)
(2.2349)
(-0.9972)
G3(-1.2675)
(-1.5862)
(3.1623)
G4(0.3171)
(-0.7098)
(0.1910)
A1(-9.6136)
(-1.4897)
(9.6471)
A2(3.2465)
(7.7189)
(4.6926)
A3(4.2377)
(4.5059)
(-7.5800)
A4(4.3958)
(5.7509)
(-6.5170)
G1(4.6166)
(-0.8141)
(3.1858)
G2(1.0669)
(-0.8556)
(0.6311)
G3(5.2684)
(-0.1357)
(3.2619)
G4(-0.6806)
(0.1894)
(-0.1394)
A1(-12.4206)
(1.2215)
(13.5319)
A2(4.6400)
(9.6582)
(3.2034)
A3(-0.8715)
(9.3182)
(-2.1883)
A4(-4.1324)
(10.2089)
(-5.4971)
G1(4.5671)
(1.6655)
(3.7966)
G2(-0.5039)
(-0.0952)
(-0.2155)
G3(5.7676)
(-0.4667)
(3.4311)
G4(0.4954)
(0.5741)
(-0.8349)
A1(0.8766)
(12.8948)
(7.7311)
A2(0.9002)
(13.0628)
(8.3797)
A3(-4.0989)
(22.8934)
(4.9416)
A4(0.6369)
(1.0870)
(-6.0861)
G1(2.7345)
(-1.6474)
(4.5783)
G2(0.0654)
(-1.3377)
(1.4521)
G3(7.1766)
(3.1246)
(1.3713)
G4(0.6518)
(1.1781)
(-0.8455)
A1(-12.6649)
(8.8903)
(4.8427)
A2(-7.6710)
(6.7804)
(5.7126)
A3(-3.8786)
(13.1250)
(-1.3024)
A4(3.7637)
(11.7076)
(-8.6383)
G1(4.9252)
(-0.6790)
(2.3328)
G2(1.0594)
(0.9573)
(0.4837)
G3(5.5946)
(2.6962)
(0.6955)
G4(0.3299)
(-0.4353)
(0.1942)
A1(-13.2588)
(11.8745)
(4.4835)
A2(7.0485)
(10.7500)
(4.0270)
A3(-3.6440)
(17.3292)
(-0.8428)
A4(1.3264)
(8.2504)
(-7.1347)
G1(2.9287)
(0.6997)
(0.0617)
G2(0.8184)
(-0.5449)
(0.8173)
G3(-0.2591)
(2.6435)
(-0.0319)
G4(0.7508)
(2.0795)
(0.0788)
A1(-5.6139)
(7.5108)
(-0.6802)
A2(-2.3703)
(11.9806)
(2.2218)
A3(-11.2336)
(19.5511)
(0.1580)
A4(3.0215)
(5.8658)
(-8.9830)
G1(0.6492)
(-0.5406)
(0.7822)
G2(1.6506)
(-1.3553)
(0.6279)
G3(-0.2480)
(3.6375)
(0.0931)
G4(0.1729)
(1.5591)
(0.6455)
A1(0.9820)
(7.1707)
(-1.1400)
A2(1.0295)
(7.7620)
(0.9529)
A3(-10.3334)
(13.2735)
(2.2314)
A4(1.8052)
(7.3263)
(-8.6574)
G1(0.5273)
(-0.5076)
(1.3149)
G2(1.0866)
(1.6772)
(1.0717)
G3(1.4819)
(1.3638)
(0.8860)
G4(-0.4970)
(0.3757)
(0.5853)
A1(-5.5181)
(14.0252)
(-1.3029)
A2(5.0613)
(9.7683)
(-2.0446)
A3(3.9648)
(4.3862)
(-7.0294)
A4(4.8985)
(6.0142)
(-6.5793)
G1(1.2233)
(0.9349)
(0.2214)
G2(0.5561)
(-0.2182)
(0.8125)
G3(1.3814)
(-0.2299)
(0.8535)
G4(-0.6242)
(0.6332)
(0.1224)
A1(2.4956)
(8.8568)
(2.3471)
A2(5.6503)
(9.6965)
(2.0207)
A3(0.8619)
(7.8721)
(-3.8259)
A4(5.8849)
(4.9321)
(-5.1236)
G1(0.5667)
(0.1942)
(0.5960)
G2(0.4629)
(-0.2533)
(0.4087)
G3(0.1926)
(1.8315)
(0.2847)
G4(0.0878)
(0.6843)
(-0.0575)
A1(1.5951)
(9.2112)
(1.5376)
A2(3.2130)
(5.7078)
(-0.7709)
A3(-0.3496)
(9.7731)
(-1.7813)
A4(5.1858)
(5.0853)
(-6.7804)
G1(0.7753)
(-0.3336)
(0.9509)
G2(0.2384)
(1.0722)
(0.3544)
G3(0.1373)
(0.6721)
(0.3943)
G4(-0.0511)
(0.7066)
(-0.2033)
