A1(-2.1555)
(7.3719)
(-3.7602)
A2(3.2465)
(7.5848)
(3.3854)
A3(1.0582)
(8.1738)
(-6.7133)
A4(5.9137)
(10.6398)
(-3.3519)
G1(-0.2150)
(0.3549)
(0.1165)
G2(-0.3416)
(0.6625)
(0.1841)
G3(0.0862)
(0.7620)
(-0.3049)
G4(0.3794)
(1.5277)
(-1.3595)
A1(0.2682)
(7.5970)
(-0.7520)
A2(5.9520)
(8.7053)
(3.8068)
A3(0.3160)
(7.1922)
(-5.3151)
A4(-4.4436)
(9.3709)
(-2.2362)
G1(0.6981)
(2.3865)
(-0.7231)
G2(0.0410)
(1.3537)
(0.6279)
G3(-0.0181)
(0.3741)
(-0.2868)
G4(0.9519)
(0.6039)
(-1.5325)
A1(-6.3133)
(6.9360)
(3.5542)
A2(5.1523)
(7.3071)
(3.4572)
A3(-1.0726)
(7.5705)
(-5.7796)
A4(-2.8922)
(5.9424)
(-4.0749)
G1(-0.3570)
(5.0125)
(0.9647)
G2(-0.3283)
(1.2835)
(0.8673)
G3(0.0623)
(0.6130)
(-0.6077)
G4(0.9227)
(2.8707)
(-2.9910)
A1(-0.4119)
(10.6674)
(5.1780)
A2(2.2362)
(4.4388)
(5.2625)
A3(1.5036)
(8.4420)
(-5.7509)
A4(-8.1355)
(9.8545)
(-7.0437)
G1(1.1749)
(1.7427)
(-0.9764)
G2(-0.7583)
(1.3888)
(0.6412)
G3(0.1250)
(0.3129)
(-0.6572)
G4(-0.0298)
(-0.5055)
(-1.3835)
A1(-2.5004)
(38.5933)
(-3.8751)
A2(6.7373)
(2.8874)
(9.9120)
A3(7.3981)
(25.8239)
(9.9455)
A4(-2.1165)
(9.6103)
(-14.3987)
G1(-7.8205)
(1.9763)
(-0.9328)
G2(0.6747)
(2.9628)
(-0.3858)
G3(2.4552)
(1.8720)
(-2.0124)
G4(-0.9317)
(1.7251)
(-1.6139)
A1(-9.8387)
(23.7251)
(9.7190)
A2(5.1523)
(5.1044)
(11.2671)
A3(-8.2983)
(41.4867)
(6.9863)
A4(-6.6415)
(8.7580)
(-13.1921)
G1(-8.5510)
(4.7603)
(-4.0659)
G2(1.1696)
(0.2123)
(-0.4720)
G3(4.2952)
(2.6042)
(-2.1726)
G4(-1.2872)
(0.6199)
(-0.4619)
A1(-0.7425)
(8.4496)
(-12.7511)
A2(-9.4906)
(11.3198)
(1.7765)
A3(15.4905)
(18.2007)
(-37.2298)
A4(5.6312)
(9.0453)
(4.3431)
G1(-5.6633)
(-3.9414)
(-3.1533)
G2(2.8292)
(5.2578)
(0.3682)
G3(-4.6741)
(-1.8507)
(2.1880)
G4(-1.1542)
(1.6559)
(-1.0536)
A1(-20.6403)
(3.8608)
(16.4586)
A2(5.7988)
(7.6471)
(5.1380)
A3(-5.3534)
(18.6317)
(-5.1906)
A4(-2.1883)
(5.3678)
(-1.8292)
G1(-7.9311)
(0.2384)
(-1.8906)
G2(2.4823)
(-0.8317)
(-0.7694)
G3(-15.5579)
(6.0363)
(2.0880)
G4(0.6566)
(3.4103)
(-0.7173)
A1(13.0576)
(7.1132)
(5.4942)
A2(-5.3439)
(-2.7054)
(-1.2833)
A3(6.0286)
(36.0040)
(29.9227)
A4(-3.0119)
(13.9773)
(-2.9592)
G1(-7.1292)
(-6.3827)
(-1.2249)
G2(-0.3411)
(1.6767)
(-0.3251)
G3(-16.5540)
(3.5194)
(-5.5531)
G4(1.7746)
(1.6192)
(-0.6795)
A1(11.7883)
(-8.9382)
(-0.2970)
A2(7.7907)
(7.0102)
(4.0366)
A3(-1.1875)
(7.2305)
(-36.2674)
A4(-2.3415)
(4.6400)
(-13.9199)
G1(-0.6316)
(-1.1637)
(2.6803)
G2(-0.3693)
(2.9484)
(0.8705)
G3(-4.9582)
(1.0770)
(0.8019)
G4(1.1871)
(-0.5433)
(1.1371)
A1(-4.8044)
(0.1245)
(4.2488)
A2(15.7730)
(10.7260)
(4.3670)
A3(7.5848)
(-4.0079)
(-18.6317)
A4(4.1420)
(4.9895)
(-6.4021)
G1(4.5661)
(-0.3054)
(2.9117)
G2(-0.1969)
(-0.0686)
(-0.1862)
G3(2.8952)
(1.0264)
(2.0486)
G4(-0.0404)
(0.7913)
(-0.5672)
A1(-10.1070)
(0.2060)
(10.6483)
A2(9.2512)
(12.4882)
(2.4134)
A3(-2.3128)
(11.4443)
(-1.3982)
A4(-0.1915)
(16.3045)
(0.5267)
G1(4.5730)
(1.7267)
(3.8823)
G2(-0.2634)
(-0.4331)
(-0.1096)
G3(6.8137)
(0.1181)
(3.1560)
G4(0.0974)
(0.0479)
(-0.1740)
A1(-8.0952)
(5.3648)
(6.1025)
A2(1.0965)
(8.9591)
(2.6719)
A3(-3.2753)
(17.8847)
(3.4333)
A4(-0.0431)
(3.6344)
(-6.3207)
G1(2.6079)
(1.3372)
(4.3623)
G2(0.5390)
(-0.4209)
(0.6886)
G3(7.7662)
(1.3393)
(2.4685)
G4(0.3879)
(-0.4470)
(0.3890)
A1(-11.8985)
(11.8170)
(9.3789)
A2(-2.9066)
(11.4970)
(4.8507)
A3(-2.5522)
(14.5424)
(-0.4310)
A4(5.6407)
(4.9608)
(-9.9264)
G1(2.7808)
(1.1914)
(3.4444)
G2(0.6082)
(-0.5688)
(0.6444)
G3(6.2358)
(4.1819)
(1.3446)
G4(0.7050)
(1.3266)
(-0.0905)
A1(-11.0842)
(2.8261)
(-6.3995)
A2(6.6655)
(13.3932)
(1.9489)
A3(-8.7580)
(17.8560)
(-6.0621)
A4(7.7381)
(16.2710)
(-5.0087)
G1(4.3096)
(0.2144)
(2.1854)
G2(0.3406)
(0.6375)
(1.1355)
G3(1.4548)
(2.6909)
(-0.3044)
G4(0.3406)
(0.1245)
(0.0101)
A1(-8.4832)
(7.9754)
(-0.2826)
A2(1.2833)
(9.1746)
(3.1316)
A3(-7.9823)
(12.9000)
(-3.7685)
A4(-1.9106)
(10.1610)
(-4.5107)
G1(2.0146)
(-1.8597)
(0.0511)
G2(0.7008)
(0.7285)
(0.2783)
G3(-0.1607)
(2.4600)
(0.3847)
G4(0.6263)
(0.2714)
(0.2985)
A1(3.7793)
(10.5668)
(2.8692)
A2(2.6480)
(13.9055)
(4.0989)
A3(-16.6062)
(19.3978)
(-2.6719)
A4(2.1117)
(7.6423)
(-6.6080)
G1(0.3214)
(-1.6698)
(1.8512)
G2(0.4837)
(-1.6416)
(0.5066)
G3(0.4800)
(-2.5690)
(0.1426)
G4(0.4805)
(1.2515)
(0.3363)
A1(-0.7568)
(7.9802)
(-6.8354)
A2(1.6089)
(11.1666)
(-2.0830)
A3(-0.6321)
(8.8442)
(-6.1818)
A4(2.0542)
(5.4444)
(-7.1347)
G1(1.8065)
(0.7386)
(-0.3879)
G2(-0.4273)
(0.9706)
(0.2724)
G3(0.0112)
(-0.0921)
(0.6715)
G4(0.1575)
(0.9030)
(-0.1745)
A1(0.8143)
(9.8962)
(6.6582)
A2(5.4779)
(9.3518)
(-2.4660)
A3(-2.6959)
(10.1658)
(-3.6200)
A4(0.5650)
(6.3063)
(-8.2361)
G1(-0.4087)
(1.0185)
(-0.1740)
G2(0.6566)
(-0.0734)
(1.0674)
G3(-0.1176)
(0.5055)
(0.4166)
G4(0.4145)
(2.2998)
(-0.8950)
A1(-1.4705)
(8.4209)
(1.2502)
A2(5.3822)
(6.8570)
(-2.2841)
A3(-2.4756)
(9.2177)
(-3.9696)
A4(6.9145)
(6.4308)
(-8.1930)
G1(0.1623)
(-0.0825)
(0.6891)
G2(-0.4661)
(0.9184)
(0.4432)
G3(-0.1059)
(0.2740)
(0.0756)
G4(0.8168)
(1.7895)
(-1.3846)
