A1(3.3339)
(9.6759)
(-2.4046)
A2(7.5082)
(8.6383)
(6.9049)
A3(1.6233)
(8.2265)
(-6.2680)
A4(-8.0828)
(8.2121)
(-5.7221)
G1(1.2393)
(2.0550)
(-0.5146)
G2(-0.7311)
(0.4321)
(0.7035)
G3(-0.0591)
(1.4101)
(-0.7779)
G4(1.8182)
(3.3427)
(-3.5652)
A1(-1.4514)
(10.2459)
(10.0974)
A2(0.5698)
(6.5122)
(4.0654)
A3(-0.8715)
(8.4515)
(-6.6798)
A4(8.8490)
(-2.0063)
(3.8595)
G1(0.8184)
(4.2989)
(-1.4261)
G2(-0.5300)
(2.0098)
(1.1760)
G3(-0.0106)
(0.8987)
(-0.9626)
G4(0.0756)
(1.4883)
(-0.3326)
A1(14.7150)
(37.6449)
(-9.9345)
A2(2.8635)
(7.0102)
(7.4508)
A3(7.3885)
(31.2970)
(21.6053)
A4(7.4124)
(1.6185)
(-11.6693)
G1(-7.7273)
(4.2750)
(-2.3408)
G2(1.2888)
(3.8365)
(-0.1437)
G3(3.1176)
(2.4674)
(-2.2833)
G4(-0.0415)
(3.6625)
(-1.8097)
A1(-11.8937)
(24.8028)
(21.5648)
A2(0.7614)
(10.7787)
(9.5002)
A3(-3.5674)
(38.9297)
(-0.2298)
A4(-7.9344)
(11.2719)
(-7.4891)
G1(-9.0002)
(4.2883)
(-7.1271)
G2(2.5201)
(0.1564)
(-0.9216)
G3(5.7569)
(3.2539)
(-2.7287)
G4(-0.1086)
(1.2143)
(-0.9163)
A1(0.0240)
(1.9591)
(-7.0270)
A2(-5.9568)
(11.2575)
(6.2632)
A3(12.9191)
(3.2705)
(-35.7550)
A4(-1.1396)
(-3.7014)
(-9.2225)
G1(-5.4047)
(0.1788)
(-3.3161)
G2(1.3510)
(9.7728)
(0.0452)
G3(-10.5124)
(-2.1556)
(1.0594)
G4(-0.5364)
(0.6034)
(-0.3118)
A1(-5.7912)
(-8.9670)
(7.9850)
A2(-5.6264)
(8.6574)
(9.8976)
A3(-0.9481)
(36.9425)
(-2.9497)
A4(-2.5043)
(6.6607)
(-3.7254)
G1(-8.4350)
(-4.2127)
(-1.7139)
G2(-0.1985)
(0.5193)
(-0.8173)
G3(-15.0364)
(5.2599)
(-0.1692)
G4(1.5740)
(2.5094)
(-0.2426)
A1(-6.0786)
(0.2682)
(-2.0549)
A2(2.9592)
(0.7709)
(1.9920)
A3(3.4620)
(17.2622)
(-23.1902)
A4(-3.1747)
(2.9880)
(-8.6191)
G1(-1.4420)
(-0.1932)
(0.4911)
G2(0.6359)
(1.7326)
(1.1004)
G3(-6.6056)
(-1.8949)
(0.6662)
G4(1.8486)
(0.9578)
(1.1238)
A1(-2.6728)
(2.9219)
(2.6585)
A2(2.2936)
(2.8778)
(-0.0383)
A3(-5.6551)
(1.2450)
(-19.2733)
A4(2.6432)
(10.7978)
(-8.5617)
G1(4.1835)
(-1.2920)
(2.6526)
G2(0.3070)
(4.2218)
(-0.7029)
G3(-1.0818)
(-3.3768)
(4.0222)
G4(-0.5013)
(1.1738)
(-0.2325)
A1(-0.4982)
(-2.0501)
(7.6353)
A2(10.5297)
(10.4914)
(-0.3304)
A3(2.9544)
(-7.4508)
(-20.9445)
A4(-5.4779)
(-1.1732)
(-7.0581)
G1(5.0865)
(-0.5486)
(2.6813)
G2(0.1309)
(-1.9326)
(-0.2134)
G3(3.7780)
(1.3239)
(1.1770)
G4(-0.1314)
(1.6176)
(-1.6293)
A1(-10.0016)
(0.3497)
(10.0160)
A2(7.0629)
(13.8098)
(5.1140)
A3(-1.8148)
(19.0100)
(3.1412)
A4(-8.0493)
(-3.2274)
(2.1691)
G1(4.8614)
(1.9779)
(4.2314)
G2(-0.3906)
(0.0410)
(0.5832)
G3(7.8370)
(-0.2352)
(2.4222)
G4(-0.0851)
(-2.8106)
(0.6689)
A1(-1.8346)
(14.3078)
(9.5082)
A2(4.3144)
(20.5375)
(19.7378)
A3(-7.7141)
(20.5470)
(4.0079)
A4(1.4413)
(8.9687)
(-7.4891)
G1(4.7065)
(-3.1714)
(3.6216)
G2(-0.8812)
(-2.9500)
(0.4140)
G3(7.8433)
(3.2129)
(1.2930)
G4(0.2341)
(0.2783)
(-0.2975)
A1(-6.2750)
(10.4471)
(2.9842)
A2(10.8218)
(14.1402)
(7.2975)
A3(-16.2423)
(24.5214)
(2.0351)
A4(-0.2825)
(7.5465)
(-7.0102)
G1(3.8057)
(0.2911)
(1.5186)
G2(0.2288)
(0.7540)
(0.5997)
G3(2.5169)
(0.4188)
(0.0952)
G4(0.0979)
(-0.5438)
(0.4459)
A1(-5.4750)
(7.7168)
(3.2429)
A2(-1.8244)
(9.5433)
(0.5459)
A3(-5.7221)
(15.5575)
(6.4691)
A4(3.0215)
(7.7045)
(-5.9520)
G1(2.9591)
(1.0217)
(1.1323)
G2(0.7466)
(-0.1836)
(0.5523)
G3(0.6465)
(3.2203)
(-0.3070)
G4(0.2490)
(0.4379)
(-0.0676)
A1(-6.9120)
(6.0067)
(-0.5365)
A2(-2.7294)
(11.7986)
(1.9058)
A3(0.9864)
(15.1361)
(4.9177)
A4(4.9991)
(7.8290)
(-5.0518)
G1(-0.3097)
(-1.3814)
(-1.6352)
G2(0.8471)
(-0.8046)
(-0.1570)
G3(0.5076)
(2.2886)
(0.9567)
G4(0.0942)
(0.2820)
(0.3113)
A1(-7.0653)
(9.7573)
(3.2381)
A2(-1.8818)
(11.7268)
(-0.0718)
A3(-0.6895)
(7.2544)
(9.0692)
A4(2.4373)
(10.0269)
(-6.8905)
G1(-1.0413)
(3.1772)
(-0.7157)
G2(0.3384)
(0.7700)
(0.3374)
G3(0.1064)
(-2.1678)
(0.5523)
G4(0.0734)
(1.0754)
(-0.0676)
A1(0.3401)
(9.5944)
(1.8729)
A2(-1.4317)
(12.5743)
(1.7286)
A3(-1.9345)
(8.6095)
(-6.2584)
A4(3.2322)
(7.3885)
(-5.2816)
G1(0.8046)
(0.0372)
(0.6694)
G2(1.0291)
(0.5220)
(0.5928)
G3(0.4491)
(-0.3863)
(0.5268)
G4(0.1772)
(0.8136)
(0.0532)
A1(0.4551)
(10.0016)
(2.5435)
A2(7.4364)
(10.1083)
(-2.4612)
A3(0.6943)
(9.7636)
(-1.2354)
A4(-2.7485)
(5.0853)
(-3.7493)
G1(0.4523)
(0.1862)
(0.2208)
G2(0.2719)
(0.2618)
(0.2937)
G3(0.1639)
(-0.4997)
(0.4720)
G4(0.6226)
(1.9252)
(-1.0988)
A1(-0.7137)
(7.7359)
(1.5663)
A2(4.5203)
(8.1882)
(-2.5235)
A3(-0.8092)
(8.8490)
(-0.4357)
A4(-6.2058)
(8.5617)
(-2.4038)
G1(0.0463)
(0.6002)
(-0.0926)
G2(0.0330)
(1.1909)
(0.3890)
G3(0.0090)
(-0.5337)
(0.2889)
G4(0.1969)
(5.4015)
(-3.2480)
A1(2.3375)
(10.3752)
(0.9197)
A2(1.4174)
(4.7597)
(-0.3591)
A3(1.1205)
(9.1123)
(-1.6424)
A4(-1.2306)
(8.8442)
(-0.7566)
G1(0.2469)
(0.5720)
(0.1485)
G2(-0.0835)
(2.5462)
(-0.2751)
G3(0.2634)
(0.5241)
(-0.1628)
G4(-1.3611)
(0.5459)
(-1.6735)
A1(0.1389)
(10.0208)
(1.3747)
A2(3.2705)
(7.0054)
(0.0958)
A3(-0.5315)
(9.1937)
(-3.7493)
A4(-0.7757)
(9.6678)
(-3.3710)
G1(0.7199)
(0.2373)
(-0.1288)
G2(0.6992)
(2.8133)
(-0.5204)
G3(0.0628)
(0.3810)
(-0.2490)
G4(-0.5970)
(-1.7991)
(0.0612)
