A1(0.8526)
(9.4699)
(-1.5999)
A2(2.7629)
(7.9009)
(2.8635)
A3(1.3982)
(8.0924)
(-6.2010)
A4(7.7572)
(11.0468)
(-1.8004)
G1(0.5752)
(1.2228)
(-0.1692)
G2(-0.4587)
(-0.0128)
(-0.1197)
G3(0.1559)
(0.3315)
(-0.2964)
G4(0.1995)
(1.6086)
(-1.4591)
A1(3.6883)
(8.8041)
(0.6371)
A2(3.7493)
(10.1370)
(3.5051)
A3(0.9529)
(7.8626)
(-5.6503)
A4(-4.9225)
(8.0732)
(-0.9098)
G1(0.9626)
(2.1370)
(-0.5816)
G2(-0.2325)
(1.0254)
(0.1506)
G3(-0.1830)
(0.5933)
(-0.3549)
G4(1.7618)
(3.3177)
(-2.3046)
A1(4.1673)
(9.1825)
(0.4407)
A2(6.6272)
(7.4124)
(4.2473)
A3(0.2682)
(8.7580)
(-3.8451)
A4(5.6312)
(4.1037)
(-0.9290)
G1(0.1580)
(0.7178)
(-0.2027)
G2(-0.8482)
(0.9903)
(1.0073)
G3(0.0122)
(0.7418)
(-0.5204)
G4(1.9795)
(4.5368)
(-2.8202)
A1(-1.0251)
(13.3642)
(4.9050)
A2(-0.6943)
(4.2138)
(6.3542)
A3(-1.3791)
(9.9790)
(-3.9073)
A4(6.5984)
(23.4680)
(5.7748)
G1(0.6353)
(3.9275)
(-0.7359)
G2(-0.8418)
(2.3977)
(0.7386)
G3(0.6306)
(-0.4895)
(-0.5481)
G4(1.3329)
(0.2698)
(-0.6061)
A1(9.6519)
(38.4736)
(-0.6131)
A2(6.6032)
(10.4148)
(6.1818)
A3(17.1999)
(33.1405)
(11.1235)
A4(1.9824)
(12.9047)
(-12.8521)
G1(-6.8212)
(4.5118)
(-1.5894)
G2(2.2578)
(0.4230)
(0.2506)
G3(3.2698)
(1.6969)
(-2.9005)
G4(-0.8450)
(0.7625)
(-0.8769)
A1(17.9100)
(22.7671)
(20.9037)
A2(0.2346)
(21.1743)
(-1.7478)
A3(8.1834)
(10.4196)
(-21.7920)
A4(-2.1021)
(12.3780)
(0.1341)
G1(-10.0761)
(2.7249)
(-3.7094)
G2(1.3665)
(4.8864)
(-1.4489)
G3(-4.1079)
(-0.2826)
(1.0759)
G4(-1.7421)
(-0.4725)
(-0.2208)
A1(1.3700)
(0.7520)
(-2.1986)
A2(2.8060)
(12.7132)
(-2.7725)
A3(16.1082)
(41.8123)
(-5.1667)
A4(-2.8874)
(1.2546)
(0.3017)
G1(-6.6754)
(0.0718)
(-4.8326)
G2(1.3170)
(2.2003)
(0.7950)
G3(-11.1408)
(-4.8603)
(0.7551)
G4(-0.9472)
(1.4596)
(-1.3819)
A1(-1.7484)
(-1.1209)
(12.6218)
A2(4.9656)
(0.6608)
(8.4372)
A3(13.3357)
(34.4238)
(-2.5474)
A4(0.3400)
(13.0676)
(0.1006)
G1(-9.5296)
(-0.1474)
(-0.9541)
G2(0.0021)
(3.8876)
(-1.0009)
G3(-12.0726)
(3.0714)
(-0.7035)
G4(1.6788)
(1.5814)
(-0.5231)
A1(-1.7484)
(2.2322)
(-2.1555)
A2(-7.0916)
(0.2203)
(7.6854)
A3(7.9487)
(20.3842)
(-16.9701)
A4(-1.9345)
(-0.4693)
(-9.3853)
G1(-2.7952)
(-1.2765)
(0.3459)
G2(0.2724)
(3.9994)
(-0.3054)
G3(-6.6551)
(0.7881)
(0.3964)
G4(1.0823)
(0.7364)
(0.6444)
A1(-1.8298)
(1.0011)
(2.7543)
A2(1.7382)
(11.7651)
(3.2944)
A3(1.0343)
(-9.4475)
(-19.5846)
A4(3.3519)
(0.5794)
(-6.4500)
G1(3.2597)
(-1.7852)
(1.9481)
G2(-0.6263)
(3.1602)
(0.6417)
G3(-1.2265)
(-2.0667)
(3.6258)
G4(-1.1478)
(-0.3081)
(-0.4768)
A1(-0.8047)
(0.4503)
(3.6404)
A2(8.2169)
(9.3565)
(-3.2609)
A3(-8.4851)
(-6.4787)
(-12.8664)
A4(-0.1101)
(6.0094)
(-3.7924)
G1(5.6383)
(-0.9051)
(2.7340)
G2(-0.6071)
(-0.2049)
(-0.6045)
G3(3.3481)
(-0.9025)
(2.4073)
G4(-0.6811)
(2.0641)
(-0.8535)
A1(-13.7953)
(4.9912)
(14.9018)
A2(5.0661)
(11.7555)
(-3.2944)
A3(1.7430)
(10.3286)
(-8.3893)
A4(2.2170)
(29.5492)
(8.8059)
G1(5.8314)
(2.4626)
(5.1636)
G2(1.2228)
(-0.3198)
(0.6896)
G3(6.0985)
(-0.2150)
(0.9961)
G4(0.0548)
(-0.4986)
(-0.0952)
A1(-2.6058)
(13.0002)
(11.1608)
A2(-7.4939)
(8.4515)
(6.8378)
A3(1.9393)
(24.2102)
(1.0582)
A4(6.5170)
(14.5089)
(-10.2376)
G1(2.6361)
(-0.5060)
(4.5602)
G2(0.0239)
(1.6341)
(0.1910)
G3(7.0537)
(2.7649)
(0.9206)
G4(0.3613)
(2.4046)
(-0.3560)
A1(-7.7934)
(10.6387)
(5.1206)
A2(-9.2656)
(0.9146)
(0.9960)
A3(-7.5130)
(27.2364)
(2.1356)
A4(-0.8380)
(8.5808)
(-8.1882)
G1(1.9853)
(-0.3826)
(1.6102)
G2(-0.3304)
(-0.4757)
(-0.3113)
G3(2.0194)
(1.8230)
(1.2180)
G4(-0.3906)
(0.3336)
(0.0729)
A1(-5.8630)
(7.4246)
(6.2702)
A2(13.3309)
(24.9572)
(2.0638)
A3(-10.1706)
(22.7066)
(3.5817)
A4(0.4453)
(8.5569)
(-6.2441)
G1(1.4436)
(1.2244)
(0.9700)
G2(-0.1197)
(0.9844)
(1.5335)
G3(1.1930)
(1.4388)
(1.0254)
G4(-0.4997)
(0.7258)
(-0.0878)
A1(-2.0741)
(7.4054)
(1.5137)
A2(-1.3360)
(11.4156)
(2.1500)
A3(-7.7620)
(10.8936)
(2.1931)
A4(-0.0718)
(9.2081)
(-3.1891)
G1(1.3899)
(-0.3507)
(0.4496)
G2(1.0504)
(1.1834)
(0.2559)
G3(0.9174)
(1.2388)
(-0.2767)
G4(-0.1958)
(0.4363)
(-0.0069)
A1(-3.4201)
(8.9286)
(2.2034)
A2(0.2251)
(8.9399)
(1.1971)
A3(-3.9983)
(9.5624)
(-0.4836)
A4(0.2921)
(8.8538)
(-4.3000)
G1(0.9897)
(0.7279)
(-0.0229)
G2(1.1387)
(0.8886)
(0.3666)
G3(-0.2368)
(2.0843)
(-1.1680)
G4(0.2336)
(0.6178)
(0.2410)
A1(-0.6706)
(10.9357)
(0.1245)
A2(-0.3639)
(8.3797)
(1.4126)
A3(-0.7997)
(9.4332)
(-1.3982)
A4(-0.0144)
(9.0261)
(-4.7884)
G1(-0.4954)
(-1.1408)
(0.6364)
G2(0.4188)
(1.0115)
(0.5140)
G3(0.3858)
(1.5500)
(-0.4358)
G4(0.5364)
(0.6034)
(0.5146)
A1(1.6909)
(14.4276)
(-0.6610)
A2(0.2538)
(9.3134)
(-0.3448)
A3(1.8627)
(8.0014)
(-3.7254)
A4(-0.3352)
(10.7787)
(-5.1763)
G1(0.7258)
(-0.5715)
(1.5426)
G2(0.2735)
(0.5380)
(0.5843)
G3(0.8961)
(-0.3214)
(0.5252)
G4(0.6412)
(1.0589)
(0.4550)
A1(2.4956)
(8.7370)
(1.0921)
A2(-0.7470)
(9.2464)
(-0.1053)
A3(-6.3829)
(10.3477)
(-8.3893)
A4(4.8123)
(6.1627)
(-8.1547)
G1(1.8592)
(2.2226)
(1.3111)
G2(0.2746)
(0.4949)
(0.6949)
G3(0.5215)
(-0.8056)
(0.5545)
G4(0.2740)
(1.7624)
(0.0490)
