A1(-0.2970)
(8.2868)
(5.8965)
A2(1.5419)
(9.7396)
(0.2346)
A3(-2.6624)
(10.3477)
(-0.5267)
A4(1.0965)
(8.9304)
(-5.0374)
G1(-1.1142)
(-0.6731)
(-0.4395)
G2(0.1548)
(-0.7205)
(-0.0011)
G3(0.6210)
(-1.7592)
(0.9509)
G4(0.0867)
(-0.2692)
(0.1532)
A1(1.9687)
(5.9061)
(6.7635)
A2(-1.0534)
(9.7779)
(0.2825)
A3(0.2059)
(6.9097)
(-3.6536)
A4(0.6704)
(9.9455)
(-1.9058)
G1(0.4864)
(-0.3767)
(0.2059)
G2(0.5071)
(-0.9546)
(0.0686)
G3(0.6258)
(-1.3127)
(1.7586)
G4(0.6210)
(-0.4406)
(0.3927)
A1(-1.4514)
(6.6965)
(6.1648)
A2(-1.0630)
(9.1171)
(0.9912)
A3(6.0238)
(5.3439)
(-2.6145)
A4(6.9576)
(14.1354)
(-0.2729)
G1(1.5080)
(0.0803)
(0.0676)
G2(0.3672)
(-0.7359)
(0.1751)
G3(0.3251)
(-0.3480)
(1.7533)
G4(1.7820)
(-1.2989)
(0.7817)
A1(1.2598)
(6.3564)
(8.2437)
A2(-1.2833)
(8.9495)
(0.7374)
A3(-0.4597)
(14.3077)
(-2.4469)
A4(0.2203)
(23.4009)
(-11.5448)
G1(0.9216)
(-6.8350)
(-0.8445)
G2(0.3954)
(-0.9977)
(0.3331)
G3(2.2237)
(1.8608)
(-1.2600)
G4(3.5737)
(-0.5193)
(1.2739)
A1(4.0045)
(7.7311)
(8.8280)
A2(5.0757)
(8.3749)
(6.4260)
A3(-5.7844)
(8.1547)
(-6.6032)
A4(-9.4236)
(0.8811)
(-32.2691)
G1(0.4911)
(-1.6863)
(0.3991)
G2(-3.4124)
(-2.9463)
(0.0335)
G3(-0.1128)
(-2.5398)
(0.8924)
G4(-4.0653)
(1.7757)
(0.2740)
A1(5.7480)
(10.0256)
(8.5167)
A2(7.2401)
(2.6288)
(13.8193)
A3(6.9767)
(7.8961)
(-1.2737)
A4(5.3103)
(1.6616)
(-29.0704)
G1(-0.0506)
(0.4858)
(0.2214)
G2(-8.5111)
(-7.2144)
(0.3570)
G3(-0.6710)
(-1.6809)
(-0.0415)
G4(-7.9546)
(3.7173)
(0.2373)
A1(3.8751)
(6.7875)
(3.6835)
A2(14.4083)
(12.1913)
(21.8208)
A3(0.3400)
(8.2456)
(-7.6327)
A4(6.2537)
(10.6542)
(-2.5139)
G1(-1.4628)
(-0.9839)
(-0.5864)
G2(-8.4319)
(-3.5646)
(5.0162)
G3(0.3549)
(-0.7513)
(0.5848)
G4(-12.8814)
(4.0574)
(1.0733)
A1(4.2200)
(8.1574)
(2.4956)
A2(5.3151)
(20.4896)
(12.7228)
A3(-3.5482)
(12.4977)
(-2.2649)
A4(4.8076)
(19.6708)
(-1.2546)
G1(-1.4596)
(-2.9208)
(-0.7045)
G2(-7.1410)
(-1.2052)
(4.9476)
G3(0.0479)
(-1.6937)
(0.8487)
G4(-11.3548)
(-2.9309)
(5.9272)
A1(-12.1763)
(8.4592)
(1.2550)
A2(-0.6369)
(3.5291)
(3.3279)
A3(2.2122)
(4.7453)
(-5.3965)
A4(-14.1162)
(-0.0144)
(-16.8839)
G1(-0.7545)
(-1.5713)
(0.0372)
G2(-4.8465)
(1.4787)
(2.9809)
G3(0.0623)
(-1.6283)
(0.1809)
G4(-2.3136)
(0.2293)
(1.9582)
A1(0.1198)
(10.1549)
(6.0546)
A2(-2.6432)
(-10.3142)
(9.2273)
A3(-1.0104)
(6.2106)
(-4.8076)
A4(-2.7485)
(-8.6718)
(-11.4778)
G1(-0.1963)
(1.5570)
(0.2315)
G2(-4.5395)
(1.8704)
(1.1164)
G3(0.4784)
(-0.8338)
(0.6582)
G4(2.2764)
(-0.2283)
(-3.5487)
A1(5.0200)
(11.8937)
(5.1206)
A2(2.8970)
(6.6846)
(2.6240)
A3(-0.0814)
(3.5099)
(-11.5927)
A4(-1.8627)
(0.3112)
(-4.1372)
G1(0.3278)
(1.5937)
(0.0708)
G2(-3.1336)
(2.8617)
(-0.4257)
G3(0.5310)
(-0.0500)
(-0.8344)
G4(3.2273)
(-1.2068)
(-3.7418)
A1(5.9061)
(10.9261)
(1.5711)
A2(1.7478)
(-3.8834)
(3.7062)
A3(1.3120)
(4.1515)
(-7.5992)
A4(6.5027)
(8.4994)
(1.3982)
G1(1.0818)
(-1.0706)
(-0.6220)
G2(1.8427)
(1.2744)
(-1.7421)
G3(1.0195)
(-0.3954)
(0.1532)
G4(4.5980)
(-2.7159)
(-3.0447)
A1(2.1076)
(9.1586)
(3.2381)
A2(2.9353)
(-5.4205)
(8.1163)
A3(0.9768)
(14.8297)
(-2.5809)
A4(10.0700)
(12.7659)
(-1.1157)
G1(1.7533)
(-0.2091)
(-0.6667)
G2(3.9978)
(0.6215)
(-2.0635)
G3(-0.0245)
(0.4917)
(0.5135)
G4(2.0029)
(-3.4199)
(-2.5403)
A1(1.2167)
(13.7283)
(6.0019)
A2(8.5281)
(-2.6432)
(11.5640)
A3(5.0182)
(-3.4907)
(-5.3295)
A4(15.1218)
(17.1329)
(-1.6089)
G1(0.6875)
(0.5656)
(-0.6737)
G2(4.6895)
(0.0495)
(-2.9633)
G3(-0.0835)
(1.2169)
(-0.7907)
G4(1.3984)
(-2.3440)
(-1.9433)
A1(1.7675)
(11.6590)
(-0.7041)
A2(4.1084)
(1.1157)
(10.8793)
A3(-1.9010)
(20.4800)
(-7.1299)
A4(12.6797)
(14.5711)
(-0.4741)
G1(0.6380)
(-1.1084)
(-0.6715)
G2(3.3252)
(-3.1746)
(-3.9398)
G3(-0.5747)
(0.4970)
(0.1963)
G4(1.1355)
(-0.6864)
(-1.1877)
A1(-3.6021)
(10.4519)
(3.4871)
A2(5.3534)
(8.3127)
(9.1363)
A3(4.8842)
(0.5507)
(-5.0661)
A4(11.1330)
(9.3470)
(0.5315)
G1(1.2622)
(0.9791)
(-0.1277)
G2(2.1747)
(-0.1713)
(-3.6817)
G3(-0.4709)
(-0.1405)
(-0.1197)
G4(0.5044)
(-1.1435)
(-0.4470)
A1(2.9555)
(6.9982)
(2.3423)
A2(8.9064)
(7.9679)
(5.9233)
A3(0.3256)
(8.0014)
(-4.5490)
A4(7.4124)
(6.6894)
(-0.7853)
G1(0.5912)
(0.3794)
(-0.5571)
G2(2.0566)
(0.4023)
(-1.5474)
G3(-0.6917)
(-0.3070)
(0.1442)
G4(-0.3868)
(0.0979)
(0.0085)
A1(3.8129)
(9.2352)
(2.4477)
A2(4.9321)
(5.5067)
(3.9983)
A3(2.7821)
(7.9966)
(-2.1117)
A4(6.5314)
(7.2544)
(0.4836)
G1(0.5550)
(0.0521)
(-0.3634)
G2(1.8730)
(-0.2586)
(-0.7471)
G3(-0.2772)
(-0.0867)
(-0.3570)
G4(0.0117)
(-0.2070)
(-0.1054)
A1(3.2620)
(9.4795)
(1.1544)
A2(5.2433)
(6.7612)
(5.7174)
A3(1.7669)
(9.5098)
(-2.8730)
A4(6.7277)
(7.8099)
(-1.4557)
G1(0.7710)
(-0.6183)
(-0.6689)
G2(1.0738)
(0.0537)
(-0.3081)
G3(0.1783)
(-0.0777)
(-0.1948)
G4(0.7476)
(-0.5257)
(-0.2235)
A1(-0.7904)
(10.4567)
(0.0671)
A2(7.1491)
(5.9280)
(4.6448)
A3(3.1029)
(9.2416)
(-3.4716)
A4(0.7614)
(11.9231)
(0.1676)
G1(0.9344)
(0.7066)
(-0.6423)
G2(0.8035)
(0.2698)
(-0.0559)
G3(0.5342)
(-1.0323)
(-0.2389)
G4(0.9355)
(0.3352)
(-0.7764)
