A1(0.2299)
(8.8233)
(2.4717)
A2(1.2450)
(9.3948)
(-0.6464)
A3(-0.9194)
(9.1411)
(-2.0590)
A4(-0.5267)
(8.2600)
(-6.1627)
G1(-0.0654)
(-0.5555)
(-0.0037)
G2(-0.0229)
(-0.1719)
(-0.0043)
G3(-0.0410)
(-0.0553)
(0.0128)
G4(0.0106)
(-0.1112)
(0.0096)
A1(-0.0671)
(8.7610)
(3.6835)
A2(0.7709)
(9.3757)
(-1.1827)
A3(-0.9146)
(9.4284)
(-2.0111)
A4(-0.1341)
(8.1259)
(-5.9376)
G1(-0.1117)
(-0.5188)
(0.0186)
G2(-0.0729)
(-0.5741)
(-0.0372)
G3(-0.1235)
(0.0165)
(-0.0250)
G4(-0.1219)
(-0.2304)
(0.0569)
A1(0.0335)
(9.0963)
(4.1530)
A2(0.6847)
(9.5720)
(-1.0822)
A3(-1.2737)
(9.7588)
(-1.0918)
A4(-0.2634)
(8.5665)
(-5.3486)
G1(-0.0857)
(-0.1687)
(-0.0043)
G2(0.0548)
(-0.3038)
(-0.0788)
G3(-0.1261)
(-0.2320)
(0.0474)
G4(-0.0761)
(-0.0750)
(0.0314)
A1(-0.3018)
(9.0484)
(4.2009)
A2(0.6033)
(9.6199)
(-1.0534)
A3(-0.8571)
(9.5481)
(-1.1827)
A4(-0.4788)
(8.4084)
(-5.7030)
G1(-0.1362)
(0.0846)
(-0.0223)
G2(0.1469)
(-0.3767)
(-0.0862)
G3(-0.0899)
(-0.1219)
(-0.0021)
G4(-0.0580)
(0.0654)
(-0.0043)
A1(0.3257)
(8.6269)
(4.3589)
A2(0.2203)
(9.3326)
(-0.9242)
A3(-1.1923)
(9.8497)
(-0.9194)
A4(-0.5890)
(8.4994)
(-6.0238)
G1(-0.3459)
(-0.1197)
(-0.0122)
G2(-0.0181)
(-0.1884)
(-0.0383)
G3(0.0399)
(-0.0325)
(0.0442)
G4(-0.1000)
(-0.0894)
(0.0686)
A1(0.0766)
(7.8748)
(6.7348)
A2(0.2729)
(9.6726)
(-0.4645)
A3(-1.2498)
(10.8649)
(0.1389)
A4(0.0910)
(9.1315)
(-4.5203)
G1(-0.9642)
(-0.4198)
(-0.0266)
G2(0.0750)
(-0.3879)
(0.0122)
G3(0.3485)
(-0.8391)
(0.5949)
G4(0.0841)
(-0.1937)
(0.1096)
A1(0.1102)
(7.5347)
(7.2952)
A2(0.2873)
(9.2560)
(-0.0910)
A3(-2.8587)
(9.4571)
(-0.7949)
A4(-0.6656)
(9.8833)
(-3.9648)
G1(-0.2836)
(0.2224)
(-0.0021)
G2(0.2948)
(-0.7258)
(0.0218)
G3(0.9770)
(0.1250)
(0.3177)
G4(0.2288)
(-0.1378)
(0.1506)
A1(3.5111)
(10.9836)
(6.2510)
A2(-2.2027)
(9.9551)
(1.4078)
A3(5.6072)
(5.5067)
(-1.6664)
A4(13.0245)
(21.4808)
(-3.3615)
G1(2.2934)
(-1.8124)
(0.3597)
G2(0.4342)
(-0.2453)
(0.0303)
G3(0.2017)
(-0.4443)
(1.9725)
G4(2.4323)
(-1.8283)
(0.7737)
A1(1.4993)
(14.0348)
(-2.8549)
A2(-1.7047)
(9.3278)
(0.7949)
A3(0.7901)
(2.7964)
(-4.5011)
A4(-1.8196)
(38.3312)
(18.2773)
G1(1.9635)
(-3.7652)
(-0.8019)
G2(0.8908)
(0.1543)
(0.1543)
G3(-0.0532)
(-1.2409)
(2.1396)
G4(4.5299)
(-1.7517)
(0.8588)
A1(1.8969)
(8.1814)
(4.4212)
A2(2.8060)
(13.1825)
(7.6519)
A3(13.6326)
(5.0518)
(-17.8943)
A4(-1.2785)
(18.4784)
(-30.2675)
G1(0.7721)
(-2.4685)
(-0.2975)
G2(-1.1265)
(-2.1199)
(0.9935)
G3(-0.8471)
(0.8168)
(0.6002)
G4(-4.3043)
(2.7063)
(4.1696)
A1(3.2860)
(4.4787)
(6.2366)
A2(-4.0318)
(19.0435)
(18.1911)
A3(0.1245)
(14.7866)
(3.8499)
A4(9.8641)
(12.4307)
(-13.1681)
G1(-2.2817)
(-1.9853)
(1.3553)
G2(-8.7474)
(-3.2007)
(2.4536)
G3(-0.2086)
(0.2873)
(-0.3879)
G4(-12.0981)
(3.9142)
(-0.5832)
A1(6.1408)
(3.0848)
(1.2023)
A2(9.7875)
(22.6108)
(15.2606)
A3(-1.1827)
(9.8306)
(-4.5346)
A4(-2.1883)
(17.7410)
(-8.7867)
G1(-0.7726)
(-1.5027)
(-1.1648)
G2(-8.3904)
(-1.1424)
(4.9673)
G3(0.5459)
(-2.4786)
(1.5314)
G4(-10.5725)
(10.3985)
(7.2655)
A1(7.4773)
(9.2831)
(8.9765)
A2(4.1468)
(13.8289)
(2.9592)
A3(0.8859)
(-6.7756)
(-9.7540)
A4(13.0484)
(10.6829)
(-3.1987)
G1(-1.4649)
(-3.9084)
(-2.5238)
G2(-5.5797)
(1.2223)
(3.4034)
G3(-0.0074)
(-4.0494)
(0.8775)
G4(-4.0755)
(7.7731)
(0.0596)
A1(-0.3545)
(11.5344)
(4.7996)
A2(-1.0822)
(-15.1649)
(7.5034)
A3(8.2552)
(9.6007)
(-5.7892)
A4(-11.5640)
(-1.7909)
(-10.6303)
G1(0.5459)
(0.2591)
(-0.3927)
G2(-4.0834)
(0.3757)
(3.3757)
G3(1.0488)
(-2.8718)
(1.3548)
G4(-0.6689)
(0.7168)
(-2.9617)
A1(2.6633)
(12.8277)
(4.5505)
A2(10.5632)
(6.8618)
(0.0000)
A3(8.2025)
(2.2745)
(-11.2911)
A4(-1.0918)
(6.2584)
(-3.9696)
G1(1.4463)
(-0.2011)
(-1.0568)
G2(-3.1682)
(1.8443)
(-0.5864)
G3(1.0057)
(1.1536)
(-0.6726)
G4(3.8775)
(-0.7492)
(-5.1716)
A1(5.6954)
(14.9689)
(3.0273)
A2(1.4605)
(0.0527)
(3.3710)
A3(2.6432)
(8.1355)
(-4.4149)
A4(6.6415)
(15.2846)
(-0.3974)
G1(0.6167)
(-0.7726)
(-0.7082)
G2(1.7405)
(1.5240)
(-2.2327)
G3(-0.8056)
(1.3079)
(0.2980)
G4(5.2413)
(-3.9717)
(-3.0953)
A1(4.0332)
(8.4209)
(3.1471)
A2(3.3136)
(-2.5379)
(8.4228)
A3(-2.6432)
(11.6693)
(-5.1715)
A4(11.1761)
(20.6715)
(-5.6024)
G1(0.0426)
(-0.5390)
(-0.9216)
G2(4.0089)
(-0.1059)
(-2.9474)
G3(-0.5050)
(-0.5353)
(0.5901)
G4(1.2095)
(-1.7240)
(-1.5511)
A1(0.1581)
(10.1309)
(2.1268)
A2(10.4244)
(-3.6105)
(9.8306)
A3(2.2266)
(12.7372)
(-5.1811)
A4(15.5767)
(14.0923)
(-5.5641)
G1(0.2708)
(-0.9009)
(-0.5960)
G2(4.1058)
(-2.2615)
(-3.3858)
G3(-0.3171)
(-0.0447)
(0.4039)
G4(0.4911)
(-3.6141)
(-1.7475)
A1(3.7123)
(9.9393)
(2.7112)
A2(8.6526)
(4.7884)
(9.2703)
A3(1.8531)
(6.8091)
(-6.0717)
A4(12.1673)
(12.4307)
(0.2873)
G1(0.6870)
(0.4464)
(-0.3304)
G2(3.2794)
(-1.0312)
(-4.8002)
G3(0.1149)
(-0.6513)
(0.4097)
G4(0.0537)
(-0.0591)
(-1.4521)
A1(2.4812)
(9.4507)
(2.3232)
A2(7.7524)
(6.2632)
(7.7476)
A3(2.6049)
(8.1690)
(-4.6400)
A4(7.7476)
(7.6040)
(-2.9544)
G1(1.3031)
(0.3097)
(-0.5699)
G2(2.9905)
(1.6054)
(-1.7033)
G3(0.0266)
(-0.2724)
(-0.0101)
G4(0.0963)
(-0.9562)
(0.0394)
