A1(3.0944)
(9.8387)
(0.3880)
A2(5.3247)
(7.2640)
(2.3607)
A3(-1.3503)
(6.8522)
(-7.4891)
A4(2.2793)
(5.4061)
(-4.6256)
G1(0.5491)
(1.9177)
(-0.0442)
G2(-0.6369)
(0.8407)
(-0.1213)
G3(-0.0692)
(0.7838)
(-0.6550)
G4(0.7827)
(2.1593)
(-1.9023)
A1(1.1400)
(9.0771)
(-1.0155)
A2(4.8459)
(8.6910)
(6.2920)
A3(2.4181)
(7.9057)
(-7.6423)
A4(-4.7166)
(9.2416)
(-1.8244)
G1(1.1393)
(2.4530)
(-0.5417)
G2(-0.7918)
(0.3709)
(0.9062)
G3(-0.1564)
(1.0536)
(-0.8849)
G4(1.1275)
(2.5648)
(-2.3791)
A1(2.6537)
(10.6004)
(6.8641)
A2(3.6966)
(4.1659)
(4.7836)
A3(1.0151)
(5.8849)
(-7.6423)
A4(5.1140)
(0.3879)
(-7.2449)
G1(2.1300)
(1.3920)
(-0.9339)
G2(-0.2964)
(1.8454)
(0.6577)
G3(-0.1128)
(1.3212)
(-1.1025)
G4(1.6778)
(1.3101)
(-0.9104)
A1(-2.6681)
(7.7455)
(1.9352)
A2(2.9736)
(5.3151)
(7.6710)
A3(-0.8140)
(9.1794)
(-3.8259)
A4(-0.4357)
(18.8232)
(-5.6743)
G1(-0.5928)
(3.4369)
(-1.1222)
G2(-0.0937)
(0.3411)
(0.4182)
G3(-0.0271)
(0.6838)
(-0.9839)
G4(1.5149)
(1.7358)
(-0.5401)
A1(-4.8858)
(1.2789)
(16.3484)
A2(2.0351)
(6.1339)
(7.8195)
A3(-0.8140)
(18.5168)
(2.2362)
A4(-7.2209)
(9.0261)
(-10.3669)
G1(-7.4075)
(6.4449)
(-0.6481)
G2(0.9961)
(2.2801)
(0.1862)
G3(1.0754)
(2.2487)
(-1.6224)
G4(-0.1362)
(0.8125)
(-0.6848)
A1(-0.6850)
(31.0826)
(17.2010)
A2(-1.0918)
(13.8624)
(9.4427)
A3(-4.7788)
(24.5406)
(-10.7500)
A4(-3.9983)
(16.1321)
(-2.2841)
G1(-9.0433)
(0.4975)
(-6.7967)
G2(2.0646)
(1.4591)
(1.0807)
G3(4.1223)
(1.7858)
(-4.4368)
G4(-1.1180)
(0.9562)
(0.2038)
A1(-0.6514)
(23.7730)
(-6.8258)
A2(-4.9177)
(8.7819)
(4.4245)
A3(14.4275)
(22.0937)
(-33.7056)
A4(-2.8108)
(13.5081)
(-3.5817)
G1(-5.7410)
(-0.4432)
(-3.0346)
G2(2.2173)
(5.4105)
(1.4968)
G3(-1.6873)
(-1.3010)
(-1.5900)
G4(-0.6843)
(0.0005)
(-0.6896)
A1(3.6931)
(-2.8836)
(-1.2167)
A2(8.8298)
(13.6182)
(2.1931)
A3(3.0215)
(4.8746)
(-29.6785)
A4(-2.8204)
(0.2203)
(3.4285)
G1(-6.4061)
(0.7998)
(-2.6084)
G2(2.9272)
(6.8318)
(-0.1501)
G3(-11.2175)
(-5.5106)
(-0.9051)
G4(-0.6619)
(2.3243)
(-1.8326)
A1(3.7171)
(4.1386)
(9.1777)
A2(-6.5505)
(10.2280)
(6.5074)
A3(-5.5067)
(40.4093)
(2.7869)
A4(-1.8244)
(0.7805)
(-7.3694)
G1(-6.8855)
(3.2150)
(-1.4591)
G2(1.0126)
(3.6519)
(-1.3133)
G3(-13.2869)
(6.4593)
(-2.4903)
G4(1.3760)
(1.7592)
(0.1235)
A1(-3.2955)
(15.1509)
(-11.8553)
A2(3.4907)
(-2.7869)
(6.7038)
A3(22.9652)
(57.1735)
(9.2799)
A4(-5.2146)
(25.4312)
(-3.8547)
G1(-4.0685)
(-5.2711)
(0.3581)
G2(-0.1149)
(4.4511)
(-0.5640)
G3(-11.8023)
(2.8511)
(-3.6306)
G4(1.3542)
(1.0919)
(-0.2666)
A1(4.7805)
(-2.7447)
(0.3305)
A2(-2.6815)
(9.7971)
(4.8794)
A3(6.6128)
(27.1550)
(-5.6455)
A4(2.5283)
(-7.3167)
(-11.9135)
G1(-0.3560)
(0.1511)
(0.5321)
G2(0.4204)
(-1.0892)
(0.0995)
G3(-5.3802)
(-0.4262)
(-0.9259)
G4(1.0743)
(-0.0575)
(1.0887)
A1(-0.9484)
(-0.9963)
(1.7388)
A2(-16.9270)
(6.3398)
(4.8315)
A3(25.9579)
(-7.9152)
(-37.4597)
A4(2.8539)
(3.2705)
(-10.3956)
G1(0.6098)
(-0.8737)
(2.5813)
G2(1.1196)
(5.2881)
(2.1098)
G3(-4.4793)
(0.3283)
(0.7822)
G4(0.4608)
(-0.4454)
(0.9035)
A1(-4.6368)
(0.8383)
(8.4113)
A2(3.0502)
(7.7859)
(-2.6959)
A3(11.2240)
(-7.7045)
(-21.6053)
A4(9.9647)
(7.4603)
(-4.6448)
G1(5.2456)
(0.1229)
(3.9238)
G2(0.7577)
(-2.6212)
(0.2655)
G3(4.0127)
(2.2774)
(1.7650)
G4(-0.4119)
(1.0727)
(-0.4140)
A1(-11.4961)
(-0.1437)
(9.4316)
A2(5.2146)
(10.9032)
(0.0144)
A3(1.7813)
(8.8298)
(-9.2656)
A4(-3.9840)
(11.3150)
(-8.1977)
G1(4.5836)
(0.8578)
(4.4096)
G2(-0.0218)
(-0.0968)
(0.2038)
G3(5.1221)
(0.0724)
(3.5928)
G4(0.2235)
(1.6309)
(-0.8966)
A1(-13.0193)
(1.5807)
(12.1188)
A2(0.3879)
(11.2911)
(4.4245)
A3(-2.1404)
(20.5614)
(1.7573)
A4(-2.7390)
(13.6565)
(-4.0893)
G1(3.8509)
(2.2258)
(4.6209)
G2(-0.1373)
(-0.0325)
(-0.0681)
G3(6.7264)
(0.6987)
(3.3874)
G4(-0.6252)
(-0.5071)
(0.0649)
A1(-5.8343)
(11.9368)
(11.2039)
A2(-7.4029)
(11.6023)
(6.7947)
A3(-7.2496)
(20.3316)
(4.6304)
A4(-0.4166)
(10.5105)
(-3.3423)
G1(3.0283)
(-5.2546)
(3.8764)
G2(-0.4879)
(-0.0282)
(-0.1969)
G3(6.7419)
(4.6118)
(1.9326)
G4(0.2677)
(0.9099)
(-0.4411)
A1(-16.0610)
(6.1312)
(10.1884)
A2(4.2234)
(7.0246)
(4.3958)
A3(-9.7731)
(17.6501)
(-1.9489)
A4(-6.1052)
(7.4029)
(-8.9543)
G1(1.6847)
(2.1199)
(1.4324)
G2(-0.1415)
(-0.0825)
(0.3810)
G3(2.0981)
(1.8826)
(2.3104)
G4(0.1735)
(0.3086)
(0.2666)
A1(-6.6150)
(9.5561)
(7.6401)
A2(-2.9113)
(12.2009)
(6.0047)
A3(-15.4043)
(27.5573)
(9.9599)
A4(1.1827)
(8.4707)
(-6.7708)
G1(0.9887)
(-0.7455)
(0.7843)
G2(0.1926)
(-0.7721)
(0.6332)
G3(1.7288)
(2.0763)
(2.0875)
G4(0.0138)
(-0.2373)
(0.6566)
A1(-3.9278)
(8.5598)
(6.1648)
A2(2.5474)
(14.8776)
(1.7765)
A3(-14.6812)
(11.0899)
(2.8778)
A4(2.0351)
(6.2872)
(-6.6272)
G1(0.7412)
(-0.1857)
(-0.0532)
G2(0.6061)
(-1.3744)
(-0.0101)
G3(0.2059)
(-0.8892)
(0.7487)
G4(-0.1410)
(0.1719)
(0.2767)
A1(-3.1039)
(8.3682)
(3.9039)
A2(-2.7725)
(9.8785)
(2.6863)
A3(-6.9001)
(13.4937)
(3.3519)
A4(-0.4597)
(8.1499)
(-7.6519)
G1(1.0190)
(0.7897)
(-0.1517)
G2(0.5034)
(-1.6229)
(-0.2767)
G3(0.2038)
(0.8312)
(-0.1176)
G4(-0.2001)
(0.3453)
(0.1032)
