A1(0.5509)
(8.2293)
(-1.1640)
A2(3.2274)
(7.9009)
(2.5905)
A3(-1.0534)
(8.1020)
(-5.8706)
A4(0.6512)
(8.1930)
(-0.8140)
G1(0.4576)
(1.0084)
(-0.3831)
G2(-0.7551)
(0.2182)
(-0.1256)
G3(-0.0734)
(0.4949)
(-0.3028)
G4(0.7418)
(3.7493)
(-2.6137)
A1(4.1003)
(7.9706)
(1.6765)
A2(2.7438)
(8.9352)
(4.3383)
A3(-1.0247)
(8.7388)
(-3.3902)
A4(6.5601)
(4.8554)
(-5.5785)
G1(0.4512)
(1.0286)
(-0.6380)
G2(-0.8413)
(0.7066)
(0.4033)
G3(0.0591)
(0.3496)
(-0.3086)
G4(0.1687)
(1.6224)
(-1.4926)
A1(1.8442)
(12.6984)
(4.9864)
A2(0.0000)
(6.9767)
(4.6926)
A3(1.6999)
(9.9264)
(-2.7246)
A4(3.4620)
(20.9493)
(0.5411)
G1(-0.2730)
(1.9544)
(-0.2927)
G2(-0.8647)
(1.9566)
(0.2597)
G3(0.3139)
(0.3688)
(-0.5087)
G4(0.7466)
(-0.7652)
(1.2345)
A1(8.3011)
(31.4274)
(0.2443)
A2(4.3814)
(7.1395)
(6.4117)
A3(4.0749)
(25.1391)
(9.0405)
A4(1.3982)
(8.7149)
(-11.8178)
G1(-8.1631)
(3.7296)
(-0.9200)
G2(0.8838)
(1.1068)
(0.1298)
G3(3.4694)
(1.5346)
(-2.1263)
G4(-0.0527)
(-0.0564)
(-0.7817)
A1(1.7915)
(15.3808)
(8.1383)
A2(5.5593)
(9.4571)
(15.0308)
A3(1.6520)
(31.6801)
(4.3622)
A4(0.8619)
(7.3310)
(-7.8626)
G1(-6.8983)
(1.3537)
(-5.1344)
G2(0.5454)
(-0.4778)
(0.0032)
G3(4.2878)
(3.7243)
(-2.9463)
G4(-0.5305)
(2.5164)
(-1.0429)
A1(-5.8438)
(4.0524)
(-6.4330)
A2(6.2968)
(13.0484)
(0.2346)
A3(15.5719)
(8.6000)
(-13.5703)
A4(1.1301)
(2.8635)
(-7.3119)
G1(-5.7708)
(1.5197)
(-1.8651)
G2(1.4766)
(5.6931)
(0.9732)
G3(-11.7091)
(-1.4165)
(3.3864)
G4(0.0069)
(1.2313)
(-1.3441)
A1(-2.2896)
(-6.2989)
(18.8632)
A2(0.6321)
(9.9599)
(1.4700)
A3(-25.1918)
(26.7576)
(-14.0827)
A4(4.1899)
(11.2336)
(-5.1236)
G1(-5.9618)
(2.9554)
(-3.6726)
G2(1.1004)
(4.6033)
(0.0830)
G3(-14.4075)
(-3.6322)
(4.7209)
G4(0.5619)
(2.7744)
(-1.0924)
A1(-0.8239)
(13.1439)
(-5.8630)
A2(-7.7764)
(9.2656)
(4.2473)
A3(8.8202)
(39.9353)
(17.4442)
A4(-11.8465)
(11.9614)
(-9.4571)
G1(-5.3871)
(-3.1166)
(0.6188)
G2(-0.2533)
(3.8999)
(-0.8982)
G3(-11.3723)
(3.1145)
(-1.4457)
G4(-0.0527)
(0.4853)
(-0.0899)
A1(-4.6176)
(-5.9732)
(2.1843)
A2(0.5315)
(7.5369)
(5.9280)
A3(2.6719)
(22.1703)
(-12.7611)
A4(8.7628)
(-6.2153)
(-6.7133)
G1(-1.0323)
(1.5990)
(1.5607)
G2(-0.5199)
(4.4862)
(1.1265)
G3(-5.1466)
(-1.7959)
(1.4319)
G4(-0.1873)
(-2.2333)
(0.7072)
A1(-1.0490)
(0.0240)
(2.0166)
A2(1.1588)
(11.2815)
(-3.3471)
A3(-2.6097)
(-3.3998)
(-21.5813)
A4(11.5496)
(8.6479)
(-2.9784)
G1(3.4672)
(-1.3713)
(2.7143)
G2(0.6401)
(2.2386)
(-0.7045)
G3(0.1799)
(0.5348)
(3.0644)
G4(-0.4938)
(3.6024)
(-1.2622)
A1(0.3736)
(0.4982)
(3.8416)
A2(1.7909)
(7.3454)
(2.3080)
A3(-0.9194)
(-8.4946)
(-17.1521)
A4(-4.8123)
(9.9551)
(-3.8355)
G1(4.5363)
(-1.2483)
(2.9527)
G2(0.4715)
(-3.6945)
(0.6220)
G3(3.2193)
(0.5332)
(2.0476)
G4(-0.1719)
(3.3300)
(-1.5000)
A1(-21.7564)
(6.1887)
(10.4327)
A2(5.3103)
(7.0677)
(2.6097)
A3(1.5083)
(9.8402)
(-1.8962)
A4(-1.5610)
(9.3853)
(-2.8299)
G1(4.6198)
(1.0312)
(4.1175)
G2(-0.7891)
(1.1148)
(0.6444)
G3(5.9001)
(-0.5018)
(2.7526)
G4(0.1634)
(0.9243)
(-0.3453)
A1(-0.1006)
(1.8969)
(7.1611)
A2(-5.8419)
(8.1594)
(5.4731)
A3(0.1293)
(21.8016)
(2.2505)
A4(-0.8523)
(7.0581)
(-6.3446)
G1(3.1336)
(2.3711)
(4.8055)
G2(-0.7082)
(1.9795)
(0.8689)
G3(6.3726)
(0.7737)
(1.8331)
G4(0.5225)
(0.9940)
(-0.2474)
A1(-10.8734)
(10.9165)
(10.3417)
A2(-3.0981)
(8.3127)
(4.0414)
A3(-7.6614)
(15.0835)
(1.2977)
A4(-2.1021)
(7.5800)
(-9.0644)
G1(2.6345)
(-2.6042)
(2.1322)
G2(0.0255)
(-1.4862)
(0.4470)
G3(4.4974)
(4.0270)
(1.1478)
G4(0.3517)
(1.1605)
(-0.0830)
A1(-2.5244)
(10.9500)
(2.2369)
A2(-2.9066)
(7.6231)
(2.2936)
A3(-12.5839)
(27.3370)
(1.3216)
A4(-1.2929)
(8.5425)
(-3.8403)
G1(2.5584)
(-1.5751)
(1.3814)
G2(-0.5380)
(0.5779)
(0.4874)
G3(1.6006)
(2.6584)
(0.9711)
G4(0.1905)
(0.1261)
(0.2155)
A1(-5.9636)
(12.1092)
(7.0749)
A2(1.7238)
(10.1083)
(0.2538)
A3(-9.1842)
(15.9310)
(4.0223)
A4(1.3168)
(7.5178)
(-7.2353)
G1(3.1315)
(-1.3244)
(1.1009)
G2(0.3868)
(-0.2522)
(0.5523)
G3(0.8652)
(1.1563)
(0.2379)
G4(0.1123)
(-0.2650)
(0.4480)
A1(-5.2355)
(7.5347)
(2.1986)
A2(1.5371)
(8.6574)
(2.0542)
A3(-1.8004)
(7.3598)
(-4.2856)
A4(1.1923)
(7.1299)
(-7.0390)
G1(-1.6597)
(1.2824)
(-0.8461)
G2(1.0206)
(-0.0096)
(-0.2022)
G3(0.3395)
(1.1185)
(0.4486)
G4(-0.2607)
(0.3363)
(0.2001)
A1(-3.2812)
(10.2842)
(2.3663)
A2(-2.3990)
(10.1801)
(0.6943)
A3(5.2864)
(5.4348)
(-4.5969)
A4(0.4453)
(8.4228)
(-6.3159)
G1(0.3358)
(0.0234)
(0.7742)
G2(1.0903)
(-0.1213)
(0.0367)
G3(1.4138)
(0.1144)
(0.1799)
G4(-0.2916)
(0.7019)
(0.1692)
A1(-1.9591)
(9.6184)
(0.2203)
A2(1.1205)
(9.6007)
(-0.1053)
A3(3.4716)
(11.7124)
(-4.1132)
A4(1.5131)
(8.2600)
(-6.1627)
G1(-0.6151)
(0.4741)
(0.2756)
G2(0.3794)
(0.7396)
(0.5603)
G3(-0.0341)
(-1.5841)
(0.7865)
G4(-0.4129)
(0.0708)
(0.3246)
A1(2.4285)
(9.2448)
(2.8644)
A2(-1.6664)
(10.3717)
(2.6384)
A3(-3.0263)
(9.8785)
(-0.8906)
A4(1.9489)
(8.4324)
(-6.2968)
G1(0.6992)
(1.0701)
(0.2613)
G2(1.0983)
(1.0382)
(0.6311)
G3(0.1719)
(0.8365)
(0.0931)
G4(-0.4986)
(0.1219)
(0.2027)
