A1(-0.1772)
(7.8796)
(3.7793)
A2(1.7765)
(9.3565)
(-0.9625)
A3(-0.8906)
(9.8737)
(-0.9337)
A4(0.9864)
(8.7293)
(-4.8315)
G1(-0.8939)
(0.1554)
(-0.2097)
G2(-0.0910)
(-0.3283)
(-0.0718)
G3(-0.0905)
(-0.2852)
(0.0426)
G4(-0.1623)
(0.0889)
(-0.0378)
A1(-0.1245)
(8.0856)
(5.5181)
A2(0.6991)
(9.3805)
(-2.2170)
A3(-1.5706)
(11.1330)
(0.7326)
A4(1.0151)
(9.2177)
(-3.6344)
G1(-1.1286)
(0.1666)
(-0.4555)
G2(-0.0612)
(-0.5374)
(-0.0309)
G3(0.0346)
(-0.1580)
(0.0756)
G4(-0.0921)
(-0.0830)
(0.0059)
A1(0.7856)
(6.9647)
(7.2617)
A2(1.5993)
(9.4332)
(-1.1109)
A3(-1.1061)
(10.2759)
(0.8906)
A4(0.1532)
(9.4475)
(-4.1372)
G1(-1.1680)
(-0.6949)
(-0.1618)
G2(0.1873)
(-0.2022)
(0.0261)
G3(0.2794)
(-1.2201)
(0.3427)
G4(0.0436)
(-0.5071)
(0.0718)
A1(-0.3209)
(6.0354)
(7.4916)
A2(1.8148)
(9.4427)
(-0.4262)
A3(-0.5363)
(9.2656)
(0.5890)
A4(0.2777)
(9.3326)
(-3.9265)
G1(-0.6353)
(-0.6034)
(-0.0665)
G2(0.0750)
(-0.7779)
(-0.0846)
G3(0.6252)
(-1.0903)
(0.5587)
G4(0.1761)
(-0.7386)
(0.0378)
A1(-1.4897)
(6.2510)
(7.0126)
A2(0.2969)
(9.5912)
(0.2346)
A3(2.3224)
(6.6176)
(-3.3806)
A4(0.0910)
(9.2560)
(-4.3479)
G1(0.3821)
(-0.6737)
(-0.0883)
G2(0.1767)
(-0.9083)
(-0.0452)
G3(0.6274)
(-0.8418)
(0.6726)
G4(0.3336)
(-0.5614)
(0.0681)
A1(1.5807)
(6.8162)
(9.1059)
A2(-0.6273)
(9.6151)
(0.0862)
A3(5.3678)
(6.7995)
(-0.4022)
A4(0.1724)
(11.1905)
(0.3879)
G1(0.5119)
(-1.0791)
(0.3523)
G2(0.5348)
(-1.2324)
(0.1293)
G3(0.3411)
(-0.9269)
(1.8230)
G4(1.3058)
(-0.5795)
(0.1942)
A1(-2.4477)
(7.8940)
(11.8841)
A2(-1.2258)
(9.7731)
(0.4693)
A3(0.1820)
(7.6998)
(-1.6185)
A4(13.3261)
(16.8456)
(-3.7828)
G1(2.2099)
(-3.0618)
(-0.4555)
G2(0.5417)
(-0.8407)
(0.1011)
G3(0.3113)
(-0.3767)
(2.1146)
G4(2.7340)
(-1.1978)
(-0.0521)
A1(-1.7915)
(4.5026)
(0.2108)
A2(-2.1739)
(8.6095)
(1.4796)
A3(-4.0414)
(32.4271)
(-2.1404)
A4(-2.9736)
(18.1002)
(-18.5215)
G1(1.1589)
(-6.1730)
(0.3879)
G2(0.0788)
(-0.7402)
(0.2395)
G3(1.3164)
(0.6678)
(-0.0665)
G4(3.1182)
(1.1025)
(1.7650)
A1(-0.1006)
(10.8925)
(1.6142)
A2(0.5602)
(11.6262)
(4.9656)
A3(5.3582)
(5.6216)
(-8.1499)
A4(-6.4260)
(20.1831)
(-26.6379)
G1(-0.1117)
(-1.2143)
(-0.5992)
G2(-1.3787)
(-1.6836)
(0.6306)
G3(0.9131)
(0.0229)
(0.2575)
G4(-2.6276)
(-0.5890)
(4.5453)
A1(4.0045)
(10.1022)
(6.4474)
A2(6.2872)
(10.1706)
(5.3295)
A3(2.7007)
(15.4857)
(-3.1795)
A4(-17.2813)
(6.6942)
(-30.3441)
G1(0.5316)
(-0.5013)
(0.4241)
G2(-3.1661)
(-4.5304)
(1.3164)
G3(-0.1995)
(-1.1031)
(0.4906)
G4(-8.7910)
(3.6019)
(2.1125)
A1(3.9566)
(5.3074)
(3.9949)
A2(2.2745)
(25.9101)
(1.8196)
A3(1.9632)
(7.6519)
(-5.6790)
A4(2.0016)
(20.8200)
(0.1245)
G1(-0.6550)
(-2.3754)
(-0.2543)
G2(-6.8818)
(-2.8947)
(1.9656)
G3(-0.0170)
(-0.2586)
(0.1442)
G4(-13.0405)
(-4.5490)
(6.8190)
A1(4.2440)
(4.5601)
(4.1099)
A2(16.7498)
(11.3677)
(18.9669)
A3(-0.8859)
(9.2368)
(-4.0175)
A4(-5.0901)
(26.7911)
(6.9480)
G1(-1.4755)
(-3.9461)
(-0.6556)
G2(-9.2077)
(-1.4021)
(4.3777)
G3(-0.3900)
(-1.7783)
(0.9775)
G4(-12.1848)
(2.9793)
(7.9508)
A1(0.8718)
(6.4666)
(1.2023)
A2(4.2856)
(14.6812)
(4.0701)
A3(0.6800)
(5.8466)
(-1.8723)
A4(1.8723)
(15.2415)
(-11.9327)
G1(-1.6554)
(-5.9639)
(-3.0378)
G2(-5.2280)
(0.4049)
(3.7652)
G3(-0.2437)
(-2.5717)
(0.9833)
G4(-5.4930)
(3.5859)
(2.3945)
A1(-4.4068)
(7.7599)
(3.2476)
A2(9.0549)
(-14.3413)
(2.9018)
A3(1.0056)
(5.8466)
(-7.8434)
A4(-13.4315)
(-9.9072)
(-16.6589)
G1(0.1368)
(0.0250)
(-0.4443)
G2(-4.4426)
(0.5013)
(2.9341)
G3(0.8381)
(-3.5662)
(0.8876)
G4(-1.6714)
(1.3808)
(-0.9993)
A1(-1.9543)
(10.8686)
(1.6909)
A2(2.3894)
(3.1556)
(2.4565)
A3(0.9768)
(5.9376)
(-5.9280)
A4(-6.9384)
(-6.9671)
(-12.4068)
G1(0.3762)
(0.9860)
(0.4864)
G2(-6.6929)
(0.4033)
(1.0568)
G3(0.6274)
(-0.6742)
(-0.0697)
G4(1.7581)
(-0.1607)
(-2.6345)
A1(2.1651)
(8.8089)
(3.5446)
A2(-1.5083)
(-0.6608)
(1.9632)
A3(-3.5865)
(2.8395)
(-12.7372)
A4(1.6520)
(8.5186)
(-0.7230)
G1(0.7508)
(1.9305)
(0.1336)
G2(-1.1307)
(0.5587)
(-0.7944)
G3(0.8423)
(-0.6518)
(0.8434)
G4(4.9146)
(-0.9637)
(-4.7879)
A1(3.5111)
(9.3981)
(5.5996)
A2(3.3758)
(-1.8100)
(3.0071)
A3(-0.3639)
(8.3510)
(-9.1219)
A4(6.3686)
(15.6964)
(1.4844)
G1(0.3672)
(1.0429)
(-0.4177)
G2(1.3723)
(1.1930)
(-1.8411)
G3(-0.0277)
(1.4096)
(0.1000)
G4(5.0817)
(-2.8064)
(-4.2707)
A1(5.5564)
(9.6519)
(1.9160)
A2(3.4812)
(-2.2122)
(6.7229)
A3(5.6886)
(7.8865)
(-4.6926)
A4(5.3391)
(16.0890)
(1.6712)
G1(0.5475)
(0.4965)
(0.1341)
G2(3.5354)
(0.7412)
(-2.2115)
G3(0.3065)
(0.0261)
(-0.1235)
G4(5.2381)
(-4.7480)
(-3.0623)
A1(-0.0575)
(9.2639)
(3.1039)
A2(8.1307)
(-2.8635)
(11.5975)
A3(-0.4741)
(17.0228)
(-6.1387)
A4(13.1298)
(14.8824)
(-6.4069)
G1(0.2309)
(-0.9051)
(-1.0004)
G2(4.4208)
(-1.3814)
(-2.8330)
G3(0.0995)
(0.3831)
(0.0931)
G4(1.6352)
(-0.9982)
(-1.5926)
A1(1.5759)
(9.9202)
(2.5627)
A2(11.1809)
(-3.8786)
(11.6310)
A3(1.7334)
(0.0862)
(-8.3797)
A4(10.9798)
(16.8169)
(-4.1994)
G1(0.7019)
(0.6183)
(-0.8099)
G2(3.3438)
(-3.4550)
(-3.8115)
G3(0.1155)
(-0.6401)
(0.4848)
G4(0.3672)
(-2.9538)
(-0.8136)
