A1(3.7171)
(7.8078)
(0.4311)
A2(6.6272)
(8.0924)
(2.0925)
A3(0.1006)
(7.5753)
(-8.1738)
A4(2.3080)
(5.9999)
(-3.0742)
G1(1.3186)
(1.4447)
(-0.5353)
G2(-0.0250)
(1.1414)
(0.6274)
G3(-0.2650)
(1.2271)
(-0.7380)
G4(1.1802)
(3.8259)
(-2.4472)
A1(1.0730)
(11.6781)
(3.9901)
A2(1.1875)
(8.2935)
(7.0533)
A3(0.6225)
(8.4803)
(-5.9903)
A4(2.4325)
(-0.9625)
(-3.6871)
G1(2.0061)
(2.4940)
(-1.4388)
G2(-0.9184)
(3.2033)
(1.3010)
G3(-0.2091)
(1.0924)
(-0.7577)
G4(2.2285)
(0.8040)
(-0.7833)
A1(-1.9974)
(6.4139)
(7.8461)
A2(-0.3304)
(2.5187)
(6.7469)
A3(-5.0805)
(12.0141)
(-5.2433)
A4(-7.2688)
(15.9789)
(-14.0061)
G1(-1.1967)
(4.7379)
(-1.3313)
G2(-0.3565)
(2.7931)
(0.4299)
G3(0.2432)
(0.8434)
(-0.9828)
G4(0.7152)
(-2.2189)
(-0.0117)
A1(-3.7650)
(24.8890)
(-6.7492)
A2(4.6256)
(5.4779)
(1.4844)
A3(5.9855)
(37.2634)
(16.7450)
A4(-2.0782)
(9.3709)
(-8.3797)
G1(-7.4826)
(5.6808)
(-3.4997)
G2(1.9497)
(0.8333)
(-0.6082)
G3(4.8401)
(3.8498)
(-3.1911)
G4(-1.4223)
(0.0889)
(-0.7694)
A1(-11.4051)
(24.7597)
(21.7899)
A2(-4.1372)
(12.3158)
(10.8362)
A3(-8.4084)
(16.2566)
(-14.9542)
A4(-1.2354)
(12.5839)
(-0.7949)
G1(-9.6642)
(0.5066)
(-5.4488)
G2(1.8443)
(-0.0271)
(-1.1414)
G3(3.9222)
(3.6019)
(-2.8798)
G4(-0.5475)
(0.9062)
(-0.3730)
A1(1.0586)
(-3.3147)
(4.6511)
A2(5.6407)
(14.1833)
(4.2473)
A3(-5.7461)
(14.4275)
(-34.0360)
A4(5.8227)
(0.9098)
(-3.4189)
G1(-5.9272)
(-2.0683)
(-1.8805)
G2(2.6185)
(7.4038)
(1.0541)
G3(-11.3548)
(-5.6175)
(1.0052)
G4(0.3916)
(3.8073)
(-2.3887)
A1(-18.3890)
(-14.4803)
(2.7495)
A2(2.1165)
(8.5377)
(5.5162)
A3(-14.3939)
(6.7325)
(-8.6526)
A4(1.2258)
(4.7405)
(-5.3630)
G1(-4.7177)
(3.5471)
(-4.0057)
G2(0.8062)
(-0.1820)
(0.0431)
G3(-17.3442)
(3.3161)
(5.0168)
G4(0.9621)
(2.5334)
(-0.9849)
A1(-19.1697)
(9.7813)
(-3.9949)
A2(0.9433)
(8.6718)
(6.2920)
A3(20.8679)
(66.0656)
(5.4492)
A4(-9.7731)
(9.0932)
(-9.5289)
G1(-4.3681)
(-1.1978)
(0.8647)
G2(-1.4910)
(8.3270)
(0.2820)
G3(-10.6885)
(0.2932)
(-0.8753)
G4(0.3831)
(1.0600)
(0.6460)
A1(11.4338)
(-6.0115)
(-0.1629)
A2(4.0318)
(5.2768)
(-3.4429)
A3(-3.3136)
(23.0418)
(-17.5830)
A4(-0.8284)
(-1.0487)
(-8.7388)
G1(-0.0474)
(0.8849)
(1.0903)
G2(-0.2038)
(2.7723)
(2.0305)
G3(-3.8291)
(0.5284)
(0.7923)
G4(0.9509)
(-0.2464)
(1.8267)
A1(0.9963)
(1.4226)
(1.0586)
A2(6.0286)
(2.3511)
(0.9816)
A3(-11.4826)
(-7.0868)
(-17.0802)
A4(3.6727)
(2.2889)
(-9.2320)
G1(3.4827)
(0.0915)
(2.9208)
G2(-1.9087)
(2.1093)
(-2.0183)
G3(0.8982)
(-0.4252)
(2.3243)
G4(0.3081)
(0.6641)
(-0.3448)
A1(-2.0549)
(-0.2443)
(6.8545)
A2(8.3701)
(12.4882)
(-4.5969)
A3(4.2329)
(-5.7557)
(-16.1465)
A4(4.4484)
(4.8219)
(-3.7733)
G1(3.9344)
(-0.3879)
(3.4194)
G2(0.7301)
(-1.9380)
(-0.1304)
G3(3.7376)
(2.2413)
(1.4782)
G4(-0.8344)
(0.3081)
(-0.7375)
A1(-13.5989)
(4.2775)
(11.0794)
A2(3.8499)
(9.5433)
(-1.4317)
A3(-3.5482)
(14.1785)
(1.8723)
A4(1.5275)
(15.1361)
(-1.8962)
G1(4.4022)
(1.3580)
(4.6735)
G2(-0.4810)
(0.3214)
(-0.5167)
G3(6.4072)
(-0.0537)
(2.9431)
G4(0.6433)
(0.8024)
(-0.4028)
A1(-6.1360)
(0.7425)
(6.4570)
A2(5.4396)
(8.1307)
(4.5203)
A3(-2.8683)
(14.3748)
(1.8387)
A4(-0.5507)
(7.3215)
(-5.5689)
G1(2.2748)
(2.1433)
(4.3851)
G2(0.9408)
(-1.0057)
(1.5687)
G3(7.1170)
(1.4197)
(2.5658)
G4(0.4385)
(-0.4597)
(0.0027)
A1(-14.0923)
(12.2865)
(10.7872)
A2(-2.9497)
(9.0453)
(7.1778)
A3(-10.8505)
(14.2455)
(1.0582)
A4(4.8602)
(15.3708)
(-7.3215)
G1(2.7180)
(-1.6421)
(1.9752)
G2(0.1442)
(0.9956)
(0.4874)
G3(4.3490)
(4.1787)
(1.1291)
G4(0.7540)
(0.4592)
(-0.2485)
A1(-6.4666)
(8.9909)
(4.0955)
A2(0.0096)
(5.3391)
(-0.2107)
A3(-12.6701)
(22.3475)
(-1.6855)
A4(-4.2952)
(4.8267)
(-8.5760)
G1(1.8172)
(-1.2648)
(1.9177)
G2(-0.4315)
(1.5591)
(0.2049)
G3(1.8906)
(1.1818)
(0.6912)
G4(0.7897)
(1.4489)
(-0.4794)
A1(-6.0881)
(7.5587)
(3.6404)
A2(2.7533)
(9.6822)
(6.8809)
A3(-8.2217)
(16.1082)
(0.8811)
A4(1.3647)
(6.2393)
(-8.9304)
G1(1.7075)
(-0.7641)
(1.4420)
G2(0.1229)
(0.1245)
(1.0424)
G3(1.1605)
(1.0871)
(0.1564)
G4(-0.0740)
(-0.3938)
(0.6694)
A1(-5.0487)
(7.8892)
(-4.6368)
A2(-3.8499)
(11.7603)
(1.5706)
A3(-7.1012)
(10.7212)
(-2.4852)
A4(-1.8052)
(4.9704)
(-7.8434)
G1(1.7001)
(-0.7327)
(0.2975)
G2(0.0431)
(1.0658)
(0.0623)
G3(-0.1016)
(0.9998)
(0.2070)
G4(-0.1990)
(0.6662)
(0.0883)
A1(-4.3062)
(7.9036)
(1.1544)
A2(-1.0247)
(7.8769)
(-0.2251)
A3(-2.6767)
(8.9543)
(-0.8859)
A4(0.0862)
(9.1123)
(-5.8897)
G1(0.8413)
(-0.6699)
(0.5444)
G2(0.1586)
(-0.7466)
(0.1474)
G3(0.2724)
(0.9844)
(0.1346)
G4(-0.0851)
(0.7599)
(0.2623)
A1(1.2406)
(12.6265)
(6.9887)
A2(-0.1341)
(11.0468)
(2.8683)
A3(-5.7652)
(6.5649)
(0.6416)
A4(1.0391)
(10.0269)
(-7.6184)
G1(-1.0382)
(1.1206)
(-0.9940)
G2(0.3725)
(0.4486)
(0.4230)
G3(-0.9684)
(0.2677)
(0.2288)
G4(-0.2895)
(0.1336)
(0.8578)
A1(-0.9436)
(11.2087)
(-2.1986)
A2(-0.3735)
(9.7348)
(2.6145)
A3(-0.3735)
(1.4844)
(1.1875)
A4(3.8116)
(7.6519)
(-7.8913)
G1(0.0394)
(2.3509)
(0.7907)
G2(0.8870)
(-0.0117)
(0.6758)
G3(-0.8189)
(-1.7634)
(1.4745)
G4(-0.2224)
(0.6274)
(0.0351)
