A1(0.0623)
(7.4773)
(-1.8058)
A2(6.9001)
(9.0692)
(5.3678)
A3(-1.6089)
(10.1227)
(-7.9104)
A4(1.5945)
(6.5314)
(-2.5426)
G1(0.3443)
(1.5633)
(-0.3874)
G2(0.1155)
(0.3001)
(0.8945)
G3(-0.0149)
(0.8189)
(-0.3789)
G4(0.3922)
(1.5234)
(-1.1212)
A1(1.6765)
(5.0200)
(-1.1017)
A2(4.2377)
(7.8051)
(6.9623)
A3(-0.5698)
(9.6438)
(-6.4021)
A4(-2.7725)
(9.0309)
(-1.7190)
G1(0.3975)
(1.6602)
(-0.6311)
G2(-0.6588)
(1.1424)
(0.8668)
G3(0.0878)
(1.5181)
(-1.0520)
G4(1.5362)
(1.8560)
(-1.4809)
A1(-1.4466)
(6.9072)
(-2.3040)
A2(2.5953)
(3.9840)
(3.0694)
A3(2.0446)
(4.0031)
(-5.8275)
A4(4.8363)
(3.9169)
(-3.1987)
G1(1.1829)
(2.0215)
(-0.6870)
G2(-0.6529)
(1.5261)
(0.0330)
G3(0.2059)
(0.6321)
(-0.8152)
G4(0.9450)
(2.2998)
(-2.6856)
A1(1.4849)
(12.8373)
(2.4717)
A2(0.8236)
(3.4620)
(3.9600)
A3(0.6608)
(3.3327)
(-6.8091)
A4(-0.7470)
(-0.1580)
(-7.6375)
G1(1.6123)
(2.2391)
(-0.9099)
G2(-0.1426)
(1.7129)
(0.4608)
G3(0.1080)
(0.4161)
(-0.6630)
G4(1.1573)
(0.3443)
(-0.7109)
A1(-7.8748)
(6.5911)
(1.8777)
A2(4.6304)
(7.6854)
(8.2408)
A3(-1.0630)
(16.6541)
(1.2737)
A4(-6.5410)
(6.8378)
(-11.1187)
G1(-4.2915)
(3.1905)
(-0.5593)
G2(0.9003)
(-1.0126)
(-0.4672)
G3(1.2111)
(1.4021)
(-1.3282)
G4(0.9418)
(-0.6848)
(-0.9376)
A1(-4.5649)
(25.5644)
(0.2347)
A2(5.0087)
(11.7316)
(9.2560)
A3(3.0167)
(27.4328)
(11.4012)
A4(6.3303)
(1.9968)
(-12.8760)
G1(-7.3969)
(4.2596)
(0.1096)
G2(0.1857)
(-1.1291)
(-0.0708)
G3(2.7377)
(1.0158)
(-2.1795)
G4(-0.5619)
(3.3081)
(-1.6639)
A1(1.9208)
(30.6179)
(14.0061)
A2(5.8754)
(17.7841)
(5.2720)
A3(1.9824)
(17.2287)
(-22.3810)
A4(-6.7947)
(12.8952)
(-5.3582)
G1(-8.7330)
(-0.6274)
(-4.1643)
G2(2.1178)
(6.0586)
(2.0540)
G3(-0.7923)
(1.6171)
(-2.4690)
G4(-1.7900)
(0.5236)
(0.2331)
A1(-1.2071)
(11.0698)
(-3.6788)
A2(1.9632)
(16.8312)
(1.9824)
A3(16.1034)
(10.0796)
(-30.8469)
A4(4.1803)
(9.1315)
(2.9880)
G1(-6.6248)
(-1.7586)
(-4.3740)
G2(2.3174)
(2.3110)
(1.2063)
G3(-7.3240)
(-1.1148)
(1.6889)
G4(-2.0045)
(0.3826)
(-0.3459)
A1(-0.5317)
(1.9208)
(-1.7819)
A2(0.9242)
(8.9830)
(7.1587)
A3(-24.0857)
(18.0475)
(-24.5262)
A4(1.3982)
(6.6128)
(7.5417)
G1(-6.7642)
(-2.0236)
(-1.4878)
G2(0.8290)
(2.9362)
(-1.0350)
G3(-9.8962)
(-1.2499)
(2.6254)
G4(0.7513)
(2.0784)
(-1.1350)
A1(8.3969)
(-0.9149)
(5.3505)
A2(-5.8131)
(-4.1707)
(6.1435)
A3(-3.7541)
(15.6198)
(-7.8578)
A4(-0.5938)
(53.4051)
(-2.8970)
G1(-7.8024)
(-2.1465)
(-0.6997)
G2(-0.5922)
(3.4444)
(-0.1219)
G3(-14.4261)
(1.3835)
(-1.4984)
G4(3.1065)
(-1.4239)
(-0.4667)
A1(-13.6995)
(5.2595)
(-0.9293)
A2(-13.2399)
(3.1412)
(2.8395)
A3(16.4290)
(34.3999)
(12.1051)
A4(-7.1491)
(20.9971)
(-3.4907)
G1(-3.9499)
(-4.8640)
(0.5614)
G2(-0.5843)
(5.4440)
(0.4683)
G3(-11.7703)
(1.5107)
(-2.7010)
G4(1.4058)
(-0.0181)
(1.7932)
A1(3.4105)
(-4.2871)
(1.8585)
A2(8.6814)
(6.0765)
(-5.8610)
A3(4.2282)
(-7.0054)
(-24.8087)
A4(6.0094)
(7.0820)
(-12.6605)
G1(1.7129)
(-0.2506)
(2.4584)
G2(-1.3782)
(1.0275)
(-0.5295)
G3(-3.1682)
(-0.9296)
(2.7696)
G4(0.0037)
(0.9477)
(0.1974)
A1(-3.1950)
(-1.6717)
(4.3062)
A2(3.6823)
(15.6820)
(-0.1149)
A3(-9.4523)
(-7.3981)
(-16.9318)
A4(4.3048)
(3.6344)
(-9.9982)
G1(3.6184)
(-0.4741)
(2.8101)
G2(0.2027)
(-0.7317)
(-0.5247)
G3(1.1057)
(0.6066)
(1.9566)
G4(-0.5938)
(0.2863)
(-0.9397)
A1(-3.4057)
(0.5125)
(4.6128)
A2(6.9671)
(13.1681)
(4.4436)
A3(6.0094)
(-3.2944)
(-8.1834)
A4(2.3176)
(8.1738)
(-7.5130)
G1(4.8598)
(0.4512)
(3.3794)
G2(0.4001)
(-1.2467)
(0.3576)
G3(4.3665)
(2.5031)
(1.5022)
G4(-0.9557)
(1.5713)
(-1.3409)
A1(-9.4172)
(1.9352)
(8.4879)
A2(0.8906)
(8.4563)
(0.1149)
A3(-1.4509)
(14.1689)
(-2.0590)
A4(-3.9744)
(11.1426)
(-1.7047)
G1(3.5258)
(3.0570)
(4.1122)
G2(0.3512)
(1.8150)
(1.0951)
G3(6.4646)
(1.7906)
(2.2327)
G4(-0.0873)
(-0.8849)
(0.3044)
A1(-0.8862)
(6.8689)
(6.1025)
A2(-2.8635)
(9.9216)
(6.0717)
A3(-2.3607)
(18.8424)
(1.1732)
A4(2.1835)
(8.5521)
(-4.0941)
G1(2.4115)
(0.4821)
(4.4256)
G2(0.3384)
(-0.7684)
(0.8812)
G3(6.4157)
(3.2922)
(2.0524)
G4(0.3108)
(0.9658)
(-0.4432)
A1(-7.2713)
(10.2794)
(7.0509)
A2(0.2107)
(7.0725)
(3.4955)
A3(-9.5050)
(16.7020)
(-2.4756)
A4(-0.4645)
(11.6885)
(-7.6806)
G1(4.0446)
(-1.6687)
(1.7161)
G2(0.5092)
(1.7842)
(0.3634)
G3(4.0313)
(3.0660)
(0.9690)
G4(0.1479)
(0.3597)
(0.2437)
A1(-8.0904)
(9.8531)
(5.4511)
A2(3.7158)
(10.5058)
(2.0734)
A3(-13.9055)
(17.1042)
(-2.9113)
A4(-1.7047)
(9.5816)
(-7.3167)
G1(2.0156)
(-0.4310)
(1.2350)
G2(0.6263)
(0.7434)
(0.7338)
G3(0.7231)
(2.7234)
(0.8131)
G4(0.2325)
(0.6231)
(0.0559)
A1(-4.6080)
(6.2175)
(3.7123)
A2(-1.6759)
(11.2001)
(2.7629)
A3(-11.8657)
(15.9597)
(-0.5267)
A4(1.3360)
(9.1746)
(-4.6208)
G1(2.6393)
(-2.1577)
(0.2501)
G2(0.8588)
(0.1740)
(0.5502)
G3(-0.0192)
(1.0201)
(-0.1266)
G4(0.0974)
(0.6497)
(0.5747)
A1(-5.0535)
(4.6463)
(1.1592)
A2(-0.0335)
(11.5927)
(1.1923)
A3(-6.2249)
(10.2089)
(-2.1883)
A4(1.2929)
(7.2975)
(-4.6256)
G1(1.6389)
(-0.1985)
(0.4539)
G2(1.0504)
(0.0926)
(0.4060)
G3(-0.0021)
(1.0328)
(-0.2841)
G4(0.2246)
(-0.0819)
(0.7795)
