A1(4.6032)
(10.3800)
(-2.9555)
A2(6.5649)
(8.1977)
(5.6551)
A3(-3.6488)
(8.5138)
(-5.5162)
A4(-2.7964)
(8.2265)
(-3.3950)
G1(1.7421)
(1.9278)
(-0.5938)
G2(0.1399)
(1.8608)
(0.8519)
G3(0.2453)
(1.7437)
(-1.3361)
G4(1.8507)
(3.8786)
(-3.1682)
A1(0.8957)
(9.8244)
(1.3460)
A2(6.3782)
(4.6639)
(7.3694)
A3(1.5083)
(4.1899)
(-9.1459)
A4(4.7309)
(-1.1013)
(-4.1611)
G1(2.4216)
(1.7086)
(-0.9344)
G2(-1.2015)
(2.2508)
(1.4697)
G3(0.3815)
(2.3003)
(-1.7661)
G4(1.2537)
(3.2081)
(-3.5082)
A1(-12.0230)
(-2.5004)
(6.5959)
A2(0.3448)
(3.6775)
(7.5753)
A3(-2.9353)
(13.8289)
(0.1484)
A4(4.3814)
(42.7173)
(-4.4053)
G1(-5.0561)
(1.9699)
(-1.5538)
G2(-0.6380)
(1.7868)
(0.8035)
G3(-0.0032)
(0.7875)
(-0.8939)
G4(-0.9339)
(2.1018)
(1.6469)
A1(1.3508)
(48.2549)
(-8.4879)
A2(4.3383)
(4.8171)
(10.0748)
A3(2.5762)
(26.7768)
(17.9996)
A4(1.8292)
(5.1284)
(-20.5949)
G1(-9.4562)
(4.3564)
(-1.2292)
G2(0.4496)
(3.3598)
(0.6204)
G3(2.0673)
(1.7081)
(-2.6467)
G4(-1.3282)
(1.8890)
(-1.3909)
A1(-11.3237)
(30.2491)
(14.3174)
A2(6.8187)
(5.3151)
(5.7557)
A3(-6.6750)
(34.1796)
(1.2833)
A4(-6.2872)
(10.2232)
(-12.3684)
G1(-9.1944)
(1.3877)
(-4.7065)
G2(3.1379)
(-0.5688)
(-0.3060)
G3(6.4242)
(2.7090)
(-3.5891)
G4(-1.3580)
(1.1206)
(-0.0878)
A1(-0.1868)
(29.9042)
(12.0422)
A2(-6.9719)
(16.4625)
(7.8865)
A3(17.5974)
(20.3316)
(-50.6852)
A4(-2.6288)
(18.0666)
(2.8922)
G1(-9.9202)
(-0.9461)
(-3.4114)
G2(2.0045)
(1.7336)
(0.0692)
G3(1.3883)
(-0.5917)
(0.4938)
G4(-2.3791)
(1.9763)
(-0.6880)
A1(2.3854)
(-11.9751)
(-8.0281)
A2(12.4020)
(9.5624)
(-2.1979)
A3(-19.4984)
(0.7853)
(-18.4354)
A4(-3.0933)
(4.7166)
(1.1013)
G1(-3.8286)
(2.8516)
(-3.0054)
G2(3.1772)
(3.6923)
(1.5165)
G3(-13.5609)
(4.0536)
(2.6638)
G4(1.2478)
(4.1111)
(-2.5398)
A1(2.2417)
(2.4621)
(33.9853)
A2(-8.2935)
(11.8896)
(21.0977)
A3(8.2983)
(20.5231)
(7.7955)
A4(3.5961)
(-18.5934)
(8.4707)
G1(-4.8891)
(-9.1183)
(-2.6483)
G2(-0.7620)
(0.3108)
(-1.2946)
G3(-15.2748)
(6.4960)
(-3.7620)
G4(0.7944)
(2.4126)
(0.3948)
A1(-11.2279)
(8.4113)
(0.3161)
A2(-1.5371)
(-13.3357)
(5.7844)
A3(27.5764)
(37.0335)
(39.3942)
A4(-13.2926)
(10.5058)
(-10.9367)
G1(-7.3176)
(-7.1106)
(0.8024)
G2(-0.2916)
(5.9911)
(0.6417)
G3(-14.5118)
(-1.7288)
(-3.3321)
G4(3.1719)
(1.8193)
(1.1435)
A1(-5.2020)
(-3.5015)
(0.3449)
A2(-3.2513)
(4.2521)
(9.6391)
A3(7.4795)
(25.8382)
(-8.7676)
A4(4.4580)
(26.4990)
(-10.3286)
G1(-1.4596)
(3.0208)
(1.7922)
G2(0.4055)
(4.4043)
(-0.3427)
G3(-8.1956)
(-3.2789)
(0.2953)
G4(2.1412)
(-1.3101)
(1.8890)
A1(-3.3818)
(2.6106)
(3.4153)
A2(0.1772)
(32.4606)
(8.4611)
A3(-6.4260)
(-2.9209)
(-16.3237)
A4(4.8219)
(14.5520)
(-10.0173)
G1(3.4061)
(-2.2413)
(2.9362)
G2(0.0569)
(3.6338)
(1.6400)
G3(-0.1852)
(1.5314)
(3.6418)
G4(-0.4262)
(-0.8184)
(-0.5981)
A1(-5.5948)
(1.6430)
(6.1983)
A2(16.7355)
(14.5663)
(-5.3917)
A3(7.7764)
(-6.4931)
(-20.1161)
A4(10.1227)
(4.3622)
(-5.7461)
G1(4.9029)
(0.0458)
(3.2741)
G2(-1.1052)
(-1.3766)
(-1.4388)
G3(2.7532)
(1.0041)
(1.9012)
G4(-0.8796)
(1.6804)
(-0.9567)
A1(-2.2848)
(-0.4167)
(8.2149)
A2(5.5067)
(11.0421)
(-1.1827)
A3(-0.9290)
(9.6343)
(-9.1028)
A4(-5.7796)
(9.1267)
(-3.9504)
G1(4.7656)
(0.8189)
(3.1368)
G2(1.6559)
(-0.2559)
(0.8264)
G3(4.6070)
(-0.7077)
(3.2416)
G4(-0.2384)
(1.7177)
(-0.8024)
A1(-2.6681)
(3.3578)
(10.8542)
A2(5.3917)
(13.6757)
(4.6400)
A3(-0.2155)
(20.0490)
(3.6200)
A4(1.9010)
(8.5281)
(-0.7901)
G1(4.9880)
(1.2058)
(4.2314)
G2(0.0479)
(-0.5082)
(-0.3081)
G3(7.2660)
(1.0344)
(3.0123)
G4(0.0138)
(1.0201)
(-0.6066)
A1(-2.9746)
(12.7607)
(6.0115)
A2(0.0575)
(9.1842)
(6.4643)
A3(-9.1411)
(24.1048)
(4.6352)
A4(3.6631)
(7.4843)
(-8.0589)
G1(2.2003)
(1.5075)
(4.8646)
G2(-0.0926)
(-0.0442)
(0.8317)
G3(6.8504)
(4.2202)
(1.3010)
G4(1.1313)
(0.7726)
(-0.5529)
A1(-12.7655)
(10.3800)
(8.5454)
A2(-5.3774)
(7.5369)
(4.9752)
A3(-2.5187)
(19.3260)
(4.7884)
A4(-3.3615)
(4.9799)
(-11.7603)
G1(2.9681)
(-0.2331)
(2.7085)
G2(0.6098)
(0.5688)
(0.5672)
G3(6.2252)
(4.1930)
(1.7916)
G4(0.8700)
(0.9951)
(-0.0351)
A1(-9.9489)
(8.8664)
(9.1873)
A2(-1.1540)
(0.9529)
(1.8100)
A3(-15.7778)
(11.2815)
(-4.3479)
A4(-3.7876)
(11.7603)
(-8.0637)
G1(1.3830)
(-0.3938)
(1.6703)
G2(0.0234)
(0.9088)
(0.3735)
G3(1.5761)
(1.2824)
(1.1494)
G4(0.6231)
(0.1261)
(0.4385)
A1(-17.5555)
(10.3752)
(5.3888)
A2(3.9169)
(15.9741)
(2.2649)
A3(-6.0669)
(21.9931)
(9.0884)
A4(2.2075)
(5.4923)
(-9.2656)
G1(0.1804)
(-3.0554)
(-0.0490)
G2(-0.4140)
(-0.3523)
(0.5864)
G3(0.7476)
(5.4414)
(0.3709)
G4(0.2027)
(0.2724)
(0.2496)
A1(-2.3136)
(7.9419)
(2.4717)
A2(-1.5083)
(15.5096)
(-1.0199)
A3(1.4940)
(6.6607)
(-6.3638)
A4(1.4078)
(9.1554)
(-6.8091)
G1(0.6572)
(1.7996)
(0.8642)
G2(1.2920)
(-1.8539)
(0.0974)
G3(1.3899)
(4.6576)
(-0.5678)
G4(-0.1171)
(2.0689)
(-0.2389)
A1(2.8453)
(10.9261)
(1.4705)
A2(1.6616)
(8.6335)
(-1.6424)
A3(-0.6512)
(11.1522)
(-0.1628)
A4(1.8866)
(8.4755)
(-6.4308)
G1(0.7072)
(1.3989)
(1.8661)
G2(0.0186)
(0.2011)
(-0.0394)
G3(0.4949)
(1.3883)
(-0.6486)
G4(-0.0170)
(1.1361)
(0.0782)
