A1(-2.2657)
(9.9010)
(-1.7196)
A2(4.4101)
(7.0773)
(4.7549)
A3(-1.7047)
(4.6448)
(-9.1219)
A4(7.2161)
(12.6845)
(-1.8627)
G1(0.0782)
(0.9253)
(-0.0543)
G2(-0.2714)
(0.5789)
(0.2331)
G3(-0.1660)
(0.9067)
(-0.5624)
G4(0.3656)
(1.1377)
(-1.1909)
A1(3.1327)
(9.3502)
(-0.0287)
A2(7.0725)
(9.1650)
(2.6719)
A3(-3.0358)
(6.0286)
(-7.4316)
A4(-1.4317)
(6.1483)
(-1.7813)
G1(1.7570)
(1.5809)
(-0.4890)
G2(0.3166)
(0.4017)
(0.8338)
G3(-0.4592)
(0.5289)
(-0.5353)
G4(1.1355)
(3.7817)
(-3.3810)
A1(3.0944)
(9.5130)
(2.3327)
A2(4.0462)
(4.9464)
(10.6686)
A3(2.6049)
(8.8346)
(-8.3893)
A4(4.8842)
(1.0774)
(-6.4500)
G1(1.6724)
(1.3920)
(-0.4927)
G2(-1.2616)
(0.2916)
(1.2212)
G3(-0.2783)
(0.7721)
(-0.8594)
G4(0.7577)
(3.2081)
(-2.4318)
A1(-8.7466)
(0.7041)
(13.7809)
A2(4.5681)
(5.1332)
(8.9591)
A3(-0.7230)
(13.5799)
(-0.9194)
A4(-5.7988)
(-4.2521)
(-11.7507)
G1(-3.6178)
(5.1668)
(-1.1946)
G2(0.2208)
(2.0832)
(0.1330)
G3(-0.2176)
(0.3012)
(-1.2191)
G4(0.9296)
(-0.1357)
(-0.9147)
A1(4.3637)
(29.1905)
(0.3066)
A2(8.8346)
(5.9137)
(5.5737)
A3(5.3343)
(23.8654)
(17.9565)
A4(2.0255)
(12.0764)
(-12.7324)
G1(-7.2639)
(3.3332)
(-0.1532)
G2(2.2636)
(2.4855)
(-0.3459)
G3(1.7858)
(1.4426)
(-2.2349)
G4(-0.2916)
(1.7858)
(-1.0137)
A1(-4.3254)
(37.5060)
(15.7305)
A2(-17.0898)
(16.2566)
(-1.8818)
A3(8.5760)
(25.6898)
(-20.4225)
A4(2.5809)
(12.9431)
(-4.2808)
G1(-11.0110)
(-2.4312)
(-5.2009)
G2(1.5649)
(2.8558)
(-1.4883)
G3(2.7590)
(2.8569)
(-3.4518)
G4(-0.2916)
(0.8721)
(-0.5587)
A1(-4.1625)
(15.5724)
(-14.7581)
A2(5.6312)
(11.4108)
(4.8746)
A3(22.9939)
(2.4229)
(-43.2967)
A4(4.2090)
(9.6822)
(-2.1500)
G1(-6.8770)
(-1.8023)
(-2.9021)
G2(2.0018)
(6.5349)
(1.1611)
G3(-5.9410)
(-4.7597)
(1.8581)
G4(0.3225)
(2.4951)
(-1.4144)
A1(-13.4504)
(-17.8285)
(0.1677)
A2(0.4549)
(8.0828)
(2.7677)
A3(-12.8233)
(-1.6807)
(-3.7158)
A4(-3.8690)
(6.4643)
(-5.8466)
G1(-4.3553)
(-2.6212)
(-1.4649)
G2(-0.0309)
(2.0305)
(0.1884)
G3(-16.1097)
(4.6129)
(3.1485)
G4(0.9280)
(1.5165)
(-0.6087)
A1(2.2848)
(9.1154)
(-1.7484)
A2(2.1500)
(7.2544)
(3.7397)
A3(-4.8028)
(38.6903)
(2.4804)
A4(-5.3917)
(16.9222)
(-8.9447)
G1(-3.7551)
(-1.0344)
(0.7114)
G2(-0.1602)
(6.4641)
(0.6774)
G3(-8.9022)
(4.9109)
(-2.9069)
G4(1.1291)
(1.1941)
(1.2574)
A1(7.8509)
(-8.2724)
(0.2635)
A2(-1.3024)
(8.1499)
(2.8730)
A3(8.0302)
(15.4043)
(-14.9685)
A4(-1.7047)
(-13.0963)
(-11.4539)
G1(-0.1320)
(-0.9988)
(0.7295)
G2(0.2735)
(-0.5183)
(1.0967)
G3(-0.5385)
(-1.7634)
(0.4369)
G4(0.7678)
(-0.9243)
(1.9970)
A1(-1.3173)
(4.7469)
(2.1843)
A2(17.8560)
(7.9918)
(0.6512)
A3(-10.2376)
(-1.7047)
(-6.9480)
A4(4.6783)
(5.5450)
(-3.9696)
G1(3.8977)
(0.0649)
(3.1091)
G2(-1.5586)
(1.4442)
(-2.5297)
G3(0.6678)
(-1.3047)
(3.0495)
G4(-1.1573)
(2.0497)
(-1.9273)
A1(-6.4953)
(-2.0932)
(5.3840)
A2(10.7835)
(11.7268)
(-10.8793)
A3(3.8164)
(-0.7949)
(-7.9775)
A4(6.6415)
(12.8042)
(-4.3862)
G1(4.7651)
(0.7508)
(3.7695)
G2(1.2584)
(-3.0666)
(-0.0410)
G3(4.9423)
(1.1031)
(2.3301)
G4(-0.0889)
(-0.3767)
(0.0777)
A1(-11.0171)
(6.3229)
(10.7297)
A2(3.5674)
(8.5952)
(-0.8188)
A3(-0.7183)
(15.6724)
(-2.6145)
A4(-3.3088)
(10.4627)
(-4.4197)
G1(3.8137)
(0.6886)
(4.0861)
G2(0.0761)
(1.2845)
(-0.4991)
G3(4.9524)
(2.4270)
(1.8544)
G4(-0.2357)
(0.4252)
(-0.2373)
A1(-6.5911)
(8.9717)
(4.2392)
A2(-8.7771)
(9.5241)
(7.0677)
A3(-5.9616)
(20.3555)
(-0.2298)
A4(1.4700)
(8.3510)
(-3.1220)
G1(2.4174)
(-0.0990)
(3.7338)
G2(-0.2815)
(0.1485)
(0.4262)
G3(4.6650)
(2.3264)
(1.2372)
G4(0.0899)
(-0.2559)
(0.0176)
A1(-9.6471)
(7.8796)
(6.6629)
A2(0.8380)
(11.1905)
(1.9585)
A3(-9.6822)
(15.0404)
(-0.9960)
A4(1.1923)
(7.8865)
(-6.1292)
G1(2.7691)
(-0.8860)
(2.0534)
G2(0.5928)
(2.4408)
(0.3272)
G3(3.2932)
(3.2943)
(0.4385)
G4(0.3406)
(0.4736)
(0.1000)
A1(-5.3984)
(8.8185)
(0.7951)
A2(-1.6328)
(7.2401)
(3.4189)
A3(-8.5329)
(11.8274)
(-1.4269)
A4(-0.7901)
(7.8578)
(-8.5856)
G1(1.5905)
(-0.0761)
(0.9908)
G2(0.5103)
(-0.0506)
(0.3954)
G3(0.4305)
(0.8099)
(0.9796)
G4(0.1623)
(-0.6768)
(0.5449)
A1(-5.3026)
(9.9585)
(3.0944)
A2(0.3208)
(11.8992)
(3.7876)
A3(-9.4619)
(13.8912)
(2.2793)
A4(3.1364)
(8.2552)
(-5.2146)
G1(2.8048)
(-1.6341)
(-0.1192)
G2(0.5151)
(0.6220)
(0.3656)
G3(0.0915)
(0.5699)
(0.2299)
G4(0.1852)
(-0.0968)
(0.4619)
A1(-2.3711)
(8.1335)
(2.5962)
A2(-1.1971)
(12.7467)
(2.7869)
A3(-6.1818)
(10.5919)
(-1.5131)
A4(1.2258)
(8.0062)
(-5.8993)
G1(0.9392)
(-0.4076)
(1.0765)
G2(0.4800)
(-1.2196)
(0.4023)
G3(-0.2565)
(1.1738)
(-0.2698)
G4(0.2065)
(0.0330)
(0.5018)
A1(-8.1431)
(10.2698)
(-0.5700)
A2(0.5507)
(7.3310)
(-1.0104)
A3(1.3743)
(10.3286)
(2.5331)
A4(2.2075)
(11.4539)
(-7.3502)
G1(-1.7209)
(0.2325)
(0.3006)
G2(0.3453)
(-0.1373)
(0.2591)
G3(0.2299)
(0.4017)
(0.1277)
G4(0.1703)
(-0.3171)
(0.8019)
A1(-5.3026)
(6.7252)
(-1.0059)
A2(-0.5746)
(7.9248)
(0.4884)
A3(0.2538)
(11.0277)
(-13.8337)
A4(3.5434)
(8.5473)
(-7.7476)
G1(1.6724)
(1.7230)
(1.2052)
G2(1.2143)
(-0.4443)
(0.7865)
G3(3.2289)
(-1.1951)
(0.6337)
G4(0.2559)
(0.8296)
(0.2889)
