A1(-0.5461)
(7.8317)
(4.4787)
A2(0.0335)
(9.7396)
(-1.3360)
A3(-2.2697)
(7.4651)
(-3.3471)
A4(0.2346)
(9.4332)
(-4.1180)
G1(-0.3443)
(-1.1355)
(-0.4039)
G2(0.1431)
(-0.4927)
(0.0830)
G3(0.8040)
(-0.9626)
(0.4800)
G4(0.2501)
(-0.4198)
(0.2059)
A1(1.0969)
(6.0402)
(7.1180)
A2(-0.0527)
(9.6247)
(0.8763)
A3(0.3256)
(7.3741)
(-3.1603)
A4(2.0686)
(9.4619)
(-2.7629)
G1(0.3485)
(-0.6364)
(-0.1383)
G2(0.4635)
(-0.5459)
(0.1485)
G3(0.9073)
(-0.6151)
(0.9269)
G4(0.4411)
(-0.6529)
(0.1873)
A1(-0.6850)
(6.9072)
(7.1180)
A2(-0.1963)
(9.6965)
(0.3256)
A3(3.5817)
(6.1579)
(-0.9481)
A4(-0.6033)
(11.9471)
(2.6480)
G1(2.0077)
(-2.7127)
(0.5076)
G2(0.3469)
(-0.7221)
(0.2464)
G3(0.2538)
(-0.5821)
(1.8890)
G4(1.6155)
(-0.1219)
(0.2512)
A1(2.3711)
(13.6756)
(6.6438)
A2(0.6943)
(9.4523)
(1.0487)
A3(0.2538)
(7.0198)
(-2.4038)
A4(4.9560)
(25.9053)
(11.0085)
G1(1.7533)
(-1.5772)
(-1.0536)
G2(0.4640)
(-1.5724)
(0.2879)
G3(0.2293)
(0.4869)
(1.7618)
G4(3.0916)
(-0.7412)
(0.4438)
A1(10.9069)
(11.1752)
(-0.0479)
A2(-2.4756)
(8.6191)
(1.0104)
A3(4.0749)
(3.2370)
(-3.7254)
A4(7.7716)
(39.3703)
(-0.9194)
G1(0.6513)
(-3.3672)
(-0.0995)
G2(0.4491)
(-1.6618)
(0.2629)
G3(1.7725)
(1.5554)
(-0.0133)
G4(4.8177)
(-3.9073)
(1.7203)
A1(4.8715)
(20.9516)
(4.4452)
A2(0.6369)
(11.3725)
(10.9032)
A3(6.5074)
(4.3000)
(-8.4180)
A4(-3.4381)
(36.4158)
(-37.7039)
G1(1.0983)
(-0.5050)
(0.1453)
G2(-1.7459)
(-1.1962)
(0.7827)
G3(-0.9450)
(-0.4566)
(1.1515)
G4(-3.4598)
(2.7037)
(3.9046)
A1(0.8526)
(12.8613)
(6.1935)
A2(14.0252)
(4.7692)
(7.9823)
A3(4.4149)
(8.0828)
(-5.8562)
A4(-5.7413)
(-6.3686)
(-25.3115)
G1(2.1987)
(0.9402)
(-0.7098)
G2(-7.3575)
(-7.6028)
(1.6650)
G3(-0.7615)
(-1.6974)
(0.3874)
G4(-9.3966)
(3.8631)
(-0.4949)
A1(4.2727)
(-2.2609)
(4.0428)
A2(11.4299)
(10.2137)
(15.2750)
A3(-6.0908)
(17.5447)
(-2.8826)
A4(0.7566)
(20.2549)
(-0.9337)
G1(-1.3404)
(-4.4964)
(0.0074)
G2(-7.5587)
(-5.3834)
(5.0205)
G3(-0.9876)
(0.1501)
(-0.0660)
G4(-10.8732)
(-3.7344)
(4.6139)
A1(3.1183)
(2.2369)
(2.2465)
A2(0.7470)
(25.0625)
(15.9310)
A3(-2.0542)
(3.5482)
(5.3008)
A4(-5.8323)
(17.3149)
(0.2346)
G1(-0.9743)
(-4.2654)
(-0.1852)
G2(-6.2183)
(-0.0883)
(4.2537)
G3(-0.1538)
(-3.9041)
(0.1671)
G4(-10.9583)
(1.7655)
(7.6103)
A1(-8.3634)
(7.1994)
(1.6478)
A2(3.4955)
(8.8250)
(-0.6369)
A3(6.8570)
(5.8945)
(5.0326)
A4(-0.7661)
(14.9973)
(-8.2791)
G1(-1.1414)
(-4.5304)
(0.9019)
G2(-4.2824)
(2.0151)
(4.2787)
G3(0.9812)
(-2.3200)
(1.3681)
G4(-5.6335)
(2.7388)
(4.4964)
A1(4.7038)
(12.8660)
(2.8453)
A2(0.2490)
(-11.7986)
(3.1891)
A3(-7.9344)
(2.0063)
(-1.1732)
A4(4.3862)
(-4.5346)
(-11.3772)
G1(0.0404)
(0.0027)
(0.8812)
G2(-4.7172)
(-0.4342)
(2.3062)
G3(2.3056)
(-3.7104)
(1.5096)
G4(-0.6822)
(4.3506)
(-4.3756)
A1(-5.8822)
(15.4958)
(0.0719)
A2(-5.0757)
(6.3973)
(1.6712)
A3(9.5002)
(3.7685)
(-3.3950)
A4(-4.7645)
(-6.8283)
(-7.8147)
G1(0.1304)
(-0.7338)
(-0.1586)
G2(-4.7331)
(0.4917)
(2.0130)
G3(2.3988)
(3.2964)
(-1.7927)
G4(2.1934)
(-2.4073)
(-3.3081)
A1(5.3601)
(8.3395)
(4.9385)
A2(9.2464)
(8.0110)
(6.2824)
A3(-1.6999)
(-0.2394)
(-18.6796)
A4(1.0870)
(4.0175)
(-2.0016)
G1(0.1442)
(1.2946)
(-0.5236)
G2(-3.3502)
(2.9926)
(0.0032)
G3(0.3927)
(-1.8422)
(1.2382)
G4(2.4993)
(-2.3370)
(-4.2580)
A1(5.5038)
(8.8568)
(2.4525)
A2(1.4844)
(-2.9736)
(3.8211)
A3(1.7334)
(-0.6081)
(-7.9152)
A4(6.9671)
(12.2152)
(-1.0870)
G1(0.7003)
(0.3852)
(-0.2144)
G2(1.5724)
(0.8902)
(-2.4339)
G3(-0.1490)
(-0.6300)
(0.4464)
G4(4.0244)
(-2.3796)
(-3.0878)
A1(3.9422)
(8.6316)
(2.0501)
A2(4.0701)
(-0.9577)
(7.3071)
A3(6.6463)
(12.9766)
(-4.2425)
A4(6.9863)
(14.5663)
(3.9552)
G1(0.6588)
(-0.3895)
(-0.5539)
G2(3.5593)
(0.9237)
(-3.1618)
G3(-0.3682)
(-0.3576)
(0.6125)
G4(2.7526)
(-4.0318)
(-2.9495)
A1(0.3976)
(9.6663)
(1.4466)
A2(6.8953)
(-0.6081)
(8.9926)
A3(2.4660)
(7.5178)
(-5.6838)
A4(13.3740)
(12.2296)
(-2.5379)
G1(0.1490)
(-1.0972)
(-0.4331)
G2(4.1090)
(-0.8317)
(-3.8397)
G3(-0.3166)
(0.2123)
(0.0580)
G4(1.0770)
(-1.8709)
(-2.1205)
A1(2.2465)
(10.1645)
(1.8250)
A2(12.4211)
(0.4022)
(11.9758)
A3(1.3695)
(9.8976)
(-5.5833)
A4(9.0214)
(16.2279)
(-1.0295)
G1(0.9738)
(0.0468)
(-0.5082)
G2(3.5088)
(-2.1731)
(-3.8381)
G3(-0.2065)
(-0.8562)
(0.5071)
G4(0.2863)
(-2.1412)
(-1.8533)
A1(1.9208)
(8.7322)
(-1.5855)
A2(6.7804)
(2.5762)
(3.8690)
A3(2.7150)
(8.9064)
(-5.2194)
A4(12.3924)
(13.8145)
(0.5124)
G1(0.0521)
(-0.4560)
(-0.6300)
G2(2.1423)
(-1.6772)
(-4.4048)
G3(-0.0213)
(-0.5949)
(0.2735)
G4(-0.1373)
(-0.6002)
(-1.2334)
A1(0.9580)
(7.9419)
(-0.6946)
A2(8.8873)
(8.5329)
(6.4117)
A3(3.2465)
(7.8099)
(-7.5274)
A4(5.7796)
(15.2175)
(2.4277)
G1(1.0360)
(-0.1921)
(-1.0648)
G2(2.0875)
(0.4816)
(-2.5813)
G3(0.2421)
(-0.0170)
(-0.4097)
G4(0.6327)
(-0.1532)
(-0.8844)
A1(1.8777)
(10.6626)
(-2.1843)
A2(5.8658)
(7.4986)
(5.1332)
A3(2.5857)
(7.6136)
(-5.4540)
A4(10.7021)
(8.3366)
(0.9098)
G1(2.1439)
(0.2043)
(-0.9663)
G2(1.8273)
(1.0515)
(-2.0348)
G3(0.0362)
(-0.7295)
(0.1192)
G4(0.4310)
(-0.6327)
(-0.6806)
