A1(1.5807)
(2.3088)
(-1.9352)
A2(4.3814)
(8.6479)
(5.4396)
A3(0.0718)
(8.2600)
(-7.4795)
A4(-2.6767)
(8.1930)
(-1.6089)
G1(0.2357)
(1.4351)
(-0.6173)
G2(-0.2144)
(0.3235)
(0.2677)
G3(0.7588)
(1.9853)
(-1.1536)
G4(0.8775)
(1.4122)
(-1.5357)
A1(0.9628)
(11.0842)
(-5.4654)
A2(9.3661)
(7.8482)
(11.3820)
A3(2.0494)
(4.6878)
(-5.3199)
A4(-2.4565)
(5.5210)
(-3.0454)
G1(1.1722)
(1.2643)
(-0.0686)
G2(-1.2111)
(1.7863)
(1.2196)
G3(0.7258)
(1.7097)
(-1.4990)
G4(1.1036)
(4.5501)
(-3.3965)
A1(0.8814)
(16.0754)
(5.2307)
A2(2.6097)
(4.6112)
(1.6568)
A3(-0.0144)
(7.4986)
(-3.1460)
A4(2.1117)
(8.6957)
(-5.3534)
G1(1.1153)
(1.0280)
(-1.0695)
G2(-0.5805)
(0.7822)
(0.7003)
G3(-0.6401)
(-0.4523)
(-0.0654)
G4(2.2594)
(0.3363)
(1.0887)
A1(-4.4691)
(10.5141)
(-0.3114)
A2(-3.3279)
(2.5522)
(7.9440)
A3(-6.0908)
(15.2606)
(-2.0590)
A4(1.2210)
(22.9987)
(-11.4682)
G1(-2.2668)
(3.6716)
(-1.0706)
G2(-0.7035)
(-0.2698)
(0.8737)
G3(0.4081)
(0.2820)
(-0.7854)
G4(0.2458)
(-0.9275)
(0.7673)
A1(4.3973)
(28.7594)
(-2.3519)
A2(14.3461)
(8.9974)
(10.0221)
A3(-4.3862)
(32.7335)
(15.4761)
A4(-4.0318)
(14.6669)
(-13.6805)
G1(-7.9045)
(4.6054)
(-0.9328)
G2(2.1609)
(-2.1178)
(-0.2187)
G3(4.6203)
(3.4859)
(-3.5226)
G4(-0.8450)
(1.3415)
(-1.2137)
A1(-8.3538)
(25.8135)
(8.9574)
A2(-4.4149)
(15.1984)
(10.8553)
A3(0.3160)
(22.9365)
(-7.2113)
A4(-8.3558)
(10.7069)
(-10.7260)
G1(-7.6763)
(3.4795)
(-5.0668)
G2(0.1171)
(-0.3570)
(-0.2474)
G3(2.3892)
(4.1058)
(-3.5550)
G4(-1.5958)
(0.7412)
(0.1080)
A1(5.5038)
(7.7311)
(-2.9123)
A2(6.7469)
(13.2208)
(2.9544)
A3(-4.3766)
(9.2847)
(-24.1288)
A4(-0.4884)
(1.4605)
(1.9489)
G1(-5.6441)
(-0.1554)
(-3.1043)
G2(3.0022)
(4.1164)
(2.1183)
G3(-11.0727)
(-6.2598)
(2.7574)
G4(-1.5697)
(2.7494)
(-1.1435)
A1(0.7185)
(-10.5525)
(5.7433)
A2(-2.1404)
(18.4593)
(5.6024)
A3(-28.3282)
(2.0303)
(-22.5917)
A4(4.4628)
(4.9464)
(6.9192)
G1(-4.8486)
(-0.7657)
(-1.5463)
G2(2.2508)
(1.0807)
(-0.4938)
G3(-13.6529)
(2.3104)
(4.8369)
G4(0.3618)
(2.9506)
(-0.9355)
A1(-0.0575)
(14.4899)
(-2.3136)
A2(1.1875)
(0.4549)
(0.6895)
A3(3.6105)
(41.6447)
(27.3274)
A4(-4.9560)
(10.5919)
(-3.6009)
G1(-6.0054)
(-8.6612)
(-1.3042)
G2(0.7141)
(2.9091)
(-0.2815)
G3(-12.0508)
(1.0977)
(-2.4025)
G4(2.5823)
(1.1408)
(0.2139)
A1(-14.6863)
(5.6235)
(4.4212)
A2(-7.1778)
(-2.7964)
(6.3398)
A3(6.6846)
(18.4497)
(-18.9525)
A4(-0.1341)
(6.7947)
(-6.7995)
G1(-1.5469)
(0.1932)
(0.6891)
G2(0.7290)
(3.6508)
(0.1527)
G3(-7.7630)
(-2.9633)
(-0.1128)
G4(1.6378)
(-0.2591)
(1.9278)
A1(-3.8991)
(3.9709)
(0.9867)
A2(-5.0709)
(16.2471)
(4.8746)
A3(-3.9313)
(1.9154)
(-19.7761)
A4(7.3885)
(9.5768)
(-10.1370)
G1(3.0070)
(0.3741)
(3.2049)
G2(-0.5481)
(4.7821)
(1.8693)
G3(-2.6095)
(-3.3874)
(4.6076)
G4(0.6822)
(-0.2708)
(-0.1394)
A1(-0.4694)
(3.4153)
(5.2786)
A2(15.2846)
(9.6869)
(-3.1508)
A3(3.6775)
(-3.6392)
(-17.3723)
A4(3.8451)
(-1.1540)
(-8.4515)
G1(5.0774)
(1.2835)
(4.0159)
G2(-0.2059)
(-2.5371)
(-0.2506)
G3(3.5370)
(2.6042)
(0.6859)
G4(-0.3065)
(-1.4479)
(-0.8902)
A1(-12.8421)
(2.5914)
(10.5860)
A2(13.0340)
(14.1785)
(-1.9297)
A3(1.3791)
(19.1057)
(-1.6951)
A4(0.1820)
(19.3882)
(0.5411)
G1(4.5011)
(1.8443)
(4.4059)
G2(0.7061)
(0.7535)
(0.0984)
G3(5.4776)
(0.6529)
(3.3347)
G4(0.0037)
(0.5135)
(-0.5326)
A1(-4.6990)
(2.4669)
(7.4485)
A2(1.0678)
(7.4891)
(-0.5076)
A3(-4.1563)
(19.7665)
(4.9704)
A4(-2.4565)
(1.9297)
(-7.1635)
G1(3.8892)
(1.8826)
(4.6970)
G2(1.1994)
(-1.1068)
(1.0408)
G3(6.3923)
(1.6245)
(3.1756)
G4(0.0633)
(-0.2469)
(0.3198)
A1(-6.1648)
(6.8114)
(9.0915)
A2(-4.4436)
(11.8705)
(6.5457)
A3(-13.4123)
(29.0848)
(17.4250)
A4(-1.1253)
(6.7469)
(-5.3726)
G1(3.1852)
(-2.7542)
(2.1396)
G2(-0.2841)
(0.7944)
(0.1655)
G3(4.2356)
(2.7941)
(2.7473)
G4(0.2458)
(-0.2453)
(0.0090)
A1(-8.8137)
(11.8122)
(2.1843)
A2(-0.3112)
(8.5952)
(0.2298)
A3(-12.4403)
(22.9556)
(4.9416)
A4(-2.9592)
(8.1499)
(-8.2887)
G1(2.3253)
(1.7698)
(1.5064)
G2(0.3453)
(0.3139)
(0.1277)
G3(2.1295)
(1.6198)
(2.4296)
G4(-0.0117)
(-0.5060)
(0.3805)
A1(-14.8779)
(3.6165)
(8.2197)
A2(-0.8667)
(7.7859)
(-2.6911)
A3(-11.6310)
(16.3524)
(4.8123)
A4(-0.2634)
(6.7564)
(-6.3542)
G1(-0.9291)
(1.3324)
(-1.9231)
G2(-0.1804)
(-0.8109)
(-0.2070)
G3(0.5071)
(0.0490)
(1.0153)
G4(-0.3347)
(-0.4188)
(0.4257)
A1(5.1780)
(7.9323)
(1.2981)
A2(0.2825)
(13.8241)
(2.9497)
A3(-20.6524)
(21.6340)
(24.3251)
A4(0.1724)
(8.1403)
(-4.5586)
G1(1.4559)
(-2.9734)
(2.1141)
G2(0.2735)
(-1.5261)
(0.2836)
G3(-3.3997)
(0.6130)
(-0.7689)
G4(-0.2373)
(-0.3198)
(0.4581)
A1(2.2226)
(10.4423)
(0.6467)
A2(1.9201)
(12.6222)
(3.2801)
A3(-0.8523)
(10.6159)
(1.8675)
A4(6.3446)
(6.8426)
(-7.5848)
G1(0.1048)
(0.3560)
(0.0990)
G2(0.9227)
(-1.0605)
(0.5060)
G3(-0.1022)
(-1.3266)
(0.9360)
G4(1.4282)
(3.5742)
(-1.7554)
A1(1.2981)
(9.8244)
(3.6165)
A2(-2.0063)
(6.8570)
(1.3551)
A3(-1.3743)
(11.3389)
(-2.7198)
A4(-0.7709)
(3.5961)
(-8.0206)
G1(0.9945)
(-0.8210)
(0.6050)
G2(0.9280)
(-0.2517)
(0.3852)
G3(0.6103)
(-0.2618)
(0.1767)
G4(0.1580)
(7.9492)
(-4.5810)
