A1(0.4215)
(7.2856)
(6.4234)
A2(0.9002)
(9.8928)
(-0.3017)
A3(-2.3750)
(9.7683)
(-2.0542)
A4(0.4357)
(9.2177)
(-4.3000)
G1(-0.9296)
(-0.6731)
(-0.3374)
G2(0.1399)
(-0.5348)
(0.0601)
G3(0.3081)
(-1.4420)
(0.5066)
G4(-0.1995)
(-0.1979)
(0.0740)
A1(-1.4562)
(6.0594)
(6.6773)
A2(0.7853)
(9.6822)
(0.1293)
A3(0.3400)
(8.1259)
(-2.2362)
A4(-0.5411)
(9.5768)
(-3.3950)
G1(-0.1894)
(-0.4220)
(-0.3485)
G2(0.2166)
(-1.0025)
(-0.0144)
G3(-0.0745)
(-1.5671)
(1.2249)
G4(0.0388)
(-0.4156)
(0.2554)
A1(-0.0575)
(7.0988)
(6.0690)
A2(-0.7805)
(9.8785)
(0.4741)
A3(-1.5850)
(7.4603)
(-3.5865)
A4(0.2969)
(9.4667)
(-3.5386)
G1(0.2091)
(-0.9589)
(-0.4182)
G2(0.3166)
(-0.9802)
(-0.0404)
G3(0.0511)
(-0.9865)
(1.4234)
G4(0.3198)
(-0.3570)
(0.1602)
A1(0.4790)
(6.3612)
(8.3155)
A2(-0.0622)
(9.8162)
(1.7669)
A3(3.8738)
(7.0485)
(0.4597)
A4(0.0144)
(9.5050)
(-2.6911)
G1(0.4997)
(-0.5438)
(0.0543)
G2(0.5119)
(-0.7572)
(0.1064)
G3(0.5507)
(-0.4486)
(1.4830)
G4(0.5571)
(-0.6470)
(0.2703)
A1(0.6227)
(12.0086)
(6.2031)
A2(-0.7997)
(9.1123)
(1.4796)
A3(0.1820)
(7.5274)
(-1.1253)
A4(7.9487)
(19.6899)
(6.0047)
G1(2.3578)
(-1.3909)
(-0.5252)
G2(0.3948)
(-0.9509)
(0.0149)
G3(0.5412)
(-0.3203)
(1.5032)
G4(2.3349)
(-1.1664)
(0.3586)
A1(6.6582)
(14.1067)
(-1.5568)
A2(-0.6273)
(8.9639)
(0.8332)
A3(-1.9632)
(10.8649)
(-3.8068)
A4(7.3023)
(37.1628)
(14.0300)
G1(2.2833)
(-6.3093)
(0.2097)
G2(0.4534)
(-0.9546)
(0.1580)
G3(-0.0830)
(-0.0410)
(0.2629)
G4(4.9188)
(-2.8468)
(0.7157)
A1(3.3147)
(7.6641)
(6.3803)
A2(-1.5036)
(9.1602)
(1.5850)
A3(-2.0159)
(18.5694)
(-3.2034)
A4(-3.2561)
(11.4539)
(-18.8615)
G1(0.0958)
(-4.8821)
(-0.2426)
G2(0.2059)
(-0.8450)
(0.1229)
G3(0.3778)
(1.1089)
(-0.2112)
G4(1.3037)
(-0.3368)
(2.6419)
A1(2.6489)
(9.0771)
(6.5815)
A2(0.0527)
(11.0564)
(6.8283)
A3(10.4196)
(5.7317)
(-3.1364)
A4(-5.3391)
(22.6156)
(-31.8716)
G1(0.1192)
(-1.0435)
(-0.0213)
G2(-0.7306)
(-1.7033)
(0.6923)
G3(0.0814)
(-0.6960)
(0.8088)
G4(-2.5839)
(3.4800)
(6.2071)
A1(5.2307)
(8.3395)
(8.2916)
A2(13.7284)
(7.8434)
(10.6303)
A3(-0.6225)
(16.0459)
(0.3687)
A4(-11.7076)
(-8.4659)
(-26.2883)
G1(-0.9200)
(-0.0734)
(0.7327)
G2(-5.7654)
(-6.3992)
(2.4557)
G3(-0.3395)
(-1.5522)
(0.4464)
G4(-9.4445)
(4.4043)
(-1.1222)
A1(-1.9352)
(13.9630)
(0.1677)
A2(-5.9185)
(24.4783)
(14.2359)
A3(0.6704)
(20.3459)
(4.6352)
A4(6.8618)
(10.0892)
(-5.8802)
G1(0.1165)
(-3.0793)
(1.3766)
G2(-6.9723)
(-0.3352)
(3.6210)
G3(1.2164)
(0.3528)
(-0.3049)
G4(-14.6145)
(6.3997)
(-0.9195)
A1(20.1709)
(-2.6202)
(6.5288)
A2(12.4403)
(21.8399)
(9.4284)
A3(-2.5043)
(1.8244)
(-3.0981)
A4(-2.7102)
(23.4632)
(-7.5944)
G1(-1.8810)
(-3.2203)
(-0.2687)
G2(-7.2229)
(3.3991)
(5.2695)
G3(0.0112)
(-1.3319)
(0.2522)
G4(-12.4057)
(-1.6490)
(8.9065)
A1(-10.0495)
(17.3447)
(-4.6703)
A2(0.8140)
(5.5306)
(-1.2450)
A3(7.2449)
(12.2679)
(-1.5083)
A4(-11.5496)
(18.1433)
(-7.3310)
G1(-2.0492)
(-3.5205)
(-1.7703)
G2(-4.2755)
(1.2606)
(4.2117)
G3(0.2671)
(-1.4463)
(0.9386)
G4(-4.2984)
(-0.3028)
(2.1343)
A1(-5.1349)
(6.7396)
(0.9867)
A2(-8.1451)
(1.3312)
(12.5313)
A3(-3.4381)
(2.2936)
(-7.1970)
A4(-21.8830)
(-9.9216)
(-19.1823)
G1(0.1878)
(0.3618)
(-0.3916)
G2(-5.5036)
(0.2320)
(2.3748)
G3(0.7960)
(-2.9293)
(0.8370)
G4(-2.6542)
(-0.5486)
(1.2276)
A1(-1.1017)
(9.1586)
(5.1828)
A2(16.6924)
(-6.1052)
(2.2936)
A3(5.3486)
(9.6199)
(-7.9440)
A4(-2.8683)
(-0.3400)
(-11.4634)
G1(-0.1341)
(0.5417)
(-0.0229)
G2(-3.4518)
(-0.8381)
(1.2122)
G3(0.1815)
(-1.3329)
(0.0654)
G4(-0.6545)
(1.4798)
(-4.3239)
A1(-2.3854)
(10.2267)
(4.6080)
A2(-17.0659)
(5.3582)
(4.5490)
A3(5.1092)
(-0.2873)
(-6.6894)
A4(-5.3391)
(-9.7157)
(-12.3972)
G1(-0.1101)
(0.9961)
(0.3709)
G2(-7.0883)
(3.1980)
(0.9610)
G3(1.0105)
(1.1020)
(-0.9631)
G4(2.6536)
(-0.4177)
(-5.0817)
A1(5.0248)
(11.4961)
(5.2690)
A2(11.2097)
(6.5936)
(7.8386)
A3(-3.5147)
(5.6168)
(-14.3221)
A4(-0.1484)
(3.2226)
(-4.8937)
G1(0.2304)
(1.1371)
(-0.6508)
G2(-3.0022)
(3.1118)
(-1.2302)
G3(-0.2602)
(1.3617)
(0.7795)
G4(2.9660)
(-0.4576)
(-4.8603)
A1(5.8247)
(11.0363)
(5.4319)
A2(0.7039)
(1.0726)
(3.1029)
A3(3.7062)
(4.8123)
(-8.5090)
A4(5.8658)
(14.9255)
(0.4405)
G1(-0.0357)
(0.0803)
(-0.3533)
G2(1.7400)
(2.1689)
(-2.1854)
G3(0.2714)
(-1.2302)
(0.9190)
G4(4.3239)
(-3.0277)
(-2.5520)
A1(3.2189)
(8.8855)
(4.2152)
A2(0.8715)
(-2.0734)
(6.2632)
A3(0.4166)
(12.0285)
(-5.0613)
A4(4.2377)
(15.7203)
(0.2825)
G1(-0.2948)
(-0.3874)
(-0.5114)
G2(4.1553)
(1.7661)
(-2.2913)
G3(0.1208)
(-1.1722)
(0.8546)
G4(3.1650)
(-4.3106)
(-2.2966)
A1(1.5280)
(8.5071)
(5.1828)
A2(5.4157)
(-5.5593)
(9.4284)
A3(3.8355)
(8.2217)
(-2.6959)
A4(13.7667)
(22.8790)
(0.4357)
G1(0.5773)
(-0.4528)
(-1.0632)
G2(4.4160)
(0.2937)
(-2.3844)
G3(0.2826)
(0.5704)
(-0.0617)
G4(2.3168)
(-2.6813)
(-2.0428)
A1(1.6142)
(9.6615)
(1.7244)
A2(11.2863)
(-1.1349)
(12.4355)
A3(-0.1820)
(8.4755)
(-7.0342)
A4(7.0342)
(16.1178)
(-4.2377)
G1(1.0589)
(0.4587)
(-1.0754)
G2(4.7970)
(-2.3477)
(-3.4965)
G3(0.5364)
(-0.5747)
(0.4555)
G4(1.5059)
(-2.1918)
(-2.4908)
