A1(28.5055)
(26.7763)
(-4.6368)
A2(0.7901)
(10.4962)
(4.9033)
A3(-5.3295)
(-33.2842)
(2.9161)
A4(7.1874)
(31.5843)
(-21.3371)
G1(0.9131)
(1.5442)
(-0.0819)
G2(1.1047)
(-1.3723)
(1.7906)
G3(-2.5494)
(-0.2639)
(4.6666)
G4(0.3379)
(-3.2597)
(5.1918)
A1(4.4691)
(6.8066)
(13.6995)
A2(7.4412)
(19.1823)
(11.2958)
A3(-71.5771)
(44.8434)
(54.1185)
A4(2.9736)
(27.9499)
(-8.8155)
G1(0.4198)
(-6.0315)
(0.5928)
G2(-1.4575)
(-1.0919)
(-0.6087)
G3(4.1425)
(-0.5268)
(-1.0121)
G4(1.0664)
(-3.5593)
(5.0987)
A1(-0.8622)
(-5.0535)
(0.7616)
A2(5.9233)
(28.5820)
(3.9025)
A3(3.3662)
(5.4205)
(-11.5544)
A4(-16.7450)
(16.5439)
(-30.2052)
G1(-1.0946)
(-1.3877)
(-0.5912)
G2(2.3179)
(-5.6111)
(-0.2820)
G3(-2.4280)
(-0.7301)
(0.7886)
G4(-3.8392)
(5.8442)
(-1.7661)
A1(6.8114)
(-1.5807)
(1.2742)
A2(-2.7294)
(8.2552)
(17.7123)
A3(1.6185)
(16.7881)
(5.8706)
A4(3.5530)
(-11.0899)
(-22.8167)
G1(-0.1602)
(-3.7392)
(-0.1857)
G2(-3.9584)
(-7.8875)
(-2.4318)
G3(-2.2104)
(-3.2560)
(1.3446)
G4(-12.9543)
(0.9871)
(0.6103)
A1(0.0766)
(0.1054)
(5.2020)
A2(1.7669)
(16.0986)
(8.6431)
A3(4.3048)
(-12.2104)
(2.5426)
A4(-6.7995)
(-7.7524)
(-4.2425)
G1(-0.6662)
(-2.6137)
(-0.7152)
G2(-7.9444)
(-3.9046)
(1.2723)
G3(-1.4415)
(-3.6854)
(0.1032)
G4(-15.9714)
(-2.2971)
(5.4297)
A1(-2.7639)
(12.9810)
(-5.0583)
A2(4.7932)
(18.7466)
(6.7852)
A3(0.1437)
(-1.3216)
(6.3351)
A4(28.0409)
(62.3737)
(23.1567)
G1(-0.0426)
(-4.8481)
(0.1261)
G2(-10.5172)
(-0.2629)
(3.6732)
G3(0.4081)
(1.2404)
(-0.5300)
G4(-7.3937)
(2.8511)
(1.5963)
A1(-1.9064)
(12.1811)
(9.2879)
A2(-4.5538)
(10.0892)
(-6.3542)
A3(9.2943)
(-1.1684)
(-5.5450)
A4(-6.4356)
(6.4548)
(-26.5756)
G1(-0.7923)
(1.1973)
(0.9817)
G2(-8.0434)
(0.5853)
(0.6981)
G3(4.1680)
(-5.7654)
(2.5701)
G4(-0.6800)
(7.1367)
(-2.3934)
A1(-8.1862)
(17.2920)
(-9.7334)
A2(0.9912)
(-3.8499)
(-10.2472)
A3(8.4467)
(22.9604)
(1.9872)
A4(-10.7069)
(-23.2238)
(-22.5007)
G1(1.2787)
(-0.5034)
(-0.6385)
G2(-1.4324)
(-4.5150)
(1.2164)
G3(3.4007)
(1.4814)
(-0.2597)
G4(-0.4613)
(0.8083)
(-5.1615)
A1(10.2842)
(1.4370)
(6.0259)
A2(10.7691)
(3.6823)
(1.7047)
A3(-1.7047)
(-0.7997)
(-13.7714)
A4(-2.6288)
(-3.5530)
(-5.2241)
G1(-5.0455)
(-1.0520)
(-0.5055)
G2(-7.1729)
(6.0826)
(-0.4975)
G3(-0.7551)
(-1.5884)
(1.5367)
G4(5.7144)
(-1.1515)
(-7.0537)
A1(-1.7579)
(24.1370)
(-10.8063)
A2(5.1667)
(1.7717)
(0.5363)
A3(-29.7168)
(112.1013)
(-25.2445)
A4(1.8292)
(3.6200)
(-8.7628)
G1(3.0479)
(-2.1013)
(-1.0919)
G2(0.1639)
(-0.6737)
(-1.1345)
G3(-3.2730)
(-6.0544)
(2.0806)
G4(5.1812)
(-1.8518)
(-4.6251)
A1(14.5713)
(2.0262)
(11.2470)
A2(-4.7357)
(-6.7995)
(10.1466)
A3(16.5727)
(-20.6859)
(17.2957)
A4(0.6273)
(17.6692)
(-5.3008)
G1(0.3081)
(3.1421)
(-0.6939)
G2(1.8369)
(1.6490)
(-2.8207)
G3(1.4537)
(1.1073)
(-1.2345)
G4(3.7679)
(-2.0758)
(-2.6611)
A1(2.6249)
(8.8041)
(0.3545)
A2(11.8848)
(2.3942)
(5.0135)
A3(0.0862)
(11.8657)
(-5.0518)
A4(12.3780)
(27.9691)
(-6.7325)
G1(-0.3783)
(-3.9355)
(-0.7811)
G2(3.1097)
(2.0226)
(-3.1421)
G3(-0.5167)
(0.1320)
(-0.0506)
G4(3.6519)
(-3.6402)
(-0.8705)
A1(1.6957)
(15.5964)
(1.2406)
A2(13.3644)
(-0.8763)
(11.0468)
A3(0.7901)
(6.1244)
(-5.6455)
A4(12.0285)
(14.4849)
(-4.2329)
G1(1.4128)
(0.6763)
(-1.2249)
G2(5.6388)
(-2.4706)
(-4.8305)
G3(0.4997)
(-1.1983)
(0.8285)
G4(0.0617)
(-3.5928)
(-1.2398)
A1(6.7300)
(9.8148)
(-5.0870)
A2(11.2432)
(9.1459)
(3.9121)
A3(1.4940)
(4.2856)
(-6.8426)
A4(18.1480)
(13.2351)
(4.4053)
G1(0.1697)
(-0.9796)
(0.2469)
G2(3.1251)
(-0.4965)
(-5.0035)
G3(0.6167)
(-1.3925)
(0.5678)
G4(2.2125)
(2.5089)
(-2.9782)
A1(-3.1997)
(13.4361)
(-0.8766)
A2(3.0406)
(6.0861)
(8.3893)
A3(9.9072)
(12.1194)
(-9.9838)
A4(16.1561)
(25.1870)
(8.8729)
G1(-0.1064)
(2.3993)
(-1.1004)
G2(3.5029)
(0.5704)
(-4.6347)
G3(0.5396)
(0.3533)
(-0.2033)
G4(0.1607)
(-0.4778)
(-0.0351)
A1(-0.1150)
(6.5815)
(2.5531)
A2(15.9310)
(19.9389)
(6.8570)
A3(0.5171)
(7.6662)
(-7.1587)
A4(3.0071)
(11.7364)
(-2.7438)
G1(-0.4997)
(0.0394)
(-0.5135)
G2(0.8285)
(5.0700)
(-1.0126)
G3(0.2586)
(-0.6987)
(-0.1751)
G4(-0.2496)
(-0.9583)
(-0.6912)
A1(-2.7543)
(12.8038)
(-0.1533)
A2(4.3718)
(9.7252)
(8.6910)
A3(0.6991)
(5.7174)
(-7.1826)
A4(6.1339)
(8.8059)
(1.1205)
G1(-1.2819)
(-0.8897)
(-0.8184)
G2(-1.3005)
(-1.4069)
(-0.4757)
G3(0.1224)
(-1.4484)
(0.2437)
G4(0.2240)
(-1.0504)
(-0.1921)
A1(-2.5866)
(8.7706)
(3.3578)
A2(1.8340)
(4.9608)
(2.0255)
A3(0.3304)
(8.7293)
(-5.6838)
A4(-2.6288)
(7.4077)
(-0.7326)
G1(-0.3539)
(-0.8939)
(-1.0658)
G2(1.3111)
(-1.2372)
(-1.2388)
G3(0.0628)
(-1.5985)
(0.0479)
G4(0.0809)
(1.4479)
(-0.9535)
A1(-1.5855)
(8.8041)
(3.0656)
A2(2.1117)
(9.3709)
(1.6041)
A3(-1.4892)
(4.1037)
(-8.8681)
A4(2.1787)
(9.6055)
(-2.6336)
G1(0.6923)
(1.2776)
(-0.1224)
G2(1.1222)
(-1.1776)
(0.3491)
G3(-0.2320)
(-0.6364)
(-0.2171)
G4(0.0713)
(-1.0823)
(-0.0500)
A1(-0.8143)
(11.3811)
(5.1493)
A2(-2.2984)
(6.5505)
(5.6599)
A3(-0.0096)
(5.1475)
(-7.1970)
A4(-0.6369)
(9.2608)
(-3.2274)
G1(1.1185)
(-0.3049)
(-0.3863)
G2(0.1394)
(1.1286)
(-0.6274)
G3(0.0319)
(0.0309)
(-0.5119)
G4(-0.0553)
(-0.6582)
(-0.2724)
