A1(0.1437)
(6.1839)
(5.4798)
A2(0.7709)
(9.9503)
(-2.0159)
A3(-1.5610)
(8.5712)
(-2.5379)
A4(0.3304)
(10.0604)
(-3.5243)
G1(-1.3335)
(-1.2398)
(0.2501)
G2(-0.1889)
(0.3576)
(0.0261)
G3(0.5417)
(-1.1802)
(0.2575)
G4(-0.2873)
(-0.0623)
(0.0702)
A1(1.7532)
(6.1935)
(6.6773)
A2(0.5124)
(9.7348)
(1.1396)
A3(1.5419)
(6.9528)
(-2.1500)
A4(1.3455)
(9.9168)
(-1.9776)
G1(0.6561)
(-1.1371)
(-0.1229)
G2(0.6917)
(-0.7630)
(0.0867)
G3(0.8253)
(-1.0685)
(1.6511)
G4(0.4922)
(-0.7226)
(0.1623)
A1(3.2237)
(11.1033)
(-1.1448)
A2(-0.3112)
(8.7915)
(1.6903)
A3(3.5769)
(3.8786)
(-3.4716)
A4(0.7470)
(14.4993)
(4.1659)
G1(2.9037)
(-2.0289)
(-0.1740)
G2(0.3821)
(-0.7242)
(0.1107)
G3(-0.1501)
(-1.3478)
(2.4248)
G4(1.6192)
(-1.2409)
(0.2645)
A1(-4.9050)
(12.0038)
(-2.7303)
A2(-1.3360)
(8.4946)
(1.2306)
A3(-0.5938)
(32.2882)
(3.6105)
A4(-5.2816)
(32.5611)
(-19.5319)
G1(1.7368)
(-8.0024)
(-0.2160)
G2(0.3001)
(-1.6213)
(0.3395)
G3(3.0735)
(4.9449)
(-0.7428)
G4(4.7853)
(-1.2595)
(3.1480)
A1(4.7134)
(13.4169)
(6.4618)
A2(8.3510)
(8.0780)
(11.4682)
A3(0.4357)
(13.1633)
(-0.6369)
A4(-19.5654)
(20.8152)
(-28.6203)
G1(0.7950)
(-1.0552)
(1.3026)
G2(-4.1350)
(-6.0799)
(0.0404)
G3(-0.6146)
(-1.5490)
(1.0344)
G4(-5.0482)
(3.4167)
(1.0504)
A1(7.1994)
(5.2690)
(9.5274)
A2(-1.7573)
(31.0815)
(4.3766)
A3(-4.2521)
(16.2279)
(1.1444)
A4(13.3405)
(7.0342)
(-12.6510)
G1(-1.6746)
(-3.3651)
(-0.1293)
G2(-4.8795)
(1.0557)
(5.0221)
G3(1.0499)
(1.7123)
(-1.2255)
G4(-12.2673)
(-0.1112)
(3.2576)
A1(11.3763)
(-3.0417)
(13.5989)
A2(6.4979)
(13.5751)
(7.3406)
A3(4.6304)
(-6.1435)
(-12.5073)
A4(-6.1483)
(27.7153)
(0.6847)
G1(-1.1542)
(-3.6152)
(-2.5536)
G2(-5.5494)
(-1.3782)
(4.6427)
G3(0.4331)
(-3.0341)
(1.4771)
G4(-11.0605)
(3.8158)
(4.7347)
A1(-11.6254)
(11.5296)
(-7.3719)
A2(-1.5850)
(-4.2808)
(2.8539)
A3(3.5865)
(5.7317)
(-5.0182)
A4(-21.2366)
(-6.2537)
(-15.6246)
G1(-0.9807)
(-2.5153)
(-0.1048)
G2(-2.7888)
(0.3288)
(3.1336)
G3(0.9860)
(-0.9599)
(1.0318)
G4(-2.4275)
(3.8110)
(-2.0284)
A1(1.7340)
(11.5727)
(3.9230)
A2(5.9376)
(8.5234)
(3.6583)
A3(-2.6145)
(1.3791)
(-11.2049)
A4(3.8307)
(2.5379)
(-6.7133)
G1(0.1676)
(-0.2703)
(0.0149)
G2(-4.8970)
(2.5823)
(1.4702)
G3(0.1580)
(-0.4417)
(0.3113)
G4(3.3933)
(-1.4761)
(-2.8585)
A1(5.8438)
(8.7466)
(2.0885)
A2(1.1588)
(-3.5913)
(4.8650)
A3(-0.6129)
(10.0269)
(-8.2983)
A4(11.2192)
(14.6094)
(3.8786)
G1(0.9328)
(-0.2815)
(-0.5119)
G2(0.4826)
(1.8379)
(-1.9380)
G3(-0.0442)
(-0.9988)
(0.3592)
G4(4.6406)
(-1.8491)
(-4.2042)
A1(3.6740)
(8.0042)
(5.0583)
A2(1.7334)
(-2.5283)
(7.1730)
A3(6.0142)
(12.6797)
(-2.8012)
A4(6.2345)
(13.1633)
(-3.9025)
G1(-0.0947)
(0.5507)
(0.6369)
G2(3.7008)
(0.7646)
(-2.7207)
G3(-1.1499)
(0.0660)
(0.1277)
G4(3.8956)
(-3.7972)
(-2.3392)
A1(1.0634)
(11.3093)
(3.0944)
A2(17.1042)
(-3.1268)
(11.5879)
A3(-1.6472)
(10.2759)
(-13.1059)
A4(14.1354)
(12.6079)
(-7.3358)
G1(1.1095)
(-0.5231)
(-1.8379)
G2(3.3316)
(-2.4307)
(-3.2565)
G3(0.1383)
(0.0404)
(-0.8881)
G4(0.6657)
(-1.7060)
(-1.4910)
A1(3.8368)
(8.6891)
(2.9842)
A2(7.8051)
(6.3877)
(5.7748)
A3(3.6009)
(7.1347)
(-5.5354)
A4(5.3391)
(13.9247)
(-5.2864)
G1(1.3750)
(0.7982)
(-0.0223)
G2(2.6366)
(-0.7311)
(-4.3548)
G3(-0.3326)
(-0.0750)
(0.1751)
G4(-0.9126)
(-0.3794)
(-1.0594)
A1(1.5089)
(8.3730)
(-0.4742)
A2(7.0533)
(7.6710)
(11.4922)
A3(-0.0910)
(5.8706)
(-6.8570)
A4(13.1921)
(9.3805)
(2.0351)
G1(1.2702)
(-0.1985)
(-1.1249)
G2(3.4156)
(2.0710)
(-2.0556)
G3(-0.2224)
(0.1591)
(-0.6135)
G4(0.6784)
(0.5933)
(-0.2283)
A1(2.5531)
(7.6928)
(2.5914)
A2(5.9759)
(10.5010)
(3.7972)
A3(3.8020)
(7.4412)
(-3.8451)
A4(3.3998)
(7.0725)
(1.2546)
G1(1.1158)
(0.0208)
(-0.9067)
G2(3.7423)
(0.9924)
(-0.8508)
G3(-0.2198)
(0.2235)
(-0.4699)
G4(1.3079)
(1.8246)
(-0.8445)
A1(-3.3530)
(11.7787)
(-2.3615)
A2(-0.2298)
(7.3694)
(6.4165)
A3(-0.0287)
(8.9304)
(-3.8307)
A4(3.5099)
(1.8675)
(-6.6894)
G1(-0.8801)
(-0.3831)
(-0.0734)
G2(0.7561)
(1.1882)
(-0.6800)
G3(0.3970)
(-0.6737)
(-0.0314)
G4(0.4842)
(-1.3234)
(-0.4661)
A1(-3.2333)
(8.5502)
(-1.0394)
A2(7.5753)
(23.6212)
(1.3264)
A3(-1.8196)
(7.8243)
(-6.3877)
A4(3.7110)
(10.0892)
(-1.4509)
G1(0.4566)
(-0.7322)
(-0.4784)
G2(0.5353)
(-0.5917)
(-0.2118)
G3(1.0121)
(-1.1408)
(-0.0644)
G4(0.2086)
(0.5124)
(-0.7790)
A1(-3.2381)
(9.3023)
(-2.2130)
A2(-1.1444)
(9.7205)
(4.0893)
A3(1.2067)
(4.3766)
(-7.7812)
A4(1.8244)
(9.6678)
(-2.6863)
G1(-0.1394)
(-0.4315)
(-0.3507)
G2(0.5172)
(-0.0048)
(-0.3251)
G3(0.2607)
(-0.9775)
(-0.0724)
G4(-0.0431)
(-0.4193)
(-0.4970)
A1(-3.8656)
(8.6748)
(-0.4167)
A2(1.1205)
(8.8059)
(2.2601)
A3(-0.6847)
(6.2537)
(-7.2688)
A4(0.5938)
(9.6055)
(-1.6185)
G1(0.1777)
(-0.1788)
(-0.0388)
G2(0.4746)
(0.5023)
(-0.3171)
G3(0.0319)
(-0.5507)
(-0.1224)
G4(0.1618)
(-0.4049)
(-0.2852)
A1(-3.7267)
(9.5226)
(0.0335)
A2(0.2873)
(9.5720)
(0.5459)
A3(-1.6903)
(4.8746)
(-8.1499)
A4(-0.0718)
(9.4906)
(-3.4907)
G1(-0.2038)
(0.1825)
(-0.3469)
G2(0.2171)
(-0.0516)
(-0.4417)
G3(-0.0357)
(-0.3113)
(-0.1117)
G4(0.0713)
(-0.2363)
(-0.2112)
