A1(-2.3423)
(8.2916)
(-4.4020)
A2(0.3256)
(7.5561)
(5.4205)
A3(-0.3400)
(7.3454)
(-7.2496)
A4(4.9033)
(8.9495)
(-2.4421)
G1(0.2671)
(-0.0979)
(-0.0809)
G2(-0.4768)
(0.1570)
(0.0559)
G3(-0.0479)
(0.2043)
(-0.1825)
G4(0.2533)
(0.8040)
(-0.4741)
A1(1.0011)
(8.9191)
(-0.5556)
A2(6.1292)
(10.4148)
(3.8834)
A3(-0.9960)
(7.3119)
(-5.2241)
A4(-0.8236)
(7.5178)
(-0.0670)
G1(0.7035)
(1.9406)
(-0.5662)
G2(0.1974)
(0.6582)
(0.1527)
G3(-0.4496)
(0.7497)
(-0.4225)
G4(0.9078)
(1.7693)
(-1.8858)
A1(-0.5077)
(8.2149)
(-1.8825)
A2(3.7733)
(5.7892)
(5.5402)
A3(0.0192)
(9.3374)
(-4.5250)
A4(5.2337)
(8.3606)
(-2.8060)
G1(1.1568)
(1.2505)
(-0.7721)
G2(-0.5640)
(-0.0154)
(0.4741)
G3(-0.0223)
(0.4741)
(-0.5023)
G4(0.2128)
(1.5868)
(-1.2286)
A1(5.0248)
(10.4040)
(-0.4790)
A2(0.7614)
(6.1531)
(6.3925)
A3(0.3735)
(10.1131)
(-2.3846)
A4(2.5331)
(8.2935)
(-3.1651)
G1(0.2677)
(1.4857)
(-0.4890)
G2(-0.3565)
(1.6426)
(0.0436)
G3(0.7035)
(0.7875)
(-1.0818)
G4(1.3431)
(0.7971)
(-1.1297)
A1(-1.7484)
(8.9334)
(1.7340)
A2(5.3343)
(4.7453)
(6.5936)
A3(4.3144)
(11.8896)
(-1.9920)
A4(1.5897)
(6.6128)
(-6.4356)
G1(-1.1568)
(1.9449)
(-0.3698)
G2(0.5310)
(2.0811)
(0.1245)
G3(1.1440)
(0.5614)
(-1.2946)
G4(0.9296)
(-1.1877)
(-0.0128)
A1(0.5796)
(19.8787)
(1.0155)
A2(-3.8882)
(7.3119)
(7.9918)
A3(-5.9376)
(28.6634)
(5.0278)
A4(1.9728)
(8.8969)
(-10.5010)
G1(-6.9084)
(3.7386)
(-0.4214)
G2(0.3719)
(0.1362)
(-0.1756)
G3(3.5689)
(3.8578)
(-2.7574)
G4(0.1075)
(1.3798)
(-0.8237)
A1(-6.6198)
(25.1429)
(12.1667)
A2(-5.1619)
(12.8760)
(2.6959)
A3(16.7642)
(10.8553)
(-31.6178)
A4(0.6895)
(15.5432)
(-3.7637)
G1(-8.6239)
(-1.4889)
(-5.8969)
G2(1.2473)
(0.7003)
(-0.6274)
G3(-3.0309)
(-4.3415)
(1.8028)
G4(-0.1447)
(0.7226)
(-0.4629)
A1(2.5818)
(5.5373)
(1.1688)
A2(1.6424)
(11.1905)
(2.4565)
A3(-17.5064)
(1.5706)
(-21.3132)
A4(-0.2490)
(3.0646)
(-1.7478)
G1(-6.9877)
(0.1575)
(-2.4137)
G2(1.5554)
(4.1526)
(0.4145)
G3(-12.1428)
(2.3487)
(4.5666)
G4(0.1240)
(0.9301)
(-1.0339)
A1(-1.7867)
(-5.8247)
(14.8635)
A2(-1.6616)
(4.2713)
(4.0749)
A3(-8.8346)
(30.3441)
(-14.6765)
A4(5.7700)
(8.7101)
(-4.6878)
G1(-6.1081)
(-1.9816)
(-1.7725)
G2(0.0218)
(3.4848)
(-0.2826)
G3(-12.8111)
(3.5487)
(-1.2579)
G4(1.4064)
(1.3755)
(-0.5582)
A1(-6.8833)
(5.6858)
(-2.8357)
A2(0.9912)
(12.0045)
(5.3391)
A3(0.3065)
(7.9440)
(-19.7761)
A4(-2.6959)
(-0.4741)
(-10.2185)
G1(-1.1478)
(-0.5066)
(0.7114)
G2(0.1979)
(3.2033)
(0.0261)
G3(-3.5620)
(-1.2925)
(1.4436)
G4(0.5364)
(1.4761)
(-0.0612)
A1(2.4333)
(-5.3888)
(0.3209)
A2(-4.0845)
(4.0606)
(3.4524)
A3(8.6574)
(-19.6947)
(-28.1271)
A4(4.9273)
(-2.1548)
(-13.2112)
G1(1.2462)
(-1.3883)
(2.0529)
G2(0.1628)
(2.1072)
(0.4209)
G3(-2.5930)
(-0.1729)
(2.1944)
G4(0.0218)
(0.1538)
(0.5050)
A1(-3.9614)
(0.1724)
(6.0833)
A2(11.9040)
(7.2449)
(-7.2209)
A3(1.6807)
(-1.4605)
(-12.0716)
A4(9.7396)
(19.2494)
(-1.4988)
G1(4.8582)
(-0.1830)
(3.1496)
G2(-0.6779)
(-0.3044)
(-0.7934)
G3(4.5533)
(0.6976)
(1.5740)
G4(-0.6188)
(1.5868)
(-0.1995)
A1(-14.4276)
(1.0586)
(12.6984)
A2(0.9002)
(9.6295)
(-3.1077)
A3(-1.9489)
(16.8935)
(4.6352)
A4(6.2441)
(51.0875)
(15.2606)
G1(4.8603)
(3.2767)
(4.6017)
G2(0.5342)
(0.9940)
(0.4081)
G3(6.6844)
(1.4527)
(2.1348)
G4(-1.1185)
(-0.3773)
(-0.5832)
A1(-1.1927)
(7.9563)
(8.1862)
A2(-9.2177)
(5.4061)
(-0.1389)
A3(-4.1468)
(19.5558)
(2.6815)
A4(11.3820)
(16.9126)
(-3.3710)
G1(2.4424)
(-1.2957)
(4.5261)
G2(1.5751)
(0.6731)
(0.2661)
G3(5.8990)
(2.2774)
(3.1278)
G4(0.9802)
(3.1379)
(-1.0632)
A1(-9.4891)
(10.2698)
(4.1051)
A2(-14.6381)
(0.9816)
(-0.2394)
A3(-8.8969)
(18.0044)
(2.6576)
A4(1.2929)
(8.2648)
(-6.0238)
G1(2.4025)
(-1.2127)
(1.4803)
G2(0.9908)
(-0.2788)
(-0.5013)
G3(2.1380)
(2.6068)
(0.7050)
G4(0.3198)
(0.6662)
(0.1256)
A1(-2.4908)
(8.1431)
(4.3733)
A2(-2.0111)
(9.5768)
(0.7949)
A3(-7.8434)
(11.2719)
(-0.0766)
A4(2.7964)
(6.0190)
(-7.4603)
G1(2.7766)
(-0.5789)
(0.8253)
G2(0.5034)
(0.1825)
(0.4922)
G3(-0.8519)
(0.7833)
(0.1027)
G4(-0.1740)
(0.1995)
(0.3858)
A1(-5.6522)
(5.8582)
(1.7579)
A2(1.7238)
(9.9455)
(2.9784)
A3(-6.3255)
(14.2599)
(1.8340)
A4(1.5275)
(8.3127)
(-5.3822)
G1(1.2074)
(-0.8663)
(0.7114)
G2(0.4816)
(-0.5545)
(0.4752)
G3(-0.9871)
(1.0770)
(0.1969)
G4(-0.0213)
(0.5933)
(0.2980)
A1(-6.4091)
(5.3984)
(-0.1724)
A2(0.4070)
(8.0876)
(0.2394)
A3(-7.5800)
(13.5943)
(9.7875)
A4(1.9537)
(6.6655)
(-7.5130)
G1(-0.9158)
(-0.1554)
(-0.3751)
G2(0.8913)
(0.0623)
(0.1841)
G3(-0.2602)
(1.7310)
(0.5332)
G4(0.0867)
(0.3602)
(0.3916)
A1(1.9256)
(9.8723)
(0.7137)
A2(0.5507)
(9.5481)
(1.6616)
A3(9.3996)
(14.8919)
(4.8411)
A4(2.1835)
(8.2408)
(-4.3574)
G1(-0.2474)
(-1.4761)
(1.6139)
G2(0.8626)
(-0.3395)
(0.8280)
G3(0.0963)
(-1.7586)
(1.5469)
G4(0.3954)
(1.9933)
(-0.6109)
A1(0.8383)
(10.7728)
(1.8106)
A2(1.2881)
(9.6343)
(-1.4365)
A3(6.0334)
(8.0110)
(-0.7614)
A4(5.5258)
(5.3439)
(-5.1715)
G1(1.0371)
(3.1246)
(-0.6306)
G2(1.2739)
(0.7875)
(0.5539)
G3(0.5060)
(2.0066)
(-0.0500)
G4(0.4012)
(2.4153)
(-1.5538)
