A1(-1.6957)
(7.1036)
(7.2282)
A2(0.9720)
(9.3805)
(-0.5363)
A3(-0.2059)
(5.6934)
(-3.2465)
A4(2.9018)
(8.7628)
(-4.2042)
G1(0.0208)
(-1.2537)
(-0.1926)
G2(-0.0718)
(-0.3560)
(0.1032)
G3(0.0718)
(-0.4608)
(0.7061)
G4(0.2559)
(-1.0749)
(0.2214)
A1(-0.2203)
(5.4798)
(7.4820)
A2(1.4605)
(10.3238)
(0.2682)
A3(3.1029)
(3.6009)
(-4.6017)
A4(-0.1867)
(10.6159)
(0.2203)
G1(0.3326)
(-1.1440)
(0.0825)
G2(0.3241)
(-0.4741)
(0.2128)
G3(0.2246)
(-0.5566)
(1.2829)
G4(0.5853)
(-1.3840)
(0.4001)
A1(-3.6788)
(9.6280)
(9.0388)
A2(-0.4597)
(9.3230)
(1.0247)
A3(-0.7757)
(7.8817)
(-3.7350)
A4(12.7659)
(18.1480)
(-6.4212)
G1(1.9188)
(-1.6229)
(-0.1277)
G2(0.9892)
(-0.8317)
(0.3070)
G3(-0.3533)
(-0.3799)
(1.7145)
G4(3.0267)
(-1.6134)
(0.1793)
A1(12.2386)
(12.8134)
(-2.3998)
A2(-1.2163)
(9.2512)
(0.2011)
A3(1.8052)
(6.1914)
(-3.2896)
A4(-1.5419)
(39.0255)
(16.2471)
G1(2.1535)
(-2.7329)
(0.8210)
G2(0.8024)
(-1.6384)
(0.5316)
G3(0.1857)
(0.6896)
(0.7130)
G4(4.2287)
(-3.6700)
(1.2882)
A1(0.9532)
(17.5938)
(2.7303)
A2(-2.9640)
(13.3884)
(4.9321)
A3(1.7621)
(1.1253)
(-8.0589)
A4(-5.4205)
(20.7242)
(-36.4302)
G1(1.0850)
(-0.4672)
(-0.5550)
G2(-0.4640)
(-0.9817)
(0.2629)
G3(0.2996)
(-0.0202)
(0.1362)
G4(-1.4745)
(1.1792)
(0.5215)
A1(5.9061)
(10.9692)
(2.5052)
A2(10.3573)
(5.3391)
(1.4078)
A3(5.7604)
(11.6071)
(-6.2728)
A4(1.9249)
(5.3008)
(-31.3976)
G1(0.4906)
(0.9567)
(0.4023)
G2(-4.6874)
(-4.9742)
(1.3750)
G3(-0.5183)
(-1.7879)
(0.6039)
G4(-9.3024)
(6.1688)
(-2.2620)
A1(3.3434)
(0.7712)
(2.2034)
A2(-2.3272)
(29.0273)
(5.7174)
A3(-1.6089)
(15.2511)
(-0.3974)
A4(-3.8164)
(20.7242)
(-5.0613)
G1(-1.6591)
(-3.6407)
(-0.4879)
G2(-4.7097)
(0.8599)
(2.8229)
G3(-0.2304)
(-0.5598)
(0.2634)
G4(-11.4920)
(-2.1795)
(8.1488)
A1(0.4503)
(1.7100)
(0.8143)
A2(22.8503)
(13.0676)
(20.3507)
A3(-3.7206)
(6.1483)
(-0.7230)
A4(-2.6624)
(23.7265)
(8.1547)
G1(-1.0254)
(-4.0691)
(-0.6816)
G2(-8.7362)
(-1.0562)
(4.0872)
G3(-0.2251)
(-4.3984)
(1.3718)
G4(-11.3675)
(1.4399)
(7.2229)
A1(0.1245)
(10.0974)
(2.4238)
A2(3.1843)
(13.6900)
(-4.1851)
A3(1.6664)
(-2.9257)
(-4.6448)
A4(-6.3877)
(19.1392)
(-11.7699)
G1(0.5747)
(-4.0547)
(0.5066)
G2(-3.9036)
(0.9051)
(2.6989)
G3(-0.8359)
(-4.9673)
(1.3063)
G4(-5.5600)
(3.0868)
(3.6721)
A1(-1.1688)
(11.9751)
(2.0406)
A2(4.5298)
(-8.8969)
(6.4835)
A3(6.9863)
(11.5496)
(-1.3934)
A4(-3.8690)
(-7.9200)
(-18.3109)
G1(-0.2065)
(1.1334)
(0.1208)
G2(-5.1402)
(0.0053)
(3.4321)
G3(2.2083)
(-1.2882)
(-0.1761)
G4(-1.1350)
(3.9004)
(-4.5533)
A1(0.3257)
(10.1884)
(2.3902)
A2(-10.0748)
(2.9449)
(4.8842)
A3(2.4421)
(4.0510)
(-7.0773)
A4(1.9585)
(-2.0973)
(-7.0294)
G1(-0.4012)
(0.1660)
(-0.1054)
G2(-6.8206)
(2.7148)
(0.6848)
G3(1.6895)
(0.4294)
(-0.5821)
G4(2.6238)
(-2.0039)
(-3.4672)
A1(3.2764)
(13.0816)
(6.6629)
A2(1.6520)
(-5.2672)
(4.2425)
A3(2.8635)
(6.1914)
(-8.5952)
A4(5.3870)
(11.3868)
(0.1676)
G1(1.1568)
(0.5459)
(-0.7029)
G2(-0.3730)
(1.7938)
(-2.2492)
G3(0.0521)
(-0.2677)
(1.1478)
G4(4.5251)
(-1.7975)
(-4.5767)
A1(6.5959)
(7.4725)
(4.7565)
A2(1.4461)
(-4.5633)
(4.3574)
A3(-0.1101)
(0.0287)
(-4.0797)
A4(7.9487)
(15.4570)
(-0.2586)
G1(-0.1298)
(-0.2575)
(-0.8785)
G2(1.7640)
(1.4835)
(-2.2966)
G3(0.2623)
(0.4406)
(0.5039)
G4(5.4345)
(-3.8967)
(-3.7535)
A1(-2.8357)
(11.0746)
(2.0789)
A2(2.3272)
(-1.4030)
(5.7892)
A3(2.9544)
(17.9182)
(-8.1403)
A4(5.8275)
(14.0827)
(-0.8428)
G1(-0.0202)
(-1.6421)
(-0.5284)
G2(3.8509)
(0.7072)
(-2.7143)
G3(0.2426)
(0.5981)
(0.0154)
G4(4.5879)
(-4.4123)
(-2.7031)
A1(1.4849)
(12.0901)
(5.0487)
A2(18.6556)
(-2.6480)
(13.3166)
A3(1.1157)
(3.8403)
(-7.8195)
A4(7.4795)
(14.0923)
(-8.4132)
G1(0.5406)
(-0.4864)
(-1.2537)
G2(4.1478)
(-2.0901)
(-3.4327)
G3(0.2911)
(-0.5161)
(0.4943)
G4(1.2223)
(-0.8093)
(-2.1104)
A1(4.6320)
(10.4519)
(3.3434)
A2(4.9704)
(0.4262)
(8.5042)
A3(0.1580)
(5.4061)
(-6.5410)
A4(9.7300)
(11.0038)
(-6.4165)
G1(0.8120)
(-0.2299)
(-1.1526)
G2(3.0549)
(-2.1785)
(-4.6235)
G3(-0.1155)
(-0.8413)
(0.6050)
G4(-0.5545)
(-0.7577)
(-0.9120)
A1(-0.4263)
(11.3907)
(-2.2801)
A2(6.9240)
(9.7252)
(11.4491)
A3(2.7485)
(6.4787)
(-5.1715)
A4(19.9293)
(15.2942)
(10.3573)
G1(0.6529)
(1.1036)
(-0.3241)
G2(3.4146)
(1.9236)
(-3.3853)
G3(0.1942)
(-1.4000)
(0.2043)
G4(-1.3212)
(3.4151)
(-0.7742)
A1(-0.0431)
(8.9238)
(1.7244)
A2(10.7404)
(8.1930)
(7.0773)
A3(3.4333)
(9.6678)
(-5.1906)
A4(0.7039)
(5.0039)
(1.3408)
G1(1.8294)
(1.8619)
(-0.9115)
G2(3.7423)
(3.3124)
(-1.9741)
G3(0.3544)
(-0.3257)
(-0.3262)
G4(0.0819)
(-0.4491)
(-0.1660)
A1(-2.4094)
(9.9345)
(-3.2620)
A2(3.5817)
(10.7260)
(5.1906)
A3(-1.3360)
(5.1188)
(-8.5521)
A4(7.7764)
(8.3414)
(-2.0734)
G1(1.0211)
(-0.7035)
(-0.0138)
G2(2.8468)
(1.9667)
(-0.5082)
G3(0.2895)
(0.0016)
(-0.6859)
G4(0.7056)
(-2.1226)
(-0.3975)
A1(-5.2307)
(6.7635)
(-3.7027)
A2(3.1939)
(4.6495)
(7.1395)
A3(2.5283)
(10.8649)
(-6.9719)
A4(-3.0406)
(9.8593)
(-0.3256)
G1(-0.1447)
(-0.6061)
(-0.7588)
G2(-0.2559)
(0.6130)
(-0.2283)
G3(0.0623)
(0.1575)
(-0.5412)
G4(-0.1458)
(-1.6373)
(-0.1171)
