A1(1.7100)
(6.5432)
(6.1887)
A2(1.3120)
(9.4044)
(-0.9960)
A3(-4.0031)
(13.4363)
(-0.5076)
A4(-0.1628)
(9.0214)
(-5.2337)
G1(-2.1987)
(-1.1334)
(-0.6455)
G2(0.1527)
(-0.1346)
(0.0537)
G3(0.3634)
(-1.6650)
(1.0419)
G4(-0.2261)
(-0.4486)
(0.0910)
A1(1.3268)
(4.1625)
(7.4916)
A2(0.3639)
(9.8306)
(-1.0295)
A3(3.2992)
(5.4253)
(-2.8491)
A4(1.0391)
(10.5201)
(0.6752)
G1(0.0197)
(-1.2169)
(-0.0761)
G2(0.3789)
(-1.0956)
(0.0325)
G3(0.2554)
(-1.2771)
(1.3372)
G4(0.7854)
(-0.5970)
(0.2304)
A1(-2.4142)
(9.3262)
(5.6714)
A2(-1.1061)
(8.3606)
(1.4461)
A3(0.8619)
(3.0119)
(-4.2760)
A4(5.7796)
(22.6396)
(7.9631)
G1(3.3794)
(-2.2721)
(-0.0500)
G2(0.6923)
(-0.8136)
(0.2650)
G3(0.4523)
(-1.5910)
(2.4871)
G4(2.9468)
(-0.8620)
(0.5279)
A1(5.5325)
(10.8590)
(-1.0490)
A2(-1.0247)
(8.2408)
(1.5371)
A3(2.7916)
(-1.3551)
(-7.1156)
A4(-2.6336)
(44.9823)
(2.4900)
G1(0.6045)
(-3.3443)
(-0.2043)
G2(-0.1325)
(-0.8226)
(0.1905)
G3(0.9525)
(-0.1080)
(1.3149)
G4(4.2761)
(-3.5417)
(2.2679)
A1(6.2127)
(17.1388)
(4.3685)
A2(-3.5913)
(12.3780)
(7.8003)
A3(0.9577)
(-7.3981)
(-14.1880)
A4(-4.0606)
(25.2588)
(-29.1757)
G1(0.5848)
(-1.5990)
(-0.5475)
G2(-1.4766)
(-1.1584)
(0.8961)
G3(0.9775)
(-1.4096)
(0.2187)
G4(-3.9451)
(-3.1208)
(-0.1410)
A1(0.9388)
(9.0723)
(7.0845)
A2(-4.2665)
(40.2800)
(14.6286)
A3(8.7293)
(15.0356)
(1.0343)
A4(12.5169)
(5.0278)
(-8.7436)
G1(-1.2670)
(-0.2437)
(1.0828)
G2(-9.9436)
(-1.8384)
(1.7283)
G3(-0.5268)
(-1.0440)
(0.2155)
G4(-13.8764)
(-0.8993)
(2.5611)
A1(4.7086)
(5.3169)
(2.4765)
A2(-0.3448)
(19.4313)
(19.2350)
A3(1.9393)
(6.2058)
(-6.8953)
A4(17.9086)
(33.7247)
(25.6467)
G1(-0.7769)
(-1.9066)
(-0.9035)
G2(-9.4125)
(1.3617)
(4.1324)
G3(0.2426)
(-1.3021)
(1.2962)
G4(-4.6299)
(3.2070)
(5.2573)
A1(-3.0465)
(8.4544)
(-2.4956)
A2(2.9497)
(-4.2904)
(7.7955)
A3(2.2505)
(10.3238)
(-5.4684)
A4(-21.9405)
(1.7669)
(-13.2591)
G1(0.0809)
(0.9684)
(-0.9759)
G2(-2.6584)
(0.5608)
(1.4223)
G3(0.1032)
(-1.0967)
(0.4672)
G4(-2.5547)
(2.7622)
(-0.4252)
A1(-1.3268)
(9.4603)
(-1.6238)
A2(9.3805)
(-10.0652)
(17.1904)
A3(3.4955)
(4.1420)
(-5.8562)
A4(-1.3982)
(-8.0014)
(-14.5567)
G1(0.6747)
(-0.1442)
(0.2198)
G2(-4.1409)
(0.7301)
(2.6957)
G3(0.2873)
(-2.4951)
(0.8881)
G4(0.6247)
(0.6002)
(-1.9662)
A1(4.2871)
(10.3896)
(4.5553)
A2(3.4285)
(2.9497)
(2.3224)
A3(8.2600)
(-4.6400)
(-10.0987)
A4(2.1404)
(7.9296)
(-4.9512)
G1(0.1426)
(-0.3555)
(-0.8344)
G2(-1.1621)
(-0.2379)
(-0.2852)
G3(1.3489)
(-0.8168)
(0.7258)
G4(4.1457)
(-0.8876)
(-4.9098)
A1(9.2687)
(14.0013)
(9.2065)
A2(3.7541)
(0.2538)
(3.7876)
A3(4.3670)
(7.6950)
(-4.6974)
A4(15.4570)
(18.0283)
(5.0326)
G1(-0.3193)
(0.9833)
(-0.2543)
G2(2.7244)
(0.4145)
(-2.4866)
G3(-0.4704)
(0.1735)
(-0.5289)
G4(4.0845)
(-3.7168)
(-4.0084)
A1(-3.7219)
(12.4110)
(2.7878)
A2(1.7430)
(0.5650)
(9.9311)
A3(-5.2912)
(20.1783)
(-12.1913)
A4(9.4619)
(13.9869)
(-4.2904)
G1(-0.3278)
(0.1272)
(-1.1648)
G2(4.5485)
(0.4619)
(-3.6412)
G3(0.0479)
(-2.1689)
(0.0101)
G4(2.3636)
(-1.7762)
(-3.0581)
A1(5.1972)
(11.5009)
(2.7974)
A2(21.4377)
(-3.1412)
(13.8337)
A3(5.3822)
(6.5314)
(-8.6718)
A4(19.7570)
(14.4035)
(-1.0965)
G1(0.2666)
(-0.8168)
(-0.8705)
G2(3.5678)
(-2.8213)
(-3.6258)
G3(-0.2597)
(-0.1266)
(0.5050)
G4(0.7205)
(-1.3244)
(-1.7256)
A1(2.3759)
(11.3284)
(1.7771)
A2(0.8667)
(4.9368)
(13.6422)
A3(7.0773)
(7.2018)
(-4.8507)
A4(12.4786)
(8.3701)
(-3.5338)
G1(0.6673)
(1.1095)
(-0.7604)
G2(2.1912)
(-0.1437)
(-4.5379)
G3(0.0021)
(-0.9833)
(0.2964)
G4(-1.5160)
(-1.5931)
(-0.1160)
A1(0.8909)
(9.1250)
(0.3066)
A2(10.9463)
(10.0892)
(5.6024)
A3(4.8219)
(4.2713)
(-6.4356)
A4(8.3127)
(10.6303)
(-2.4277)
G1(1.0350)
(0.2219)
(-0.8961)
G2(3.1884)
(-0.0521)
(-1.4718)
G3(0.1777)
(-0.8870)
(-0.0734)
G4(0.7503)
(-0.2070)
(-0.5694)
A1(-1.5759)
(9.1442)
(-0.2682)
A2(3.4955)
(7.0246)
(8.8059)
A3(0.5746)
(8.8729)
(-5.2625)
A4(-0.1820)
(8.9591)
(-0.7183)
G1(1.2515)
(0.8748)
(-1.3611)
G2(1.7416)
(-0.3677)
(-1.0456)
G3(0.1873)
(-0.4922)
(-0.4496)
G4(0.1437)
(0.8716)
(-1.3127)
A1(-1.6382)
(9.1442)
(-1.5328)
A2(6.2680)
(9.3853)
(2.3128)
A3(0.1245)
(9.5193)
(-5.5162)
A4(-5.0039)
(6.7277)
(-5.5019)
G1(0.3805)
(0.1293)
(-0.6204)
G2(0.6343)
(2.1034)
(-0.4816)
G3(0.6300)
(-0.3980)
(-0.6332)
G4(-0.0788)
(-1.1382)
(-0.2017)
A1(-7.0557)
(6.7156)
(-3.9326)
A2(2.7677)
(8.7532)
(3.1747)
A3(-1.2546)
(8.5521)
(-6.1052)
A4(2.9975)
(10.0700)
(-2.9161)
G1(-0.4741)
(-0.5662)
(-0.6274)
G2(0.2730)
(-0.1373)
(-0.8955)
G3(0.7019)
(-0.3336)
(-0.6455)
G4(-0.3778)
(-0.0442)
(-0.7822)
A1(-4.5553)
(10.6530)
(-2.3998)
A2(3.3423)
(9.0453)
(-1.3647)
A3(-1.5610)
(4.9656)
(-7.4603)
A4(1.6328)
(9.5433)
(-1.1492)
G1(-0.5635)
(0.5491)
(0.0506)
G2(1.1249)
(0.2496)
(-0.1783)
G3(0.1000)
(-1.0222)
(-0.2134)
G4(-0.2006)
(-0.4214)
(-0.5108)
A1(-4.2152)
(7.9275)
(-0.7856)
A2(2.0063)
(8.5760)
(0.7853)
A3(-0.3208)
(6.2441)
(-6.5362)
A4(0.2107)
(9.5193)
(-2.3367)
G1(0.3395)
(0.7258)
(-0.1187)
G2(0.6550)
(-0.0309)
(-0.2900)
G3(0.0782)
(0.7583)
(-0.9456)
G4(-0.0777)
(-0.2666)
(-0.3379)
