A1(0.4982)
(8.4065)
(5.3601)
A2(0.3926)
(9.8689)
(-0.3591)
A3(-1.0343)
(10.7978)
(1.2019)
A4(0.0479)
(8.3845)
(-5.8179)
G1(-1.1132)
(0.0367)
(0.0777)
G2(0.0803)
(-0.3943)
(-0.0724)
G3(0.0490)
(-0.2820)
(0.1229)
G4(-0.1399)
(-0.2027)
(0.1070)
A1(0.0814)
(7.9706)
(6.9264)
A2(1.3312)
(9.4332)
(-0.8619)
A3(-2.1356)
(12.0811)
(1.6759)
A4(-0.0144)
(8.2600)
(-5.4636)
G1(-1.6001)
(-0.1394)
(-0.1346)
G2(0.1442)
(-0.4156)
(0.0585)
G3(0.2570)
(-0.2591)
(0.2059)
G4(-0.0835)
(-0.1793)
(0.1383)
A1(0.0958)
(6.3755)
(6.5384)
A2(0.9098)
(9.6486)
(-0.2969)
A3(0.3974)
(9.3278)
(-0.7614)
A4(0.0527)
(8.6431)
(-5.6120)
G1(-0.3459)
(-0.5422)
(-0.1564)
G2(0.2533)
(-0.6513)
(-0.0325)
G3(0.4800)
(-1.0190)
(0.4087)
G4(-0.0830)
(-0.3001)
(0.0516)
A1(-0.1293)
(5.3888)
(9.3981)
A2(0.9529)
(9.5816)
(-0.1101)
A3(0.7709)
(7.8003)
(-0.6369)
A4(0.0000)
(9.3374)
(-2.3798)
G1(-0.1735)
(-0.2389)
(-0.0537)
G2(0.3060)
(-0.7572)
(-0.0500)
G3(0.3704)
(-1.3808)
(0.8508)
G4(0.1916)
(-0.4081)
(0.1618)
A1(-0.1916)
(6.5767)
(8.2772)
A2(-0.4836)
(10.1083)
(1.0822)
A3(2.7629)
(5.4540)
(-3.0981)
A4(0.6225)
(10.6494)
(-0.3687)
G1(0.3815)
(-1.1190)
(-0.1298)
G2(0.5731)
(-0.8689)
(-0.0271)
G3(0.7088)
(-0.2341)
(0.9764)
G4(0.6279)
(-0.5624)
(0.2128)
A1(2.5291)
(10.3225)
(8.3538)
A2(-1.3455)
(8.7197)
(0.5267)
A3(-0.4836)
(7.4364)
(-0.9720)
A4(10.4244)
(24.2485)
(15.4187)
G1(2.0103)
(-1.5032)
(-0.2597)
G2(0.8870)
(-0.5124)
(0.0474)
G3(0.7013)
(-1.6985)
(1.4990)
G4(2.8287)
(-1.8305)
(1.2824)
A1(-3.0417)
(10.6962)
(-0.2587)
A2(-1.9297)
(8.7580)
(2.2458)
A3(-5.6168)
(24.9524)
(-0.6512)
A4(9.7348)
(30.0377)
(1.1013)
G1(2.3839)
(-5.3467)
(0.5135)
G2(0.5539)
(-0.3368)
(0.2347)
G3(1.5740)
(1.8443)
(-0.6886)
G4(4.4825)
(-2.7452)
(1.3920)
A1(2.6010)
(10.0160)
(7.5299)
A2(0.4357)
(13.2687)
(6.3446)
A3(-3.8307)
(4.3718)
(-4.4197)
A4(-3.5147)
(39.8970)
(-30.6649)
G1(0.4800)
(-3.0708)
(0.2629)
G2(-2.0971)
(-2.2727)
(0.0474)
G3(-0.0729)
(-1.2318)
(0.8716)
G4(-3.4683)
(2.0135)
(4.8209)
A1(2.0118)
(8.1191)
(2.8453)
A2(12.6701)
(-2.5043)
(12.9622)
A3(7.3023)
(9.9120)
(-1.8579)
A4(-11.0708)
(-5.1571)
(-23.3099)
G1(-0.3049)
(0.5390)
(1.2217)
G2(-5.2216)
(-4.7667)
(2.6004)
G3(-0.1362)
(-1.1643)
(0.2001)
G4(-12.3706)
(5.0657)
(-0.2746)
A1(4.3925)
(8.6269)
(10.6099)
A2(-14.4562)
(38.5371)
(11.4491)
A3(1.0151)
(17.6548)
(1.1396)
A4(15.3804)
(11.0564)
(-15.6916)
G1(-2.2232)
(-0.8093)
(0.6635)
G2(-8.0317)
(-1.4713)
(3.7046)
G3(0.6071)
(0.1554)
(-0.2964)
G4(-12.6590)
(-0.0803)
(2.5068)
A1(2.9411)
(5.1206)
(9.1442)
A2(5.6072)
(26.2500)
(11.0373)
A3(2.6336)
(-8.6048)
(-11.4634)
A4(-3.1220)
(20.2837)
(6.8331)
G1(-1.5096)
(-1.6453)
(-1.4229)
G2(-8.8512)
(0.3060)
(4.2803)
G3(0.0788)
(-4.5996)
(2.2556)
G4(-9.7568)
(3.2576)
(7.0957)
A1(8.1574)
(4.7613)
(5.2930)
A2(3.5291)
(7.2257)
(-3.2178)
A3(-6.3829)
(2.7677)
(-7.5848)
A4(2.3320)
(11.7507)
(-12.3158)
G1(-1.8736)
(-5.8548)
(-1.6160)
G2(-5.3695)
(0.0048)
(3.2656)
G3(0.9248)
(-0.2895)
(-1.2377)
G4(-5.1258)
(5.2259)
(1.9619)
A1(-16.6645)
(10.7680)
(-3.9518)
A2(0.8954)
(-2.3320)
(9.2177)
A3(6.4260)
(6.8905)
(-3.5099)
A4(-22.0171)
(-2.8970)
(-19.3021)
G1(-1.2829)
(-2.9883)
(-0.8679)
G2(-5.1987)
(1.2574)
(2.5664)
G3(1.4138)
(0.3922)
(0.0069)
G4(-3.3060)
(-0.8493)
(1.5357)
A1(0.8718)
(10.6339)
(1.3747)
A2(19.3116)
(-4.3191)
(5.1811)
A3(-2.0063)
(0.7853)
(-10.4675)
A4(-0.6704)
(-2.1261)
(-10.6877)
G1(-0.2554)
(-0.1761)
(0.1133)
G2(-5.4840)
(1.0243)
(-0.2634)
G3(0.4528)
(-0.2799)
(0.4693)
G4(3.5508)
(-0.7529)
(-4.2590)
A1(3.8799)
(10.3034)
(1.4466)
A2(-3.9073)
(8.4228)
(-3.0071)
A3(3.8882)
(3.2465)
(-6.8953)
A4(-1.1061)
(5.8897)
(-2.9449)
G1(0.6902)
(0.3092)
(-1.1909)
G2(-1.2968)
(1.8917)
(-0.7923)
G3(0.8296)
(0.5726)
(-0.3198)
G4(4.3255)
(-1.4899)
(-5.3201)
A1(5.6666)
(11.3332)
(4.3446)
A2(6.0861)
(-0.0622)
(5.0278)
A3(-2.4948)
(2.6719)
(-7.5465)
A4(5.0422)
(14.4035)
(3.4572)
G1(0.5028)
(0.5332)
(-0.1825)
G2(2.1742)
(2.4302)
(-1.9795)
G3(0.3049)
(1.0041)
(-0.1096)
G4(5.5739)
(-4.5932)
(-3.6923)
A1(1.2167)
(6.6103)
(1.7292)
A2(3.8547)
(-0.9720)
(7.6040)
A3(12.8090)
(7.1826)
(-2.7246)
A4(3.0550)
(11.8657)
(-0.9864)
G1(-0.5603)
(-1.0036)
(-0.5039)
G2(4.3617)
(0.5757)
(-2.4259)
G3(-0.5662)
(-0.4448)
(0.8179)
G4(4.5001)
(-3.9983)
(-3.1288)
A1(1.3173)
(14.2839)
(3.8368)
A2(4.8315)
(-3.3710)
(10.5728)
A3(-2.2075)
(16.6253)
(-6.4165)
A4(9.6822)
(15.7108)
(-4.2665)
G1(1.4106)
(-0.9477)
(-1.5415)
G2(4.2250)
(-0.7040)
(-2.8409)
G3(-0.4198)
(-0.7130)
(0.2959)
G4(2.5504)
(-2.1407)
(-2.3823)
A1(2.7926)
(8.6748)
(1.1496)
A2(4.1420)
(0.2059)
(7.8817)
A3(-0.3926)
(29.7551)
(-11.9183)
A4(18.2247)
(19.4218)
(-8.4851)
G1(0.7822)
(-1.6831)
(-1.1637)
G2(2.7947)
(-1.7209)
(-4.8593)
G3(-1.0270)
(-1.2010)
(1.3154)
G4(0.7795)
(-2.4238)
(-0.6236)
A1(0.1724)
(11.0794)
(0.9676)
A2(2.8491)
(4.2856)
(9.2895)
A3(2.8778)
(-1.2881)
(-5.4444)
A4(-9.0261)
(13.2878)
(-18.0810)
G1(1.4175)
(-0.1410)
(-0.7865)
G2(3.0293)
(-0.9355)
(-4.5469)
G3(-0.6614)
(-2.0880)
(0.7774)
G4(1.4090)
(-0.6928)
(-0.4220)
