A1(0.1772)
(7.4964)
(5.4271)
A2(0.3831)
(9.5193)
(-0.1867)
A3(-1.6089)
(9.1937)
(-0.7422)
A4(-0.3496)
(9.2416)
(-4.8411)
G1(-0.9849)
(-0.0734)
(-0.0947)
G2(0.0138)
(-0.2964)
(0.0021)
G3(0.5300)
(-1.9161)
(0.4730)
G4(0.0750)
(0.0208)
(0.1437)
A1(-0.2682)
(7.5252)
(6.2606)
A2(0.9864)
(9.7731)
(-1.3168)
A3(-0.4310)
(7.5513)
(-1.9632)
A4(0.5555)
(8.9543)
(-4.9225)
G1(0.1101)
(-0.4108)
(-0.1650)
G2(0.1836)
(-0.7285)
(-0.0580)
G3(0.2464)
(-1.1212)
(0.7370)
G4(0.1293)
(-0.1362)
(0.1394)
A1(2.3615)
(5.9396)
(7.6497)
A2(-1.5275)
(9.1123)
(1.3599)
A3(3.5147)
(6.7612)
(-2.0063)
A4(0.8284)
(9.3853)
(-3.7302)
G1(0.3166)
(-0.5784)
(0.2708)
G2(0.2001)
(-0.3714)
(0.2059)
G3(0.4613)
(0.1373)
(1.2829)
G4(0.4017)
(-0.6795)
(0.3155)
A1(-1.0921)
(6.3037)
(9.5801)
A2(0.8140)
(9.9599)
(0.5650)
A3(3.3854)
(6.3734)
(-1.3168)
A4(-0.5267)
(10.4722)
(-2.2793)
G1(0.4890)
(-1.1233)
(0.4326)
G2(0.2134)
(-0.2692)
(0.1777)
G3(-0.0479)
(-0.8540)
(1.7395)
G4(0.8216)
(-0.6114)
(0.2804)
A1(-4.6703)
(6.1839)
(8.6460)
A2(0.4405)
(9.7348)
(-0.0718)
A3(0.7661)
(6.0047)
(-2.7821)
A4(3.1699)
(15.0069)
(0.9290)
G1(2.3573)
(-1.2829)
(-0.3129)
G2(0.6433)
(-0.7801)
(0.1123)
G3(0.2900)
(-0.5960)
(1.6235)
G4(1.6506)
(-1.1706)
(0.4975)
A1(16.3724)
(16.5831)
(3.0465)
A2(-0.5746)
(9.1315)
(1.4413)
A3(-0.0670)
(9.9838)
(2.1787)
A4(1.9776)
(29.9563)
(16.6110)
G1(1.0174)
(-1.7091)
(-0.1304)
G2(0.7902)
(-1.2925)
(0.2847)
G3(1.0765)
(0.2740)
(0.5832)
G4(3.4646)
(-4.0584)
(2.2498)
A1(-4.8858)
(7.0318)
(0.2443)
A2(-2.9975)
(10.9894)
(3.0502)
A3(7.6662)
(5.8179)
(-14.1402)
A4(-3.4572)
(-1.0008)
(-34.0503)
G1(0.2347)
(-1.0451)
(-0.9658)
G2(-0.0947)
(-0.9509)
(0.6039)
G3(0.2602)
(-1.6160)
(1.0653)
G4(-1.7671)
(-0.6252)
(4.1989)
A1(1.9735)
(11.8074)
(3.8225)
A2(8.6622)
(11.6646)
(4.9273)
A3(1.0343)
(13.7236)
(-4.0797)
A4(-21.8782)
(19.9198)
(-31.3880)
G1(0.3821)
(0.5135)
(0.2102)
G2(-2.4419)
(-4.9226)
(1.5586)
G3(-0.5672)
(-2.2051)
(1.3319)
G4(-2.7766)
(2.4397)
(0.4709)
A1(11.8218)
(6.3612)
(3.8560)
A2(9.4044)
(-0.2155)
(17.9852)
A3(3.2705)
(12.5073)
(-2.0111)
A4(4.0366)
(2.2649)
(-17.2143)
G1(-2.3269)
(-1.3361)
(0.5896)
G2(-7.4890)
(-8.9315)
(0.7918)
G3(0.0915)
(-1.1036)
(0.1293)
G4(-10.0277)
(6.6514)
(-0.8418)
A1(-7.0893)
(6.1169)
(0.4694)
A2(-12.5648)
(33.5859)
(3.2848)
A3(-3.2513)
(18.1528)
(-2.9592)
A4(13.4027)
(7.2832)
(-8.0110)
G1(-1.5431)
(-6.6344)
(-0.3278)
G2(-6.3348)
(-3.6237)
(3.8717)
G3(0.5928)
(-0.6598)
(0.0543)
G4(-13.2789)
(0.2639)
(1.7560)
A1(15.5149)
(4.6128)
(2.6968)
A2(12.9095)
(22.3187)
(6.0765)
A3(-0.4405)
(5.0039)
(-3.2561)
A4(7.0054)
(29.8653)
(4.7645)
G1(0.0032)
(-3.8945)
(-1.9380)
G2(-8.1956)
(0.2794)
(4.7119)
G3(-0.1474)
(-1.6825)
(0.5731)
G4(-9.7313)
(1.4984)
(8.1589)
A1(-9.6232)
(7.9084)
(-1.2550)
A2(0.3926)
(4.7022)
(-0.0287)
A3(5.4588)
(4.6735)
(-3.8211)
A4(-7.1156)
(10.4387)
(-12.8760)
G1(-0.6678)
(-3.0745)
(0.4842)
G2(-5.5941)
(-0.5337)
(2.7351)
G3(0.8046)
(-0.9418)
(0.0218)
G4(-3.5364)
(0.7205)
(2.9474)
A1(-3.6452)
(7.4006)
(-3.6261)
A2(-11.0708)
(-1.7478)
(11.3342)
A3(2.7342)
(9.8114)
(-4.9321)
A4(-23.9707)
(-6.3829)
(-18.2055)
G1(-0.4294)
(1.1616)
(-0.4651)
G2(-3.3002)
(-2.8026)
(3.2416)
G3(1.5144)
(-1.6485)
(0.3954)
G4(-3.2863)
(2.6074)
(-0.1974)
A1(-1.5041)
(12.4637)
(3.6788)
A2(11.3725)
(-10.9080)
(15.6772)
A3(-0.4549)
(8.1547)
(-7.5082)
A4(0.8140)
(-6.2537)
(-13.6805)
G1(0.0713)
(0.4236)
(-0.1160)
G2(-4.3479)
(0.3613)
(2.8692)
G3(0.9046)
(-1.3968)
(0.1325)
G4(0.9120)
(-0.0995)
(-2.6872)
A1(3.8943)
(8.9957)
(6.6150)
A2(5.5162)
(3.3327)
(4.6687)
A3(-2.7964)
(7.5369)
(-9.7109)
A4(6.1770)
(11.0373)
(-1.4940)
G1(-0.3927)
(0.1415)
(-0.7184)
G2(-0.9817)
(1.2898)
(-0.9887)
G3(0.2490)
(1.1957)
(0.7274)
G4(4.9178)
(0.5986)
(-6.7387)
A1(2.7639)
(8.2532)
(1.7915)
A2(1.7047)
(-5.5210)
(4.8842)
A3(-1.4030)
(5.1427)
(-6.6415)
A4(4.8890)
(10.2951)
(0.9385)
G1(-0.1399)
(0.3501)
(-0.8716)
G2(0.4895)
(0.2889)
(-2.1269)
G3(-0.3523)
(0.4656)
(0.6300)
G4(5.8516)
(-1.9539)
(-4.8257)
A1(5.1349)
(7.2234)
(7.3575)
A2(2.4995)
(1.9441)
(3.2274)
A3(2.9209)
(9.2512)
(-8.1738)
A4(6.3063)
(15.0500)
(-0.8523)
G1(-0.3959)
(1.1377)
(-0.2256)
G2(2.8495)
(1.5836)
(-2.9133)
G3(0.2863)
(0.4837)
(-0.1735)
G4(5.6063)
(-3.7588)
(-2.8803)
A1(2.8309)
(8.6221)
(2.9028)
A2(5.6838)
(-1.9489)
(7.8769)
A3(0.2251)
(11.6885)
(-3.2705)
A4(8.7724)
(10.2089)
(-6.6798)
G1(0.4214)
(-0.7482)
(-0.4954)
G2(3.3268)
(1.9928)
(-2.5988)
G3(0.1133)
(-0.3150)
(0.3826)
G4(2.6611)
(-5.1987)
(-1.6038)
A1(2.7447)
(10.7393)
(4.7038)
A2(18.3923)
(-4.6591)
(14.6621)
A3(-1.3216)
(7.0390)
(-7.5369)
A4(11.0756)
(18.7801)
(-3.1508)
G1(1.4479)
(1.3287)
(-1.1446)
G2(3.6801)
(-3.2294)
(-3.8637)
G3(0.2538)
(-0.1325)
(0.0921)
G4(-0.3352)
(-0.2714)
(-2.0433)
A1(2.8884)
(9.9106)
(3.2285)
A2(-1.0870)
(3.4189)
(6.3734)
A3(2.6384)
(5.8083)
(-7.7764)
A4(9.9072)
(17.0563)
(-2.1117)
G1(1.1233)
(-0.0633)
(-0.4778)
G2(2.5345)
(-2.1950)
(-5.3770)
G3(0.2203)
(-0.3895)
(0.3523)
G4(0.3443)
(-0.3634)
(-1.9773)
