A1(-1.3747)
(9.6328)
(6.1217)
A2(0.6512)
(9.4571)
(-1.3168)
A3(-1.8579)
(10.1370)
(-0.8954)
A4(-0.2107)
(9.1554)
(-4.3670)
G1(-1.5820)
(-0.3746)
(-0.2416)
G2(0.0777)
(-0.0468)
(-0.0223)
G3(0.3852)
(-1.1637)
(0.4129)
G4(0.0080)
(-0.1602)
(0.0261)
A1(-0.4934)
(6.5815)
(5.4702)
A2(0.2203)
(9.3230)
(-1.0965)
A3(-3.1029)
(10.6734)
(-1.0678)
A4(0.6129)
(9.4188)
(-3.2034)
G1(-0.9296)
(-1.1845)
(-0.4975)
G2(0.0521)
(-0.2783)
(0.0192)
G3(0.4555)
(-1.9353)
(0.8668)
G4(0.1873)
(-0.3267)
(0.0426)
A1(0.8622)
(6.7635)
(6.6246)
A2(0.0287)
(9.7636)
(-0.8236)
A3(1.0104)
(9.3278)
(-0.7853)
A4(0.3352)
(9.4810)
(-3.2034)
G1(-0.5257)
(-0.6832)
(0.0362)
G2(0.1681)
(-0.3336)
(0.0170)
G3(0.4651)
(-2.1492)
(0.7072)
G4(0.4001)
(-0.4603)
(0.0404)
A1(-1.1161)
(6.3995)
(7.6162)
A2(-1.3024)
(9.2943)
(0.4022)
A3(3.7493)
(4.8363)
(-2.5043)
A4(0.3687)
(10.1514)
(-1.6041)
G1(0.7891)
(-0.8333)
(0.2905)
G2(0.3187)
(-0.7976)
(0.0851)
G3(0.4443)
(-0.4268)
(1.4202)
G4(1.0089)
(-0.2512)
(0.0601)
A1(1.2550)
(7.7838)
(5.7049)
A2(-1.7238)
(9.0740)
(0.2729)
A3(2.2793)
(7.8626)
(-1.7957)
A4(5.4013)
(25.9484)
(6.2010)
G1(1.2930)
(-1.0323)
(-0.4800)
G2(0.2214)
(-0.4166)
(0.1623)
G3(0.7966)
(1.9486)
(0.4193)
G4(3.5306)
(-1.7634)
(0.6284)
A1(-0.3257)
(13.4504)
(3.6261)
A2(-3.1125)
(7.8482)
(2.6049)
A3(-0.4262)
(0.9625)
(-12.2056)
A4(0.0096)
(3.4907)
(-10.9894)
G1(0.3741)
(-3.3401)
(-0.1016)
G2(-0.6130)
(-0.3943)
(0.4395)
G3(2.4254)
(2.3158)
(0.3437)
G4(0.4395)
(0.5811)
(3.1208)
A1(3.1566)
(10.4902)
(4.6847)
A2(-3.2226)
(15.1649)
(5.4253)
A3(-1.4461)
(7.7428)
(-5.4588)
A4(-0.4453)
(24.6651)
(-29.7025)
G1(0.0660)
(-2.1146)
(-0.0399)
G2(-1.6315)
(-1.4803)
(0.6939)
G3(0.0761)
(-0.7897)
(1.4362)
G4(-3.1650)
(2.0529)
(0.6609)
A1(2.2178)
(8.1814)
(2.0310)
A2(-11.8657)
(36.2578)
(26.3937)
A3(-1.8914)
(19.2446)
(3.7445)
A4(10.4722)
(3.9792)
(-9.5768)
G1(-1.1935)
(-4.0696)
(0.2868)
G2(-7.1026)
(-0.2996)
(1.9092)
G3(0.2219)
(-0.8913)
(0.4193)
G4(-13.1687)
(-1.0610)
(2.3594)
A1(11.4817)
(7.8221)
(3.1087)
A2(14.5184)
(21.0211)
(13.2112)
A3(0.0239)
(2.5379)
(-8.0014)
A4(-2.9161)
(24.9428)
(7.7716)
G1(0.3762)
(-0.2442)
(0.0181)
G2(-6.8467)
(-0.4417)
(4.7433)
G3(-0.2091)
(-2.8580)
(1.3931)
G4(-12.0508)
(3.1017)
(6.9536)
A1(-13.0097)
(6.9743)
(-1.3316)
A2(-1.3599)
(-0.0192)
(8.0589)
A3(6.2968)
(8.5712)
(-1.0774)
A4(-21.6819)
(0.3017)
(-16.3955)
G1(-0.5896)
(-0.3890)
(-0.6917)
G2(-4.3106)
(-2.0077)
(1.9215)
G3(0.9684)
(-0.2208)
(-0.5906)
G4(-3.8583)
(-1.1440)
(2.4594)
A1(-1.3173)
(9.1633)
(2.7351)
A2(0.6943)
(-12.8090)
(11.5305)
A3(2.2601)
(5.8227)
(-9.0166)
A4(-6.2010)
(-0.2538)
(-10.4675)
G1(0.1900)
(0.8003)
(0.0596)
G2(-4.5139)
(1.3516)
(3.9632)
G3(0.4858)
(-1.9507)
(0.5257)
G4(-1.8651)
(4.2617)
(-2.8649)
A1(1.0634)
(8.1862)
(3.9901)
A2(4.5777)
(11.4634)
(-2.4660)
A3(2.9449)
(8.6814)
(-6.5984)
A4(-1.4700)
(7.5848)
(-3.0694)
G1(-0.2852)
(0.3693)
(-0.3539)
G2(-2.0401)
(0.3672)
(-0.9535)
G3(0.5545)
(0.7604)
(0.0979)
G4(3.3651)
(-0.6029)
(-4.6821)
A1(4.8140)
(8.7035)
(2.8644)
A2(0.7853)
(0.4070)
(3.2417)
A3(-4.4293)
(7.6136)
(-6.9719)
A4(13.2687)
(15.0835)
(6.5218)
G1(-0.1399)
(0.3118)
(-0.4619)
G2(1.7006)
(2.5520)
(-2.0971)
G3(0.0463)
(0.2841)
(0.1809)
G4(4.7422)
(-2.4935)
(-4.1329)
A1(1.1879)
(11.8649)
(4.5601)
A2(2.1931)
(-1.9010)
(8.1259)
A3(-0.9768)
(5.0182)
(-4.8554)
A4(4.0749)
(7.0725)
(-0.8954)
G1(0.7838)
(-0.4725)
(-0.6774)
G2(4.3181)
(0.4613)
(-2.5855)
G3(0.3187)
(0.1160)
(0.1383)
G4(2.8809)
(-3.3672)
(-3.0554)
A1(-1.3029)
(7.1276)
(3.5015)
A2(14.0444)
(-2.5714)
(13.7331)
A3(2.9640)
(6.1435)
(-5.7413)
A4(11.5448)
(19.7426)
(-4.0654)
G1(1.0813)
(-0.8258)
(-1.1047)
G2(4.5613)
(-1.2265)
(-2.7798)
G3(0.3187)
(0.2363)
(0.4550)
G4(2.4802)
(-0.3070)
(-2.7877)
A1(0.6850)
(7.8317)
(-0.0575)
A2(-3.4189)
(4.4245)
(9.9264)
A3(0.6704)
(19.5367)
(-9.2273)
A4(9.5864)
(14.8201)
(-10.3477)
G1(0.8535)
(-0.6556)
(-0.8578)
G2(2.7212)
(0.0426)
(-4.6932)
G3(0.3209)
(-0.4033)
(0.8439)
G4(-0.3331)
(-3.3598)
(-0.2607)
A1(5.0295)
(12.3248)
(0.1341)
A2(9.6007)
(7.8482)
(5.3008)
A3(3.3758)
(10.2280)
(-6.2393)
A4(2.4852)
(18.3109)
(2.9975)
G1(1.7166)
(1.2670)
(-0.1905)
G2(3.8387)
(1.3271)
(-1.6362)
G3(0.1485)
(-1.3170)
(0.7295)
G4(0.3320)
(-1.4511)
(0.6806)
A1(0.3401)
(6.8929)
(2.4094)
A2(5.8179)
(11.6693)
(4.1994)
A3(7.4939)
(10.6829)
(-9.9264)
A4(5.4827)
(7.3789)
(-8.1451)
G1(1.3925)
(-0.1905)
(-1.6112)
G2(2.6707)
(-0.7290)
(0.0974)
G3(0.0154)
(2.2189)
(-1.6501)
G4(-0.2506)
(0.2054)
(-0.5869)
A1(0.4982)
(7.9467)
(0.9484)
A2(6.2680)
(10.2424)
(8.2169)
A3(-2.8347)
(5.2577)
(-7.2209)
A4(5.4444)
(11.0804)
(-0.9290)
G1(-0.1288)
(-0.8727)
(-0.2006)
G2(0.6992)
(1.0594)
(-0.4081)
G3(0.0181)
(0.3480)
(-0.7859)
G4(-0.0952)
(-1.5000)
(0.0186)
A1(-7.2521)
(6.0881)
(-1.5999)
A2(9.2129)
(11.4778)
(4.4436)
A3(3.6296)
(5.5976)
(-6.5984)
A4(4.7070)
(9.1028)
(-2.1835)
G1(1.8917)
(0.7040)
(-1.1472)
G2(0.9280)
(2.3147)
(-0.1272)
G3(0.3879)
(-1.0371)
(-0.1740)
G4(-0.0282)
(0.2442)
(-0.4778)
