A1(-2.5291)
(10.8399)
(16.2957)
A2(-1.4605)
(7.9248)
(3.2944)
A3(0.2634)
(7.8051)
(-3.1795)
A4(5.1763)
(18.4114)
(-4.4580)
G1(1.7852)
(-1.6703)
(-0.4390)
G2(-0.5273)
(-3.2289)
(-0.4704)
G3(-0.8072)
(-3.7956)
(4.9550)
G4(0.4901)
(-1.4638)
(1.9566)
A1(2.7064)
(13.3259)
(21.8234)
A2(-2.9353)
(10.9702)
(3.2513)
A3(-2.6815)
(5.9041)
(-6.2058)
A4(0.9960)
(34.5531)
(4.9129)
G1(4.3740)
(0.7114)
(-1.3707)
G2(-0.4294)
(-2.2141)
(-0.2740)
G3(-0.0037)
(-2.2684)
(4.8252)
G4(2.1684)
(-3.7530)
(3.9419)
A1(0.9772)
(15.9844)
(12.6026)
A2(2.2889)
(11.1522)
(10.0844)
A3(9.9359)
(74.9241)
(15.3468)
A4(1.4700)
(18.2342)
(-22.1751)
G1(2.3801)
(-7.0101)
(-0.8620)
G2(2.0444)
(-2.2407)
(-0.0080)
G3(0.3406)
(4.9130)
(-1.0440)
G4(-0.7689)
(-2.3408)
(6.0453)
A1(-0.0719)
(12.4158)
(3.6069)
A2(-1.4844)
(4.7022)
(6.7373)
A3(5.4779)
(4.5298)
(-10.9463)
A4(-16.8408)
(12.2344)
(-27.4280)
G1(0.9269)
(-1.8842)
(-0.2001)
G2(-2.4099)
(-3.9068)
(1.4282)
G3(-1.5628)
(-1.1057)
(0.4182)
G4(-5.5265)
(2.3035)
(-1.4702)
A1(3.2141)
(-3.5782)
(5.4463)
A2(2.9975)
(20.1257)
(8.8346)
A3(3.4716)
(3.6440)
(-7.4651)
A4(7.2018)
(5.8849)
(-27.2269)
G1(-1.4293)
(-1.0834)
(0.0463)
G2(-7.0143)
(-4.7699)
(-4.0403)
G3(-1.9364)
(-1.4862)
(0.0633)
G4(-6.6812)
(3.9472)
(-1.3617)
A1(1.4658)
(3.5446)
(4.4404)
A2(-15.4091)
(19.1392)
(18.9525)
A3(-1.1923)
(4.6735)
(5.4348)
A4(-6.3111)
(3.5578)
(-4.8315)
G1(-1.5335)
(-3.3805)
(0.3586)
G2(-7.3809)
(-2.2902)
(3.0889)
G3(-0.5954)
(-3.9483)
(0.7226)
G4(-14.1749)
(0.7524)
(4.6257)
A1(4.7757)
(5.1924)
(2.0645)
A2(11.1043)
(15.4953)
(7.6088)
A3(-1.0343)
(2.1787)
(2.5953)
A4(11.2336)
(17.8560)
(-2.0446)
G1(-0.1330)
(-2.8415)
(-0.4395)
G2(-8.7394)
(-0.5342)
(4.6102)
G3(-0.0005)
(-2.3477)
(1.2031)
G4(-11.8023)
(-2.6127)
(7.4964)
A1(-12.8134)
(10.4998)
(-1.8298)
A2(-11.4826)
(7.8482)
(-0.9673)
A3(-5.7030)
(8.1738)
(-6.4596)
A4(-24.4687)
(-5.4731)
(-23.5733)
G1(-0.6609)
(-0.4518)
(1.0307)
G2(-6.0613)
(-1.5884)
(1.8528)
G3(2.5132)
(-0.3475)
(0.8386)
G4(-2.0476)
(3.1772)
(-1.4250)
A1(5.8726)
(9.7669)
(-2.9938)
A2(4.6543)
(-6.8714)
(5.2816)
A3(7.2496)
(20.6476)
(-3.2322)
A4(1.9920)
(-4.5011)
(-8.8011)
G1(0.4645)
(-0.0649)
(-0.0069)
G2(-3.6317)
(1.3984)
(1.8922)
G3(2.6701)
(-0.7471)
(0.3555)
G4(0.5736)
(2.0119)
(-4.3857)
A1(-4.3925)
(9.6807)
(-0.1293)
A2(-0.9625)
(-13.0245)
(13.0532)
A3(4.7357)
(-2.4373)
(-13.0819)
A4(-1.3886)
(-6.3398)
(-8.6287)
G1(0.0484)
(-0.7870)
(-0.7641)
G2(-6.4849)
(3.4486)
(0.9743)
G3(1.3952)
(-1.1712)
(0.5310)
G4(4.0957)
(-2.8213)
(-2.9612)
A1(3.7314)
(7.7551)
(2.4238)
A2(3.6248)
(-10.6781)
(5.4875)
A3(2.2170)
(15.2798)
(-3.9792)
A4(8.1547)
(16.7307)
(-0.3783)
G1(-0.1618)
(-1.1291)
(-1.4622)
G2(0.8482)
(-0.0458)
(-1.4692)
G3(-0.5241)
(-1.2717)
(1.5484)
G4(4.4846)
(-0.5694)
(-4.5230)
A1(7.0940)
(9.2879)
(4.5793)
A2(-0.2346)
(-2.8395)
(2.3990)
A3(-2.4373)
(3.1077)
(-8.1499)
A4(5.9616)
(17.2287)
(0.7422)
G1(0.3427)
(0.1916)
(-0.5912)
G2(2.8931)
(1.0307)
(-2.3631)
G3(-0.5087)
(-1.3766)
(0.7726)
G4(4.1340)
(-3.2065)
(-2.6132)
A1(0.5700)
(5.6522)
(2.7734)
A2(6.7469)
(-0.0575)
(7.2209)
A3(6.7612)
(11.2144)
(-3.6727)
A4(10.0413)
(20.4034)
(3.7445)
G1(-0.7072)
(-1.3133)
(-0.2001)
G2(5.0524)
(1.0717)
(-3.1650)
G3(-0.1256)
(-1.0578)
(0.5747)
G4(2.9362)
(-6.8185)
(-1.5075)
A1(1.3604)
(10.8111)
(5.1493)
A2(9.3039)
(0.1724)
(13.5751)
A3(1.1875)
(4.0558)
(-5.8754)
A4(13.4458)
(14.7579)
(-4.5298)
G1(1.1323)
(-0.0628)
(-1.4511)
G2(4.8555)
(-1.3473)
(-3.9972)
G3(0.8168)
(0.2836)
(-0.1612)
G4(0.4406)
(-1.1946)
(-2.2311)
A1(5.7193)
(11.3716)
(3.3770)
A2(12.3876)
(2.7438)
(5.7126)
A3(-0.6512)
(4.8363)
(-9.9264)
A4(17.9805)
(11.4778)
(-1.6376)
G1(0.2586)
(-1.0307)
(-1.6565)
G2(2.5164)
(-2.6648)
(-4.0978)
G3(0.3507)
(-0.8540)
(0.9578)
G4(-0.3469)
(-3.0070)
(-0.6226)
A1(-3.0560)
(11.1177)
(-2.2465)
A2(10.1658)
(10.4483)
(10.3813)
A3(6.0286)
(6.6224)
(-7.9392)
A4(21.1695)
(17.5303)
(6.1770)
G1(0.2767)
(0.6667)
(-0.6545)
G2(2.8787)
(0.8274)
(-2.7335)
G3(0.5161)
(-2.0438)
(0.6050)
G4(1.0951)
(2.9458)
(-1.1132)
A1(-1.7244)
(11.7595)
(1.8921)
A2(9.7109)
(6.0430)
(8.8921)
A3(4.8076)
(5.3870)
(-5.7557)
A4(2.8347)
(10.0269)
(0.3735)
G1(0.9003)
(1.0658)
(-0.3512)
G2(2.7718)
(2.4121)
(-2.0806)
G3(0.5768)
(-0.9764)
(-0.3943)
G4(1.0307)
(0.9929)
(-0.4496)
A1(-2.5962)
(7.3958)
(1.3029)
A2(6.6750)
(11.2815)
(4.0175)
A3(1.6041)
(6.4596)
(-7.4316)
A4(0.7805)
(6.4931)
(-8.1834)
G1(-0.7104)
(-0.6614)
(-0.1777)
G2(2.3301)
(0.1474)
(-1.7283)
G3(0.5002)
(0.0064)
(-0.9839)
G4(0.5752)
(0.0926)
(-0.5805)
A1(-5.2786)
(10.0639)
(0.2682)
A2(1.0151)
(10.2424)
(5.4731)
A3(-0.0144)
(5.7174)
(-6.7900)
A4(2.3559)
(8.7197)
(-4.6543)
G1(0.3852)
(0.5252)
(-0.1623)
G2(-1.0382)
(-1.3250)
(-0.4438)
G3(0.2841)
(0.6279)
(-0.8631)
G4(0.0803)
(-0.2698)
(-0.1889)
A1(-4.3446)
(9.2735)
(-1.5424)
A2(-0.6369)
(12.0955)
(2.1739)
A3(1.4844)
(1.5897)
(-9.8402)
A4(0.9960)
(8.2839)
(-4.4101)
G1(1.1840)
(-0.3129)
(-0.6545)
G2(0.6689)
(1.4638)
(-0.8003)
G3(1.2537)
(0.4305)
(-0.6029)
G4(0.1346)
(-0.2543)
(-0.0064)
