A1(-2.7255)
(6.7779)
(7.9275)
A2(2.7102)
(11.0325)
(0.6560)
A3(-0.7230)
(10.2568)
(-0.2873)
A4(0.9625)
(9.9934)
(-3.9456)
G1(-0.7130)
(-1.8890)
(0.8961)
G2(0.1357)
(-1.9082)
(-0.1192)
G3(1.1946)
(-1.5447)
(1.7272)
G4(0.1091)
(-0.7050)
(0.6524)
A1(5.1685)
(11.1656)
(9.9250)
A2(-2.0830)
(8.2073)
(2.2505)
A3(0.5219)
(2.2984)
(-6.3590)
A4(3.0358)
(19.4744)
(7.2018)
G1(2.7617)
(-1.5825)
(-0.2996)
G2(0.8673)
(-2.8766)
(0.1671)
G3(0.8493)
(-2.0853)
(3.3571)
G4(1.4926)
(-2.5749)
(1.5990)
A1(2.3806)
(8.1191)
(4.3062)
A2(-4.4724)
(8.9591)
(2.6097)
A3(-2.3798)
(-0.7230)
(-4.2665)
A4(4.9129)
(30.6314)
(9.5960)
G1(0.4645)
(-3.6274)
(-0.8083)
G2(0.3714)
(-1.0855)
(0.2112)
G3(2.1604)
(-0.0048)
(1.3149)
G4(3.4699)
(-3.8131)
(2.4307)
A1(-8.5933)
(13.2588)
(2.6106)
A2(2.8443)
(13.2447)
(3.3615)
A3(-2.6624)
(-2.6432)
(-5.5019)
A4(-0.4645)
(19.8048)
(-21.5957)
G1(0.2155)
(2.1295)
(-0.8423)
G2(1.3595)
(-2.5834)
(0.8955)
G3(0.4911)
(-3.6013)
(-0.3890)
G4(-2.0343)
(1.4548)
(4.3894)
A1(1.9591)
(4.9433)
(4.5601)
A2(-5.6886)
(20.6859)
(-1.6041)
A3(5.2337)
(12.6510)
(-1.6185)
A4(13.0532)
(3.3423)
(-24.6124)
G1(-1.8060)
(-1.4734)
(1.1792)
G2(-7.4528)
(-6.2933)
(-0.2288)
G3(-0.0548)
(-0.2549)
(-0.3464)
G4(-11.9853)
(5.3429)
(-2.3259)
A1(-0.7137)
(1.5232)
(-1.9783)
A2(10.8457)
(13.1537)
(4.6783)
A3(-0.0958)
(11.7076)
(-2.9449)
A4(-3.2753)
(8.6957)
(-0.5650)
G1(-0.9961)
(-3.0820)
(-0.1841)
G2(-4.8071)
(-3.2464)
(4.1670)
G3(-0.1729)
(0.1767)
(-0.3847)
G4(-13.8913)
(-3.4683)
(2.8755)
A1(5.7001)
(6.5480)
(1.1879)
A2(7.7189)
(13.3166)
(1.0151)
A3(0.7278)
(5.3965)
(-2.0782)
A4(14.2551)
(37.5938)
(-7.9104)
G1(-2.0375)
(-4.2090)
(-1.5335)
G2(-6.9808)
(1.5463)
(5.7809)
G3(-0.3469)
(-1.6570)
(1.0238)
G4(-8.7203)
(0.7865)
(6.2470)
A1(-3.0321)
(8.0137)
(0.4359)
A2(-6.7516)
(-6.4069)
(-4.1515)
A3(2.7246)
(4.5538)
(-9.9216)
A4(-24.0569)
(-7.2113)
(-17.4250)
G1(-0.5656)
(0.2065)
(-0.3097)
G2(-3.1150)
(-1.7980)
(0.7817)
G3(1.5399)
(-1.7938)
(1.2175)
G4(-2.5047)
(0.6758)
(-0.2810)
A1(-1.1592)
(14.2599)
(-0.4551)
A2(13.8576)
(-9.6869)
(18.5407)
A3(0.4310)
(14.3987)
(-7.9392)
A4(0.5555)
(-2.4852)
(-11.5448)
G1(0.3427)
(-0.7024)
(0.1676)
G2(-3.6168)
(-3.4034)
(3.5088)
G3(1.2217)
(-1.2265)
(0.5263)
G4(1.2393)
(1.6256)
(-3.4630)
A1(4.9146)
(13.9582)
(2.2657)
A2(9.2177)
(4.3814)
(3.9600)
A3(-3.0502)
(9.5433)
(-10.5297)
A4(1.1827)
(9.5050)
(-2.6049)
G1(1.8895)
(-0.3773)
(-0.3688)
G2(-1.1531)
(1.0238)
(-0.5342)
G3(0.1873)
(0.2070)
(0.7934)
G4(3.9046)
(-0.2496)
(-6.1033)
A1(7.9898)
(12.1092)
(1.9495)
A2(5.1427)
(2.8826)
(2.7485)
A3(-9.3182)
(35.1086)
(-12.7659)
A4(15.0739)
(16.4865)
(5.4396)
G1(-0.3342)
(-1.9321)
(-0.2075)
G2(3.0378)
(1.8858)
(-2.8596)
G3(-0.2634)
(-0.1852)
(-0.1846)
G4(4.2149)
(-5.4754)
(-3.4050)
A1(-1.0155)
(10.8207)
(-1.0778)
A2(10.6877)
(-0.9720)
(11.3006)
A3(-2.2841)
(26.5900)
(-10.1466)
A4(18.9621)
(24.9619)
(-4.6256)
G1(0.4353)
(-0.8620)
(-1.0334)
G2(4.9098)
(-0.0947)
(-3.9089)
G3(0.4906)
(-4.1851)
(1.5202)
G4(0.9940)
(-1.6937)
(-2.7452)
A1(3.6596)
(12.7655)
(2.3998)
A2(21.3802)
(-3.9121)
(15.0116)
A3(7.3167)
(5.8562)
(-3.6871)
A4(12.0380)
(16.1273)
(-1.2450)
G1(0.9759)
(1.4335)
(-0.1123)
G2(4.6863)
(-2.8761)
(-3.7365)
G3(-0.8014)
(0.3166)
(0.1751)
G4(0.3230)
(-2.5206)
(-1.3462)
A1(2.7686)
(13.5750)
(-3.5350)
A2(-0.3879)
(15.9454)
(13.5895)
A3(6.1483)
(7.0054)
(-7.3023)
A4(14.6429)
(14.9159)
(9.2129)
G1(0.3139)
(0.6204)
(-0.1059)
G2(2.7718)
(3.9116)
(-4.7688)
G3(0.0559)
(0.2927)
(-0.2219)
G4(0.2480)
(0.3539)
(0.1086)
A1(5.3361)
(8.9717)
(0.6898)
A2(2.9257)
(17.0563)
(5.5833)
A3(4.5681)
(5.7030)
(-7.9583)
A4(3.6248)
(10.1227)
(1.6424)
G1(0.6646)
(-0.3421)
(-1.0871)
G2(3.4029)
(0.9073)
(-1.9151)
G3(-0.2932)
(-0.1266)
(0.0644)
G4(0.2480)
(-0.2692)
(-0.1277)
A1(2.2944)
(8.1047)
(0.1245)
A2(12.1003)
(5.1954)
(7.6710)
A3(4.5442)
(6.7325)
(-6.3207)
A4(2.0303)
(7.8386)
(-0.6847)
G1(0.8769)
(0.2831)
(-0.4757)
G2(0.3821)
(1.3963)
(1.2185)
G3(-0.2990)
(0.1527)
(-0.5731)
G4(0.4225)
(-0.2192)
(-0.7045)
A1(-0.5604)
(10.3417)
(-1.2694)
A2(6.2920)
(8.3701)
(0.6752)
A3(3.0215)
(8.2408)
(-4.4388)
A4(10.2999)
(10.1610)
(-6.1435)
G1(1.1579)
(-0.7231)
(-1.0014)
G2(0.6545)
(2.6238)
(-0.1447)
G3(-0.1729)
(-0.8721)
(-0.2405)
G4(-0.0096)
(0.1352)
(-0.7066)
A1(-1.7771)
(8.8712)
(-1.7005)
A2(0.2586)
(7.9248)
(4.7980)
A3(0.5794)
(10.0556)
(-5.7174)
A4(4.1276)
(8.9735)
(-1.1061)
G1(-0.7886)
(-0.5667)
(-0.7263)
G2(0.7886)
(-0.2075)
(-0.6971)
G3(0.1564)
(-0.6572)
(-0.2794)
G4(0.1128)
(0.1948)
(-0.6215)
A1(-4.2392)
(8.0712)
(-0.3449)
A2(2.2841)
(10.2280)
(4.9225)
A3(0.4788)
(7.9440)
(-5.6934)
A4(2.1404)
(8.6574)
(-3.7781)
G1(0.4294)
(0.4406)
(-0.3044)
G2(0.5422)
(1.3909)
(-0.5571)
G3(0.2331)
(-0.8370)
(-0.2336)
G4(0.1213)
(-0.9716)
(-0.3778)
A1(-1.4993)
(9.4651)
(-2.9123)
A2(1.6137)
(8.1642)
(1.6233)
A3(0.7901)
(5.7461)
(-6.9911)
A4(0.9960)
(9.1506)
(-3.6631)
G1(0.1165)
(0.0835)
(-0.4188)
G2(0.4736)
(-1.4181)
(-0.5656)
G3(0.2677)
(-0.2735)
(-0.4528)
G4(-0.0021)
(-0.0452)
(-0.4236)
