A1(0.4598)
(9.1298)
(3.4536)
A2(1.5562)
(9.5193)
(-0.3496)
A3(-1.2306)
(9.2320)
(-2.9305)
A4(0.1101)
(8.4228)
(-5.7844)
G1(-0.2719)
(-0.1580)
(0.1889)
G2(-0.1213)
(0.2453)
(0.0926)
G3(-0.0170)
(0.1256)
(0.0122)
G4(-0.0436)
(-0.0713)
(0.0245)
A1(-0.6179)
(9.1202)
(3.5398)
A2(1.4078)
(9.4140)
(-0.5028)
A3(-0.7135)
(9.3996)
(-2.3990)
A4(0.3400)
(8.5090)
(-5.3726)
G1(-0.2549)
(-0.3225)
(0.0234)
G2(-0.0117)
(-0.2272)
(-0.0160)
G3(-0.0170)
(-0.0601)
(0.0819)
G4(-0.0463)
(-0.1027)
(0.0053)
A1(-0.2012)
(9.0340)
(3.6931)
A2(1.5227)
(9.5050)
(-0.5459)
A3(-1.0343)
(9.4523)
(-2.5714)
A4(-0.1628)
(8.3845)
(-5.7030)
G1(-0.3113)
(-0.2884)
(-0.1485)
G2(0.0463)
(-0.2512)
(-0.0170)
G3(0.0197)
(-0.5933)
(0.1586)
G4(-0.0537)
(-0.1320)
(0.0069)
A1(-0.4886)
(8.7610)
(4.9242)
A2(1.3216)
(9.5050)
(-0.8188)
A3(-1.1301)
(9.8545)
(-2.3990)
A4(-0.1293)
(8.4898)
(-5.5929)
G1(-0.5736)
(-0.3560)
(-0.2677)
G2(-0.0394)
(-0.3171)
(-0.0702)
G3(0.0011)
(-0.5518)
(0.1607)
G4(-0.1336)
(-0.2703)
(0.0372)
A1(-0.5030)
(8.1670)
(5.1637)
A2(1.1732)
(9.5433)
(-0.7949)
A3(-1.3599)
(10.1610)
(-2.0016)
A4(-0.1389)
(8.7245)
(-5.0326)
G1(-0.9855)
(-0.4794)
(-0.2543)
G2(-0.0059)
(-0.5720)
(-0.0995)
G3(-0.0580)
(-0.7817)
(0.1650)
G4(-0.1522)
(-0.3411)
(0.0208)
A1(-0.0431)
(7.2186)
(6.0354)
A2(0.9146)
(9.4906)
(-0.6800)
A3(-0.9385)
(10.5872)
(-1.8387)
A4(-0.2011)
(8.8633)
(-4.6639)
G1(-1.0600)
(-0.6226)
(-0.1921)
G2(0.0495)
(-0.6827)
(-0.1011)
G3(-0.0351)
(-0.3581)
(0.1458)
G4(-0.0516)
(-0.0990)
(0.0032)
A1(1.2023)
(5.8822)
(6.2893)
A2(0.4166)
(9.4619)
(-0.8954)
A3(-2.3463)
(7.2640)
(-0.7997)
A4(-0.7709)
(8.8155)
(-5.6838)
G1(0.1841)
(-0.7519)
(-0.1378)
G2(0.0984)
(-0.7290)
(-0.0968)
G3(0.0378)
(-1.1797)
(1.3989)
G4(0.0772)
(-0.2176)
(0.0521)
A1(-0.9436)
(7.1611)
(6.9216)
A2(-0.6847)
(9.9407)
(1.1636)
A3(0.2490)
(7.0102)
(-1.0870)
A4(-0.4405)
(10.0365)
(-2.7964)
G1(1.0254)
(-0.6662)
(0.2639)
G2(0.2219)
(-0.7109)
(0.0639)
G3(-0.6279)
(-2.6143)
(2.7532)
G4(0.6534)
(-0.2006)
(0.2054)
A1(1.4418)
(7.8892)
(11.9895)
A2(-0.2346)
(8.8681)
(-0.0431)
A3(1.8866)
(15.1936)
(-1.8483)
A4(9.6582)
(19.2829)
(-4.3144)
G1(-0.0149)
(-1.1275)
(-0.0612)
G2(0.5475)
(-0.7050)
(0.1399)
G3(-0.0761)
(1.4069)
(-0.9333)
G4(2.3317)
(-1.3494)
(0.5220)
A1(5.6427)
(5.4367)
(-0.7808)
A2(-1.4413)
(9.0692)
(1.1444)
A3(0.1867)
(-0.7374)
(-14.7770)
A4(0.6033)
(23.1854)
(-11.8178)
G1(0.9174)
(-2.9415)
(-0.4778)
G2(-0.0537)
(-0.8391)
(0.2426)
G3(0.8540)
(0.1447)
(-0.2389)
G4(2.6260)
(-0.2895)
(1.5889)
A1(-3.7889)
(8.9670)
(2.8070)
A2(4.5059)
(10.1706)
(5.9951)
A3(3.4477)
(13.3596)
(-0.6943)
A4(-14.3077)
(16.3907)
(-21.3228)
G1(-0.1256)
(-0.8876)
(-0.6173)
G2(-2.3727)
(-2.8351)
(1.7219)
G3(-0.2538)
(-0.9147)
(0.5369)
G4(-3.6726)
(1.3223)
(0.7407)
A1(5.5900)
(6.5480)
(2.2417)
A2(1.7095)
(28.1127)
(5.4923)
A3(-2.0877)
(14.1066)
(0.6656)
A4(8.8633)
(7.0677)
(-13.2591)
G1(-2.1758)
(-3.6801)
(0.3065)
G2(-8.3935)
(-3.3842)
(1.4309)
G3(0.2847)
(-0.7066)
(0.2639)
G4(-11.0871)
(-1.4388)
(1.8390)
A1(15.2084)
(5.0391)
(8.8999)
A2(1.4222)
(17.0276)
(14.4227)
A3(1.1205)
(-3.2753)
(-9.6295)
A4(-1.4988)
(23.9229)
(1.4892)
G1(-0.9301)
(-3.8376)
(-1.6756)
G2(-7.3224)
(1.8459)
(4.3793)
G3(-0.5135)
(-2.0662)
(1.0504)
G4(-11.2100)
(2.1763)
(5.1817)
A1(-5.8055)
(5.9109)
(-0.2395)
A2(3.0789)
(-3.0119)
(9.7157)
A3(6.4165)
(6.9863)
(-3.3806)
A4(-21.4377)
(-0.7470)
(-14.6908)
G1(-0.3959)
(0.7886)
(-0.3331)
G2(-4.5081)
(-0.0724)
(2.0784)
G3(0.7434)
(-2.9612)
(1.4122)
G4(-3.5944)
(-0.1123)
(1.0110)
A1(-3.4057)
(15.2036)
(1.0394)
A2(-7.6614)
(4.5155)
(10.5489)
A3(3.5961)
(0.9194)
(-8.2504)
A4(-8.2552)
(-7.8673)
(-10.8553)
G1(1.2420)
(0.4385)
(-0.1485)
G2(-6.4136)
(3.7929)
(0.9418)
G3(1.8353)
(1.1073)
(-0.9269)
G4(0.9275)
(-1.6522)
(-2.9080)
A1(8.6460)
(8.0856)
(4.4212)
A2(6.6463)
(5.3486)
(6.3734)
A3(5.9807)
(-6.6846)
(-11.3198)
A4(3.7062)
(7.6375)
(-2.2553)
G1(0.4587)
(0.8030)
(-0.6290)
G2(-2.7234)
(2.0673)
(-0.6737)
G3(1.7538)
(-0.9903)
(1.1334)
G4(3.2118)
(-1.8693)
(-5.0822)
A1(7.0030)
(8.2053)
(3.6308)
A2(2.4565)
(-1.8483)
(4.8554)
A3(-2.2458)
(2.3846)
(-7.6567)
A4(10.6781)
(16.8073)
(0.9816)
G1(0.2033)
(-0.0564)
(-0.8280)
G2(1.3207)
(1.0988)
(-2.5573)
G3(-0.5284)
(0.1016)
(0.0793)
G4(3.6019)
(-4.0856)
(-4.1904)
A1(4.2919)
(9.6471)
(4.1434)
A2(5.0949)
(-1.3264)
(6.7421)
A3(2.3032)
(8.3222)
(-4.9656)
A4(11.8848)
(16.5008)
(-4.7501)
G1(-0.0266)
(-0.5444)
(-0.6886)
G2(4.0217)
(0.0250)
(-3.4843)
G3(-0.7593)
(0.4268)
(0.1357)
G4(2.3908)
(-2.8053)
(-3.1804)
A1(2.1316)
(11.7691)
(2.8932)
A2(11.3294)
(-2.2314)
(8.6000)
A3(3.0598)
(6.8618)
(-7.0868)
A4(9.5864)
(13.6613)
(-2.2936)
G1(0.9472)
(0.2501)
(-1.0280)
G2(2.6483)
(-2.7494)
(-4.6491)
G3(-0.2565)
(-0.5688)
(0.2155)
G4(-0.1027)
(-1.2457)
(-1.3691)
A1(2.6058)
(9.5753)
(2.5675)
A2(12.0572)
(9.5960)
(9.0788)
A3(5.9855)
(9.0549)
(-5.9999)
A4(8.4851)
(10.3621)
(1.0774)
G1(2.0582)
(1.0318)
(-0.7215)
G2(2.5621)
(0.9514)
(-3.2847)
G3(-0.2214)
(-0.3762)
(-0.1783)
G4(-0.1187)
(-0.8232)
(-0.1405)
