A1(-2.9746)
(10.1022)
(10.8255)
A2(2.6240)
(4.2329)
(7.3885)
A3(-1.1013)
(9.2273)
(-5.8275)
A4(12.2535)
(7.4891)
(-7.3358)
G1(-1.1137)
(4.3968)
(-0.3959)
G2(-0.2650)
(2.4461)
(0.2309)
G3(-0.1575)
(1.6144)
(-1.4596)
G4(1.2909)
(-1.7384)
(0.8205)
A1(8.4257)
(25.6075)
(1.2406)
A2(7.5369)
(8.5521)
(4.0031)
A3(-5.2481)
(42.4923)
(15.9693)
A4(16.7067)
(14.3796)
(-14.4993)
G1(-8.9257)
(6.4274)
(-2.8484)
G2(1.0924)
(2.0188)
(-0.5146)
G3(4.4314)
(7.5592)
(-5.4621)
G4(-0.7019)
(3.6301)
(-1.7943)
A1(-11.1512)
(24.7406)
(15.6970)
A2(2.5426)
(10.2711)
(7.4603)
A3(2.7150)
(33.2267)
(-5.0949)
A4(-4.1420)
(16.7642)
(-0.9912)
G1(-10.0309)
(-1.7709)
(-6.7600)
G2(1.7608)
(0.3448)
(-0.1655)
G3(4.4458)
(7.9859)
(-4.9508)
G4(0.2352)
(1.3367)
(-0.5082)
A1(10.3656)
(-1.1975)
(3.3387)
A2(8.2839)
(16.8504)
(4.7836)
A3(-18.2869)
(9.2033)
(-28.9124)
A4(-2.9544)
(-6.3303)
(-3.6440)
G1(-4.7401)
(-0.9466)
(-3.0038)
G2(1.7709)
(7.8556)
(0.8663)
G3(-12.5169)
(-5.6202)
(4.3490)
G4(0.2091)
(0.1916)
(0.1032)
A1(-11.9655)
(-3.6308)
(2.6585)
A2(-0.2346)
(4.7453)
(8.6718)
A3(-1.1444)
(40.7158)
(-10.4435)
A4(0.1820)
(10.8793)
(-5.2289)
G1(-13.6753)
(1.6932)
(-1.7570)
G2(-1.4995)
(1.7544)
(0.0239)
G3(-14.9045)
(1.3377)
(-0.2996)
G4(1.5527)
(2.4727)
(-1.2302)
A1(4.9385)
(12.5882)
(-8.4161)
A2(-1.2258)
(0.6464)
(-0.7709)
A3(26.3314)
(56.9245)
(8.7005)
A4(-4.3048)
(10.8793)
(-11.3054)
G1(-2.3307)
(-0.6375)
(1.7166)
G2(0.4198)
(5.1849)
(-0.7444)
G3(-11.3787)
(3.5641)
(-1.5123)
G4(1.9449)
(2.0279)
(-0.9631)
A1(-9.8914)
(-3.3147)
(4.8906)
A2(-23.8032)
(5.6024)
(9.0261)
A3(29.0896)
(-26.7576)
(-33.6146)
A4(14.4993)
(17.2766)
(3.5865)
G1(1.9619)
(-2.1763)
(3.0533)
G2(1.3723)
(5.1626)
(1.7006)
G3(-2.8601)
(3.5332)
(0.3044)
G4(-1.3175)
(1.9380)
(-0.4566)
A1(2.5723)
(-4.5026)
(2.5483)
A2(17.4968)
(15.5240)
(-6.3973)
A3(-18.1193)
(-1.7861)
(-17.1760)
A4(-9.5624)
(-19.4313)
(-17.3149)
G1(4.6278)
(2.7281)
(2.4206)
G2(-0.5518)
(1.1855)
(-0.1793)
G3(1.5931)
(-3.8472)
(3.9334)
G4(1.2574)
(-2.1034)
(-2.1567)
A1(-7.7503)
(1.4801)
(8.5837)
A2(2.2362)
(11.5640)
(9.3709)
A3(-0.1149)
(7.9009)
(-0.8571)
A4(1.0391)
(2.3655)
(-7.8961)
G1(4.4852)
(0.2400)
(4.9902)
G2(0.2996)
(0.1979)
(-0.2448)
G3(8.5399)
(1.7405)
(3.5045)
G4(-0.2347)
(0.6045)
(-0.4715)
A1(-7.2665)
(9.2591)
(6.5384)
A2(7.8482)
(13.1106)
(1.2498)
A3(-9.8019)
(12.5121)
(-0.9816)
A4(2.1308)
(7.3741)
(-5.5881)
G1(3.5439)
(-0.3523)
(4.5203)
G2(0.3092)
(0.6784)
(1.3303)
G3(8.2419)
(0.8631)
(1.7491)
G4(0.0474)
(1.9007)
(-0.7460)
A1(-9.3023)
(9.6998)
(4.3829)
A2(-5.4684)
(15.6054)
(13.3261)
A3(-3.6871)
(18.4401)
(-3.6775)
A4(0.7997)
(6.9240)
(-7.0725)
G1(3.2682)
(-0.3964)
(3.0799)
G2(1.4532)
(-2.5031)
(0.9690)
G3(5.0764)
(2.3796)
(-0.6146)
G4(-0.0192)
(1.3814)
(-0.3145)
A1(-7.8844)
(5.1014)
(2.7064)
A2(4.2665)
(5.0278)
(2.8587)
A3(-12.6893)
(22.0793)
(2.1596)
A4(0.2107)
(7.4747)
(-6.4931)
G1(2.6180)
(-0.1687)
(1.5458)
G2(0.2464)
(2.6483)
(1.3329)
G3(0.4762)
(3.1592)
(-0.3645)
G4(-0.1176)
(0.7529)
(0.1809)
A1(-15.9652)
(5.0727)
(6.2127)
A2(-2.3224)
(5.3822)
(1.0056)
A3(-7.4603)
(16.1369)
(7.3406)
A4(5.8131)
(10.0078)
(-7.6758)
G1(-3.4954)
(2.3828)
(-1.7767)
G2(0.8195)
(-0.2049)
(0.7801)
G3(0.2134)
(-0.1538)
(0.6721)
G4(-0.1713)
(0.5566)
(0.6423)
A1(9.5322)
(10.1501)
(7.0701)
A2(-2.3511)
(12.4163)
(3.2082)
A3(-17.5112)
(42.7796)
(26.3697)
A4(4.0989)
(7.6423)
(-5.2960)
G1(0.5603)
(-1.5884)
(2.7595)
G2(1.0068)
(0.2474)
(0.5986)
G3(0.7450)
(8.1041)
(0.0670)
G4(-0.1517)
(1.0499)
(0.4805)
A1(0.9484)
(7.1036)
(1.1065)
A2(2.1548)
(12.2152)
(-0.3639)
A3(1.2641)
(16.2949)
(9.8210)
A4(3.8020)
(5.0566)
(-5.0853)
G1(0.0601)
(3.2081)
(-1.4175)
G2(1.1371)
(0.2554)
(0.8056)
G3(0.8375)
(-1.6942)
(1.3489)
G4(0.1442)
(1.0621)
(-0.1304)
A1(-1.9639)
(11.0363)
(0.2682)
A2(4.8507)
(7.1539)
(0.1772)
A3(-3.8211)
(6.6942)
(-3.7110)
A4(4.7549)
(6.4835)
(-5.9855)
G1(1.2276)
(-1.4165)
(1.1158)
G2(0.5944)
(-0.1399)
(0.9727)
G3(-0.1532)
(2.2971)
(0.7114)
G4(0.2102)
(1.3143)
(-0.6598)
A1(0.5748)
(8.7514)
(0.0383)
A2(9.2129)
(5.9951)
(0.1628)
A3(-4.6831)
(8.2073)
(-4.5059)
A4(9.3039)
(6.6128)
(-1.8579)
G1(-0.8918)
(0.1942)
(0.7524)
G2(-0.1942)
(0.9190)
(0.2240)
G3(0.0032)
(0.2602)
(0.2166)
G4(0.0106)
(3.7572)
(-2.6270)
A1(-0.2395)
(9.1346)
(2.3950)
A2(2.5666)
(8.8202)
(2.5762)
A3(-0.2346)
(8.5521)
(-2.8347)
A4(7.8530)
(4.3479)
(-5.9664)
G1(-0.0011)
(0.4699)
(-0.1772)
G2(-0.4017)
(1.0669)
(-0.0287)
G3(-0.0005)
(0.5348)
(-0.2128)
G4(0.0016)
(1.3058)
(-0.6651)
A1(1.1736)
(9.5561)
(1.1592)
A2(1.3168)
(6.7804)
(2.1548)
A3(-1.6137)
(8.5617)
(-3.8211)
A4(3.7876)
(7.8434)
(-2.5666)
G1(-0.4752)
(0.4890)
(0.1634)
G2(-0.1101)
(2.1705)
(-0.7987)
G3(0.0325)
(0.5071)
(-0.1160)
G4(-1.8432)
(1.0658)
(-0.8652)
A1(-0.7472)
(10.2603)
(2.1028)
A2(4.6591)
(7.4220)
(0.9050)
A3(0.6512)
(8.4994)
(-4.5059)
A4(7.1826)
(12.6318)
(-0.6129)
G1(0.3379)
(-0.1963)
(-0.1884)
G2(0.5880)
(-0.0314)
(-0.1117)
G3(0.1064)
(-0.0420)
(-0.1522)
G4(-0.1139)
(-0.2559)
(-0.1027)
