A1(2.6537)
(6.6534)
(4.9146)
A2(0.5219)
(9.5337)
(0.0000)
A3(-2.7294)
(10.4962)
(-1.6472)
A4(1.6520)
(9.0166)
(-4.0414)
G1(-0.9120)
(-1.2973)
(-0.6141)
G2(-0.0506)
(0.2591)
(0.0819)
G3(0.6646)
(-0.8583)
(0.9344)
G4(0.0415)
(-0.3927)
(0.1958)
A1(-1.3508)
(6.6390)
(7.0366)
A2(1.5371)
(9.9120)
(0.4118)
A3(-1.8627)
(7.2880)
(-3.6248)
A4(0.2873)
(9.6199)
(-2.3367)
G1(0.3794)
(-0.6428)
(-0.0399)
G2(0.3613)
(-1.2223)
(0.2166)
G3(0.1841)
(-1.9906)
(1.8533)
G4(0.7082)
(-0.5337)
(0.3347)
A1(0.5077)
(6.2797)
(7.3192)
A2(0.1532)
(9.2751)
(1.3886)
A3(7.1635)
(7.7045)
(0.0479)
A4(0.7039)
(10.7500)
(-1.9632)
G1(-0.1559)
(-1.0589)
(0.3342)
G2(0.6290)
(-1.1291)
(0.2480)
G3(0.6502)
(-1.2036)
(1.4750)
G4(1.1531)
(-0.3778)
(0.3134)
A1(16.9711)
(15.9508)
(-4.8379)
A2(-1.3072)
(8.8155)
(0.3735)
A3(-6.8139)
(18.5790)
(3.6679)
A4(0.2873)
(27.3609)
(9.0022)
G1(2.2077)
(-2.9905)
(0.8258)
G2(0.3235)
(-1.3601)
(0.2607)
G3(1.4032)
(3.1762)
(0.1442)
G4(3.4114)
(-1.3649)
(1.4165)
A1(-2.6202)
(11.8601)
(5.1685)
A2(-1.8052)
(8.9735)
(1.1971)
A3(13.1921)
(1.7047)
(1.9010)
A4(11.2432)
(16.7403)
(-9.1411)
G1(0.8051)
(-7.4336)
(-0.6694)
G2(0.1469)
(-0.7700)
(0.3640)
G3(1.2239)
(2.6398)
(-0.9498)
G4(2.8974)
(-2.7798)
(2.9314)
A1(3.8560)
(7.4246)
(4.6799)
A2(6.5553)
(12.1961)
(6.2201)
A3(0.5459)
(15.4857)
(-9.0597)
A4(-7.5322)
(6.3255)
(-31.7998)
G1(-0.8620)
(-1.1004)
(-0.1916)
G2(-1.8230)
(-2.6994)
(0.6321)
G3(0.3895)
(-0.8274)
(0.4326)
G4(-4.1079)
(6.0384)
(-2.3860)
A1(8.9334)
(2.3088)
(1.7723)
A2(8.7436)
(1.2019)
(10.6638)
A3(1.0678)
(6.2297)
(-6.1675)
A4(2.5905)
(1.6520)
(-29.7312)
G1(-2.3998)
(-1.9470)
(0.3102)
G2(-7.9929)
(-6.2768)
(0.2852)
G3(-0.3406)
(-1.5953)
(0.5960)
G4(-11.4005)
(3.1038)
(0.7928)
A1(-2.2801)
(5.7672)
(6.1696)
A2(10.6159)
(14.5424)
(18.2438)
A3(2.7533)
(0.8236)
(-5.6982)
A4(16.3668)
(1.3647)
(-14.4418)
G1(0.3719)
(0.1868)
(-0.6002)
G2(-8.8315)
(0.8498)
(5.4579)
G3(-1.1281)
(-2.3956)
(1.0818)
G4(-13.9807)
(1.0578)
(6.5476)
A1(18.6907)
(7.7359)
(3.4824)
A2(13.3118)
(19.7953)
(9.3948)
A3(2.3703)
(-1.2929)
(-5.4492)
A4(-40.8499)
(23.4632)
(18.2103)
G1(0.7003)
(-1.7459)
(-1.2563)
G2(-8.9608)
(-1.2084)
(4.1398)
G3(0.0245)
(-2.3620)
(0.3453)
G4(-14.0009)
(6.1299)
(9.3593)
A1(-5.0104)
(9.7525)
(2.1699)
A2(-17.9278)
(4.3383)
(0.1628)
A3(-0.1532)
(11.9566)
(-4.7453)
A4(-25.6467)
(-11.3485)
(-17.1568)
G1(-0.2980)
(1.6889)
(0.1894)
G2(-2.9990)
(-3.2491)
(3.0479)
G3(1.5293)
(-2.5520)
(1.5554)
G4(-1.4191)
(0.5880)
(-1.9183)
A1(3.0273)
(9.7573)
(1.2885)
A2(11.7364)
(-13.3692)
(14.0061)
A3(5.0566)
(6.2201)
(-8.2313)
A4(3.3854)
(-1.6999)
(-12.1194)
G1(0.0617)
(0.7897)
(0.0303)
G2(-4.3804)
(-0.3666)
(2.4999)
G3(0.4550)
(-0.7524)
(0.3331)
G4(1.5852)
(2.1141)
(-5.0684)
A1(3.6261)
(6.1169)
(2.5723)
A2(7.0533)
(7.7907)
(4.1946)
A3(2.7294)
(5.8227)
(-7.8434)
A4(1.0008)
(5.6695)
(-2.8204)
G1(-0.3342)
(-0.1676)
(-0.8822)
G2(-0.7966)
(2.6723)
(-1.8400)
G3(-0.5055)
(0.3113)
(0.7050)
G4(3.9440)
(-0.9716)
(-4.4740)
A1(7.8509)
(9.2927)
(6.3181)
A2(-4.2521)
(-10.0604)
(4.1228)
A3(-0.4166)
(7.0246)
(-9.2225)
A4(10.5824)
(10.3286)
(-1.3743)
G1(-0.0372)
(-0.7897)
(-0.8333)
G2(0.9115)
(0.8578)
(-1.5644)
G3(-0.2969)
(-0.9631)
(0.4991)
G4(4.9252)
(-2.4115)
(-2.1950)
A1(0.6419)
(9.8196)
(4.8667)
A2(5.5545)
(-3.2034)
(7.2544)
A3(1.9728)
(15.5575)
(-2.6719)
A4(7.3406)
(18.4354)
(-2.2266)
G1(0.7061)
(0.1724)
(-0.9488)
G2(4.9726)
(0.9142)
(-2.0055)
G3(-0.4363)
(-1.3468)
(1.1382)
G4(2.2737)
(-2.4041)
(-2.8702)
A1(3.5398)
(6.3420)
(0.8526)
A2(9.5529)
(-4.7357)
(11.8034)
A3(3.3950)
(1.5993)
(-3.8068)
A4(14.4466)
(13.5464)
(0.8954)
G1(0.1463)
(-0.4810)
(-0.7263)
G2(4.9875)
(-1.1988)
(-2.9192)
G3(0.3735)
(0.1697)
(-0.0628)
G4(1.4995)
(-0.4491)
(-2.2641)
A1(3.3913)
(7.5204)
(-0.6610)
A2(5.0230)
(1.6759)
(9.5481)
A3(2.9975)
(4.5873)
(-4.8650)
A4(9.1889)
(6.8666)
(0.6512)
G1(0.8269)
(-0.2953)
(-0.7189)
G2(3.9004)
(-1.3361)
(-3.9206)
G3(-0.1288)
(0.0186)
(0.2315)
G4(-0.4055)
(0.1352)
(-0.9892)
A1(4.9337)
(11.8458)
(-0.1820)
A2(5.6647)
(8.3606)
(9.6103)
A3(5.1571)
(9.4475)
(-6.8426)
A4(15.7538)
(13.3070)
(3.2370)
G1(1.1244)
(-0.3948)
(-0.5279)
G2(3.2230)
(0.6215)
(-3.1427)
G3(0.4427)
(-0.4140)
(0.1442)
G4(0.5683)
(-1.9529)
(-0.3826)
A1(1.7148)
(11.2039)
(1.4466)
A2(9.6247)
(8.9878)
(7.6279)
A3(3.7397)
(5.5402)
(-8.7484)
A4(15.5288)
(13.2160)
(1.1396)
G1(1.3159)
(0.2405)
(-1.0722)
G2(2.5451)
(0.5651)
(-1.7975)
G3(0.1958)
(-0.0500)
(-0.2559)
G4(0.2953)
(0.5454)
(-0.4448)
A1(0.2970)
(8.5646)
(1.4226)
A2(5.0996)
(5.1811)
(5.2720)
A3(1.2115)
(9.4619)
(-5.6838)
A4(9.1985)
(8.5138)
(-1.9968)
G1(1.7890)
(1.0195)
(-0.9631)
G2(3.0022)
(-0.5922)
(-1.2143)
G3(0.1783)
(0.9892)
(-0.6651)
G4(0.7934)
(-0.8072)
(-0.0293)
A1(-0.6802)
(9.9872)
(-1.3460)
A2(5.4492)
(7.3933)
(3.0454)
A3(3.0598)
(7.6519)
(-5.9759)
A4(-2.7390)
(10.7212)
(-1.4844)
G1(1.4798)
(-0.1431)
(-0.6183)
G2(1.8443)
(1.1132)
(-0.4507)
G3(0.1112)
(-1.1180)
(0.1282)
G4(0.1575)
(-0.0064)
(-0.9264)
