A1(1.0107)
(9.1298)
(3.5111)
A2(7.5322)
(5.9903)
(7.4603)
A3(-0.0383)
(10.1849)
(-8.6526)
A4(4.3958)
(-3.1316)
(-1.5514)
G1(1.3053)
(3.3129)
(-0.5385)
G2(-1.3814)
(3.0607)
(1.5995)
G3(-0.2182)
(1.2441)
(-1.2244)
G4(-0.1612)
(0.7604)
(-1.3803)
A1(-5.1301)
(3.6356)
(10.4423)
A2(-2.6384)
(5.3774)
(5.7557)
A3(0.2107)
(11.2336)
(-3.4907)
A4(2.3463)
(16.3332)
(-4.4245)
G1(-3.2821)
(3.1373)
(-0.5209)
G2(0.0718)
(2.7223)
(1.5000)
G3(0.0330)
(1.2771)
(-1.5357)
G4(0.3704)
(-3.4699)
(1.4330)
A1(-5.4032)
(27.4709)
(11.3380)
A2(8.5473)
(11.0085)
(13.0340)
A3(-4.2856)
(33.4374)
(7.5800)
A4(0.7135)
(9.3374)
(-12.7228)
G1(-9.3173)
(5.2578)
(-4.2979)
G2(3.2533)
(0.2810)
(-0.1889)
G3(3.0245)
(1.9954)
(-1.8661)
G4(-0.9312)
(1.1116)
(-0.5954)
A1(4.7182)
(36.9695)
(16.6071)
A2(-1.3168)
(17.4681)
(4.3335)
A3(-0.1772)
(26.4176)
(-19.5271)
A4(-7.4939)
(20.4369)
(-1.9968)
G1(-9.5626)
(0.2953)
(-4.5581)
G2(0.7833)
(-1.2952)
(-0.0197)
G3(1.2797)
(2.9016)
(-2.6031)
G4(-1.1855)
(1.3707)
(-0.0937)
A1(0.0287)
(14.8156)
(-6.1696)
A2(-11.4108)
(12.0764)
(2.3176)
A3(35.3384)
(11.8609)
(-27.4136)
A4(4.2713)
(15.9262)
(1.6520)
G1(-5.6899)
(1.0648)
(-3.0293)
G2(2.2210)
(8.3148)
(0.0192)
G3(-7.6097)
(1.1345)
(0.2682)
G4(-1.2638)
(2.6387)
(-1.5266)
A1(4.6463)
(1.1161)
(-2.6345)
A2(14.5759)
(14.8584)
(2.5714)
A3(-16.2423)
(10.4818)
(-31.4694)
A4(0.2634)
(-14.4849)
(-2.5953)
G1(-5.4009)
(0.1431)
(-3.5987)
G2(2.5685)
(3.3252)
(2.3583)
G3(-11.0722)
(-1.9486)
(0.3565)
G4(-0.1793)
(2.7968)
(0.4044)
A1(-6.6390)
(10.8686)
(7.6641)
A2(-0.7422)
(0.3687)
(12.1242)
A3(-0.7135)
(30.2196)
(-5.0135)
A4(-2.8012)
(13.6709)
(1.4365)
G1(-8.0450)
(-1.0562)
(-0.9929)
G2(-1.2632)
(4.1643)
(-0.2937)
G3(-14.1249)
(4.8906)
(-0.2767)
G4(1.8762)
(0.9567)
(-0.4741)
A1(-8.2676)
(6.5145)
(0.7664)
A2(-1.6328)
(-1.8387)
(-1.6233)
A3(17.3723)
(39.4325)
(-17.0180)
A4(0.8140)
(14.6286)
(-6.0094)
G1(-3.2725)
(0.0154)
(1.1126)
G2(2.1045)
(6.4279)
(0.0122)
G3(-9.7025)
(0.0990)
(0.2591)
G4(1.9848)
(1.4468)
(0.8067)
A1(7.8126)
(-9.3502)
(0.5030)
A2(-3.4141)
(1.0295)
(4.8315)
A3(3.0550)
(9.9264)
(-23.6260)
A4(2.6576)
(0.7997)
(-13.1633)
G1(-0.4119)
(-1.8230)
(1.9342)
G2(0.7615)
(-2.4334)
(1.5713)
G3(-5.6899)
(0.8024)
(1.0903)
G4(0.7444)
(-0.9110)
(1.7538)
A1(-2.8884)
(-0.8191)
(2.4621)
A2(-22.1224)
(12.5887)
(10.5489)
A3(6.2489)
(-6.3255)
(-20.2645)
A4(-0.8906)
(6.9240)
(-12.0428)
G1(3.2023)
(-1.3287)
(2.3115)
G2(1.3367)
(6.5386)
(0.7301)
G3(-1.8161)
(0.7907)
(2.6536)
G4(0.9663)
(-0.4257)
(0.1086)
A1(0.2299)
(1.7196)
(5.6810)
A2(-2.4708)
(9.9168)
(0.7757)
A3(-1.1540)
(5.0518)
(-5.8993)
A4(-1.2929)
(4.4676)
(-3.2848)
G1(5.1503)
(0.5545)
(3.5066)
G2(1.0350)
(-1.3585)
(0.5933)
G3(5.8064)
(-0.2405)
(2.5451)
G4(-0.0043)
(-0.1362)
(-0.4544)
A1(-8.7227)
(1.7723)
(10.4471)
A2(8.3366)
(13.6278)
(1.6616)
A3(-0.7661)
(7.6231)
(-3.6057)
A4(0.5555)
(14.0300)
(-5.2912)
G1(5.5584)
(1.4277)
(4.7135)
G2(-0.8226)
(1.0488)
(-0.6939)
G3(7.8981)
(0.2549)
(2.7750)
G4(0.0915)
(1.5208)
(-0.3485)
A1(-13.2924)
(5.2259)
(11.0794)
A2(0.8859)
(9.3422)
(2.0446)
A3(1.8196)
(7.3789)
(-0.6416)
A4(-0.8523)
(5.9999)
(-2.6624)
G1(3.7791)
(2.5722)
(4.8561)
G2(0.5986)
(0.4794)
(1.5538)
G3(7.1915)
(1.7799)
(2.0348)
G4(0.3789)
(-0.3943)
(-0.0202)
A1(0.0192)
(7.1372)
(6.4187)
A2(-0.4836)
(9.0214)
(4.2282)
A3(-1.5802)
(25.3737)
(-1.9872)
A4(2.1644)
(3.8164)
(-6.8857)
G1(2.5094)
(1.0738)
(5.1918)
G2(0.3890)
(-0.3618)
(0.9450)
G3(5.5318)
(2.6659)
(1.3000)
G4(1.1621)
(0.6657)
(-0.0857)
A1(-2.8070)
(3.5877)
(11.3476)
A2(-3.2944)
(1.2881)
(1.1875)
A3(-10.4339)
(11.8944)
(-3.3519)
A4(0.9194)
(7.6136)
(-7.5034)
G1(1.1015)
(0.2144)
(2.6920)
G2(0.8418)
(1.4857)
(0.4523)
G3(0.3225)
(3.6716)
(0.3310)
G4(0.7375)
(0.9993)
(-0.2118)
A1(-6.1408)
(28.5870)
(-3.0225)
A2(4.5586)
(10.6973)
(2.1261)
A3(-8.4036)
(29.9467)
(16.9940)
A4(1.9537)
(12.3780)
(-10.1035)
G1(1.1728)
(-2.5355)
(-0.0825)
G2(0.6529)
(0.3475)
(0.6231)
G3(1.3989)
(5.1743)
(1.5868)
G4(0.6737)
(0.9855)
(0.1043)
A1(-5.4127)
(12.2912)
(-1.0921)
A2(2.9688)
(10.0556)
(0.7997)
A3(-1.7430)
(31.6370)
(14.3700)
A4(2.3367)
(9.4188)
(-7.1347)
G1(1.0813)
(0.8583)
(1.1536)
G2(1.3415)
(0.0208)
(0.9317)
G3(4.6230)
(3.4422)
(1.9183)
G4(0.7205)
(-0.4864)
(0.0394)
A1(0.1054)
(11.5823)
(-0.8478)
A2(-1.4317)
(10.5776)
(2.5283)
A3(-11.3916)
(12.8808)
(-8.2744)
A4(5.8514)
(12.8281)
(-4.7070)
G1(0.6928)
(0.3177)
(1.4101)
G2(1.7246)
(-0.0250)
(0.8402)
G3(4.1132)
(6.4077)
(-1.6522)
G4(1.1770)
(2.7994)
(-1.0366)
A1(0.0479)
(9.5418)
(1.6095)
A2(1.2977)
(8.5042)
(-2.9497)
A3(-0.6704)
(4.9704)
(-6.3782)
A4(-19.6708)
(4.1851)
(-7.2784)
G1(0.9488)
(0.9743)
(0.0458)
G2(1.0360)
(0.1176)
(0.1410)
G3(0.7854)
(-0.2011)
(0.3145)
G4(0.2432)
(4.1861)
(-4.3192)
A1(1.0346)
(8.2916)
(3.0944)
A2(6.2345)
(8.1690)
(-0.4405)
A3(1.9824)
(9.2320)
(-5.3630)
A4(25.6275)
(1.7478)
(-5.3151)
G1(1.2004)
(0.7184)
(0.0176)
G2(-1.0046)
(3.3113)
(0.3624)
G3(0.3852)
(0.1383)
(0.2453)
G4(-2.6153)
(9.8877)
(-4.5341)
